603317 天味食品 日线 前复权
      日期	    开盘	    最高	    最低	    收盘	    成交量	    成交额
2019/04/16	15.95	19.18	15.95	19.18	32664	618170.00
2019/04/17	21.12	21.12	21.12	21.12	16186	345086.00
2019/04/18	23.25	23.25	23.25	23.25	33884	794580.00
2019/04/19	25.60	25.60	25.60	25.60	78216	2017973.00
2019/04/22	28.18	28.18	28.18	28.18	157446	4468317.00
2019/04/23	31.02	31.02	31.02	31.02	771488	24085856.00
2019/04/24	32.81	34.14	31.91	34.14	28249273	945512128.00
2019/04/25	32.80	37.27	32.60	35.61	24137494	840269888.00
2019/04/26	36.00	39.19	36.00	39.19	17541369	662298368.00
2019/04/29	40.24	41.57	35.25	35.25	18382552	687038208.00
2019/04/30	35.30	38.42	35.30	36.61	15490961	570865856.00
2019/05/06	34.33	38.76	34.31	38.05	20175694	749237376.00
2019/05/07	37.80	40.04	35.90	38.86	18681214	715970560.00
2019/05/08	37.10	38.80	36.30	36.76	14744575	552892736.00
2019/05/09	35.71	37.30	33.06	33.12	14329767	502076480.00
2019/05/10	33.03	34.64	32.98	34.32	12106642	410906080.00
2019/05/13	33.31	34.38	33.00	33.68	7282899	246985536.00
2019/05/14	33.16	34.74	33.16	33.47	8162664	279441888.00
2019/05/15	33.77	35.60	33.10	35.19	10560185	365733728.00
2019/05/16	34.67	38.73	34.66	38.73	12891853	482519968.00
2019/05/17	37.80	38.27	36.15	36.52	10706468	400182432.00
2019/05/20	36.01	36.35	32.86	34.29	7377771	255490928.00
2019/05/21	34.29	35.24	34.21	34.30	4788327	167162608.00
2019/05/22	33.73	33.98	32.41	32.95	6809631	226689968.00
2019/05/23	32.30	32.48	31.33	31.50	4959483	158857552.00
2019/05/24	31.20	32.75	31.20	32.40	3646326	117395352.00
2019/05/27	32.50	33.47	32.06	32.81	3526884	116041824.00
2019/05/28	32.80	34.05	32.59	33.02	3574063	120064816.00
2019/05/29	33.00	34.25	32.81	33.60	3655431	124150704.00
2019/05/30	33.30	36.98	32.80	36.40	9369340	336760320.00
2019/05/31	35.83	39.72	35.25	37.40	11765346	444295968.00
2019/06/03	36.97	37.67	34.87	35.23	7514702	271097216.00
2019/06/04	35.42	37.00	34.61	35.24	6317529	226986544.00
2019/06/05	35.20	36.29	34.29	35.83	5297450	188511968.00
2019/06/06	35.30	39.43	34.82	36.82	10108093	383072832.00
2019/06/10	37.48	40.52	36.86	40.52	8661135	339594144.00
2019/06/11	42.61	44.10	38.80	41.76	14600742	608950528.00
2019/06/12	40.07	41.07	38.83	38.97	11669653	467448160.00
2019/06/13	38.27	39.88	37.91	39.72	7081042	277558048.00
2019/06/14	39.35	39.67	36.51	36.54	6757848	257475760.00
2019/06/17	36.30	37.44	36.26	36.80	3404049	126096552.00
2019/06/18	37.00	38.26	36.03	38.10	4672267	174018176.00
2019/06/19	38.31	39.96	38.31	39.27	5944163	232687088.00
2019/06/20	38.53	39.63	38.00	39.37	4922710	191942320.00
2019/06/21	39.36	40.20	38.58	38.80	4650388	182698864.00
2019/06/24	38.10	38.71	37.76	38.22	3342941	127636400.00
2019/06/25	38.24	40.80	38.02	40.56	8411359	334796736.00
2019/06/26	39.79	42.50	39.75	40.14	8202773	336181632.00
2019/06/27	40.50	43.55	40.00	43.55	9368508	391481280.00
2019/06/28	43.14	44.45	40.89	41.95	9219642	392852032.00
2019/07/01	42.42	46.15	41.62	46.15	8955811	398369344.00
2019/07/02	46.95	49.10	45.05	46.38	13920674	654607808.00
2019/07/03	45.15	48.70	45.01	45.34	11183499	522367200.00
2019/07/04	45.01	45.85	42.81	44.41	9032478	396968096.00
2019/07/05	44.30	46.20	44.06	46.20	7615307	343064512.00
2019/07/08	45.88	47.30	43.06	44.03	7984842	361392416.00
2019/07/09	43.39	43.94	42.06	43.15	5451611	234325328.00
2019/07/10	43.00	43.86	42.68	42.96	3866440	166981872.00
2019/07/11	43.30	43.94	42.03	42.30	4355864	187241312.00
2019/07/12	42.12	44.40	42.01	43.84	5820749	252230544.00
2019/07/15	43.33	45.83	43.31	45.03	6308209	281274528.00
2019/07/16	45.00	45.12	43.85	44.70	4280259	189882896.00
2019/07/17	44.30	44.50	43.40	43.80	3726692	163855296.00
2019/07/18	43.40	44.49	41.70	41.80	4684580	202390816.00
2019/07/19	41.27	42.29	40.12	40.98	6081565	250255808.00
2019/07/22	40.90	40.98	38.23	38.86	4657237	182440224.00
2019/07/23	38.88	39.49	38.41	39.49	2395475	93648952.00
2019/07/24	39.45	40.15	39.16	39.21	3468349	137370288.00
2019/07/25	39.06	41.45	38.60	41.39	6293135	251627200.00
2019/07/26	40.81	41.00	40.24	40.25	3362591	136225264.00
2019/07/29	40.20	40.73	40.14	40.41	1859671	75160080.00
2019/07/30	40.43	40.49	39.81	39.81	2108006	84366816.00
2019/07/31	39.68	39.68	38.28	38.52	3084696	119945504.00
2019/08/01	38.11	39.18	37.93	38.90	2309405	89631800.00
2019/08/02	38.15	40.12	37.00	39.69	4025293	155486624.00
2019/08/05	41.52	43.25	41.10	41.88	7724969	324723296.00
2019/08/06	41.18	44.10	40.82	43.85	6962792	295006304.00
2019/08/07	43.30	44.05	42.81	43.24	4024423	174770064.00
2019/08/08	43.22	43.90	42.78	43.76	2505707	108834816.00
2019/08/09	43.76	45.38	43.40	43.94	4184040	185786384.00
2019/08/12	43.55	44.57	42.70	44.12	2536146	111201040.00
2019/08/13	43.66	44.68	43.30	43.99	1969154	86891856.00
2019/08/14	44.63	45.80	43.18	45.58	3813018	170400272.00
2019/08/15	44.72	46.08	44.60	46.03	3037961	137852192.00
2019/08/16	45.80	47.98	45.50	45.80	4144103	194905488.00
2019/08/19	45.81	47.44	45.50	46.13	4668992	216375072.00
2019/08/20	45.88	46.32	44.81	44.88	3202613	145376464.00
2019/08/21	44.95	46.39	44.61	46.02	3273769	148850352.00
2019/08/22	45.95	45.96	44.30	44.77	2632107	118346808.00
2019/08/23	44.50	46.46	44.40	45.43	2820045	128517392.00
2019/08/26	44.98	46.79	44.72	46.48	2973320	136911600.00
2019/08/27	46.60	48.70	46.60	47.96	4088423	194936832.00
2019/08/28	47.90	48.19	46.71	47.88	3299794	156220240.00
2019/08/29	47.74	47.98	46.59	46.59	2262910	106856432.00
2019/08/30	46.58	47.58	45.15	45.60	2877712	133682776.00
2019/09/02	45.08	46.71	45.08	46.00	2326453	107194640.00
2019/09/03	46.01	46.42	45.20	45.82	2324798	106313712.00
2019/09/04	46.00	47.60	45.30	47.60	3815312	177416400.00
2019/09/05	47.86	47.86	46.54	47.30	4870571	229231936.00
2019/09/06	47.30	47.37	46.21	46.40	2088666	97380048.00
2019/09/09	46.55	47.44	46.01	47.44	2949624	137832768.00
2019/09/10	47.12	47.19	46.41	46.56	2186226	102290616.00
2019/09/11	46.74	47.50	46.26	46.26	2480479	116159024.00
2019/09/12	46.30	46.30	44.75	44.86	3643605	164714624.00
2019/09/16	45.07	45.09	44.66	44.94	1196478	53681872.00
2019/09/17	44.72	45.51	44.55	44.72	1311295	59031636.00
2019/09/18	44.77	46.59	44.68	45.70	3128563	143287872.00
2019/09/19	45.43	46.10	45.10	46.05	2064351	94065432.00
2019/09/20	46.50	48.00	45.81	47.45	4171622	195982224.00
2019/09/23	47.40	47.93	45.17	45.65	3175804	147910048.00
2019/09/24	45.82	46.20	45.22	45.83	1862261	85205648.00
2019/09/25	45.88	50.41	45.64	50.41	8755525	430709120.00
2019/09/26	49.59	50.50	47.30	48.60	6314500	309704160.00
2019/09/27	48.60	51.50	47.86	49.88	4727237	235314960.00
2019/09/30	49.88	53.46	48.64	51.98	4324354	221262704.00
2019/10/08	52.00	53.38	50.50	51.26	3515726	182057968.00
2019/10/09	50.60	50.63	48.75	49.90	2821504	139395152.00
2019/10/10	49.77	53.30	49.31	52.50	3719252	190848320.00
2019/10/11	52.51	55.42	51.90	52.65	3678904	196121120.00
2019/10/14	53.27	54.78	52.05	53.14	2559400	136269600.00
2019/10/15	52.72	54.08	52.50	53.95	1858033	99382704.00
2019/10/16	53.70	56.88	53.27	55.85	3071531	170122592.00
2019/10/17	55.50	57.51	54.91	57.51	2353462	132275872.00
2019/10/18	56.99	61.46	54.10	55.80	5711451	333247552.00
2019/10/21	55.73	55.73	51.78	52.47	5102724	271234336.00
2019/10/22	52.27	54.10	52.27	53.90	2820846	150658368.00
2019/10/23	53.90	55.55	53.59	53.90	2673833	145637696.00
2019/10/24	53.95	54.80	52.53	53.22	2187935	116947528.00
2019/10/25	53.53	54.65	52.67	53.75	2402462	128936176.00
2019/10/28	53.37	56.64	52.81	55.98	2621057	143356640.00
2019/10/29	50.38	50.38	50.38	50.38	994400	50097872.00
2019/10/30	45.45	47.38	45.34	46.17	10056216	460558912.00
2019/10/31	45.75	48.33	45.00	47.43	5994883	280018944.00
2019/11/01	46.93	48.66	46.51	47.56	3236326	154556608.00
2019/11/04	47.65	47.75	46.53	47.31	2244600	106011768.00
2019/11/05	47.50	49.18	47.13	49.07	3182470	153896080.00
2019/11/06	48.59	48.97	48.31	48.52	1820421	88337592.00
2019/11/07	48.57	49.78	48.34	49.21	1923003	94421376.00
2019/11/08	49.71	50.50	48.76	49.01	2081980	102844008.00
2019/11/11	48.50	48.98	45.96	48.90	3865024	182661312.00
2019/11/12	48.00	48.50	47.22	47.40	1814933	86635432.00
2019/11/13	47.70	48.29	47.20	47.40	1656518	78939784.00
2019/11/14	47.68	47.94	46.63	47.30	2114149	99905152.00
2019/11/15	47.50	47.75	46.88	46.90	1540778	72671376.00
2019/11/18	46.57	47.04	45.60	46.77	1679479	77772728.00
2019/11/19	46.82	48.19	46.51	47.95	1907102	90799296.00
2019/11/20	47.93	48.46	47.12	47.20	1356215	64767448.00
2019/11/21	46.88	47.47	46.28	46.37	1113792	52104580.00
2019/11/22	46.60	46.75	42.20	43.90	3307484	147992544.00
2019/11/25	43.84	43.96	42.01	42.46	3541460	150968544.00
2019/11/26	42.50	43.96	42.50	43.62	1848655	80286792.00
2019/11/27	43.89	44.65	43.22	44.16	1725087	76395192.00
2019/11/28	44.00	44.49	43.03	43.73	896973	39288560.00
2019/11/29	43.83	43.83	42.89	43.43	801800	34684192.00
2019/12/02	43.34	43.90	43.07	43.50	821500	35829076.00
2019/12/03	43.60	45.88	43.06	45.59	2405656	108180240.00
2019/12/04	45.18	45.87	44.41	44.69	1485886	66866172.00
2019/12/05	44.70	44.95	44.31	44.55	1613372	71827344.00
2019/12/06	44.68	45.15	44.00	44.70	1355972	60435672.00
2019/12/09	44.72	44.80	43.70	43.81	1454589	64045620.00
2019/12/10	43.70	43.80	42.87	43.55	1480113	63897352.00
2019/12/11	43.56	43.56	42.88	42.93	1208770	52065720.00
2019/12/12	42.93	43.55	42.76	43.31	1303674	56487548.00
2019/12/13	43.85	43.85	43.02	43.25	1680503	72761120.00
2019/12/16	43.25	43.82	42.43	43.80	2117333	91306888.00
2019/12/17	43.92	45.78	43.66	45.21	3129948	141204992.00
2019/12/18	45.00	45.20	44.30	44.51	1753705	78235312.00
2019/12/19	44.68	44.68	43.85	44.19	1328352	58631744.00
2019/12/20	44.19	44.89	44.00	44.30	903222	40207088.00
2019/12/23	44.33	45.75	44.30	45.20	2293581	104024112.00
2019/12/24	44.88	45.96	44.81	45.66	1811647	82491312.00
2019/12/25	45.30	45.69	44.88	45.26	1421599	64321888.00
2019/12/26	45.15	46.15	45.00	45.93	1320329	60323260.00
2019/12/27	45.94	47.00	45.52	45.56	1298693	60047556.00
2019/12/30	45.56	45.79	44.89	45.21	1415836	63972932.00
2019/12/31	45.01	45.50	44.67	44.90	1205435	54248324.00
2020/01/02	45.01	45.87	44.82	45.58	1432469	64931120.00
2020/01/03	45.79	45.79	44.48	44.73	1554876	69740696.00
2020/01/06	44.10	44.49	43.08	43.42	2495535	108765224.00
2020/01/07	43.40	44.23	43.11	44.06	1727993	75395792.00
2020/01/08	44.20	44.20	43.10	43.19	1466975	63655576.00
2020/01/09	43.36	43.79	43.36	43.68	1250332	54484976.00
2020/01/10	43.79	44.98	43.68	44.66	2044397	90847536.00
2020/01/13	44.60	45.39	44.56	45.27	1772630	79984280.00
2020/01/14	45.26	45.35	44.20	44.69	1674748	74792712.00
2020/01/15	44.60	45.54	44.31	45.31	1544016	69617072.00
2020/01/16	45.21	46.00	45.00	45.08	1745421	79341432.00
2020/01/17	45.02	45.59	44.58	45.26	1380520	62320608.00
数据来源:通达信
