000938 紫光股份 日线 前复权
      日期	    开盘	    最高	    最低	    收盘	    成交量	    成交额
2013/09/02	11.96	12.62	11.96	12.42	7001003	174875952.00
2013/09/03	12.54	12.89	12.08	12.67	6639876	167706896.00
2013/09/04	12.56	13.05	12.31	12.89	7082155	181071296.00
2013/09/05	12.97	13.63	12.82	13.63	8637938	231640608.00
2013/09/06	13.58	14.19	13.35	13.48	7288425	201223152.00
2013/09/09	13.40	13.43	12.71	12.83	7357174	192368768.00
2013/09/10	12.84	12.84	12.15	12.20	6619576	165360304.00
2013/09/11	12.16	12.18	11.49	11.85	7501832	179009952.00
2013/09/12	11.80	12.13	11.50	11.92	5162176	123322520.00
2013/09/13	11.90	12.48	11.65	12.20	6123154	149721072.00
2013/09/16	12.30	12.56	11.92	12.32	5735418	142188352.00
2013/09/17	12.29	12.86	12.15	12.65	6416513	162702688.00
2013/09/18	12.59	12.69	12.15	12.51	4049732	101267528.00
2013/09/23	12.49	13.21	12.45	13.12	5331239	139310048.00
2013/09/24	13.07	13.31	12.82	12.92	4637146	121071552.00
2013/09/25	12.89	13.50	12.76	13.26	5247307	139244512.00
2013/09/26	13.06	13.47	12.87	12.92	4204038	111578376.00
2013/09/27	12.94	13.43	12.77	12.92	3348631	88318736.00
2013/09/30	13.28	13.53	13.07	13.37	4381451	117686896.00
2013/10/08	13.43	14.74	13.33	14.74	6303063	181354560.00
2013/10/09	15.30	15.67	14.90	15.06	12812867	389797184.00
2013/10/10	15.14	15.41	14.31	14.60	7118939	212476144.00
2013/10/11	14.30	14.70	14.04	14.15	6265255	179041216.00
2013/10/14	14.08	14.42	13.82	14.38	4474413	127183128.00
2013/10/15	14.39	14.43	13.25	13.58	7071065	196251664.00
2013/10/16	13.43	13.43	12.19	12.51	7437041	190483904.00
2013/10/17	12.61	12.70	12.10	12.21	5874200	147124384.00
2013/10/18	12.26	12.63	12.20	12.59	4118119	103496448.00
2013/10/21	12.74	13.14	12.74	13.07	5532789	144191728.00
2013/10/22	13.08	13.31	12.10	12.27	5899113	149337392.00
2013/10/23	12.31	12.40	11.36	11.94	5295855	127031792.00
2013/10/24	11.84	12.87	11.80	12.85	6269651	158258016.00
2013/10/25	12.77	12.81	12.10	12.51	3501376	88139296.00
2013/10/28	12.45	12.94	12.41	12.87	2738043	70153096.00
2013/10/29	12.77	13.30	12.29	12.98	4652791	120280704.00
2013/10/30	12.88	12.97	12.52	12.89	3054366	78481992.00
2013/10/31	12.74	12.84	11.89	11.91	3276587	81471104.00
2013/11/01	11.90	12.10	11.64	11.94	2175260	52188880.00
2013/11/04	12.31	12.59	12.05	12.14	3700760	91937296.00
2013/11/05	12.04	12.51	11.89	12.46	2405992	59634960.00
2013/11/06	12.41	12.83	12.20	12.31	3273065	82477528.00
2013/11/18	12.92	13.57	12.82	13.57	6514771	176190512.00
2013/11/19	13.74	14.24	13.27	13.57	9489159	263134160.00
2013/11/20	13.43	13.84	13.29	13.62	4230379	116056856.00
2013/11/21	13.56	13.56	13.17	13.26	2563558	68560040.00
2013/11/22	13.28	13.38	12.41	12.70	3165419	83171840.00
2013/11/25	12.46	13.17	12.46	12.84	2238824	58195492.00
2013/11/26	12.84	13.05	12.69	12.95	2796188	72409704.00
2013/11/27	12.98	13.79	12.97	13.53	5752751	155645200.00
2013/11/28	13.73	14.39	13.59	13.90	6534986	184477088.00
2013/11/29	13.79	14.18	13.73	14.03	5163596	144837520.00
2013/12/02	12.59	12.59	12.59	12.59	724500	18366076.00
2013/12/03	11.30	11.30	11.30	11.30	1156800	26398176.00
2013/12/04	10.46	10.98	10.46	10.61	15367547	332509280.00
2013/12/05	10.52	11.02	10.42	10.88	8020875	174519440.00
2013/12/06	10.71	10.88	10.64	10.73	2957121	64437344.00
2013/12/09	10.83	11.43	10.73	11.24	5604632	126909216.00
2013/12/10	11.24	11.35	10.86	11.34	3708594	83029248.00
2013/12/11	11.49	12.34	11.49	11.67	7997241	191255520.00
2013/12/12	11.69	12.05	11.59	11.86	4642196	110493880.00
2013/12/13	12.39	13.08	12.38	13.08	8682978	221321952.00
2013/12/16	13.93	14.42	13.33	14.22	17208619	489485088.00
2013/12/17	13.71	14.04	12.86	13.24	12282613	330452256.00
2013/12/18	13.22	13.33	12.54	12.66	6957223	179254016.00
2013/12/19	12.58	13.02	12.31	12.43	7481256	190564960.00
2013/12/20	12.55	12.70	12.00	12.07	5430195	134513232.00
2013/12/23	11.92	12.18	11.56	11.87	4558995	109513656.00
2013/12/24	11.94	13.10	11.94	13.10	9970628	256201168.00
2013/12/25	12.92	13.61	12.86	13.45	9498441	252915264.00
2013/12/26	13.42	13.55	12.92	12.99	6616945	176370848.00
2013/12/27	12.91	13.37	12.82	13.07	5070852	133659104.00
2013/12/30	13.18	14.03	12.96	13.87	7331890	200306864.00
2013/12/31	13.64	14.11	13.18	13.71	5705321	157686112.00
2014/01/02	13.70	14.10	13.38	13.79	4666007	129636464.00
2014/01/03	13.82	15.20	13.58	15.20	11508817	336135200.00
2014/01/06	15.56	15.98	14.19	14.40	14194009	433473600.00
2014/01/07	14.24	14.54	13.79	14.23	8113322	230304896.00
2014/01/08	14.19	14.70	14.07	14.38	7309048	211056144.00
2014/01/09	14.40	15.44	14.26	14.80	10899449	326115616.00
2014/01/10	14.60	14.76	13.28	13.37	10296720	286840992.00
2014/01/13	13.14	13.67	13.01	13.46	5393720	145462304.00
2014/01/14	13.38	14.42	13.33	14.40	6977462	196232640.00
2014/01/15	14.40	14.69	14.22	14.65	5241861	151993904.00
2014/01/16	14.60	15.08	14.14	14.15	6380998	187988320.00
2014/01/17	13.92	14.82	13.85	14.53	6375454	184886752.00
2014/01/20	14.53	16.02	14.35	15.84	11384150	346288416.00
2014/01/21	15.62	15.94	15.21	15.72	11402478	357114336.00
2014/01/22	15.92	16.46	15.38	15.84	11199762	355399904.00
2014/01/23	15.84	16.57	15.72	16.21	10851006	352653472.00
2014/01/24	16.34	16.63	15.76	16.12	8382204	270550304.00
2014/01/27	15.72	15.86	15.11	15.19	12257560	377132704.00
2014/01/28	15.32	15.45	14.96	15.20	5891066	180074832.00
2014/01/29	15.16	15.98	15.02	15.91	7711807	240949920.00
2014/01/30	15.78	16.02	15.30	15.36	5949919	186829840.00
2014/02/07	15.44	15.81	15.20	15.63	5040273	156036944.00
2014/02/10	15.70	16.13	15.05	16.13	11546467	358963776.00
2014/02/11	15.96	17.71	15.88	16.94	16299957	546869632.00
2014/02/12	17.00	17.16	16.44	17.00	8290645	279159456.00
2014/02/13	16.90	16.97	15.98	15.98	9391912	309981248.00
2014/02/14	15.85	16.62	15.80	16.59	5591365	181503712.00
2014/02/17	16.58	16.97	16.33	16.88	6787086	226757536.00
2014/02/18	16.90	16.90	16.33	16.44	5802340	192317408.00
2014/02/19	16.74	17.24	16.49	16.74	7345628	248394464.00
2014/02/20	16.84	16.92	15.88	16.06	6308815	204515184.00
2014/02/21	16.03	16.41	15.51	15.68	5393109	171995232.00
2014/02/24	15.57	16.16	15.39	16.04	4119590	130863632.00
2014/02/25	16.13	17.30	15.62	15.67	10917567	360969536.00
2014/02/26	15.47	15.56	14.35	15.48	8336201	249522160.00
2014/02/27	15.51	15.68	14.35	14.45	7306741	220219328.00
2014/02/28	14.76	14.95	14.09	14.70	5713021	167052288.00
2014/03/03	14.70	15.21	14.54	15.12	3662151	109906536.00
2014/03/04	15.02	15.46	14.71	15.31	4690063	142103680.00
2014/03/05	15.35	15.40	14.92	14.96	3771557	114064760.00
2014/03/06	14.88	15.62	14.55	15.54	5583890	169135504.00
2014/03/07	15.41	16.03	15.16	15.31	4782136	149439664.00
2014/03/10	14.96	15.08	14.45	14.50	3611538	106769416.00
2014/03/11	14.45	14.81	14.17	14.35	3251927	94057040.00
2014/03/12	14.35	14.49	13.63	13.93	3056610	86104416.00
2014/03/13	13.84	14.22	13.79	14.18	2554092	72069592.00
2014/03/14	13.99	14.80	13.95	14.66	3632653	105866008.00
2014/03/17	14.55	14.78	14.45	14.76	3058032	89956216.00
2014/03/18	14.81	15.13	14.70	15.01	3982297	119290016.00
2014/03/19	14.91	14.92	14.35	14.39	4614739	134469008.00
2014/03/20	14.27	14.53	13.88	13.89	3432192	97197544.00
2014/03/21	13.69	13.93	13.17	13.89	4380388	119475808.00
2014/03/24	13.73	13.86	13.23	13.37	4056943	109666568.00
2014/03/25	13.37	13.63	13.30	13.43	2114758	57252024.00
2014/03/26	13.53	13.73	13.33	13.47	3511546	95556296.00
2014/03/27	13.35	13.46	12.18	12.18	8759367	222568976.00
2014/03/28	11.93	12.03	11.44	11.52	6343329	149781952.00
2014/03/31	11.52	11.65	11.24	11.41	3050442	70596112.00
2014/04/01	11.46	11.82	11.41	11.81	3960894	92916656.00
2014/04/02	11.80	11.84	11.49	11.64	3043419	71395616.00
2014/04/03	11.62	12.05	11.59	11.87	3591925	86097416.00
2014/04/04	11.72	12.03	11.70	11.90	2400765	57622564.00
2014/04/08	11.68	12.02	11.54	11.86	2629790	62477968.00
2014/04/09	11.90	12.46	11.90	12.41	5043499	124281240.00
2014/04/10	12.36	12.84	12.31	12.51	5360221	136065456.00
2014/04/11	12.30	12.45	12.10	12.35	2634169	65255612.00
2014/04/14	12.34	12.50	12.11	12.24	2627257	65026180.00
2014/04/15	12.21	12.30	11.90	11.98	2611798	63685160.00
2014/04/16	11.95	12.06	11.39	11.44	4161117	97954704.00
2014/04/17	11.53	11.64	11.45	11.58	3958558	92123536.00
2014/04/18	11.63	12.77	11.57	12.77	8027687	198282352.00
2014/04/21	12.71	13.01	12.37	12.60	10520364	269944896.00
2014/04/22	12.52	12.71	12.20	12.71	5615379	140927952.00
2014/04/23	12.69	12.76	12.09	12.22	4697455	117433744.00
2014/04/24	12.23	12.27	11.74	11.75	4166478	99979000.00
2014/04/25	11.59	11.72	11.39	11.45	4249668	98964728.00
2014/04/28	11.38	11.38	10.28	10.28	8307138	177825168.00
2014/04/29	9.97	10.28	9.90	10.27	6421189	131325968.00
2014/04/30	10.24	10.55	10.17	10.37	4171211	88000232.00
2014/05/05	10.37	10.84	10.27	10.80	4524285	96591432.00
2014/05/06	10.82	11.16	10.73	10.92	4821237	107329384.00
2014/05/07	10.90	10.90	10.40	10.45	4190599	90055224.00
2014/05/08	10.29	11.28	10.29	11.03	6884844	151382496.00
2014/05/09	10.78	11.13	10.43	10.74	3893384	84328568.00
2014/05/12	10.87	11.27	10.70	11.07	4176776	92811448.00
2014/05/13	11.07	11.16	10.72	10.88	3482851	77000960.00
2014/05/14	10.83	10.94	10.80	10.82	1745504	38270944.00
2014/05/15	10.83	10.84	10.27	10.36	4351159	92453272.00
2014/05/16	10.52	10.99	10.41	10.77	4969346	107764472.00
2014/05/19	10.55	10.61	10.34	10.48	2713813	57484436.00
2014/05/20	10.70	10.97	10.63	10.78	4606615	100661432.00
2014/05/21	10.76	10.98	10.56	10.96	3657274	80109104.00
2014/05/22	10.99	11.28	10.91	10.94	5516457	123818528.00
2014/05/23	10.97	12.07	10.93	12.07	11378216	266632240.00
2014/05/26	12.35	12.35	11.87	12.08	10930606	266096832.00
2014/05/27	12.06	12.18	11.87	12.05	7849141	190094416.00
2014/05/28	12.02	13.05	11.97	12.84	15514439	394814592.00
2014/05/29	12.70	12.83	12.26	12.51	11610472	292754016.00
2014/05/30	12.47	12.80	12.15	12.62	8570512	216724928.00
2014/06/03	12.56	12.68	12.14	12.14	6107974	152170480.00
2014/06/04	12.15	12.45	12.05	12.30	4743852	117107736.00
2014/06/05	12.26	12.50	12.11	12.49	5067141	125680480.00
2014/06/06	12.53	12.61	12.14	12.21	4452485	110947240.00
2014/06/09	12.06	12.19	11.88	11.89	3613270	87340768.00
2014/06/10	11.95	13.12	11.95	13.12	14280118	368087520.00
2014/06/11	13.17	13.68	12.92	13.35	19936141	532680576.00
2014/06/12	13.31	13.89	13.17	13.49	13241234	360126048.00
2014/06/13	13.33	13.89	13.17	13.47	11329017	307447104.00
2014/06/16	13.38	14.09	13.31	13.70	12174899	337371040.00
2014/06/17	13.59	14.01	13.54	13.73	8444941	233497744.00
2014/06/18	13.68	13.83	13.16	13.24	7571026	204055632.00
2014/06/19	13.33	13.97	12.94	13.12	11763565	319389376.00
2014/06/20	13.17	13.66	13.02	13.64	7970047	215015152.00
2014/06/27	12.28	12.84	12.28	12.54	28527230	718458496.00
2014/06/30	12.32	12.78	12.24	12.70	14994061	379210848.00
2014/07/01	12.70	12.86	12.56	12.73	10590869	270374976.00
2014/07/02	12.73	12.99	12.69	12.79	9482172	244183584.00
2014/07/03	12.78	12.97	12.69	12.82	8298139	213671248.00
2014/07/04	12.82	13.86	12.82	13.32	16777737	448565824.00
2014/07/07	13.23	13.46	13.15	13.39	9262470	247478672.00
2014/07/08	13.40	14.01	13.26	13.79	12686815	348224256.00
2014/07/09	13.73	14.09	13.34	13.55	10832683	297548416.00
2014/07/10	13.74	13.85	13.30	13.36	7314886	198478464.00
2014/07/11	13.39	13.54	13.05	13.14	7051768	188405552.00
2014/07/14	13.22	13.67	13.14	13.55	7394869	199803376.00
2014/07/15	13.56	13.63	12.83	13.13	8408743	221855296.00
2014/07/16	13.07	13.19	12.45	12.54	8411145	214954320.00
2014/07/17	12.48	12.73	12.40	12.65	4173089	105511888.00
2014/07/18	12.61	12.82	12.34	12.41	4725669	119445312.00
2014/07/21	12.43	12.58	12.14	12.23	4142183	102317480.00
2014/07/22	12.20	12.58	12.20	12.54	4130471	103140640.00
2014/07/23	12.49	12.62	11.77	11.84	6501204	158848272.00
2014/07/24	11.77	12.11	11.56	12.09	5464129	130486992.00
2014/07/25	11.93	12.22	11.86	12.15	4418950	107127736.00
2014/07/28	12.20	12.60	12.16	12.47	7068942	175718864.00
2014/07/29	12.44	12.74	12.40	12.47	5377424	135536448.00
2014/07/30	12.38	12.78	12.37	12.74	7037815	178293792.00
2014/07/31	12.71	13.22	12.59	13.03	10159660	265255040.00
2014/08/01	13.01	13.11	12.71	12.72	5692003	147537680.00
2014/08/04	12.83	14.03	12.69	13.65	14384647	392346784.00
2014/08/05	13.56	13.76	13.30	13.59	8299037	225328864.00
2014/08/06	13.59	13.76	13.41	13.60	7077267	192926368.00
2014/08/07	13.55	13.67	13.15	13.23	6148463	165376736.00
2014/08/08	13.35	13.96	13.23	13.72	10888276	299065184.00
2014/08/11	13.72	13.86	13.58	13.79	7353561	202087600.00
2014/08/12	13.72	14.51	13.66	14.12	13094993	370775904.00
2014/08/13	14.09	14.21	13.70	13.90	7674792	214059760.00
2014/08/14	13.86	14.16	13.66	13.76	6795472	189687552.00
2014/08/15	13.81	14.16	13.67	13.87	7009388	195885008.00
2014/08/18	13.92	14.05	13.63	13.96	7886460	218717968.00
2014/08/19	13.95	14.70	13.92	14.42	13325344	384057024.00
2014/08/20	14.24	14.65	14.14	14.42	8729812	251588800.00
2014/08/21	14.88	15.17	14.51	14.69	10848042	322210944.00
2014/08/22	15.27	15.44	14.78	14.95	11504841	346854400.00
2014/08/25	14.94	15.06	14.42	14.47	8459835	250005680.00
2014/08/26	14.48	14.52	14.10	14.12	5295435	151611776.00
2014/08/27	14.21	14.78	14.12	14.49	6109139	176940864.00
2014/08/28	14.50	14.53	14.07	14.27	5661295	162391312.00
2014/08/29	14.29	14.41	14.06	14.32	5541025	158066672.00
2014/09/01	14.37	14.90	14.37	14.82	8384406	246987440.00
2014/09/02	14.76	15.39	14.72	15.23	14166222	429016512.00
2014/09/03	15.18	15.66	15.09	15.56	11882915	364470016.00
2014/09/04	15.44	15.59	15.27	15.44	6838896	211177872.00
2014/09/05	15.43	15.58	15.10	15.26	7359570	225307792.00
2014/09/09	15.28	15.64	15.23	15.47	6923450	213967312.00
2014/09/10	15.49	15.85	15.37	15.62	7905609	248422432.00
2014/09/11	15.49	15.96	15.30	15.34	8030655	251240704.00
2014/09/12	15.34	15.95	15.34	15.62	7670050	240039824.00
2014/09/15	15.60	15.74	15.46	15.62	5836336	182202992.00
2014/09/16	15.67	15.69	14.73	14.73	9074556	275980960.00
2014/09/17	14.81	15.07	14.60	14.87	4497975	133366456.00
2014/09/18	14.76	14.90	14.58	14.66	4328562	127791792.00
2014/09/19	14.70	14.94	14.53	14.66	5178225	152651920.00
2014/09/22	14.55	14.58	14.13	14.29	5695255	163349040.00
2014/09/23	14.22	14.69	14.21	14.58	4587074	133365448.00
2014/09/24	14.59	15.29	14.49	15.27	7427257	222647264.00
2014/09/25	16.83	16.83	16.07	16.83	10738355	359205280.00
2014/09/26	16.83	17.03	16.30	16.47	19010831	634845120.00
2014/09/29	16.52	16.68	15.90	16.03	14448389	466258688.00
2014/09/30	15.99	16.35	15.73	16.13	8426025	270785344.00
2014/10/08	16.10	16.62	15.98	16.53	8769600	287452608.00
2014/10/09	16.57	16.60	15.93	16.24	7007889	228688720.00
2014/10/10	16.23	16.39	15.93	16.01	5638356	181845328.00
2014/10/13	15.93	15.99	15.30	15.75	5722986	178793280.00
2014/10/14	15.75	15.99	15.56	15.61	3958665	124814592.00
2014/10/15	15.62	15.92	15.60	15.75	3911942	123324664.00
2014/10/16	15.74	15.85	15.60	15.62	5312439	166626176.00
2014/10/17	15.59	15.59	14.88	15.16	5610262	170722656.00
2014/10/20	15.16	15.64	15.16	15.64	4355241	134590672.00
2014/10/21	15.59	15.66	15.29	15.44	3764482	116285992.00
2014/10/22	15.51	15.64	15.07	15.09	4302660	132932256.00
2014/10/23	14.99	15.18	14.57	14.76	4278575	127217488.00
2014/10/24	14.88	15.08	14.73	14.86	2998444	89616552.00
2014/10/27	14.89	15.21	14.78	15.19	2836014	85567680.00
2014/10/28	15.24	15.58	15.15	15.56	4207881	129749824.00
2014/10/29	15.68	15.73	15.45	15.54	6442746	200772800.00
2014/10/30	15.53	15.62	15.17	15.19	5361082	165012160.00
2014/10/31	15.09	15.44	15.08	15.34	3868687	118342512.00
2014/11/03	15.48	15.98	15.38	15.90	7517126	236975152.00
2014/11/04	15.88	15.93	15.40	15.59	5031404	157344080.00
2014/11/05	15.43	15.57	15.13	15.34	3620836	111028808.00
2014/11/06	15.38	15.49	15.10	15.46	3259551	100022728.00
2014/11/07	15.46	15.66	15.14	15.14	5693434	175844080.00
2014/11/10	15.17	15.23	14.68	14.74	5648734	167732080.00
2014/11/11	14.77	14.85	13.87	13.98	6712586	192033184.00
2014/11/12	13.98	14.46	13.92	14.38	4651252	133014144.00
2014/11/13	14.39	14.42	13.91	14.04	3595763	101374264.00
2014/11/14	13.96	14.41	13.91	14.36	4185753	119255968.00
2014/11/17	14.40	14.40	13.91	14.16	7338457	207778976.00
2014/11/18	14.12	14.19	14.01	14.07	3023376	85313008.00
2014/11/19	14.09	14.70	14.07	14.44	6961747	201360288.00
2014/11/20	14.44	14.70	14.38	14.44	4426020	128735624.00
2014/11/21	14.38	14.56	14.37	14.47	3928123	113813992.00
2014/11/24	14.61	14.82	14.43	14.72	5814330	169838832.00
2014/11/25	14.78	15.09	14.67	14.98	5919561	176856960.00
2014/11/26	14.98	15.06	14.81	14.83	4914473	146506896.00
2014/11/27	14.85	15.12	14.77	14.92	4747354	141833952.00
2014/11/28	14.90	15.08	14.60	14.65	5931686	175429376.00
2014/12/01	14.78	14.78	14.16	14.20	5132113	147473376.00
2014/12/02	14.19	14.97	14.07	14.79	7718066	227579888.00
2014/12/03	14.79	15.04	14.51	14.92	7411305	219147632.00
2014/12/04	14.96	15.23	14.96	15.02	7819724	236400576.00
2014/12/05	14.96	15.01	14.14	14.35	8617166	250090304.00
2014/12/08	14.31	14.53	14.07	14.27	6374419	182043680.00
2014/12/09	14.11	14.63	13.74	13.74	8265220	233974768.00
2014/12/10	13.66	14.15	13.23	14.04	4442863	123351168.00
2014/12/11	13.96	14.34	13.91	14.21	4451655	126123640.00
2014/12/12	14.22	14.61	14.10	14.45	5516385	159311408.00
2014/12/15	14.45	14.73	14.25	14.68	5229671	152819984.00
2014/12/16	14.62	14.81	14.35	14.39	4400548	127911376.00
2014/12/17	14.37	14.37	14.07	14.13	4133091	117656240.00
2014/12/18	14.27	15.58	14.24	15.37	22234838	687367488.00
2014/12/19	15.06	15.22	14.11	14.54	11710677	344447488.00
2015/05/26	16.03	16.03	16.03	16.03	54179	1735895.13
2015/05/27	17.66	17.66	17.66	17.66	37363	1316672.13
2015/05/28	19.45	19.45	19.45	19.45	131340	5090738.50
2015/05/29	21.43	21.43	21.43	21.43	78263	3337134.25
2015/06/01	23.61	23.61	23.61	23.61	34284	1607919.63
2015/06/02	26.00	26.00	26.00	26.00	17895	923203.06
2015/06/03	28.63	28.63	28.63	28.63	43782	2484628.50
2015/06/04	31.53	31.53	31.53	31.53	87625	5470429.00
2015/06/05	34.71	34.71	34.71	34.71	107358	7372274.00
2015/06/08	38.22	38.22	38.22	38.22	121137	9150689.00
2015/06/09	42.07	42.07	42.07	42.07	410260	34088504.00
2015/06/10	46.31	46.31	46.31	46.31	242669	22179946.00
2015/06/11	50.97	50.97	50.97	50.97	235240	23651030.00
2015/06/12	56.10	56.10	56.10	56.10	137568	15213645.00
2015/06/15	61.74	61.74	61.74	61.74	1677095	204018608.00
2015/06/16	67.95	67.95	66.45	67.95	35788277	4786147328.00
2015/06/17	68.05	70.85	64.01	66.01	34301081	4575031808.00
2015/06/18	67.89	70.54	65.75	66.31	24226127	3247657216.00
2015/06/19	63.45	63.45	59.65	59.65	15984069	1895623424.00
2015/06/23	55.81	57.07	53.65	53.65	18543841	1993394816.00
2015/06/24	54.27	56.57	52.30	54.27	15490474	1661184512.00
2015/06/25	53.86	55.55	51.43	51.49	12909931	1360099456.00
2015/06/26	48.66	49.58	46.31	46.31	11872997	1100788864.00
2015/06/29	43.56	44.57	41.65	41.65	18836994	1559654144.00
2015/06/30	42.28	45.85	38.97	45.85	16763572	1413892224.00
2015/07/01	46.67	48.14	41.23	41.23	22307997	1999967616.00
2015/07/02	38.99	40.19	37.08	37.08	16251286	1227515776.00
2015/07/03	36.41	38.76	33.35	34.22	19262606	1357535744.00
2015/07/06	37.68	37.68	32.23	35.39	30787414	2200926208.00
2015/07/07	33.35	34.31	31.82	31.82	9083747	587526528.00
2015/07/08	28.60	28.60	28.60	28.60	3088500	175087072.00
2015/07/09	26.26	31.49	26.26	31.49	19961796	1168972032.00
2015/07/10	34.42	34.67	33.13	34.67	4590890	312201600.00
2015/07/13	37.48	38.16	36.72	38.16	14428092	1069883200.00
2015/07/14	41.56	42.01	40.29	42.01	25825508	2113958144.00
2015/07/15	40.65	41.57	37.78	37.99	20713599	1585892224.00
2015/07/16	36.52	41.82	36.02	40.78	20065552	1590345600.00
2015/07/17	41.06	44.27	39.47	42.89	19962858	1652758528.00
2015/07/20	42.08	44.12	41.57	42.73	16180421	1371446400.00
2015/07/21	41.57	43.61	40.89	42.12	8994569	749831744.00
2015/07/22	41.71	43.78	41.16	43.35	10021621	842043904.00
2015/07/23	44.63	45.42	43.32	44.67	12346666	1078513920.00
2015/07/24	44.63	45.04	42.50	42.69	11747941	1021856384.00
2015/07/27	41.57	41.66	38.39	38.39	12276619	970200256.00
2015/07/28	34.73	37.99	34.53	34.53	17029691	1183970816.00
2015/07/29	35.70	35.77	31.77	35.44	12716243	861670272.00
2015/07/30	35.45	36.61	33.91	33.96	13548806	957343168.00
2015/07/31	32.41	33.65	31.37	32.20	9753845	627238208.00
2015/08/03	31.50	32.12	29.33	31.66	8116670	499775616.00
2015/08/04	32.44	34.85	32.40	34.85	8787445	585656192.00
2015/08/05	35.44	36.60	34.53	35.39	11922828	841200512.00
2015/08/06	34.88	38.52	34.52	36.67	10976316	801912448.00
2015/08/07	36.87	38.40	36.21	38.25	11611863	858005696.00
2015/08/10	38.45	40.88	38.01	40.03	12331875	967613568.00
2015/08/11	39.54	40.23	39.02	39.23	8868656	692753280.00
2015/08/12	38.66	38.98	37.30	37.39	7390465	558026240.00
2015/08/13	37.47	38.26	35.51	38.24	7879581	578152960.00
2015/08/14	38.25	40.89	38.05	39.63	10774013	845576064.00
2015/08/17	39.41	39.42	38.30	39.33	7379644	566770432.00
2015/08/18	39.43	39.97	35.37	35.37	11551644	861576704.00
2015/08/19	33.66	36.56	32.65	36.12	10088112	686822464.00
2015/08/20	35.53	39.18	34.83	35.23	11040871	802473344.00
2015/08/21	33.84	34.35	32.74	32.94	8837900	583760576.00
2015/08/24	30.65	31.62	29.62	29.62	5790354	343591264.00
2015/08/25	26.77	28.14	26.63	26.63	9718257	520376384.00
2015/08/26	27.20	28.81	25.41	25.74	11680405	632255296.00
2015/08/27	27.08	28.34	26.52	28.34	13037178	717763072.00
2015/08/28	28.56	30.70	27.83	30.39	14571987	833928704.00
2015/08/31	29.40	29.86	28.20	28.32	8217058	474746528.00
2015/09/01	28.47	28.47	25.69	25.82	7839221	415013888.00
2015/09/02	24.22	27.47	23.71	24.68	10328309	517968800.00
2015/09/07	25.56	27.17	25.34	26.41	11075450	585163328.00
2015/09/08	26.18	28.41	25.77	28.10	9270103	493536672.00
2015/09/09	28.48	30.11	27.69	29.29	12273350	706202432.00
2015/09/10	28.66	29.10	28.25	28.42	6590612	373696960.00
2015/09/11	28.35	30.49	28.35	29.32	9348377	547550656.00
2015/09/14	29.98	30.79	26.46	26.67	11047629	632181696.00
2015/09/15	25.76	27.23	25.18	25.53	7691213	397571584.00
2015/09/16	26.21	28.11	25.72	28.11	7622196	405080672.00
2015/09/17	28.66	30.94	28.64	29.67	15508289	920752960.00
2015/09/18	30.11	31.35	29.46	30.84	10291972	621081856.00
2015/09/21	30.28	32.11	29.83	31.96	9561169	590922752.00
2015/09/22	32.04	32.04	30.81	31.34	8749346	543966208.00
2015/09/23	31.06	32.83	30.61	32.23	11685772	744995840.00
2015/09/24	32.85	35.48	31.80	35.48	15966159	1085595264.00
2015/09/25	34.84	35.70	32.02	32.35	12860556	852934784.00
2015/09/28	32.54	35.60	31.73	35.33	11042445	744799424.00
2015/10/26	38.89	38.89	38.89	38.89	58189	4466006.00
2015/10/27	42.81	42.81	42.81	42.81	84963	7173426.00
2015/10/28	47.11	47.11	47.11	47.11	622625	57823184.00
2015/10/29	51.72	51.72	47.07	49.12	30344670	2952837376.00
2015/10/30	47.82	48.25	45.64	46.82	15060383	1396530816.00
2015/11/02	45.64	50.29	44.64	46.67	14758228	1383157760.00
2015/11/03	46.97	50.75	46.76	50.19	16475430	1592111104.00
2015/11/04	50.75	51.95	49.10	51.06	15317960	1533899520.00
2015/11/05	50.24	56.19	49.98	56.19	22015000	2354518528.00
2015/11/06	57.89	61.83	56.19	60.95	18352261	2111411584.00
2015/11/09	59.72	62.48	57.85	59.65	13703661	1610823296.00
2015/11/10	59.65	63.50	58.98	60.33	12736372	1530848512.00
2015/11/11	60.85	60.85	57.65	58.15	12379516	1428041216.00
2015/11/12	58.26	60.64	57.22	57.63	11986150	1396633600.00
2015/11/13	56.81	56.81	52.06	53.33	14628575	1560932224.00
2015/11/16	52.03	56.13	51.74	55.85	10055569	1084995840.00
2015/11/17	57.18	57.18	52.52	52.57	11308751	1211877760.00
2015/11/18	52.74	53.56	51.51	51.97	6924538	715408896.00
2015/11/19	52.28	53.75	52.03	53.53	7697560	803060608.00
2015/11/20	53.74	58.91	53.05	58.91	11856336	1306618624.00
2015/11/23	60.95	61.46	55.85	57.17	10972744	1265393664.00
2015/11/24	56.87	57.12	54.37	55.90	7400222	814959616.00
2015/11/25	56.01	58.42	55.91	56.32	6810104	766323200.00
2015/11/26	55.98	56.67	53.56	54.83	9867805	1062894720.00
2015/11/27	53.81	56.42	50.75	51.20	8729171	917395712.00
2015/11/30	51.01	52.02	46.67	50.37	8033203	791599552.00
2015/12/01	49.96	51.26	48.30	48.73	7021553	687067968.00
2015/12/02	48.77	49.73	46.16	49.73	6115927	579282304.00
2015/12/03	49.42	53.04	49.16	52.54	9825760	993184960.00
2015/12/04	52.38	54.16	50.90	52.17	7437252	776434752.00
2015/12/07	52.20	53.05	51.62	52.17	4171139	430066080.00
2015/12/08	52.28	53.29	51.07	52.51	5929059	610054336.00
2015/12/09	52.28	52.51	48.85	49.36	7401352	736582016.00
2015/12/10	49.22	50.06	48.48	48.70	4698591	453453376.00
2015/12/11	48.71	50.17	48.48	48.76	3831628	371788192.00
2015/12/14	48.85	50.22	47.88	49.85	5429166	526441632.00
2015/12/15	49.73	50.39	49.35	49.45	6220796	608983488.00
2015/12/16	49.93	50.14	48.33	48.96	6411817	620025728.00
2015/12/17	49.28	52.32	49.02	52.18	10324966	1033342016.00
2015/12/18	51.71	51.77	49.56	50.08	7154724	709809408.00
2015/12/21	49.73	50.29	49.24	49.78	3986129	390375360.00
2015/12/22	49.83	51.74	49.48	50.75	6428083	640010880.00
2015/12/23	50.74	50.85	48.74	48.96	6644085	649441920.00
2015/12/24	49.17	50.01	48.65	49.30	3594990	349589056.00
2015/12/25	49.47	50.19	48.84	49.72	3331556	325960672.00
2015/12/28	49.90	53.14	49.42	51.67	12828790	1307713408.00
2015/12/29	51.34	53.65	51.34	52.82	9664588	1005437184.00
2015/12/30	52.92	53.60	51.47	52.74	6261603	649359552.00
2015/12/31	52.88	53.20	49.79	49.92	6906451	700519104.00
2016/01/04	49.98	49.98	44.90	44.90	8174308	746798848.00
2016/01/05	42.02	46.77	41.82	44.58	7845373	682477632.00
2016/01/06	44.63	44.88	42.86	44.46	5329113	462399552.00
2016/01/07	43.61	43.61	39.99	39.99	1588251	128918296.00
2016/01/08	40.29	41.46	35.96	38.66	8290321	638219264.00
2016/01/11	37.76	37.89	34.77	34.77	9761452	692658688.00
2016/01/12	34.87	35.94	33.41	35.55	6554411	454723936.00
2016/01/13	35.84	35.94	31.97	31.97	7335491	491787552.00
2016/01/14	30.34	34.35	29.98	34.07	7770222	495992032.00
2016/01/15	33.51	35.39	33.19	34.17	8690220	593070976.00
2016/01/18	32.89	35.90	32.89	35.48	7737540	531748384.00
2016/01/19	35.19	37.66	34.82	36.97	7375954	524886304.00
2016/01/20	36.46	37.41	35.80	36.13	4897353	353839360.00
2016/01/21	35.44	36.67	33.66	33.66	4892541	342998912.00
2016/01/22	34.57	35.36	33.56	35.26	6007797	408500896.00
2016/01/25	35.95	38.81	35.60	38.81	6590122	491434528.00
2016/01/26	39.17	39.45	34.92	35.15	10654269	783222528.00
2016/01/27	35.18	35.70	32.64	35.70	7900647	531196896.00
2016/01/28	34.55	35.20	32.22	32.77	6084413	407182368.00
2016/01/29	32.83	34.86	32.64	34.20	4633893	310923808.00
2016/02/01	33.91	33.91	31.05	31.62	8025389	509194592.00
2016/02/02	31.49	33.33	31.46	32.89	6590693	426496864.00
2016/02/03	32.38	32.77	31.54	32.60	5002732	317913376.00
2016/02/04	32.89	34.87	32.89	34.26	6759805	455871008.00
2016/02/05	34.26	34.37	33.44	33.81	4211410	282278848.00
2016/02/15	32.39	33.85	32.28	33.47	3585326	233982784.00
2016/02/16	34.09	36.42	34.06	35.88	6730655	469985088.00
2016/02/17	35.44	36.05	34.73	35.84	5792452	405182176.00
2016/02/18	36.96	37.41	35.80	35.82	6796686	490459296.00
2016/02/19	35.68	35.89	34.94	35.44	4484307	313549760.00
2016/02/22	35.84	36.70	35.78	36.08	4738241	338034688.00
2016/02/23	36.19	37.21	35.39	35.75	5493903	392996000.00
2016/02/24	34.08	34.49	32.89	33.67	11073963	736531648.00
2016/02/25	33.80	34.12	30.60	30.99	7965413	512398048.00
2016/02/26	31.27	31.81	30.01	30.98	5200127	318731136.00
2016/02/29	30.86	31.11	27.86	27.90	7034262	395408448.00
2016/03/01	28.06	28.14	25.19	27.03	10624829	559000256.00
2016/03/02	26.97	29.73	26.19	29.07	10751997	586020032.00
2016/03/03	28.67	30.33	28.30	28.67	9285498	536769792.00
2016/03/04	28.30	28.57	26.30	26.98	6718816	365003072.00
2016/03/07	27.40	28.35	27.22	27.54	6230922	342812544.00
2016/03/08	27.28	28.10	25.70	28.08	6870916	368094944.00
2016/03/09	27.28	28.03	26.66	27.27	3807409	207320304.00
2016/03/10	27.53	27.91	26.82	27.15	4263171	232171520.00
2016/03/11	26.52	27.26	26.27	26.77	3221950	171178576.00
2016/03/14	27.23	29.11	27.23	28.79	7709989	434654464.00
2016/03/15	28.48	28.76	27.88	28.22	5136174	287597920.00
2016/03/16	28.66	28.80	27.39	27.66	5009914	277487136.00
2016/03/17	27.94	29.29	27.72	29.09	8017798	455941760.00
2016/03/18	29.58	32.03	29.12	32.03	11784417	714903168.00
2016/03/21	32.88	33.84	32.61	33.21	11936743	784017024.00
2016/03/22	32.88	34.54	32.39	33.40	9236551	613349504.00
2016/03/23	33.43	33.80	32.84	33.76	6516205	429330112.00
2016/03/24	35.52	36.71	33.40	33.43	12572959	859564416.00
2016/03/25	32.69	33.45	32.10	32.58	7532613	485943808.00
2016/03/28	32.80	33.49	31.59	31.82	6199764	401380704.00
2016/03/29	31.90	32.11	30.40	30.85	5857644	359847648.00
2016/03/30	31.78	32.50	31.20	32.48	6067100	380806240.00
2016/03/31	32.59	32.68	32.03	32.28	6878255	439846976.00
2016/04/01	32.32	32.32	30.88	31.35	6036250	373503456.00
2016/04/05	31.52	32.71	31.29	32.56	7307582	463425120.00
2016/04/06	32.39	33.39	32.28	33.02	7971105	517401824.00
2016/04/07	33.01	33.15	31.82	31.88	6758097	431184608.00
2016/04/08	31.57	31.59	30.80	31.36	4875363	300426720.00
2016/04/11	31.67	32.69	31.61	32.13	7294068	464676512.00
2016/04/12	31.88	32.57	31.42	32.11	4908518	309628352.00
2016/04/13	32.38	33.34	32.38	32.79	10425417	678366528.00
2016/04/14	32.99	33.33	32.90	33.29	6768806	443371872.00
2016/04/15	33.36	33.54	32.58	32.87	5617867	365250688.00
2016/04/18	32.48	32.48	31.52	31.71	5506230	346164576.00
2016/04/19	32.05	32.36	31.55	32.00	4043194	255383568.00
2016/04/20	32.01	32.12	29.12	29.85	7619333	458402880.00
2016/04/21	29.83	30.14	29.08	29.19	4966160	290209696.00
2016/04/22	28.96	29.67	28.86	29.43	3299949	191513104.00
2016/04/25	29.44	29.93	28.72	29.73	3058279	176978656.00
2016/04/26	29.54	29.92	29.19	29.82	3021562	177189872.00
2016/04/27	29.76	30.00	29.53	29.66	2706954	159382656.00
2016/04/28	29.91	31.45	29.65	31.29	6512200	391906816.00
2016/04/29	31.01	31.18	30.34	30.67	3662642	222668080.00
2016/05/03	30.14	31.08	29.32	30.98	5752192	346591904.00
2016/05/04	30.84	30.98	30.53	30.60	4123816	250611584.00
2016/05/05	30.75	31.65	30.75	31.03	4764567	293767040.00
2016/05/06	30.92	30.99	29.22	29.29	6300487	373340160.00
2016/05/09	28.81	28.91	27.54	27.78	4498060	251110464.00
2016/05/10	27.58	28.18	27.38	27.62	3280762	179601408.00
2016/05/11	27.84	28.04	27.05	27.28	2336969	127353960.00
2016/05/12	26.87	27.68	26.44	27.65	3859313	208098976.00
2016/05/13	27.63	27.94	27.13	27.22	2076073	113152648.00
2016/05/16	27.02	27.59	26.85	27.59	2699146	146140208.00
2016/05/17	27.54	29.02	27.49	28.35	4190103	233764768.00
2016/05/18	28.25	28.25	27.34	27.70	2616049	143192624.00
2016/05/19	27.70	28.71	27.59	27.94	2964580	165819088.00
2016/05/20	27.60	29.15	27.45	28.77	4489524	255325744.00
2016/05/23	28.88	30.19	28.88	29.98	5440940	319004736.00
2016/05/24	29.83	29.85	29.14	29.42	2943100	171093056.00
2016/05/25	29.58	30.01	28.66	28.86	2962629	172023232.00
2016/05/26	28.89	29.12	28.18	29.07	2773478	156856208.00
2016/05/27	29.01	29.57	28.89	29.05	2207932	127705944.00
2016/05/30	28.56	30.34	28.45	29.73	6224425	367373088.00
2016/05/31	29.58	31.16	29.33	31.08	7605739	459331776.00
2016/06/01	31.08	31.10	30.62	30.73	5428848	331089216.00
2016/06/02	30.65	31.01	30.53	30.81	3726262	226644176.00
2016/06/03	30.76	31.61	30.53	30.78	5737377	352566272.00
2016/06/06	30.93	31.03	30.19	30.33	4236148	255890112.00
2016/06/07	30.34	30.60	30.10	30.38	3805814	228268720.00
2016/06/08	30.38	31.43	30.35	31.16	5865989	359309536.00
2016/06/13	30.70	30.88	29.07	29.07	4781910	285824640.00
2016/06/14	28.96	29.21	28.20	28.50	2977733	168925120.00
2016/06/15	28.21	29.96	28.15	29.54	3780544	219277024.00
2016/06/16	29.44	29.77	28.91	29.04	3225683	186343680.00
2016/06/17	29.22	30.08	29.22	29.37	2985509	175234800.00
2016/06/20	29.44	30.14	28.66	29.68	3034090	176359968.00
2016/06/21	30.22	30.64	29.07	29.36	4133825	245339536.00
2016/06/22	29.32	30.17	28.96	30.14	2720096	159271200.00
2016/06/23	30.02	30.44	29.68	30.08	3194998	190092480.00
2016/06/24	29.90	30.34	28.35	29.24	4297735	250739360.00
2016/06/27	29.11	30.60	29.00	30.40	5295970	314393952.00
2016/06/28	30.19	30.66	30.09	30.55	4495586	270371488.00
2016/06/29	30.69	31.34	30.62	31.29	7326730	449461632.00
2016/06/30	31.38	31.47	30.66	30.79	4164654	254164368.00
2016/07/01	30.80	31.10	30.30	30.52	3152042	191004688.00
2016/07/04	30.34	31.11	30.34	30.98	3970664	241680528.00
2016/07/05	31.03	31.11	30.48	30.65	3837629	233287056.00
2016/07/06	30.65	31.10	30.39	30.55	2859845	173445760.00
2016/07/07	30.60	30.72	29.99	30.26	3278670	196333184.00
2016/07/08	30.26	30.58	30.15	30.30	2578061	154470576.00
2016/07/11	30.46	30.85	30.04	30.36	4454280	268068112.00
2016/07/12	30.39	30.87	29.90	30.86	4251921	255866416.00
2016/07/13	30.82	31.31	30.65	31.27	5941764	364512256.00
2016/07/14	31.27	31.36	30.91	31.32	4445164	273657248.00
2016/07/15	31.36	31.54	30.73	30.75	4931428	302567552.00
2016/07/18	30.76	30.78	30.28	30.44	2848863	171635712.00
2016/07/19	30.48	30.81	30.36	30.76	2517289	152305104.00
2016/07/20	30.76	32.29	30.68	31.77	10970114	686860800.00
2016/07/21	31.77	34.97	31.77	34.97	25260872	1679002752.00
2016/07/22	34.94	36.19	34.60	34.85	14867934	1036151104.00
2016/07/25	34.83	35.25	33.92	35.25	10022946	685132032.00
2016/07/26	35.05	35.90	34.74	35.10	8510078	592506176.00
2016/07/27	35.17	36.41	33.67	34.20	12590289	871982080.00
2016/07/28	34.23	34.32	32.65	33.26	7855170	518989920.00
2016/07/29	33.67	33.91	32.65	33.74	5660581	373284064.00
2016/08/01	33.45	33.46	31.34	32.03	6545256	415684096.00
2016/08/02	31.93	32.33	31.63	32.13	3832706	242490560.00
2016/08/03	32.06	33.05	31.61	32.72	5201840	331862048.00
2016/08/04	32.60	33.10	32.28	32.82	4442563	286548448.00
2016/08/05	32.65	32.79	31.83	31.83	4005423	254583328.00
2016/08/08	31.64	32.35	31.59	32.33	3180494	201673824.00
2016/08/09	32.37	33.26	32.33	33.22	4674254	303018880.00
2016/08/10	33.20	33.39	32.51	32.53	3956143	257121264.00
2016/08/11	32.42	32.59	31.90	31.92	3224242	204784000.00
2016/08/12	31.94	32.54	31.68	32.54	3301856	209039248.00
2016/08/15	32.48	34.08	32.19	33.78	6774047	445178144.00
2016/08/16	33.72	34.43	33.36	33.53	4948156	328928960.00
2016/08/17	33.44	33.91	33.37	33.87	3736238	248479792.00
2016/08/18	33.89	34.14	33.22	33.26	3573448	237271392.00
2016/08/19	33.21	33.35	32.79	32.94	2546688	165919216.00
2016/08/22	32.91	33.31	32.64	32.64	2060284	134161696.00
2016/08/23	32.60	32.96	32.51	32.65	1724662	111448536.00
2016/08/24	32.90	33.03	32.38	32.45	2299658	148367072.00
2016/08/25	32.24	32.24	31.68	31.92	2928762	184758624.00
2016/08/26	32.03	32.36	31.93	32.02	1632728	103649080.00
2016/08/29	32.04	32.68	31.96	32.62	2084957	133464472.00
2016/08/30	32.62	32.88	32.39	32.64	1808647	116564288.00
2016/08/31	32.65	32.74	31.82	32.00	3179079	201504336.00
2016/09/01	32.00	32.36	31.89	31.93	1841917	116863352.00
2016/09/02	31.88	32.22	31.51	31.64	2209257	138955312.00
2016/09/05	31.71	31.88	31.42	31.46	1974063	123411864.00
2016/09/06	31.62	31.98	31.17	31.97	2512421	156517568.00
2016/09/07	31.85	32.33	31.85	32.00	2176359	137895952.00
2016/09/08	32.04	32.34	31.95	32.13	1899731	120874696.00
2016/09/09	32.32	33.04	32.21	32.47	4600647	297031424.00
2016/09/12	31.92	32.05	30.74	30.76	4505416	279125376.00
2016/09/13	31.06	31.08	30.80	30.98	1771140	108365520.00
2016/09/14	30.87	31.11	30.61	30.71	1905639	116116176.00
2016/09/19	30.78	31.11	30.78	30.83	1610048	98376328.00
2016/09/20	30.89	31.07	30.80	30.94	1234067	75389128.00
2016/09/21	30.87	31.11	30.87	30.96	1016633	62361376.00
2016/09/22	31.03	31.27	30.84	30.92	1664051	102063328.00
2016/09/23	30.93	31.98	30.92	31.38	2429654	150820960.00
2016/09/26	31.32	31.60	30.71	30.78	1663066	102456240.00
2016/09/27	30.81	31.60	30.76	31.41	1964151	121419896.00
2016/09/28	31.53	31.91	31.29	31.40	1948125	121226000.00
2016/09/29	31.47	32.11	31.28	31.98	3393175	213710384.00
2016/09/30	31.82	32.03	31.68	31.73	1972226	123918616.00
2016/10/10	32.07	33.06	32.06	32.61	4014155	258437680.00
2016/10/11	32.59	32.60	32.20	32.34	2282795	145860704.00
2016/10/12	32.24	32.48	32.07	32.37	1997432	127537968.00
2016/10/13	32.35	32.52	31.88	31.94	2102410	133656976.00
2016/10/14	31.97	32.12	31.83	32.03	1388469	87709136.00
2016/10/17	32.19	32.90	31.99	32.27	4087094	262642368.00
2016/10/18	32.32	32.53	32.07	32.52	2504341	160102400.00
2016/10/19	32.53	32.63	31.95	32.09	3130069	199337696.00
2016/10/20	31.98	32.17	31.88	32.01	2008071	126977960.00
2016/10/21	32.00	32.10	31.58	31.76	2275102	142875904.00
2016/10/24	31.73	32.11	31.63	31.99	1988376	125403552.00
2016/10/25	32.00	32.11	31.94	31.97	1502985	95041960.00
2016/10/26	31.97	32.11	31.47	31.59	1972606	123758320.00
2016/10/27	31.67	31.67	31.27	31.37	1572846	97563960.00
2016/10/28	31.41	31.63	31.07	31.14	2249761	138930496.00
2016/10/31	31.07	31.31	31.01	31.17	1736285	106856408.00
2016/11/01	31.20	31.71	31.12	31.59	2383621	148287872.00
2016/11/02	30.87	31.57	30.87	31.12	1973096	121549328.00
2016/11/03	31.02	31.45	30.92	31.12	2111933	130383192.00
2016/11/04	31.26	31.62	31.17	31.27	2194858	136064560.00
2016/11/07	31.37	31.49	31.18	31.27	1745612	107990072.00
2016/11/08	31.32	31.52	31.20	31.35	2101261	130022240.00
2016/11/09	31.36	31.37	30.28	30.68	3984332	242580080.00
2016/11/10	30.85	31.10	30.85	31.01	2336072	142980752.00
2016/11/11	30.93	31.02	30.53	30.76	2916709	176878736.00
2016/11/14	30.77	31.30	30.76	31.01	2533494	155484272.00
2016/11/15	30.99	31.24	30.97	31.21	2212914	136062832.00
2016/11/16	31.31	31.72	31.08	31.62	4346039	269583072.00
2016/11/17	31.43	31.62	31.12	31.32	3046549	188297888.00
2016/11/18	31.37	31.37	30.85	31.05	2335191	143638880.00
2016/11/21	30.88	31.38	30.88	31.01	2042735	125416552.00
2016/11/22	30.99	32.26	30.99	32.01	5997250	375931584.00
2016/11/23	31.98	32.03	31.37	31.52	3402538	213053360.00
2016/11/24	31.41	31.53	31.11	31.17	2134635	132029016.00
2016/11/25	31.19	31.62	30.82	31.43	3117574	192710816.00
2016/11/28	31.63	32.10	31.44	31.85	3809838	239507776.00
2016/11/29	31.88	32.32	31.72	31.86	5035276	318424288.00
2016/11/30	31.73	32.14	31.42	32.14	3542494	223168448.00
2016/12/01	32.19	32.30	31.84	31.96	3086796	195554576.00
2016/12/02	31.88	32.01	31.05	31.32	3380755	210321152.00
2016/12/05	31.06	31.46	30.97	31.27	1786341	110569480.00
2016/12/06	31.42	31.53	30.91	31.07	2061217	126829608.00
2016/12/07	31.14	31.24	30.86	31.21	1548529	95256792.00
2016/12/08	31.27	31.41	31.13	31.21	1269668	78499736.00
2016/12/09	31.15	31.15	30.86	31.07	2225821	136259872.00
2016/12/12	31.11	31.11	29.39	29.39	3484559	207318464.00
2016/12/13	29.41	29.57	28.31	28.78	2261599	128704056.00
2016/12/14	28.79	29.06	28.62	28.77	1409661	80443376.00
2016/12/15	28.52	29.24	28.52	28.94	1515382	86714584.00
2016/12/16	28.92	29.34	28.77	29.20	1300778	74795656.00
2016/12/19	29.18	29.18	28.61	28.68	1599419	91001320.00
2016/12/20	28.68	29.07	28.68	28.82	1204048	68652144.00
2016/12/21	29.23	30.30	29.13	29.84	3100890	182866496.00
2016/12/22	29.74	29.99	29.40	29.60	1502207	88114248.00
2016/12/23	29.48	29.77	29.15	29.15	1031493	59837504.00
2016/12/26	29.08	29.41	28.87	29.32	1119749	64713244.00
2016/12/27	29.23	29.49	29.06	29.08	1116335	64438800.00
2016/12/28	29.27	29.27	28.71	28.76	1004038	57414388.00
2016/12/29	28.66	28.99	28.57	28.60	1093306	62267180.00
2016/12/30	28.62	29.38	28.57	29.02	1691845	97225560.00
2017/01/03	29.15	29.16	28.80	29.10	1286492	73758904.00
2017/01/04	29.09	29.44	29.03	29.37	1480728	85693352.00
2017/01/05	29.43	29.45	29.20	29.27	803976	46572976.00
2017/01/06	29.34	29.52	28.83	28.97	1347235	77549160.00
2017/01/09	28.86	29.19	28.86	28.99	968346	55541608.00
2017/01/10	29.08	29.08	28.74	28.79	988362	56517288.00
2017/01/11	28.79	29.00	28.70	28.74	1042851	59396212.00
2017/01/12	28.91	29.07	28.72	28.87	860041	49090948.00
2017/01/13	28.87	29.00	28.33	28.43	1378335	77876768.00
2017/01/16	28.41	28.46	25.69	26.65	2955083	157513616.00
2017/01/17	26.31	26.80	25.96	26.65	1375585	72029496.00
2017/01/18	26.66	26.75	26.33	26.57	1029637	54044192.00
2017/01/19	26.65	26.67	26.24	26.48	686744	35966320.00
2017/01/20	26.40	27.21	26.40	27.09	1482292	79043088.00
2017/01/23	27.14	27.44	27.11	27.24	1509207	81580632.00
2017/01/24	27.24	27.57	27.11	27.41	1184871	64110140.00
2017/01/25	27.36	27.73	27.36	27.56	704148	38384536.00
2017/01/26	27.57	27.78	27.51	27.58	639977	34957788.00
2017/02/03	27.63	27.77	27.30	27.40	601312	32661564.00
2017/02/06	27.41	27.54	27.15	27.42	1064349	57571608.00
2017/02/07	27.42	27.44	27.08	27.13	832430	44874248.00
2017/02/08	27.21	27.35	26.90	27.30	942282	50532892.00
2017/02/09	27.33	28.31	27.23	28.00	1781763	98092280.00
2017/02/10	27.98	29.79	27.71	28.54	2907900	165472752.00
2017/02/13	28.56	28.92	28.32	28.57	1540034	87229312.00
2017/02/14	28.72	28.92	28.46	28.60	840756	47603844.00
2017/02/15	28.53	28.78	28.11	28.13	1412977	79419360.00
2017/02/16	28.11	28.31	27.89	28.16	929373	51623400.00
2017/02/17	28.05	28.36	27.64	27.68	1169127	64459244.00
2017/02/20	27.71	29.48	27.71	28.31	1395012	78179408.00
2017/02/21	28.31	28.56	28.16	28.51	1111693	62554568.00
2017/02/22	28.55	28.68	28.28	28.43	1005828	56475820.00
2017/02/23	28.47	28.56	28.15	28.36	928213	51987484.00
2017/02/24	28.35	28.54	28.26	28.50	946259	53269608.00
2017/02/27	28.49	28.49	28.10	28.11	1064871	59519280.00
2017/02/28	28.15	28.61	28.11	28.44	1018154	57257492.00
2017/03/01	28.41	28.65	28.30	28.43	1405770	79114096.00
2017/03/02	28.57	28.57	28.21	28.24	945481	53028180.00
2017/03/03	28.16	28.26	27.81	28.21	1177720	65285696.00
2017/03/06	28.40	28.80	28.24	28.77	1931853	109383392.00
2017/04/20	26.88	27.65	26.10	26.28	4855508	255836848.00
2017/04/21	26.14	26.62	25.60	25.66	3686447	189605280.00
2017/04/24	25.70	26.41	25.30	26.29	2925286	150468144.00
2017/04/25	26.29	26.44	25.81	25.93	2206696	114375528.00
2017/04/26	25.68	26.76	25.68	26.03	2678117	139610336.00
2017/04/27	26.07	26.62	26.02	26.58	2400858	125589296.00
2017/04/28	26.29	26.53	26.14	26.35	2130454	110974752.00
2017/05/02	26.32	26.73	26.17	26.36	2409807	126174456.00
2017/05/03	26.31	26.62	26.20	26.48	1518028	79594720.00
2017/05/04	26.47	26.98	26.30	26.66	2664526	141196192.00
2017/05/05	26.48	27.29	26.48	26.50	1270422	67060220.00
2017/05/08	26.55	26.77	26.07	26.20	1448741	76074216.00
2017/05/09	26.20	26.32	25.85	26.16	1488941	76742304.00
2017/05/10	26.16	26.37	25.69	25.82	1324839	68420296.00
2017/05/11	25.77	25.91	24.68	25.01	2474899	123441184.00
2017/05/12	24.89	25.45	24.88	25.24	1234240	61674544.00
2017/05/15	25.77	26.16	25.76	25.91	1423597	73139904.00
2017/05/16	25.79	26.27	25.77	26.23	1680287	86836952.00
2017/05/17	26.37	27.25	26.27	26.85	3088732	163990768.00
2017/05/18	26.65	27.08	26.29	26.38	2299748	121388776.00
2017/05/19	26.43	26.92	26.28	26.79	1555558	81843288.00
2017/05/22	26.65	26.74	26.16	26.29	1400892	73256048.00
2017/05/23	26.17	26.51	25.46	25.47	1695278	87392576.00
2017/05/24	25.47	26.03	25.11	26.03	1752143	89295120.00
2017/05/25	26.06	26.44	25.77	26.22	1413288	72956064.00
2017/05/26	26.32	26.70	26.21	26.50	1504158	78637016.00
2017/05/31	26.68	26.82	26.42	26.44	1769126	92890688.00
2017/06/01	26.53	26.53	26.16	26.17	1839764	96162384.00
2017/06/02	26.15	26.71	25.51	26.65	1926774	99849768.00
2017/06/05	26.69	26.87	26.48	26.66	1628600	86024720.00
2017/06/06	26.54	26.74	26.19	26.38	1592736	83402384.00
2017/06/07	26.47	27.12	26.38	27.03	2907461	154686416.00
2017/06/08	27.09	27.12	26.83	26.96	1685864	89895352.00
2017/06/09	27.01	27.05	26.71	26.97	1506217	80122992.00
2017/06/12	26.83	26.85	26.41	26.47	1659999	87366624.00
2017/06/13	26.42	26.77	26.42	26.63	1461735	77090640.00
2017/06/14	26.67	26.86	26.56	26.66	1126501	59512248.00
2017/06/15	26.65	27.28	26.58	27.06	2375253	127110704.00
2017/06/16	27.06	27.60	26.99	27.53	2556170	138324496.00
2017/06/19	27.40	27.69	27.34	27.44	2125473	115637720.00
2017/06/20	27.60	27.73	27.37	27.43	1367358	74359544.00
2017/06/21	27.80	27.89	27.31	27.59	1939890	105568896.00
2017/06/22	27.50	29.02	27.40	28.09	5641944	316563904.00
2017/06/23	27.90	28.59	27.86	28.52	3583518	200446848.00
2017/06/26	28.59	30.33	28.57	30.14	7338246	430554592.00
2017/06/27	30.35	30.43	29.74	29.90	3814691	226178208.00
2017/06/28	29.85	30.29	29.38	29.59	3779961	222789216.00
2017/06/29	29.64	31.80	29.64	30.86	8494966	518700672.00
2017/06/30	30.51	31.10	30.36	30.92	4977884	303032608.00
2017/07/03	30.94	31.21	30.46	30.65	4544603	276180544.00
2017/07/04	30.86	31.12	29.75	30.02	6211233	370827360.00
2017/07/05	30.06	30.07	29.26	30.04	4920584	289444768.00
2017/07/06	30.04	30.61	29.74	29.84	4845546	288732064.00
2017/07/07	29.69	30.06	29.44	29.86	3080203	181128608.00
2017/07/10	29.79	29.86	29.02	29.42	5367457	310965216.00
2017/07/11	29.34	29.64	29.17	29.18	2991260	173482128.00
2017/07/12	29.08	29.27	28.48	28.91	3622345	205891616.00
2017/07/13	28.91	29.58	28.65	29.58	4703335	270968544.00
2017/07/14	29.48	29.70	29.30	29.39	2681667	156008112.00
2017/07/17	29.48	29.48	26.83	27.47	5761020	319666144.00
2017/07/18	27.36	28.05	27.36	27.73	2264618	124257848.00
2017/07/19	27.50	28.34	27.50	28.27	2875874	158795824.00
2017/07/20	28.16	28.64	27.15	27.31	6371964	350479264.00
2017/07/21	27.69	28.06	27.35	27.79	4464271	244338880.00
2017/07/24	27.79	27.79	27.24	27.49	3398460	184039936.00
2017/07/25	27.45	27.63	27.14	27.15	2759390	149035632.00
2017/07/26	27.16	27.29	26.76	26.83	2560124	136280512.00
2017/07/27	26.76	27.95	26.47	27.80	3943592	214002032.00
2017/07/28	27.74	27.75	27.30	27.34	2366876	128275976.00
2017/07/31	27.37	28.06	27.26	27.88	3282587	180132128.00
2017/08/01	27.85	28.00	27.67	27.85	2371055	130125816.00
2017/08/02	27.85	28.08	27.45	27.47	2717846	148708416.00
2017/08/03	27.35	27.67	27.13	27.31	1893306	102497368.00
2017/08/04	27.32	27.73	27.24	27.33	1924438	104575560.00
2017/08/07	27.32	27.75	27.19	27.37	1861289	100845016.00
2017/08/08	27.32	27.34	27.06	27.14	2378151	127686904.00
2017/08/09	27.13	27.30	27.09	27.24	1241607	66760104.00
2017/08/10	27.29	27.99	27.15	27.88	4165880	227994752.00
2017/08/11	27.85	27.85	26.83	26.96	3344376	180509856.00
2017/08/14	26.96	27.80	26.91	27.72	2893627	156984736.00
2017/08/15	27.72	27.99	27.55	27.80	2630646	144271776.00
2017/08/16	27.81	28.59	27.56	28.41	4765006	264381312.00
2017/08/17	28.27	30.48	28.19	29.38	9270277	537646976.00
2017/08/18	29.16	29.54	28.88	29.02	4594812	264119104.00
2017/08/21	29.02	30.20	29.02	29.46	4940358	289428480.00
2017/08/22	29.39	29.89	28.64	28.83	4918670	282579136.00
2017/08/23	28.86	29.10	28.47	28.61	3143743	178538848.00
2017/08/24	28.57	28.84	28.47	28.74	1928919	109054984.00
2017/08/25	28.87	28.94	28.37	28.71	2856279	161867424.00
2017/08/28	28.86	29.68	28.71	29.44	4507888	260618432.00
2017/08/29	29.41	29.51	29.06	29.16	2716724	156636800.00
2017/08/30	29.26	29.52	29.02	29.23	2855094	165084192.00
2017/08/31	29.23	29.55	29.18	29.46	2772471	160761952.00
2017/09/01	29.50	29.63	29.04	29.42	3312539	191526416.00
2017/09/04	29.42	30.64	29.23	30.40	8225739	490902624.00
2017/09/05	30.25	31.16	30.07	30.11	6029506	362904736.00
2017/09/06	30.04	30.52	29.83	30.36	4711750	280532320.00
2017/09/07	30.35	30.56	29.54	29.55	5500955	324983424.00
2017/09/08	29.45	29.87	29.23	29.59	3117093	181891408.00
2017/09/11	29.53	29.73	29.40	29.66	1862740	108664344.00
2017/09/12	29.69	30.39	29.33	29.98	3864805	226779984.00
2017/09/13	29.96	29.96	29.47	29.56	2230496	130368128.00
2017/09/14	29.47	30.09	29.45	29.70	2810048	165247600.00
2017/09/15	29.66	29.66	28.83	28.95	4058923	233185344.00
2017/09/18	28.97	29.48	28.90	29.16	2815794	162161008.00
2017/09/19	29.33	29.33	28.82	28.83	2795461	160302608.00
2017/09/20	28.81	30.84	28.81	30.40	9932320	589622464.00
2017/09/21	30.40	30.52	29.68	29.79	6070056	360254176.00
2017/09/22	29.88	30.32	29.73	30.00	4289184	253914048.00
2017/09/25	30.15	30.66	29.33	29.46	4957679	293746272.00
2017/09/26	29.32	29.36	28.83	29.04	3028530	173240064.00
2017/09/27	29.05	30.19	28.88	29.99	4601325	268455776.00
2017/09/28	29.87	30.63	29.75	30.12	6485286	387334240.00
2017/09/29	30.38	31.52	30.14	31.17	9422284	575044800.00
2017/10/09	31.73	33.40	31.73	32.13	10119590	649119104.00
2017/10/10	32.26	32.69	31.83	32.33	6067672	386401152.00
2017/10/11	32.36	32.83	31.68	31.78	6667960	422628800.00
2017/10/12	31.89	32.25	31.54	32.00	4998779	314733696.00
2017/10/13	31.99	32.00	31.52	31.70	3245395	202835648.00
2017/10/16	31.69	32.34	31.32	31.32	5535226	348087232.00
2017/10/17	31.09	31.49	30.66	31.31	3591208	220533248.00
2017/10/18	31.27	31.73	30.78	30.91	3607927	223086608.00
2017/10/19	30.88	31.16	30.30	30.42	3406540	205930400.00
2017/10/20	30.40	30.71	29.90	30.70	3296238	197308880.00
2017/10/23	30.56	30.85	30.51	30.77	2547465	154056672.00
2017/10/24	30.76	30.77	29.93	30.36	3069194	183348704.00
2017/10/25	30.45	30.70	30.34	30.63	2461078	148383024.00
2017/10/26	30.65	31.58	30.45	31.50	5130518	315677728.00
2017/10/27	31.42	31.42	30.96	31.07	3317112	204153040.00
2017/10/30	31.01	31.93	30.60	31.76	6906031	429123712.00
2017/10/31	31.78	32.11	31.48	32.02	5014944	315260832.00
2017/11/01	32.00	32.52	31.63	31.67	6597672	417789344.00
2017/11/02	31.58	31.98	31.25	31.50	4083140	254935520.00
2017/11/03	31.55	32.56	31.42	32.44	7302590	464352864.00
2017/11/06	32.48	32.95	32.13	32.92	7113748	457477472.00
2017/11/07	32.90	33.39	32.66	33.02	7678054	501078880.00
2017/11/08	33.10	33.67	32.42	32.47	7466405	486510208.00
2017/11/09	32.35	33.92	32.14	33.92	8968401	583912448.00
2017/11/10	33.81	34.99	33.72	34.08	9605706	648574464.00
2017/11/13	34.13	35.91	33.97	35.86	11090868	767205312.00
2017/11/14	35.76	35.91	34.56	34.77	8511351	592032064.00
2017/11/15	34.74	36.32	34.65	35.41	10075993	705129024.00
2017/11/16	35.97	36.19	34.48	35.35	9218546	639672704.00
2017/11/17	35.04	35.80	33.71	33.77	9439147	648128512.00
2017/11/20	33.82	37.17	33.71	37.17	16064706	1138393984.00
2017/11/21	37.29	38.86	36.63	37.67	15560619	1154003328.00
2017/11/22	37.52	39.64	37.06	38.62	15309198	1156683008.00
2017/11/23	38.17	38.51	36.38	36.41	11065629	818319040.00
2017/11/24	36.48	37.36	34.98	35.25	9567097	685315584.00
2017/11/27	35.53	36.51	34.09	34.51	9866434	687358080.00
2017/11/28	34.42	36.62	34.17	36.38	10716012	745104576.00
2017/11/29	36.02	36.02	33.87	34.89	9930049	685625088.00
2017/11/30	34.13	34.68	33.72	33.89	6886620	463781888.00
2017/12/01	33.97	34.93	33.80	34.36	7464482	507251616.00
2017/12/04	34.28	34.28	32.74	32.80	8628602	563778048.00
2017/12/05	32.94	33.10	31.56	31.90	7829247	498578080.00
2017/12/06	32.07	32.83	31.76	32.70	6756333	430275008.00
2017/12/07	32.46	32.59	31.84	31.90	4458047	283567264.00
2017/12/08	31.83	33.06	31.79	32.73	6674560	430777056.00
2017/12/11	33.87	34.48	33.69	33.89	10637477	715469376.00
2017/12/12	33.92	34.22	33.51	33.52	5842566	389655712.00
2017/12/13	33.28	33.99	33.21	33.89	4074464	271417568.00
2017/12/14	33.83	34.90	33.80	34.63	7799052	529451840.00
2017/12/15	34.56	34.96	33.46	33.67	6360619	428840608.00
2017/12/18	33.61	33.61	31.93	32.40	5758974	371337280.00
2017/12/19	32.40	33.05	32.39	32.85	2813952	181946512.00
2017/12/20	32.95	32.97	32.04	32.38	3402343	217696192.00
2017/12/21	32.38	33.35	32.12	33.21	4514464	293032832.00
2017/12/22	33.10	33.80	32.98	33.62	4161251	274552000.00
2017/12/25	33.52	34.05	33.37	33.68	4027468	267948496.00
2017/12/26	33.68	33.96	33.01	33.83	3834476	253782560.00
2017/12/27	33.81	37.22	33.68	34.90	8844492	615302016.00
2017/12/28	35.35	38.35	34.74	38.21	16015383	1164094720.00
2017/12/29	37.24	37.49	36.16	36.54	12354355	896544960.00
2018/01/02	36.73	37.08	36.06	36.66	5887337	424166784.00
2018/01/03	36.63	37.54	36.62	36.73	6714791	488682528.00
2018/01/04	36.78	37.42	36.13	36.52	6539371	473738720.00
2018/01/05	36.38	36.68	35.67	35.87	6350202	451170464.00
2018/01/08	35.94	36.27	34.93	35.40	5733007	398554112.00
2018/01/09	35.41	35.73	35.09	35.66	4628387	323460320.00
2018/01/10	35.53	36.00	34.99	35.51	4449892	311341024.00
2018/01/11	35.48	36.98	35.16	36.63	8158276	585658944.00
2018/01/12	36.42	37.03	35.90	35.93	5253333	376110656.00
2018/01/15	35.87	35.87	33.16	33.35	9089928	612445568.00
2018/01/16	33.26	33.76	32.86	33.18	5098953	334176192.00
2018/01/17	33.16	33.31	31.91	33.05	5436979	349145728.00
2018/01/18	33.03	33.25	32.65	33.05	2480761	161428752.00
2018/01/19	32.60	33.59	32.60	33.22	3264294	214243424.00
2018/01/22	33.32	33.91	32.77	33.52	3618049	238444432.00
2018/01/23	33.72	33.77	33.27	33.32	2362589	155690736.00
2018/01/24	33.35	34.59	32.60	34.06	5400711	358334848.00
2018/01/25	34.02	34.30	33.39	33.42	3204314	213601696.00
2018/01/26	33.66	34.18	33.34	33.34	3214399	213808592.00
2018/01/29	32.95	33.05	31.73	32.02	5403307	343931232.00
2018/01/30	32.03	32.16	31.78	32.02	1631987	103093760.00
2018/01/31	31.93	32.14	30.58	30.69	4005879	245125968.00
2018/02/01	30.69	31.11	29.99	30.18	3425651	206374368.00
2018/02/02	30.05	30.84	29.47	30.41	2288014	137151648.00
2018/02/05	29.87	30.48	29.54	29.91	2100724	124663696.00
2018/02/06	28.87	29.29	27.29	27.34	5177469	290412352.00
2018/02/07	28.14	28.45	27.00	28.05	4329825	239650624.00
2018/02/08	28.08	29.13	28.08	28.65	2978930	169064000.00
2018/02/09	27.95	28.62	27.35	28.07	3274219	180782576.00
2018/02/12	28.36	29.46	28.36	29.18	2913984	166802384.00
2018/02/13	29.21	29.69	28.97	29.05	2510228	145011888.00
2018/02/14	29.05	29.26	28.60	28.81	2149308	122037336.00
2018/02/22	29.36	30.51	29.06	30.09	3130098	185220688.00
2018/02/23	30.33	30.36	29.74	30.13	2992083	177415888.00
2018/02/26	30.32	31.25	29.95	30.82	4298056	260745280.00
2018/02/27	30.86	31.54	30.71	30.82	3730211	228813360.00
2018/02/28	30.40	31.24	30.20	30.66	2770121	168388720.00
2018/03/01	30.56	33.74	30.51	33.74	15041449	979042816.00
2018/03/02	34.18	34.42	33.32	34.02	11684525	781359424.00
2018/03/05	34.01	35.14	33.80	34.99	10799764	732352512.00
2018/03/06	34.69	34.91	33.90	34.24	7396158	500647360.00
2018/03/07	34.02	34.54	33.57	33.81	4984621	334502592.00
2018/03/08	33.73	34.21	33.53	33.91	3850496	257262336.00
2018/03/09	33.82	35.04	33.72	34.54	6568445	447061696.00
2018/03/12	35.01	36.22	34.81	34.94	8933315	625027968.00
2018/03/13	34.59	36.26	34.51	35.30	8497300	596961664.00
2018/03/14	35.02	36.02	34.23	34.27	6065742	420135904.00
2018/03/15	34.15	34.68	33.72	34.66	4607704	311155392.00
2018/03/16	34.59	34.96	33.88	33.91	3697369	250832752.00
2018/03/19	33.62	35.24	33.62	34.60	5657778	386916160.00
2018/03/20	34.48	34.64	33.94	34.50	3449772	233261424.00
2018/03/21	34.74	35.70	34.18	34.41	5598595	387848160.00
2018/03/22	34.28	35.24	33.89	33.95	4968331	338457184.00
2018/03/23	32.42	32.77	30.57	30.93	9481442	594216064.00
2018/03/26	30.40	32.39	30.40	32.30	5952020	372188704.00
2018/03/27	32.81	34.32	32.54	34.08	7463599	493873440.00
2018/03/28	33.46	35.10	33.37	34.47	6343475	428440448.00
2018/03/29	34.38	35.47	33.94	34.83	6859962	470481184.00
2018/03/30	35.18	37.75	35.12	36.96	13988194	1010484288.00
2018/04/02	37.70	40.68	37.67	40.68	18201661	1415931008.00
2018/04/03	40.52	41.49	39.29	41.01	17689723	1410257664.00
2018/04/04	40.81	40.81	39.07	39.26	10201574	801654080.00
2018/04/09	38.72	39.08	37.70	38.28	12638253	954597696.00
2018/04/10	38.47	38.47	37.31	38.13	9691499	723648704.00
2018/04/11	38.13	38.74	37.67	37.82	9169743	691188352.00
2018/04/12	37.70	38.17	36.82	37.06	7150850	526741216.00
2018/04/13	37.54	37.69	37.02	37.11	6170972	454270816.00
2018/04/16	36.88	38.72	36.84	38.43	12174864	913590400.00
2018/04/17	38.69	39.53	36.53	37.09	12329016	928828160.00
2018/04/18	37.63	40.82	36.80	40.31	16060966	1244050560.00
2018/04/19	40.11	40.35	38.79	39.06	12990156	1009394240.00
2018/04/20	38.67	40.34	38.39	38.86	11078606	860636288.00
2018/04/23	39.09	39.52	36.47	36.93	10293689	762167040.00
2018/04/24	36.73	37.88	34.48	37.70	8842345	634328768.00
2018/04/25	37.19	39.51	37.04	39.27	9577764	729975296.00
2018/04/26	38.57	38.57	37.39	37.56	6588006	493663552.00
2018/04/27	38.11	38.24	36.02	36.54	5089181	371010528.00
2018/05/02	36.58	37.55	36.31	36.65	3693122	268344576.00
2018/05/03	36.50	36.68	34.78	36.44	6272730	441445472.00
2018/05/04	36.40	37.75	36.02	36.43	4887475	355648800.00
2018/05/07	36.47	37.54	36.46	37.39	3928448	287899872.00
2018/05/08	37.39	37.55	36.72	37.04	3760576	274054976.00
2018/05/09	37.05	37.51	36.73	36.86	2905093	212453024.00
2018/05/10	36.98	37.03	35.60	36.00	4520945	322807872.00
2018/05/11	36.01	36.29	35.14	35.28	4034122	283236832.00
2018/05/14	35.55	36.17	34.94	35.47	3789626	265935808.00
2018/05/15	35.48	36.82	35.30	36.70	4569982	323703168.00
2018/05/16	36.52	36.65	36.02	36.26	3515796	251794944.00
2018/05/17	36.20	36.83	35.91	36.13	2850046	204343168.00
2018/05/18	35.95	36.43	35.40	36.00	2836151	200462784.00
2018/05/21	35.76	37.43	35.73	37.33	6146630	446580224.00
2018/05/22	37.39	37.53	36.82	37.33	3626883	265442736.00
2018/05/23	37.21	38.26	37.04	37.27	5934365	439835552.00
2018/05/24	37.23	37.99	37.11	37.55	4307586	318832032.00
2018/05/25	37.58	37.67	35.69	35.73	5387337	387596800.00
2018/05/28	35.81	35.91	34.60	34.66	5310915	368399808.00
2018/05/29	34.72	35.39	34.46	34.50	3174064	218178400.00
2018/05/30	34.27	35.08	33.77	34.30	3165434	215805088.00
2018/05/31	34.64	34.84	33.21	34.13	4048196	271157728.00
2018/06/01	34.07	34.32	33.23	33.37	2459360	163355008.00
2018/06/04	33.66	33.90	32.70	33.46	3097051	204206752.00
2018/06/05	33.72	34.39	33.58	34.35	3095109	207630176.00
2018/06/06	34.34	34.62	34.02	34.21	2465995	166968032.00
2018/06/07	34.48	34.71	33.97	34.02	1972066	133445800.00
2018/06/08	34.07	34.42	33.46	33.69	2335544	156319072.00
2018/06/11	33.67	33.67	32.91	33.03	2311983	151197968.00
2018/06/12	33.03	33.43	32.56	33.31	2212153	143788528.00
2018/06/13	32.95	34.19	32.90	33.21	2656191	176025088.00
2018/06/14	33.17	33.80	32.80	33.26	2911317	191146176.00
2018/06/15	33.21	33.47	32.24	32.30	3263136	209954768.00
2018/06/19	31.94	32.54	29.05	29.64	5410077	326493856.00
2018/06/20	29.66	30.53	29.51	30.29	3571690	211916048.00
2018/06/21	30.27	30.51	28.97	29.02	3251913	189996048.00
2018/06/22	28.75	29.89	28.52	29.49	2489283	144486720.00
2018/06/25	29.89	30.02	29.12	29.16	2308917	134887584.00
2018/06/26	28.53	30.45	28.52	30.18	3626544	213997520.00
2018/06/27	30.25	30.61	29.71	29.82	3249712	192951008.00
2018/06/28	29.95	30.47	29.82	29.97	3014444	179734384.00
2018/06/29	30.14	31.90	30.06	31.73	6865065	420558176.00
2018/07/02	31.73	31.96	31.08	31.42	3967688	246703104.00
2018/07/03	31.50	33.08	31.19	32.76	5514304	349082560.00
2018/07/04	32.44	32.66	31.07	31.37	4217489	263439408.00
2018/07/05	31.53	31.53	29.54	29.90	5299286	225907040.00
2018/07/06	29.91	30.84	29.18	30.19	6186378	262531760.00
2018/07/09	30.09	30.75	29.77	30.71	4067357	174161792.00
2018/07/10	30.57	30.82	30.14	30.71	3565204	152634352.00
2018/07/11	30.06	30.13	28.29	29.06	6197692	254308800.00
2018/07/12	29.04	31.04	28.90	30.54	7464904	318321824.00
2018/07/13	30.56	31.13	30.54	30.93	4594605	198898656.00
2018/07/16	31.07	32.39	31.07	31.82	6836043	305256224.00
2018/07/17	31.76	32.27	31.33	31.97	5222567	233439888.00
2018/07/18	32.10	32.70	31.36	31.43	4351184	194471632.00
2018/07/19	31.53	31.63	30.75	31.01	4168525	182308416.00
2018/07/20	30.76	32.02	30.75	31.89	5870814	260573024.00
2018/07/23	31.89	33.60	31.51	33.34	10774096	499825248.00
2018/07/24	33.39	34.54	32.82	33.39	7972652	376219136.00
2018/07/25	33.54	36.74	33.42	35.75	14959659	739842240.00
2018/07/26	34.18	34.96	33.52	34.05	11161236	536922944.00
2018/07/27	33.96	34.04	33.04	33.39	4526294	212826704.00
2018/07/30	33.34	33.94	32.84	33.21	3854272	180201760.00
2018/07/31	33.21	35.03	33.21	34.21	6259610	300128544.00
2018/08/01	34.54	34.73	33.48	33.54	5396808	258265296.00
2018/08/02	33.09	33.82	32.20	33.59	5236965	241874944.00
2018/08/03	33.33	33.60	32.33	32.36	3733395	172526704.00
2018/08/06	32.04	32.29	29.61	29.77	7764787	335683744.00
2018/08/07	29.96	30.71	29.20	30.70	6739015	284666208.00
2018/08/08	30.43	30.79	29.04	29.11	7619624	317741920.00
2018/08/09	29.31	31.95	29.14	31.18	9824233	425061376.00
2018/08/10	31.29	32.29	30.96	32.16	8844475	395100736.00
2018/08/13	32.68	34.30	32.39	34.07	11168186	523486976.00
2018/08/14	33.46	34.16	33.16	33.91	6819889	322988128.00
2018/08/15	33.96	34.75	33.26	33.31	8475135	403554784.00
2018/08/16	32.64	34.07	32.26	33.04	6521424	306130368.00
2018/08/17	33.68	34.01	31.85	31.85	7242419	334334208.00
2018/08/20	32.22	33.54	31.90	33.26	7980286	366753312.00
2018/08/21	33.39	34.16	32.76	33.71	7373900	347270016.00
2018/08/22	33.44	33.94	32.86	33.01	4908176	229419488.00
2018/08/23	32.83	34.07	32.83	33.68	7385388	349480672.00
2018/08/24	33.61	33.67	32.46	32.79	7361781	340545248.00
2018/08/27	32.94	34.38	32.90	34.11	9031513	428652736.00
2018/08/28	34.16	34.61	33.69	33.96	7148249	341498400.00
2018/08/29	33.88	34.04	32.97	33.55	6375398	298767072.00
2018/08/30	33.48	33.57	32.04	32.20	8763826	400288384.00
2018/08/31	32.04	32.50	31.68	32.04	4476881	201736848.00
2018/09/03	32.05	32.15	30.67	31.97	5672416	249314080.00
2018/09/04	31.86	32.80	31.54	32.46	5415135	244952512.00
2018/09/05	32.32	32.32	30.61	30.71	9149591	400111392.00
2018/09/06	30.33	31.30	30.32	30.72	4493437	194677088.00
2018/09/07	30.82	31.27	29.38	29.75	6555333	277333792.00
2018/09/10	29.98	30.11	29.21	29.41	3573011	148716416.00
2018/09/11	29.63	30.09	29.36	29.69	3348506	139786672.00
2018/09/12	29.81	30.34	29.68	29.84	4050603	170846304.00
2018/09/13	30.32	30.59	29.63	30.14	3908116	165634208.00
2018/09/14	30.14	30.24	29.31	29.44	3338497	139227504.00
2018/09/17	29.39	29.39	28.68	28.72	2722446	110621328.00
2018/09/18	28.54	29.38	28.54	29.36	3033574	124012160.00
2018/09/19	29.31	30.50	29.14	30.03	4803361	202023200.00
2018/09/20	29.96	30.19	29.76	29.79	2006446	84323032.00
2018/09/21	29.93	30.43	29.61	30.20	3126646	132052352.00
2018/09/25	30.09	30.75	29.91	30.36	2806992	119943136.00
2018/09/26	30.57	30.68	30.14	30.54	2885011	123337000.00
2018/09/27	30.38	30.68	29.86	29.94	2800420	118953856.00
2018/09/28	29.89	30.21	29.66	29.99	2382816	100363544.00
2018/10/08	29.08	29.16	27.88	27.97	5184456	207720784.00
2018/10/09	27.99	28.43	27.77	27.94	2611013	102769408.00
2018/10/10	28.07	29.19	27.06	28.25	4273773	168043184.00
2018/10/11	27.03	27.94	25.41	25.59	6637490	246234512.00
2018/10/12	25.59	25.82	24.04	25.25	5469367	192042400.00
2018/10/15	25.42	25.84	24.43	24.47	3734344	132367560.00
2018/10/16	24.47	25.07	22.74	22.89	7119586	238543424.00
2018/10/17	23.59	24.04	23.11	23.92	7347426	244179552.00
2018/10/18	23.74	24.39	23.52	23.79	5241428	176962640.00
2018/10/26	24.10	25.96	23.89	24.48	8350124	294327232.00
2018/10/29	24.73	24.84	23.72	24.16	5358989	182466592.00
2018/10/30	24.04	24.16	21.95	23.22	7140580	229987440.00
2018/10/31	23.27	23.94	23.26	23.60	4598953	152830416.00
2018/11/01	24.32	25.39	24.29	24.65	9199928	320069120.00
2018/11/02	25.18	25.52	24.94	25.49	7855954	279001696.00
2018/11/05	25.60	25.60	24.94	25.49	5133459	182161504.00
2018/11/06	25.53	26.87	25.49	26.15	10223176	377710912.00
2018/11/07	25.61	26.29	25.29	25.63	6763154	245842448.00
2018/11/08	25.89	26.02	25.32	25.61	5234787	188993184.00
2018/11/09	25.53	25.57	25.00	25.25	4275890	152206752.00
2018/11/12	25.06	26.08	25.06	26.08	5333302	192715568.00
2018/11/13	25.72	26.43	25.56	26.09	6061628	221632352.00
2018/11/14	25.89	26.59	25.69	26.32	6127494	225652736.00
2018/11/15	25.96	27.03	25.96	27.02	7313922	273439680.00
2018/11/16	27.04	27.66	26.64	27.27	7508058	286363680.00
2018/11/19	27.08	27.17	26.69	26.89	4650468	175583232.00
2018/11/20	26.67	27.26	26.24	26.34	6111528	229027552.00
2018/11/21	25.78	26.20	25.69	26.10	3725108	135912000.00
2018/11/22	26.25	26.42	26.00	26.17	2510871	92510304.00
2018/11/23	26.15	26.17	24.76	24.76	5055092	181063040.00
2018/11/26	24.79	25.08	24.40	24.59	2993152	104114504.00
2018/11/27	24.75	25.23	24.68	24.86	2618987	91905568.00
2018/11/28	24.99	25.43	24.75	25.35	3546158	125414072.00
2018/11/29	25.64	25.76	24.89	24.89	3120416	111408504.00
2018/11/30	24.90	24.96	23.99	24.87	2860161	98670664.00
2018/12/03	25.61	26.02	25.32	26.02	5776355	208723792.00
2018/12/04	25.71	26.04	25.64	25.89	3615817	131183184.00
2018/12/05	25.39	25.59	25.28	25.35	2909510	103919992.00
2018/12/06	25.25	25.38	24.61	24.63	3483173	122314768.00
2018/12/07	24.82	25.19	24.70	24.99	2388461	83841688.00
2018/12/10	24.39	24.86	24.25	24.43	2240720	77303096.00
2018/12/11	24.45	24.81	24.45	24.69	1428341	49473424.00
2018/12/12	24.89	24.89	24.39	24.43	1581777	54593200.00
2018/12/13	24.54	24.86	24.28	24.71	2161535	75057920.00
2018/12/14	24.45	24.63	23.69	23.80	2936405	99786488.00
2018/12/17	23.70	23.98	23.50	23.69	2192186	73132360.00
2018/12/18	23.69	23.84	23.20	23.34	2496596	82301504.00
2018/12/19	23.47	23.56	22.97	23.06	2002906	65560396.00
2018/12/20	22.99	23.29	22.86	23.19	1849316	60134484.00
2018/12/21	23.16	23.16	22.23	22.43	3707656	118003584.00
2018/12/24	22.39	22.96	22.26	22.95	3160967	101165432.00
2018/12/25	22.81	23.04	22.05	23.04	3780007	119868168.00
2018/12/26	22.75	22.98	22.64	22.64	2724598	87241904.00
2018/12/27	23.05	23.11	22.24	22.24	3013342	96498912.00
2018/12/28	22.29	22.61	22.01	22.22	2383556	74674336.00
2019/01/02	22.36	22.53	22.16	22.32	1925894	60512652.00
2019/01/03	22.19	22.60	22.08	22.13	1936325	60713948.00
2019/01/04	21.96	22.78	21.69	22.67	3800188	119252208.00
2019/01/07	22.79	23.31	22.68	23.24	5011199	162834624.00
2019/01/08	23.16	23.39	22.89	22.97	3032440	98386872.00
2019/01/09	23.11	23.61	22.95	23.05	4692979	153454672.00
2019/01/10	22.95	23.08	22.52	22.61	4547854	145533776.00
2019/01/11	22.84	23.09	22.75	23.06	4191015	135437360.00
2019/01/14	23.07	23.22	22.79	22.91	2648350	85620024.00
2019/01/15	22.91	23.31	22.81	23.31	3760508	122024264.00
2019/01/16	23.32	23.74	23.19	23.39	4963040	163749488.00
2019/01/17	23.32	23.37	22.66	22.66	3895610	125734096.00
2019/01/18	22.64	22.94	22.51	22.82	3667869	117200000.00
2019/01/21	22.82	23.30	22.80	23.13	3858200	125262616.00
2019/01/22	23.13	23.21	22.81	22.89	2687833	86843344.00
2019/01/23	22.86	22.86	22.34	22.56	2732365	86630168.00
2019/01/24	22.54	23.68	22.41	23.39	7715415	252281888.00
2019/01/25	23.32	23.58	23.01	23.12	4216814	138021360.00
2019/01/28	23.19	23.54	23.11	23.18	3189941	104618920.00
2019/01/29	22.91	23.11	22.33	22.77	3394090	108566776.00
2019/01/30	22.72	22.88	21.84	21.91	4662823	146426912.00
2019/01/31	21.91	22.32	21.63	21.78	3277861	101271224.00
2019/02/01	21.79	22.25	21.79	22.20	3199037	99514600.00
2019/02/11	22.31	23.67	22.31	23.53	8204366	265765136.00
2019/02/12	23.53	23.74	23.33	23.60	5592376	185290144.00
2019/02/13	23.70	25.86	23.60	24.99	10917705	382954592.00
2019/02/14	24.99	24.99	24.39	24.84	6215215	216763648.00
2019/02/15	25.05	25.63	24.84	24.97	7664598	271701792.00
2019/02/18	25.19	26.38	25.18	26.09	11576532	419959136.00
2019/02/19	26.18	26.59	25.75	26.35	9780587	360202368.00
2019/02/20	26.28	26.28	25.62	25.99	6138816	223626256.00
2019/02/21	25.83	26.70	25.66	25.82	9169545	337753600.00
2019/02/22	25.86	26.54	25.64	26.52	8025925	295794944.00
2019/02/25	27.18	28.76	27.18	28.34	14615304	574527488.00
2019/02/26	28.46	29.81	27.54	28.53	14339919	572840256.00
2019/02/27	28.38	29.43	27.56	27.89	10868843	434593056.00
2019/02/28	27.98	28.44	27.68	28.09	5544591	218666320.00
2019/03/01	28.32	28.39	27.12	27.71	8232371	318501312.00
2019/03/04	28.29	29.19	28.10	28.36	14272342	574379136.00
2019/03/05	28.37	30.77	28.16	30.56	19369925	803492736.00
2019/03/06	30.71	33.08	30.71	31.61	20776078	930112960.00
2019/03/07	31.61	32.25	30.71	31.51	14970707	659517696.00
2019/03/08	30.61	34.67	30.26	32.91	30958590	1454010112.00
2019/03/11	33.96	34.11	31.89	33.61	20751595	963186560.00
2019/03/12	34.09	34.45	33.51	34.36	16974882	810298368.00
2019/03/13	34.21	34.21	31.86	32.09	14451457	670497472.00
2019/03/14	31.95	32.39	30.57	31.04	9963428	439179616.00
2019/03/15	31.32	31.95	30.96	31.34	6884952	304750048.00
2019/03/18	31.36	31.61	30.71	31.57	8804672	386306176.00
2019/03/19	31.46	32.61	31.04	31.74	9481396	424536032.00
2019/03/20	31.89	31.89	30.54	30.99	9642545	420545440.00
2019/03/21	31.18	32.01	30.82	31.67	10726310	477828448.00
2019/03/22	31.64	31.89	30.71	31.26	9150422	400915584.00
2019/03/25	30.61	31.63	30.38	30.87	8446853	366979456.00
2019/03/26	30.95	31.14	29.09	29.45	9950045	420822624.00
2019/03/27	29.76	29.89	28.76	29.39	7494088	308852000.00
2019/03/28	29.24	30.81	28.99	29.56	9583192	404720960.00
2019/03/29	29.56	31.24	29.26	31.03	13435180	576138304.00
2019/04/01	31.25	32.18	31.04	31.82	12437408	553202176.00
2019/04/02	32.03	34.54	31.50	33.11	18710275	866672256.00
2019/04/03	32.63	32.77	32.04	32.48	9645117	438495360.00
2019/04/04	32.80	33.06	32.04	32.25	8914078	405873440.00
2019/04/08	32.60	32.61	30.86	31.25	9798039	434643200.00
2019/04/09	31.07	31.96	31.07	31.50	5756173	255252944.00
2019/04/10	31.29	31.64	30.46	31.25	6375040	278334912.00
2019/04/11	31.13	31.45	30.32	30.34	6302195	271538176.00
2019/04/12	30.59	31.29	30.51	30.71	6517795	282896224.00
2019/04/15	31.83	32.45	30.76	30.89	10379076	462978240.00
2019/04/16	30.91	32.39	30.26	32.38	12799439	566959168.00
2019/04/17	32.32	32.52	31.74	31.92	9054081	407153632.00
2019/04/18	31.92	32.08	31.42	31.54	5156139	229409440.00
2019/04/19	31.81	32.39	31.72	31.99	9386711	422761984.00
2019/04/22	31.96	32.58	31.39	32.02	10429883	471022112.00
2019/04/23	31.91	32.11	30.51	30.69	8460299	369584640.00
2019/04/24	30.98	31.57	29.98	31.39	8514545	369662528.00
2019/04/25	31.04	31.54	29.81	29.89	7207128	309786176.00
2019/04/26	29.81	30.61	28.99	28.99	9401547	392527296.00
2019/04/29	28.91	28.92	27.54	27.61	9072254	359215520.00
2019/04/30	28.02	28.35	27.55	27.76	5024183	197004992.00
2019/05/06	26.81	27.21	24.98	24.98	10860342	396118784.00
2019/05/07	25.04	26.64	25.04	26.19	9444908	344619680.00
2019/05/08	25.66	27.54	25.52	27.03	10895885	413056256.00
2019/05/09	26.75	27.85	26.38	26.60	7791568	295579296.00
2019/05/10	27.03	27.76	25.82	27.59	11504498	440346176.00
2019/05/13	27.21	27.59	26.93	27.06	6155445	235484848.00
2019/05/14	26.87	27.43	26.68	26.94	6162706	235089472.00
2019/05/15	27.29	27.49	26.96	27.20	5978033	228455168.00
2019/05/16	27.21	27.29	26.76	26.91	5870307	222235552.00
2019/05/17	27.32	28.45	26.93	27.26	15110533	590330176.00
2019/05/20	27.46	28.03	26.75	27.68	12687233	491187328.00
2019/05/21	27.73	28.17	27.11	27.82	9538058	371995648.00
2019/05/22	27.88	28.46	27.69	28.35	11943880	472478720.00
2019/05/23	28.96	28.96	27.51	27.63	12999482	516749824.00
2019/05/24	27.25	27.43	26.48	26.61	8407038	316687712.00
2019/05/27	26.62	28.35	26.61	28.03	14170102	390636192.00
2019/05/28	28.08	28.49	27.56	28.01	13053737	365342176.00
2019/05/29	27.80	28.35	27.59	27.97	11560015	324123424.00
2019/05/30	27.72	27.95	27.07	27.87	9906708	271689376.00
2019/05/31	27.97	28.50	27.65	28.31	14675784	411668480.00
2019/06/03	29.00	29.78	28.16	28.36	20527520	592912832.00
2019/06/04	28.25	28.25	25.52	26.89	16611502	448348352.00
2019/06/05	27.12	27.21	26.45	26.50	9317990	249363152.00
2019/06/06	26.68	26.68	25.28	25.55	10105467	261289328.00
2019/06/10	25.24	26.13	25.24	25.77	6301466	162681728.00
2019/06/11	25.90	26.79	25.41	26.67	10325483	272088000.00
2019/06/12	26.67	26.83	26.34	26.47	7321314	194448752.00
2019/06/13	26.35	26.65	26.27	26.46	5626899	148981200.00
2019/06/14	26.51	26.66	25.65	25.75	7138329	186488448.00
2019/06/17	25.57	25.96	25.51	25.68	3892372	100048864.00
2019/06/18	25.72	25.95	25.56	25.81	4264039	109785648.00
2019/06/19	26.48	26.58	26.14	26.19	6858758	180708848.00
2019/06/20	26.21	26.78	25.86	26.59	8265902	218375712.00
2019/06/21	26.63	29.25	26.62	28.21	20410256	573113408.00
2019/06/24	27.68	28.12	27.41	27.69	10164004	281428000.00
2019/06/25	27.52	27.63	26.77	27.06	8086742	219373888.00
2019/06/26	27.08	27.64	26.90	27.30	6953649	190647872.00
2019/06/27	27.49	27.85	27.35	27.58	7427931	205343440.00
2019/06/28	27.66	27.89	27.01	27.25	5748783	156815648.00
2019/07/01	28.12	29.00	27.75	29.00	20599591	586428160.00
2019/07/02	28.97	29.29	28.61	29.02	14618441	424017312.00
2019/07/03	29.06	29.06	28.28	28.41	9531278	271776384.00
2019/07/04	28.50	28.67	28.01	28.20	7147487	202007200.00
2019/07/05	28.22	28.40	28.01	28.39	6089400	172266416.00
2019/07/08	28.39	28.39	27.11	27.21	8722586	239899952.00
2019/07/09	27.11	27.40	26.61	26.89	6204548	167128560.00
2019/07/10	27.04	27.29	26.86	27.00	4789612	129794688.00
2019/07/11	27.20	27.55	26.92	27.06	5377525	146581616.00
2019/07/12	27.06	27.45	26.91	27.31	3905232	106469192.00
2019/07/15	27.30	28.12	26.75	27.90	8598123	237041536.00
2019/07/16	27.79	28.18	27.65	28.00	5514799	154199824.00
2019/07/17	28.13	29.48	28.01	28.96	21861782	632820672.00
2019/07/18	28.74	29.30	28.65	29.03	14209250	412851712.00
2019/07/19	29.29	29.76	29.13	29.47	15403827	454551328.00
2019/07/22	29.71	29.98	28.82	28.97	14215472	417115296.00
2019/07/23	29.15	30.77	29.09	30.53	21798700	657836608.00
2019/07/24	30.59	30.85	30.10	30.25	22275060	678855296.00
2019/07/25	30.03	33.28	30.00	32.46	45396262	1458605952.00
2019/07/26	32.23	33.91	32.15	33.29	31174725	1033749952.00
2019/07/29	32.66	33.10	32.00	32.70	26557308	868296128.00
2019/07/30	32.74	33.22	31.70	31.98	25990624	839900544.00
2019/07/31	31.96	33.22	31.96	32.35	26577648	869553792.00
2019/08/01	32.45	33.47	32.07	33.27	22311737	734298752.00
2019/08/02	32.70	34.77	32.22	34.44	28795686	970256576.00
2019/08/05	34.18	34.92	32.88	33.60	25113424	848131008.00
2019/08/06	32.33	33.35	31.36	32.81	22269250	722861120.00
2019/08/07	32.99	33.94	32.62	32.66	18925175	631868160.00
2019/08/08	33.00	33.80	32.13	33.80	15457532	512926240.00
2019/08/09	33.83	33.90	31.88	32.40	17646014	578614528.00
2019/08/12	32.49	35.30	32.10	35.10	23947632	801869440.00
2019/08/13	34.50	35.42	34.31	35.42	18695286	650054912.00
2019/08/14	36.16	36.67	34.80	34.83	21311141	761516864.00
2019/08/15	33.68	36.12	33.68	35.62	19138370	673447104.00
2019/08/16	35.40	35.61	34.66	34.89	19016255	666973440.00
2019/08/19	35.08	36.81	34.99	36.21	24144630	872158912.00
2019/08/20	36.27	36.56	35.60	35.71	17653667	634568128.00
2019/08/21	35.73	36.15	35.10	35.76	10832613	385735488.00
2019/08/22	35.66	35.74	34.31	34.71	19011866	661552896.00
2019/08/23	34.70	34.93	33.90	34.32	13463856	462972512.00
2019/08/26	32.95	33.30	31.00	31.52	35693569	1141954304.00
2019/08/27	31.84	32.96	31.65	32.62	25442404	823676096.00
2019/08/28	32.66	32.68	32.04	32.21	12734651	411540416.00
2019/08/29	32.48	33.03	32.26	32.50	14708900	480907616.00
2019/08/30	32.77	33.93	32.61	33.13	20626663	688296256.00
2019/09/02	33.30	34.78	32.60	34.26	22463899	756035456.00
2019/09/03	34.26	35.50	34.15	35.09	17883306	623503680.00
2019/09/04	34.63	35.69	34.61	34.99	17636951	618105216.00
2019/09/05	35.19	36.08	34.55	34.91	22950762	806284480.00
2019/09/06	35.00	35.42	34.09	34.72	18384279	638991936.00
2019/09/09	34.86	36.66	34.86	36.62	27841086	995236416.00
2019/09/10	36.57	36.57	35.03	35.39	23978071	852340864.00
2019/09/11	35.55	35.72	34.74	34.90	13611835	477996800.00
2019/09/12	35.00	35.14	34.61	34.80	9392300	327736352.00
2019/09/16	34.91	35.40	34.45	34.81	12213406	426106080.00
2019/09/17	34.70	34.70	32.93	33.35	20436799	684318080.00
2019/09/18	33.35	33.67	32.72	33.00	13028919	431761440.00
2019/09/19	33.45	34.10	33.18	34.09	14654659	494825376.00
2019/09/20	34.90	35.86	34.81	35.09	33682254	1191094656.00
2019/09/23	34.43	35.47	34.16	35.27	22779576	792745792.00
2019/09/24	35.10	35.17	34.09	34.61	20752234	718916160.00
2019/09/25	34.47	34.47	33.00	33.15	17690638	592498688.00
2019/09/26	33.20	33.32	31.89	32.10	13384256	434712032.00
2019/09/27	32.12	32.38	31.80	31.98	11372009	364487936.00
2019/09/30	31.90	32.14	31.26	31.48	7918995	251057568.00
2019/10/08	31.52	31.88	30.91	31.15	7774225	243997264.00
2019/10/09	31.16	31.55	30.63	31.52	5875371	183562608.00
2019/10/10	31.56	32.07	31.32	31.90	7662896	243291632.00
2019/10/11	31.88	32.16	31.45	31.83	6621680	210964672.00
2019/10/14	32.07	32.48	31.86	32.14	16697739	537102784.00
2019/10/15	32.10	32.10	30.76	30.87	11378357	354632448.00
2019/10/16	30.90	31.10	30.20	30.76	8405028	258108224.00
2019/10/17	30.85	30.90	30.02	30.30	10344069	314531360.00
2019/10/18	30.53	30.82	29.90	30.02	9155877	277780320.00
2019/10/21	30.10	30.36	29.05	30.24	8415273	251117424.00
2019/10/22	30.20	30.78	30.20	30.75	7250745	222022768.00
2019/10/23	30.77	30.89	30.25	30.42	5742137	175653280.00
2019/10/24	30.48	30.73	29.81	29.90	9390505	282813632.00
2019/10/25	30.08	30.28	29.42	30.05	9338044	278385888.00
2019/10/28	31.75	32.00	30.93	31.46	22603758	710461440.00
2019/10/29	31.28	31.28	29.88	29.89	17677879	538599552.00
2019/10/30	29.88	30.09	29.20	29.33	11074841	326883360.00
2019/10/31	29.33	30.06	29.33	29.42	9969917	295659936.00
2019/11/01	29.50	29.77	29.18	29.66	7815841	231129248.00
2019/11/04	29.67	30.66	29.66	30.27	13910075	421996928.00
2019/11/05	30.28	30.55	30.00	30.09	9560677	288707104.00
2019/11/06	30.10	30.28	28.72	28.90	18054758	528447808.00
2019/11/07	28.83	29.26	28.74	29.12	8225370	239224224.00
2019/11/08	29.34	29.70	29.09	29.12	8615771	252931376.00
2019/11/11	28.81	28.82	27.98	28.19	13214578	373056480.00
2019/11/12	28.18	28.38	27.00	27.84	10483318	289855872.00
2019/11/13	27.77	28.08	27.57	27.91	6168878	171818736.00
2019/11/14	27.95	28.42	27.00	28.26	9759782	273364768.00
2019/11/15	28.30	28.98	28.01	28.56	11121183	318397440.00
2019/11/18	28.43	29.30	28.33	29.07	10796536	312946048.00
2019/11/19	29.35	29.44	28.81	29.33	9123910	265934416.00
2019/11/20	29.37	29.75	28.98	29.03	10296354	301809536.00
2019/11/21	28.90	29.07	28.44	28.63	10713569	306760608.00
2019/11/22	27.01	28.14	26.72	27.90	25484866	698678592.00
2019/11/25	27.50	27.50	25.82	26.32	19607983	519168032.00
2019/11/26	26.47	28.14	26.40	28.14	17099103	464139680.00
2019/11/27	27.95	27.95	26.86	27.41	13098152	357071200.00
2019/11/28	27.11	27.57	27.01	27.44	6312049	172755360.00
2019/11/29	27.38	27.47	26.90	27.05	6475404	175639392.00
2019/12/02	27.20	27.43	26.82	27.16	5192189	141125072.00
2019/12/03	26.99	27.28	26.68	27.28	6808430	183443680.00
2019/12/04	27.02	27.96	27.02	27.60	10961047	302253600.00
2019/12/05	27.58	28.33	27.41	27.94	16152480	450978784.00
2019/12/06	28.10	29.57	28.10	29.45	28041597	819871808.00
2019/12/09	29.50	30.16	29.18	29.70	17662099	524832992.00
2019/12/10	29.66	30.06	29.23	29.99	11673422	346859232.00
2019/12/11	30.00	30.00	29.20	29.35	14383253	424411616.00
2019/12/12	29.33	30.28	29.30	30.06	27679293	829566272.00
2019/12/13	30.47	30.55	29.91	30.04	22613087	682372480.00
2019/12/16	30.07	30.65	30.02	30.55	17041478	517331104.00
2019/12/17	30.56	32.25	30.56	31.60	29122692	915729408.00
2019/12/18	31.60	31.85	31.04	31.10	21129436	663198720.00
2019/12/19	31.10	31.45	30.81	30.97	14430231	448583584.00
2019/12/20	31.08	31.10	30.26	30.33	14722027	450434976.00
2019/12/23	30.15	30.27	29.61	29.85	13693681	410848672.00
2019/12/24	29.83	30.33	29.71	30.23	12932785	389275872.00
2019/12/25	30.25	31.60	30.00	31.29	21683010	675631232.00
2019/12/26	31.35	31.50	30.90	31.30	10901122	339711680.00
2019/12/27	31.30	31.63	30.80	30.91	12315154	384694752.00
2019/12/30	30.80	31.38	30.10	31.24	10591234	328013408.00
2019/12/31	31.25	31.83	30.86	31.60	10040129	315017248.00
2020/01/02	31.68	32.58	31.51	32.48	19463280	626519424.00
2020/01/03	32.59	32.88	31.92	32.16	17163867	554458048.00
2020/01/06	31.93	32.48	31.59	31.81	15346221	491597792.00
2020/01/07	31.84	32.31	31.66	32.21	12446851	399026368.00
2020/01/08	31.91	32.13	31.60	31.89	11744240	373636000.00
2020/01/09	32.20	32.66	32.06	32.31	13408692	433995968.00
2020/01/10	32.29	32.75	31.90	32.28	10131267	327356256.00
2020/01/13	31.73	34.11	31.73	33.92	29176755	976867392.00
2020/01/14	34.00	34.37	33.70	34.17	17288502	588508992.00
2020/01/15	33.97	34.06	33.10	33.70	12027351	403778272.00
2020/01/16	33.74	34.36	33.57	33.76	12856944	435737024.00
2020/01/17	33.76	34.78	33.76	34.47	18479153	636070208.00
数据来源:通达信
