002402 和而泰 日线 前复权
      日期	    开盘	    最高	    最低	    收盘	    成交量	    成交额
2013/09/02	1.62	1.68	1.58	1.68	1798875	24536382.00
2013/09/03	1.67	1.76	1.66	1.74	2961521	42358104.00
2013/09/04	1.76	1.78	1.73	1.77	2914180	42451448.00
2013/09/05	1.79	1.80	1.75	1.76	2224671	32670444.00
2013/09/06	1.75	1.83	1.74	1.82	3057252	45580056.00
2013/09/09	1.83	1.88	1.78	1.80	3538729	53375680.00
2013/09/10	1.79	1.82	1.75	1.79	2456526	36282880.00
2013/09/11	1.80	1.81	1.72	1.77	2594782	37580296.00
2013/09/12	1.76	1.84	1.74	1.84	3060916	45710604.00
2013/09/13	1.83	1.84	1.78	1.80	1750799	26198198.00
2013/09/16	1.80	1.88	1.78	1.88	2278284	34564200.00
2013/09/17	1.88	1.88	1.78	1.80	1647516	24879474.00
2013/09/18	1.79	1.84	1.76	1.80	1417036	21048498.00
2013/09/23	1.82	1.84	1.78	1.84	1768808	26408432.00
2013/09/24	1.84	2.03	1.83	1.95	4414383	70294656.00
2013/09/25	1.93	2.01	1.91	1.94	3102289	49410796.00
2013/09/26	1.92	2.08	1.92	2.02	3394648	55739052.00
2013/09/27	2.02	2.07	1.99	2.03	2039619	33907080.00
2013/09/30	2.02	2.03	1.96	1.98	1660537	27020846.00
2013/10/08	1.99	2.01	1.95	2.00	1298458	21124882.00
2013/10/09	1.98	2.08	1.98	2.04	1737601	29050118.00
2013/10/10	2.04	2.05	1.95	1.96	1832767	29772196.00
2013/10/11	1.98	1.98	1.92	1.95	1724476	27634912.00
2013/10/14	1.96	2.00	1.93	1.99	1765101	28390178.00
2013/10/15	2.00	2.01	1.91	1.92	1607536	25608364.00
2013/10/16	1.92	1.97	1.89	1.92	1498493	23771138.00
2013/10/17	1.94	2.00	1.92	1.99	1675941	27066210.00
2013/10/18	1.99	2.01	1.96	1.97	1350291	21970526.00
2013/10/21	1.97	2.05	1.96	2.04	1605443	26593336.00
2013/10/22	2.05	2.11	2.02	2.06	2175433	36723940.00
2013/10/23	2.05	2.06	1.84	1.85	4482558	69722960.00
2013/10/24	1.84	1.86	1.82	1.84	907878	13773828.00
2013/10/25	1.85	1.86	1.78	1.80	1392000	20959232.00
2013/10/28	1.80	1.84	1.80	1.84	629012	9493629.00
2013/10/29	1.84	1.85	1.68	1.81	1532449	22415374.00
2013/10/30	1.82	1.83	1.78	1.82	585047	8714421.00
2013/10/31	1.82	1.82	1.74	1.75	721427	10554392.00
2013/11/01	1.74	1.80	1.63	1.71	1387541	19493650.00
2013/11/04	1.71	1.75	1.70	1.74	763174	10945611.00
2013/11/05	1.73	1.78	1.70	1.76	1068624	15394006.00
2013/11/06	1.79	1.80	1.74	1.74	871431	12786785.00
2013/11/07	1.72	1.79	1.72	1.76	918857	13427228.00
2013/11/08	1.75	1.77	1.71	1.73	475556	6826129.00
2013/11/11	1.73	1.84	1.72	1.83	927455	13780345.00
2013/11/12	1.84	1.89	1.83	1.85	815071	12505660.00
2013/11/13	1.83	1.92	1.83	1.85	1097688	16913756.00
2013/11/14	1.85	1.88	1.79	1.86	1148317	17437816.00
2013/11/15	1.86	1.92	1.86	1.91	1342151	21000142.00
2013/11/18	1.92	1.97	1.90	1.94	1355137	21616790.00
2013/11/19	1.94	1.99	1.92	1.98	1273822	20591538.00
2013/11/20	1.99	1.99	1.93	1.96	1099853	17622532.00
2013/11/21	1.96	1.96	1.89	1.91	1127517	17828492.00
2013/11/22	1.91	2.12	1.91	1.98	2106988	34345240.00
2013/11/25	1.96	2.03	1.92	2.00	1186750	19362074.00
2013/11/26	1.99	2.02	1.96	2.01	1029517	16825848.00
2013/11/27	2.01	2.07	2.00	2.07	1530230	25681966.00
2013/11/28	2.08	2.10	2.04	2.08	1427106	24094052.00
2013/11/29	2.08	2.28	2.08	2.21	3228898	57598828.00
2013/12/02	2.11	2.20	1.97	1.99	3250684	55375840.00
2013/12/03	1.95	2.13	1.95	2.13	2015245	34001636.00
2013/12/04	2.13	2.26	2.12	2.18	2340133	42012368.00
2013/12/05	2.18	2.21	2.14	2.14	1374503	24153120.00
2013/12/06	2.12	2.16	2.06	2.09	1456588	24976012.00
2013/12/09	2.08	2.23	2.08	2.21	1813158	32095532.00
2013/12/10	2.20	2.25	2.16	2.20	1173521	20866018.00
2013/12/11	2.19	2.21	2.12	2.16	1128176	19765784.00
2013/12/12	2.14	2.19	2.12	2.15	1138796	19999190.00
2013/12/13	2.20	2.26	2.17	2.17	2078807	37342684.00
2013/12/16	2.13	2.16	2.08	2.10	1516729	26031330.00
2013/12/17	2.10	2.12	2.02	2.03	1294347	21776240.00
2013/12/18	2.02	2.05	2.02	2.03	538802	8976886.00
2013/12/19	2.03	2.08	2.03	2.04	539199	9074249.00
2013/12/20	2.04	2.06	1.98	2.00	589900	9739103.00
2013/12/23	2.02	2.09	1.98	2.08	963038	16128322.00
2013/12/24	2.08	2.16	2.08	2.15	1286691	22395858.00
2013/12/25	2.14	2.20	2.13	2.19	1480309	26185786.00
2013/12/26	2.19	2.19	2.11	2.11	1299097	22684948.00
2013/12/27	2.11	2.24	2.10	2.21	2036661	36396864.00
2013/12/30	2.22	2.40	2.22	2.36	3202006	60214376.00
2013/12/31	2.35	2.38	2.28	2.34	2208723	41659128.00
2014/01/02	2.34	2.45	2.31	2.40	2663717	51730208.00
2014/01/03	2.38	2.43	2.32	2.38	2097094	40327840.00
2014/01/06	2.38	2.38	2.26	2.28	1836527	34135128.00
2014/01/07	2.27	2.32	2.23	2.30	1110242	20532150.00
2014/01/08	2.28	2.34	2.25	2.29	1299048	24190202.00
2014/01/09	2.27	2.44	2.27	2.30	2824567	54083352.00
2014/01/10	2.28	2.36	2.23	2.34	1725910	32303800.00
2014/01/13	2.32	2.38	2.29	2.29	1233897	23288152.00
2014/01/14	2.28	2.54	2.28	2.54	5105946	102170624.00
2014/01/15	2.60	2.81	2.55	2.75	10218160	220816368.00
2014/01/16	2.72	2.73	2.66	2.72	5150880	111177608.00
2014/01/17	2.69	2.84	2.66	2.82	4961062	109923496.00
2014/01/20	2.79	2.80	2.72	2.78	2960338	65242552.00
2014/01/21	2.74	2.91	2.67	2.86	3869114	86155536.00
2014/01/22	2.83	3.04	2.80	2.84	5421655	124476040.00
2014/01/23	2.85	2.91	2.75	2.88	4633557	106045544.00
2014/01/24	2.87	2.91	2.81	2.87	3157106	72078976.00
2014/01/27	2.82	3.08	2.79	2.98	5941360	139666736.00
2014/01/28	2.96	2.98	2.75	2.87	3602790	82460928.00
2014/01/29	2.87	2.96	2.83	2.90	2515963	58428316.00
2014/01/30	2.89	2.89	2.79	2.79	2077832	46757340.00
2014/02/07	2.75	2.90	2.67	2.89	2374569	53637172.00
2014/02/10	3.02	3.17	2.99	3.08	5954598	145218560.00
2014/02/11	3.07	3.28	3.00	3.26	5440792	136081824.00
2014/02/12	3.23	3.31	3.16	3.26	3053140	78696904.00
2014/02/13	3.23	3.36	3.16	3.16	3846733	99629520.00
2014/02/14	3.14	3.43	3.14	3.42	3766571	98840528.00
2014/02/17	3.42	3.72	3.36	3.66	3386176	95331272.00
2014/02/18	3.62	3.69	3.52	3.61	3442359	98096664.00
2014/02/19	3.55	3.63	3.49	3.56	2583347	72050256.00
2014/02/20	3.56	3.56	3.29	3.29	3847760	102467688.00
2014/02/21	3.26	3.39	3.16	3.26	2888416	74649296.00
2014/02/24	3.26	3.34	3.16	3.31	3157445	80631656.00
2014/02/25	3.33	3.38	2.96	2.96	4740004	117774528.00
2014/02/26	2.88	2.92	2.72	2.87	5432996	122327280.00
2014/02/27	2.87	3.01	2.83	2.91	4512245	105341088.00
2014/02/28	2.90	2.96	2.82	2.93	2270312	52632788.00
2014/03/03	2.95	3.02	2.89	3.02	2405563	56883672.00
2014/03/04	2.98	3.04	2.91	2.92	2292150	54377792.00
2014/03/05	2.92	2.96	2.83	2.92	2464474	56712380.00
2014/03/06	2.88	2.94	2.79	2.93	2679667	61812152.00
2014/03/07	2.95	3.00	2.89	2.94	1706374	40111952.00
2014/03/10	2.88	2.88	2.74	2.75	1544984	34853908.00
2014/03/11	2.72	2.87	2.72	2.80	964370	21504562.00
2014/03/12	2.78	2.94	2.78	2.94	1883141	43165680.00
2014/03/13	2.95	3.00	2.90	2.96	1320233	31050698.00
2014/03/14	2.96	3.10	2.92	3.04	3588504	86947840.00
2014/03/17	3.04	3.21	2.98	3.19	3190087	79479960.00
2014/03/18	3.19	3.24	3.12	3.21	2420219	61223580.00
2014/03/19	3.19	3.24	3.11	3.24	2145080	54107704.00
2014/03/20	3.24	3.28	3.07	3.07	1868798	47192748.00
2014/03/21	3.02	3.35	3.00	3.33	3166934	80336512.00
2014/03/24	3.36	3.46	3.27	3.31	3549612	94796184.00
2014/03/25	3.22	3.29	3.17	3.26	1808958	46285536.00
2014/03/26	3.30	3.30	3.19	3.23	1098127	28204256.00
2014/03/27	3.20	3.26	3.08	3.12	1772823	44439080.00
2014/03/28	3.11	3.12	2.90	2.92	1882112	44417572.00
2014/03/31	2.98	3.04	2.86	2.91	1150669	27078004.00
2014/04/01	2.92	3.03	2.86	3.03	1084379	25755800.00
2014/04/02	3.03	3.07	2.78	2.88	2393564	55242544.00
2014/04/03	2.87	2.96	2.84	2.86	1510992	34966312.00
2014/04/04	2.88	2.90	2.80	2.89	747478	17058684.00
2014/04/08	2.88	2.94	2.76	2.94	1612214	36643764.00
2014/04/09	2.94	3.09	2.91	3.06	1706811	40955612.00
2014/04/10	3.06	3.26	3.05	3.18	2978062	74709168.00
2014/04/11	3.14	3.20	3.12	3.20	1247904	31334004.00
2014/04/14	3.19	3.24	3.16	3.18	917241	23221060.00
2014/04/15	3.17	3.19	3.10	3.15	1139509	28399934.00
2014/04/16	3.15	3.17	3.06	3.15	1124645	27852584.00
2014/04/17	3.14	3.18	3.08	3.08	1535974	25013860.00
2014/04/18	3.07	3.15	3.06	3.09	1375754	22356854.00
2014/04/21	3.06	3.06	2.96	2.96	1370319	21594032.00
2014/04/22	2.95	2.98	2.87	2.95	999015	15327979.00
2014/04/23	2.97	2.97	2.84	2.88	1136499	17257876.00
2014/04/24	2.87	2.89	2.78	2.85	833232	12452030.00
2014/04/25	2.83	2.88	2.83	2.84	693942	10413315.00
2014/04/28	2.85	2.85	2.64	2.66	1334261	18881414.00
2014/04/29	2.64	2.72	2.62	2.70	1042781	14688028.00
2014/04/30	2.70	2.75	2.68	2.70	932439	13274437.00
2014/05/05	2.72	2.80	2.68	2.79	869823	12587628.00
2014/05/06	2.82	2.95	2.79	2.88	1821705	27560232.00
2014/05/07	2.88	2.91	2.80	2.82	1431364	21421106.00
2014/05/08	2.81	2.86	2.78	2.79	1028675	15257043.00
2014/05/09	2.79	2.81	2.65	2.70	907248	12933029.00
2014/05/12	2.74	2.77	2.62	2.72	1077677	15361315.00
2014/05/13	2.71	2.74	2.64	2.66	1257495	17830252.00
2014/05/14	2.66	2.73	2.63	2.72	970372	13722879.00
2014/05/15	2.72	2.79	2.66	2.67	1220372	17539396.00
2014/05/16	2.67	2.71	2.53	2.56	1288063	17726984.00
2014/05/19	2.55	2.61	2.50	2.60	880376	11956917.00
2014/05/20	2.63	2.75	2.62	2.68	1426068	20284476.00
2014/05/21	2.68	2.72	2.66	2.69	1230607	17440532.00
2014/05/22	2.71	2.81	2.70	2.77	1505823	21865300.00
2014/05/23	2.77	2.79	2.73	2.77	904475	13125845.00
2014/05/26	2.78	2.87	2.77	2.78	1470488	21752684.00
2014/05/27	2.79	3.07	2.79	3.07	9935214	158065008.00
2014/05/28	3.03	3.29	3.01	3.22	11069981	182358592.00
2014/05/29	3.20	3.29	3.14	3.25	6857029	115075072.00
2014/05/30	3.20	3.25	3.13	3.18	5291755	88081416.00
2014/06/03	3.20	3.29	3.07	3.10	4697956	77395600.00
2014/06/04	3.11	3.14	3.05	3.14	3075805	49903696.00
2014/06/05	3.13	3.28	3.10	3.24	5626136	94124080.00
2014/06/06	3.23	3.31	3.22	3.26	4083190	69451184.00
2014/06/09	3.28	3.43	3.20	3.39	5334952	92639920.00
2014/06/10	3.37	3.42	3.28	3.39	3741552	65536216.00
2014/06/11	3.37	3.49	3.33	3.39	4507521	80014248.00
2014/06/12	3.39	3.39	3.27	3.27	3287146	56734724.00
2014/06/13	3.33	3.41	3.19	3.39	5563516	96041888.00
2014/06/16	3.38	3.49	3.36	3.46	5033262	90311328.00
2014/06/17	3.46	3.50	3.34	3.45	3707655	66111372.00
2014/06/18	3.44	3.49	3.36	3.39	3096356	55090120.00
2014/06/19	3.37	3.39	3.10	3.24	3258751	55219168.00
2014/06/20	3.18	3.25	3.13	3.22	2468535	41211704.00
2014/06/23	3.26	3.31	3.24	3.26	2906799	49815132.00
2014/06/24	3.26	3.30	3.19	3.21	1570381	26579192.00
2014/06/25	3.21	3.24	3.14	3.19	1795458	29858762.00
2014/06/26	3.18	3.42	3.18	3.41	4184985	72898928.00
2014/06/27	3.45	3.48	3.36	3.42	4366490	77987680.00
2014/06/30	3.42	3.60	3.37	3.58	6606251	120990368.00
2014/07/01	3.58	3.62	3.54	3.59	3457721	64384584.00
2014/07/02	3.59	3.63	3.51	3.55	3632979	67405680.00
2014/07/03	3.56	3.63	3.47	3.50	4526961	82837472.00
2014/07/04	3.49	3.63	3.47	3.61	4605877	85025032.00
2014/07/07	3.61	3.68	3.56	3.59	3374781	63523208.00
2014/07/08	3.56	3.61	3.51	3.58	2835593	52569352.00
2014/07/09	3.60	3.67	3.52	3.52	3597295	67499272.00
2014/07/10	3.49	3.53	3.40	3.41	3545147	63586912.00
2014/07/11	3.41	3.45	3.33	3.36	2384302	42108392.00
2014/07/14	3.36	3.45	3.36	3.44	2083246	36832612.00
2014/07/15	3.44	3.48	3.19	3.35	3590784	62271036.00
2014/07/16	3.30	3.30	3.20	3.22	2477876	41793492.00
2014/07/17	3.20	3.27	3.20	3.22	1120200	18896768.00
2014/07/18	3.22	3.27	3.14	3.25	1958974	33099974.00
2014/07/21	3.27	3.29	3.19	3.22	1054456	17777938.00
2014/07/22	3.19	3.29	3.19	3.25	1115672	18964224.00
2014/07/23	3.26	3.27	3.12	3.13	2288056	37907744.00
2014/07/24	3.12	3.13	2.80	2.89	4935617	75080064.00
2014/07/25	2.86	2.93	2.84	2.90	1711246	25921076.00
2014/07/28	2.90	2.99	2.89	2.98	1875081	28855856.00
2014/07/29	2.99	3.09	2.99	3.08	2945525	47246816.00
2014/07/30	3.12	3.20	3.10	3.17	2674323	44179576.00
2014/07/31	3.30	3.32	3.23	3.25	3422878	58361460.00
2014/08/01	3.21	3.25	3.14	3.15	2198603	36685644.00
2014/08/04	3.17	3.20	3.16	3.19	1627166	27045202.00
2014/08/05	3.19	3.25	3.14	3.24	2734985	45894760.00
2014/08/06	3.25	3.27	3.21	3.25	1668036	28264888.00
2014/08/07	3.23	3.27	3.19	3.19	1795043	30173322.00
2014/08/08	3.15	3.21	3.15	3.16	1717777	28505686.00
2014/08/11	3.17	3.49	3.17	3.41	4769658	82848368.00
2014/08/12	3.38	3.43	3.33	3.37	3249298	57075288.00
2014/08/13	3.37	3.42	3.31	3.38	2230063	39105044.00
2014/08/14	3.38	3.43	3.33	3.36	2216141	39170808.00
2014/08/15	3.38	3.43	3.35	3.39	2370059	41778476.00
2014/08/18	3.39	3.47	3.38	3.43	3428147	61084160.00
2014/08/19	3.44	3.47	3.39	3.47	3378090	60536436.00
2014/08/20	3.47	3.56	3.46	3.46	4431251	81042928.00
2014/08/21	3.46	3.50	3.36	3.42	3279266	58277444.00
2014/08/22	3.43	3.54	3.40	3.54	4282481	77942976.00
2014/08/25	3.51	3.53	3.43	3.44	3419453	61577796.00
2014/08/26	3.44	3.53	3.41	3.41	2754519	49629708.00
2014/08/27	3.38	3.43	3.34	3.38	2404419	42353632.00
2014/08/28	3.38	3.41	3.28	3.29	1921236	33359134.00
2014/08/29	3.30	3.33	3.20	3.28	1771548	30027388.00
2014/09/01	3.29	3.46	3.28	3.44	3458475	60644788.00
2014/09/02	3.45	3.49	3.41	3.47	3075123	55357332.00
2014/09/03	3.47	3.50	3.42	3.45	2943536	52953612.00
2014/09/04	3.45	3.63	3.43	3.62	6345652	117710992.00
2014/09/05	3.60	3.70	3.59	3.65	4714222	89458736.00
2014/09/09	3.68	3.68	3.60	3.64	2830463	53262840.00
2014/09/10	3.65	3.69	3.57	3.67	3644699	68687584.00
2014/09/11	3.66	3.72	3.56	3.58	4546303	85896056.00
2014/09/12	3.58	3.65	3.56	3.65	2968944	55725684.00
2014/09/15	3.63	3.85	3.62	3.80	5444487	105770048.00
2014/09/16	3.80	3.82	3.61	3.61	4194069	80608272.00
2014/09/17	3.62	3.69	3.55	3.67	2705936	50972336.00
2014/09/18	3.67	3.72	3.63	3.66	1820777	34689448.00
2014/09/19	3.66	3.70	3.61	3.63	2725390	51479568.00
2014/09/22	3.63	3.67	3.57	3.64	2912721	55067728.00
2014/09/23	3.64	3.71	3.62	3.70	2118103	40489104.00
2014/09/24	3.72	3.79	3.68	3.77	3389326	65796328.00
2014/09/25	3.78	3.80	3.62	3.66	3216122	62344448.00
2014/09/26	3.66	3.90	3.66	3.86	5840442	115582392.00
2014/09/29	3.86	3.92	3.77	3.85	5838920	116697376.00
2014/09/30	3.83	3.87	3.78	3.83	2841943	56316692.00
2014/10/08	3.84	3.89	3.81	3.87	3810191	76036560.00
2014/10/09	3.86	3.90	3.78	3.84	3730058	74251376.00
2014/10/10	3.83	3.83	3.68	3.76	3308773	64327932.00
2014/10/13	3.73	3.77	3.65	3.69	2816313	54012336.00
2014/10/14	3.69	3.72	3.60	3.61	2786380	52973188.00
2014/10/15	3.61	3.74	3.61	3.72	2424980	46386804.00
2014/10/16	3.71	3.75	3.65	3.65	1970724	37988432.00
2014/10/17	3.66	3.69	3.52	3.60	1853142	34563820.00
2014/10/20	3.62	3.79	3.57	3.79	3240671	62255968.00
2014/10/21	3.79	3.79	3.64	3.66	3077225	59301884.00
2014/10/22	3.67	3.75	3.64	3.64	1737627	33341358.00
2014/10/23	3.58	3.64	3.52	3.54	1395517	25780686.00
2014/10/24	3.54	3.56	3.50	3.51	1460887	26756526.00
2014/10/27	3.51	3.56	3.48	3.53	991385	18185704.00
2014/10/28	3.56	3.68	3.53	3.64	1556588	29409894.00
2014/10/29	3.65	3.78	3.64	3.72	2732884	52618592.00
2014/10/30	3.70	3.73	3.63	3.65	2015850	38447152.00
2014/10/31	3.64	3.67	3.58	3.62	1547279	29057388.00
2014/11/03	3.62	3.75	3.62	3.75	3796169	73366736.00
2014/11/04	3.73	3.89	3.72	3.83	5352048	106656080.00
2014/11/05	3.83	3.89	3.75	3.79	2859205	56720120.00
2014/11/06	3.79	3.86	3.76	3.83	2323068	46035436.00
2014/11/07	3.81	3.85	3.65	3.73	2528316	49113744.00
2014/11/10	3.73	3.75	3.63	3.69	1519145	29017654.00
2014/11/11	3.69	3.69	3.49	3.51	3114893	57673384.00
2014/11/12	3.51	3.57	3.49	3.55	1267522	23253152.00
2014/11/13	3.55	3.55	3.39	3.42	1990835	35745204.00
2014/11/14	3.42	3.46	3.33	3.38	1370162	24110898.00
2014/11/17	3.39	3.51	3.36	3.51	1247970	22563982.00
2014/11/18	3.50	3.59	3.48	3.49	1269293	23303348.00
2014/11/19	3.49	3.58	3.46	3.56	1640436	30240086.00
2014/11/20	3.54	3.81	3.48	3.70	3955296	75951376.00
2014/11/21	3.68	4.08	3.66	4.08	8459926	174203776.00
2014/11/24	4.08	4.26	3.96	4.17	11686466	248154048.00
2014/11/25	4.11	4.26	4.07	4.21	7193381	155348544.00
2014/11/26	4.20	4.25	4.11	4.15	5202303	112354272.00
2014/11/27	4.15	4.33	4.08	4.31	7040288	152204592.00
2014/11/28	4.26	4.28	4.10	4.18	5917086	128073408.00
2014/12/01	4.17	4.21	4.01	4.11	4968948	105039808.00
2014/12/02	4.07	4.26	4.06	4.17	3815309	82546560.00
2014/12/03	4.15	4.17	3.90	4.07	5375072	111906088.00
2014/12/04	4.09	4.12	4.03	4.07	3877733	81784608.00
2014/12/05	4.10	4.10	3.82	3.83	4922284	99910080.00
2014/12/08	3.86	3.86	3.64	3.69	5093351	98673328.00
2014/12/09	3.68	3.71	3.42	3.44	5468222	100458288.00
2014/12/10	3.44	3.62	3.42	3.57	2712839	49970916.00
2014/12/11	3.61	3.78	3.60	3.69	3357312	64475400.00
2014/12/12	3.74	3.83	3.66	3.81	2823770	55022328.00
2014/12/15	3.83	4.06	3.83	4.01	4138390	85315968.00
2014/12/16	3.94	4.06	3.86	3.89	2921619	59376020.00
2014/12/17	3.88	4.01	3.86	3.91	2637184	53854540.00
2014/12/18	3.87	3.91	3.78	3.81	2157991	42836672.00
2014/12/19	3.79	3.82	3.58	3.70	2617036	50061252.00
2014/12/22	3.71	3.71	3.43	3.45	3227928	58496652.00
2014/12/23	3.46	3.55	3.45	3.48	1572784	28656422.00
2014/12/24	3.56	3.56	3.48	3.53	1513423	27693704.00
2014/12/25	3.56	3.56	3.49	3.50	1973643	36137100.00
2014/12/26	3.50	3.54	3.49	3.51	1524805	27834420.00
2014/12/29	3.51	3.54	3.26	3.31	4094372	71675240.00
2014/12/30	3.32	3.37	3.28	3.31	2031860	35315228.00
2014/12/31	3.31	3.36	3.19	3.25	1961321	33396854.00
2015/01/05	3.25	3.49	3.17	3.46	2857478	49418964.00
2015/01/06	3.38	3.56	3.38	3.56	3244136	58774604.00
2015/01/07	3.56	3.56	3.46	3.47	1626694	29506988.00
2015/01/08	3.47	3.52	3.40	3.45	1135641	20566642.00
2015/01/09	3.43	3.47	3.34	3.34	2067250	36769148.00
2015/01/12	3.35	3.45	3.34	3.36	1466550	25948574.00
2015/01/13	3.37	3.56	3.34	3.56	3652753	66480200.00
2015/01/14	3.58	3.66	3.47	3.52	2744094	50351364.00
2015/01/15	3.51	3.56	3.47	3.50	1267248	23176334.00
2015/01/16	3.51	3.61	3.49	3.57	1970728	36515764.00
2015/01/19	3.50	3.72	3.42	3.58	3891322	73032240.00
2015/01/20	3.59	3.69	3.58	3.69	3066006	58272520.00
2015/01/21	3.69	3.79	3.66	3.71	2979518	57732956.00
2015/01/22	3.71	3.83	3.68	3.81	3031483	59331116.00
2015/01/23	3.81	3.82	3.62	3.63	3156611	60881812.00
2015/01/26	3.61	3.72	3.61	3.70	2154711	41316924.00
2015/01/27	3.71	3.79	3.65	3.78	3039446	58645236.00
2015/01/28	3.76	4.00	3.74	3.85	5080029	102183288.00
2015/01/29	3.84	3.85	3.72	3.75	3094597	60675496.00
2015/01/30	3.77	3.79	3.64	3.66	2073015	39708956.00
2015/02/02	3.62	3.70	3.58	3.66	1395364	26530080.00
2015/02/03	3.67	3.76	3.66	3.76	1584374	30611822.00
2015/02/04	3.76	3.78	3.72	3.72	1695547	33010260.00
2015/02/05	3.75	3.75	3.65	3.66	2610737	49848408.00
2015/02/06	3.65	3.68	3.49	3.54	2025678	37650976.00
2015/02/09	3.53	3.64	3.50	3.64	1626793	30280854.00
2015/02/10	3.65	3.75	3.62	3.66	1310979	25124182.00
2015/02/11	3.73	3.92	3.69	3.92	5089924	101356264.00
2015/02/12	3.92	4.02	3.84	3.88	4600847	93786024.00
2015/02/13	3.89	3.95	3.85	3.93	3346478	67558808.00
2015/02/16	3.92	4.06	3.88	4.03	3879358	79993888.00
2015/02/17	4.00	4.03	3.94	3.95	2801431	57528736.00
2015/02/25	3.96	4.06	3.88	3.96	3338016	68708920.00
2015/02/26	3.96	4.11	3.92	4.00	3484977	72694880.00
2015/02/27	4.05	4.12	3.97	4.09	4737657	99298112.00
2015/03/02	4.10	4.14	4.04	4.12	3856269	81743848.00
2015/03/03	4.10	4.32	4.06	4.19	5055111	109846424.00
2015/03/04	4.24	4.58	4.20	4.51	6186808	141320976.00
2015/03/05	4.52	4.71	4.39	4.45	4941788	114309264.00
2015/03/06	4.48	4.54	4.24	4.25	3887460	87743752.00
2015/03/09	4.24	4.50	4.17	4.35	3489750	78559560.00
2015/03/10	4.35	4.69	4.35	4.57	5373059	126037240.00
2015/03/11	4.58	4.68	4.46	4.55	3703063	87204256.00
2015/03/12	4.54	4.59	4.28	4.36	4196207	95363224.00
2015/03/13	4.34	4.70	4.34	4.62	6716722	158248208.00
2015/03/16	4.71	5.09	4.62	5.02	7436199	186623104.00
2015/03/17	4.98	5.19	4.90	5.08	6227465	161897552.00
2015/03/18	5.06	5.16	4.97	5.05	3934512	102579800.00
2015/03/19	5.08	5.38	5.02	5.15	6486402	173776688.00
2015/03/20	5.23	5.68	5.08	5.68	7825837	219232816.00
2015/03/23	5.81	6.24	5.68	6.03	10612850	320938080.00
2015/03/24	6.12	6.26	5.68	5.98	8786593	265566576.00
2015/03/25	5.97	6.48	5.97	6.22	9048343	290326720.00
2015/03/26	6.48	6.85	6.10	6.26	12322932	405421856.00
2015/03/27	6.13	6.15	5.78	5.97	7906607	240141472.00
2015/03/30	6.02	6.15	5.85	5.90	5454214	166897824.00
2015/03/31	5.86	6.25	5.78	6.13	6889620	213454944.00
2015/04/01	6.06	6.41	6.02	6.33	5752689	184034448.00
2015/04/02	6.33	6.98	6.25	6.98	10308101	347395072.00
2015/04/03	7.00	7.69	6.99	7.49	12394096	466363456.00
2015/04/07	7.46	7.49	7.12	7.36	9527581	355435168.00
2015/04/08	7.32	7.32	6.66	7.00	6651104	239525152.00
2015/04/09	6.89	7.00	6.66	6.94	5377812	187232512.00
2015/04/10	6.96	7.36	6.91	7.29	5211330	192539776.00
2015/04/13	7.24	7.57	7.20	7.22	5124874	191860688.00
2015/04/14	7.17	7.17	6.66	6.91	5592041	196699952.00
2015/04/15	6.78	6.82	6.25	6.25	5782585	191863360.00
2015/04/16	6.20	6.45	5.91	6.22	3679934	117246544.00
2015/04/17	6.39	6.62	6.20	6.22	4800233	156370336.00
2015/04/20	6.25	6.37	5.92	6.25	5546341	174583312.00
2015/04/21	6.26	6.89	6.26	6.82	6118307	209085536.00
2015/04/22	6.81	7.36	6.81	7.05	5602475	203563056.00
2015/04/23	7.06	7.26	6.87	7.23	5980067	214996208.00
2015/04/24	7.10	7.46	7.04	7.16	6907412	257261136.00
2015/04/27	7.26	7.89	7.26	7.89	8891966	345544000.00
2015/04/28	8.00	8.55	7.55	7.84	8002038	328733888.00
2015/04/29	7.57	8.63	7.56	8.63	7711458	320486112.00
2015/04/30	8.64	8.92	8.46	8.60	4884549	215929232.00
2015/05/04	8.46	8.56	8.26	8.33	3324443	140907872.00
2015/05/05	8.24	8.45	7.70	7.96	3960772	162068480.00
2015/05/06	8.00	8.77	7.96	8.36	7091657	308293664.00
2015/05/07	8.16	8.29	7.66	7.83	4515128	182926448.00
2015/05/08	8.08	8.59	7.80	8.44	8127409	169926880.00
2015/05/11	8.68	9.30	8.56	9.30	12569428	282375488.00
2015/05/12	9.62	10.12	9.50	9.82	13164682	328357504.00
2015/05/13	9.48	10.20	9.34	9.74	9658082	241473280.00
2015/05/14	9.73	10.68	9.57	10.43	10684803	273831712.00
2015/05/15	10.23	11.49	10.23	11.49	11513383	320331616.00
2015/05/18	12.00	12.65	11.76	12.65	14446170	451202304.00
2015/05/19	13.30	13.87	12.10	12.71	16663401	544524032.00
2015/05/20	12.71	14.00	12.40	14.00	16345835	553164736.00
2015/05/21	13.90	14.98	13.76	14.22	11914944	433223456.00
2015/05/22	14.21	14.21	13.40	13.66	11221826	387300000.00
2015/05/25	13.31	13.42	12.68	13.28	14083820	461623840.00
2015/05/26	13.32	14.60	13.32	14.48	13804943	494098144.00
2015/05/27	14.82	15.91	14.82	15.91	16527392	643503552.00
2015/05/28	16.28	16.55	14.30	14.30	14093726	540762944.00
2015/05/29	14.26	15.08	12.87	14.60	10530199	376782752.00
2015/06/01	14.60	15.52	14.20	15.48	10983978	413917248.00
2015/06/02	15.48	16.68	15.28	16.52	11895683	482818144.00
2015/06/03	16.35	16.35	15.16	15.49	9791433	387600256.00
2015/06/04	15.49	15.86	13.94	14.78	10595338	393580064.00
2015/06/05	15.08	15.59	14.76	15.00	7211174	277421568.00
2015/06/08	15.02	15.12	13.96	14.07	7836611	281956032.00
2015/06/09	14.08	14.52	13.68	13.74	7465553	263334352.00
2015/06/10	13.92	14.80	13.50	14.68	10687090	378486336.00
2015/06/11	14.40	14.62	14.02	14.15	7881765	281971008.00
2015/06/12	14.28	14.68	14.15	14.16	7864864	284994016.00
2015/06/15	14.02	14.31	13.08	13.08	11118130	383766656.00
2015/06/16	12.95	12.95	11.76	11.78	11335883	346397088.00
2015/06/17	11.78	12.68	11.63	12.65	8090277	250110800.00
2015/06/18	12.68	13.12	12.08	12.84	7338570	237045504.00
2015/06/19	12.52	12.54	11.74	11.88	4549536	138715680.00
2015/06/23	11.91	12.34	10.76	12.32	7206706	215546112.00
2015/06/24	13.56	13.56	12.55	13.16	9665664	318206176.00
2015/06/25	13.47	14.28	12.67	13.16	12221845	420280160.00
2015/06/26	12.44	12.76	11.83	11.83	6764347	206622272.00
2015/06/29	12.38	12.42	10.63	10.63	8542513	236880576.00
2015/06/30	9.88	11.52	9.56	11.52	12609217	338711968.00
2015/07/01	11.52	12.44	10.36	10.56	10505549	309391168.00
2015/07/02	10.88	11.19	9.52	10.52	12539145	331071168.00
2015/07/03	9.92	10.88	9.45	10.35	11860237	296978176.00
2015/07/06	11.40	11.40	9.30	9.30	10416261	269561536.00
2015/07/13	10.24	10.24	9.78	10.24	16926662	436718656.00
2015/07/14	10.52	11.28	10.52	11.28	21838284	608120128.00
2015/07/15	11.06	11.06	10.14	10.14	8788364	231674464.00
2015/07/16	9.60	10.14	9.11	9.32	15641225	377076096.00
2015/07/17	9.42	10.14	8.84	9.80	19085661	463295520.00
2015/07/20	9.60	10.35	9.48	9.87	13007211	327449312.00
2015/07/21	9.73	10.65	9.48	10.65	16440416	427584672.00
2015/07/22	10.67	10.96	10.28	10.52	16130586	433267744.00
2015/07/23	10.28	10.94	10.19	10.76	16174500	430746016.00
2015/07/24	10.92	10.99	10.44	10.47	13051074	353148224.00
2015/07/27	10.11	10.26	9.41	9.41	13084581	327376576.00
2015/07/28	8.46	9.03	8.46	8.46	13109121	283560160.00
2015/07/29	8.46	8.72	7.60	8.46	15960129	323342848.00
2015/07/30	8.48	8.48	7.80	7.84	11755645	243976112.00
2015/07/31	7.44	7.70	7.08	7.18	8638823	163636848.00
2015/08/03	7.04	7.04	6.45	6.45	10229937	172549248.00
2015/08/04	6.48	7.11	6.48	7.11	12560012	217784832.00
2015/08/05	7.34	7.75	7.16	7.31	16992732	322760288.00
2015/08/06	6.88	7.44	6.84	7.16	7396734	134899216.00
2015/08/07	7.26	7.64	7.26	7.59	10657620	203168432.00
2015/08/10	7.73	8.24	7.73	8.13	10483743	213183872.00
2015/08/11	8.16	8.88	7.98	8.31	11716256	251033008.00
2015/08/12	8.24	8.42	7.91	7.92	7409140	152173680.00
2015/08/13	7.92	8.20	7.68	8.18	7723832	156098928.00
2015/08/14	8.23	8.47	8.14	8.19	8654143	182327136.00
2015/08/17	8.15	8.42	8.08	8.39	7852213	165555088.00
2015/08/18	8.40	8.88	7.54	7.54	11465918	241890560.00
2015/08/19	7.32	8.31	6.92	8.31	9022142	172606848.00
2015/08/20	8.34	8.81	8.08	8.30	11214510	239105808.00
2015/08/21	8.02	8.26	7.46	7.49	8874786	174633856.00
2015/08/24	7.09	7.09	6.73	6.73	3880500	66948660.00
2015/08/25	6.05	6.11	6.05	6.05	4540120	70127184.00
2015/08/26	5.75	6.15	5.43	5.43	11132360	162175040.00
2015/08/27	5.46	5.74	4.96	5.55	10076767	139129376.00
2015/08/28	5.71	6.12	5.48	6.12	11512119	168690928.00
2015/08/31	6.15	6.35	5.68	5.68	13033859	201255120.00
2015/09/01	5.40	5.60	5.10	5.10	9878823	131074264.00
2015/09/02	4.60	5.28	4.58	4.58	9318130	114410792.00
2015/09/07	4.76	4.96	4.52	4.75	10192843	124505712.00
2015/09/08	4.77	5.23	4.63	5.16	8738219	109497632.00
2015/09/09	5.23	5.62	5.23	5.62	14947544	207927424.00
2015/09/10	5.48	5.55	5.32	5.42	8352210	116671648.00
2015/09/11	5.42	5.59	5.32	5.48	7296272	101935744.00
2015/09/14	5.58	5.61	4.92	4.92	8621086	115444296.00
2015/09/15	4.60	4.79	4.41	4.41	8177572	95557648.00
2015/09/16	4.48	4.86	4.40	4.86	8531553	100950560.00
2015/09/17	4.86	5.20	4.68	4.80	11137307	141359968.00
2015/09/18	4.90	4.96	4.68	4.92	7060074	87325936.00
2015/09/21	4.87	5.43	4.76	5.43	9428477	124780664.00
2015/09/22	5.60	5.82	5.46	5.53	15443993	221171712.00
2015/09/23	5.35	5.68	5.33	5.53	11336404	159032208.00
2015/09/24	5.63	5.76	5.50	5.72	11751082	170072432.00
2015/09/25	5.64	5.65	5.20	5.32	10274850	142171648.00
2015/09/28	5.18	5.70	5.18	5.66	7875273	109691192.00
2015/09/29	5.52	5.69	5.42	5.50	6490247	91659424.00
2015/09/30	5.58	5.75	5.44	5.63	6392497	91603760.00
2015/10/08	5.93	6.11	5.76	6.04	8139203	124510224.00
2015/10/09	6.00	6.30	5.98	6.16	7873706	122921352.00
2015/10/12	6.34	6.69	6.24	6.59	8585641	142773184.00
2015/10/13	6.50	6.85	6.40	6.72	7721643	130675008.00
2015/10/14	6.71	6.72	6.38	6.38	7111585	118195352.00
2015/10/15	6.33	6.68	6.33	6.63	6232078	103856680.00
2015/10/16	6.77	6.96	6.68	6.78	11819860	204495440.00
2015/10/19	6.78	7.32	6.76	7.04	9096088	161442768.00
2015/10/20	7.04	7.36	6.88	7.26	9251441	167356752.00
2015/10/21	7.24	7.32	6.52	6.52	10782877	187780256.00
2015/10/22	6.52	6.82	6.28	6.76	7902708	133562536.00
2015/10/23	6.80	7.28	6.76	7.09	8553104	151356608.00
2015/10/26	7.22	7.28	6.96	7.12	9133901	165499136.00
2015/10/27	7.12	7.46	6.68	7.35	10857322	194863872.00
2015/10/28	7.32	7.73	7.23	7.40	12979788	247234240.00
2015/10/29	7.40	7.54	7.08	7.26	7765763	143616128.00
2015/10/30	7.26	7.26	6.92	7.04	6570736	118453800.00
2015/11/02	6.68	7.11	6.58	6.64	5449703	94314952.00
2015/11/03	6.68	6.87	6.40	6.48	9894152	164197936.00
2015/11/04	6.52	7.06	6.50	7.05	10479357	180241696.00
2015/11/05	7.05	7.13	6.79	6.89	9361065	165310752.00
2015/11/06	6.90	7.27	6.89	7.14	9420420	170989424.00
2015/11/09	7.06	7.87	7.04	7.87	19163915	364012000.00
2015/11/10	7.92	8.23	7.80	7.98	18261854	369525408.00
2015/11/11	7.98	8.51	7.92	8.50	17066837	356506208.00
2015/11/12	8.48	8.58	8.15	8.38	14015797	295562240.00
2015/11/13	8.18	8.35	7.68	7.90	11725910	239134336.00
2015/11/16	7.67	8.60	7.60	8.48	12476830	258028816.00
2015/11/17	8.52	8.68	8.14	8.14	13151098	278166528.00
2015/11/18	8.09	8.44	7.94	8.02	9891134	206660544.00
2015/11/19	8.10	8.60	7.91	8.45	10893574	229428720.00
2015/11/20	8.52	9.31	8.42	9.10	16456739	370458464.00
2015/11/23	9.15	9.56	8.90	9.08	16106231	374193504.00
2015/11/24	9.04	9.28	8.82	9.24	8551553	196547392.00
2015/11/25	9.38	9.68	9.28	9.51	9681674	232734272.00
2015/11/26	9.48	9.63	9.28	9.30	10004203	239261136.00
2015/11/27	9.09	9.59	8.72	8.92	12801526	299657216.00
2015/11/30	8.92	9.40	8.38	9.27	10293769	235403904.00
2015/12/01	9.36	9.36	8.87	8.91	7231331	165190768.00
2015/12/02	8.90	8.90	8.01	8.48	9070261	193360384.00
2015/12/03	8.47	9.31	8.39	9.19	8169768	181764912.00
2015/12/04	9.18	9.18	8.89	8.99	5405987	123598608.00
2015/12/07	8.96	9.37	8.92	9.16	6556602	152797760.00
2015/12/08	9.11	9.16	8.62	8.69	6254936	139459328.00
2015/12/09	8.68	8.76	8.37	8.46	4947152	107041808.00
2015/12/10	8.46	8.98	8.38	8.64	5619829	125113408.00
2015/12/11	8.64	8.82	8.43	8.74	3670948	80666504.00
2015/12/14	8.52	8.96	8.52	8.92	4254928	94974608.00
2015/12/15	8.94	9.26	8.94	9.08	5444992	125947024.00
2015/12/16	9.20	9.20	9.03	9.10	4786365	110647456.00
2015/12/17	9.16	9.51	9.08	9.46	7886737	186280240.00
2015/12/18	9.57	9.86	9.47	9.71	9605368	235284528.00
2015/12/21	9.72	10.38	9.72	10.19	10285086	262550112.00
2015/12/22	10.26	10.66	10.00	10.62	8758175	228625280.00
2015/12/23	10.64	10.82	10.40	10.50	6875748	183910464.00
2015/12/24	10.44	10.67	10.28	10.66	7374193	195361824.00
2015/12/25	11.22	11.22	10.60	10.63	8785339	242623056.00
2015/12/28	10.71	11.20	10.29	10.72	10489133	283277984.00
2015/12/29	10.68	11.07	10.60	10.98	5847199	160726752.00
2015/12/30	11.02	11.88	11.02	11.72	9986237	290294720.00
2015/12/31	11.66	11.82	11.00	11.23	8862719	252885472.00
2016/01/04	11.24	11.29	10.10	10.10	7241041	192362032.00
2016/01/05	9.55	10.48	9.30	10.00	10727167	271144832.00
2016/01/06	10.04	10.68	10.02	10.61	6947774	181394368.00
2016/01/07	10.32	10.41	9.54	9.54	2050000	51459536.00
2016/01/08	9.84	10.08	8.68	9.52	7098067	172631376.00
2016/01/11	9.16	9.57	8.55	8.55	6896261	157191872.00
2016/01/12	8.40	8.96	7.88	8.41	8572763	182846432.00
2016/01/13	8.59	8.63	7.56	7.56	6646124	135878352.00
2016/01/14	7.11	7.89	6.88	7.83	9892048	183768176.00
2016/01/15	7.60	8.03	7.30	7.40	7313625	142440336.00
2016/01/18	7.30	7.73	7.08	7.52	4743148	90475664.00
2016/01/19	7.55	8.00	7.34	7.95	6910206	135414960.00
2016/01/20	7.95	8.22	7.80	7.92	6478976	131746536.00
2016/01/21	7.75	8.26	7.72	7.81	8619774	176029376.00
2016/01/22	8.00	8.12	7.60	8.11	5551289	111843504.00
2016/01/25	8.27	8.50	8.16	8.41	5611054	118931408.00
2016/01/26	8.28	8.36	7.56	7.56	8198955	164875248.00
2016/01/27	7.54	7.54	6.79	7.20	7655406	137189648.00
2016/01/28	6.88	7.20	6.46	6.46	5113662	87915200.00
2016/01/29	6.38	6.88	6.35	6.76	4850882	82400104.00
2016/02/01	6.78	6.84	6.12	6.33	5239275	86724576.00
2016/02/02	6.33	6.97	6.33	6.97	7181900	123785128.00
2016/02/03	6.92	7.18	6.64	7.08	6212756	108567688.00
2016/02/04	7.13	7.66	7.09	7.50	6971583	131065040.00
2016/02/05	7.48	7.55	7.30	7.34	3468766	65314292.00
2016/02/15	7.00	7.61	6.76	7.44	3878304	71377400.00
2016/02/16	7.55	7.82	7.48	7.75	6742965	131476352.00
2016/02/17	7.68	7.77	7.56	7.73	5999448	116969984.00
2016/02/18	7.80	7.88	7.60	7.62	5673301	111360256.00
2016/02/19	7.60	7.74	7.56	7.67	4705514	91626608.00
2016/02/22	7.87	8.21	7.70	8.17	7627310	154950112.00
2016/02/23	8.32	8.46	8.10	8.28	8160162	171601952.00
2016/02/24	8.28	8.40	8.06	8.34	6811380	142245040.00
2016/02/25	8.32	8.32	7.52	7.79	8914879	178129584.00
2016/02/26	7.79	8.01	7.52	7.87	5745090	113000792.00
2016/02/29	7.64	7.82	7.07	7.30	6389797	118529096.00
2016/03/01	7.31	7.46	6.94	7.36	6227703	114272952.00
2016/03/02	7.31	7.77	7.24	7.75	4866545	92948272.00
2016/03/03	7.81	8.03	7.72	7.74	5179827	103284576.00
2016/03/04	7.71	7.77	6.96	7.32	7445626	137800416.00
2016/03/07	7.34	7.59	7.07	7.17	5902646	109929528.00
2016/03/08	7.12	7.31	6.56	7.31	6983602	124262624.00
2016/03/09	7.08	7.18	6.87	6.97	4277001	76663752.00
2016/03/10	7.08	7.28	6.87	7.14	6276654	113983608.00
2016/03/11	6.95	7.11	6.88	6.98	4252307	75789512.00
2016/03/14	7.08	7.40	7.08	7.29	5636713	104616448.00
2016/03/15	7.28	7.42	7.18	7.20	3730520	68759984.00
2016/03/16	7.27	7.34	6.92	7.00	3781450	67980080.00
2016/03/17	7.06	7.39	6.99	7.36	5771428	105997568.00
2016/03/18	7.36	7.84	7.36	7.74	6801638	131651320.00
2016/03/21	8.00	8.11	7.86	7.94	6550052	131587720.00
2016/03/22	7.88	8.66	7.80	8.32	10141912	213235408.00
2016/03/23	8.24	8.37	8.07	8.24	7602507	157302672.00
2016/03/24	8.16	8.44	8.04	8.11	6946582	144411776.00
2016/03/25	8.09	8.44	8.08	8.43	6409994	133787704.00
2016/03/28	8.67	8.69	8.02	8.08	8201488	172541456.00
2016/03/29	8.00	8.04	7.66	7.73	6071409	120110472.00
2016/03/30	7.96	8.34	7.93	8.34	8076546	165693216.00
2016/03/31	8.44	8.50	8.20	8.27	7613817	160119872.00
2016/04/01	8.34	8.46	8.06	8.16	6345450	132360152.00
2016/04/05	8.15	8.47	8.14	8.40	6062358	127767032.00
2016/04/06	8.34	8.86	8.32	8.76	9815466	213030368.00
2016/04/07	8.87	8.90	8.32	8.34	9831746	211597472.00
2016/04/08	8.14	8.25	8.01	8.17	5123896	105249888.00
2016/04/11	8.32	8.47	8.20	8.40	6025599	127801128.00
2016/04/12	8.38	8.46	8.15	8.24	4070835	84906168.00
2016/04/13	8.26	8.64	8.26	8.40	6607777	141774288.00
2016/04/14	8.49	8.62	8.37	8.60	5568629	120009328.00
2016/04/15	8.60	8.70	8.46	8.63	4173169	90314176.00
2016/04/18	8.63	8.68	8.24	8.34	6734881	143283920.00
2016/04/19	8.48	8.51	8.10	8.20	7872199	163289024.00
2016/04/20	8.22	8.28	7.43	7.62	8209870	161845440.00
2016/04/21	7.62	7.62	7.38	7.38	5174154	98054880.00
2016/04/22	7.41	7.62	7.41	7.58	3271247	62311044.00
2016/04/25	7.52	7.63	7.36	7.56	3776062	71434672.00
2016/04/26	7.52	7.64	7.47	7.62	3079295	58894164.00
2016/04/27	7.64	7.70	7.48	7.51	4228839	81164184.00
2016/04/28	7.52	7.59	7.16	7.40	5862450	108899360.00
2016/04/29	7.35	7.36	7.16	7.19	5823524	106567808.00
2016/05/03	7.23	7.56	7.16	7.56	7267598	135552768.00
2016/05/04	7.59	7.61	7.48	7.50	7015752	133945128.00
2016/05/05	7.44	7.54	7.32	7.52	7746702	145531760.00
2016/05/06	7.52	7.59	7.20	7.20	8725512	162742048.00
2016/05/09	6.92	7.01	6.56	6.72	10068656	172068064.00
2016/05/10	6.72	6.77	6.50	6.69	4965125	83611296.00
2016/05/11	6.74	6.77	6.56	6.60	3858626	65087800.00
2016/05/12	6.48	6.70	6.36	6.65	4000802	66284932.00
2016/05/13	6.65	6.76	6.55	6.61	3053667	51471964.00
2016/05/16	6.60	6.78	6.50	6.77	3582023	60535372.00
2016/05/17	6.84	6.84	6.68	6.76	3769258	64549740.00
2016/05/18	6.70	6.70	6.52	6.58	3577448	59779360.00
2016/05/19	6.62	6.84	6.58	6.76	5318388	90950208.00
2016/05/20	6.68	6.90	6.61	6.88	4730246	81762584.00
2016/05/23	6.88	6.98	6.86	6.97	5404355	94733264.00
2016/05/24	7.00	7.02	6.73	6.84	5005830	86704568.00
2016/05/25	6.90	6.95	6.71	6.74	4571495	78831400.00
2016/05/26	6.73	6.81	6.56	6.80	3775496	63820016.00
2016/05/27	6.77	6.96	6.72	6.94	5373162	93318008.00
2016/05/30	6.94	7.32	6.88	7.23	10258421	185713328.00
2016/05/31	7.18	7.49	7.15	7.46	9980377	185867824.00
2016/06/01	7.50	7.56	7.39	7.43	8350733	157578864.00
2016/06/02	7.48	7.61	7.36	7.50	6749496	128064976.00
2016/06/03	7.55	7.70	7.48	7.50	5811356	111347584.00
2016/06/06	8.26	8.26	8.26	8.26	2601973	54303176.00
2016/06/07	8.84	8.84	8.26	8.48	31011993	670578432.00
2016/06/08	8.48	9.31	8.27	9.08	28130678	627578432.00
2016/06/13	8.72	8.95	8.16	8.16	23129340	505248000.00
2016/06/14	7.88	8.16	7.66	7.85	15172775	300579584.00
2016/06/15	7.78	8.49	7.70	8.43	16007050	332413152.00
2016/06/16	8.67	9.28	8.67	9.28	29772069	680219392.00
2016/06/17	9.44	9.59	9.07	9.28	23613602	556144384.00
2016/06/20	10.22	10.22	10.22	10.22	4092169	105414272.00
2016/06/21	10.71	10.99	10.15	10.26	37614596	998088512.00
2016/06/22	10.22	11.28	9.87	10.76	30949224	819703424.00
2016/06/23	10.62	11.48	10.54	10.84	28134166	778481280.00
2016/06/24	10.80	11.33	10.30	10.97	25299989	690069888.00
2016/06/27	10.80	11.04	10.52	10.98	19662170	535225792.00
2016/06/28	10.93	11.12	10.66	10.82	17550434	478784544.00
2016/06/29	10.80	11.24	10.67	11.04	24719520	684157440.00
2016/06/30	10.96	10.97	10.67	10.74	18005649	489105152.00
2016/07/01	10.68	10.77	10.36	10.39	13718296	362892064.00
2016/07/04	10.39	10.66	10.32	10.59	12053020	320442304.00
2016/07/05	10.55	10.69	10.47	10.68	10162620	270970240.00
2016/07/06	10.56	11.04	10.50	10.68	15161717	412240320.00
2016/07/07	10.56	10.62	10.32	10.44	12026621	316077408.00
2016/07/08	10.50	10.78	10.46	10.59	10645540	285335136.00
2016/07/11	10.68	10.79	10.42	10.44	10352442	277048160.00
2016/07/12	10.39	10.51	9.68	10.08	18227496	460325984.00
2016/07/13	10.06	10.19	10.02	10.12	7616252	193638944.00
2016/07/14	10.12	10.14	9.90	10.03	6678278	168176416.00
2016/07/15	10.03	10.24	9.96	10.02	8067003	204881632.00
2016/07/18	10.01	10.15	9.91	10.02	5876163	148444672.00
2016/07/19	10.26	11.03	10.20	11.03	15885453	428449920.00
2016/07/20	11.51	12.04	11.06	11.52	37943890	1092248192.00
2016/07/21	11.45	12.59	11.45	12.30	37951026	1147959040.00
2016/07/22	11.90	12.00	11.40	11.40	26565634	778343936.00
2016/07/25	11.42	11.71	11.12	11.26	15348834	439661600.00
2016/07/26	11.40	11.56	11.27	11.46	11073337	318589600.00
2016/07/27	11.36	11.44	10.30	10.30	26594834	715672576.00
2016/07/28	10.27	10.43	9.83	10.33	13497419	344874720.00
2016/07/29	10.28	10.46	10.14	10.33	6902780	179617232.00
2016/08/01	10.21	10.46	9.75	10.38	8855466	225599328.00
2016/08/02	10.36	10.94	10.36	10.89	13218825	357481088.00
2016/08/03	10.74	10.92	10.60	10.84	9847468	266544096.00
2016/08/04	10.78	11.18	10.68	10.98	10423235	287723360.00
2016/08/05	11.02	11.37	10.92	11.32	15499549	438247552.00
2016/08/08	11.21	11.32	10.92	11.27	8392766	235368512.00
2016/08/09	11.19	11.86	11.05	11.72	17536774	513062176.00
2016/08/10	11.73	11.78	11.38	11.38	13766386	400942496.00
2016/08/11	11.30	11.43	10.96	10.96	11632347	326747488.00
2016/08/12	10.87	11.08	10.65	10.84	11691481	318843424.00
2016/08/15	10.90	11.91	10.72	11.74	20835409	602744128.00
2016/08/16	11.70	12.07	11.59	11.85	21152312	629510592.00
2016/08/17	11.72	12.16	11.67	11.72	17603956	527346368.00
2016/08/18	11.77	12.00	11.24	11.32	21801518	632961792.00
2016/08/19	11.38	12.46	11.36	12.46	30162004	914934208.00
2016/08/22	12.71	13.16	12.05	12.17	42058594	1339338112.00
2016/08/23	12.06	12.66	11.79	12.46	27194271	838097984.00
2016/08/24	12.08	13.14	12.05	12.56	37266068	1188433920.00
2016/08/25	12.32	13.24	11.98	13.19	36445996	1163655424.00
2016/08/26	13.08	13.15	12.44	12.53	29013182	934910720.00
2016/08/29	12.28	12.63	11.82	12.16	18594457	570734912.00
2016/08/30	12.16	12.27	11.91	12.07	12130303	368934656.00
2016/08/31	12.11	12.22	11.64	11.88	15257886	455142752.00
2016/09/01	11.90	12.06	11.68	11.70	11630917	346685728.00
2016/09/02	11.71	11.74	11.32	11.38	14744806	427235520.00
2016/09/05	11.44	11.64	11.38	11.48	8728098	252837904.00
2016/09/06	11.51	11.84	11.41	11.82	10265833	301701184.00
2016/09/07	11.86	11.88	11.46	11.52	10619273	311950208.00
2016/09/08	11.52	11.67	11.43	11.55	5765170	167589760.00
2016/09/09	11.52	11.55	11.23	11.24	8592099	244952752.00
2016/09/12	10.96	11.03	10.59	10.60	9228396	251088176.00
2016/09/13	10.72	11.01	10.60	10.94	8288592	225477296.00
2016/09/14	10.84	11.17	10.68	11.05	8112918	224649216.00
2016/09/19	11.06	11.45	11.01	11.32	7762161	221179344.00
2016/09/20	11.37	11.46	11.28	11.32	4983701	142528496.00
2016/09/21	11.34	11.45	11.29	11.34	3983141	113971376.00
2016/09/22	11.44	11.62	11.34	11.51	7379729	213667616.00
2016/09/23	11.52	11.52	11.09	11.12	7028944	198794592.00
2016/09/26	11.04	11.04	10.76	10.84	5096259	139922384.00
2016/09/27	10.92	11.09	10.77	10.89	4401904	121215328.00
2016/09/28	11.03	11.14	10.88	10.90	4162253	115187304.00
2016/09/29	10.90	11.00	10.67	10.71	4484875	122153272.00
2016/09/30	10.75	10.78	10.64	10.72	3281629	88575920.00
2016/10/10	10.92	11.18	10.78	11.04	6541863	180936992.00
2016/10/11	11.07	11.43	10.76	11.32	20601452	228849664.00
2016/10/12	11.14	11.78	11.07	11.56	29855133	346955136.00
2016/10/13	11.48	11.73	11.35	11.43	16445305	189380208.00
2016/10/14	11.30	11.49	11.11	11.34	13923530	158124448.00
2016/10/17	11.32	11.42	10.92	10.96	15580944	174203344.00
2016/10/18	10.98	11.15	10.91	11.15	11950176	132754776.00
2016/10/19	11.18	11.74	11.10	11.71	35818813	413230784.00
2016/10/20	11.61	12.24	11.54	12.06	62515818	752614336.00
2016/10/21	11.90	11.90	11.46	11.70	30155109	353874944.00
2016/10/24	11.73	11.82	11.54	11.67	20362094	238586896.00
2016/10/25	11.72	12.03	11.56	11.82	24246505	287971712.00
2016/10/26	11.82	11.99	11.55	11.60	20038474	235404208.00
2016/10/27	11.54	11.60	11.39	11.44	15735146	181171568.00
2016/10/28	11.49	11.70	11.39	11.40	16623946	193099712.00
2016/10/31	11.38	11.38	11.08	11.14	15705888	176456000.00
2016/11/01	11.10	11.38	11.10	11.33	12172441	137771184.00
2016/11/02	11.38	11.38	10.94	11.03	20422416	229013728.00
2016/11/03	11.03	11.56	11.03	11.29	24218998	274662368.00
2016/11/04	11.22	11.31	11.03	11.14	15944935	178466336.00
2016/11/07	11.19	11.29	11.10	11.16	11024154	123925376.00
2016/11/08	11.26	11.26	11.14	11.15	9982253	112244456.00
2016/11/09	11.16	11.22	10.77	10.97	19259007	212231344.00
2016/11/10	11.08	11.12	10.92	11.05	18927077	209304576.00
2016/11/11	11.02	11.36	10.95	11.24	23300408	262216048.00
2016/11/14	11.24	11.72	11.22	11.58	36218897	418423776.00
2016/11/15	11.63	11.69	11.33	11.44	23385955	268714848.00
2016/11/16	11.43	11.56	11.32	11.37	16545637	190017968.00
2016/11/17	11.35	11.36	11.15	11.20	13796453	155464048.00
2016/11/18	11.21	11.28	11.09	11.22	15505403	174220672.00
2016/11/21	11.23	11.35	11.09	11.12	14235401	159668944.00
2016/11/22	11.12	11.21	11.05	11.13	13639392	152082624.00
2016/11/23	11.16	11.17	11.01	11.04	12211663	135790272.00
2016/11/24	11.04	11.08	10.91	10.94	10976280	121166976.00
2016/11/25	10.92	10.96	10.74	10.87	11448742	124612368.00
2016/11/28	10.94	11.12	10.87	11.05	11869370	131743080.00
2016/11/29	11.03	11.03	10.85	10.87	10294687	113098128.00
2016/11/30	10.87	10.94	10.77	10.85	6813095	74333960.00
2016/12/01	10.91	10.92	10.78	10.86	6396619	69754240.00
2016/12/02	11.17	11.49	11.00	11.06	25019751	282240128.00
2016/12/05	10.94	10.94	10.70	10.71	12933552	140333552.00
2016/12/06	10.72	10.80	10.55	10.76	12470400	133762800.00
2016/12/07	10.69	10.76	10.64	10.72	5754600	61988644.00
2016/12/08	10.71	10.75	10.59	10.60	7218365	77280288.00
2016/12/09	10.60	10.69	10.44	10.63	9446615	100107904.00
2016/12/12	10.60	10.60	9.94	9.95	11385221	117332208.00
2016/12/13	9.94	9.94	9.64	9.80	9828122	96816128.00
2016/12/14	9.80	9.99	9.76	9.80	6786850	67413000.00
2016/12/15	9.79	10.02	9.79	9.89	5361702	53465816.00
2016/12/16	9.90	10.19	9.86	10.12	7407934	74768384.00
2016/12/19	10.12	10.24	9.97	10.12	4645430	47101388.00
2016/12/20	10.15	10.24	10.05	10.16	4209534	43056960.00
2016/12/21	10.18	10.29	10.16	10.21	4943531	50823268.00
2016/12/22	10.22	10.42	10.10	10.36	8648294	89144448.00
2016/12/23	10.32	10.36	10.15	10.16	4798650	49413484.00
2016/12/26	10.34	10.52	10.23	10.26	8714810	90479448.00
2016/12/27	10.21	10.30	9.99	10.13	5548150	56703556.00
2016/12/28	10.24	10.82	10.19	10.43	19225974	203592128.00
2016/12/29	10.35	10.49	10.17	10.19	10867668	112684848.00
2016/12/30	10.19	10.25	10.04	10.18	7690600	78576208.00
2017/01/03	10.19	10.32	10.13	10.16	6715391	69046864.00
2017/01/04	10.19	10.42	10.10	10.31	10151656	104661120.00
2017/01/05	10.19	10.30	10.17	10.19	7014868	72141912.00
2017/01/06	10.15	10.19	10.04	10.06	7849415	79657760.00
2017/01/09	10.10	10.19	10.04	10.14	4128526	42045332.00
2017/01/10	10.15	10.15	10.01	10.03	5048925	51138644.00
2017/01/11	9.98	10.19	9.94	9.94	5448850	54917576.00
2017/01/12	9.94	10.07	9.90	9.93	5138872	51590672.00
2017/01/13	9.95	9.99	9.87	9.88	4832763	48285144.00
2017/01/16	9.84	9.98	8.94	9.44	8521200	82669656.00
2017/01/17	9.44	9.59	9.24	9.51	6856345	64791808.00
2017/01/18	9.51	9.57	9.29	9.42	4001669	37779180.00
2017/01/19	9.38	9.47	9.26	9.47	3931214	37011448.00
2017/01/20	9.43	9.60	9.39	9.53	4928519	47284300.00
2017/01/23	9.54	9.58	9.49	9.53	3498060	33583576.00
2017/01/24	9.53	9.56	9.37	9.49	4238141	40274116.00
2017/01/25	9.40	9.48	9.37	9.45	1803703	17136122.00
2017/01/26	9.45	9.53	9.44	9.48	1932544	18449600.00
2017/02/03	9.48	9.54	9.44	9.48	2406233	22961920.00
2017/02/06	9.54	9.61	9.50	9.60	2935412	28260318.00
2017/02/07	9.60	9.63	9.51	9.54	2264877	21780732.00
2017/02/08	9.54	10.50	9.54	10.06	16476220	167318064.00
2017/02/09	10.06	10.26	9.94	10.11	8451071	85827136.00
2017/02/10	10.07	10.09	9.96	9.99	5030021	50651192.00
2017/02/13	9.93	10.15	9.92	10.05	6567671	66469896.00
2017/02/14	10.04	10.12	9.94	9.99	4209482	42369604.00
2017/02/15	9.97	10.01	9.72	9.79	6041182	60113220.00
2017/02/16	9.79	10.09	9.75	9.92	6926758	69559704.00
2017/02/17	9.92	10.03	9.84	9.87	4927820	49156444.00
2017/02/20	9.89	9.94	9.81	9.89	4088476	40524280.00
2017/02/21	9.87	10.17	9.84	10.14	12484420	126561440.00
2017/02/22	10.16	10.16	10.02	10.09	4667788	47211360.00
2017/02/23	10.04	10.08	9.92	9.98	5863484	58784528.00
2017/02/24	9.98	10.00	9.92	10.00	3357942	33679052.00
2017/02/27	10.03	10.03	9.91	9.93	8024474	80301536.00
2017/02/28	9.96	10.03	9.93	10.01	7359708	73831832.00
2017/03/01	10.01	10.02	9.96	9.97	3299825	33129166.00
2017/03/02	9.98	10.01	9.82	9.85	6349200	63207624.00
2017/03/03	9.84	9.88	9.75	9.83	3955175	39014428.00
2017/03/06	9.93	10.28	9.89	10.28	21499702	220321840.00
2017/03/07	10.32	10.34	10.14	10.27	12682561	130459336.00
2017/03/08	10.19	10.23	10.06	10.15	8692387	88540592.00
2017/03/09	10.13	10.24	10.04	10.14	7913823	80757096.00
2017/03/10	10.27	10.55	10.27	10.34	23098987	241800928.00
2017/03/13	10.39	11.29	10.28	11.00	40255608	436566592.00
2017/03/14	11.04	11.50	10.89	11.24	52852537	596957056.00
2017/03/15	11.22	11.22	10.89	11.05	23058458	255872032.00
2017/03/16	11.00	11.46	10.99	11.27	29224610	331827424.00
2017/03/17	11.22	11.54	11.09	11.09	33090024	377452032.00
2017/03/20	11.04	11.09	10.76	10.91	20641918	226071264.00
2017/03/21	10.88	11.28	10.85	11.21	21397024	239434656.00
2017/03/22	11.14	11.34	10.96	11.19	16313332	182866400.00
2017/03/23	11.14	11.39	11.08	11.28	22783101	257463824.00
2017/03/24	11.25	11.28	11.09	11.14	14469456	162484608.00
2017/03/27	11.20	11.43	11.20	11.20	19056365	216460176.00
2017/03/28	11.23	11.26	10.94	10.96	16205938	180008240.00
2017/03/29	10.94	11.02	10.59	10.59	21569222	233097328.00
2017/03/30	10.58	10.81	10.39	10.41	14637173	155764064.00
2017/03/31	10.44	10.69	10.44	10.61	10112522	107666264.00
2017/04/05	10.62	11.01	10.60	10.98	14736273	161190496.00
2017/04/06	10.98	10.99	10.76	10.85	10872287	118393400.00
2017/04/07	10.86	10.89	10.64	10.69	9382502	101041616.00
2017/04/10	10.59	10.65	10.44	10.44	10334554	109144584.00
2017/04/11	10.44	10.59	10.21	10.49	12144736	126410192.00
2017/04/12	10.49	10.53	10.24	10.25	7259357	75439152.00
2017/04/13	10.25	10.41	10.24	10.28	5218102	54107952.00
2017/04/14	10.25	10.35	10.06	10.26	8369076	85856448.00
2017/04/17	10.24	10.27	9.99	10.08	6118815	62135712.00
2017/04/18	10.08	10.14	9.64	9.67	10944804	108635120.00
2017/04/19	9.61	9.65	9.37	9.54	8343548	79756120.00
2017/04/20	9.50	9.67	9.30	9.57	6996109	66662976.00
2017/04/21	9.57	9.60	9.48	9.50	3889280	37314636.00
2017/04/24	9.51	9.52	8.94	9.14	5374760	49680092.00
2017/04/25	9.42	9.42	9.17	9.24	4070691	38116768.00
2017/04/26	9.24	9.36	9.20	9.27	3014864	28223114.00
2017/04/27	9.27	9.44	9.04	9.42	6030218	56084280.00
2017/04/28	9.40	9.59	9.31	9.53	4496050	43124220.00
2017/05/02	9.53	9.68	9.45	9.49	3817829	36750108.00
2017/05/03	9.49	9.62	9.27	9.33	4755909	45150324.00
2017/05/04	9.30	9.46	9.19	9.32	3980602	37400692.00
2017/05/05	9.26	9.49	9.23	9.33	4128046	39057572.00
2017/05/08	9.33	9.49	9.29	9.35	4464593	42234148.00
2017/05/09	9.30	9.43	9.06	9.15	9676461	89469976.00
2017/05/10	9.15	9.29	9.06	9.17	5970920	55179656.00
2017/05/11	9.14	9.19	8.59	9.14	11548400	103484824.00
2017/05/12	9.05	9.14	8.91	9.08	6382032	57872112.00
2017/05/15	9.10	9.17	8.94	9.07	5108429	46611080.00
2017/05/16	9.04	9.26	8.89	9.25	6954708	63510340.00
2017/05/17	9.25	9.31	9.16	9.19	7503404	69726960.00
2017/05/18	9.09	9.18	9.02	9.10	6296074	57602304.00
2017/05/19	9.10	9.10	8.97	9.08	4692259	42674860.00
2017/05/22	9.08	9.14	8.93	9.13	4559716	41481696.00
2017/05/23	9.07	9.13	8.72	9.08	7963984	71606200.00
2017/05/24	8.95	9.11	8.81	9.05	7034270	63604332.00
2017/05/25	9.02	9.09	8.93	9.03	6257016	56716796.00
2017/05/26	9.03	9.07	8.95	9.01	5145350	46665348.00
2017/05/31	9.14	9.25	8.97	8.99	7131344	65002076.00
2017/06/01	8.95	8.99	8.57	8.82	8712101	76953384.00
2017/06/02	8.73	8.79	8.45	8.77	6124590	53246344.00
2017/06/05	8.77	8.86	8.72	8.78	3582871	31682768.00
2017/06/06	8.78	8.80	8.65	8.70	4261341	37428704.00
2017/06/07	8.69	8.90	8.65	8.84	10686725	94729192.00
2017/06/08	8.82	8.87	8.75	8.80	5362616	47582776.00
2017/06/09	8.78	8.81	8.60	8.70	5466679	47750108.00
2017/06/12	8.66	8.75	8.61	8.63	4638722	40467896.00
2017/06/13	8.61	8.70	8.60	8.70	6168694	53845724.00
2017/06/14	8.74	9.03	8.69	8.92	12536282	112622552.00
2017/06/15	8.91	9.40	8.85	9.27	16754048	154320992.00
2017/06/16	9.26	9.33	9.16	9.27	9410754	87624000.00
2017/06/19	9.25	9.36	9.21	9.31	5342799	49990868.00
2017/06/20	9.30	9.56	9.27	9.46	8267500	78439832.00
2017/06/21	9.52	9.69	9.43	9.49	8524537	81980232.00
2017/06/22	9.44	9.58	9.14	9.27	9647213	91655040.00
2017/06/23	9.24	9.69	9.24	9.64	13533344	129158496.00
2017/06/26	9.64	9.78	9.62	9.73	8294682	80930680.00
2017/06/27	9.67	9.78	9.55	9.73	8953393	87306096.00
2017/06/28	9.72	9.86	9.61	9.74	7843148	76823536.00
2017/06/29	9.77	9.98	9.71	9.88	12461952	123914672.00
2017/06/30	9.85	9.95	9.74	9.80	6880790	68090032.00
2017/07/03	9.84	9.91	9.74	9.80	4867920	47993588.00
2017/07/04	9.78	9.83	9.66	9.68	5271474	51603488.00
2017/07/05	9.73	9.99	9.67	9.98	10552755	105141664.00
2017/07/06	10.01	10.02	9.79	9.89	8605495	85860744.00
2017/07/07	9.93	9.93	9.75	9.80	5477403	54086208.00
2017/07/10	9.75	10.18	9.75	10.10	10656058	107339744.00
2017/07/11	10.04	10.10	9.72	9.74	9352662	93349848.00
2017/07/12	9.74	9.79	9.40	9.65	7977275	76998480.00
2017/07/13	9.64	9.74	9.44	9.66	4792429	46331344.00
2017/07/14	9.63	9.67	9.52	9.53	3548918	34192716.00
2017/07/17	9.54	9.59	8.90	8.90	8451026	77563400.00
2017/07/18	8.90	9.05	8.74	9.01	3890852	35028556.00
2017/07/19	9.00	9.11	8.92	9.05	4450232	40394560.00
2017/07/20	9.04	9.23	8.99	9.03	5466968	50095780.00
2017/07/21	9.21	9.47	9.12	9.24	12466073	116938872.00
2017/07/24	9.24	9.26	9.04	9.13	8397221	77265680.00
2017/07/25	9.17	9.21	8.99	9.09	9025600	82504728.00
2017/07/26	9.09	9.13	8.92	9.06	4691059	42662580.00
2017/07/27	9.06	9.52	8.96	9.49	11428541	106576648.00
2017/07/28	9.36	9.48	9.30	9.44	9634399	91022736.00
2017/07/31	9.43	9.82	9.39	9.64	11405961	111090408.00
2017/08/01	9.65	9.74	9.56	9.72	7782600	75645752.00
2017/08/02	9.74	9.79	9.53	9.54	6327650	61385964.00
2017/08/03	9.59	9.69	9.46	9.56	6132894	59056628.00
2017/08/04	9.55	9.62	9.45	9.48	4798468	46064596.00
2017/08/07	9.48	9.81	9.39	9.77	9878911	96312232.00
2017/08/08	9.74	9.81	9.67	9.77	5833028	57201328.00
2017/08/09	9.72	9.77	9.67	9.70	3498488	34213420.00
2017/08/10	9.70	9.82	9.64	9.75	9189716	90040216.00
2017/08/11	9.69	9.69	9.42	9.46	7682430	73969688.00
2017/08/14	9.47	10.03	9.47	9.94	15909110	157383040.00
2017/08/15	10.00	10.16	9.79	9.94	12340462	123593448.00
2017/08/16	9.89	10.28	9.89	10.21	21579474	220047120.00
2017/08/17	10.16	10.44	10.06	10.21	18227372	188224896.00
2017/08/18	10.16	10.28	10.08	10.11	9792606	99937120.00
2017/08/21	10.13	10.24	10.02	10.14	8334226	85037392.00
2017/08/22	10.14	10.41	10.05	10.33	13766656	141727248.00
2017/08/23	10.33	10.33	10.07	10.10	9031897	92252744.00
2017/08/24	10.05	10.11	9.90	9.94	7515216	75412584.00
2017/08/25	9.99	10.11	9.94	10.06	5417821	54723272.00
2017/08/28	10.07	10.29	10.07	10.15	10509122	107762208.00
2017/08/29	10.10	10.21	9.98	10.13	7711582	78211336.00
2017/08/30	10.13	10.19	10.04	10.09	6420331	65361116.00
2017/08/31	10.09	10.17	10.02	10.10	7340975	74460520.00
2017/09/01	10.14	10.22	10.01	10.19	9304621	94723880.00
2017/09/04	10.20	10.69	10.09	10.67	27873012	293536832.00
2017/09/05	10.70	10.73	10.44	10.50	15570740	165113904.00
2017/09/06	10.51	10.70	10.46	10.50	12782433	136032672.00
2017/09/07	10.53	10.81	10.49	10.54	15279695	163753984.00
2017/09/08	10.48	10.60	10.15	10.31	14310597	148962928.00
2017/09/11	10.31	10.74	10.27	10.73	19854074	211993936.00
2017/09/12	10.71	10.77	10.54	10.57	14891556	159022736.00
2017/09/13	10.54	10.60	10.37	10.51	8877492	93375792.00
2017/09/14	10.53	10.62	10.30	10.46	9077964	95124168.00
2017/09/15	10.44	10.56	10.37	10.48	7347415	77410856.00
2017/09/18	10.49	10.53	10.35	10.51	7628078	79949848.00
2017/09/19	10.54	10.68	10.33	10.40	11343587	119988072.00
2017/09/20	10.39	10.42	10.24	10.40	10616207	110193656.00
2017/09/21	10.34	10.43	10.00	10.03	15989529	163862528.00
2017/09/22	9.94	10.13	9.92	10.06	8587752	86600256.00
2017/09/25	10.09	10.09	9.74	9.77	8668000	86507024.00
2017/09/26	9.79	9.86	9.65	9.77	6160560	60439020.00
2017/09/27	9.74	10.08	9.74	10.00	7015603	70301168.00
2017/09/28	10.03	10.19	9.97	10.01	7217475	73049312.00
2017/09/29	10.02	10.09	9.98	10.04	3551227	35857256.00
2017/10/09	10.20	10.24	10.04	10.09	8476150	86252392.00
2017/10/10	10.09	10.32	10.06	10.23	10014200	102681840.00
2017/10/11	10.23	10.27	10.04	10.09	9028831	92121056.00
2017/10/12	10.01	10.12	9.97	10.05	5901522	59674508.00
2017/10/13	10.10	10.17	10.04	10.15	5211291	52981592.00
2017/10/16	10.16	10.23	9.93	9.97	7766350	78786136.00
2017/10/17	9.98	10.05	9.84	10.03	5965550	59634736.00
2017/10/18	10.06	10.08	9.82	9.85	5818550	58191724.00
2017/10/19	9.89	10.10	9.69	9.99	10741795	107561144.00
2017/10/20	9.94	10.01	9.85	9.97	4473120	44672464.00
2017/10/23	9.99	10.21	9.89	10.21	9360336	94593376.00
2017/10/24	10.22	10.27	10.07	10.24	9207675	94225888.00
2017/10/25	10.24	10.31	10.12	10.25	8424732	86673344.00
2017/10/26	10.21	10.27	10.16	10.22	6127388	62933328.00
2017/10/27	10.24	10.45	10.19	10.21	14332458	149047488.00
2017/10/30	10.15	10.21	9.54	9.67	16243317	160279408.00
2017/10/31	9.66	9.73	9.50	9.69	11638527	112545976.00
2017/11/01	9.68	9.68	9.44	9.51	10462373	100754536.00
2017/11/02	9.51	9.66	9.35	9.59	7052460	67101688.00
2017/11/03	9.57	9.71	9.46	9.65	5393525	52020876.00
2017/11/06	9.62	9.86	9.57	9.76	6049230	59108452.00
2017/11/07	9.77	10.73	9.69	10.29	25363339	262064432.00
2017/11/08	10.19	10.74	10.17	10.51	29889998	317010464.00
2017/11/09	10.44	10.97	10.41	10.89	35858366	389569312.00
2017/11/10	10.94	11.04	10.77	10.80	31824644	349222144.00
2017/11/13	10.90	11.18	10.81	10.95	22758948	251321312.00
2017/11/14	10.96	11.08	10.81	10.85	18860284	207123456.00
2017/11/15	10.77	11.14	10.64	10.91	21213079	233065792.00
2017/11/16	10.95	11.23	10.79	10.97	15902708	175082576.00
2017/11/17	10.97	11.04	10.40	10.69	23771190	256230816.00
2017/11/20	10.68	10.88	10.25	10.88	20935513	223398704.00
2017/11/21	10.88	11.19	10.65	10.89	20765851	228468736.00
2017/11/22	10.89	11.30	10.54	11.25	31701087	348814528.00
2017/11/23	11.24	11.39	10.64	10.90	32468851	359740288.00
2017/11/24	10.83	11.01	10.59	10.91	19155295	207679872.00
2017/11/27	10.84	10.93	10.46	10.46	11806127	126701112.00
2017/11/28	10.48	10.69	10.27	10.65	15212227	160879280.00
2017/11/29	10.64	10.86	10.34	10.77	14370843	153789168.00
2017/11/30	10.66	10.81	10.47	10.50	8590045	91643528.00
2017/12/01	10.51	11.08	10.43	11.05	27450517	300916320.00
2017/12/04	11.09	11.13	10.74	11.00	25390000	280385536.00
2017/12/05	10.92	10.92	10.35	10.61	22306971	238409808.00
2017/12/06	10.52	10.78	10.42	10.78	13852471	147892000.00
2017/12/07	10.67	10.80	10.49	10.49	12964900	138884512.00
2017/12/08	10.45	10.64	10.28	10.45	19119977	202085568.00
2017/12/11	10.54	10.79	10.46	10.76	18176227	195186160.00
2017/12/12	10.79	10.84	10.48	10.49	15462900	165595344.00
2017/12/13	10.44	10.62	10.39	10.58	9238936	97818592.00
2017/12/14	10.56	10.80	10.52	10.80	15553036	167008192.00
2017/12/15	10.78	11.10	10.69	11.01	30346587	333502816.00
2017/12/18	10.95	11.09	10.82	11.04	19025076	209551840.00
2017/12/19	10.99	11.55	10.78	10.80	23495573	259732640.00
2017/12/20	10.74	10.89	10.51	10.54	15953284	170493776.00
2017/12/21	10.54	10.57	10.26	10.44	13837373	145180592.00
2017/12/22	10.44	10.52	10.04	10.05	18155661	186936768.00
2017/12/25	10.02	10.04	9.04	9.14	28837414	276321760.00
2017/12/26	9.16	9.30	8.94	9.16	14255003	130878776.00
2017/12/27	9.14	9.25	9.04	9.18	8273765	76447368.00
2017/12/28	9.18	9.22	9.02	9.05	9669750	88340264.00
2017/12/29	9.05	9.15	9.03	9.12	5498767	50394184.00
2018/01/02	9.16	9.27	9.10	9.18	14294302	131671440.00
2018/01/03	9.21	9.40	9.10	9.32	10662539	99405328.00
2018/01/04	9.29	9.38	9.21	9.31	5289050	49544152.00
2018/01/05	9.31	9.65	9.31	9.53	12631749	120549112.00
2018/01/08	9.63	10.01	9.41	9.83	13900849	134693264.00
2018/01/09	9.69	9.77	9.60	9.64	9144626	89052480.00
2018/01/10	9.59	9.98	9.56	9.64	9550605	93345656.00
2018/01/11	9.66	9.95	9.49	9.67	16550078	162196128.00
2018/01/12	9.68	9.92	9.50	9.63	8740396	84957464.00
2018/01/15	9.54	9.60	9.04	9.32	11266254	104913680.00
2018/01/16	9.20	9.29	8.94	9.24	7111600	65662212.00
2018/01/17	9.14	9.27	8.98	9.23	5850661	53701796.00
2018/01/18	9.21	9.26	9.13	9.23	3714005	34314236.00
2018/01/19	9.19	9.24	9.11	9.13	3742950	34523472.00
2018/01/22	9.12	9.29	9.07	9.20	4712750	43661396.00
2018/01/23	9.20	9.23	9.12	9.14	4407250	40696900.00
2018/01/24	9.17	9.26	9.02	9.23	5919707	54586856.00
2018/01/25	9.19	9.30	9.19	9.20	4859902	45220712.00
2018/01/26	9.20	9.26	9.16	9.18	3128800	28970194.00
2018/01/29	9.19	9.22	8.97	8.98	6054500	55073696.00
2018/01/30	8.94	9.07	8.91	9.01	4076200	36801172.00
2018/01/31	8.95	8.97	8.56	8.57	12077309	105675304.00
2018/02/01	8.59	8.66	7.71	7.71	14943700	119814424.00
2018/03/01	8.49	8.49	8.49	8.49	1766155	15100625.00
2018/03/02	9.35	9.35	9.35	9.35	2260200	21268482.00
2018/03/05	10.29	10.29	9.66	9.94	59977994	599426432.00
2018/03/06	9.94	10.43	9.84	10.06	49373784	498649568.00
2018/03/07	9.84	9.85	9.39	9.52	42024312	406401344.00
2018/03/08	9.44	9.59	9.34	9.49	18630143	177406608.00
2018/03/09	9.41	9.70	9.41	9.63	22890287	220206752.00
2018/03/12	9.72	10.13	9.64	10.06	41938136	419267552.00
2018/03/13	9.94	9.94	9.55	9.57	37722053	368622368.00
2018/03/14	9.52	9.58	9.43	9.46	19491488	186115824.00
2018/03/15	9.36	9.56	9.36	9.52	16602026	158306128.00
2018/03/16	9.55	9.59	9.30	9.36	17606760	166798960.00
2018/03/19	9.35	9.56	9.30	9.43	15142875	144288624.00
2018/03/20	9.34	9.38	8.55	9.04	26804597	242550528.00
2018/03/21	8.99	9.41	8.95	9.31	22407473	207987680.00
2018/03/22	9.22	9.41	9.13	9.29	13197053	123551816.00
2018/03/23	8.92	9.05	8.40	8.77	19004062	167327520.00
2018/03/26	8.75	9.12	8.55	9.11	13759881	122311624.00
2018/03/27	9.17	9.41	9.16	9.35	13101518	122513696.00
2018/03/28	9.24	9.55	9.19	9.43	14551750	137359408.00
2018/03/29	9.71	9.79	9.29	9.40	23724798	227570000.00
2018/03/30	9.34	9.59	9.34	9.57	16743110	160115680.00
2018/04/02	9.61	9.84	9.46	9.70	24275885	236005136.00
2018/04/03	9.54	9.55	9.19	9.34	16676816	157106928.00
2018/04/04	9.37	9.40	8.94	8.95	17152250	157813712.00
2018/04/09	8.98	9.03	8.73	8.87	12808010	114110248.00
2018/04/10	8.85	8.95	8.73	8.91	8285835	73672776.00
2018/04/11	8.94	9.04	8.88	8.90	7562086	68179304.00
2018/04/12	8.83	8.91	8.76	8.82	8031444	71397184.00
2018/04/13	8.87	9.04	8.85	8.98	8067159	72863472.00
2018/04/16	8.94	9.16	8.90	9.09	10874540	99144608.00
2018/04/17	9.13	9.16	8.73	8.75	9302500	83275672.00
2018/04/18	8.95	9.54	8.92	9.37	34798070	325294464.00
2018/04/19	9.31	9.70	9.24	9.64	28119831	270435264.00
2018/04/20	9.66	9.66	9.38	9.43	14082324	134636848.00
2018/04/23	9.42	9.62	9.29	9.45	12034736	114911032.00
2018/04/24	9.37	9.71	9.29	9.66	15586067	149936656.00
2018/04/25	9.66	10.08	9.58	9.88	26544540	266313024.00
2018/04/26	9.88	10.42	9.88	10.16	35638127	366150816.00
2018/04/27	10.36	10.46	9.66	10.09	23747333	238668800.00
2018/05/02	10.84	11.11	10.19	10.33	29826803	318666464.00
2018/05/03	10.07	10.21	9.80	10.08	18855849	189218992.00
2018/05/04	10.15	10.54	10.14	10.22	24470810	255795520.00
2018/05/07	10.26	10.44	10.14	10.30	15760627	162903232.00
2018/05/08	10.29	10.29	10.04	10.13	11570200	118062936.00
2018/05/09	10.21	10.49	10.05	10.45	16942516	175689056.00
2018/05/10	10.46	10.51	10.31	10.46	15866902	166093856.00
2018/05/11	10.49	10.93	10.45	10.75	29140771	314965824.00
2018/05/14	10.63	11.02	10.24	10.31	22507909	241652240.00
2018/05/15	10.37	10.53	10.08	10.38	12847759	132338304.00
2018/05/16	10.26	10.47	10.09	10.12	11178287	115569896.00
2018/05/17	10.07	10.22	10.02	10.16	9668308	98514632.00
2018/05/18	10.17	10.42	10.06	10.30	9063155	93580952.00
2018/05/21	10.40	10.46	10.14	10.30	10693605	110770592.00
2018/05/22	10.24	10.37	10.19	10.34	6796317	70282944.00
2018/05/23	10.29	10.30	9.97	10.05	11006950	111872792.00
2018/05/24	9.98	10.14	9.97	10.03	5105210	51519072.00
2018/05/25	10.02	10.04	9.62	9.69	11591482	114204544.00
2018/05/28	9.73	9.73	9.41	9.54	9496926	90780352.00
2018/05/29	9.54	9.81	9.46	9.51	13581842	131603392.00
2018/05/30	9.34	9.34	9.04	9.07	13449300	123406448.00
2018/05/31	9.12	9.21	9.03	9.15	7337602	67120976.00
2018/06/01	9.26	9.34	9.03	9.06	8758868	80612048.00
2018/06/04	9.07	9.14	8.91	9.08	4410750	40023748.00
2018/06/05	9.10	9.31	9.05	9.28	6057588	55936892.00
2018/06/06	9.22	9.31	9.20	9.28	4034671	37479584.00
2018/06/07	9.28	9.32	9.07	9.13	4074400	37536216.00
2018/06/08	9.09	9.12	8.85	9.05	6504360	58535508.00
2018/06/11	9.00	9.00	8.66	8.69	10206442	90241440.00
2018/06/12	8.65	8.83	8.65	8.83	5087617	44742172.00
2018/06/13	8.83	9.02	8.74	8.91	7578626	67961616.00
2018/06/14	8.90	9.02	8.78	8.82	3890770	34804736.00
2018/06/15	8.84	8.94	8.62	8.70	4864810	42819964.00
2018/06/19	8.52	8.57	7.83	7.86	10957500	89880240.00
2018/06/20	7.86	8.09	7.86	8.04	5354032	43022080.00
2018/06/21	7.98	8.09	7.70	7.78	6763893	53576460.00
2018/06/22	7.78	7.90	7.58	7.86	6269278	49044468.00
2018/06/25	7.95	7.96	7.72	7.76	4279960	33663296.00
2018/06/26	7.69	8.00	7.58	7.93	5283285	41683820.00
2018/06/27	7.96	8.16	7.85	8.11	6620607	53667452.00
2018/06/28	8.08	8.16	7.94	7.94	4271100	34586276.00
2018/06/29	7.94	8.28	7.94	8.26	6949819	57203472.00
2018/07/02	8.24	8.36	8.08	8.12	8590124	71191248.00
2018/07/03	8.18	8.41	8.09	8.39	8445830	70203112.00
2018/07/04	8.34	8.52	8.20	8.24	6733413	56586556.00
2018/07/05	8.23	8.42	8.05	8.09	5256389	43598876.00
2018/07/06	8.14	8.29	8.02	8.05	6373166	52211764.00
2018/07/09	8.14	8.31	8.09	8.31	5075661	41904464.00
2018/07/10	8.32	8.37	8.23	8.30	4541407	37816220.00
2018/07/11	8.16	8.23	7.66	7.83	10419464	82396816.00
2018/07/12	7.76	8.25	7.76	8.14	11303624	91848720.00
2018/07/13	8.16	8.28	8.11	8.26	7157477	58954400.00
2018/07/16	8.31	8.73	8.15	8.68	14885171	126926672.00
2018/07/17	8.65	8.66	8.36	8.47	9704452	82472856.00
2018/07/18	8.54	8.71	8.45	8.59	9317652	80535928.00
2018/07/19	8.60	8.65	8.33	8.46	8703350	73765680.00
2018/07/20	8.41	8.60	8.34	8.51	8619027	73565000.00
2018/07/23	8.44	8.70	8.43	8.67	6088371	52818664.00
2018/07/24	8.73	8.76	8.58	8.68	5413720	47202120.00
2018/07/25	8.71	8.86	8.61	8.64	5571266	48787080.00
2018/07/26	8.65	8.76	8.46	8.50	6539100	56526604.00
2018/07/27	8.50	8.57	8.40	8.42	4227089	35927044.00
2018/07/30	8.42	8.47	8.13	8.16	5987655	49622412.00
2018/07/31	8.16	8.22	8.08	8.15	4530650	37047964.00
2018/08/01	8.24	8.28	7.90	7.91	7710367	62827448.00
2018/08/02	7.89	7.96	7.32	7.66	13123730	100206648.00
2018/08/03	7.66	7.71	7.46	7.68	6845855	52126720.00
2018/08/06	7.71	7.71	7.41	7.44	6165963	46625560.00
2018/08/07	7.44	7.56	7.26	7.55	8912371	66574048.00
2018/08/08	7.50	7.60	7.38	7.41	5983323	45150620.00
2018/08/09	7.36	7.71	7.36	7.59	7684952	58838592.00
2018/08/10	7.56	7.78	7.54	7.73	5965572	46215664.00
2018/08/13	7.67	7.89	7.61	7.87	5570471	43463524.00
2018/08/14	7.79	7.96	7.77	7.88	7047710	55619472.00
2018/08/15	7.88	8.02	7.86	7.93	7402141	58999248.00
2018/08/16	7.73	7.95	7.66	7.66	6084340	47590060.00
2018/08/17	7.75	7.81	7.56	7.56	5252810	40565376.00
2018/08/20	7.56	7.64	7.16	7.42	10005832	74119736.00
2018/08/21	7.40	7.60	7.33	7.50	8423991	63172800.00
2018/08/22	7.49	7.67	7.45	7.57	7466567	56907072.00
2018/08/23	7.57	7.65	7.48	7.59	5906778	44961044.00
2018/08/24	7.66	7.93	7.66	7.77	10054876	78881512.00
2018/08/27	7.73	7.99	7.69	7.94	10488612	83181536.00
2018/08/28	7.95	8.06	7.81	7.89	11060515	88107480.00
2018/08/29	7.83	7.95	7.80	7.85	5714100	45203016.00
2018/08/30	7.82	7.89	7.65	7.73	6062021	47164924.00
2018/08/31	7.72	7.82	7.62	7.76	5450194	42348492.00
2018/09/03	7.68	7.71	6.98	7.22	25934831	187912976.00
2018/09/04	7.15	7.42	7.08	7.42	12169322	88854568.00
2018/09/05	7.47	7.47	7.28	7.32	8220850	60862352.00
2018/09/06	7.22	7.47	7.22	7.47	12989017	96228848.00
2018/09/07	7.48	7.55	7.23	7.43	11786229	87366480.00
2018/09/10	7.36	7.36	7.02	7.13	13679212	98138824.00
2018/09/11	7.12	7.36	6.98	7.36	13674065	98706120.00
2018/09/12	7.31	7.31	7.19	7.21	4912479	35768912.00
2018/09/13	7.28	7.35	7.20	7.31	6361150	46577024.00
2018/09/14	7.31	7.35	7.08	7.13	7220950	52455552.00
2018/09/17	7.05	7.13	7.03	7.09	3946850	28112290.00
2018/09/18	7.09	7.19	7.04	7.14	5089507	36390900.00
2018/09/19	7.12	7.24	7.07	7.18	6153654	44329972.00
2018/09/20	7.14	7.29	7.14	7.20	5449738	39548576.00
2018/09/21	7.18	7.26	7.11	7.22	6116602	44263972.00
2018/09/25	7.22	7.25	7.11	7.12	5470362	39417092.00
2018/09/26	7.13	7.19	7.07	7.11	6476414	46326136.00
2018/09/27	7.11	7.12	6.82	6.92	12602464	88230360.00
2018/09/28	6.92	6.95	6.86	6.93	5764571	40069852.00
2018/10/08	6.82	6.82	6.45	6.60	8776682	58533768.00
2018/10/09	6.55	6.63	6.40	6.56	7996540	52155684.00
2018/10/10	6.53	6.53	6.33	6.47	7095970	45897456.00
2018/10/11	6.21	6.21	5.82	5.91	11751041	70619144.00
2018/10/12	5.78	5.89	5.46	5.80	8424363	48689768.00
2018/10/15	5.86	5.92	5.76	5.77	5298288	31145848.00
2018/10/16	5.79	6.35	5.50	6.23	18488115	110302936.00
2018/10/17	6.06	6.08	5.86	6.01	15432989	93130152.00
2018/10/18	5.92	5.94	5.69	5.70	9415478	54682720.00
2018/10/19	5.66	5.92	5.58	5.88	7962372	46562660.00
2018/10/22	5.91	6.45	5.91	6.26	17215262	107126520.00
2018/10/23	6.26	6.33	6.06	6.13	11137015	69356536.00
2018/10/24	6.16	6.25	6.06	6.14	8045803	49895452.00
2018/10/25	5.95	6.13	5.84	6.09	8481293	51165688.00
2018/10/26	6.16	6.21	6.03	6.05	6028090	37057252.00
2018/10/29	5.98	6.06	5.83	5.86	6121400	36564800.00
2018/10/30	5.87	6.00	5.72	5.94	8170122	48333824.00
2018/10/31	5.94	6.13	5.94	6.05	7335372	44713932.00
2018/11/01	6.36	6.46	6.09	6.12	13621000	85788328.00
2018/11/02	6.20	6.34	6.17	6.32	15134704	95343216.00
2018/11/05	6.31	6.55	6.24	6.40	15794635	101774432.00
2018/11/06	6.35	6.43	6.22	6.42	8787882	55903556.00
2018/11/07	6.44	6.57	6.36	6.49	12101185	78965040.00
2018/11/08	6.54	6.58	6.31	6.33	8740000	56493400.00
2018/11/09	6.26	6.44	6.25	6.38	7307328	46957984.00
2018/11/12	6.35	6.72	6.35	6.67	14525087	96662568.00
2018/11/13	6.59	6.81	6.59	6.70	13966879	94401440.00
2018/11/14	6.70	6.86	6.64	6.79	11010273	75022280.00
2018/11/15	6.81	6.99	6.73	6.94	13235636	91870808.00
2018/11/16	6.96	7.15	6.91	7.04	10616030	75120120.00
2018/11/19	7.00	7.06	6.80	6.94	11969750	82949320.00
2018/11/20	6.87	7.01	6.77	6.90	9735783	67606344.00
2018/11/21	6.81	7.21	6.68	7.06	14308963	99415536.00
2018/11/22	6.98	7.01	6.86	6.87	8241636	57376612.00
2018/11/23	6.87	6.92	6.37	6.50	9123093	60697196.00
2018/11/26	6.44	6.55	6.43	6.46	4985525	32528974.00
2018/11/27	6.54	6.66	6.48	6.53	5832067	38504796.00
2018/11/28	6.48	6.78	6.43	6.75	8573716	57370196.00
2018/11/29	6.79	6.94	6.69	6.69	10776928	74031960.00
2018/11/30	6.70	6.76	6.38	6.62	8825524	58330336.00
2018/12/03	6.83	7.13	6.78	7.02	16246428	113841808.00
2018/12/04	6.96	7.02	6.92	6.97	6914748	48384480.00
2018/12/05	6.86	6.98	6.82	6.88	7624370	52866696.00
2018/12/06	6.85	6.89	6.72	6.73	6976202	47693032.00
2018/12/07	6.74	6.90	6.74	6.84	6258560	43110800.00
2018/12/10	6.84	6.85	6.63	6.66	8116189	54805376.00
2018/12/11	6.69	6.81	6.59	6.70	8885934	59641436.00
2018/12/12	6.72	6.78	6.46	6.46	11463598	76073736.00
2018/12/13	6.48	6.70	6.47	6.64	8355061	55540680.00
2018/12/14	6.61	6.68	6.37	6.44	8362665	54799296.00
2018/12/17	6.37	6.53	6.14	6.21	11009283	69519152.00
2018/12/18	6.21	6.23	6.03	6.10	6365400	39157984.00
2018/12/19	6.10	6.12	5.93	5.94	7061769	42615296.00
2018/12/20	5.96	6.05	5.92	6.00	5162882	31122030.00
2018/12/21	5.97	6.00	5.90	5.94	4167250	24945942.00
2018/12/24	5.95	6.11	5.91	6.08	4865653	29603496.00
2018/12/25	6.03	6.17	5.87	6.14	8209792	49738012.00
2018/12/26	6.09	6.40	6.07	6.30	13463158	84983056.00
2018/12/27	6.36	6.41	6.23	6.24	8590326	54624820.00
2018/12/28	6.21	6.33	6.12	6.14	6240884	38993940.00
2019/01/02	6.18	6.26	6.11	6.17	6242537	38861108.00
2019/01/03	6.16	6.35	6.11	6.34	9109827	57134116.00
2019/01/04	6.20	6.47	6.17	6.46	10472024	67131984.00
2019/01/07	6.53	6.60	6.41	6.56	10697998	70249240.00
2019/01/08	6.71	6.71	6.39	6.42	16054859	105541112.00
2019/01/09	6.42	7.07	6.42	6.93	46700269	325349024.00
2019/01/10	6.81	6.86	6.65	6.73	27116134	184085520.00
2019/01/11	6.77	7.26	6.74	7.06	32958777	231605632.00
2019/01/14	7.05	7.13	6.92	7.11	20255060	143378480.00
2019/01/15	7.02	7.09	6.91	7.04	14648748	103118432.00
2019/01/16	7.02	7.09	6.82	6.85	13008964	90623848.00
2019/01/17	6.86	6.87	6.67	6.69	10327159	70123104.00
2019/01/18	6.73	6.76	6.58	6.72	9148473	61394944.00
2019/01/21	6.72	7.05	6.69	7.05	16692474	115558728.00
2019/01/22	7.05	7.21	6.88	6.97	23206772	164266144.00
2019/01/23	6.89	6.93	6.70	6.83	14549433	99677392.00
2019/01/24	6.77	7.08	6.72	6.99	19747386	138260480.00
2019/01/25	6.94	7.25	6.85	7.10	27090309	193650896.00
2019/01/28	7.17	7.19	6.92	7.00	12317448	87290128.00
2019/01/29	6.97	6.98	6.64	6.91	11774942	80845840.00
2019/01/30	6.87	6.92	6.69	6.69	7231847	49528064.00
2019/01/31	6.71	6.88	6.64	6.77	7305353	49716128.00
2019/02/01	6.77	7.00	6.75	7.00	9469281	65819732.00
2019/02/11	7.00	7.25	6.98	7.23	17794319	127773952.00
2019/02/12	7.20	7.26	7.16	7.23	15163303	109817432.00
2019/02/13	7.25	7.52	7.24	7.34	20541403	152136144.00
2019/02/14	7.34	7.43	7.25	7.36	14772168	108992096.00
2019/02/15	7.36	7.52	7.24	7.31	21445828	158916864.00
2019/02/18	7.35	7.67	7.28	7.64	25837918	195840560.00
2019/02/19	7.69	7.73	7.44	7.59	21421568	163206944.00
2019/02/20	7.55	7.77	7.49	7.72	20966099	160533792.00
2019/02/21	7.66	8.02	7.61	7.67	29954630	235559328.00
2019/02/22	7.66	8.01	7.65	7.96	24089973	189951440.00
2019/02/25	8.24	8.76	8.12	8.61	41376712	352752096.00
2019/02/26	8.62	8.82	8.28	8.48	34664850	297261760.00
2019/02/27	8.48	8.78	8.32	8.57	32364049	279118848.00
2019/02/28	8.54	8.74	8.37	8.51	16679450	143236112.00
2019/03/01	8.59	8.59	8.38	8.55	12779850	108890984.00
2019/03/04	8.66	8.90	8.58	8.63	25872203	227023088.00
2019/03/05	8.61	9.32	8.56	9.24	34448759	310866976.00
2019/03/06	9.54	9.71	9.16	9.45	30346882	286490656.00
2019/03/07	9.44	9.48	8.96	9.31	36202678	335819968.00
2019/03/08	8.96	10.24	8.85	9.43	55290616	535437728.00
2019/03/11	9.66	10.05	9.56	9.98	41437402	411110592.00
2019/03/12	10.01	10.30	9.72	9.93	37256370	374707744.00
2019/03/13	10.21	10.26	9.57	9.64	29877920	297075840.00
2019/03/14	9.36	9.59	8.87	9.12	32606545	299157152.00
2019/03/15	9.21	9.51	8.96	9.14	25389625	235963280.00
2019/03/18	9.04	9.32	8.99	9.30	20226364	186647568.00
2019/03/19	9.37	9.69	9.23	9.37	19150732	181767584.00
2019/03/20	9.36	9.51	9.05	9.25	16197420	150167136.00
2019/03/21	9.28	9.66	9.24	9.50	25838420	245906800.00
2019/03/22	9.42	9.66	9.26	9.60	21137287	201158672.00
2019/03/25	9.40	10.02	9.36	9.77	31789169	312049024.00
2019/03/26	9.77	9.82	9.03	9.13	29768965	279885024.00
2019/03/27	9.23	9.41	8.93	9.19	20638102	189923568.00
2019/03/28	9.14	9.38	9.02	9.15	15603461	144363776.00
2019/03/29	9.17	9.48	8.97	9.47	22377791	208460416.00
2019/04/01	9.65	9.97	9.52	9.86	31148308	306567552.00
2019/04/02	9.89	10.01	9.74	9.78	36450372	360698016.00
2019/04/03	9.81	10.14	9.75	10.00	27340283	273885440.00
2019/04/04	10.12	10.85	9.94	10.67	48938084	512412640.00
2019/04/08	10.78	11.19	10.34	10.53	36854489	396520128.00
2019/04/09	10.61	10.81	10.34	10.66	23170936	246370800.00
2019/04/10	10.51	10.67	10.46	10.52	15134281	160602656.00
2019/04/11	10.48	10.48	9.97	9.97	24826075	253867936.00
2019/04/12	10.10	10.30	9.89	10.08	16114088	163135680.00
2019/04/15	10.41	10.61	10.14	10.20	25285836	263796800.00
2019/04/16	10.09	11.14	9.97	11.06	41946029	449898944.00
2019/04/17	10.84	10.99	10.66	10.77	34696495	376673792.00
2019/04/18	10.78	10.79	10.37	10.42	27590660	292385312.00
2019/04/19	10.42	10.60	10.28	10.60	17601824	184877696.00
2019/04/22	10.61	10.74	10.48	10.53	15437139	164579152.00
2019/04/23	10.49	10.55	10.16	10.23	14278038	147641856.00
2019/04/24	10.30	10.62	10.14	10.58	20755523	216126672.00
2019/04/25	10.57	10.64	9.97	10.06	17641356	181906112.00
2019/04/26	10.03	10.25	10.01	10.05	13375101	135208512.00
2019/04/29	10.15	10.21	9.56	9.65	19608364	193332352.00
2019/04/30	9.68	9.89	9.60	9.80	11051910	108018000.00
2019/05/06	9.21	9.47	8.82	8.82	26857200	242609792.00
2019/05/07	8.87	8.93	8.61	8.84	15637600	137483760.00
2019/05/08	8.51	9.08	8.40	8.84	15386723	136070528.00
2019/05/09	8.70	8.98	8.69	8.71	10013167	88385256.00
2019/05/10	8.86	9.28	8.66	9.24	20301405	183587056.00
2019/05/13	9.10	9.28	8.93	9.00	14183950	128712792.00
2019/05/14	8.88	9.10	8.85	8.88	12344900	110571352.00
2019/05/15	9.02	9.08	8.92	9.04	10100700	91046912.00
2019/05/16	9.06	9.07	8.90	9.00	9423750	84762256.00
2019/05/17	9.04	9.23	8.71	8.83	15658310	140687168.00
2019/05/20	8.88	9.45	8.83	9.27	22942913	208935136.00
2019/05/21	9.17	9.34	9.10	9.28	16579869	152943888.00
2019/05/22	9.20	9.44	9.16	9.25	12328391	114506680.00
2019/05/23	9.27	9.30	8.88	9.09	16342779	147955360.00
2019/05/24	8.99	9.06	8.78	8.78	9213905	81950768.00
2019/05/27	8.72	9.17	8.72	9.12	13697217	123198552.00
2019/05/28	9.13	9.17	8.99	9.06	9193669	83661824.00
2019/05/29	9.00	9.25	8.95	9.11	11404408	104324160.00
2019/05/30	9.05	9.08	8.82	8.96	9008264	80295784.00
2019/05/31	9.04	9.15	8.97	8.98	8713800	78885632.00
2019/06/03	9.08	9.13	8.66	8.81	14860828	131193152.00
2019/06/04	8.88	9.05	8.79	8.80	11401131	101490968.00
2019/06/05	8.89	8.95	8.60	8.72	9860751	86519080.00
2019/06/06	8.74	8.74	8.30	8.31	11797272	100364168.00
2019/06/10	8.35	8.58	8.28	8.45	8989838	76016144.00
2019/06/11	8.45	8.80	8.33	8.77	11506769	99159768.00
2019/06/12	8.71	8.87	8.69	8.77	8339640	73423904.00
2019/06/13	8.79	8.87	8.72	8.79	5721540	50264792.00
2019/06/14	8.75	8.83	8.45	8.50	7906111	68125464.00
2019/06/17	8.46	8.57	8.35	8.39	6566250	55265000.00
2019/06/18	8.37	8.54	8.36	8.51	5764684	48770372.00
2019/06/19	8.80	9.03	8.80	8.85	19084806	169913584.00
2019/06/20	8.85	9.05	8.78	8.96	11552334	103279112.00
2019/06/21	9.09	9.33	9.06	9.11	14464093	132841272.00
2019/06/24	9.17	9.23	9.06	9.15	10073702	92030360.00
2019/06/25	9.10	9.25	8.96	9.10	9619217	87350328.00
2019/06/26	9.05	9.25	8.98	9.14	8517650	77994056.00
2019/06/27	9.21	9.57	9.19	9.57	20788503	195812768.00
2019/06/28	9.50	9.53	9.33	9.47	14081500	132615872.00
2019/07/01	9.80	9.93	9.69	9.73	18580854	181693920.00
2019/07/02	9.73	9.82	9.59	9.68	11587910	112674648.00
2019/07/03	9.54	9.63	9.44	9.48	11400557	108482528.00
2019/07/04	9.61	9.65	9.39	9.47	7273039	69221896.00
2019/07/05	9.35	9.64	9.35	9.53	7037917	67238568.00
2019/07/08	9.53	9.56	9.11	9.15	9907359	91423984.00
2019/07/09	9.18	9.19	8.88	9.04	9730812	87765392.00
2019/07/10	9.10	9.18	8.86	8.91	7961039	71552160.00
2019/07/11	9.01	9.03	8.79	8.88	8672262	77116192.00
2019/07/12	8.92	9.05	8.82	8.95	6157233	55185152.00
2019/07/15	8.99	9.25	8.81	9.14	8659927	78596568.00
2019/07/16	9.11	9.17	9.03	9.10	4951838	45038940.00
2019/07/17	9.05	9.23	8.98	9.22	8525197	77890696.00
2019/07/18	9.15	9.16	8.91	8.95	8822999	79456488.00
2019/07/19	8.90	9.07	8.90	8.93	5415482	48602976.00
2019/07/22	8.89	8.96	8.55	8.62	8401492	73062984.00
2019/07/23	8.65	8.88	8.60	8.81	7188100	63230620.00
2019/07/24	8.88	9.54	8.83	9.40	22130939	205947632.00
2019/07/25	9.39	9.56	9.33	9.52	15501485	146742720.00
2019/07/26	9.60	9.63	9.46	9.50	10322817	98362448.00
2019/07/29	9.51	9.85	9.51	9.69	12725717	123753880.00
2019/07/30	9.70	9.88	9.59	9.61	13213635	128566256.00
2019/07/31	9.63	9.85	9.63	9.68	10248568	99754080.00
2019/08/01	9.65	9.80	9.60	9.68	10358200	100292704.00
2019/08/02	9.34	9.61	9.28	9.54	13039350	123634504.00
2019/08/05	9.58	9.77	9.31	9.35	10798967	102845080.00
2019/08/06	9.02	9.24	8.92	9.09	13408658	121751960.00
2019/08/07	9.19	9.25	8.92	8.94	8473950	76731552.00
2019/08/08	8.94	9.04	8.81	8.88	9480233	84284736.00
2019/08/09	8.95	9.12	8.75	8.77	11433048	101712032.00
2019/08/12	8.80	9.18	8.73	9.17	11176077	100263888.00
2019/08/13	9.00	9.14	8.95	8.99	8303529	74826744.00
2019/08/14	9.19	9.43	9.10	9.34	15163278	141103664.00
2019/08/15	9.11	9.40	9.04	9.40	16548936	152063776.00
2019/08/16	9.78	10.34	9.50	10.34	65935521	663990080.00
2019/08/19	11.37	11.37	11.37	11.37	17940972	203988848.00
2019/08/20	12.51	12.51	11.64	11.70	171074544	2087864960.00
2019/08/21	11.72	12.80	11.60	12.20	165283048	2004204928.00
2019/08/22	12.23	13.30	12.05	12.31	138261022	1730155008.00
2019/08/23	12.43	13.54	12.18	13.54	139635978	1789794688.00
2019/08/26	13.80	14.89	13.20	14.09	198303057	2793425664.00
2019/08/27	14.45	15.30	14.18	14.59	160588308	2352123136.00
2019/08/28	14.43	14.74	14.00	14.10	128842924	1841325696.00
2019/08/29	14.08	14.52	13.88	14.15	102384273	1450270976.00
2019/08/30	14.06	14.78	13.85	14.37	116785898	1672193792.00
2019/09/02	14.03	14.86	13.60	14.57	121024347	1714042752.00
2019/09/03	14.45	16.03	14.37	15.46	140480104	2166481664.00
2019/09/04	15.30	16.28	15.11	15.51	127202596	1994478592.00
2019/09/05	15.30	16.15	14.85	15.03	127311564	1966233984.00
2019/09/06	15.00	15.33	14.34	14.68	90299648	1335373440.00
2019/09/09	14.70	15.50	14.62	15.39	91494797	1385319552.00
2019/09/10	15.50	15.50	14.67	14.67	74859484	1118300288.00
2019/09/11	14.68	15.00	14.40	14.42	51479919	754262016.00
2019/09/12	14.55	14.70	14.29	14.61	33901743	493274880.00
2019/09/16	14.70	15.23	14.61	15.00	67244156	1008428480.00
2019/09/17	14.71	14.80	13.88	14.10	76380352	1092272000.00
2019/09/18	14.08	14.43	13.37	14.17	72141282	1004409152.00
2019/09/19	13.95	14.32	13.80	14.24	45894351	645749184.00
2019/09/20	14.29	14.85	14.06	14.67	71905403	1045777664.00
2019/09/23	14.60	14.87	14.20	14.60	49876136	724419264.00
2019/09/24	14.70	15.35	14.43	14.84	78127906	1165995136.00
2019/09/25	14.61	14.68	13.57	13.73	69517764	973738752.00
2019/09/26	13.90	13.91	12.60	12.81	60898366	797860096.00
2019/09/27	12.82	13.07	12.68	12.74	41218879	529459264.00
2019/09/30	12.95	13.04	12.51	12.66	28200421	361295712.00
2019/10/08	12.88	13.00	12.38	12.60	24466210	311687424.00
2019/10/09	12.55	12.84	12.50	12.80	24041352	305731616.00
2019/10/10	12.83	13.03	12.68	12.96	34307740	441236960.00
2019/10/11	12.96	13.01	12.42	12.98	41419570	529722176.00
2019/10/14	13.20	13.59	12.91	13.32	50657575	669885568.00
2019/10/15	13.10	13.34	12.85	12.86	37605656	491591104.00
2019/10/16	13.03	13.09	12.55	12.63	28949173	369896960.00
2019/10/17	12.63	12.76	12.48	12.52	18711666	235632928.00
2019/10/18	12.53	12.65	11.95	12.20	34900712	427792064.00
2019/10/21	12.22	12.38	11.91	12.33	26804443	327156512.00
2019/10/22	12.35	12.57	12.23	12.48	32379652	401878752.00
2019/10/23	12.51	12.55	12.10	12.14	28021218	345557280.00
2019/10/24	12.23	12.45	12.09	12.21	25436752	311453728.00
2019/10/25	12.28	12.38	12.04	12.31	21228829	260190560.00
2019/10/28	12.02	12.78	11.93	12.58	56151735	695673536.00
2019/10/29	12.63	12.66	11.41	11.53	67877711	805743808.00
2019/10/30	11.52	11.83	11.32	11.59	25585548	296900896.00
2019/10/31	11.65	12.00	11.56	11.83	31775877	375507392.00
2019/11/01	11.71	11.90	11.56	11.75	23235894	273509248.00
2019/11/04	11.70	12.01	11.34	11.91	38554631	454608096.00
2019/11/05	12.00	12.00	11.65	11.72	23503904	276826560.00
2019/11/06	11.66	11.77	11.27	11.39	26908450	308196288.00
2019/11/07	11.37	11.75	11.33	11.70	25235020	292322880.00
2019/11/08	11.75	11.83	11.56	11.58	18208100	213192752.00
2019/11/11	11.50	11.72	11.38	11.45	16769608	193932960.00
2019/11/12	11.57	11.57	10.92	11.44	23615470	264741504.00
2019/11/13	11.30	11.75	11.23	11.69	31347026	363623232.00
2019/11/14	11.61	11.87	11.35	11.70	32496616	377861440.00
2019/11/15	11.67	11.97	11.61	11.62	32844931	387034496.00
2019/11/18	11.62	11.73	11.39	11.55	20505633	236557328.00
2019/11/19	11.58	12.46	11.48	12.36	58811902	705779776.00
2019/11/20	12.29	12.39	11.83	12.02	49327356	596270976.00
2019/11/21	11.95	12.06	11.80	12.04	28152422	336569984.00
2019/11/22	12.04	12.17	11.22	11.27	47935858	559244672.00
2019/11/25	11.36	11.36	10.54	10.57	33814271	364924352.00
2019/11/26	10.73	10.83	10.48	10.61	18681478	199291824.00
2019/11/27	10.55	11.01	10.47	10.88	26830485	290274144.00
2019/11/28	10.80	10.95	10.64	10.70	12816867	138072384.00
2019/11/29	10.69	10.89	10.63	10.84	15452386	166443296.00
2019/12/02	10.85	11.10	10.83	11.01	19843108	218357408.00
2019/12/03	10.89	11.20	10.86	11.19	21742816	240893872.00
2019/12/04	11.14	11.20	10.94	11.10	16064602	177755584.00
2019/12/05	11.11	11.41	11.07	11.30	26478497	297722848.00
2019/12/06	11.29	11.95	11.25	11.80	47800282	556858624.00
2019/12/09	11.90	12.16	11.74	12.04	42775079	511380000.00
2019/12/10	11.98	12.18	11.77	12.09	39619059	475054112.00
2019/12/11	12.33	12.78	12.07	12.22	51052638	632454656.00
2019/12/12	12.25	13.07	12.09	12.70	66825620	843849152.00
2019/12/13	12.84	12.93	12.42	12.69	39583539	500419552.00
2019/12/16	12.75	13.41	12.75	13.12	58265463	764525632.00
2019/12/17	13.10	13.38	12.95	13.25	46819525	615520960.00
2019/12/18	13.26	13.44	12.84	12.91	52042931	681791744.00
2019/12/19	12.95	13.23	12.85	13.07	38434214	502099584.00
2019/12/20	13.21	13.22	12.54	12.57	44501576	567443648.00
2019/12/23	12.55	12.96	12.24	12.37	30628972	386951872.00
2019/12/24	12.53	12.60	12.30	12.57	22422604	279900256.00
2019/12/25	12.90	13.29	12.76	13.12	59895802	780237376.00
2019/12/26	13.12	13.45	12.92	13.31	50066064	662263616.00
2019/12/27	13.33	13.46	12.80	12.83	41634931	545595008.00
2019/12/30	12.67	12.95	12.34	12.83	27684682	352373664.00
2019/12/31	12.79	12.99	12.62	12.93	22955138	292548960.00
2020/01/02	13.05	13.22	12.86	13.12	32836305	429067808.00
2020/01/03	13.22	13.32	12.95	13.15	31127903	408496064.00
2020/01/06	13.01	13.93	12.91	13.87	61062786	831070208.00
2020/01/07	13.91	14.23	13.72	13.90	50369918	704583360.00
2020/01/08	13.80	14.18	13.64	13.69	42344290	587078464.00
2020/01/09	13.88	14.35	13.82	14.18	44952471	634384320.00
2020/01/10	14.14	14.35	13.65	13.80	41681398	582364096.00
2020/01/13	13.79	14.12	13.69	14.02	31155109	433595744.00
2020/01/14	14.02	14.05	13.48	13.49	45615420	622867520.00
2020/01/15	13.48	13.61	13.28	13.41	27898364	373979968.00
2020/01/16	13.55	13.69	13.35	13.38	26970697	363422720.00
2020/01/17	13.40	13.52	13.08	13.24	25587062	340636544.00
数据来源:通达信
