002371 北方华创 日线 前复权
      日期	    开盘	    最高	    最低	    收盘	    成交量	    成交额
2013/09/02	17.66	17.83	17.58	17.73	432308	7751641.50
2013/09/03	17.77	18.38	17.77	18.19	1505484	27590368.00
2013/09/04	18.13	18.46	17.97	18.21	953259	17499708.00
2013/09/05	18.16	18.49	18.02	18.43	881641	16297867.00
2013/09/06	18.48	18.48	17.97	18.05	1031143	18942946.00
2013/09/09	18.07	18.24	17.78	18.06	1038272	18817270.00
2013/09/10	17.93	18.05	17.75	17.76	1189061	21433538.00
2013/09/11	17.76	17.87	17.30	17.42	860430	15215096.00
2013/09/12	17.42	17.92	17.42	17.57	1135142	20269612.00
2013/09/13	17.60	17.60	16.91	17.46	1978112	34229980.00
2013/09/16	17.35	17.35	16.56	16.77	4349088	73664656.00
2013/09/17	16.41	16.78	16.41	16.62	1867240	31508348.00
2013/09/18	16.61	16.77	16.29	16.64	1736361	29136454.00
2013/09/23	16.68	17.37	16.68	17.12	2692002	46323592.00
2013/09/24	17.03	17.10	16.74	16.87	2693646	45935828.00
2013/09/25	16.88	17.27	16.88	17.22	4138180	71394160.00
2013/09/26	17.22	17.29	16.95	17.10	2966123	51361992.00
2013/09/27	17.08	17.43	16.97	17.17	1743658	30500210.00
2013/09/30	17.24	17.77	17.24	17.74	1814253	32265908.00
2013/10/08	17.68	18.83	17.57	18.77	3487849	64934204.00
2013/10/09	18.70	18.97	18.58	18.95	2019938	38422168.00
2013/10/10	18.96	19.26	18.62	19.10	1776798	33951800.00
2013/10/11	19.07	19.07	18.66	18.72	1452807	27684734.00
2013/10/14	18.64	18.74	18.40	18.47	1447493	27106650.00
2013/10/15	18.41	18.75	18.37	18.49	1275797	23910788.00
2013/10/16	18.47	18.47	17.47	17.92	1769467	31945958.00
2013/10/17	17.93	18.07	17.57	17.99	1127109	20431712.00
2013/10/18	18.00	18.12	17.80	18.09	395682	7200401.50
2013/10/21	18.02	18.40	17.90	18.26	1650160	30351226.00
2013/10/22	18.26	18.37	17.92	18.12	1280459	23532350.00
2013/10/23	18.16	19.17	18.16	19.08	5043289	96064552.00
2013/10/24	19.77	19.97	18.97	19.57	5007433	98996376.00
2013/10/25	19.76	19.76	18.79	19.37	2546795	49603692.00
2013/10/28	18.76	19.55	18.54	19.06	1239849	23684662.00
2013/10/29	18.95	19.02	18.29	19.02	1723168	32436432.00
2013/10/30	18.77	19.01	18.57	19.00	817083	15515205.00
2013/10/31	18.99	19.15	18.17	19.15	1667655	31266494.00
2013/11/01	18.62	18.97	18.40	18.46	1150281	21589600.00
2013/11/04	18.46	18.50	17.81	17.93	1230407	22535270.00
2013/11/05	18.01	18.16	17.43	18.12	1035597	18565498.00
2013/11/06	17.95	18.17	17.73	17.92	492952	8975462.00
2013/11/07	17.91	17.92	17.49	17.51	685169	12229911.00
2013/11/08	17.48	17.48	17.08	17.16	578439	10121563.00
2013/11/11	17.17	17.26	16.68	17.26	1013336	17392406.00
2013/11/12	17.18	17.37	16.98	17.36	791415	13733906.00
2013/11/13	17.32	17.74	17.17	17.30	779057	13826987.00
2013/11/14	17.27	18.11	17.03	18.05	1614727	29124212.00
2013/11/15	18.25	18.51	17.99	18.37	1829276	33582148.00
2013/11/18	18.29	18.61	18.13	18.47	2832815	52952528.00
2013/11/19	18.57	18.67	18.32	18.39	1172058	21923270.00
2013/11/20	18.49	18.49	18.23	18.44	1166964	21667182.00
2013/11/21	18.38	18.40	17.87	18.04	877120	16069360.00
2013/11/22	17.97	18.12	17.68	17.70	785204	14216106.00
2013/11/25	17.65	18.89	17.56	18.47	3478037	64484836.00
2013/11/26	18.42	20.14	18.42	19.95	10827725	211322576.00
2013/11/27	19.77	21.86	19.62	21.59	12550989	265376672.00
2013/11/28	21.82	22.65	21.32	21.86	8594589	191244816.00
2013/11/29	21.89	22.52	21.89	22.47	6380783	143401600.00
2013/12/02	21.77	21.92	20.20	20.77	7945044	168633936.00
2013/12/03	20.32	21.84	20.32	21.57	4486749	95706592.00
2013/12/04	21.46	23.74	21.42	22.17	4898338	111561680.00
2013/12/05	22.18	22.43	21.32	21.53	3143775	69019104.00
2013/12/06	21.57	21.73	20.37	20.55	3335815	70132984.00
2013/12/09	20.73	21.17	20.37	21.06	2590858	54226088.00
2013/12/10	20.99	21.05	20.58	20.88	1438548	30143204.00
2013/12/11	21.13	21.13	20.38	20.49	1697666	35364136.00
2013/12/12	20.29	20.60	20.27	20.51	1898634	39309076.00
2013/12/13	20.27	21.05	20.27	20.83	3144093	66008792.00
2013/12/16	20.76	20.84	19.76	20.01	2960089	60405492.00
2013/12/17	19.87	20.12	19.48	19.97	1827628	36621480.00
2013/12/18	19.96	20.31	19.70	20.02	2037204	41260876.00
2013/12/19	20.17	20.86	19.99	20.75	5072038	105080952.00
2013/12/20	20.76	21.27	20.26	20.57	4140899	86850760.00
2013/12/23	20.47	20.73	19.63	20.40	1771929	36421736.00
2013/12/24	20.28	21.18	20.28	21.07	5686529	119843920.00
2013/12/25	21.47	21.47	20.85	21.32	2693518	57805164.00
2013/12/26	21.28	21.97	21.08	21.53	3334038	72732864.00
2013/12/27	21.67	23.21	21.57	22.69	6432380	145241200.00
2013/12/30	22.59	22.67	21.87	22.33	3373298	75932480.00
2013/12/31	22.28	22.45	21.23	21.28	3237106	70855744.00
2014/01/02	21.35	21.76	21.18	21.67	1705131	37039484.00
2014/01/03	21.66	21.85	21.13	21.27	1454116	31376808.00
2014/01/06	21.27	21.65	20.42	20.67	1591894	33771400.00
2014/01/07	20.47	21.07	20.29	20.57	1286913	26807468.00
2014/01/08	20.62	20.96	20.57	20.77	1896228	39810448.00
2014/01/09	20.77	20.86	20.37	20.39	1283946	26842068.00
2014/01/10	20.22	20.47	19.77	19.98	1823856	37078860.00
2014/01/13	19.97	20.26	19.27	20.17	2266451	45202524.00
2014/01/14	20.07	20.57	19.58	20.57	1948640	39302776.00
2014/01/15	20.39	20.93	20.38	20.87	1718532	36024140.00
2014/01/16	20.87	21.32	20.67	20.68	1494552	31729836.00
2014/01/17	20.59	20.97	20.08	20.57	1002285	20650600.00
2014/01/20	20.55	20.55	19.86	19.97	1356705	27548842.00
2014/01/21	20.35	20.52	19.99	20.52	1824438	37458424.00
2014/01/22	20.23	21.21	20.23	21.15	1479994	31336962.00
2014/01/23	21.11	22.12	20.87	21.77	2447551	53882156.00
2014/01/24	21.76	22.47	21.66	22.19	4204672	94034256.00
2014/01/27	22.08	22.77	21.56	21.98	2372480	53276088.00
2014/01/28	21.99	23.72	21.87	22.96	4855285	112862776.00
2014/01/29	22.96	23.07	22.45	22.59	1739461	39813368.00
2014/01/30	22.48	22.95	22.43	22.67	1322974	30200510.00
2014/02/07	22.29	22.82	21.99	22.47	2520711	57232836.00
2014/02/10	22.50	24.64	22.50	24.57	7896525	190246320.00
2014/02/11	24.50	25.49	24.28	24.87	5572004	139472192.00
2014/02/12	25.37	25.57	24.80	24.92	3731177	94769720.00
2014/02/13	24.91	25.07	24.13	24.13	2576079	64324732.00
2014/02/14	24.30	25.02	23.87	24.86	3245387	80214976.00
2014/02/17	24.84	25.47	24.46	25.27	3495792	88366184.00
2014/02/18	25.30	26.00	24.97	25.35	5290783	136563344.00
2014/02/19	25.17	25.63	25.09	25.34	1897207	48485084.00
2014/02/20	25.66	25.72	24.93	25.49	3011163	76823256.00
2014/02/21	25.66	26.49	25.28	25.37	3416118	89633024.00
2014/02/24	24.97	24.97	23.77	24.72	4129311	101577560.00
2014/02/25	24.58	24.76	22.34	22.67	3666782	87339128.00
2014/02/26	22.35	22.67	21.54	22.31	4003625	88685472.00
2014/02/27	22.32	22.55	21.37	21.60	3641179	80731120.00
2014/02/28	21.58	21.91	21.08	21.90	1999386	43485796.00
2014/03/03	22.06	23.33	21.85	22.64	3171335	72747512.00
2014/03/04	22.63	22.72	21.97	22.06	1746545	39371336.00
2014/03/05	22.28	22.80	22.27	22.32	1270819	28890364.00
2014/03/06	22.27	22.63	21.83	22.00	1695127	38019452.00
2014/03/07	22.01	22.47	21.88	21.98	1222481	27379294.00
2014/03/10	21.77	21.77	19.85	21.57	2246074	47578040.00
2014/03/11	21.23	21.23	20.60	20.71	1504357	31605570.00
2014/03/12	20.67	20.67	19.94	20.44	1986263	40654428.00
2014/03/13	20.44	20.75	20.24	20.72	1174322	24358236.00
2014/03/14	20.71	20.71	19.72	20.12	2031264	41150368.00
2014/03/17	20.11	20.57	19.72	20.09	3260505	65852852.00
2014/03/18	20.10	20.18	19.68	20.10	4707847	94581040.00
2014/03/19	20.08	20.08	19.07	19.60	4076785	80832200.00
2014/03/20	19.46	19.77	18.57	18.57	4236052	82283360.00
2014/03/21	18.67	18.95	17.90	18.77	4770415	89018552.00
2014/03/24	18.82	19.15	18.66	19.03	2223788	42700128.00
2014/03/25	19.05	19.06	18.20	18.52	2878284	53925576.00
2014/03/26	18.52	18.67	18.24	18.27	2751272	51396212.00
2014/03/27	18.32	18.62	18.24	18.33	2259150	42098616.00
2014/03/28	18.35	18.77	16.88	17.77	6856399	124337808.00
2014/03/31	17.64	18.60	17.42	17.80	5536481	100952600.00
2014/04/01	18.27	19.60	18.22	19.55	7815470	152952288.00
2014/04/02	19.50	19.75	19.01	19.55	4787829	94428368.00
2014/04/03	19.42	19.67	19.28	19.47	2191908	43251144.00
2014/04/04	19.63	19.67	19.38	19.58	1585714	31319464.00
2014/04/08	19.57	19.93	19.39	19.89	2379859	47185268.00
2014/04/09	20.00	20.00	19.47	19.66	2155944	42932396.00
2014/04/10	19.55	19.83	19.54	19.60	1614923	32149874.00
2014/04/11	19.65	19.65	19.28	19.47	1244920	24453738.00
2014/04/14	19.49	19.72	19.42	19.52	1835062	36268404.00
2014/04/15	19.55	20.52	19.32	20.12	5048412	102322144.00
2014/04/16	20.11	21.07	19.93	20.65	4116131	85974840.00
2014/04/17	20.65	21.02	20.46	20.66	2119113	44455768.00
2014/04/18	20.63	20.74	20.42	20.55	1281889	26631692.00
2014/04/21	20.47	20.97	20.37	20.52	1446331	30298436.00
2014/04/22	20.52	20.60	19.32	19.57	3611431	71943848.00
2014/04/23	19.55	19.97	19.47	19.79	1579455	31522508.00
2014/04/24	19.79	20.04	19.49	19.79	1308448	26203482.00
2014/04/25	19.79	20.20	19.45	19.81	2413710	48285944.00
2014/04/28	19.58	19.81	18.77	19.50	1402823	27315604.00
2014/04/29	19.27	19.67	19.18	19.64	877590	17261366.00
2014/04/30	19.69	19.74	19.36	19.54	871415	17232622.00
2014/05/05	19.42	19.64	18.79	19.27	1663027	32241922.00
2014/05/06	19.17	19.33	18.96	19.27	1576474	30585408.00
2014/05/07	19.29	19.32	18.47	18.49	1726092	32924594.00
2014/05/08	18.38	18.73	18.15	18.70	1303443	24367650.00
2014/05/09	18.50	18.62	17.93	18.42	1795352	33018644.00
2014/05/12	18.40	18.77	18.08	18.77	1966566	36791392.00
2014/05/13	18.74	18.74	18.01	18.22	2678731	49496768.00
2014/05/14	18.13	18.54	18.07	18.27	980426	18185996.00
2014/05/15	18.10	18.37	17.53	18.15	1899265	34522020.00
2014/05/16	17.98	18.09	17.35	17.85	1233982	22105120.00
2014/05/19	17.87	18.05	17.69	18.01	743158	13429206.00
2014/05/20	18.03	18.16	17.12	17.51	1997078	35507612.00
2014/05/21	17.41	18.12	17.27	17.98	2526820	45518224.00
2014/05/22	17.92	18.19	17.77	17.79	1048134	19108680.00
2014/05/23	17.80	18.10	17.75	18.09	1145238	20747514.00
2014/05/26	18.07	18.67	17.92	18.15	2201142	40648192.00
2014/05/27	18.15	18.20	17.80	17.98	1622327	29621362.00
2014/05/28	17.80	19.12	17.80	18.90	3557480	67245840.00
2014/05/29	18.86	19.56	18.77	19.07	3124585	60787728.00
2014/05/30	19.22	19.47	18.84	19.28	2515485	48874152.00
2014/06/03	19.26	19.42	18.77	18.77	2482797	47818324.00
2014/06/04	18.87	18.88	17.58	18.07	4438647	80951224.00
2014/06/05	17.94	18.21	17.79	18.10	1645492	30086656.00
2014/06/06	18.03	18.32	17.66	17.99	1499434	27242298.00
2014/06/09	17.88	18.00	17.72	17.93	873755	15773010.00
2014/06/10	17.91	18.17	17.85	18.08	1360573	24838052.00
2014/06/11	18.11	18.12	17.88	18.01	1110388	20218618.00
2014/06/12	18.02	18.02	17.78	17.90	942793	17066086.00
2014/06/13	18.01	18.23	17.94	18.18	2003919	36659984.00
2014/06/16	18.27	18.97	18.20	18.75	2500316	47325812.00
2014/06/17	18.75	18.87	18.37	18.37	1427700	26787664.00
2014/06/18	18.36	18.43	18.03	18.24	962020	17723230.00
2014/06/19	18.25	18.53	17.70	17.97	1337007	24586506.00
2014/06/20	17.84	18.11	17.81	18.02	780475	14164830.00
2014/06/23	18.02	18.22	17.80	17.97	1220872	22297304.00
2014/06/24	18.17	18.83	18.08	18.55	3058619	57532680.00
2014/06/25	19.32	19.47	18.57	18.57	5294539	102226208.00
2014/06/26	18.47	18.92	18.25	18.78	2593567	49009468.00
2014/06/27	18.81	19.26	18.81	19.17	2375562	46018184.00
2014/06/30	19.22	19.97	19.13	19.83	4179508	82922384.00
2014/07/01	19.84	19.97	19.57	19.72	3140798	62605148.00
2014/07/02	19.75	19.90	19.61	19.76	2746410	54890276.00
2014/07/03	19.71	19.72	19.47	19.62	1876150	37203940.00
2014/07/04	19.76	20.22	19.53	19.90	2643897	52977760.00
2014/07/07	19.96	19.96	19.65	19.73	1521943	30301246.00
2014/07/08	19.75	19.77	19.52	19.77	1420483	28139024.00
2014/07/09	19.69	20.60	19.67	20.01	4810577	97789432.00
2014/07/10	20.00	20.33	19.48	19.81	3320152	66446116.00
2014/07/11	19.82	19.82	19.50	19.78	2138862	42291852.00
2014/07/14	19.67	20.02	19.67	19.95	1645217	32873046.00
2014/07/15	19.89	20.85	19.78	20.34	2359062	48264388.00
2014/07/16	20.07	21.87	19.93	21.80	4328521	91347904.00
2014/07/17	21.37	21.67	21.10	21.51	3442744	74225504.00
2014/07/18	21.52	21.52	21.07	21.22	2762469	59141088.00
2014/07/21	21.25	21.76	20.70	20.96	3877672	83438536.00
2014/07/22	20.98	21.32	20.47	20.97	2153673	45673468.00
2014/07/23	20.87	21.00	20.30	20.56	2998627	61896764.00
2014/07/24	20.72	20.72	19.55	19.74	3060974	61293592.00
2014/07/25	19.73	20.13	19.73	19.97	1532068	30756520.00
2014/07/28	20.14	20.15	19.37	19.97	3007020	59730508.00
2014/07/29	19.96	20.16	19.80	20.01	2882070	57984356.00
2014/07/30	20.03	20.51	19.87	20.46	2647229	53868276.00
2014/07/31	20.57	21.02	20.28	20.69	2550502	53091216.00
2014/08/01	20.69	21.17	20.49	20.87	3873158	81237384.00
2014/08/04	20.87	21.30	20.72	21.09	2158671	45793044.00
2014/08/05	21.12	21.45	20.96	21.41	2314610	49299644.00
2014/08/06	21.42	21.86	21.27	21.65	2300276	50062692.00
2014/08/07	21.64	21.82	21.18	21.18	2717858	58428108.00
2014/08/08	21.15	21.29	20.92	21.20	1704565	36211860.00
2014/08/11	21.20	21.75	21.08	21.72	2168653	47165684.00
2014/08/12	21.67	22.37	21.50	22.22	3007170	66746692.00
2014/08/13	22.42	22.52	21.79	22.10	2344472	51911240.00
2014/08/14	22.02	22.17	21.87	21.99	1643039	36351844.00
2014/08/15	22.07	22.17	21.77	22.00	1956118	43248696.00
2014/08/18	22.00	22.52	21.67	22.49	2973068	66719264.00
2014/08/19	22.49	23.06	22.38	22.95	2662801	61343600.00
2014/08/20	22.94	22.97	22.66	22.69	3861806	88770808.00
2014/08/21	22.72	22.96	22.22	22.48	2509084	56813432.00
2014/08/22	22.61	23.31	22.37	23.19	3182233	73021248.00
2014/08/25	23.13	23.34	22.68	22.70	1636956	37743864.00
2014/08/26	22.67	22.80	21.97	22.31	3281488	73655864.00
2014/08/27	22.28	22.46	22.22	22.32	1781127	39949232.00
2014/08/28	22.28	22.63	22.23	22.44	1330044	30016770.00
2014/08/29	22.45	22.63	22.37	22.47	1055398	23835178.00
2014/09/01	22.47	22.96	22.47	22.87	1782727	40832600.00
2014/09/02	22.88	23.32	22.55	23.16	1898987	43788640.00
2014/09/03	23.22	23.36	22.75	23.02	3640138	83824008.00
2014/09/04	22.98	23.02	22.75	22.98	1339580	30849044.00
2014/09/05	22.95	23.87	22.59	23.76	3693596	86334112.00
2014/09/09	23.69	23.69	23.20	23.49	1762878	41545552.00
2014/09/10	23.57	23.57	23.22	23.40	1566272	36781928.00
2014/09/11	23.40	23.66	22.92	23.05	2203740	51567292.00
2014/09/12	22.99	23.64	22.99	23.62	2071487	48830764.00
2014/09/15	23.58	23.72	23.26	23.59	2704932	63877876.00
2014/09/16	23.47	23.53	22.09	22.37	4351118	99300144.00
2014/09/17	22.31	22.45	21.47	22.09	3626816	80032904.00
2014/09/18	22.01	23.16	21.80	22.16	2824117	63513812.00
2014/09/19	22.16	22.57	22.15	22.50	1146574	25778778.00
2014/09/22	22.62	22.83	22.09	22.77	2717301	61369216.00
2014/09/23	22.67	24.31	22.58	23.95	7029286	166791152.00
2014/09/24	23.85	24.43	23.64	24.26	3651413	89017200.00
2014/09/25	24.18	24.82	23.82	23.87	3053226	74588592.00
2014/09/26	23.97	24.32	23.78	24.14	1980916	47855964.00
2014/09/29	24.18	24.95	24.17	24.67	2329932	57634328.00
2014/09/30	24.62	25.16	24.54	24.91	2109747	52817576.00
2014/10/08	24.87	25.67	24.53	25.22	4435658	112159920.00
2014/10/09	25.05	25.23	24.38	24.73	3658331	90946888.00
2014/10/10	24.67	24.80	24.48	24.67	1511578	37458996.00
2014/10/13	24.69	24.69	23.87	24.11	2691136	64988184.00
2014/10/14	24.26	24.49	23.77	23.87	2920142	70807192.00
2014/10/15	24.07	25.17	24.07	25.01	5509290	136636656.00
2014/10/16	24.95	25.35	24.77	24.89	3259802	82188392.00
2014/10/17	24.90	25.21	24.27	25.05	3224105	79887272.00
2014/10/20	25.05	25.36	24.80	25.13	2338449	58813824.00
2014/10/21	25.03	25.66	24.90	25.05	2033372	51710700.00
2014/10/22	25.11	25.16	24.27	24.55	2340768	57891920.00
2014/10/23	24.42	24.56	23.89	24.21	1721451	41704588.00
2014/10/24	24.21	25.05	24.12	24.84	2367641	58808448.00
2014/10/27	24.84	24.90	24.34	24.85	1565701	38894888.00
2014/10/28	24.88	25.30	24.88	25.22	2206871	55759048.00
2014/10/29	25.25	26.35	25.14	26.31	4303616	111320784.00
2014/10/30	26.27	26.57	25.97	26.29	2270497	59792548.00
2014/10/31	26.29	26.34	25.32	25.43	2423679	62622400.00
2014/11/03	25.45	25.82	25.20	25.82	1922566	49380872.00
2014/11/04	25.78	26.09	25.48	25.73	2068078	53518680.00
2014/11/05	25.72	25.77	25.27	25.75	857065	22013732.00
2014/11/06	25.72	25.94	25.54	25.87	853120	22086052.00
2014/11/07	25.89	26.60	25.63	25.64	3601591	94657640.00
2014/11/10	25.68	25.93	25.07	25.67	2575662	66155032.00
2014/11/11	25.63	25.63	24.29	24.53	2254994	56265840.00
2014/11/12	24.54	24.87	24.42	24.73	1065598	26467174.00
2014/11/13	24.67	24.86	24.23	24.68	1371205	33744536.00
2014/11/14	24.79	24.79	24.09	24.36	1545850	37753520.00
2014/11/17	24.37	25.27	24.26	24.84	2032659	50579428.00
2014/11/18	24.84	24.97	24.37	24.77	644907	16016984.00
2014/11/19	24.86	25.42	24.74	25.16	2695014	67959080.00
2014/11/20	25.16	25.17	24.84	25.17	1399785	35173780.00
2014/11/21	25.21	25.45	24.99	25.18	1365301	34650156.00
2014/11/24	25.18	25.85	24.87	25.75	3760251	95720024.00
2014/11/25	25.85	26.06	25.67	25.85	1391622	36187312.00
2014/11/26	25.86	25.87	25.34	25.67	1764119	45301104.00
2014/11/27	25.60	25.86	25.39	25.52	1305064	33559088.00
2014/11/28	25.55	26.33	24.97	26.12	3059574	79360696.00
2014/12/01	26.09	26.60	25.20	25.84	2643795	68460480.00
2014/12/02	25.70	25.94	25.37	25.67	1590714	41075436.00
2014/12/03	25.69	25.69	25.17	25.45	2338115	59572040.00
2014/12/04	25.53	25.97	25.38	25.66	2475783	64076940.00
2014/12/05	25.72	25.75	24.75	25.72	4463214	113191416.00
2014/12/08	25.75	25.75	25.31	25.62	3267581	83640592.00
2014/12/09	25.61	25.62	24.85	24.85	2555442	64869568.00
2014/12/10	24.85	25.17	23.93	24.88	1966917	48774424.00
2014/12/11	24.88	25.20	24.44	24.95	1774745	44570332.00
2014/12/12	25.05	27.46	24.80	27.46	4934642	130494240.00
2014/12/15	27.86	28.96	27.37	28.47	5459494	155306016.00
2014/12/16	28.27	30.22	28.07	29.17	3496850	101473792.00
2014/12/17	29.25	29.25	28.47	28.53	2260472	65184192.00
2014/12/18	28.52	29.67	28.17	28.63	2846134	82463120.00
2014/12/19	28.63	28.87	27.72	27.94	2057635	58041276.00
2014/12/22	27.88	27.88	26.22	26.99	2222623	59763092.00
2014/12/23	26.92	27.24	26.35	26.35	1550866	41598388.00
2014/12/24	26.38	27.32	26.27	26.39	2790505	74609152.00
2014/12/25	26.48	27.12	26.48	26.81	1243087	33498386.00
2014/12/26	26.67	27.77	26.48	27.73	5844787	157398560.00
2014/12/29	27.88	28.04	26.67	26.95	3126362	85357640.00
2014/12/30	26.87	27.06	25.72	25.91	2656545	70006728.00
2014/12/31	25.97	26.22	24.38	25.97	6591269	166564192.00
2015/01/05	25.85	25.85	24.58	24.93	2550619	63962172.00
2015/01/06	24.93	25.35	24.23	25.28	4512896	111706888.00
2015/01/07	25.26	25.37	24.77	24.90	1879034	47201100.00
2015/01/08	24.90	25.37	24.70	24.92	2427116	60984744.00
2015/01/09	24.92	25.29	24.65	24.69	2281313	57134952.00
2015/01/12	24.70	24.75	22.86	23.45	3541405	85263784.00
2015/01/13	23.51	23.61	22.83	23.19	2624020	61075100.00
2015/01/14	23.37	24.02	23.07	23.97	2384728	56635784.00
2015/01/15	24.05	24.26	23.59	23.67	1326803	31723694.00
2015/01/16	23.67	23.84	23.12	23.62	1717988	40382660.00
2015/01/19	22.99	23.86	22.98	23.77	2075620	48841124.00
2015/01/20	23.66	24.61	23.49	24.15	3019133	73091608.00
2015/01/21	24.22	24.77	24.07	24.66	2044000	50332932.00
2015/01/22	24.67	25.35	24.58	25.27	2510393	62998620.00
2015/01/23	25.31	25.32	24.67	24.70	1411238	35438776.00
2015/01/26	24.70	24.93	24.37	24.77	1770760	43902012.00
2015/01/27	24.81	24.89	24.39	24.67	1681265	41711116.00
2015/01/28	24.67	25.41	24.32	25.32	2703901	67742656.00
2015/01/29	25.12	26.38	24.98	26.29	6892558	179212896.00
2015/01/30	26.27	26.27	25.23	25.55	2989741	76957264.00
2015/02/02	25.27	25.47	24.08	24.39	1592590	39370972.00
2015/02/03	24.40	24.77	24.18	24.48	1620255	39876088.00
2015/02/04	24.65	24.65	24.18	24.54	1804981	44289500.00
2015/02/05	24.59	24.70	24.21	24.27	1612487	39690324.00
2015/02/06	24.27	24.62	24.10	24.46	1853919	45502484.00
2015/02/09	24.46	25.01	24.37	24.57	1231510	30604078.00
2015/02/10	24.57	24.66	24.12	24.46	821660	20190782.00
2015/02/11	24.66	25.17	24.52	25.03	1695044	42399792.00
2015/02/12	25.06	25.25	24.97	24.99	1194360	30087092.00
2015/02/13	25.07	26.67	25.01	26.59	7179156	187840176.00
2015/02/16	26.59	29.26	26.57	28.83	13908316	403239488.00
2015/02/17	28.42	29.20	27.57	28.30	6391477	182984224.00
2015/02/25	28.31	28.67	27.78	28.47	2447838	69215816.00
2015/02/26	28.52	28.97	28.00	28.11	3074027	87682688.00
2015/02/27	28.17	28.67	27.36	27.37	3434662	95989928.00
2015/03/02	27.97	29.18	27.57	28.76	5363759	152977872.00
2015/03/03	28.76	29.27	28.49	28.83	4618735	134308960.00
2015/03/04	28.78	30.39	28.78	29.36	7557448	226489936.00
2015/03/05	29.36	29.75	28.59	28.82	2757769	80224600.00
2015/03/06	28.87	28.95	27.86	28.01	2871832	81027664.00
2015/03/09	28.02	28.19	27.89	28.09	1756163	49457816.00
2015/03/10	28.13	28.44	27.93	28.27	1628021	46046516.00
2015/03/11	28.34	28.34	27.28	27.66	3451093	95564792.00
2015/03/12	27.64	29.84	27.12	28.87	5426123	154961776.00
2015/03/13	28.90	28.90	28.16	28.32	2784298	79539312.00
2015/03/16	28.32	29.02	28.07	28.68	4442883	126911880.00
2015/03/17	28.73	29.90	28.68	29.23	6480102	190964192.00
2015/03/18	29.22	30.17	29.17	29.80	5116024	152201872.00
2015/03/19	29.79	29.79	29.07	29.20	3658177	107968936.00
2015/03/20	29.17	29.32	27.87	29.30	5819768	168986608.00
2015/03/23	29.27	29.27	28.73	28.98	8343980	242189584.00
2015/03/24	28.97	30.95	28.97	30.88	13444838	405344448.00
2015/03/25	30.98	31.02	29.87	30.36	6634869	202441872.00
2015/03/26	30.17	30.17	28.94	29.79	6460454	191033376.00
2015/03/27	29.69	30.82	29.40	30.77	5946117	180367360.00
2015/03/30	30.82	31.20	29.77	30.59	7015601	214013056.00
2015/03/31	30.65	31.06	30.15	30.48	9127226	280864000.00
2015/04/01	30.36	30.72	29.95	30.57	5622996	171264832.00
2015/04/02	30.60	30.76	29.97	30.48	5861791	178737824.00
2015/04/03	30.43	31.62	30.09	31.25	9507954	295833120.00
2015/04/07	31.45	33.43	31.19	32.32	7497439	242917296.00
2015/04/08	32.37	32.61	30.97	31.67	6233753	198495344.00
2015/04/09	31.62	31.62	29.99	30.72	4670666	143536144.00
2015/04/10	30.77	31.65	30.41	31.40	4681205	146760576.00
2015/04/13	31.78	32.18	31.37	31.59	5679900	180763328.00
2015/04/14	31.51	31.51	30.47	30.87	4599267	143169408.00
2015/04/15	31.17	31.17	29.67	29.91	4320835	130857576.00
2015/04/16	29.79	30.47	28.69	30.38	3940664	117641480.00
2015/04/17	30.40	30.50	29.75	29.94	4706778	142250016.00
2015/04/20	29.57	30.15	28.87	29.37	5471059	161946144.00
2015/04/21	29.38	30.61	29.38	30.29	5116657	155063168.00
2015/04/22	30.29	31.75	30.26	30.96	4988485	155826192.00
2015/04/23	31.02	31.73	30.72	31.36	6394799	200835232.00
2015/04/24	30.97	31.62	29.87	31.59	7388290	230586288.00
2015/04/27	31.65	33.36	31.65	32.49	10411545	338573152.00
2015/04/28	32.58	32.58	31.28	32.27	6106798	196616480.00
2015/04/29	32.06	34.75	31.77	34.27	8867720	298786208.00
2015/04/30	34.27	37.10	33.88	36.44	9195587	333228352.00
2015/05/04	36.42	37.35	35.74	36.37	4550606	166845920.00
2015/05/05	36.35	37.07	34.68	35.85	5293598	190259504.00
2015/05/06	35.77	35.97	32.87	33.75	4865552	169682848.00
2015/05/07	33.93	35.23	32.97	33.86	4015305	137971952.00
2015/05/08	34.10	35.57	33.88	35.42	4503690	156318816.00
2015/05/11	35.49	36.56	34.88	36.42	6531254	234772288.00
2015/05/12	36.42	36.77	36.00	36.77	4123263	150734688.00
2015/05/13	36.74	38.62	36.07	37.38	4987545	188798112.00
2015/05/14	37.30	38.12	36.45	36.87	4416611	165131152.00
2015/05/15	36.81	37.98	36.09	36.67	5032781	187143280.00
2015/05/18	36.37	38.13	36.18	37.47	4686246	175981712.00
2015/05/19	37.87	39.82	37.19	39.15	5743879	222281088.00
2015/05/20	39.45	40.97	39.06	40.05	7937803	319026784.00
2015/05/21	40.23	44.07	39.78	44.07	6906572	297804416.00
2015/05/22	44.87	45.55	42.89	44.42	6110387	269706592.00
2015/05/25	43.92	48.87	42.88	47.47	7136994	335704768.00
2015/05/26	47.62	49.53	46.87	49.46	7621281	371556320.00
2015/05/27	49.54	51.35	48.95	50.65	6576932	330523296.00
2015/05/28	50.36	51.44	46.87	47.80	7949397	389089888.00
2015/05/29	47.87	48.57	43.90	48.17	6911271	325027680.00
2015/06/01	48.17	50.57	47.77	49.75	3740151	183502224.00
2015/06/02	49.75	52.37	48.87	52.20	6800571	345212032.00
2015/06/03	52.87	57.43	51.67	57.43	10085081	556388736.00
2015/06/04	58.45	58.75	53.00	53.90	10134984	574695488.00
2015/06/05	55.02	57.75	54.87	56.56	8822159	495508000.00
2015/06/08	55.97	56.87	52.37	56.24	5295621	289055136.00
2015/06/09	55.97	56.43	53.66	54.62	3943430	216455744.00
2015/06/10	53.87	56.26	52.87	55.32	3277601	181572976.00
2015/06/11	55.42	56.73	54.87	56.65	4269325	240057616.00
2015/06/12	56.65	60.17	56.64	59.47	5460642	324993568.00
2015/06/15	60.17	60.17	53.51	53.51	6781572	384929984.00
2015/06/16	53.52	54.08	51.17	51.87	5544540	290572864.00
2015/06/17	52.52	53.77	47.12	52.07	6836403	342111712.00
2015/06/18	52.87	52.87	48.88	49.75	3273219	166773968.00
2015/06/19	48.87	50.67	45.89	48.02	3799403	184527888.00
2015/06/23	48.02	49.10	43.88	46.84	3567025	165425008.00
2015/06/24	46.84	47.87	44.86	46.57	3671657	170975872.00
2015/06/25	46.77	47.48	44.37	44.67	3579785	165683520.00
2015/06/26	42.97	43.37	40.19	40.19	3190975	131616816.00
2015/06/29	40.87	41.32	36.16	36.16	4909208	182663648.00
2015/06/30	32.67	38.27	32.53	37.87	7642067	266724496.00
2015/07/01	36.77	38.22	34.07	34.07	4989645	181162192.00
2015/07/02	33.37	33.37	30.65	30.65	4247450	133223048.00
2015/07/03	27.60	31.65	27.57	27.57	8647618	242255776.00
2015/07/06	28.98	30.27	24.80	24.80	14643875	381455552.00
2015/07/07	22.35	23.07	22.31	22.31	2824522	63509304.00
2015/07/08	20.07	23.55	20.07	22.17	34643128	722356288.00
2015/07/09	21.67	24.40	20.87	24.40	10051429	232465552.00
2015/07/10	25.86	26.85	25.42	26.85	3657197	97582504.00
2015/07/13	28.87	29.55	26.97	29.55	8042118	232067536.00
2015/07/14	29.54	32.09	28.05	30.66	12721482	387485760.00
2015/07/15	29.77	29.79	27.58	27.58	5780887	164682368.00
2015/07/16	27.58	29.47	24.82	27.74	7001797	193716640.00
2015/07/17	27.78	30.24	27.77	29.69	5292024	155594400.00
2015/07/20	29.67	31.24	29.07	29.57	6297081	190288016.00
2015/07/21	29.20	30.50	27.97	30.00	4444243	132745536.00
2015/07/22	29.77	31.86	29.30	31.77	7067255	216760704.00
2015/07/23	32.07	32.87	30.65	32.52	6357601	204516240.00
2015/07/24	32.32	35.37	30.99	32.47	7890919	264508288.00
2015/07/27	31.78	33.36	29.21	29.21	6534428	205903712.00
2015/07/28	28.17	30.34	26.28	27.03	6974356	191876208.00
2015/07/29	27.49	28.97	26.48	28.92	4177345	115279200.00
2015/07/30	29.06	30.40	27.82	29.05	4588923	135855824.00
2015/07/31	28.46	29.16	27.41	28.97	3068201	87968712.00
2015/08/03	28.66	28.72	26.17	27.47	3559131	98676512.00
2015/08/04	27.77	30.07	24.71	29.95	5186887	146505552.00
2015/08/05	29.08	30.45	28.78	28.87	3943015	116961720.00
2015/08/06	28.37	29.07	26.87	27.87	2488798	70678296.00
2015/08/07	28.37	29.05	27.99	28.85	2827621	81443072.00
2015/08/10	28.92	31.75	28.92	31.75	4888242	151439808.00
2015/08/11	32.55	33.32	31.85	32.86	6319149	206787424.00
2015/08/12	32.07	33.52	31.99	32.25	3291868	107696520.00
2015/08/13	31.40	33.67	30.97	33.39	4036922	131255568.00
2015/08/14	33.87	34.37	32.67	33.53	4048529	136251104.00
2015/08/17	32.97	34.76	32.15	34.52	6001940	199936400.00
2015/08/18	34.51	36.00	31.06	31.06	6403659	217795872.00
2015/08/19	31.06	33.21	28.05	32.97	4986990	154816256.00
2015/08/20	32.55	33.72	31.32	31.69	4183864	137417872.00
2015/08/21	30.60	31.65	29.17	30.47	3254393	99120688.00
2015/08/24	28.87	28.87	27.41	27.41	1605000	44420412.00
2015/08/25	24.66	24.87	24.66	24.66	1609900	39918768.00
2015/08/26	24.66	25.37	22.18	22.18	5164277	120257296.00
2015/08/27	21.79	23.47	20.38	23.34	4841805	107367600.00
2015/08/28	23.33	25.17	22.89	25.17	4709673	113433768.00
2015/08/31	24.87	24.87	22.64	23.37	3200438	76203952.00
2015/09/01	22.87	22.97	21.02	21.02	2409675	52027540.00
2015/09/02	19.12	21.26	18.91	18.91	4392962	85494224.00
2015/09/07	19.37	20.07	18.98	19.03	2937317	57521412.00
2015/09/08	19.04	20.02	18.02	19.87	4079274	77956168.00
2015/09/09	20.16	21.52	20.02	21.37	5139150	108317496.00
2015/09/10	20.55	21.38	20.45	20.50	2907943	61220876.00
2015/09/11	20.57	20.96	20.38	20.77	2304648	47945640.00
2015/09/14	21.03	21.04	18.68	18.68	3186435	62746088.00
2015/09/15	17.77	17.86	16.80	16.80	3584272	61726420.00
2015/09/16	16.80	18.49	16.67	18.49	4113788	72407488.00
2015/09/17	18.47	19.37	17.92	17.92	3738230	70393496.00
2015/09/18	18.02	18.67	17.69	18.32	2233861	40821276.00
2015/09/21	18.15	19.42	17.87	19.32	2950765	56226312.00
2015/09/22	19.35	20.20	19.22	19.67	4331978	85404840.00
2015/09/23	19.32	19.55	18.87	19.22	3526864	68170528.00
2015/09/24	19.26	19.92	19.25	19.77	3870235	76668712.00
2015/09/25	19.70	19.73	18.42	18.63	3349787	64227788.00
2015/09/28	18.56	19.37	18.38	19.24	2030100	38721288.00
2015/09/29	18.91	19.04	18.69	18.85	1736240	32998300.00
2015/09/30	18.95	19.34	18.87	19.15	1623112	31304134.00
2016/01/11	21.08	21.08	21.08	21.08	129802	2753100.50
2016/01/12	23.20	23.20	23.20	23.20	568161	13255196.00
2016/01/13	25.53	25.53	21.17	22.06	24958548	588680576.00
2016/01/14	20.07	24.06	20.07	23.57	15913576	348726720.00
2016/01/15	22.97	25.37	22.75	24.54	17029844	416967552.00
2016/01/18	24.02	27.01	23.77	27.01	12396209	327949280.00
2016/01/19	27.75	29.15	26.97	28.59	22573461	637506304.00
2016/01/20	27.88	28.15	26.87	27.06	15070830	416749184.00
2016/01/21	26.12	26.63	24.34	24.34	14399253	370464640.00
2016/01/22	24.91	25.97	24.27	25.74	12061459	304688160.00
2016/01/25	25.43	28.33	25.43	28.33	15616582	427009952.00
2016/01/26	27.87	30.57	26.75	28.02	22053205	640968640.00
2016/01/27	28.13	29.67	25.39	29.62	15298096	421938016.00
2016/01/28	28.87	30.56	26.88	27.07	12808084	372956704.00
2016/01/29	27.17	27.87	25.70	27.57	11248088	304537760.00
2016/02/01	26.90	26.91	24.80	24.95	10634371	275808992.00
2016/02/02	24.57	26.22	24.48	25.73	8556118	219851104.00
2016/02/03	25.18	25.67	23.38	25.38	8713495	217130544.00
2016/02/04	25.42	27.93	25.42	27.93	14809493	406407296.00
2016/02/05	27.73	28.21	26.69	26.82	11171077	306031424.00
2016/02/15	25.37	27.54	25.37	27.37	7895287	208744672.00
2016/02/16	27.19	29.67	27.17	28.85	13344605	386078944.00
2016/02/17	28.48	31.74	28.21	30.40	15086480	448804672.00
2016/02/18	30.07	31.26	29.36	29.42	11615448	352130048.00
2016/02/19	29.07	30.22	28.87	29.83	8901216	265048624.00
2016/02/22	30.67	31.47	29.76	30.06	10051369	306691168.00
2016/02/23	29.87	29.87	28.46	28.89	9067748	263656784.00
2016/02/24	28.87	29.16	27.72	28.47	9714739	276679744.00
2016/02/25	28.41	28.42	25.61	25.61	10170148	272569376.00
2016/02/26	25.61	26.16	23.18	24.76	8768047	217416224.00
2016/02/29	24.75	24.99	22.27	22.27	6636181	152018784.00
2016/03/01	22.27	22.51	20.18	21.99	8971412	195020640.00
2016/03/02	21.86	24.20	21.37	23.91	10857231	248409888.00
2016/03/03	24.01	24.54	23.37	23.37	9530139	229039536.00
2016/03/04	23.27	23.27	21.08	21.11	9221446	203696128.00
2016/03/07	21.02	22.21	21.02	21.57	5020215	109573936.00
2016/03/08	21.37	21.80	19.88	21.73	6325219	132527888.00
2016/03/09	20.91	21.66	20.67	21.07	3957274	84488216.00
2016/03/10	21.18	21.59	20.58	21.07	3832333	81363768.00
2016/03/11	20.76	21.07	20.42	20.83	3245161	67774368.00
2016/03/14	21.22	22.67	21.07	22.23	7600349	168151712.00
2016/03/15	21.90	22.90	21.88	22.30	6577840	149153808.00
2016/03/16	22.57	22.73	21.45	21.71	5180319	114577072.00
2016/03/17	21.82	23.47	21.82	23.07	7104711	161077824.00
2016/03/18	23.11	24.97	23.11	24.42	29576262	713652672.00
2016/03/21	24.27	26.88	24.07	26.88	19248098	493091264.00
2016/03/22	26.27	28.62	25.87	27.15	19341760	539166016.00
2016/03/23	26.87	27.47	26.07	27.38	11954159	319522176.00
2016/03/24	26.66	27.27	25.89	25.93	11277924	301663040.00
2016/03/25	25.77	26.77	25.37	26.57	9120277	237475104.00
2016/03/28	26.87	27.25	25.57	25.61	7614223	201839152.00
2016/03/29	25.47	26.18	24.60	25.08	8480756	216032800.00
2016/03/30	25.88	27.47	25.37	26.92	12245496	323828032.00
2016/03/31	26.97	28.17	26.38	27.09	11696872	318197888.00
2016/04/01	26.77	26.84	25.86	26.19	6463419	170827392.00
2016/04/05	26.23	27.23	25.87	26.77	7940822	213167376.00
2016/04/06	26.76	27.07	26.37	26.90	7422689	199888976.00
2016/04/07	27.17	27.19	25.68	25.74	7327562	193323808.00
2016/04/08	25.27	25.42	24.17	24.85	7713530	192698224.00
2016/04/11	25.01	25.77	25.01	25.27	6578979	168171984.00
2016/04/12	25.13	25.37	24.57	24.99	4510635	112715912.00
2016/04/13	25.37	25.85	25.08	25.15	10298619	264381200.00
2016/04/14	25.22	26.36	25.18	26.25	8478147	219315744.00
2016/04/15	26.43	27.49	26.33	26.70	12739207	343180544.00
2016/04/18	26.56	26.56	25.37	25.51	7162824	185270832.00
2016/04/19	25.81	25.82	24.95	25.27	6751189	171253840.00
2016/04/20	25.47	25.60	22.73	22.85	13580836	322360256.00
2016/04/21	22.47	22.86	21.88	21.99	6588406	148968400.00
2016/04/22	21.53	22.55	21.44	22.50	4931803	110295888.00
2016/04/25	22.42	22.67	21.85	22.28	3660264	81827576.00
2016/04/26	22.37	22.92	22.22	22.86	5103736	116474784.00
2016/04/27	23.04	23.04	22.47	22.53	3405964	77905784.00
2016/04/28	22.29	22.90	21.93	22.77	4856719	110080544.00
2016/04/29	22.55	22.82	22.40	22.60	2439053	55455972.00
2016/05/03	22.39	23.44	22.39	23.42	5544814	129149384.00
2016/05/04	23.34	25.78	23.13	25.78	16915689	423432704.00
2016/05/05	26.20	26.20	24.87	25.61	14354252	365642432.00
2016/05/06	25.62	25.62	23.93	24.25	9822377	245273584.00
2016/05/09	23.75	23.86	22.63	23.00	7641626	178531184.00
2016/05/10	22.87	23.87	22.78	23.27	6385514	149755392.00
2016/05/11	23.37	23.64	22.62	22.64	4164526	96735792.00
2016/05/19	22.52	23.66	20.42	22.61	6680669	152044880.00
2016/05/20	22.47	23.17	21.88	23.10	5800542	131486056.00
2016/05/23	22.98	24.85	22.90	24.57	9705246	235442272.00
2016/05/24	24.67	24.67	23.49	23.84	5950728	143358944.00
2016/05/25	24.07	25.65	24.07	24.90	14621244	368070944.00
2016/05/26	24.72	24.98	23.57	24.87	8426424	206324368.00
2016/05/27	24.96	26.67	24.95	26.02	18768318	493515936.00
2016/05/30	26.37	28.64	25.93	28.64	18865452	531926528.00
2016/05/31	28.52	30.67	27.98	29.92	32926487	963032256.00
2016/06/01	29.61	32.93	29.61	31.63	30125931	956576576.00
2016/06/02	31.47	33.20	31.14	32.37	24101279	777847424.00
2016/06/03	32.01	32.78	31.65	31.79	15295200	494902848.00
2016/06/06	31.82	32.37	31.19	32.03	13625441	434899392.00
2016/06/07	32.00	32.76	31.37	32.35	12609426	406149952.00
2016/06/08	32.11	33.09	31.45	33.06	13511006	439259072.00
2016/06/13	32.17	34.27	29.89	30.05	19519449	643463296.00
2016/06/14	29.59	30.36	28.69	29.81	16341710	484619168.00
2016/06/15	29.47	32.80	29.47	32.80	10827149	342828416.00
2016/06/16	33.77	36.09	33.29	36.09	27037699	949838272.00
2016/06/17	36.76	37.86	35.37	36.74	18189146	661376192.00
2016/06/20	36.67	40.43	35.94	40.43	19152054	750740736.00
2016/06/21	40.38	42.09	39.37	40.70	18179306	740806656.00
2016/06/22	40.62	41.37	38.40	39.81	14472586	573004800.00
2016/06/23	39.40	40.24	38.25	38.96	9656558	378134464.00
2016/06/24	38.99	42.87	38.50	42.87	15897011	648694016.00
2016/06/27	44.90	45.90	42.16	43.70	22967459	1008736768.00
2016/06/28	42.90	45.16	42.30	42.99	18504131	810500224.00
2016/06/29	42.40	43.00	41.50	42.30	16553845	699491392.00
2016/06/30	42.20	43.24	41.20	41.72	13631709	574021504.00
2016/07/01	41.60	41.84	39.54	40.70	13565166	551699584.00
2016/07/04	40.40	41.10	39.91	40.80	15544982	630486656.00
2016/07/05	40.97	42.86	39.97	42.05	23928138	996344128.00
2016/07/06	41.30	41.48	40.09	40.63	15705021	641328512.00
2016/07/07	40.06	44.25	40.04	42.93	26071345	1107975296.00
2016/07/08	42.90	44.15	41.88	42.02	17094869	735321536.00
2016/07/11	41.20	41.70	40.23	40.58	13220530	541669632.00
2016/07/12	40.47	40.85	36.70	38.70	19637779	758339776.00
2016/07/13	38.54	39.48	37.90	38.35	13474762	519612544.00
2016/07/14	38.46	39.35	38.01	38.54	9640833	374371808.00
2016/07/15	38.55	38.70	36.81	37.10	14833939	557088960.00
2016/07/18	37.35	37.99	36.68	37.30	8729323	327808544.00
2016/07/19	37.70	38.40	36.83	38.40	11876209	449179616.00
2016/07/20	38.10	41.09	37.95	39.65	20963437	829985216.00
2016/07/21	39.20	39.64	38.40	38.45	8793964	342195296.00
2016/07/22	38.25	39.45	37.68	37.98	8323990	322011328.00
2016/07/25	37.49	38.30	36.86	37.25	6809306	256252480.00
2016/07/26	37.25	38.37	36.88	38.17	10072113	378718912.00
2016/07/27	38.30	39.09	36.20	36.80	14476952	551425536.00
2016/07/28	36.65	36.77	34.18	35.90	13932610	493896768.00
2016/07/29	35.79	36.39	34.78	35.50	8285316	295741856.00
2016/08/01	34.90	36.27	33.81	35.97	7955303	281837184.00
2016/08/02	35.48	37.60	35.48	36.85	10432498	385609248.00
2016/08/03	36.85	37.25	36.32	36.51	5805557	213039456.00
2016/08/04	36.60	39.78	36.60	38.75	15377489	589501760.00
2016/08/05	38.18	39.54	38.10	39.01	12261907	477205280.00
2016/08/08	38.80	39.60	38.18	39.32	7889516	308732544.00
2016/08/09	39.59	39.87	38.70	39.36	8012699	314368160.00
2016/08/10	38.97	39.75	38.14	38.17	8842725	345452224.00
2016/08/11	37.92	38.43	36.61	36.73	8851052	332189792.00
2016/08/12	36.19	36.89	35.62	36.78	7806920	283600224.00
2016/08/15	36.89	39.29	36.18	38.90	13490839	516211552.00
2016/08/16	38.90	39.75	38.70	38.92	10863488	427082752.00
2016/08/17	39.06	40.18	38.40	39.36	10209190	403643424.00
2016/08/18	39.29	39.59	37.94	38.29	9573949	370424064.00
2016/08/19	38.38	38.69	37.64	37.74	6037782	230060032.00
2016/08/22	37.91	38.73	37.60	38.00	6616636	253749792.00
2016/08/23	37.90	39.36	37.71	39.20	9996457	389523776.00
2016/08/24	39.35	39.35	38.50	39.05	6636580	258685488.00
2016/08/25	39.35	41.49	38.80	40.90	21185020	855486272.00
2016/08/26	40.27	44.70	40.11	43.26	24947921	1067771648.00
2016/08/29	42.61	43.63	41.79	43.41	12904096	553627136.00
2016/08/30	43.38	44.49	40.90	41.72	13332509	571208128.00
2016/08/31	41.30	41.71	40.31	41.50	11714726	480446656.00
2016/09/01	41.64	41.75	40.00	40.30	7177987	294477824.00
2016/09/02	40.01	40.40	39.01	39.46	7307251	290818656.00
2016/09/05	39.90	39.90	37.99	38.07	8657201	338414304.00
2016/09/06	38.05	39.19	37.70	39.13	8052546	311137472.00
2016/09/07	38.90	39.43	37.61	37.78	10878601	418130720.00
2016/09/08	37.51	38.37	37.51	38.24	5573156	212665840.00
2016/09/09	38.30	38.32	37.60	37.63	4207154	159997184.00
2016/09/12	36.70	36.71	34.27	34.43	9905310	354180768.00
2016/09/13	35.08	35.25	34.37	34.49	5702349	198112416.00
2016/09/14	34.47	35.67	34.11	35.29	7211145	252923264.00
2016/09/19	35.65	36.26	35.31	36.14	5341763	191611664.00
2016/09/20	36.21	36.44	35.77	35.96	4923899	178074848.00
2016/09/21	35.96	36.08	35.45	35.59	3317474	118752520.00
2016/09/22	35.76	36.07	35.18	35.19	3740960	133139160.00
2016/09/23	35.19	35.69	34.93	35.55	4954675	175444160.00
2016/09/26	35.80	35.80	33.70	33.79	5335749	185545200.00
2016/09/27	33.31	34.00	32.61	33.75	4904797	164012912.00
2016/09/28	33.91	33.91	33.18	33.32	3005218	100883472.00
2016/09/29	33.52	34.63	33.16	34.35	6331530	215870288.00
2016/09/30	34.15	34.65	33.98	34.32	3678691	126432168.00
2016/10/10	34.87	36.32	34.51	36.09	7516738	268969536.00
2016/10/11	36.12	36.65	35.82	36.15	3757891	136433104.00
2016/10/12	35.99	36.09	35.35	35.79	3656586	130820280.00
2016/10/13	35.75	36.15	35.37	35.38	3371925	120625800.00
2016/10/14	35.10	35.75	35.10	35.51	2778346	98810440.00
2016/10/17	35.70	36.05	34.63	34.79	4540462	161548048.00
2016/10/18	34.78	36.59	34.50	36.29	8238731	296619712.00
2016/10/19	36.02	36.36	35.91	36.09	4030201	145842000.00
2016/10/20	36.11	36.88	35.93	36.70	7472909	273662720.00
2016/10/21	36.90	36.90	35.35	35.73	4770893	172030560.00
2016/10/24	35.73	36.20	34.90	36.13	5036794	180056128.00
2016/10/25	36.12	36.30	35.55	35.80	4640891	166559264.00
2016/10/26	35.80	35.80	34.78	34.96	3899211	137477920.00
2016/10/27	34.96	35.48	34.76	35.10	2566426	90142392.00
2016/10/28	35.08	35.40	34.50	34.50	3276311	114556032.00
2016/10/31	34.20	34.24	33.50	34.00	2593724	88229016.00
2016/11/01	34.20	34.48	33.73	34.30	4235091	144586576.00
2016/11/02	33.91	34.32	33.70	33.72	4044453	137684080.00
2016/11/03	33.60	34.18	33.58	34.09	4195597	142910848.00
2016/11/04	34.09	34.10	33.48	33.48	4513248	152741568.00
2016/11/07	33.20	35.13	32.65	34.51	7856226	265081728.00
2016/11/08	34.20	35.09	34.20	34.99	6913295	241819568.00
2016/11/09	35.02	35.38	33.50	34.73	8593536	298685408.00
2016/11/10	35.20	35.49	34.77	34.90	5259043	184763584.00
2016/11/11	34.90	35.00	33.90	34.48	5957979	205401984.00
2016/11/14	34.59	35.58	34.48	35.09	7387873	260784576.00
2016/11/15	35.10	35.78	34.70	35.19	6020390	212919408.00
2016/11/16	35.10	35.49	35.01	35.11	4525679	159818928.00
2016/11/17	35.17	35.17	34.20	34.33	3563711	123160816.00
2016/11/18	34.33	34.40	33.92	33.95	2987255	102083872.00
2016/11/21	34.00	34.18	33.20	33.40	5477443	185051344.00
2016/11/22	33.83	34.45	33.41	33.80	5620419	191820912.00
2016/11/23	33.90	34.06	33.46	33.56	5069513	171527248.00
2016/11/24	33.41	33.71	32.50	32.68	4893528	162639968.00
2016/11/25	32.90	33.16	32.18	32.98	3880660	126861904.00
2016/11/28	33.15	33.27	32.34	32.43	5070907	166288624.00
2016/11/29	32.45	32.78	31.21	31.35	6434806	205003248.00
2016/11/30	31.35	31.75	30.90	31.33	5031988	158483520.00
2016/12/01	31.31	31.70	31.21	31.56	3355720	105933632.00
2016/12/02	31.71	31.71	30.28	30.31	4183383	129814168.00
2016/12/05	29.88	30.23	29.29	29.33	4807121	143133584.00
2016/12/06	29.51	29.75	29.11	29.66	4636130	136756672.00
2016/12/07	29.36	30.39	29.33	30.25	4559880	136680352.00
2016/12/08	30.30	30.40	29.60	29.62	3483874	104495112.00
2016/12/09	29.63	30.10	29.30	29.85	3792918	112785336.00
2016/12/12	29.85	30.00	26.86	26.86	7866379	219447680.00
2016/12/13	26.15	26.87	25.22	26.50	8432375	220540096.00
2016/12/14	26.45	26.67	25.70	26.08	5240909	137548816.00
2016/12/15	26.05	26.82	25.92	26.60	4478187	119279712.00
2016/12/16	26.78	27.83	26.60	27.43	7835924	215135712.00
2016/12/19	27.57	27.58	26.58	26.89	4722715	127349592.00
2016/12/20	26.85	26.85	26.50	26.82	2226142	59738464.00
2016/12/21	27.02	27.34	26.92	27.15	3136764	85383288.00
2016/12/22	26.90	27.15	26.64	26.81	3307064	89127968.00
2016/12/23	26.90	27.50	26.80	26.94	4429767	120568560.00
2016/12/26	26.75	27.19	26.16	27.16	3919274	104984568.00
2016/12/27	27.13	27.50	26.96	27.39	4590772	125777088.00
2016/12/28	27.60	27.98	26.98	26.98	5679492	156268624.00
2016/12/29	26.89	26.89	26.46	26.51	3414679	91311136.00
2016/12/30	26.40	26.71	26.35	26.50	2029306	54114776.00
2017/01/03	26.58	26.96	26.40	26.56	2864953	76652368.00
2017/01/04	26.70	28.31	26.58	28.28	12098215	336721088.00
2017/01/05	27.90	28.22	27.68	27.91	6821171	190768848.00
2017/01/06	27.62	28.09	27.56	27.88	5488285	153204960.00
2017/01/09	27.89	29.10	27.67	28.84	7959187	228523488.00
2017/01/10	28.65	28.97	28.29	28.29	4839261	138973840.00
2017/01/11	28.22	28.87	27.98	28.32	4150953	118384336.00
2017/01/12	28.13	28.40	27.91	27.98	3156928	89214328.00
2017/01/13	27.81	28.59	27.40	28.00	4213174	118965968.00
2017/01/16	28.00	28.00	25.19	26.20	6479672	171198896.00
2017/01/17	25.91	27.06	25.70	26.87	4398809	116122656.00
2017/01/18	26.61	26.89	25.90	26.13	3003381	79550600.00
2017/01/19	25.94	26.18	25.61	26.09	2306718	59941984.00
2017/01/20	26.09	27.30	25.95	26.97	4383804	118416176.00
2017/01/23	27.04	27.70	26.80	27.03	3708178	101117512.00
2017/01/24	27.01	27.37	26.72	27.18	3117721	84456576.00
2017/01/25	27.13	27.49	26.74	27.40	3608034	98505640.00
2017/01/26	27.50	28.10	27.41	28.09	4939004	137698864.00
2017/02/03	28.03	28.16	27.69	27.74	2280862	63764052.00
2017/02/06	27.69	28.47	27.50	28.24	5269570	147843296.00
2017/02/07	28.17	28.23	27.60	27.75	3393342	94833432.00
2017/02/08	27.57	28.26	27.57	28.18	4046864	113582216.00
2017/02/09	28.08	28.32	27.82	28.22	3883166	109359392.00
2017/02/10	28.26	28.27	27.62	27.72	4086357	114547904.00
2017/02/13	27.46	27.99	27.20	27.99	4089420	113409720.00
2017/02/14	27.98	28.04	27.72	27.81	2228774	62307080.00
2017/02/15	27.88	27.97	26.66	26.98	3569665	98282264.00
2017/02/16	26.98	27.14	26.72	26.91	3104467	83981128.00
2017/02/17	27.00	27.05	26.38	26.63	3055308	81697504.00
2017/02/20	26.63	26.75	26.08	26.56	2889765	76504272.00
2017/02/21	26.41	26.98	26.41	26.91	3342716	89977120.00
2017/02/22	26.85	28.06	26.72	27.65	6369553	175507232.00
2017/02/23	27.60	28.70	27.45	28.57	10806185	304243296.00
2017/02/24	28.60	30.08	28.11	28.75	15103208	441658848.00
2017/02/27	28.70	29.08	28.31	28.44	5864950	168545712.00
2017/02/28	28.43	28.61	27.98	28.40	4588393	129812712.00
2017/03/01	28.35	29.09	28.12	28.74	5838235	167944592.00
2017/03/02	28.65	29.00	28.12	28.28	4058605	115987608.00
2017/03/03	28.26	29.36	27.90	29.36	11367040	328036896.00
2017/03/06	29.70	31.11	29.43	30.76	15942484	484643936.00
2017/03/07	30.51	31.03	30.28	30.61	9205295	282677696.00
2017/03/08	30.50	30.87	30.12	30.23	5657931	172760240.00
2017/03/09	30.14	30.62	29.63	30.47	6571706	198243408.00
2017/03/10	30.58	30.58	29.93	30.20	4984714	150916128.00
2017/03/13	30.05	31.38	29.80	31.34	10649086	330657984.00
2017/03/14	31.29	31.90	31.11	31.30	10980109	346857920.00
2017/03/15	30.90	31.70	30.57	31.16	6950834	216135792.00
2017/03/16	30.76	31.90	30.62	31.65	12076017	379663296.00
2017/03/17	32.75	33.23	31.07	31.13	15042279	485205152.00
2017/03/20	30.60	30.84	29.94	30.31	9354610	284647968.00
2017/03/21	30.27	30.68	29.90	30.25	6247439	189762768.00
2017/03/22	29.96	30.65	29.79	30.38	5600669	170259552.00
2017/03/23	30.38	30.69	29.46	30.22	6336879	191777936.00
2017/03/24	30.23	30.24	29.70	29.87	4630289	139271856.00
2017/03/27	30.01	30.49	29.96	30.05	5041007	152827792.00
2017/03/28	29.90	31.40	29.89	31.10	8589442	265401536.00
2017/03/29	31.10	31.35	30.00	30.03	6878372	211770928.00
2017/03/30	29.97	30.18	28.59	28.67	7207432	211122176.00
2017/03/31	28.69	29.02	27.91	28.40	6665484	190152272.00
2017/04/05	28.45	29.30	28.45	29.17	5721317	166464496.00
2017/04/06	29.24	29.59	28.91	29.17	4414039	129149352.00
2017/04/07	29.00	29.42	29.00	29.16	3560521	104500736.00
2017/04/10	28.98	29.10	27.42	27.77	6813027	192625104.00
2017/04/11	27.10	28.09	27.02	28.03	5525690	152261648.00
2017/04/12	27.93	28.18	25.22	27.88	3822772	106581160.00
2017/04/13	27.75	28.68	27.57	28.21	3945889	112080136.00
2017/04/14	28.20	28.25	27.17	27.17	3060710	84558600.00
2017/04/17	26.90	27.39	26.40	26.83	2775644	74932680.00
2017/04/18	26.90	27.05	25.93	26.06	2900505	77216536.00
2017/04/19	25.70	26.25	25.42	26.25	3425568	88655144.00
2017/04/20	26.33	26.49	25.75	26.06	2135368	56052376.00
2017/04/21	26.20	26.28	24.16	24.67	4772382	120077856.00
2017/04/24	24.54	24.54	22.88	23.07	6214925	145313632.00
2017/04/25	23.13	23.55	22.90	22.96	2805331	65536576.00
2017/04/26	22.99	23.45	22.99	23.30	2365969	55393624.00
2017/04/27	23.31	24.73	22.68	24.40	5743192	137593952.00
2017/04/28	24.34	25.47	24.30	24.90	4389792	109638320.00
2017/05/02	24.78	25.14	24.46	24.82	2717214	67635040.00
2017/05/03	24.70	25.47	24.70	25.16	2863043	72037096.00
2017/05/04	25.16	25.29	24.40	24.55	2574812	63882268.00
2017/05/05	24.60	24.75	23.96	24.01	2740704	66787228.00
2017/05/08	24.38	24.40	23.44	23.50	3149234	74999008.00
2017/05/09	23.40	24.89	23.40	24.67	4402341	107218384.00
2017/05/10	24.73	24.82	23.60	23.60	4040602	98519864.00
2017/05/11	23.59	25.40	22.90	24.78	5130541	122410688.00
2017/05/12	24.57	24.69	24.01	24.07	3747378	91362032.00
2017/05/15	24.11	24.29	23.30	23.31	3729976	88540840.00
2017/05/16	23.12	24.05	22.93	24.00	4041104	95854864.00
2017/05/17	24.00	24.70	23.91	24.61	5276545	129609336.00
2017/05/18	24.40	24.78	24.25	24.44	3273596	80503136.00
2017/05/19	24.65	24.80	24.22	24.38	2548505	62678364.00
2017/05/22	24.40	24.40	23.17	23.40	3034362	72399296.00
2017/05/23	23.40	23.48	22.10	22.24	4741508	108020352.00
2017/05/24	22.24	22.75	21.57	22.32	3321212	73702760.00
2017/05/25	22.36	22.77	21.70	22.71	4068492	91177176.00
2017/05/26	22.64	23.10	22.45	23.00	3789113	86501248.00
2017/05/31	23.29	23.70	22.93	22.94	3262041	76331240.00
2017/06/01	22.91	23.07	22.18	22.57	2911668	66144176.00
2017/06/02	22.65	23.40	22.18	23.22	2785640	63946688.00
2017/06/05	23.25	24.05	23.25	23.50	3094063	73609936.00
2017/06/06	23.36	24.55	23.25	24.43	5656858	137582464.00
2017/06/07	24.43	24.90	24.22	24.72	4266941	105310648.00
2017/06/08	24.64	27.20	24.35	26.55	9494668	247821344.00
2017/06/09	25.94	26.39	25.57	25.80	4594624	119481168.00
2017/06/12	25.71	26.14	24.90	24.92	3942195	100989784.00
2017/06/13	24.98	25.46	24.66	25.22	3009501	76044448.00
2017/06/14	25.30	25.57	25.10	25.35	2340583	59532812.00
2017/06/15	25.35	25.90	25.35	25.42	3825354	98015656.00
2017/06/16	25.42	25.59	25.10	25.15	2420669	61503668.00
2017/06/19	25.16	25.47	25.07	25.21	1440812	36506876.00
2017/06/20	25.33	25.69	25.25	25.44	2344091	59870264.00
2017/06/21	25.48	25.63	25.08	25.22	1802239	45659928.00
2017/06/22	25.19	25.36	23.92	24.09	4011741	99296552.00
2017/06/23	24.08	24.10	22.92	23.67	3296474	77988984.00
2017/06/26	23.65	24.27	23.55	24.11	2611048	62939544.00
2017/06/27	24.20	24.56	23.77	23.95	1742805	42188904.00
2017/06/28	23.95	24.11	23.82	23.89	1466187	35210624.00
2017/06/29	24.02	24.19	23.83	23.88	1901422	45808508.00
2017/06/30	23.62	23.90	23.57	23.84	3245662	77184840.00
2017/07/03	23.88	24.59	23.81	24.48	2833381	69019152.00
2017/07/04	24.47	24.71	23.98	24.37	4048001	98593896.00
2017/07/05	24.37	24.40	23.95	24.40	2242308	54506880.00
2017/07/06	24.42	24.77	24.14	24.77	3837633	94299608.00
2017/07/07	24.65	25.37	24.62	25.32	4513792	113784328.00
2017/07/10	25.32	25.55	24.57	24.76	3749470	94200512.00
2017/07/11	24.74	25.30	24.57	24.86	3442862	86171736.00
2017/07/12	24.63	24.85	23.63	24.10	3777312	91518920.00
2017/07/13	24.03	24.16	23.78	23.85	2096013	50264580.00
2017/07/14	23.85	24.12	23.45	23.76	2269714	54145716.00
2017/07/17	23.59	23.76	21.92	22.32	4990568	114540520.00
2017/07/18	22.32	22.61	21.72	22.43	2586571	57585744.00
2017/07/19	22.43	22.69	22.03	22.53	2607492	58776604.00
2017/07/20	22.50	23.36	22.37	23.29	3584894	82839856.00
2017/07/21	23.15	23.41	22.53	22.59	3188363	73215264.00
2017/07/24	22.72	23.31	22.24	23.17	4147156	94202480.00
2017/07/25	23.06	23.79	22.88	23.12	3188217	74613440.00
2017/07/26	22.97	23.27	22.15	22.43	5150927	116301432.00
2017/07/27	22.32	23.18	22.17	22.94	4052195	92641728.00
2017/07/28	22.94	23.39	22.63	22.87	2977017	68602120.00
2017/07/31	22.92	23.30	22.82	22.98	2327655	53974324.00
2017/08/01	23.03	23.92	22.89	23.88	4941844	116261224.00
2017/08/02	23.72	23.86	23.27	23.32	4026045	94970176.00
2017/08/03	23.24	23.65	22.98	23.01	2842303	66211992.00
2017/08/04	22.91	23.06	22.42	22.72	4190422	95589968.00
2017/08/07	22.72	23.12	22.65	22.73	2567716	58818544.00
2017/08/08	22.88	23.00	22.44	22.67	1879801	42734948.00
2017/08/09	22.75	23.09	22.55	23.01	2608093	60049008.00
2017/08/10	23.09	23.40	22.75	22.99	2965450	68722960.00
2017/08/11	22.77	22.98	22.68	22.72	2922883	66828280.00
2017/08/14	22.69	23.39	22.62	23.39	3325556	77109072.00
2017/08/15	23.39	23.50	23.24	23.42	1976879	46386052.00
2017/08/16	23.48	24.11	23.44	23.88	4527877	108420056.00
2017/08/17	23.77	24.28	23.73	24.04	3906857	94245216.00
2017/08/18	23.88	24.27	23.52	23.54	2729376	65192084.00
2017/08/21	23.60	23.91	22.92	23.54	2262235	53583872.00
2017/08/22	23.51	23.68	23.27	23.28	2069718	48690124.00
2017/08/23	23.33	23.59	23.12	23.43	1976665	46347588.00
2017/08/24	22.98	23.41	22.98	23.03	1815189	42188540.00
2017/08/25	23.20	23.59	23.08	23.47	1995074	46891360.00
2017/08/28	23.37	24.09	23.37	23.86	3602831	86364536.00
2017/08/29	23.88	24.25	23.72	23.99	3476209	83705240.00
2017/08/30	23.99	24.59	23.86	24.19	3710713	90504728.00
2017/08/31	24.19	25.20	24.11	25.04	5751916	142888176.00
2017/09/01	25.05	25.42	24.75	25.25	4847497	122338208.00
2017/09/04	25.24	27.56	25.04	26.97	13981871	374547968.00
2017/09/05	26.80	27.41	26.45	26.52	7471427	201293024.00
2017/09/06	26.61	27.29	26.42	26.82	5774303	155449632.00
2017/09/07	26.82	28.32	26.67	27.07	10496554	290992928.00
2017/09/08	26.94	27.22	26.44	26.67	5666400	151721728.00
2017/09/11	26.60	28.00	26.60	27.82	7065480	194789584.00
2017/09/12	28.02	28.02	27.32	27.80	6906048	191873376.00
2017/09/13	27.80	28.12	27.37	27.77	5009556	139722304.00
2017/09/14	27.78	29.42	27.78	28.90	10272100	297678688.00
2017/09/15	29.15	29.52	28.14	28.47	7132177	205412480.00
2017/09/18	28.70	29.20	28.18	28.91	5722352	165169424.00
2017/09/19	29.47	30.42	28.72	29.17	12582276	374351328.00
2017/09/20	29.02	31.28	28.68	30.68	13719536	414919808.00
2017/09/21	30.15	31.42	29.58	29.65	10503452	320772864.00
2017/09/22	29.52	29.52	28.23	28.41	8710185	250976592.00
2017/09/25	28.62	29.17	28.07	28.42	6460440	185450672.00
2017/09/26	28.36	28.84	28.02	28.43	4658053	132820520.00
2017/09/27	28.43	29.00	28.12	28.86	4755361	136745360.00
2017/09/28	28.83	29.77	28.76	29.55	8031967	237093984.00
2017/09/29	29.58	30.09	29.34	29.75	6410315	191518160.00
2017/10/09	29.93	31.00	29.87	29.91	7684770	234817664.00
2017/10/10	29.88	30.09	28.72	29.54	5683699	167242256.00
2017/10/11	29.24	29.51	28.02	28.24	7384187	211792752.00
2017/10/12	28.17	29.19	28.07	29.02	6305096	181812800.00
2017/10/13	29.07	30.12	29.02	29.91	6238531	186137280.00
2017/10/16	29.97	30.10	28.67	28.88	4234440	124286120.00
2017/10/17	28.88	30.50	28.58	30.08	5860712	175341088.00
2017/10/18	30.18	30.58	29.53	29.90	5707501	171758080.00
2017/10/19	29.82	29.85	28.93	29.08	3806949	111785072.00
2017/10/20	29.12	30.07	29.12	29.99	3736191	111051768.00
2017/10/23	30.42	30.97	29.92	30.70	6815237	207973536.00
2017/10/24	30.72	30.90	29.90	30.16	4972106	151556880.00
2017/10/25	30.36	31.52	29.94	30.97	9234977	286989280.00
2017/10/26	30.78	32.54	30.67	32.22	8600397	274564704.00
2017/10/27	32.10	32.42	31.56	31.98	5809013	185919328.00
2017/10/30	31.92	33.22	30.73	32.47	10399970	338040576.00
2017/10/31	32.22	33.47	31.99	33.03	7380945	242139328.00
2017/11/01	32.92	36.11	32.72	35.39	15660959	547910080.00
2017/11/02	35.64	37.28	35.04	36.12	16584534	605858560.00
2017/11/03	35.88	39.11	35.61	38.26	17819365	668734592.00
2017/11/06	38.97	40.94	37.59	38.42	29235095	1141731456.00
2017/11/07	38.29	40.00	38.02	39.86	20713356	812116352.00
2017/11/08	39.52	40.10	38.72	38.82	17341259	683835648.00
2017/11/09	38.72	40.40	38.39	39.47	18024339	715450176.00
2017/11/10	39.52	42.91	39.52	41.97	22897481	949928064.00
2017/11/13	41.92	46.18	41.75	46.18	24995380	1121305216.00
2017/11/14	46.86	47.86	44.20	44.97	30033378	1385060992.00
2017/11/15	43.93	45.83	43.35	45.02	24399575	1088095872.00
2017/11/16	44.73	44.90	41.52	43.42	26174250	1123788160.00
2017/11/17	42.92	43.27	39.32	39.92	23978729	1006667648.00
2017/11/20	39.23	42.75	39.23	42.57	23562996	970334592.00
2017/11/21	42.52	42.82	40.42	41.83	21722419	902350784.00
2017/11/22	41.42	44.54	41.42	42.99	25006927	1084107904.00
2017/11/23	42.92	44.42	41.34	42.84	24524134	1056793984.00
2017/11/24	42.12	42.42	38.55	38.55	16931104	691943744.00
2017/11/27	37.47	38.80	34.81	35.42	20990443	775009216.00
2017/11/28	35.32	37.31	35.32	37.06	13998599	510225024.00
2017/11/29	36.64	36.88	34.28	35.92	12671138	455112128.00
2017/11/30	35.88	37.08	35.59	35.78	11108727	403519744.00
2017/12/01	35.92	37.85	35.92	36.80	13586755	502967744.00
2017/12/04	36.70	37.59	34.92	37.12	11900659	436821792.00
2017/12/05	36.70	37.20	34.32	35.08	13709473	489526912.00
2017/12/06	34.81	37.32	34.76	37.22	13377095	484619072.00
2017/12/07	37.03	39.79	37.03	38.72	19274187	742686272.00
2017/12/08	38.47	39.92	38.02	38.60	16338339	638701504.00
2017/12/11	38.12	39.26	38.10	39.18	10734694	417009056.00
2017/12/12	39.12	42.10	38.65	39.91	18179772	742705600.00
2017/12/13	39.91	41.36	39.31	41.20	12816863	521468480.00
2017/12/14	41.06	41.70	40.14	41.04	11220548	459695456.00
2017/12/15	40.90	41.69	38.94	39.72	13069867	526401216.00
2017/12/18	39.51	39.71	36.02	37.15	13727016	515810624.00
2017/12/19	37.03	37.77	37.03	37.37	7676383	287452288.00
2017/12/20	36.99	38.12	36.52	37.32	9616253	360359392.00
2017/12/21	36.99	39.24	36.70	38.89	11497343	439215584.00
2017/12/22	38.82	40.80	38.62	40.07	12608492	503110848.00
2017/12/25	39.80	40.41	39.30	39.52	10922945	436300736.00
2017/12/26	39.57	40.30	37.92	40.12	11379342	446747552.00
2017/12/27	40.12	41.32	38.92	39.03	11448414	461031136.00
2017/12/28	38.46	40.12	37.97	38.98	9146284	360397184.00
2017/12/29	38.63	41.60	38.59	41.36	16711926	678651968.00
2018/01/02	41.83	42.00	40.70	41.85	12488829	518340192.00
2018/01/03	41.62	42.47	41.07	41.89	12382646	518222880.00
2018/01/04	41.52	42.82	41.52	42.00	13777509	582362752.00
2018/01/05	41.82	41.87	39.50	39.97	16408721	664052480.00
2018/01/08	39.43	39.43	37.90	38.68	13134128	505752544.00
2018/01/09	38.69	38.85	37.81	38.38	7539594	288736512.00
2018/01/10	38.52	39.01	36.02	36.82	12960966	485547904.00
2018/01/11	36.50	37.48	36.05	37.14	8347490	308696096.00
2018/01/12	37.21	37.50	35.47	35.54	9277661	336825536.00
2018/01/15	35.14	35.51	32.33	33.01	14891971	503813152.00
2018/01/16	33.22	33.38	32.22	32.83	9248018	304105344.00
2018/01/17	32.80	34.57	31.82	33.92	14448853	484201440.00
2018/01/18	33.49	34.86	32.92	34.69	14441589	491407488.00
2018/01/19	33.92	34.67	33.30	33.32	11108382	377580224.00
2018/01/22	33.34	34.66	31.98	34.00	12844431	432519360.00
2018/01/23	33.70	34.56	33.54	33.81	6773944	229875024.00
2018/01/24	33.69	35.69	33.25	35.35	14749573	516061600.00
2018/01/25	35.07	35.79	34.52	34.53	8833734	311290400.00
2018/01/26	34.53	35.05	34.10	34.25	5712887	197276624.00
2018/01/29	34.27	34.76	30.95	31.07	13682477	443841536.00
2018/01/30	31.02	31.77	30.77	31.10	6912107	216738896.00
2018/01/31	30.82	31.46	30.07	30.69	6579636	203785264.00
2018/02/01	30.85	31.57	30.12	30.54	6858939	212573392.00
2018/02/02	30.63	30.63	28.82	29.70	7344496	219620176.00
2018/02/05	29.17	30.38	28.80	29.83	6034300	179043424.00
2018/02/06	28.94	29.53	26.84	26.84	12199869	339925056.00
2018/02/07	27.42	27.52	24.55	26.07	14925748	389904960.00
2018/02/08	25.81	27.52	25.76	27.02	12673278	340816192.00
2018/02/09	26.11	28.12	26.03	27.01	12694078	347022240.00
2018/02/12	27.38	29.07	27.38	28.27	12353438	351101184.00
2018/02/13	28.62	29.18	28.22	28.41	8967149	258294576.00
2018/02/14	28.71	28.81	27.76	28.01	4534230	128130328.00
2018/02/22	28.30	30.11	28.14	29.71	7301180	215941456.00
2018/02/23	29.72	29.87	28.82	29.37	6329449	185750112.00
2018/02/26	29.60	32.32	29.38	32.32	16164444	510060608.00
2018/02/27	32.42	34.11	32.24	32.67	20802330	694528896.00
2018/02/28	32.70	35.07	32.63	33.60	16879481	573711488.00
2018/03/01	33.17	35.93	33.07	35.57	16468772	569832576.00
2018/03/02	34.92	36.40	34.62	35.72	16553613	591006016.00
2018/03/05	35.52	36.67	34.66	36.46	14273398	512373280.00
2018/03/06	36.92	38.80	36.62	37.17	19935696	750489216.00
2018/03/07	36.87	38.21	36.52	37.52	12304662	463542976.00
2018/03/08	37.44	37.64	36.25	36.75	9413897	347102432.00
2018/03/09	36.80	38.03	36.62	37.54	11028668	414099456.00
2018/03/12	37.92	39.78	37.69	39.77	15135493	585469248.00
2018/03/13	39.32	39.90	38.42	38.80	11301702	441697632.00
2018/03/14	38.24	38.73	36.23	36.87	12967989	488599104.00
2018/03/15	36.51	37.68	35.95	37.52	12268769	454116640.00
2018/03/16	37.02	37.58	35.96	36.00	10198796	374093760.00
2018/03/19	36.12	38.10	36.11	36.98	13003093	485406080.00
2018/03/20	37.11	38.41	37.07	37.78	11742474	443420704.00
2018/03/21	37.74	38.32	36.32	36.42	11838998	445883072.00
2018/03/22	36.78	37.87	36.42	36.91	12752415	474580672.00
2018/03/23	34.98	36.41	33.87	34.67	13498326	477695328.00
2018/03/26	34.67	38.15	34.67	38.15	19999350	754257152.00
2018/03/27	39.42	41.80	38.17	41.36	28782573	1138432640.00
2018/03/28	40.52	41.81	40.10	40.52	18823834	769201024.00
2018/03/29	40.74	42.40	40.02	41.62	15667544	645884416.00
2018/03/30	42.12	45.79	41.75	45.79	23751775	1038255360.00
2018/04/02	46.67	47.86	44.48	44.66	27519189	1264568960.00
2018/04/03	43.91	44.58	42.99	44.44	15585737	683454528.00
2018/04/04	44.85	46.41	43.72	44.42	16222403	728461056.00
2018/04/09	44.22	46.24	42.42	45.40	14928736	670413184.00
2018/04/10	45.05	45.46	41.68	43.83	14024878	615168768.00
2018/04/11	43.99	45.47	43.01	43.82	11943388	529164352.00
2018/04/12	43.70	44.50	41.74	42.12	12381510	533174464.00
2018/04/13	42.90	45.02	42.45	44.24	16281992	712334080.00
2018/04/16	43.89	47.18	43.59	45.70	18162290	831130176.00
2018/04/17	46.54	49.91	44.93	46.86	25170842	1197878528.00
2018/04/18	48.02	51.55	48.02	51.55	24547559	1221517696.00
2018/04/19	52.93	56.42	52.17	52.66	35295458	1916032640.00
2018/04/20	52.33	54.88	51.71	51.94	30209432	1615246336.00
2018/04/23	51.22	51.52	47.21	48.47	28531513	1409247360.00
2018/04/24	48.52	51.42	47.42	50.32	22901078	1140476672.00
2018/04/25	49.42	52.76	49.41	50.50	21657023	1105663104.00
2018/04/26	51.38	53.69	50.66	52.21	22911790	1202516480.00
2018/04/27	53.43	53.91	47.27	49.24	22904893	1141307392.00
2018/05/02	49.64	50.15	47.32	48.55	15327418	748027648.00
2018/05/03	48.42	51.71	45.89	51.07	21786932	1057759936.00
2018/05/04	49.92	52.82	49.69	50.75	17466304	897171136.00
2018/05/07	51.32	51.69	50.30	51.62	14257824	728338176.00
2018/05/08	51.62	52.71	50.42	50.96	13965298	718105792.00
2018/05/09	50.49	52.69	50.23	52.15	15297483	793722304.00
2018/05/10	51.72	52.08	49.14	49.42	17541413	882951424.00
2018/05/11	49.42	49.67	47.71	47.71	16008281	777634432.00
2018/05/14	46.22	48.13	45.67	46.48	14575766	683094080.00
2018/05/15	46.50	47.89	45.87	47.77	15119683	712367936.00
2018/05/16	47.12	48.36	46.80	46.94	11130272	529145760.00
2018/05/17	47.09	48.52	46.72	48.22	12326010	592487808.00
2018/05/18	48.21	48.22	45.69	46.77	13313005	623093120.00
2018/05/21	46.77	49.24	46.32	48.51	15301810	739748096.00
2018/05/22	48.52	49.91	47.92	49.69	14287140	700262400.00
2018/05/23	49.92	51.62	48.95	50.22	18971452	957483904.00
2018/05/24	49.92	50.37	48.97	49.22	9626898	477997696.00
2018/05/25	48.80	48.92	46.42	46.70	11356676	539488064.00
2018/05/28	46.92	47.49	45.32	46.06	10074883	468254944.00
2018/05/29	46.17	46.93	44.73	45.65	10629641	488034240.00
2018/05/30	45.42	47.52	44.92	45.40	13808146	642403648.00
2018/05/31	45.92	45.92	42.34	43.69	17248543	758811072.00
2018/06/01	43.22	43.92	40.75	41.30	14332779	605634496.00
2018/06/04	41.10	42.88	40.35	41.47	14042904	586448704.00
2018/06/05	40.92	44.41	40.92	43.92	14541660	623862848.00
2018/06/06	43.45	44.58	43.30	43.87	9685803	425991648.00
2018/06/07	44.22	44.36	42.72	43.36	7363878	321494848.00
2018/06/08	42.99	43.70	41.62	43.41	9002744	385898496.00
2018/06/11	43.02	44.47	42.56	43.03	7681899	333341312.00
2018/06/12	42.89	43.91	41.70	43.84	9246561	399990720.00
2018/06/13	43.86	46.42	43.32	44.89	17132662	776217280.00
2018/06/14	44.59	48.23	44.22	46.99	19566060	910172288.00
2018/06/15	46.92	48.42	46.22	47.13	19110089	906688128.00
2018/06/19	46.42	48.47	43.08	47.28	22722723	1060973248.00
2018/06/20	46.36	48.40	44.74	47.92	21238699	998899392.00
2018/06/21	47.36	47.85	44.14	44.26	21438396	989103552.00
2018/06/22	42.75	43.75	40.38	41.92	18193085	771148544.00
2018/06/25	42.30	42.79	40.98	41.07	10814932	454555008.00
2018/06/26	40.21	44.26	39.76	43.40	18193916	776292608.00
2018/06/27	43.70	46.36	43.42	45.21	21729669	980059264.00
2018/06/28	44.77	46.09	44.75	45.07	14858517	674890752.00
2018/06/29	45.33	49.59	44.95	49.59	24108380	1148943872.00
2018/07/02	50.42	50.81	49.06	49.69	22904021	1144338048.00
2018/07/03	49.72	54.66	49.21	52.95	32740165	1705628544.00
2018/07/04	52.10	52.65	50.15	51.45	23546255	1216817024.00
2018/07/05	51.06	52.86	49.45	50.44	19753873	1015708544.00
2018/07/06	50.95	55.05	47.73	47.78	37693962	1942956928.00
2018/07/09	47.45	50.94	47.28	50.20	28303124	1391927936.00
2018/07/10	50.03	51.70	49.45	51.41	19692374	996409216.00
2018/07/11	49.95	53.03	48.91	52.95	24121613	1232723200.00
2018/07/12	52.24	55.45	51.95	53.45	27383311	1472585728.00
2018/07/13	53.25	54.15	52.38	53.26	17616141	940025920.00
2018/07/16	53.96	55.45	53.28	53.85	16696291	906158976.00
2018/07/17	53.65	54.55	51.96	53.80	15236478	812988928.00
2018/07/18	54.04	54.26	50.72	51.02	16167171	848181568.00
2018/07/19	51.45	52.83	51.25	51.85	14726936	767402432.00
2018/07/20	51.94	53.47	51.45	53.20	16304251	859245376.00
2018/07/23	53.45	56.20	52.95	55.37	20708625	1134943488.00
2018/07/24	55.65	56.15	53.45	54.95	15314555	840748480.00
2018/07/25	54.50	56.42	54.08	54.56	15031068	829346176.00
2018/07/26	54.10	54.34	52.05	52.71	12580929	667183552.00
2018/07/27	52.31	52.93	51.00	52.01	11582027	603462848.00
2018/07/30	52.11	52.35	49.76	50.42	11347540	576043328.00
2018/07/31	50.38	51.08	48.76	49.81	10552615	525942976.00
2018/08/01	50.11	52.02	49.96	50.23	14582545	745230592.00
2018/08/02	49.65	51.45	48.95	51.12	14903012	752928320.00
2018/08/03	50.78	51.24	48.53	48.53	10875233	542763328.00
2018/08/06	48.17	49.47	47.05	48.55	10180627	491710048.00
2018/08/07	48.75	50.30	47.02	50.26	13715460	669400960.00
2018/08/08	49.65	50.04	46.31	46.53	13359492	648489664.00
2018/08/09	46.07	51.19	46.07	50.95	23691913	1179443584.00
2018/08/10	50.75	53.45	50.55	52.90	19822443	1031100288.00
2018/08/13	52.51	55.84	52.30	55.84	19281782	1038233792.00
2018/08/14	55.36	55.45	52.69	53.49	17612996	949394240.00
2018/08/15	53.55	54.31	52.47	53.76	14882838	797776064.00
2018/08/16	51.97	53.81	50.86	51.35	14257709	746317376.00
2018/08/17	52.40	53.20	49.79	50.95	13191544	682316352.00
2018/08/20	50.35	52.48	49.57	52.47	11850997	605068864.00
2018/08/21	51.94	53.74	51.01	53.34	13339641	701103680.00
2018/08/22	53.05	53.34	51.63	51.90	8774469	460529280.00
2018/08/23	51.85	54.28	51.65	53.54	15400781	822840640.00
2018/08/24	53.49	54.21	52.25	52.82	10584348	563522688.00
2018/08/27	52.50	54.81	51.83	54.02	14724562	791161152.00
2018/08/28	54.02	55.78	53.97	54.65	13659300	750665792.00
2018/08/29	54.31	54.60	52.75	53.28	10536651	562665024.00
2018/08/30	53.08	53.60	52.23	52.25	7807464	411771904.00
2018/08/31	52.30	53.05	51.85	51.93	8209990	431602944.00
2018/09/03	51.40	53.60	50.16	53.21	9579062	499286368.00
2018/09/04	52.94	56.28	52.73	55.37	16963589	927321536.00
2018/09/05	54.95	55.35	53.75	53.75	9843181	538173696.00
2018/09/06	53.97	56.20	53.56	55.05	13912402	767691968.00
2018/09/07	55.21	56.21	49.54	50.75	23000023	1197045632.00
2018/09/10	49.74	50.05	47.97	48.57	13051721	638603328.00
2018/09/11	48.86	49.83	48.58	49.16	7226696	356045920.00
2018/09/12	49.28	49.80	47.46	48.03	8637480	420634048.00
2018/09/13	48.95	49.15	44.10	46.87	16827295	781385280.00
2018/09/14	46.13	46.42	44.77	45.05	11344409	517961056.00
2018/09/17	44.76	45.90	44.57	45.05	7520437	341442048.00
2018/09/18	44.85	46.44	44.85	46.34	8909174	408664800.00
2018/09/19	46.35	48.29	45.60	47.22	11519242	542669632.00
2018/09/20	47.06	47.59	45.75	46.14	7516713	350719296.00
2018/09/21	46.45	46.71	44.75	46.29	7667133	352042304.00
2018/09/25	45.95	48.41	45.93	47.51	9412805	447728896.00
2018/09/26	47.28	48.54	47.04	47.57	8041035	384091776.00
2018/09/27	47.91	48.56	47.44	47.55	7786194	374082496.00
2018/09/28	47.74	47.79	45.42	47.01	7833894	365347072.00
2018/10/08	45.55	46.75	44.96	45.31	7250124	332283008.00
2018/10/09	45.64	46.12	40.80	41.93	13105888	560923200.00
2018/10/10	41.90	43.17	40.65	42.10	10102117	424361184.00
2018/10/11	39.94	41.45	38.00	39.18	12596210	503671488.00
2018/10/12	39.35	40.73	38.75	40.36	10078339	403912992.00
2018/10/15	40.36	41.95	40.03	40.27	8019456	328889824.00
2018/10/16	40.47	41.60	39.35	40.09	7949658	321894176.00
2018/10/17	40.95	41.49	38.75	41.44	12546496	511616288.00
2018/10/18	40.85	40.95	39.66	39.83	8367587	337297344.00
2018/10/19	37.95	40.88	37.56	40.55	12354425	489522400.00
2018/10/22	41.05	44.05	41.05	43.53	14940774	639802560.00
2018/10/23	43.52	43.74	41.66	41.68	8863318	377931424.00
2018/10/24	41.80	42.70	41.55	41.85	7527364	318234144.00
2018/10/25	40.25	40.59	38.65	39.91	10271803	406735168.00
2018/10/26	40.49	40.95	39.00	39.33	6381594	255359856.00
2018/10/29	39.76	40.52	38.65	39.60	7626084	304212672.00
2018/10/30	39.64	39.64	35.64	37.35	16254246	600017152.00
2018/10/31	37.42	38.30	36.98	37.78	9492547	357800704.00
2018/11/01	38.45	39.89	38.19	38.62	11409685	443562304.00
2018/11/02	40.45	41.40	40.16	41.01	13105766	534109248.00
2018/11/05	40.80	42.45	40.55	41.60	10574988	440342688.00
2018/11/06	41.22	41.93	40.35	41.80	7534780	311710400.00
2018/11/07	41.49	44.00	41.49	42.34	10636366	456108352.00
2018/11/08	42.90	43.45	41.60	41.79	6200155	263341216.00
2018/11/09	41.46	42.37	41.19	41.29	4520800	189173536.00
2018/11/12	41.63	42.89	41.29	42.79	6477566	274049952.00
2018/11/13	42.16	43.11	41.86	42.48	7519281	319789888.00
2018/11/14	42.35	44.44	42.13	43.24	9853496	427238752.00
2018/11/15	42.96	44.10	42.91	43.93	6365837	277351840.00
2018/11/16	44.32	45.77	44.05	45.16	9809794	443643584.00
2018/11/19	44.21	45.71	44.15	44.75	6433700	289546048.00
2018/11/20	44.44	44.98	43.26	43.95	6880858	302539840.00
2018/11/21	43.32	43.91	42.35	42.79	6146604	264293520.00
2018/11/22	42.93	43.43	42.77	42.80	3628587	156541616.00
2018/11/23	42.51	43.12	40.46	40.59	7391329	305827200.00
2018/11/26	40.64	41.01	39.02	39.91	6247111	249331200.00
2018/11/27	40.25	40.72	39.64	40.23	4803631	193575200.00
2018/11/28	40.30	41.33	40.00	41.22	5463695	223315408.00
2018/11/29	41.80	42.21	39.65	39.67	6960966	284796896.00
2018/11/30	39.73	41.10	38.75	40.64	6167708	246059968.00
2018/12/03	42.35	44.28	41.66	44.18	12526616	540388992.00
2018/12/04	43.75	44.38	43.63	44.19	6746824	297956608.00
2018/12/05	43.42	44.57	42.98	43.58	6654239	292128864.00
2018/12/06	43.58	45.38	43.23	43.32	9519295	421992416.00
2018/12/07	43.95	44.39	43.29	43.57	4856494	213345600.00
2018/12/10	43.46	44.15	42.82	43.55	4317631	188732528.00
2018/12/11	43.75	44.43	43.15	43.94	4287016	188238400.00
2018/12/12	44.25	44.45	42.76	42.80	4767112	205986304.00
2018/12/13	42.95	43.34	41.83	42.97	5787395	247629728.00
2018/12/14	42.95	43.04	41.16	41.26	5633813	236371328.00
2018/12/17	40.75	41.36	40.47	41.13	3587082	146968992.00
2018/12/18	40.93	41.25	40.10	40.55	3920787	159352592.00
2018/12/19	40.71	40.75	39.46	39.64	3757806	150303040.00
2018/12/20	39.55	40.55	39.55	39.94	4427083	177006864.00
2018/12/21	39.85	40.20	39.45	39.72	3897242	155276032.00
2018/12/24	39.71	40.78	39.15	40.78	5051202	203220656.00
2018/12/25	40.33	40.67	39.17	40.47	6254937	250126784.00
2018/12/26	40.50	40.53	39.20	39.21	5559715	220699136.00
2018/12/27	39.87	39.98	38.01	38.01	5849167	229485056.00
2018/12/28	38.15	38.35	37.08	37.71	5450333	205156016.00
2019/01/02	37.75	38.55	37.50	38.26	4378282	167339712.00
2019/01/03	38.00	38.73	37.96	38.11	4077157	156600320.00
2019/01/04	37.55	39.61	37.45	39.16	5863366	227148720.00
2019/01/07	40.00	42.75	40.00	42.04	12515225	520324576.00
2019/01/08	42.00	42.92	41.75	42.01	8115717	343557632.00
2019/01/09	42.13	43.75	41.70	42.32	9464535	403429088.00
2019/01/10	42.05	42.53	41.45	41.51	5259882	220660736.00
2019/01/11	41.64	42.24	41.08	41.44	4417101	183991008.00
2019/01/14	41.64	41.64	40.27	40.65	3986997	162223664.00
2019/01/15	40.53	41.75	40.33	41.75	5485643	225515104.00
2019/01/16	41.48	43.03	41.34	41.35	6358934	268047264.00
2019/01/17	41.16	41.70	40.31	40.41	5077749	207261904.00
2019/01/18	40.35	41.59	40.08	40.84	4225349	172251616.00
2019/01/21	40.84	42.65	40.57	42.50	9978343	420693120.00
2019/01/22	42.45	42.62	41.76	42.37	5496176	231911104.00
2019/01/23	42.05	42.44	41.50	42.06	3272080	137761664.00
2019/01/24	42.09	46.27	42.09	45.75	18039270	811233920.00
2019/01/25	45.76	46.85	45.44	45.70	11423913	527069824.00
2019/01/28	46.15	47.20	45.72	45.72	8169797	378860736.00
2019/01/29	45.36	46.39	44.85	45.82	6272353	286778336.00
2019/01/30	45.42	46.44	45.02	45.07	4222452	192812448.00
2019/01/31	45.30	46.60	45.30	45.61	5454868	250790480.00
2019/02/01	45.96	47.75	45.55	47.46	6868647	322246752.00
2019/02/11	47.57	49.80	47.57	48.85	6106440	298520544.00
2019/02/12	48.54	49.04	47.65	48.10	6477108	313185024.00
2019/02/13	48.10	49.91	47.76	48.23	10602130	515192960.00
2019/02/14	47.73	48.94	47.15	48.69	7496877	361250464.00
2019/02/15	48.43	48.81	47.93	48.05	4909317	236995568.00
2019/02/18	48.20	49.67	47.33	49.36	11518586	561139072.00
2019/02/19	49.10	50.12	46.76	47.80	14024806	678834880.00
2019/02/20	47.55	47.61	46.45	47.13	8859857	416989248.00
2019/02/21	47.23	48.44	46.16	46.39	10765871	511361312.00
2019/02/22	46.34	49.51	46.34	49.45	13336753	645070784.00
2019/02/25	51.95	54.06	50.05	53.25	18183631	951949184.00
2019/02/26	52.95	53.83	50.85	52.15	13215150	690376064.00
2019/02/27	51.45	52.51	50.56	51.25	8894194	460531936.00
2019/02/28	51.75	52.96	50.96	51.53	8288676	431012928.00
2019/03/01	51.85	52.28	50.57	51.68	5356178	274288704.00
2019/03/04	52.93	56.85	51.95	55.53	15452141	851925248.00
2019/03/05	55.46	61.09	55.25	61.09	12193555	715727872.00
2019/03/06	66.95	67.20	62.49	65.12	29032179	1893708544.00
2019/03/07	65.26	71.43	63.40	67.75	19425266	1306082176.00
2019/03/08	66.95	74.53	63.45	72.60	27715231	2004820096.00
2019/03/11	76.43	78.95	65.34	71.45	26682961	1915957504.00
2019/03/12	73.76	78.60	72.52	78.60	21918118	1666440192.00
2019/03/13	80.45	82.95	70.85	71.95	24167765	1868361728.00
2019/03/14	69.95	71.95	67.31	69.05	18918494	1310922880.00
2019/03/15	69.92	70.75	67.43	68.33	13031826	903876352.00
2019/03/18	68.38	71.61	65.50	70.85	14171250	971367104.00
2019/03/19	69.75	74.25	68.50	71.61	13253808	951137152.00
2019/03/20	70.95	71.81	67.57	69.30	10745135	743682560.00
2019/03/21	69.09	72.75	67.94	70.37	15410736	1090988416.00
2019/03/22	71.65	73.89	69.33	71.31	13169455	940216768.00
2019/03/25	69.55	73.39	69.13	71.06	13953795	1001070784.00
2019/03/26	71.19	73.13	67.95	67.95	13345766	943904896.00
2019/03/27	68.84	69.99	66.07	68.06	11653386	796479424.00
2019/03/28	67.16	71.45	67.15	68.14	12070343	834962368.00
2019/03/29	67.64	71.05	65.48	70.44	14411115	990117952.00
2019/04/01	71.09	75.02	69.89	73.52	15194831	1106895616.00
2019/04/02	73.45	77.45	72.43	72.86	14973725	1116685696.00
2019/04/03	72.17	73.83	71.55	73.20	9000702	652263552.00
2019/04/04	74.45	75.61	70.07	70.95	14416107	1038566912.00
2019/04/08	70.45	70.45	66.65	66.85	14734693	1004626496.00
2019/04/09	66.95	68.44	65.85	67.20	9246645	619155648.00
2019/04/10	66.83	67.25	65.48	66.63	7408755	491831008.00
2019/04/11	66.55	66.55	62.63	63.71	12586169	809414208.00
2019/04/12	64.03	65.24	63.77	64.56	6892532	444561120.00
2019/04/15	65.80	67.30	63.31	63.59	8947298	586779072.00
2019/04/16	62.96	67.08	62.21	66.86	11459610	745694848.00
2019/04/17	66.76	67.29	65.55	65.75	8763337	581708864.00
2019/04/18	65.48	66.60	64.61	64.91	5551600	362945216.00
2019/04/19	64.70	65.44	63.70	64.45	4914820	316845344.00
2019/04/22	65.20	67.24	64.45	65.39	11080227	732385344.00
2019/04/23	65.24	66.45	63.05	63.92	8448346	545158976.00
2019/04/24	64.10	67.17	62.16	66.71	13160812	859683712.00
2019/04/25	66.45	67.30	62.73	63.19	10377147	673820352.00
2019/04/26	62.94	65.45	62.53	63.84	8530669	549683776.00
2019/04/29	64.42	64.42	61.10	61.75	8579912	537175104.00
2019/04/30	61.28	62.97	60.50	60.96	6579302	406378080.00
2019/05/06	57.95	59.30	54.86	54.86	9769561	555497728.00
2019/05/07	55.42	56.08	54.75	55.85	6720125	373375264.00
2019/05/08	54.83	61.44	54.46	59.80	15366992	912547200.00
2019/05/09	59.77	64.73	59.44	63.13	16545852	1032621504.00
2019/05/10	63.13	69.45	62.33	69.45	21411806	1419214464.00
2019/05/13	67.95	69.85	66.69	67.99	13423170	914591232.00
2019/05/14	67.85	68.66	66.25	66.84	9719051	653947328.00
2019/05/15	67.35	68.24	66.92	68.24	10442614	707221824.00
2019/05/16	67.84	67.85	65.63	66.92	10035589	668522944.00
2019/05/17	68.95	70.45	66.20	66.50	15342310	1053365824.00
2019/05/20	68.45	70.34	67.71	68.76	13301540	917763584.00
2019/05/21	67.84	69.75	65.95	68.07	11130962	755803072.00
2019/05/22	68.13	72.96	67.83	72.55	17377212	1226473728.00
2019/05/23	71.94	71.94	67.95	68.04	16919765	1185057920.00
2019/05/24	66.03	67.60	65.75	65.77	9073595	603571776.00
2019/05/27	65.85	70.95	65.84	70.13	12405128	856428480.00
2019/05/28	70.05	70.83	68.95	69.61	9416404	657055872.00
2019/05/29	69.50	70.83	68.50	69.39	8703502	607178624.00
2019/05/30	68.56	68.61	66.00	67.55	8672013	583226880.00
2019/05/31	67.49	68.52	66.61	66.69	6494271	437917504.00
2019/06/03	67.36	67.91	64.46	65.40	8363760	554166912.00
2019/06/04	64.97	66.27	63.43	63.53	7287507	470500000.00
2019/06/05	64.42	64.78	63.20	63.76	5050628	323932032.00
2019/06/06	63.92	64.45	62.30	63.25	5486007	349316800.00
2019/06/10	63.54	64.75	63.36	64.25	4186317	269005120.00
2019/06/11	64.17	66.55	63.15	66.36	8143772	532880192.00
2019/06/12	66.29	66.91	65.47	66.35	7235089	478768896.00
2019/06/13	66.28	66.80	65.66	65.71	4542463	300534944.00
2019/06/14	65.12	66.33	62.85	62.94	6159089	397586816.00
2019/06/17	62.94	63.50	59.45	60.72	8670550	527742048.00
2019/06/18	60.45	61.50	60.15	60.75	4099244	249822432.00
2019/06/19	63.57	64.28	62.34	62.41	7357598	466848672.00
2019/06/20	62.39	65.10	62.05	63.94	6509805	415189920.00
2019/06/21	64.85	67.75	64.80	67.10	11080109	741639232.00
2019/06/24	66.75	67.92	66.07	66.85	5333449	356869440.00
2019/06/25	66.98	67.04	64.07	64.96	5571531	362654656.00
2019/06/26	64.54	68.44	64.18	68.11	9712421	650839360.00
2019/06/27	67.76	70.83	67.76	69.90	10701301	744383296.00
2019/06/28	69.90	71.55	68.75	69.20	6615581	463029568.00
2019/07/01	71.45	72.39	69.95	70.57	8696158	618071488.00
2019/07/02	70.47	70.49	68.43	68.91	7056406	488206816.00
2019/07/03	68.55	68.88	66.86	67.20	6483392	438666144.00
2019/07/04	67.45	67.86	66.42	67.10	4282054	287485664.00
2019/07/05	66.96	68.15	66.96	67.80	5411729	366462080.00
2019/07/08	67.48	68.58	66.46	67.35	6902846	465961728.00
2019/07/09	66.15	67.55	65.55	67.00	4756257	316661088.00
2019/07/10	67.75	70.77	67.70	68.54	9765640	674747008.00
2019/07/11	68.69	69.00	66.10	66.30	7549305	509286368.00
2019/07/12	66.15	66.79	65.00	65.58	4464019	294689024.00
2019/07/15	65.60	69.58	64.60	69.14	10613568	720811904.00
2019/07/16	68.91	70.16	68.90	69.35	6406875	445494048.00
2019/07/17	69.98	71.40	69.70	69.90	8303715	586296384.00
2019/07/18	68.69	68.78	65.50	65.53	13946564	930380864.00
2019/07/19	65.88	67.25	65.54	66.95	8017526	532621248.00
2019/07/22	68.64	69.50	63.55	63.75	12349989	810989440.00
2019/07/23	63.05	65.40	63.00	64.78	5733641	370653632.00
2019/07/24	64.89	66.20	64.62	65.00	5668640	370782592.00
2019/07/25	64.95	66.30	64.83	65.48	6878328	451438112.00
2019/07/26	65.83	66.00	63.88	64.37	7693612	497477408.00
2019/07/29	64.60	65.90	64.05	65.33	6083673	397100672.00
2019/07/30	65.33	65.68	64.25	64.50	5195185	336326048.00
2019/07/31	64.45	65.14	64.04	64.58	5366679	347546944.00
2019/08/01	64.00	64.48	60.25	61.00	14337104	885029952.00
2019/08/02	59.45	61.59	58.80	60.74	7957375	480113952.00
2019/08/05	60.49	61.13	59.66	59.80	5437898	327988192.00
2019/08/06	58.18	59.28	56.40	59.00	7946494	461438208.00
2019/08/07	59.03	59.69	55.80	56.19	10148124	579282368.00
2019/08/08	56.75	58.25	56.22	57.95	7976920	457275072.00
2019/08/09	58.30	58.83	56.45	57.09	6128382	353475616.00
2019/08/12	57.57	58.61	56.68	58.08	8190860	472002752.00
2019/08/13	57.50	58.40	56.89	57.20	5255222	302466688.00
2019/08/14	58.20	59.10	57.88	58.45	9183850	537916096.00
2019/08/15	56.94	59.15	56.20	59.13	10341069	596630848.00
2019/08/16	58.74	60.58	58.45	59.37	9761908	581116224.00
2019/08/19	59.93	62.66	59.02	61.44	14047980	857796160.00
2019/08/20	61.40	62.19	59.65	59.85	8361978	507223808.00
2019/08/21	59.70	60.75	58.23	60.02	8707041	517326016.00
2019/08/22	59.70	63.51	59.70	62.08	15201764	945242368.00
2019/08/23	62.83	63.67	61.39	62.02	10341372	645214784.00
2019/08/26	60.66	65.60	60.66	65.09	17421742	1116621696.00
2019/08/27	65.06	66.28	64.11	65.20	11730489	767343040.00
2019/08/28	65.00	65.18	63.54	64.01	8122124	521750304.00
2019/08/29	64.00	64.67	63.50	64.05	7004005	448679360.00
2019/08/30	64.04	67.01	63.62	64.70	15728928	1029058304.00
2019/09/02	64.99	67.66	63.96	66.98	13711886	906165760.00
2019/09/03	66.97	70.74	66.14	69.13	16340932	1116260352.00
2019/09/04	70.04	72.88	69.50	71.00	16019449	1142783360.00
2019/09/05	71.46	74.55	70.53	72.22	13984188	1013825664.00
2019/09/06	72.01	73.20	68.90	70.32	15766174	1113822720.00
2019/09/09	70.95	72.70	70.00	72.54	13350580	952576256.00
2019/09/10	72.40	72.40	69.04	70.00	12405641	873122432.00
2019/09/11	70.01	70.95	67.95	68.58	10471037	724476608.00
2019/09/12	69.11	71.23	68.88	69.18	9259480	646375168.00
2019/09/16	69.54	71.19	68.50	70.44	9574212	671143232.00
2019/09/17	69.75	69.87	67.10	67.98	8972921	612773120.00
2019/09/18	68.30	68.83	67.19	68.54	5920863	403393184.00
2019/09/19	68.53	70.40	68.05	70.11	10537693	733038272.00
2019/09/20	70.10	71.67	69.22	70.98	11336343	799062720.00
2019/09/23	70.95	78.08	69.60	78.08	21559683	1593337216.00
2019/09/24	79.80	85.80	79.54	81.85	26389492	2170827776.00
2019/09/25	81.63	82.90	78.59	79.80	18630271	1500107904.00
2019/09/26	80.01	80.70	71.82	71.82	21754505	1631963264.00
2019/09/27	69.80	70.43	67.24	69.00	22016006	1513136128.00
2019/09/30	68.30	68.68	65.58	65.58	12443962	828106048.00
2019/10/08	65.72	66.77	64.81	65.30	8571906	563978880.00
2019/10/09	65.32	67.00	64.20	66.63	6637390	439525024.00
2019/10/10	66.70	69.30	66.33	69.09	11267721	770107392.00
2019/10/11	69.09	69.09	66.06	66.34	12343682	828688384.00
2019/10/14	67.27	67.80	66.63	67.50	9132940	615362496.00
2019/10/15	67.10	67.10	64.44	64.63	9686090	630662592.00
2019/10/16	64.60	65.37	63.50	63.50	8193554	526440800.00
2019/10/17	64.08	64.24	62.80	63.00	6552337	415065312.00
2019/10/18	63.27	64.49	62.50	62.66	7397135	468582528.00
2019/10/21	62.30	63.60	61.03	63.49	5365094	336936288.00
2019/10/22	63.40	64.75	63.21	64.18	5950782	381699936.00
2019/10/23	64.13	64.50	62.88	63.01	4985981	318104064.00
2019/10/24	63.15	63.31	62.50	63.04	3138101	197375632.00
2019/10/25	63.13	65.00	62.36	64.85	6066995	388291328.00
2019/10/28	66.90	67.85	65.08	67.29	11058742	737158208.00
2019/10/29	67.60	70.37	66.63	66.68	13189322	905072000.00
2019/10/30	66.00	69.95	65.85	68.69	11269847	774143168.00
2019/10/31	69.60	72.13	69.28	70.75	14006339	993604032.00
2019/11/01	70.56	71.48	69.30	70.95	8826687	621336960.00
2019/11/04	71.40	71.96	69.80	71.08	8269591	586759168.00
2019/11/05	71.06	73.78	71.00	72.75	10989573	796047808.00
2019/11/06	71.91	73.25	69.72	69.92	10700402	759264192.00
2019/11/07	70.10	71.44	70.00	71.00	6688037	472916864.00
2019/11/08	72.00	72.35	69.87	69.88	7820439	554767744.00
2019/11/11	69.00	70.36	68.30	68.58	6139488	424293536.00
2019/11/12	69.03	69.55	66.82	69.20	7283445	497776768.00
2019/11/13	72.53	76.12	71.68	76.12	17793054	1314948992.00
2019/11/14	79.70	80.30	77.37	79.11	26909185	2122970240.00
2019/11/15	78.76	80.33	76.81	77.24	16507969	1301203200.00
2019/11/18	77.23	78.34	75.90	76.85	10571161	811914304.00
2019/11/19	76.50	77.50	75.50	77.35	12134983	927839168.00
2019/11/20	77.25	78.37	75.60	75.80	12010427	924778624.00
2019/11/21	75.00	76.60	74.68	76.04	7050673	533315552.00
2019/11/22	76.01	77.99	71.88	72.71	15320798	1142795264.00
2019/11/25	73.50	73.80	70.20	70.61	8764381	624653888.00
2019/11/26	70.91	72.07	70.63	71.50	7231074	515818816.00
2019/11/27	71.50	77.24	71.10	76.05	13602278	1018331072.00
2019/11/28	75.75	78.56	75.45	77.00	12312990	949902592.00
2019/11/29	77.75	78.38	76.20	78.20	9894925	765627072.00
2019/12/02	78.49	81.71	77.18	80.00	12599516	1007294720.00
2019/12/03	78.80	81.00	78.35	79.99	7793311	620711424.00
2019/12/04	79.99	87.99	79.99	86.33	22587735	1937133440.00
2019/12/05	86.01	91.76	85.41	88.16	22094602	1950415488.00
2019/12/06	88.67	90.94	87.77	90.31	11408152	1017854656.00
2019/12/09	90.90	91.97	88.64	88.64	10009669	901463936.00
2019/12/10	88.70	91.48	87.20	90.10	10876228	973818304.00
2019/12/11	89.35	93.33	87.42	89.87	13618922	1223262848.00
2019/12/12	89.60	92.95	89.60	90.80	12181807	1110634752.00
2019/12/13	91.28	91.49	86.80	90.30	12261385	1092254848.00
2019/12/16	89.82	92.30	87.60	92.30	14406474	1293950848.00
2019/12/17	91.76	91.90	89.00	90.67	10761661	971473088.00
2019/12/18	90.23	93.32	90.14	91.80	11769436	1079454208.00
2019/12/19	91.89	91.89	85.50	87.70	15482793	1355341440.00
2019/12/20	87.54	88.33	85.80	85.82	7382678	643068032.00
2019/12/23	82.85	84.50	81.82	82.50	12785234	1061267776.00
2019/12/24	83.28	86.93	82.63	86.50	10161003	859135360.00
2019/12/25	86.98	95.00	86.50	93.99	19511289	1783213568.00
2019/12/26	93.00	93.98	91.50	92.86	8315920	769032704.00
2019/12/27	92.50	92.58	88.18	88.81	11320184	1026405056.00
2019/12/30	88.82	90.33	85.86	88.61	8612085	763500224.00
2019/12/31	88.66	89.50	87.00	88.00	5423341	478029440.00
2020/01/02	88.62	93.26	88.00	93.00	11858214	1083964288.00
2020/01/03	93.20	94.50	90.20	92.70	8892033	822252288.00
2020/01/06	91.21	93.49	90.35	90.85	9526704	874125952.00
2020/01/07	90.00	91.91	90.00	91.32	6799006	618471936.00
2020/01/08	91.00	91.00	88.13	89.11	7857547	701005248.00
2020/01/09	90.05	90.99	88.56	90.74	7684366	689888960.00
2020/01/10	91.00	94.66	90.00	91.00	12101036	1116995968.00
2020/01/13	91.00	100.10	91.00	100.10	13550754	1330440832.00
2020/01/14	105.15	108.88	102.63	107.15	19851436	2097318016.00
2020/01/15	106.22	108.80	104.50	108.00	12333780	1313302016.00
2020/01/16	109.74	117.71	109.00	113.00	16838886	1903791232.00
2020/01/17	113.78	114.99	110.39	113.00	11643311	1306710528.00
数据来源:通达信
