002179 中航光电 日线 前复权
      日期	    开盘	    最高	    最低	    收盘	    成交量	    成交额
2013/09/02	5.90	6.15	5.90	6.15	3294161	47131220.00
2013/09/03	6.13	6.18	6.09	6.17	2813639	40718092.00
2013/09/04	6.17	6.31	6.15	6.23	3352250	49395048.00
2013/09/05	6.30	6.30	6.13	6.13	2099036	30578466.00
2013/09/06	6.17	6.33	6.15	6.27	3054911	44990252.00
2013/09/09	6.31	6.52	6.22	6.38	5218249	78201816.00
2013/09/10	6.41	6.41	6.23	6.31	2801601	41444852.00
2013/09/11	6.29	6.41	5.99	6.00	4879498	70778944.00
2013/09/12	6.04	6.10	5.99	6.01	1764271	25174628.00
2013/09/13	6.02	6.15	6.02	6.08	2004331	28777254.00
2013/09/16	6.15	6.17	5.99	6.02	1555893	22260794.00
2013/09/17	6.02	6.05	5.93	5.93	1285513	18125510.00
2013/09/18	5.96	6.01	5.87	5.96	1183316	16576818.00
2013/09/23	5.98	6.05	5.97	6.05	3210061	45470692.00
2013/09/24	6.07	6.12	5.98	6.01	2167344	30895728.00
2013/09/25	6.06	6.07	5.96	5.98	1417879	20080656.00
2013/09/26	5.98	6.02	5.79	5.79	1716233	23878094.00
2013/09/27	5.83	5.93	5.79	5.84	1413338	19433418.00
2013/09/30	5.88	5.95	5.79	5.83	1218929	16786114.00
2013/10/08	5.85	6.12	5.80	6.10	3010916	42663220.00
2013/10/09	6.13	6.24	6.06	6.18	2542395	36578988.00
2013/10/10	6.16	6.22	6.01	6.04	2012503	28826324.00
2013/10/11	6.06	6.26	6.06	6.25	2983961	43151560.00
2013/10/14	6.25	6.33	6.18	6.25	2504415	36587556.00
2013/10/15	6.22	6.23	6.09	6.11	3539120	50726620.00
2013/10/16	6.09	6.10	5.90	5.94	2383380	33418330.00
2013/10/17	5.95	6.00	5.91	5.97	2361178	32957252.00
2013/10/18	5.95	6.01	5.93	5.96	1159789	16232705.00
2013/10/21	5.97	6.15	5.97	6.14	2253834	32182154.00
2013/10/22	6.18	6.26	6.09	6.13	3048813	43997292.00
2013/10/23	6.13	6.13	5.90	5.99	2144814	30158994.00
2013/10/24	5.97	5.97	5.84	5.88	2141438	29555908.00
2013/10/25	5.93	5.99	5.83	5.93	1961323	27185444.00
2013/10/28	5.93	6.00	5.86	5.96	1605165	22373770.00
2013/10/29	5.96	6.00	5.59	5.76	2508368	34086932.00
2013/10/30	5.76	5.82	5.69	5.82	1214917	16447290.00
2013/10/31	5.79	5.79	5.66	5.70	890888	11967951.00
2013/11/01	5.67	5.74	5.63	5.72	911522	12190648.00
2013/11/04	5.78	5.91	5.78	5.90	1685340	23178612.00
2013/11/05	5.99	6.22	5.90	6.17	4893206	69816600.00
2013/11/06	6.11	6.26	6.08	6.14	3540210	51156796.00
2013/11/07	6.15	6.29	5.94	5.95	4453846	64151576.00
2013/11/08	5.88	6.00	5.76	5.77	2770959	38064284.00
2013/11/11	5.79	5.98	5.74	5.97	1634607	22561350.00
2013/11/12	5.97	6.03	5.88	5.93	2046642	28566358.00
2013/11/13	6.19	6.20	5.91	5.91	4587062	65013760.00
2013/11/14	5.81	6.54	5.75	6.43	9805944	144849968.00
2013/11/15	6.43	7.12	6.43	6.86	22011167	354134432.00
2013/11/18	6.90	7.58	6.90	7.32	22670498	381487776.00
2013/11/19	7.26	7.44	7.05	7.35	8823870	148258592.00
2013/11/20	7.27	7.92	7.23	7.66	13660058	240126208.00
2013/11/21	7.47	7.50	7.16	7.18	9552306	162951088.00
2013/11/22	7.14	7.38	7.14	7.16	4490463	75505040.00
2013/11/25	7.34	7.80	7.25	7.37	10927635	190384064.00
2013/11/26	7.36	7.75	7.19	7.55	8200887	142344480.00
2013/11/27	7.56	7.97	7.47	7.76	8173188	146463568.00
2013/11/28	7.79	8.19	7.75	7.94	7511433	137820144.00
2013/11/29	7.95	8.17	7.79	8.00	5839258	107860128.00
2013/12/02	7.75	7.83	7.16	7.16	8075005	138490624.00
2013/12/03	7.16	7.42	7.14	7.31	7138656	120655320.00
2013/12/04	7.33	7.48	7.20	7.38	6092048	103936288.00
2013/12/05	7.40	7.65	7.30	7.42	5065278	87741976.00
2013/12/06	7.38	7.41	7.20	7.27	2537795	42834940.00
2013/12/09	7.34	7.46	7.22	7.45	3413077	58270608.00
2013/12/10	7.43	7.49	7.10	7.11	3774458	63291204.00
2013/12/11	7.06	7.19	6.89	6.98	2877742	47033952.00
2013/12/12	6.99	7.04	6.94	7.02	2894786	47019096.00
2013/12/13	6.95	7.04	6.93	7.04	1575275	25620846.00
2013/12/16	7.11	7.13	6.94	7.01	2598408	42374712.00
2013/12/17	7.04	7.44	7.01	7.40	6325814	106738752.00
2013/12/18	7.40	7.40	7.22	7.24	2955236	49917196.00
2013/12/19	7.25	7.32	6.80	6.88	2513580	41196460.00
2013/12/20	6.89	6.92	6.51	6.69	3251023	50675068.00
2013/12/23	6.71	7.04	6.54	6.93	3177022	50605100.00
2013/12/24	6.88	7.05	6.81	6.88	1384378	22286534.00
2013/12/25	6.87	7.13	6.82	6.93	2426394	39357904.00
2013/12/26	6.88	6.88	6.63	6.79	3580406	55983644.00
2013/12/27	6.76	7.11	6.71	7.09	5664525	91350184.00
2013/12/30	7.08	7.37	7.00	7.23	4168766	70157480.00
2013/12/31	7.21	7.23	6.96	7.18	3607827	59290660.00
2014/01/02	7.12	7.40	7.09	7.35	3868518	65393096.00
2014/01/03	7.30	7.43	7.19	7.23	3168121	53460296.00
2014/01/06	7.20	7.29	7.11	7.12	3380994	56292160.00
2014/01/07	7.10	7.21	6.88	7.20	2026436	33240922.00
2014/01/08	7.28	7.47	7.20	7.37	4173286	71316200.00
2014/01/09	7.38	7.46	7.14	7.14	2486045	42153936.00
2014/01/10	7.07	7.07	6.65	6.76	4244439	67916568.00
2014/01/13	6.76	6.81	6.38	6.61	3486314	53346924.00
2014/01/14	6.61	6.79	6.55	6.79	1845839	28566514.00
2014/01/15	6.80	7.14	6.67	6.94	2807969	45312084.00
2014/01/16	6.86	6.97	6.79	6.85	1986717	31721646.00
2014/01/17	6.82	6.84	6.63	6.68	1834137	28660738.00
2014/01/20	6.60	6.77	6.59	6.65	1571461	24464566.00
2014/01/21	6.65	6.77	6.64	6.67	1751464	27277634.00
2014/01/22	6.71	6.87	6.70	6.86	2680163	42515056.00
2014/01/23	6.88	7.05	6.85	7.02	3669355	59530448.00
2014/01/24	7.01	7.13	6.94	7.01	5310607	86879000.00
2014/01/27	7.02	7.09	6.98	7.04	3671076	60043988.00
2014/01/28	7.05	7.08	6.84	6.90	2104712	33905820.00
2014/01/29	6.97	7.18	6.93	7.15	3640039	60026336.00
2014/01/30	7.18	7.34	7.08	7.23	3412726	57152992.00
2014/02/07	7.24	7.50	7.22	7.45	4940076	84827552.00
2014/02/10	7.44	7.63	7.39	7.46	6550942	113647744.00
2014/02/11	7.46	7.60	7.39	7.51	5109541	88793152.00
2014/02/12	7.51	7.55	7.35	7.45	3645929	62663444.00
2014/02/13	7.43	7.44	7.20	7.20	3362773	57225088.00
2014/02/14	7.15	7.95	7.15	7.76	8616421	151791456.00
2014/02/17	7.77	8.11	7.77	7.92	6351932	116488912.00
2014/02/18	7.90	7.90	7.73	7.76	4851006	87386248.00
2014/02/19	7.75	7.89	7.70	7.89	3713789	66777012.00
2014/02/20	7.91	7.95	7.61	7.64	3156019	56418192.00
2014/02/21	7.60	7.68	7.33	7.46	3834069	66501188.00
2014/02/24	7.43	7.56	7.32	7.47	4037457	69861936.00
2014/02/25	7.51	7.69	6.97	7.01	4956263	84598872.00
2014/02/26	7.02	7.11	6.93	7.07	2503501	40865564.00
2014/02/27	7.08	7.27	6.96	6.97	4104670	68079840.00
2014/02/28	6.97	7.31	6.93	7.25	3800748	62883868.00
2014/03/03	7.31	7.48	7.30	7.37	4371061	74616544.00
2014/03/04	7.34	7.61	7.25	7.47	5763951	99728320.00
2014/03/05	7.52	7.70	7.47	7.56	6617032	116189128.00
2014/03/06	7.56	7.56	7.29	7.47	3201423	55250284.00
2014/03/07	7.45	7.63	7.33	7.60	4346607	75332760.00
2014/03/10	7.48	7.56	7.06	7.10	3640267	61457380.00
2014/03/11	7.11	7.16	6.84	7.15	3325132	54344748.00
2014/03/12	7.13	7.16	6.92	7.12	1766338	28968504.00
2014/03/13	7.18	7.19	7.02	7.09	3113968	51289360.00
2014/03/14	7.05	7.05	6.84	6.91	2453663	39571124.00
2014/03/17	6.95	7.13	6.88	7.10	4119973	67433624.00
2014/03/18	7.08	7.16	7.04	7.05	2722917	44849364.00
2014/03/19	6.94	7.19	6.94	7.18	2233815	36695424.00
2014/03/20	7.15	7.30	6.99	7.00	2986226	49709596.00
2014/03/21	6.89	7.11	6.77	7.07	3432137	55356108.00
2014/03/24	7.02	7.09	6.95	7.00	1611407	26256696.00
2014/03/25	6.99	7.05	6.94	7.03	1493239	24309568.00
2014/03/26	6.97	7.03	6.65	6.68	6400044	101079168.00
2014/03/27	6.66	6.72	6.53	6.61	3175456	49154792.00
2014/03/28	6.59	6.71	6.47	6.49	2436426	37397408.00
2014/03/31	6.56	6.64	6.49	6.56	1422281	21829236.00
2014/04/01	6.58	6.70	6.56	6.68	1371580	21276894.00
2014/04/02	6.69	6.80	6.68	6.72	1995428	31350734.00
2014/04/03	6.70	6.70	6.59	6.67	1889329	29245206.00
2014/04/04	6.65	6.75	6.61	6.74	1178589	18408858.00
2014/04/08	6.72	6.96	6.69	6.96	2756227	43990640.00
2014/04/09	6.95	7.04	6.86	6.93	2021784	32640814.00
2014/04/10	6.97	7.08	6.92	6.92	2762314	44898944.00
2014/04/11	6.95	7.10	6.91	7.09	3666521	59985808.00
2014/04/14	7.09	7.13	7.02	7.11	2039374	33520394.00
2014/04/15	7.10	7.16	6.95	6.99	2493455	40737644.00
2014/04/16	6.99	7.04	6.88	6.90	1681941	27182494.00
2014/04/17	6.93	6.95	6.84	6.88	2500835	40039716.00
2014/04/18	6.85	6.89	6.80	6.88	3437243	54787492.00
2014/04/21	6.82	6.97	6.79	6.85	3161955	50749756.00
2014/04/22	6.82	6.90	6.65	6.69	3267343	51444008.00
2014/04/23	6.72	6.87	6.69	6.86	2037853	32088378.00
2014/04/24	6.84	6.89	6.73	6.82	1994933	31634246.00
2014/04/25	6.81	6.81	6.49	6.61	3213142	49395440.00
2014/04/28	6.59	6.59	6.18	6.22	2036009	30292342.00
2014/04/29	6.20	6.32	6.20	6.30	1673065	24515280.00
2014/04/30	6.31	6.44	6.29	6.40	1883946	28092466.00
2014/05/05	6.40	6.41	6.28	6.41	1207178	17889538.00
2014/05/06	6.38	6.50	6.38	6.43	1770761	26623066.00
2014/05/07	6.38	6.45	6.27	6.29	1025442	15184117.00
2014/05/08	6.29	6.44	6.26	6.36	1226661	18128814.00
2014/05/09	6.43	6.43	6.10	6.22	1486130	21495564.00
2014/05/12	6.29	6.49	6.20	6.45	2219151	32793400.00
2014/05/13	6.43	6.51	6.38	6.51	1522578	22729912.00
2014/05/14	6.49	6.54	6.42	6.47	1411898	21211436.00
2014/05/15	6.43	6.61	6.36	6.38	2995045	44962008.00
2014/05/16	6.39	6.48	6.20	6.42	3435491	50576228.00
2014/05/19	6.49	6.54	6.23	6.33	2598092	38297824.00
2014/05/20	6.35	6.42	6.24	6.25	2143382	31419840.00
2014/05/21	6.21	6.32	6.19	6.29	1060520	15414698.00
2014/05/22	6.31	6.35	6.19	6.24	2435668	35486532.00
2014/05/23	6.21	6.26	6.19	6.26	1355151	19582998.00
2014/05/26	6.43	6.56	6.38	6.43	4044681	60425540.00
2014/05/27	6.39	6.45	6.35	6.43	1598021	23761768.00
2014/05/28	6.41	6.61	6.38	6.57	3921987	59368016.00
2014/05/29	6.61	6.74	6.57	6.62	5071782	78102056.00
2014/05/30	6.65	6.78	6.58	6.71	3437801	53134520.00
2014/06/03	6.74	6.86	6.74	6.75	3908814	61388036.00
2014/06/04	6.71	6.71	6.49	6.60	3210711	48947320.00
2014/06/05	6.59	6.73	6.59	6.71	2697575	41686836.00
2014/06/06	6.78	6.87	6.71	6.77	3968833	62391392.00
2014/06/09	6.74	6.78	6.63	6.64	2278197	35272936.00
2014/06/10	6.62	6.78	6.58	6.78	3272698	50808176.00
2014/06/11	6.76	6.83	6.71	6.81	2803922	43918528.00
2014/06/12	6.84	6.96	6.79	6.86	4067084	64585788.00
2014/06/13	6.89	7.50	6.89	7.36	12046904	200611984.00
2014/06/16	7.29	7.41	7.26	7.35	5358357	90563864.00
2014/06/17	7.33	7.33	7.01	7.09	6671892	110119656.00
2014/06/18	7.13	7.35	7.09	7.18	5940327	99056216.00
2014/06/19	7.15	7.26	6.99	7.03	3351407	55033412.00
2014/06/20	7.06	7.21	7.00	7.20	2148968	35401864.00
2014/06/23	7.20	7.43	7.19	7.36	5034870	85285296.00
2014/06/24	7.32	7.42	7.32	7.39	3689749	62613684.00
2014/06/25	7.38	7.43	7.26	7.43	3046061	51617740.00
2014/06/26	7.38	7.65	7.38	7.58	4545272	79071456.00
2014/06/27	7.58	7.78	7.48	7.68	5378995	94613616.00
2014/06/30	7.74	8.02	7.62	7.63	8942266	160882240.00
2014/07/01	7.68	7.92	7.45	7.64	9822966	172909328.00
2014/07/02	7.61	7.91	7.60	7.73	8209402	146524208.00
2014/07/03	7.68	7.79	7.59	7.73	5229386	92482032.00
2014/07/04	7.72	7.77	7.55	7.56	3784462	66399552.00
2014/07/07	7.62	7.91	7.54	7.83	6284249	112408032.00
2014/07/08	7.79	7.88	7.51	7.65	6410183	112372832.00
2014/07/09	7.61	8.45	7.59	8.02	19292555	363291584.00
2014/07/10	7.93	8.06	7.75	7.83	12214192	221207264.00
2014/07/11	7.78	8.02	7.67	7.93	8826317	159959296.00
2014/07/14	8.16	8.41	7.93	8.02	12072932	226463408.00
2014/07/15	8.05	8.29	7.84	8.11	8272057	153552352.00
2014/07/16	7.97	8.09	7.69	7.75	7641646	137672672.00
2014/07/17	7.70	7.82	7.60	7.75	4094338	72670376.00
2014/07/18	7.77	7.81	7.68	7.75	2838108	50645356.00
2014/07/21	7.70	7.91	7.68	7.88	5151124	92792384.00
2014/07/22	7.88	8.16	7.84	8.00	6494825	119895816.00
2014/07/23	8.01	8.22	7.79	7.84	5386631	99545280.00
2014/07/24	7.79	7.86	7.43	7.55	6448458	112603016.00
2014/07/25	7.48	7.59	7.41	7.54	3917667	67519192.00
2014/07/28	7.54	7.93	7.54	7.85	5702619	101482720.00
2014/07/29	7.90	8.15	7.84	8.01	6511954	119519256.00
2014/07/30	8.06	8.46	8.02	8.27	13065308	247780864.00
2014/07/31	8.23	9.06	8.18	9.06	16306876	322243392.00
2014/08/01	9.02	9.57	8.82	9.01	21185414	448466304.00
2014/08/04	9.13	9.46	9.13	9.28	11163828	236659392.00
2014/08/05	9.33	9.48	9.04	9.28	6803331	143783264.00
2014/08/06	9.20	9.43	9.09	9.23	6644847	140629280.00
2014/08/07	9.23	9.79	9.21	9.46	11026575	239479136.00
2014/08/08	9.50	9.53	9.26	9.40	4391052	94008776.00
2014/08/11	9.35	9.49	9.25	9.35	6116442	130792840.00
2014/08/12	9.34	9.51	9.25	9.38	5493241	117477392.00
2014/08/13	9.38	9.75	9.38	9.45	5085254	110080552.00
2014/08/14	9.45	9.45	8.88	8.90	10929755	227506144.00
2014/08/15	8.91	9.16	8.70	9.04	4165714	85617792.00
2014/08/18	9.02	9.38	9.02	9.34	4868686	102697792.00
2014/08/19	9.33	9.47	9.17	9.27	3230083	68660144.00
2014/08/20	9.30	9.60	9.16	9.36	5021463	107708024.00
2014/08/21	9.37	9.62	9.32	9.49	4251399	91863784.00
2014/08/22	9.49	9.89	9.49	9.72	5475024	121871040.00
2014/08/25	9.72	10.10	9.70	9.86	5333769	119815848.00
2014/08/26	9.83	9.97	9.47	9.61	3404078	74652304.00
2014/08/27	9.61	10.46	9.61	10.09	5897004	135988944.00
2014/08/28	10.09	10.29	9.93	10.05	3348016	76833760.00
2014/08/29	10.19	10.70	9.98	10.21	6056417	141214416.00
2014/09/01	10.48	10.61	10.22	10.58	6961747	165975040.00
2014/09/02	10.61	11.61	10.45	11.46	11791057	293553120.00
2014/09/03	11.39	11.48	11.02	11.45	9791532	249453424.00
2014/09/04	11.32	11.74	11.16	11.21	11230504	289107936.00
2014/09/05	11.18	11.18	10.85	10.96	6798310	168706144.00
2014/09/09	10.93	11.14	10.87	10.93	4688890	117013192.00
2014/09/10	10.93	11.23	10.85	11.16	4973693	125184536.00
2014/09/11	11.16	11.20	10.76	10.91	6815528	169748352.00
2014/09/12	10.98	11.16	10.98	11.15	5173992	129710648.00
2014/09/15	11.18	11.75	11.17	11.58	7964458	208182832.00
2014/09/16	11.70	11.73	10.88	10.90	8464124	217328960.00
2014/09/17	10.81	11.02	10.11	10.67	9628836	230859808.00
2014/09/18	10.51	10.85	10.29	10.63	4588736	110305872.00
2014/09/19	10.59	11.16	10.49	11.02	6109026	149941296.00
2014/09/22	11.00	11.07	10.51	10.59	5656548	137543872.00
2014/09/23	10.67	10.86	10.48	10.79	6762055	164187376.00
2014/09/24	10.73	11.31	10.66	11.23	8281140	208528800.00
2014/09/25	11.23	11.84	11.17	11.58	12049788	315774816.00
2014/09/26	11.61	11.81	11.31	11.48	8066153	211476928.00
2014/09/29	11.48	11.82	11.48	11.64	7018672	185063504.00
2014/09/30	11.68	11.68	11.28	11.36	7083801	182685824.00
2014/10/08	11.38	12.04	11.29	12.02	9893061	262983712.00
2014/10/09	12.01	12.02	11.53	11.76	6810174	181593440.00
2014/10/10	11.66	11.90	11.47	11.53	9842380	258274224.00
2014/10/13	11.70	11.84	11.54	11.82	9719901	257016512.00
2014/10/14	11.76	12.08	11.47	11.76	10493610	279090048.00
2014/10/15	11.68	11.68	11.23	11.32	11913575	306061504.00
2014/10/16	11.16	11.23	10.51	10.55	13107859	324098176.00
2014/10/17	10.75	11.06	10.55	11.02	13401384	328393184.00
2014/10/20	11.09	12.16	11.09	12.16	24463538	661789568.00
2014/10/21	12.02	12.14	11.64	11.66	16880897	453795424.00
2014/10/22	11.66	11.92	11.22	11.29	13540578	355795552.00
2014/10/23	11.27	11.39	10.93	11.32	8999518	228692464.00
2014/10/24	11.02	11.39	11.00	11.10	5400409	136943136.00
2014/10/27	11.07	11.45	11.06	11.41	5231646	134478992.00
2014/10/28	11.50	11.92	11.47	11.86	7788870	207564960.00
2014/10/29	12.09	13.03	12.09	12.81	21415702	614301312.00
2014/10/30	12.71	13.03	12.60	12.75	9989403	289061440.00
2014/10/31	12.73	12.99	12.44	12.66	7740809	221422160.00
2014/11/03	12.62	12.88	12.55	12.59	6894482	197654176.00
2014/11/04	12.53	12.76	12.39	12.66	6489740	184718288.00
2014/11/05	12.68	12.70	12.27	12.27	6278497	176579424.00
2014/11/06	12.16	12.34	11.99	12.20	5667123	155404480.00
2014/11/07	12.24	12.53	12.05	12.09	5832687	162047072.00
2014/11/10	12.07	12.18	11.60	11.75	9403116	250071808.00
2014/11/11	11.73	11.81	11.25	11.31	7781776	201691616.00
2014/11/12	11.30	11.68	11.19	11.49	7004165	181839808.00
2014/11/13	11.50	11.50	10.73	10.90	8303260	206670160.00
2014/11/14	10.95	11.14	10.80	10.95	6065545	151255456.00
2014/11/17	10.92	11.41	10.80	11.20	6206752	157877216.00
2014/11/18	11.20	11.31	11.03	11.16	2947632	74709472.00
2014/11/19	11.27	11.59	11.16	11.50	5380169	138983584.00
2014/11/20	11.46	11.47	11.28	11.41	2982703	76863856.00
2014/11/21	11.41	11.46	11.18	11.36	4613881	118156488.00
2014/11/24	11.40	11.57	11.34	11.46	7471077	193565744.00
2014/11/25	11.43	11.64	11.43	11.53	5169180	135255408.00
2014/11/26	11.57	11.77	11.41	11.63	8297697	217696416.00
2014/11/27	11.66	11.79	11.53	11.71	9083864	239744288.00
2014/11/28	11.71	11.75	11.11	11.16	11316793	290922464.00
2014/12/01	11.09	11.09	10.54	10.69	11167861	271625024.00
2014/12/02	10.70	10.98	10.69	10.85	7643930	188121600.00
2014/12/03	10.84	11.20	10.49	11.18	11433097	280954624.00
2014/12/04	11.21	11.61	11.21	11.39	10462908	271374432.00
2014/12/05	11.80	12.27	10.96	12.24	23290874	626206400.00
2014/12/08	12.30	13.46	12.30	13.25	26304892	773452096.00
2014/12/09	13.23	13.23	11.89	11.89	22733589	637401984.00
2014/12/10	11.67	12.36	11.36	12.07	11792482	317825760.00
2014/12/11	11.89	12.34	11.64	11.93	9387782	252990064.00
2014/12/12	11.86	11.93	11.71	11.82	6218289	166308496.00
2014/12/15	11.30	11.91	11.15	11.75	9104830	240209664.00
2014/12/16	11.71	12.10	11.70	11.79	7414470	199468288.00
2014/12/17	11.78	11.78	11.36	11.44	6590798	171369520.00
2014/12/18	11.39	12.04	11.39	11.77	8022970	214271920.00
2014/12/19	11.71	11.75	11.11	11.34	9037405	231726480.00
2014/12/22	11.34	11.42	10.34	10.51	10444131	253395552.00
2014/12/23	10.39	10.76	10.01	10.07	7555584	178191680.00
2014/12/24	10.19	10.51	10.12	10.44	5274897	123839384.00
2014/12/25	10.46	10.68	10.39	10.64	4132457	99270968.00
2014/12/26	10.61	10.75	10.48	10.68	4602790	111323240.00
2014/12/29	10.57	10.57	10.24	10.36	5712239	134938912.00
2014/12/30	10.36	10.39	9.80	9.95	7477399	170838736.00
2014/12/31	10.02	10.48	9.98	10.33	5253748	123083040.00
2015/01/05	10.42	10.44	10.08	10.27	7004894	163276336.00
2015/01/06	10.20	10.84	10.18	10.79	8917514	215267728.00
2015/01/07	10.68	10.73	10.49	10.63	5518058	132988208.00
2015/01/08	10.47	10.80	10.47	10.48	3896596	93730232.00
2015/01/09	10.44	10.78	10.44	10.61	5453607	131861856.00
2015/01/12	10.61	10.80	10.51	10.57	4391736	106261816.00
2015/01/13	10.50	10.86	10.48	10.71	6242604	152541600.00
2015/01/14	10.71	10.85	10.62	10.69	4834277	117939848.00
2015/01/15	10.73	10.78	10.58	10.70	5250327	127444184.00
2015/01/16	10.71	10.73	10.52	10.64	5202981	125468576.00
2015/01/19	10.36	10.83	10.21	10.44	6481659	156364544.00
2015/01/20	10.52	11.10	10.52	11.07	8102781	198756128.00
2015/01/21	11.11	11.41	11.07	11.19	8538049	217363216.00
2015/01/22	11.16	12.25	11.12	11.91	15498068	410075808.00
2015/01/23	11.89	11.89	11.47	11.49	8500379	223828928.00
2015/01/26	11.61	11.77	11.58	11.70	5701546	150721040.00
2015/01/27	11.71	12.00	11.61	11.73	7446689	198830432.00
2015/01/28	11.73	12.07	11.56	11.56	10124990	271873248.00
2015/01/29	11.40	11.84	11.37	11.61	6301504	165285264.00
2015/01/30	11.61	11.82	11.57	11.65	4028599	106819632.00
2015/02/02	11.51	11.83	11.50	11.70	3969247	105272888.00
2015/02/03	11.79	12.09	11.68	12.04	7549455	204042160.00
2015/02/04	12.04	12.23	11.82	11.84	6068997	164866208.00
2015/02/05	11.89	11.93	11.55	11.56	5176740	137148496.00
2015/02/06	11.51	11.64	11.10	11.16	3538533	91369072.00
2015/02/09	11.16	11.54	11.14	11.24	2703410	69651744.00
2015/02/10	11.23	11.51	11.20	11.46	1870640	48378784.00
2015/02/11	11.47	11.68	11.41	11.67	2346006	61437324.00
2015/02/12	11.68	11.74	11.49	11.60	2592899	68230192.00
2015/02/13	11.64	11.85	11.64	11.79	3642902	97129112.00
2015/02/16	11.81	12.11	11.79	12.09	4756398	129290832.00
2015/02/17	12.12	12.25	11.96	11.99	3515740	96207776.00
2015/02/25	12.04	12.15	11.80	11.89	3252864	88041360.00
2015/02/26	11.87	12.16	11.86	12.04	3842148	104392752.00
2015/02/27	12.37	13.20	12.37	12.69	11753648	340492192.00
2015/03/02	12.84	13.01	12.69	12.98	9481168	276467680.00
2015/03/03	12.98	13.43	12.76	13.09	10598389	314341408.00
2015/03/04	13.13	13.39	13.03	13.30	6743954	201523856.00
2015/03/05	13.31	13.37	12.77	12.79	6657536	194363008.00
2015/03/06	12.68	12.93	12.58	12.60	4420174	126935224.00
2015/03/09	12.52	12.73	12.42	12.73	3584460	101877384.00
2015/03/10	12.73	12.83	12.63	12.73	3887613	111867064.00
2015/03/11	12.79	12.79	12.39	12.48	3503400	99607088.00
2015/03/12	12.48	12.74	12.31	12.38	2870864	80812400.00
2015/03/13	12.56	12.73	12.48	12.57	5402622	153544608.00
2015/03/16	12.75	12.92	12.56	12.88	11903093	342216896.00
2015/03/17	12.87	13.85	12.87	13.45	14369594	432893856.00
2015/03/18	13.46	13.85	13.27	13.60	10063902	306487840.00
2015/03/19	13.53	13.69	13.36	13.48	6637839	201672976.00
2015/03/20	13.44	13.68	13.33	13.40	9145151	277215104.00
2015/03/23	13.44	14.06	13.30	13.68	12569538	386552160.00
2015/03/24	13.67	13.84	13.11	13.55	11321272	344227392.00
2015/03/25	13.65	14.06	13.61	13.92	13079431	408153632.00
2015/03/26	13.96	14.21	13.53	13.86	10079369	316753888.00
2015/03/27	13.90	13.98	13.65	13.82	5973165	185433152.00
2015/03/30	13.89	14.35	13.77	14.27	9928110	313916672.00
2015/03/31	14.39	14.80	14.10	14.51	12701073	412843008.00
2015/04/01	14.61	15.78	14.53	15.53	12093330	410099968.00
2015/04/02	15.52	15.80	15.30	15.55	10652294	371781440.00
2015/04/03	15.44	16.71	15.32	16.22	10031549	364561504.00
2015/04/07	16.44	16.44	15.94	16.28	8644611	313358144.00
2015/04/08	16.28	16.30	15.29	15.53	10610663	374992800.00
2015/04/09	15.48	15.70	14.79	15.32	8290886	282698944.00
2015/04/10	15.47	16.10	15.33	15.80	8406614	297889408.00
2015/04/13	15.80	16.00	15.71	15.88	8750756	311397952.00
2015/04/14	15.94	16.61	15.80	16.17	11212922	410128608.00
2015/04/15	16.03	16.16	14.99	15.18	10690515	370592992.00
2015/04/16	15.03	15.61	14.81	15.26	6821046	234497696.00
2015/04/17	15.28	15.92	15.28	15.57	10238953	360545472.00
2015/04/20	15.52	16.11	15.12	15.22	13411046	471048480.00
2015/04/21	15.41	16.38	15.37	16.33	14312073	515035936.00
2015/04/22	16.71	17.39	16.47	17.23	12787105	487355680.00
2015/04/23	17.08	17.15	16.71	16.99	8348076	316546592.00
2015/04/24	16.76	18.40	16.66	17.44	11467504	451786752.00
2015/04/27	17.56	18.57	17.56	17.73	11896462	477957312.00
2015/04/28	17.55	17.59	16.58	16.69	10122327	385479520.00
2015/04/29	16.68	17.18	16.56	17.02	8142645	309849024.00
2015/04/30	17.07	17.54	16.94	17.12	7223804	278969056.00
2015/05/04	17.12	17.75	16.62	17.75	10194177	396292512.00
2015/05/05	17.75	17.85	16.92	17.15	9255348	358102304.00
2015/05/06	17.04	17.84	17.04	17.15	9575645	374262336.00
2015/05/07	16.82	17.23	16.62	16.69	5837032	221049104.00
2015/05/08	16.94	17.65	16.63	17.65	9676680	370724128.00
2015/05/11	18.23	19.08	18.23	18.48	14267655	591582208.00
2015/05/12	18.17	20.12	18.13	19.85	17794183	752907456.00
2015/05/13	19.35	19.67	18.78	19.12	11541638	499314208.00
2015/05/14	19.11	19.76	19.04	19.04	7783176	337403616.00
2015/05/15	18.99	19.58	18.72	19.32	8444879	362303008.00
2015/05/18	19.03	20.16	18.90	20.14	10547467	469244160.00
2015/05/19	20.16	20.35	19.60	20.04	6598125	294076832.00
2015/05/20	20.21	21.17	19.90	19.95	9980959	460809952.00
2015/05/21	20.04	20.79	20.04	20.73	6952762	318268384.00
2015/05/22	21.06	21.58	20.27	21.06	9621456	446990656.00
2015/05/25	20.58	22.39	20.49	22.00	12038723	580848576.00
2015/05/26	22.41	24.22	21.85	24.20	14996488	770871168.00
2015/05/27	24.20	25.12	23.29	23.94	14440585	782086144.00
2015/05/28	23.90	24.98	21.51	21.52	12849655	673645632.00
2015/05/29	21.63	23.36	20.89	23.27	12160942	607662464.00
2015/06/01	23.81	25.63	23.76	25.63	12458326	693811584.00
2015/06/02	26.09	28.23	25.70	28.23	13862831	841532160.00
2015/06/03	28.96	29.91	27.72	28.12	17909048	886042752.00
2015/06/04	28.09	28.09	25.28	26.43	17529845	786249216.00
2015/06/05	26.85	28.20	26.22	26.90	16128516	754750464.00
2015/06/08	26.91	26.91	24.75	25.46	12580075	547443584.00
2015/06/09	25.31	26.13	25.13	25.53	9358288	409560032.00
2015/06/10	25.25	26.29	24.75	25.90	12324123	539351680.00
2015/06/11	26.02	28.03	25.43	27.80	15712486	711774784.00
2015/06/12	27.86	28.02	27.03	27.14	13756843	642394240.00
2015/06/15	27.50	28.07	26.85	27.06	16526005	774729280.00
2015/06/16	26.67	26.67	24.32	24.33	18778088	798898560.00
2015/06/17	24.19	24.54	22.06	24.42	14737430	588191296.00
2015/06/18	24.19	24.19	22.44	22.74	10624795	427550016.00
2015/06/19	21.75	22.96	21.11	21.99	9765146	374421984.00
2015/06/23	22.29	23.93	20.40	23.69	11808156	456278848.00
2015/06/24	24.01	24.48	23.12	23.92	14354623	589954048.00
2015/06/25	23.90	24.30	22.17	22.65	10751690	432407008.00
2015/06/26	21.83	22.10	20.35	20.35	9807016	351287808.00
2015/06/29	20.87	20.87	18.29	18.29	14705795	473485600.00
2015/06/30	17.32	19.39	16.43	19.22	17154183	527497312.00
2015/07/01	18.85	19.94	17.26	17.26	14033886	459029792.00
2015/07/02	17.38	17.45	15.51	15.51	15549938	436811360.00
2015/07/03	14.50	16.31	13.93	14.13	21002380	528432352.00
2015/07/06	15.57	15.57	12.71	14.49	23109361	573497344.00
2015/07/07	13.83	13.94	13.01	13.01	15428482	352845888.00
2015/07/08	11.68	14.25	11.68	13.96	55792445	1253579904.00
2015/07/09	13.98	15.38	13.98	15.38	16010592	416561696.00
2015/07/10	16.95	16.95	16.95	16.95	1781059	51953492.00
2015/07/13	18.68	18.68	18.68	18.68	1124764	36093676.00
2015/07/14	20.58	20.58	20.39	20.58	18877110	666188736.00
2015/07/15	20.16	22.44	19.81	21.32	48896837	1778381952.00
2015/07/16	21.30	23.48	19.38	23.48	35966527	1367598720.00
2015/07/17	23.93	25.86	23.88	25.86	22820763	986268032.00
2015/07/20	27.38	28.48	25.87	28.47	57550575	2723889664.00
2015/07/21	26.49	28.09	26.38	27.00	41587789	1938399360.00
2015/07/22	26.67	29.62	26.67	27.84	46566845	2243521536.00
2015/07/23	27.33	29.10	26.14	28.10	39610375	1859064448.00
2015/07/24	27.51	30.94	27.51	30.34	56281124	2886744576.00
2015/07/27	29.28	30.81	27.28	27.28	44016875	2193542144.00
2015/07/28	24.84	28.73	24.52	26.30	43905151	1945676032.00
2015/07/29	27.30	28.97	26.18	28.97	43377301	2056992256.00
2015/07/30	30.15	31.90	29.75	31.11	59675113	3199512320.00
2015/07/31	29.60	30.46	27.97	27.97	49787576	2460679424.00
2015/08/03	26.02	26.32	25.14	25.14	23841758	1041001408.00
2015/08/04	24.60	27.68	24.55	27.68	45884421	2120826624.00
2015/08/05	28.57	29.10	26.29	27.35	53060456	2528212992.00
2015/08/06	26.13	27.43	25.43	25.72	27817966	1248194048.00
2015/08/07	26.44	26.88	25.74	26.73	23876702	1074698624.00
2015/08/10	27.26	29.28	26.67	28.83	35029821	1685708288.00
2015/08/11	28.09	29.25	27.32	27.99	34895396	1683325056.00
2015/08/12	29.28	30.16	27.80	27.83	33527042	1651501824.00
2015/08/13	26.97	28.09	26.25	28.07	26999926	1251480960.00
2015/08/14	28.15	29.04	26.92	28.10	27688073	1323149824.00
2015/08/17	27.80	30.75	27.31	29.57	43195555	2185184768.00
2015/08/18	29.29	29.55	26.58	26.58	36462444	1717951488.00
2015/08/19	25.21	27.00	23.94	26.35	24339487	1068285760.00
2015/08/20	26.20	26.20	23.94	23.95	17363209	742110336.00
2015/08/21	23.32	25.37	22.77	23.06	19977039	818492544.00
2015/08/24	22.15	22.15	20.72	20.72	9826248	353457152.00
2015/08/25	18.62	19.37	18.62	18.62	17017352	547708096.00
2015/08/26	18.62	19.32	16.72	16.72	27253516	832575232.00
2015/08/27	17.65	18.43	17.62	18.43	13133756	414961792.00
2015/08/28	20.30	20.30	20.30	20.30	1088940	37938668.00
2015/08/31	22.36	22.36	21.38	22.36	59021177	2239130368.00
2015/09/01	20.99	21.57	20.10	20.10	42968182	1515936256.00
2015/09/02	18.33	21.15	18.06	18.94	36549824	1202505216.00
2015/09/07	19.09	20.70	17.01	17.29	41360364	1321556608.00
2015/09/08	16.97	19.06	16.13	18.98	30833308	915547200.00
2015/09/09	18.98	20.79	18.62	19.45	52199664	1758593152.00
2015/09/10	18.74	20.62	18.57	19.71	43337717	1477793408.00
2015/09/11	19.33	19.93	19.07	19.41	21080084	702316928.00
2015/09/14	19.90	20.03	17.43	17.43	26801439	841634432.00
2015/09/15	16.85	17.33	15.66	15.66	23186150	654611392.00
2015/09/16	15.96	17.26	15.84	17.26	26389684	750476160.00
2015/09/17	17.44	18.38	16.84	16.94	32973298	1008140032.00
2015/09/18	17.17	18.30	16.94	17.90	25165802	763134592.00
2015/09/21	17.74	19.72	17.38	19.72	31505886	1027012544.00
2015/09/22	19.81	20.37	19.10	19.60	32092770	1091402496.00
2015/09/23	18.99	20.37	18.96	19.78	25683963	873466560.00
2015/09/24	19.93	21.11	19.92	20.13	23536543	824937088.00
2015/09/25	20.07	20.22	18.57	18.93	19275264	643063296.00
2015/09/28	19.22	19.57	18.57	19.43	14734705	485700672.00
2015/09/29	18.93	19.30	18.57	18.76	11082019	360850400.00
2015/09/30	19.13	20.67	19.11	20.65	33116442	1143371008.00
2015/10/08	21.52	22.10	20.98	21.30	29188603	1078125184.00
2015/10/09	21.29	22.48	21.06	21.43	21153092	789527552.00
2015/10/12	21.64	22.77	21.53	22.17	25985926	989754624.00
2015/10/13	21.88	23.00	21.82	22.80	20402687	782081728.00
2015/10/14	22.84	23.45	21.70	21.94	19955127	773664704.00
2015/10/15	21.66	22.71	21.66	22.65	17224689	656302976.00
2015/10/16	22.76	23.07	22.19	22.64	18849373	731053952.00
2015/10/19	22.71	23.18	21.88	22.15	16488396	633894464.00
2015/10/20	22.12	22.85	22.03	22.71	16679245	643345472.00
2015/10/21	22.68	22.71	20.41	20.41	26559454	977219520.00
2015/10/22	20.52	21.72	20.12	21.41	18782619	675420608.00
2015/10/23	21.35	21.80	20.87	21.57	19918189	725205504.00
2015/10/26	21.99	22.90	21.17	22.47	24205604	913635328.00
2015/10/27	22.15	24.54	21.69	24.19	33359945	1316693888.00
2015/10/28	23.96	24.41	22.71	22.88	26515326	1075610112.00
2015/10/29	23.36	24.17	22.94	23.42	19856347	803175616.00
2015/10/30	23.29	23.94	22.62	23.16	15843306	632890496.00
2015/11/02	22.70	23.69	22.49	22.65	14629243	581474944.00
2015/11/03	23.06	23.58	22.64	23.41	15057096	597203712.00
2015/11/04	23.59	24.71	23.48	24.54	19221516	795642112.00
2015/11/05	24.54	24.64	23.59	23.95	21944200	906816640.00
2015/11/06	23.96	24.78	23.77	24.40	20818903	865694912.00
2015/11/09	24.04	24.28	23.19	23.93	27878896	1130855552.00
2015/11/10	23.77	24.24	23.49	23.81	17028555	696365440.00
2015/11/11	23.68	24.08	23.36	23.92	15845397	641816000.00
2015/11/12	24.22	25.12	23.96	24.72	27671312	1167057152.00
2015/11/13	24.45	24.45	23.36	23.59	17879914	728885440.00
2015/11/16	22.78	23.89	22.78	23.87	11009300	441091168.00
2015/11/17	23.96	25.10	23.74	23.87	20983517	875514304.00
2015/11/18	23.71	24.43	23.36	23.38	12273093	501119872.00
2015/11/19	23.46	24.16	23.24	24.05	9522410	386051008.00
2015/11/20	24.15	24.75	24.07	24.25	16646594	695199936.00
2015/11/23	24.42	24.99	23.87	23.94	15010080	628937664.00
2015/11/24	23.94	24.12	23.39	23.87	8802253	356298656.00
2015/11/25	24.46	24.53	23.96	24.20	13882479	575863296.00
2015/11/26	24.25	26.65	23.51	25.81	40066091	1750837248.00
2015/11/27	26.20	26.64	24.01	24.29	35073641	1545646720.00
2015/11/30	23.88	24.79	22.41	23.65	20336638	825256064.00
2015/12/01	23.68	24.54	23.36	23.80	13970896	574542208.00
2015/12/02	23.66	23.67	22.41	23.06	11406328	449887424.00
2015/12/03	23.12	23.65	22.64	23.39	12857993	507705088.00
2015/12/04	23.35	23.35	22.51	22.65	14043038	549229504.00
2015/12/07	22.77	23.09	22.33	22.84	8826202	343916384.00
2015/12/08	22.84	23.06	22.19	22.62	10765808	417285216.00
2015/12/09	22.47	23.23	22.40	22.77	12009802	469155584.00
2015/12/10	22.86	23.10	22.35	22.35	9049070	351816256.00
2015/12/11	22.28	22.57	22.12	22.29	6137252	235178928.00
2015/12/14	22.12	22.97	21.80	22.81	8193576	312920768.00
2015/12/15	22.77	22.99	22.70	22.79	8441991	330254880.00
2015/12/16	22.80	23.21	22.67	22.97	9632135	377844992.00
2015/12/17	23.06	23.36	23.00	23.23	12366020	491646080.00
2015/12/18	23.24	23.42	22.87	22.94	9938679	394001216.00
2015/12/21	22.77	23.65	22.76	23.39	11763503	469849184.00
2015/12/22	23.42	23.54	22.93	23.30	9672662	384533248.00
2015/12/23	23.28	23.51	22.83	22.83	9300047	368625184.00
2015/12/24	22.77	22.88	22.06	22.27	7780999	297905824.00
2015/12/25	22.26	22.51	22.26	22.42	4678092	179319360.00
2015/12/28	22.54	22.62	21.94	21.94	6764207	258736880.00
2015/12/29	21.94	22.10	21.79	22.03	4452746	167478672.00
2015/12/30	22.17	22.73	22.03	22.49	8415962	323931296.00
2015/12/31	22.60	22.75	22.15	22.15	6155228	236967216.00
2016/01/04	22.61	22.94	20.10	20.38	8688399	329333056.00
2016/01/05	19.68	21.40	19.38	21.20	11724437	418915392.00
2016/01/06	21.23	22.16	20.99	21.91	10739596	397288800.00
2016/01/07	21.49	21.49	19.72	19.87	2843400	101133536.00
2016/01/08	20.47	20.88	18.98	20.03	7961812	276329952.00
2016/01/11	19.51	19.69	18.00	18.00	10876220	347240192.00
2016/01/12	18.06	18.25	17.30	17.60	8783777	268425408.00
2016/01/13	17.68	18.57	17.44	17.50	9290213	288428224.00
2016/01/14	17.03	18.72	16.88	18.45	10496034	324688192.00
2016/01/15	18.48	19.09	17.80	18.15	11685388	372487360.00
2016/01/18	17.74	18.68	17.71	18.67	8961905	283068800.00
2016/01/19	18.49	19.51	18.33	19.22	9369982	304422784.00
2016/01/20	18.98	19.39	18.49	18.70	9691760	314413888.00
2016/01/21	18.12	18.77	17.59	17.64	8443729	263416448.00
2016/01/22	18.03	18.34	17.26	18.13	8986163	276143712.00
2016/01/25	18.21	18.79	18.17	18.41	6390365	203449808.00
2016/01/26	18.07	18.50	16.61	16.85	7242948	220005232.00
2016/01/27	17.00	17.14	15.25	16.97	9994908	278070016.00
2016/01/28	16.52	16.75	15.65	15.99	6611603	186225504.00
2016/01/29	15.95	16.99	15.74	16.97	7664941	218674608.00
2016/02/01	16.80	17.26	16.26	16.56	6612531	191896304.00
2016/02/02	16.91	18.25	16.91	18.25	6648877	205266320.00
2016/02/03	18.62	19.51	18.61	19.22	22629055	740898880.00
2016/02/04	18.95	20.13	18.79	19.41	16222455	542402944.00
2016/02/05	19.29	19.51	18.94	19.01	7611770	250744544.00
2016/02/15	18.15	19.80	18.15	19.37	10047992	333152832.00
2016/02/16	19.60	20.13	19.23	19.92	11382646	386740096.00
2016/02/17	19.86	20.70	19.75	20.53	14371453	499913120.00
2016/02/18	20.58	20.73	19.81	19.89	10126412	347645472.00
2016/02/19	19.86	20.07	19.57	19.75	7808879	265227664.00
2016/02/22	20.07	20.13	19.79	20.01	6961749	238264592.00
2016/02/23	19.91	20.01	19.33	19.53	6325989	213207760.00
2016/02/24	19.49	19.81	19.12	19.61	6349890	212766656.00
2016/02/25	19.57	19.57	17.61	17.62	10124282	321219488.00
2016/02/26	18.13	18.30	17.59	18.15	8116852	250714176.00
2016/02/29	18.12	18.18	16.86	17.74	7269037	216901024.00
2016/03/01	17.71	18.50	17.45	18.24	7555118	235845568.00
2016/03/02	18.36	19.22	18.04	19.17	8610511	276791584.00
2016/03/03	19.22	19.47	18.86	18.91	9642964	317416512.00
2016/03/04	18.71	19.30	17.67	18.59	10658602	337040896.00
2016/03/07	18.38	18.81	18.27	18.48	7869632	251150000.00
2016/03/08	18.28	18.36	17.44	18.16	6338585	194142896.00
2016/03/09	17.80	18.48	17.59	17.74	5243955	162463872.00
2016/03/10	17.88	17.89	17.45	17.46	3864040	117132256.00
2016/03/11	17.46	17.65	17.29	17.57	4462423	134481200.00
2016/03/14	17.86	18.54	17.71	18.24	9014440	282217920.00
2016/03/15	18.21	18.33	17.96	18.07	4888597	152628112.00
2016/03/16	18.12	18.30	17.61	17.68	4126235	126796048.00
2016/03/17	17.86	18.78	17.68	18.51	7998901	250843264.00
2016/03/18	18.62	19.43	18.53	19.22	11601733	380277792.00
2016/03/21	19.47	19.62	19.22	19.52	11174738	372465248.00
2016/03/22	19.36	21.50	19.17	20.69	27934536	1006532800.00
2016/03/23	20.28	20.51	19.79	20.31	15329318	529668992.00
2016/03/24	20.18	20.75	19.99	19.99	14236123	498428576.00
2016/03/25	19.72	20.31	19.65	19.97	7532942	258334464.00
2016/03/28	20.40	20.67	19.57	19.72	9278522	321409952.00
2016/03/29	19.74	19.80	19.03	19.19	7624941	253126016.00
2016/03/30	19.47	21.14	19.47	20.97	24204557	851920960.00
2016/03/31	20.78	21.17	20.49	20.84	17198573	613957824.00
2016/04/01	20.70	21.04	20.38	20.73	9874856	350445088.00
2016/04/05	20.74	21.94	20.72	21.36	14615414	536358432.00
2016/04/06	21.35	21.57	21.14	21.47	8964092	328496928.00
2016/04/07	21.41	21.47	20.72	20.75	8170697	294223776.00
2016/04/08	20.65	20.75	20.06	20.40	7301012	255124096.00
2016/04/11	20.55	20.97	20.55	20.65	6031184	214808688.00
2016/04/12	20.63	20.83	20.29	20.75	5527949	195334592.00
2016/04/13	20.87	21.34	20.58	20.94	11078507	398883072.00
2016/04/14	20.96	21.19	20.71	20.96	6236907	224432016.00
2016/04/15	21.64	22.65	21.64	21.71	20646523	777772352.00
2016/04/18	21.46	22.29	21.38	21.81	14212331	535967648.00
2016/04/19	22.08	22.16	21.27	21.35	11786596	435482272.00
2016/04/20	21.43	21.97	20.18	21.39	15918088	578323648.00
2016/04/21	21.14	21.36	20.58	20.77	8348775	300627392.00
2016/04/22	20.75	21.14	20.58	20.90	5208426	186393904.00
2016/04/25	20.78	20.89	20.33	20.49	6351656	223716512.00
2016/04/26	20.41	20.80	20.41	20.74	4895807	172899648.00
2016/04/27	20.80	21.40	20.70	21.35	9267690	336871872.00
2016/04/28	21.38	21.38	20.67	21.29	5540072	200456800.00
2016/04/29	21.06	21.80	21.01	21.54	8801862	324772000.00
2016/05/03	21.41	22.07	21.29	22.03	10256635	384673664.00
2016/05/04	21.88	22.46	21.83	22.00	9643456	367239456.00
2016/05/05	21.91	22.68	21.88	22.15	9388563	359035264.00
2016/05/06	22.19	22.42	21.11	21.12	9967661	369901216.00
2016/05/09	21.01	21.70	20.87	20.87	9112396	331677920.00
2016/05/10	20.81	21.45	20.81	21.20	7389328	268653632.00
2016/05/11	21.40	21.86	20.93	21.57	9614139	353910016.00
2016/05/12	21.29	22.34	21.18	22.31	11468429	431813440.00
2016/05/13	22.26	22.57	22.04	22.16	8623570	329252160.00
2016/05/16	21.99	23.13	21.94	23.10	12433854	484607040.00
2016/05/17	23.06	23.35	22.64	22.67	10448014	409814176.00
2016/05/18	22.51	22.52	21.59	22.00	8900769	336102144.00
2016/05/19	22.03	22.75	21.91	22.69	9023491	346246880.00
2016/05/20	22.46	23.17	22.35	22.50	9205744	358626400.00
2016/05/23	22.54	23.10	22.35	22.97	7683508	300421664.00
2016/05/24	22.78	22.90	22.30	22.42	5364474	207484272.00
2016/05/25	22.62	22.80	21.99	22.17	5200149	199049120.00
2016/05/26	22.17	22.73	21.81	22.71	5953289	227149616.00
2016/05/27	22.64	23.12	22.59	22.75	7133317	279612192.00
2016/05/30	22.56	22.59	22.06	22.16	5039122	192593120.00
2016/05/31	22.25	23.41	22.25	23.29	10326940	407483040.00
2016/06/01	23.30	24.94	23.30	24.07	15066391	621686016.00
2016/06/02	23.89	24.33	23.78	23.97	5930057	242168000.00
2016/06/03	24.13	24.88	24.00	24.46	10058697	422552192.00
2016/06/06	25.07	25.50	24.78	24.99	10441842	447396928.00
2016/06/07	24.81	25.09	24.43	24.99	6321691	267173680.00
2016/06/08	24.84	24.84	24.13	24.60	7583706	316172928.00
2016/06/13	24.36	25.61	23.95	23.98	9988995	423942560.00
2016/06/14	23.84	24.30	23.40	24.01	7831950	318867104.00
2016/06/15	23.65	25.49	23.65	25.48	10182037	434519808.00
2016/06/16	25.52	25.75	24.84	25.22	9842619	424901248.00
2016/06/17	25.25	25.58	24.84	25.18	7082886	304264352.00
2016/06/20	25.19	25.64	24.88	25.59	6284836	271804352.00
2016/06/21	25.67	26.30	24.93	25.08	9318105	409383264.00
2016/06/22	24.83	25.19	24.63	25.16	6139715	260513680.00
2016/06/23	25.07	25.28	24.78	25.07	5135662	219581696.00
2016/06/24	25.07	25.43	24.00	24.60	7666829	324157792.00
2016/06/27	24.58	25.94	24.58	25.84	9217631	399657600.00
2016/06/28	25.78	25.89	25.32	25.62	8041911	350156576.00
2016/06/29	25.72	25.87	25.30	25.37	5982058	260035712.00
2016/06/30	25.43	25.52	25.02	25.38	5144127	221612384.00
2016/07/01	25.36	25.76	25.02	25.08	8057332	348415936.00
2016/07/04	24.87	25.75	24.79	25.65	9737284	422118784.00
2016/07/05	25.78	26.35	25.13	25.22	15632331	687465536.00
2016/07/06	25.04	25.31	24.89	24.99	8041888	343999136.00
2016/07/07	25.03	25.24	24.90	25.01	6023272	257733472.00
2016/07/08	24.90	25.55	24.77	25.15	7422118	319266560.00
2016/07/11	25.29	25.89	25.20	25.40	10456294	457029280.00
2016/07/12	25.43	25.70	25.09	25.49	7245700	313155648.00
2016/07/13	25.55	26.65	25.49	26.49	15724528	702138432.00
2016/07/14	26.38	26.38	25.55	25.70	13746181	605541504.00
2016/07/15	25.74	25.80	25.12	25.26	7604204	328841504.00
2016/07/18	25.19	25.49	25.10	25.18	5357123	231681664.00
2016/07/19	25.13	25.26	24.45	24.84	6740326	284789472.00
2016/07/20	24.81	25.07	24.67	24.89	3408435	144761872.00
2016/07/21	24.88	25.13	24.73	24.92	3231036	137677968.00
2016/07/22	25.05	25.18	24.00	24.18	7876076	330873344.00
2016/07/25	24.13	24.39	23.88	24.00	5852061	241192512.00
2016/07/26	24.04	24.77	24.04	24.64	5956508	249775344.00
2016/07/27	24.59	24.85	23.18	23.82	8820088	362218240.00
2016/07/28	24.01	25.07	23.96	24.63	12849828	540185344.00
2016/07/29	24.61	25.06	24.46	24.83	6528837	276495872.00
2016/08/01	24.83	25.29	24.35	25.09	7366498	313373440.00
2016/08/02	25.07	25.18	24.75	25.14	4647110	198065376.00
2016/08/03	25.12	25.24	24.80	24.97	4034580	172757776.00
2016/08/04	24.93	25.26	24.80	25.16	4094400	175267424.00
2016/08/05	25.04	25.24	24.96	24.97	3260726	139805440.00
2016/08/08	24.90	26.08	24.84	25.94	10055155	437724064.00
2016/08/09	25.78	25.82	25.32	25.43	9390932	408194144.00
2016/08/10	25.43	25.67	25.26	25.37	4656596	202131824.00
2016/08/11	25.13	25.29	24.72	24.81	5492994	234659264.00
2016/08/12	24.90	25.09	24.77	24.98	2840010	120777496.00
2016/08/15	24.98	25.51	24.81	25.37	8271463	356288352.00
2016/08/16	25.37	25.55	25.30	25.48	5407642	234583632.00
2016/08/17	25.47	25.90	25.27	25.52	6461716	282541664.00
2016/08/18	25.45	25.58	25.08	25.22	4085304	176429760.00
2016/08/19	25.19	25.23	24.86	24.98	4258091	181723296.00
2016/08/22	25.01	25.17	24.67	24.72	3505955	148663056.00
2016/08/23	24.71	24.96	24.59	24.72	3019832	127710264.00
2016/08/24	24.66	25.11	24.66	24.75	3109785	132238672.00
2016/08/25	24.75	24.75	24.38	24.54	3337918	139986576.00
2016/08/26	24.74	24.81	24.36	24.36	4291498	180094464.00
2016/08/29	24.48	24.65	23.91	24.00	6499816	268084848.00
2016/08/30	24.06	24.45	23.94	24.23	4576005	189406720.00
2016/08/31	24.18	24.36	23.95	24.20	2905146	119639288.00
2016/09/01	23.88	23.89	23.22	23.51	10238880	410735456.00
2016/09/02	23.50	23.50	22.72	22.97	11182667	440580768.00
2016/09/05	23.00	23.38	22.76	23.28	5571098	220410736.00
2016/09/06	23.28	24.03	23.18	23.93	6490019	262683120.00
2016/09/07	23.89	24.13	23.81	23.99	4881892	200162416.00
2016/09/08	23.89	24.09	23.81	23.91	2826498	115669000.00
2016/09/09	23.90	24.01	23.33	23.36	5056910	203718032.00
2016/09/12	23.09	23.46	22.89	23.10	4761359	188645984.00
2016/09/13	23.19	23.75	23.09	23.33	3788842	151635952.00
2016/09/14	23.27	23.46	23.06	23.15	2332669	92541344.00
2016/09/19	23.37	23.51	23.19	23.33	2526063	100651216.00
2016/09/20	23.25	23.63	23.25	23.46	3157109	126352504.00
2016/09/21	23.46	23.68	23.34	23.52	2725555	109452192.00
2016/09/22	23.57	23.69	23.49	23.49	2678325	107921376.00
2016/09/23	23.49	23.49	23.10	23.18	4137878	164246128.00
2016/09/26	23.07	23.28	22.87	22.96	3437214	135687264.00
2016/09/27	23.00	23.23	22.94	23.14	2060812	81137336.00
2016/09/28	23.23	23.62	23.07	23.53	4374998	175433248.00
2016/09/29	23.57	23.57	23.35	23.54	3004732	120563072.00
2016/09/30	23.51	23.77	23.42	23.63	3096439	125065376.00
2016/10/10	23.72	24.18	23.60	24.16	5099185	208845952.00
2016/10/11	24.28	24.28	24.01	24.16	3209885	132258768.00
2016/10/12	24.09	24.16	23.77	23.98	2744234	112365656.00
2016/10/13	23.97	24.09	23.74	23.77	3549881	144459616.00
2016/10/14	23.76	23.88	23.39	23.43	3934328	158042208.00
2016/10/17	23.61	23.71	23.35	23.41	3435707	137643120.00
2016/10/18	23.39	23.89	23.30	23.87	4067325	164549840.00
2016/10/19	23.81	23.93	23.57	23.91	4300128	174304560.00
2016/10/20	23.97	24.14	23.88	23.95	5224703	214000464.00
2016/10/21	23.95	23.95	23.33	23.41	4862269	195380960.00
2016/10/24	23.43	23.59	23.29	23.51	3499741	140115744.00
2016/10/25	23.49	23.59	23.31	23.31	4120561	164716784.00
2016/10/26	23.35	23.45	23.09	23.12	3447722	136579248.00
2016/10/27	23.12	23.39	23.01	23.29	3042586	120431648.00
2016/10/28	23.02	23.46	22.99	23.09	9578949	379162112.00
2016/10/31	23.02	23.02	22.38	22.49	7853603	302690464.00
2016/11/01	22.58	22.86	22.46	22.77	3636899	141010240.00
2016/11/02	22.74	22.88	22.59	22.71	2865129	111353056.00
2016/11/03	22.71	22.92	22.45	22.81	4577061	177618848.00
2016/11/04	22.75	23.09	22.55	22.75	4059793	157703472.00
2016/11/07	22.62	22.80	22.48	22.59	3648315	140791744.00
2016/11/08	22.77	22.88	22.58	22.59	3154580	122223672.00
2016/11/09	22.63	22.70	22.12	22.27	4819552	184124144.00
2016/11/10	22.35	22.52	22.30	22.42	5108853	195869120.00
2016/11/11	22.41	22.44	22.12	22.33	5028177	191397232.00
2016/11/14	22.35	22.79	22.35	22.59	5918519	228557072.00
2016/11/15	22.59	22.62	22.33	22.50	4318412	165482896.00
2016/11/16	22.55	22.70	22.49	22.68	5036592	194628832.00
2016/11/17	22.68	22.68	22.39	22.54	3081716	118464560.00
2016/11/18	22.57	22.59	22.39	22.43	2157297	82880544.00
2016/11/21	22.17	22.17	21.53	21.84	11789231	438778144.00
2016/11/22	21.84	21.84	21.56	21.69	5960141	220873488.00
2016/11/23	21.70	21.97	21.70	21.80	5824821	217738656.00
2016/11/24	21.81	21.88	21.65	21.65	3444299	128205648.00
2016/11/25	21.64	22.13	21.58	22.00	5435614	203602832.00
2016/11/28	22.02	22.52	22.02	22.34	6356266	242852544.00
2016/11/29	22.34	22.57	22.17	22.23	4300721	164471904.00
2016/11/30	22.23	22.29	22.00	22.00	3199763	120960968.00
2016/12/01	22.07	22.16	21.89	21.95	2903662	109189008.00
2016/12/02	21.95	22.00	21.61	21.64	3346704	124337512.00
2016/12/05	21.55	22.32	21.41	22.16	6564369	248049216.00
2016/12/06	22.21	22.71	22.16	22.20	5809901	223193104.00
2016/12/07	22.23	22.52	22.23	22.47	3994206	153067216.00
2016/12/08	22.56	22.56	22.17	22.22	3105299	118462296.00
2016/12/09	22.30	22.47	22.18	22.25	2418696	92165576.00
2016/12/12	22.25	22.35	21.26	21.39	6378598	235685024.00
2016/12/13	21.42	21.99	21.11	21.75	3798816	140393728.00
2016/12/14	21.83	22.02	21.36	21.70	4829808	179202800.00
2016/12/15	21.59	22.01	21.50	21.70	5126366	190759888.00
2016/12/16	21.75	21.97	21.71	21.79	3201555	119574768.00
2016/12/19	21.90	21.90	21.34	21.38	3323336	122336024.00
2016/12/20	21.40	21.51	21.02	21.08	3899930	141243008.00
2016/12/21	21.11	21.34	21.09	21.33	3081537	111797632.00
2016/12/22	21.33	21.35	20.99	21.13	2961538	106905552.00
2016/12/23	21.13	21.25	20.70	20.73	3788043	135632160.00
2016/12/26	20.71	20.78	20.39	20.78	4447657	156145328.00
2016/12/27	20.78	20.92	20.67	20.77	3580208	127387120.00
2016/12/28	20.77	21.09	20.77	20.91	3346920	119881752.00
2016/12/29	20.94	21.52	20.94	21.22	8182532	298958336.00
2016/12/30	21.23	21.60	21.22	21.22	4518325	165300656.00
2017/01/03	21.52	22.67	21.26	22.41	13012074	493960064.00
2017/01/04	22.50	22.78	22.23	22.62	8883630	343252256.00
2017/01/05	22.53	23.20	22.38	22.80	9893112	386789984.00
2017/01/06	22.83	23.39	22.67	22.72	10055931	397417696.00
2017/01/09	22.68	23.48	22.56	23.35	10887655	430408320.00
2017/01/10	23.33	23.86	22.94	23.16	8494263	339355840.00
2017/01/11	23.00	23.55	22.59	22.71	5975284	234909296.00
2017/01/12	22.72	23.10	22.54	22.68	3921571	152535392.00
2017/01/13	22.69	22.83	22.22	22.22	5032232	193535232.00
2017/01/16	22.14	22.71	21.23	22.33	6673496	254084672.00
2017/01/17	22.35	22.68	22.12	22.67	4713775	180399872.00
2017/01/18	22.59	22.70	22.30	22.32	3287605	126460792.00
2017/01/19	22.17	22.70	22.12	22.69	4788749	184321168.00
2017/01/20	22.67	23.05	22.53	22.86	4044600	157940512.00
2017/01/23	23.35	23.46	22.71	22.77	5427075	214083408.00
2017/01/24	22.64	23.40	22.59	23.36	6842875	270992640.00
2017/01/25	23.30	23.48	23.13	23.36	4454274	177760288.00
2017/01/26	23.40	23.44	23.18	23.41	2609016	104165176.00
2017/02/03	23.59	23.59	23.18	23.24	3271849	130874000.00
2017/02/06	23.28	23.37	23.02	23.35	3675911	145723712.00
2017/02/07	23.32	23.58	23.12	23.57	5548611	222196960.00
2017/02/08	23.51	23.57	23.22	23.53	3327832	133011752.00
2017/02/09	23.52	23.69	23.35	23.38	3765585	150849568.00
2017/02/10	23.35	23.48	22.76	22.81	5848327	230824416.00
2017/02/13	22.82	23.05	22.81	22.87	3225817	126207656.00
2017/02/14	22.93	23.16	22.66	22.81	4370533	171090992.00
2017/02/15	22.94	22.94	22.46	22.48	3452157	133695984.00
2017/02/16	22.68	22.69	22.46	22.67	2833243	109248256.00
2017/02/17	22.74	22.77	22.40	22.53	3140749	121059944.00
2017/02/20	22.70	23.18	22.57	22.99	5822544	228317472.00
2017/02/21	23.11	23.11	22.77	22.91	3706295	144845744.00
2017/02/22	22.84	22.91	22.60	22.69	3836606	149075600.00
2017/02/23	22.65	22.70	22.26	22.52	6895858	264088544.00
2017/02/24	22.55	22.83	22.42	22.81	4757811	184396816.00
2017/02/27	22.81	22.84	22.37	22.39	3723527	143629760.00
2017/02/28	22.38	22.81	22.37	22.62	3770716	145599392.00
2017/03/01	22.59	23.38	22.47	23.30	10050096	396775680.00
2017/03/02	23.19	23.35	23.01	23.18	4748208	187693952.00
2017/03/03	23.12	23.74	23.10	23.49	9458757	379651936.00
2017/03/06	23.58	23.64	23.39	23.59	5144107	206551280.00
2017/03/07	23.59	23.59	23.11	23.30	4895429	194649216.00
2017/03/08	23.29	23.58	23.16	23.24	3515281	140250512.00
2017/03/09	23.19	23.25	22.94	23.13	3185165	125519656.00
2017/03/10	23.14	23.41	23.01	23.21	3629623	144087408.00
2017/03/13	23.09	24.08	23.09	24.04	10067861	407615872.00
2017/03/14	24.01	24.03	23.67	23.78	6302936	256293232.00
2017/03/15	23.68	23.95	23.58	23.80	4110723	166703552.00
2017/03/16	23.93	23.93	23.24	23.58	9460270	380005344.00
2017/03/17	23.46	23.55	23.14	23.16	6830061	271965600.00
2017/03/20	23.15	23.29	22.96	23.16	3686338	145634336.00
2017/03/21	23.15	23.15	22.83	23.06	5267432	206735168.00
2017/03/22	22.99	23.03	22.75	22.93	4538985	177335648.00
2017/03/23	23.01	23.33	22.91	23.22	5392949	213320512.00
2017/03/24	23.26	23.30	23.06	23.26	3933211	155875168.00
2017/03/27	23.30	23.34	23.16	23.29	5854333	232414400.00
2017/03/28	23.26	23.39	22.92	22.93	4740857	187715024.00
2017/03/29	22.93	23.17	22.90	22.96	3776759	148403984.00
2017/03/30	22.49	22.49	21.65	22.06	12212262	461742016.00
2017/03/31	22.00	22.23	21.95	22.17	5431306	205176272.00
2017/04/05	22.11	22.80	22.06	22.68	4536201	174149984.00
2017/04/06	22.62	22.93	22.55	22.76	3150324	122434048.00
2017/04/07	22.70	23.52	22.65	23.31	7065018	280979392.00
2017/04/10	23.43	23.47	23.07	23.18	3477457	138157136.00
2017/04/11	23.12	24.19	23.12	24.00	13226492	538347968.00
2017/04/12	24.01	24.18	23.46	23.53	7074347	288183648.00
2017/04/13	23.51	23.70	23.09	23.36	4429401	176133168.00
2017/04/14	23.36	23.65	22.84	22.91	4350928	172332368.00
2017/04/17	22.96	23.14	22.54	22.94	3282464	128341864.00
2017/04/18	23.05	23.12	22.67	22.68	2877229	112967784.00
2017/04/19	22.70	23.00	22.38	22.99	3471786	134791104.00
2017/04/20	22.93	23.07	22.33	22.62	3685342	142926336.00
2017/04/21	22.68	22.83	22.24	22.29	2809809	108241584.00
2017/04/24	22.27	22.55	21.94	22.23	4184988	159053648.00
2017/04/25	22.34	22.45	22.07	22.26	3074590	117028976.00
2017/04/26	22.35	22.63	22.12	22.17	3448300	131921480.00
2017/04/27	22.13	22.48	21.81	22.39	4107446	155576768.00
2017/04/28	22.39	22.39	21.75	22.15	7477756	280608800.00
2017/05/02	22.07	22.07	21.72	21.86	4867086	181564608.00
2017/05/03	21.86	22.03	21.71	21.92	2800970	104882008.00
2017/05/04	21.97	22.02	21.72	21.75	3269204	122097592.00
2017/05/05	21.91	22.00	21.22	21.25	6538521	240222800.00
2017/05/08	21.23	21.25	20.53	20.96	5384136	191831760.00
2017/05/09	20.87	21.54	20.72	21.51	5948368	215433872.00
2017/05/10	21.46	21.71	21.29	21.37	3824341	140690848.00
2017/05/11	21.17	21.62	21.05	21.48	3574003	130415904.00
2017/05/12	21.56	21.77	21.38	21.62	3115462	88456480.00
2017/05/15	21.64	21.96	21.41	21.54	3519439	100494712.00
2017/05/16	21.54	22.00	21.42	21.92	3624172	103311064.00
2017/05/17	21.96	22.28	21.96	22.12	3484280	101340432.00
2017/05/18	22.04	22.05	21.54	21.54	4312467	123211816.00
2017/05/19	21.54	21.96	21.54	21.78	2877393	82172560.00
2017/05/22	21.75	22.19	21.58	21.78	4591720	132453992.00
2017/05/23	21.77	21.85	21.15	21.22	5099384	144201280.00
2017/05/24	21.22	21.72	20.47	21.35	3194223	88627728.00
2017/05/25	21.35	21.60	21.12	21.22	4487938	125569384.00
2017/05/26	21.23	21.43	21.10	21.18	3757964	104682512.00
2017/05/31	21.33	21.49	21.12	21.18	2101710	58799624.00
2017/06/01	21.18	21.26	20.96	20.96	2358247	65353760.00
2017/06/02	20.88	21.45	20.79	21.34	2113245	58456928.00
2017/06/05	21.47	22.04	21.47	21.96	4059263	116453440.00
2017/06/06	21.87	22.15	21.82	21.99	2676396	77329304.00
2017/06/07	22.00	22.33	21.94	22.18	5331115	155131248.00
2017/06/08	22.18	22.32	22.00	22.06	2808235	81593288.00
2017/06/09	22.02	22.45	22.00	22.38	4434959	129877440.00
2017/06/12	22.37	23.02	22.28	22.44	6129763	182759760.00
2017/06/13	22.42	23.23	22.42	23.10	7094051	213850256.00
2017/06/14	22.95	23.58	22.91	23.15	8007971	245335232.00
2017/06/15	23.27	23.52	22.81	23.00	4297143	130202536.00
2017/06/16	22.88	23.15	22.73	22.88	4820764	144826272.00
2017/06/19	22.81	23.93	22.81	23.58	9401575	289989600.00
2017/06/20	23.65	23.96	23.50	23.72	5135039	159635264.00
2017/06/21	23.95	23.95	23.18	23.51	6075398	186386608.00
2017/06/22	23.44	23.75	23.14	23.14	6216261	191032128.00
2017/06/23	23.16	23.22	22.59	23.05	5645757	169277088.00
2017/06/26	23.10	23.45	22.97	23.31	7454583	227622672.00
2017/06/27	23.44	24.12	23.35	24.04	12825709	401029728.00
2017/06/28	23.88	24.07	23.62	23.68	6810847	212265168.00
2017/06/29	23.64	23.97	23.58	23.78	6201588	193254544.00
2017/06/30	23.75	23.82	23.55	23.80	4423046	137360864.00
2017/07/03	23.82	24.93	23.77	24.68	14093436	454110176.00
2017/07/04	24.59	25.08	24.56	24.65	6604783	214464784.00
2017/07/05	24.72	25.82	24.55	25.69	10751115	355576384.00
2017/07/06	25.67	26.31	25.47	25.87	10621624	360920032.00
2017/07/07	25.88	26.25	25.49	25.88	6468362	219208768.00
2017/07/10	26.04	26.61	25.18	25.20	8228285	277445824.00
2017/07/11	25.27	25.72	25.12	25.48	8228853	274539936.00
2017/07/12	25.38	25.72	25.03	25.55	5613588	186253184.00
2017/07/13	25.57	25.72	25.20	25.33	5040636	167915008.00
2017/07/14	25.19	25.62	24.59	25.53	5385401	177072656.00
2017/07/17	25.42	25.48	24.46	24.93	8170062	267583680.00
2017/07/18	24.93	25.12	24.33	24.69	8250497	266590976.00
2017/07/19	24.79	26.18	24.47	26.00	8252206	277326784.00
2017/07/20	25.95	26.41	25.66	25.96	4673997	158895424.00
2017/07/21	25.97	26.18	25.72	25.88	3399451	115587160.00
2017/07/24	25.88	27.22	25.77	27.22	11698896	409239104.00
2017/07/25	27.42	27.47	26.48	26.65	8955729	314359744.00
2017/07/26	26.52	26.91	25.91	26.35	6075585	209012288.00
2017/07/27	26.25	26.68	25.81	26.55	6522878	224253360.00
2017/07/28	26.42	26.75	26.05	26.22	4072501	140994976.00
2017/07/31	26.57	27.15	26.06	26.26	8194869	285262368.00
2017/08/01	26.28	26.48	25.61	25.61	9858032	333466016.00
2017/08/02	25.81	25.95	25.19	25.25	8362436	279423552.00
2017/08/03	25.19	25.54	24.75	25.05	5604590	184335040.00
2017/08/04	25.08	26.62	25.08	25.87	13158157	447120256.00
2017/08/07	25.88	25.92	25.44	25.58	5246415	176015184.00
2017/08/08	25.58	25.86	25.29	25.62	4127977	138293584.00
2017/08/09	25.45	25.70	25.32	25.36	2816193	93726472.00
2017/08/10	25.33	25.80	25.29	25.48	3919409	130938128.00
2017/08/11	25.35	25.79	24.98	24.98	4357500	145092448.00
2017/08/14	25.02	25.63	24.72	25.52	4447115	147639968.00
2017/08/15	25.47	26.18	25.44	26.12	5774491	195834160.00
2017/08/16	26.04	26.47	25.71	26.24	6003430	205569760.00
2017/08/17	26.27	26.73	26.12	26.25	4837935	167901392.00
2017/08/18	26.25	26.35	25.86	25.92	3275844	112158040.00
2017/08/21	25.96	26.07	25.36	25.53	6190378	207388992.00
2017/08/22	25.48	25.62	25.39	25.50	2466551	82376224.00
2017/08/23	25.52	25.62	25.35	25.55	2179695	72721584.00
2017/08/24	25.58	25.62	25.05	25.16	2603325	86186392.00
2017/08/25	25.18	25.48	25.07	25.37	2518841	83536568.00
2017/08/28	25.28	25.86	25.28	25.69	4310333	144947984.00
2017/08/29	25.59	25.69	25.14	25.50	3589234	119298640.00
2017/08/30	25.50	25.66	25.28	25.65	2788667	93048248.00
2017/08/31	25.74	25.86	25.31	25.33	3625938	120785392.00
2017/09/01	25.32	25.45	25.17	25.32	3739775	123715376.00
2017/09/04	25.47	25.55	25.25	25.54	4688233	156011280.00
2017/09/05	25.55	26.73	25.39	26.28	7201692	245625504.00
2017/09/06	25.98	26.60	25.98	26.18	4099997	140791504.00
2017/09/07	26.19	26.38	25.62	25.65	3574066	121386728.00
2017/09/08	25.65	25.75	25.33	25.65	5575145	186084304.00
2017/09/11	25.65	26.17	25.52	26.15	6380245	216538960.00
2017/09/12	26.17	27.19	26.17	26.45	11728234	410375456.00
2017/09/13	26.32	26.58	26.04	26.06	4628078	158821904.00
2017/09/14	26.15	26.22	25.58	25.75	4223667	142964256.00
2017/09/15	25.64	26.55	25.58	26.38	6308044	214719664.00
2017/09/18	26.46	26.82	26.19	26.69	4557549	158512960.00
2017/09/19	26.69	26.77	25.79	26.04	5444838	187407376.00
2017/09/20	26.11	26.41	25.88	26.15	4375142	149706096.00
2017/09/21	26.06	26.65	26.02	26.62	4477223	155302816.00
2017/09/22	26.50	26.67	26.10	26.48	3439085	118793640.00
2017/09/25	26.45	27.09	26.42	26.69	6988522	245557040.00
2017/09/26	26.44	26.95	26.42	26.70	3734160	130193520.00
2017/09/27	26.62	29.02	26.54	28.42	14238941	520892224.00
2017/09/28	28.35	28.73	28.10	28.65	7079524	263242848.00
2017/09/29	28.58	28.80	28.27	28.42	5045786	188172880.00
2017/10/09	29.04	29.33	28.28	28.37	8688397	327010016.00
2017/10/10	28.35	28.65	27.88	28.46	5340370	197827888.00
2017/10/11	28.47	29.13	28.19	28.75	4811995	181289824.00
2017/10/12	28.65	30.23	28.60	29.77	10895303	423513120.00
2017/10/13	29.73	29.75	29.27	29.69	3315525	128111200.00
2017/10/16	29.65	30.38	29.19	30.03	7538367	294394496.00
2017/10/17	29.73	29.96	28.40	28.86	7672871	290456864.00
2017/10/18	28.74	29.16	28.61	28.95	3809091	143968080.00
2017/10/19	29.04	29.21	28.56	29.04	3081506	116531488.00
2017/10/20	29.02	29.02	28.18	28.77	4366272	162803008.00
2017/10/23	28.77	28.95	28.42	28.63	2735487	102458752.00
2017/10/24	28.65	29.04	28.37	28.94	2832025	106868904.00
2017/10/25	29.04	29.72	28.80	29.64	3530937	135949184.00
2017/10/26	29.58	30.27	29.17	29.58	3994941	155521568.00
2017/10/27	29.39	29.55	28.78	29.15	4626522	176030016.00
2017/10/30	29.03	29.03	28.14	28.50	4335347	161212192.00
2017/10/31	28.25	28.71	28.16	28.39	2609234	96955480.00
2017/11/01	28.42	28.50	27.27	27.62	7506205	272828896.00
2017/11/02	27.59	27.81	27.41	27.52	2945597	106497144.00
2017/11/03	27.49	27.95	27.48	27.80	3231997	117230448.00
2017/11/06	27.88	28.65	27.58	28.51	3839129	141527440.00
2017/11/07	28.69	29.12	28.35	28.85	3368172	126766784.00
2017/11/08	28.74	29.28	28.47	28.49	4624859	174415200.00
2017/11/09	28.58	28.58	27.80	28.42	3757976	138378672.00
2017/11/10	28.36	28.65	27.87	27.90	5260286	193997568.00
2017/11/13	28.04	29.48	27.85	29.23	10173925	381812576.00
2017/11/14	29.23	30.35	28.82	29.50	10439911	404843584.00
2017/11/15	29.69	30.33	29.24	29.78	6759856	263726048.00
2017/11/16	29.79	30.27	29.32	29.62	5429938	211448288.00
2017/11/17	29.63	29.80	28.64	28.67	5501772	208644400.00
2017/11/20	28.38	30.73	27.50	30.62	7812446	299317216.00
2017/11/21	30.38	31.25	30.23	31.11	7928388	318917792.00
2017/11/22	30.95	31.03	30.16	30.68	6556954	262760240.00
2017/11/23	30.69	30.73	28.78	29.00	7973825	307718304.00
2017/11/24	28.90	29.39	28.65	28.69	4140240	156598880.00
2017/11/27	28.27	29.33	28.27	28.64	3904683	147794976.00
2017/11/28	28.65	29.19	28.41	28.94	5237138	197710416.00
2017/11/29	28.70	29.03	27.65	28.12	5332121	196998784.00
2017/11/30	27.83	28.37	27.56	27.58	3399558	124495024.00
2017/12/01	27.54	28.32	27.50	27.58	4044672	147399568.00
2017/12/04	27.42	27.87	27.19	27.55	3857137	139295712.00
2017/12/05	27.81	28.24	26.88	26.88	4816717	174919200.00
2017/12/06	26.73	28.12	26.73	28.02	6127461	221342944.00
2017/12/07	28.02	28.77	27.82	28.27	6493760	241223136.00
2017/12/08	28.31	28.73	28.04	28.39	4378347	163042080.00
2017/12/11	28.42	28.75	28.40	28.58	3730989	139393984.00
2017/12/12	28.61	29.18	28.58	28.97	4145342	157091632.00
2017/12/13	28.96	29.25	28.67	29.03	3293098	124767144.00
2017/12/14	29.03	29.43	28.55	29.34	3795100	144404656.00
2017/12/15	29.33	29.47	28.86	28.95	3916291	149546704.00
2017/12/18	28.95	29.95	28.70	29.42	5003612	192572928.00
2017/12/19	29.43	30.19	29.42	30.11	5330777	208254784.00
2017/12/20	30.00	30.07	29.48	29.79	3173265	123615224.00
2017/12/21	29.79	30.47	29.58	30.17	4836825	190579088.00
2017/12/22	30.21	30.50	29.04	29.65	3579726	140257088.00
2017/12/25	29.62	30.19	29.14	29.53	4141439	160381472.00
2017/12/26	29.46	29.85	29.20	29.65	2432316	94156256.00
2017/12/27	29.61	29.93	29.23	29.28	2152814	83177104.00
2017/12/28	29.28	30.38	29.22	30.15	4350435	170921584.00
2017/12/29	29.83	30.64	29.83	30.10	3729098	147327984.00
2018/01/02	29.81	31.68	29.65	31.51	7733867	314081920.00
2018/01/03	31.57	31.63	30.58	30.83	8081063	327630304.00
2018/01/04	30.83	31.10	30.62	30.88	6477755	261569536.00
2018/01/05	30.73	30.73	30.15	30.19	6221881	246918912.00
2018/01/08	30.35	31.01	29.92	30.10	7392493	294812096.00
2018/01/09	29.93	30.55	29.29	29.46	8420595	327371168.00
2018/01/10	29.52	29.68	28.58	29.12	9793821	373591904.00
2018/01/11	29.09	29.26	28.42	29.03	6084001	229818464.00
2018/01/12	29.01	29.15	28.66	29.04	3666029	138823056.00
2018/01/15	29.04	29.08	27.42	27.67	10156010	373003808.00
2018/01/16	27.67	28.12	27.50	27.86	8970590	326179360.00
2018/01/17	27.85	28.88	27.27	28.43	7475254	274084480.00
2018/01/18	28.40	28.50	27.78	27.87	4262633	156576288.00
2018/01/19	28.12	28.72	27.88	28.15	5769807	214297536.00
2018/01/22	28.15	28.49	27.41	28.26	6718628	245465952.00
2018/01/23	28.25	28.75	27.89	28.56	4254579	157713280.00
2018/01/24	28.48	29.11	28.36	28.96	5183912	195366944.00
2018/01/25	28.98	29.19	28.67	28.72	6577651	249281232.00
2018/01/26	28.88	29.25	28.74	28.87	3707811	140890464.00
2018/01/29	28.62	29.30	28.50	29.04	5246711	199145568.00
2018/01/30	29.04	29.32	28.98	29.05	2657263	101236808.00
2018/01/31	28.81	29.00	27.50	27.98	5236247	192389312.00
2018/02/01	27.93	28.22	26.42	26.52	7620283	268802336.00
2018/02/02	26.73	27.35	25.68	26.31	6658695	232093472.00
2018/02/05	26.04	26.58	25.81	26.24	2748038	94443496.00
2018/02/06	26.12	26.12	23.96	25.95	8202750	272750624.00
2018/02/07	26.35	26.81	25.22	25.88	4513058	155561632.00
2018/02/08	25.73	26.81	25.58	26.55	5344041	186052096.00
2018/02/09	25.58	27.37	25.36	25.61	5996856	206539440.00
2018/02/12	25.85	26.48	25.22	26.19	4449941	151297808.00
2018/02/13	26.25	26.85	25.98	26.21	3401513	117854088.00
2018/02/14	26.22	26.58	26.02	26.28	1865547	64323840.00
2018/02/22	26.73	27.09	26.31	26.94	3933216	138428208.00
2018/02/23	26.94	27.22	26.38	26.67	3601233	125830680.00
2018/02/26	26.96	28.60	26.88	28.30	7703066	282858496.00
2018/02/27	28.54	29.54	28.31	29.03	9121588	344537728.00
2018/02/28	28.73	29.25	28.08	28.55	7830522	292198400.00
2018/03/01	28.31	28.97	28.12	28.60	4516226	169564848.00
2018/03/02	28.72	29.42	28.12	28.25	5715893	214999920.00
2018/03/05	28.35	29.23	28.35	28.95	8814102	334417088.00
2018/03/06	28.96	30.18	28.96	30.17	9057334	351841152.00
2018/03/07	29.92	30.42	29.53	29.91	5556037	218102192.00
2018/03/08	29.85	30.30	29.45	30.18	4730792	184653248.00
2018/03/09	30.10	30.73	29.74	30.48	5294917	210104256.00
2018/03/12	30.52	30.73	29.81	30.38	5420177	214449296.00
2018/03/13	30.27	30.27	29.60	29.69	3503969	136576064.00
2018/03/14	29.56	29.88	29.27	29.28	4005622	154545184.00
2018/03/15	29.19	29.90	29.05	29.43	3787266	146512432.00
2018/03/16	29.46	29.69	29.04	29.04	1894519	72828728.00
2018/03/19	29.15	29.90	29.15	29.73	3680199	142743984.00
2018/03/20	29.58	30.08	29.27	29.94	2788515	108480448.00
2018/03/21	30.11	31.24	29.82	30.35	7534307	302472256.00
2018/03/22	30.31	30.62	29.61	29.96	5798003	227555488.00
2018/03/23	28.96	30.54	28.76	29.35	5854738	227824784.00
2018/03/26	29.04	31.65	29.04	31.27	12661844	511926848.00
2018/03/27	31.39	32.55	31.02	32.04	9985025	416397440.00
2018/03/28	31.88	32.97	31.71	32.04	8633832	366233216.00
2018/03/29	32.12	32.48	30.67	31.23	8535420	349903424.00
2018/03/30	31.38	33.19	31.36	33.12	9791830	415883904.00
2018/04/02	33.59	34.72	33.03	33.66	12520803	556420352.00
2018/04/03	33.08	33.85	32.14	33.84	7966509	342096736.00
2018/04/04	33.49	33.88	32.12	32.42	7782109	336033824.00
2018/04/09	32.48	33.04	32.13	32.63	5864737	249549296.00
2018/04/10	32.42	32.72	31.16	31.78	8771216	363763136.00
2018/04/11	31.87	32.09	31.35	31.92	6568241	273253728.00
2018/04/12	31.88	32.22	31.40	31.72	5061559	210390768.00
2018/04/13	31.84	32.32	31.11	31.20	7450245	308314976.00
2018/04/16	31.25	32.15	31.11	32.00	8725219	362542400.00
2018/04/17	32.04	32.33	30.27	30.65	10019152	412017536.00
2018/04/18	30.66	31.32	30.11	31.12	7079857	285853728.00
2018/04/19	31.07	32.78	31.07	32.52	12014909	508903264.00
2018/04/20	32.27	32.72	31.71	32.27	6922329	292315552.00
2018/04/23	32.47	33.34	29.88	30.40	10786988	445371808.00
2018/04/24	29.85	31.22	29.85	31.15	7017146	280745664.00
2018/04/25	30.96	31.48	30.50	30.57	4656830	188445088.00
2018/04/26	30.65	31.00	30.04	30.51	5207372	208956096.00
2018/04/27	30.51	30.60	28.12	29.65	15502788	592202368.00
2018/05/02	29.42	29.60	28.51	29.08	5961665	226221616.00
2018/05/03	28.88	30.14	28.50	29.84	6668765	256477376.00
2018/05/04	29.84	30.95	29.52	30.80	5535936	219774864.00
2018/05/07	30.78	30.85	30.27	30.85	5435887	217258048.00
2018/05/08	30.85	31.33	30.21	30.44	6946038	279302368.00
2018/05/09	30.41	30.41	29.92	30.31	3608429	142043232.00
2018/05/10	30.39	30.43	29.52	29.96	4200690	164239808.00
2018/05/11	29.70	30.05	29.52	29.75	2193130	85263528.00
2018/05/14	29.92	30.19	29.24	29.42	4039619	157091456.00
2018/05/15	29.50	30.09	29.04	30.07	4166265	162039232.00
2018/05/16	29.85	30.84	29.50	30.54	4846374	192568176.00
2018/05/17	30.53	30.58	30.02	30.14	2116263	83631232.00
2018/05/18	30.14	30.72	29.66	30.57	4221000	167118608.00
2018/05/21	30.73	31.55	30.73	31.19	4186447	171137408.00
2018/05/22	31.27	31.93	30.97	31.81	5443422	223909856.00
2018/05/23	31.81	32.23	30.85	30.88	5851934	241635824.00
2018/05/24	31.04	31.04	30.35	30.46	3644794	145729536.00
2018/05/25	30.66	30.97	30.28	30.52	2312125	92673352.00
2018/05/28	30.34	30.72	29.96	30.08	2723445	107730864.00
2018/05/29	30.09	30.93	30.07	30.09	3349352	133369400.00
2018/05/30	29.78	30.52	29.35	29.87	2735502	107859528.00
2018/05/31	29.87	30.35	29.55	29.84	3656257	142839536.00
2018/06/01	29.62	30.27	29.06	29.82	4645799	180205984.00
2018/06/04	29.81	30.79	29.69	30.68	3911366	155633584.00
2018/06/05	30.58	31.33	30.58	31.30	3292480	134235232.00
2018/06/06	31.34	31.81	30.88	31.16	3432230	141157456.00
2018/06/07	31.13	31.72	31.02	31.17	3243389	133260016.00
2018/06/08	31.19	31.33	30.28	31.14	3531629	142753904.00
2018/06/11	31.12	31.59	30.67	31.08	2043358	83279464.00
2018/06/12	31.27	31.42	30.22	30.48	3667248	146060304.00
2018/06/13	30.71	31.44	30.44	31.34	4359835	176896640.00
2018/06/14	31.32	31.44	30.91	31.25	3419959	139185648.00
2018/06/15	31.13	31.28	30.17	30.48	5176968	206169680.00
2018/06/19	28.02	30.66	28.02	29.98	4837260	189041568.00
2018/06/20	29.97	30.36	29.29	29.97	3921093	152811584.00
2018/06/21	29.90	30.63	29.42	29.44	2803046	110400536.00
2018/06/22	29.59	29.81	28.98	29.61	2704243	103781024.00
2018/06/25	29.54	30.67	29.54	30.16	2494720	98366248.00
2018/06/26	29.98	30.71	29.81	30.27	3077045	121944112.00
2018/06/27	30.63	30.63	29.22	29.44	4005323	155642416.00
2018/06/28	29.43	29.86	29.27	29.37	2447832	94291568.00
2018/06/29	29.14	30.20	29.14	29.90	3021494	117275200.00
2018/07/02	30.21	30.90	29.77	29.91	3087479	122180688.00
2018/07/03	29.97	30.86	29.05	30.68	4663036	182932464.00
2018/07/04	30.59	31.04	30.19	31.00	4074417	163434688.00
2018/07/05	30.75	30.85	30.02	30.19	2332240	92298112.00
2018/07/06	29.91	31.37	29.75	30.92	3780433	151670944.00
2018/07/09	31.02	32.44	31.02	32.12	5679693	236097680.00
2018/07/10	32.05	33.12	31.93	32.61	5483107	233532928.00
2018/07/11	32.21	32.67	31.12	32.33	4180008	174599584.00
2018/07/12	32.05	33.41	32.01	32.77	3790168	162896208.00
2018/07/13	32.84	33.26	32.44	32.59	2756504	117670888.00
2018/07/16	32.71	33.63	32.60	33.15	3427766	148412352.00
2018/07/17	33.12	33.12	32.30	32.82	2494112	106211608.00
2018/07/18	32.97	33.55	32.48	32.68	2488723	106899552.00
2018/07/19	32.52	32.75	31.59	32.21	2475924	103797800.00
2018/07/20	32.21	33.58	31.98	33.02	4294565	184586960.00
2018/07/23	32.98	34.81	32.92	33.75	7578848	335681952.00
2018/07/24	33.87	34.44	32.46	32.58	9191291	401752000.00
2018/07/25	32.52	33.52	32.04	32.35	6775525	288137792.00
2018/07/26	32.43	33.27	31.90	32.36	6161464	262312064.00
2018/07/27	32.09	32.36	31.59	31.94	4105261	170879424.00
2018/07/30	32.12	32.84	31.90	32.72	5197574	220051776.00
2018/07/31	32.62	33.12	31.98	32.19	4251035	180174416.00
2018/08/01	32.36	32.98	32.13	32.18	5977374	254810560.00
2018/08/02	31.88	32.13	29.60	30.99	9206806	369335648.00
2018/08/03	30.77	31.25	30.61	30.61	3195115	128757736.00
2018/08/06	30.63	30.78	29.81	29.97	3533295	139612096.00
2018/08/07	30.08	30.35	29.03	30.26	5224791	203112880.00
2018/08/08	30.28	30.28	29.18	29.34	2925082	113228472.00
2018/08/09	29.44	31.36	29.02	31.13	6039196	239329120.00
2018/08/10	30.87	31.58	30.69	31.34	3327254	135521648.00
2018/08/13	31.28	31.90	30.97	31.43	4308409	177081056.00
2018/08/14	31.63	31.88	31.27	31.44	2367961	97400192.00
2018/08/15	31.61	31.75	31.02	31.29	3098322	126879104.00
2018/08/16	31.06	31.32	30.29	30.95	2140257	86527856.00
2018/08/17	31.20	31.55	30.28	30.39	1953981	78422680.00
2018/08/20	30.44	30.77	29.62	30.44	3099000	121977968.00
2018/08/21	30.22	31.32	30.22	31.02	3954092	159738336.00
2018/08/22	30.99	31.90	30.91	31.45	3968807	163256064.00
2018/08/23	31.16	32.44	31.16	31.79	4114155	171158160.00
2018/08/24	31.78	32.12	31.48	31.95	2849583	118338784.00
2018/08/27	31.84	32.71	31.69	32.21	7710784	323681792.00
2018/08/28	32.13	33.27	32.13	32.98	6185513	266217792.00
2018/08/29	33.20	33.20	32.13	32.21	4135184	174443552.00
2018/08/30	32.09	32.66	31.82	32.31	3837400	161608816.00
2018/08/31	32.31	32.31	31.13	31.67	3495121	143555744.00
2018/09/03	31.67	32.71	31.05	32.50	5141412	213906480.00
2018/09/04	32.75	33.92	32.37	33.68	8221806	357381664.00
2018/09/05	33.36	33.80	32.85	33.67	6354350	276152704.00
2018/09/06	33.52	34.21	33.13	33.44	7210269	318139616.00
2018/09/07	33.44	34.38	32.32	32.35	6653367	289348608.00
2018/09/10	32.47	33.59	31.99	32.24	4380753	186552048.00
2018/09/11	32.44	32.84	31.71	32.75	5419289	228147008.00
2018/09/12	32.58	33.37	32.58	32.90	4696162	201914512.00
2018/09/13	33.13	33.75	32.68	33.74	5515943	239469760.00
2018/09/14	33.67	33.67	32.15	32.59	7255165	312812992.00
2018/09/17	32.50	32.82	31.83	32.37	4219834	177269024.00
2018/09/18	32.28	33.36	32.07	33.33	4004088	170638496.00
2018/09/19	33.06	35.28	32.98	34.81	6567141	293578112.00
2018/09/20	34.75	34.87	34.02	34.44	3736796	167325184.00
2018/09/21	34.35	34.58	33.75	34.48	4306226	191702080.00
2018/09/25	34.44	34.77	34.00	34.22	3817742	170705296.00
2018/09/26	34.23	34.52	33.77	34.27	5309109	236242000.00
2018/09/27	34.24	34.40	33.32	33.71	5176896	227602032.00
2018/09/28	33.70	33.98	33.12	33.75	3918310	171866096.00
2018/10/08	33.24	34.22	32.92	33.06	4445053	194791840.00
2018/10/09	32.98	33.32	31.71	32.41	3720807	157826704.00
2018/10/10	32.38	33.04	32.33	32.85	2920214	124577032.00
2018/10/11	31.78	33.12	30.88	31.28	5797697	239821920.00
2018/10/12	31.28	32.18	30.31	31.85	4743109	193758480.00
2018/10/15	31.82	32.82	31.68	31.84	3617631	152237376.00
2018/10/16	31.94	32.58	29.25	30.12	8300144	328601376.00
2018/10/17	30.12	30.80	28.13	28.89	8155791	309904000.00
2018/10/18	28.59	30.03	28.59	29.31	5180334	198519120.00
2018/10/19	29.08	30.47	28.15	30.22	6609812	254228976.00
2018/10/22	31.13	32.32	30.76	31.61	6643229	274046400.00
2018/10/23	31.55	31.97	30.78	31.02	3618058	147662048.00
2018/10/24	30.90	31.72	30.73	31.20	2953328	120287120.00
2018/10/25	30.59	31.35	30.06	30.99	3369003	135713888.00
2018/10/26	31.36	31.78	29.45	30.02	7253097	289028704.00
2018/10/29	29.80	29.80	28.25	29.02	7475784	281782880.00
2018/10/30	28.83	29.35	27.99	28.97	4979786	186149120.00
2018/10/31	29.06	29.75	28.67	29.36	3919791	149880112.00
2018/11/01	29.41	30.05	29.17	29.48	4788589	184939104.00
2018/11/02	29.99	30.78	29.43	30.77	6859491	269733120.00
2018/11/05	30.44	30.62	29.61	30.25	5267898	207067376.00
2018/11/06	30.25	30.30	29.63	30.22	2513773	98499992.00
2018/11/07	30.22	30.44	29.72	29.90	4015711	157671504.00
2018/11/08	30.12	30.18	28.41	28.50	6250548	238230640.00
2018/11/09	28.53	29.82	28.53	29.66	6528139	250178544.00
2018/11/12	29.66	30.05	29.22	29.92	3681514	142797472.00
2018/11/13	29.45	30.96	29.45	30.66	5276554	209386224.00
2018/11/14	30.66	30.85	30.13	30.45	2559947	101953256.00
2018/11/15	30.58	31.12	30.35	31.02	3128478	125894688.00
2018/11/16	31.05	31.25	30.75	30.82	3052616	123358968.00
2018/11/19	30.82	31.05	30.18	30.55	4031420	159752128.00
2018/11/20	30.32	31.40	30.00	30.33	5864968	235629552.00
2018/11/21	30.09	30.17	29.59	29.76	2306654	89643112.00
2018/11/22	29.88	30.02	29.52	29.74	1240880	48119196.00
2018/11/23	29.71	29.87	29.13	29.35	2709297	103763464.00
2018/11/26	29.48	29.52	28.88	28.97	2893198	109914896.00
2018/11/27	29.06	29.62	29.06	29.44	2408758	92341192.00
2018/11/28	29.48	29.75	29.06	29.50	2101752	80673648.00
2018/11/29	29.69	30.22	29.52	29.80	3038641	118902960.00
2018/11/30	29.66	30.07	29.45	30.03	2230992	86451104.00
2018/12/03	30.37	31.05	30.37	30.89	4110836	165452176.00
2018/12/04	30.75	30.80	30.06	30.36	3429409	135853248.00
2018/12/05	29.90	30.82	29.81	30.66	4623994	182260368.00
2018/12/06	30.48	30.75	29.76	29.83	2926878	115083008.00
2018/12/07	30.05	30.46	29.89	30.25	2170422	85502184.00
2018/12/10	30.05	30.05	29.12	29.17	5406838	206768352.00
2018/12/11	29.31	29.82	29.07	29.28	4052452	154951184.00
2018/12/12	29.43	29.49	28.67	28.90	5293255	199804096.00
2018/12/13	29.05	29.40	28.88	29.25	4004759	152414720.00
2018/12/14	29.21	29.67	29.04	29.18	6127148	234676736.00
2018/12/17	28.90	29.36	28.67	28.94	4208476	159038304.00
2018/12/18	28.05	28.59	26.04	27.05	14800680	520066784.00
2018/12/19	27.12	27.18	25.67	26.36	9117277	314086400.00
2018/12/20	26.40	26.44	25.75	26.25	6730706	229416416.00
2018/12/21	26.13	26.13	23.79	25.06	15523169	498252320.00
2018/12/24	24.72	25.49	24.42	25.44	5822651	191248208.00
2018/12/25	25.66	26.21	25.28	26.04	7823652	264158944.00
2018/12/26	25.87	26.72	25.82	25.95	5255036	179339728.00
2018/12/27	26.12	26.63	25.45	25.60	6754585	229004752.00
2018/12/28	25.67	26.23	25.15	25.81	5548775	186469056.00
2019/01/02	26.13	26.64	25.92	26.00	8412966	289010720.00
2019/01/03	26.05	27.31	25.82	26.31	8545965	296551616.00
2019/01/04	26.20	26.55	25.66	26.44	4650879	159154400.00
2019/01/07	26.67	27.55	26.67	27.48	7319781	260003040.00
2019/01/08	27.55	27.75	27.12	27.50	4860137	174285408.00
2019/01/09	27.44	27.73	27.23	27.36	3652070	130949464.00
2019/01/10	27.36	27.85	27.24	27.70	3435126	124265424.00
2019/01/11	27.73	28.35	27.69	28.28	3578468	131118792.00
2019/01/14	28.32	28.55	27.78	28.10	2884723	105792512.00
2019/01/15	28.07	28.35	27.79	28.27	4352700	159432928.00
2019/01/16	28.22	28.85	28.05	28.59	4820914	180019904.00
2019/01/17	28.62	28.77	27.52	27.67	4761901	174083296.00
2019/01/18	27.65	28.13	27.52	28.08	2999384	109571792.00
2019/01/21	28.35	28.48	27.75	28.21	3627268	133573624.00
2019/01/22	28.21	28.32	27.36	27.56	3752491	135686304.00
2019/01/23	27.58	27.98	27.36	27.67	3343823	120823768.00
2019/01/24	27.90	28.05	27.44	27.99	3150949	114396592.00
2019/01/25	27.98	28.32	27.25	27.48	4185498	150456224.00
2019/01/28	27.50	27.97	27.12	27.13	3101534	111307864.00
2019/01/29	27.44	27.44	26.84	27.12	3135500	110630064.00
2019/01/30	26.94	27.48	26.71	27.05	2991403	106025656.00
2019/01/31	27.40	27.40	26.71	26.95	2610966	91618088.00
2019/02/01	27.22	28.03	26.75	27.88	3959520	141332096.00
2019/02/11	27.88	28.18	27.62	28.16	4750972	173457632.00
2019/02/12	28.10	28.38	27.98	28.37	4333118	159510480.00
2019/02/13	28.42	29.10	28.10	28.93	4439809	166534832.00
2019/02/14	29.10	29.22	28.69	29.03	3257649	123282320.00
2019/02/15	29.13	29.19	28.36	28.55	3427632	128466192.00
2019/02/18	28.65	30.66	28.58	30.26	7774774	301691296.00
2019/02/19	30.26	31.05	29.97	30.62	7200293	285781856.00
2019/02/20	30.28	30.80	29.91	30.52	2966935	117717152.00
2019/02/21	30.55	30.70	29.83	29.96	6930901	272863040.00
2019/02/22	29.59	30.96	29.59	30.86	5394309	213973728.00
2019/02/25	30.86	32.30	30.86	32.08	8034505	332489504.00
2019/02/26	31.75	32.44	31.60	32.05	6251687	261804112.00
2019/02/27	32.29	33.44	31.48	31.99	6247255	264310720.00
2019/02/28	32.05	32.55	31.05	31.43	5432016	223290864.00
2019/03/01	31.75	32.21	31.44	32.03	5400719	224944768.00
2019/03/04	32.10	33.43	32.00	32.03	7425335	316003488.00
2019/03/05	32.05	33.04	32.05	32.92	5785381	245930528.00
2019/03/06	32.98	33.41	32.42	32.94	5773285	247480848.00
2019/03/07	32.94	32.94	31.87	32.30	6046084	254504064.00
2019/03/08	31.51	32.43	31.05	31.28	6300047	260254720.00
2019/03/11	31.44	32.14	31.06	32.09	5903123	244374592.00
2019/03/12	32.44	34.63	32.28	34.58	11954846	520837600.00
2019/03/13	35.13	35.13	32.87	32.98	8511883	376775904.00
2019/03/14	33.36	33.48	32.45	32.65	4701131	201905168.00
2019/03/15	33.08	33.88	32.82	32.94	5128575	222682432.00
2019/03/18	32.98	33.66	32.39	33.54	6029023	260820368.00
2019/03/19	33.51	34.28	33.38	33.99	5223447	230409616.00
2019/03/20	33.98	34.45	33.02	33.60	5806848	253523472.00
2019/03/21	33.71	33.98	33.40	33.48	4018636	176579392.00
2019/03/22	33.41	33.60	32.14	32.45	8381016	355491008.00
2019/03/25	32.21	32.95	31.90	32.52	10889173	462396416.00
2019/03/26	32.21	32.48	30.05	30.32	15646001	626959552.00
2019/03/27	30.41	31.03	29.98	30.68	8678644	344824544.00
2019/03/28	30.55	31.22	30.45	30.65	4469640	179457488.00
2019/03/29	30.65	31.25	30.51	31.16	7775686	314162400.00
2019/04/01	31.23	32.18	31.23	31.85	8454677	351160288.00
2019/04/02	32.21	32.31	31.70	31.95	6747053	281552000.00
2019/04/03	31.76	31.84	31.13	31.50	8321679	340561920.00
2019/04/04	31.55	31.74	31.02	31.18	9334534	380145632.00
2019/04/08	31.18	31.35	30.38	30.71	9134742	367219424.00
2019/04/09	30.71	31.21	30.19	31.13	7227003	291331488.00
2019/04/10	31.14	31.55	31.05	31.34	7828315	319556544.00
2019/04/11	31.13	31.26	30.38	30.56	5816590	232676848.00
2019/04/12	30.56	30.65	29.77	29.92	6607481	258819712.00
2019/04/15	30.28	31.64	30.28	31.20	15152433	615743616.00
2019/04/16	31.17	31.57	30.40	31.49	8079174	327582560.00
2019/04/17	31.45	31.54	30.92	31.15	5074347	206605936.00
2019/04/18	31.29	31.39	30.78	31.36	4843172	196690688.00
2019/04/19	31.28	31.71	30.87	31.43	6184798	252864896.00
2019/04/22	31.81	31.84	30.67	30.75	5059717	206382384.00
2019/04/23	31.04	31.63	30.38	30.53	6619075	267869008.00
2019/04/24	30.63	31.52	30.60	31.29	6876819	280122400.00
2019/04/25	31.39	31.42	30.74	30.80	4177483	169500992.00
2019/04/26	31.82	33.13	31.72	32.60	17581528	746101568.00
2019/04/29	32.48	33.26	32.14	32.38	8473018	361497664.00
2019/04/30	32.35	32.83	31.56	31.90	6787966	282948640.00
2019/05/06	30.97	31.57	29.90	30.67	8341425	335365696.00
2019/05/07	30.68	32.18	30.55	31.75	7539592	310469472.00
2019/05/08	31.46	33.34	31.32	32.41	12334061	523118464.00
2019/05/09	31.95	33.01	31.59	31.59	5641131	236496640.00
2019/05/10	31.62	33.18	31.21	33.05	7719942	326708608.00
2019/05/13	32.90	33.98	32.40	33.02	7835440	338153664.00
2019/05/14	32.82	33.62	32.37	32.54	8570105	367728768.00
2019/05/15	32.59	33.32	32.30	33.21	7169689	307239072.00
2019/05/16	33.21	33.49	32.83	33.29	5275755	227952064.00
2019/05/17	33.69	34.05	32.43	32.64	8135631	268869120.00
2019/05/20	32.87	33.46	32.11	33.30	7483108	246186272.00
2019/05/21	33.34	33.86	32.51	33.83	6602781	219579824.00
2019/05/22	33.83	35.50	33.55	34.62	11306561	391158624.00
2019/05/23	34.57	35.20	33.39	33.42	9264294	316833216.00
2019/05/24	33.01	33.60	32.50	32.60	6689432	220064976.00
2019/05/27	32.74	33.50	32.04	33.38	7070733	231481072.00
2019/05/28	33.10	33.46	32.82	33.28	4511206	149748512.00
2019/05/29	33.18	33.39	32.85	32.94	4234937	140081664.00
2019/05/30	32.94	33.42	32.57	33.22	4643133	153691648.00
2019/05/31	33.22	33.64	32.75	33.00	4660088	154490256.00
2019/06/03	33.19	33.30	31.53	31.82	8771018	282037376.00
2019/06/04	31.90	32.08	31.10	31.33	5762091	181381776.00
2019/06/05	31.50	31.65	30.95	31.00	4949453	154776496.00
2019/06/06	31.60	31.65	30.76	31.06	4560506	142149152.00
2019/06/10	30.87	32.00	30.87	31.78	6136493	194316624.00
2019/06/11	31.98	32.60	31.40	32.50	7650283	246024448.00
2019/06/12	32.44	32.58	32.01	32.10	4667875	150532032.00
2019/06/13	32.11	32.50	31.55	32.09	3553557	113497688.00
2019/06/14	32.09	32.39	31.51	31.58	4013770	128403768.00
2019/06/17	31.64	31.94	31.21	31.63	2891976	91194336.00
2019/06/18	31.70	31.80	31.11	31.34	2764032	86692656.00
2019/06/19	31.81	32.33	31.81	32.02	5417494	174085024.00
2019/06/20	32.07	32.52	31.51	32.35	4971906	160048832.00
2019/06/21	32.41	33.33	32.41	33.10	6420949	211789248.00
2019/06/24	33.18	33.34	32.80	33.21	3667955	121308680.00
2019/06/25	33.21	33.21	32.43	32.94	3266556	107220184.00
2019/06/26	32.75	34.24	32.71	33.93	8720010	294622464.00
2019/06/27	33.98	34.35	33.70	33.80	5420697	184177296.00
2019/06/28	34.13	34.22	33.21	33.46	5304231	177720800.00
2019/07/01	34.18	34.88	34.10	34.77	10444119	360452704.00
2019/07/02	34.69	35.09	34.19	34.40	6483120	223466352.00
2019/07/03	34.49	35.50	34.20	34.60	11455707	399364448.00
2019/07/04	34.79	35.86	34.61	34.87	12915995	454331488.00
2019/07/05	35.00	35.40	34.60	35.20	5587896	195661792.00
2019/07/08	35.34	35.34	34.24	34.62	7066284	244676400.00
2019/07/09	34.84	35.25	34.38	35.03	5614697	195259696.00
2019/07/10	35.29	35.35	34.24	34.40	5675964	196866672.00
2019/07/11	34.75	35.42	34.51	34.75	5992426	209200896.00
2019/07/12	34.99	34.99	34.30	34.53	3954406	136760800.00
2019/07/15	34.59	35.22	34.04	34.85	5281018	183397504.00
2019/07/16	34.92	35.20	34.21	34.51	4523040	156597200.00
2019/07/17	34.70	36.80	34.43	36.48	12840731	460813696.00
2019/07/18	36.28	36.37	34.90	35.00	9604730	341541856.00
2019/07/19	34.99	35.30	34.57	34.74	5849022	203882368.00
2019/07/22	34.80	34.92	33.56	33.95	5716343	194919776.00
2019/07/23	34.09	34.55	33.93	34.18	4353852	148867904.00
2019/07/24	34.34	35.52	34.21	35.14	7371874	258471072.00
2019/07/25	35.15	37.06	35.00	36.77	12068493	438098752.00
2019/07/26	36.61	37.38	36.52	37.17	8056960	298402624.00
2019/07/29	37.37	38.48	36.50	37.08	9915787	369545248.00
2019/07/30	37.47	37.78	36.90	37.38	7483254	279211616.00
2019/07/31	37.10	37.48	36.71	36.91	6043801	223778512.00
2019/08/01	37.22	38.19	37.02	37.88	9706680	367123040.00
2019/08/02	37.30	38.45	36.74	37.62	8151589	306692608.00
2019/08/05	37.33	38.30	37.10	37.18	6827857	257154000.00
2019/08/06	36.64	37.80	36.20	37.56	6947450	257082800.00
2019/08/07	37.69	37.97	36.39	36.40	8815167	324569088.00
2019/08/08	36.40	37.08	35.88	36.78	6334714	232228176.00
2019/08/09	37.08	37.56	36.41	36.91	6145859	227981248.00
2019/08/12	37.04	39.20	36.51	39.12	8672031	328938816.00
2019/08/13	38.46	38.78	36.90	37.22	12792418	482141984.00
2019/08/14	37.72	38.57	37.22	37.90	11479744	436068896.00
2019/08/15	37.00	38.64	36.80	38.40	7845310	297428096.00
2019/08/16	38.21	38.88	38.01	38.44	7504140	288406272.00
2019/08/19	38.60	39.73	38.49	39.28	9222417	361361984.00
2019/08/20	39.25	39.70	38.90	39.07	7643518	299980192.00
2019/08/21	39.00	39.47	38.30	39.35	9635472	374886304.00
2019/08/22	39.24	40.40	39.05	40.11	9897816	395386432.00
2019/08/23	39.79	40.65	39.60	40.65	8326703	334022880.00
2019/08/26	40.00	41.50	39.60	41.34	12922183	523550464.00
2019/08/27	41.33	43.13	40.90	42.77	12443061	526889888.00
2019/08/28	42.80	43.53	42.38	42.54	12562727	539090560.00
2019/08/29	42.59	43.46	42.00	42.69	11114689	474667232.00
2019/08/30	42.65	43.48	42.38	43.35	9830279	422234816.00
2019/09/02	43.00	45.08	42.90	44.90	12457216	552393856.00
2019/09/03	44.89	44.89	43.95	44.52	11045279	488761312.00
2019/09/04	44.34	44.34	42.63	43.47	15387190	667036160.00
2019/09/05	43.21	43.68	42.48	43.14	13296537	573689536.00
2019/09/06	43.02	43.35	42.35	42.73	9015985	385544544.00
2019/09/09	43.09	43.13	42.41	42.85	11666943	498083328.00
2019/09/10	42.86	43.75	42.02	42.37	13217988	565509056.00
2019/09/11	42.61	42.77	41.69	41.83	10324267	434293312.00
2019/09/12	41.99	42.08	41.11	41.67	12118640	502911456.00
2019/09/16	41.80	42.33	41.42	41.93	10618238	444796736.00
2019/09/17	41.95	41.96	40.42	40.60	12182643	498333088.00
2019/09/18	40.59	41.63	40.43	41.41	10050738	413042496.00
2019/09/19	41.43	41.95	41.38	41.73	7610388	317040032.00
2019/09/20	41.58	42.00	41.47	41.79	9000028	375920768.00
2019/09/23	41.81	41.95	40.12	40.80	8964216	364196672.00
2019/09/24	40.80	41.55	40.74	41.19	8975939	370252352.00
2019/09/25	41.22	41.22	40.12	40.52	5987229	243589872.00
2019/09/26	40.93	41.15	39.38	39.44	11434363	458040736.00
2019/09/27	39.60	40.96	39.60	40.62	11241594	455604416.00
2019/09/30	40.59	41.51	40.26	41.18	10122743	415682944.00
2019/10/08	41.06	41.07	39.37	39.70	11862011	472259424.00
2019/10/09	39.39	39.45	38.60	39.39	8883253	346292384.00
2019/10/10	39.14	40.16	39.13	40.01	8066846	319827808.00
2019/10/11	39.75	40.38	39.52	40.10	8954705	357739680.00
2019/10/14	40.35	40.89	40.13	40.30	8299283	335541120.00
2019/10/15	40.44	40.44	39.59	39.88	8248078	329400576.00
2019/10/16	39.77	40.55	39.77	40.15	8300366	334420256.00
2019/10/17	40.15	40.29	39.39	39.73	6626703	263381264.00
2019/10/18	39.87	40.13	38.89	38.97	6650257	262006240.00
2019/10/21	39.08	39.37	38.30	39.31	6308681	244789264.00
2019/10/22	39.26	39.55	38.72	39.07	5490720	214186560.00
2019/10/23	38.99	39.27	38.78	38.90	4317647	168172912.00
2019/10/24	38.94	38.94	38.10	38.44	5221523	200827296.00
2019/10/25	38.32	39.19	37.75	38.92	7475504	289042496.00
2019/10/28	39.07	39.76	38.85	39.58	6471022	255585296.00
2019/10/29	39.44	39.87	39.35	39.63	5638207	223245920.00
2019/10/30	39.42	40.22	39.15	39.85	4987631	199018272.00
2019/10/31	39.89	40.80	39.85	40.36	8205499	331166112.00
2019/11/01	40.20	40.60	39.87	40.05	5661534	226651024.00
2019/11/04	40.09	40.26	38.25	38.67	11713138	455964704.00
2019/11/05	38.68	39.75	38.50	39.72	9673396	379688288.00
2019/11/06	39.73	40.12	38.65	38.90	7515362	294335424.00
2019/11/07	38.87	39.68	37.88	39.45	9075958	351905632.00
2019/11/08	39.64	39.80	38.87	39.39	5681575	223316928.00
2019/11/11	39.00	39.15	38.39	38.53	4264777	165184096.00
2019/11/12	38.56	38.76	37.44	37.85	7958563	300844384.00
2019/11/13	37.80	38.52	37.62	38.30	4670308	178463056.00
2019/11/14	38.60	38.92	37.85	38.43	4712016	181741056.00
2019/11/15	38.49	38.70	38.11	38.35	3607168	138908880.00
2019/11/18	38.25	39.05	38.19	38.67	3908691	151561680.00
2019/11/19	39.09	41.11	39.09	40.96	15515052	630154880.00
2019/11/20	41.13	41.41	40.53	40.69	8323311	340248544.00
2019/11/21	40.77	40.89	40.04	40.45	5833040	235785664.00
2019/11/22	40.53	40.93	39.49	40.04	7939631	317954816.00
2019/11/25	40.01	40.02	38.30	38.47	6700241	260281952.00
2019/11/26	38.77	39.00	38.02	39.00	12826970	494719744.00
2019/11/27	38.69	39.10	38.21	38.56	5527239	213424640.00
2019/11/28	38.61	38.75	38.10	38.38	4286721	164394720.00
2019/11/29	38.27	38.60	37.98	38.52	3869590	148111488.00
2019/12/02	38.25	38.83	38.20	38.53	3540073	136466688.00
2019/12/03	38.33	38.85	38.28	38.78	3303381	127638272.00
2019/12/04	38.77	39.68	38.59	39.51	5163870	203380832.00
2019/12/05	39.55	40.50	39.37	39.94	6563049	261566416.00
2019/12/06	39.85	40.08	39.41	39.78	3636943	144190560.00
2019/12/09	39.77	40.04	39.14	39.35	4162871	164034864.00
2019/12/10	39.35	39.35	38.80	39.01	3841335	149789120.00
2019/12/11	38.96	39.37	38.86	39.00	4369233	170721520.00
2019/12/12	39.00	39.08	38.47	38.80	4793004	185520800.00
2019/12/13	38.90	39.14	38.60	39.08	7947606	308994560.00
2019/12/16	39.01	39.98	39.01	39.90	7364605	292390272.00
2019/12/17	40.10	40.16	39.59	39.91	8399088	335198592.00
2019/12/18	40.20	40.20	39.66	39.76	4663440	185866256.00
2019/12/19	39.65	39.96	39.32	39.79	4155513	164706480.00
2019/12/20	39.79	39.80	39.14	39.42	4126245	162688016.00
2019/12/23	39.37	39.70	38.38	38.56	5915246	230895040.00
2019/12/24	38.41	38.72	38.02	38.49	5041111	193125728.00
2019/12/25	38.50	38.80	38.15	38.63	5419389	208530256.00
2019/12/26	38.63	39.00	38.51	38.88	3528763	136917072.00
2019/12/27	38.85	39.55	38.85	39.16	6189828	243211024.00
2019/12/30	39.50	39.54	38.83	38.93	4370947	170703024.00
2019/12/31	38.85	39.39	38.85	39.06	3218104	125820096.00
2020/01/02	39.40	40.09	38.87	39.45	10030933	395639840.00
2020/01/03	39.50	39.99	39.41	39.79	8009222	318217344.00
2020/01/06	40.10	40.99	39.60	40.46	11270223	455905536.00
2020/01/07	40.64	40.75	39.80	40.08	8002366	320494720.00
2020/01/08	40.57	40.87	39.80	39.80	9792015	394329536.00
2020/01/09	39.80	39.83	39.10	39.68	9784988	386008320.00
2020/01/10	39.70	39.80	39.15	39.42	6498520	255889264.00
2020/01/13	39.20	39.53	38.66	39.43	7119564	278940000.00
2020/01/14	39.59	39.89	39.19	39.27	7214181	285082400.00
2020/01/15	39.26	39.28	38.80	39.09	5693735	222079456.00
2020/01/16	39.20	39.24	38.75	38.80	6285781	244505680.00
2020/01/17	38.96	38.99	38.45	38.62	5499322	212794496.00
数据来源:通达信
