000923 河钢资源 日线 前复权
      日期	    开盘	    最高	    最低	    收盘	    成交量	    成交额
2013/09/02	5.40	5.70	5.36	5.57	2684330	14902138.00
2013/09/03	5.53	5.59	5.48	5.59	1714757	9496337.00
2013/09/04	5.55	5.57	5.50	5.55	880134	4888650.00
2013/09/05	5.55	5.56	5.46	5.56	1183969	6535939.00
2013/09/06	5.51	5.55	5.40	5.52	1111340	6136572.50
2013/09/09	5.52	5.58	5.47	5.57	1175341	6544415.50
2013/09/10	5.58	5.59	5.53	5.59	1044438	5833409.00
2013/09/11	5.60	5.97	5.58	5.90	6381986	37142028.00
2013/09/12	5.83	5.93	5.68	5.75	3482438	20173000.00
2013/09/13	5.77	5.77	5.53	5.60	2784830	15709548.00
2013/09/16	5.63	5.65	5.53	5.59	1305959	7330300.50
2013/09/17	5.56	5.62	5.50	5.51	1326600	7403924.50
2013/09/18	5.50	5.58	5.50	5.56	578372	3223006.50
2013/09/23	5.56	5.65	5.56	5.64	960951	5411605.00
2013/09/24	5.62	5.64	5.55	5.59	848900	4764336.00
2013/09/25	5.58	5.62	5.55	5.58	865968	4858365.00
2013/09/26	5.56	5.59	5.42	5.43	873887	4837635.50
2013/09/27	5.48	5.49	5.41	5.45	1127197	6174654.50
2013/09/30	5.47	5.54	5.45	5.52	659538	3641937.00
2013/10/08	5.52	5.60	5.43	5.57	946817	5278030.00
2013/10/09	5.55	5.61	5.53	5.60	831844	4658587.50
2013/10/10	5.61	5.68	5.57	5.66	1245400	7047051.50
2013/10/11	5.66	5.81	5.65	5.78	1811802	10400921.00
2013/10/14	5.69	5.90	5.68	5.87	3172200	18463510.00
2013/10/15	5.79	5.86	5.68	5.78	2399040	13853006.00
2013/10/16	5.72	5.76	5.59	5.62	1279601	7271749.50
2013/10/17	5.63	5.71	5.62	5.64	930997	5291516.00
2013/10/18	5.62	5.71	5.62	5.71	836010	4758067.50
2013/10/21	5.72	5.79	5.67	5.79	1198376	6907944.50
2013/10/22	5.80	5.82	5.72	5.81	1150948	6686511.50
2013/10/23	5.82	5.82	5.61	5.64	1479721	8490791.00
2013/10/24	5.59	5.64	5.53	5.59	1028954	5763091.50
2013/10/25	5.60	5.67	5.53	5.54	1456048	8180820.50
2013/10/28	5.59	5.59	5.49	5.54	417362	2315667.50
2013/10/29	5.52	5.58	5.26	5.41	1541260	8338130.50
2013/10/30	5.41	5.48	5.30	5.48	890040	4808009.00
2013/10/31	5.47	5.48	5.37	5.48	582347	3166024.00
2013/11/01	5.48	5.51	5.41	5.48	421280	2310051.50
2013/11/04	5.45	5.48	5.43	5.48	440530	2413898.50
2013/11/05	5.50	5.52	5.42	5.52	788438	4336211.00
2013/11/06	6.07	6.07	6.07	6.07	2869999	17478294.00
2013/11/07	6.08	6.08	5.72	5.87	9261857	54531608.00
2013/11/08	5.81	5.92	5.61	5.62	5226104	30156978.00
2013/11/11	5.56	5.86	5.46	5.80	5002728	28632798.00
2013/11/12	5.73	5.78	5.58	5.64	3249589	18451948.00
2013/11/13	5.65	5.65	5.36	5.42	2849758	15736587.00
2013/11/14	5.39	5.44	5.32	5.42	2356525	12705851.00
2013/11/15	5.42	5.55	5.39	5.50	2767645	15276044.00
2013/11/18	5.49	5.57	5.44	5.56	2926357	16221010.00
2013/11/19	5.56	5.65	5.52	5.62	2676874	15023986.00
2013/11/20	5.65	5.75	5.62	5.69	2601658	14792364.00
2013/11/21	5.66	5.66	5.56	5.62	1950390	10956151.00
2013/11/22	5.61	5.73	5.59	5.66	2299640	13076802.00
2013/11/25	5.66	5.72	5.58	5.63	1866477	10606276.00
2013/11/26	5.60	5.66	5.53	5.62	1327726	7475723.00
2013/11/27	5.61	5.70	5.58	5.69	1935183	10986497.00
2013/11/28	5.68	5.73	5.66	5.71	1977776	11327073.00
2013/11/29	5.71	5.74	5.68	5.72	2033403	11669265.00
2013/12/02	5.63	5.64	5.38	5.41	3317495	18326424.00
2013/12/03	5.43	5.57	5.41	5.54	1401727	7743193.00
2013/12/04	5.54	5.67	5.51	5.63	1950681	11023379.00
2013/12/05	5.65	5.72	5.61	5.68	1924756	10972597.00
2013/12/06	5.64	5.71	5.64	5.69	1041715	5937917.50
2013/12/09	5.66	5.73	5.66	5.69	1038145	5936957.00
2013/12/10	5.68	5.90	5.66	5.90	6291817	36790836.00
2013/12/11	5.85	6.05	5.78	5.96	7961883	47505608.00
2013/12/12	5.84	5.97	5.81	5.86	3990678	23516466.00
2013/12/13	5.88	5.88	5.77	5.83	2031329	11879232.00
2013/12/16	5.81	5.86	5.75	5.83	3109213	18091082.00
2013/12/17	5.83	6.23	5.79	6.10	9436817	57196196.00
2013/12/18	5.98	6.04	5.84	5.94	5093700	30312314.00
2013/12/19	5.93	5.99	5.73	5.75	3275116	19240026.00
2013/12/20	5.78	5.78	5.49	5.53	3075869	17249888.00
2013/12/23	5.53	5.53	5.37	5.46	1296055	7102108.00
2013/12/24	5.48	5.56	5.46	5.53	1192266	6602077.00
2013/12/25	5.54	5.58	5.51	5.57	1316652	7328459.00
2013/12/26	5.59	5.59	5.45	5.46	1469406	8125415.00
2013/12/27	5.44	5.57	5.40	5.54	1372619	7597396.50
2013/12/30	5.50	5.63	5.50	5.61	2114470	11863787.00
2013/12/31	5.61	5.69	5.52	5.66	1461547	8251346.50
2014/01/02	5.66	5.70	5.58	5.68	1436327	8105167.00
2014/01/03	5.65	5.67	5.59	5.67	1025603	5791833.50
2014/01/06	5.62	5.68	5.51	5.54	998399	5555536.50
2014/01/07	5.49	5.59	5.49	5.54	752006	4184536.25
2014/01/08	5.52	5.57	5.43	5.50	1480881	8198586.00
2014/01/09	5.50	5.53	5.39	5.41	896100	4936962.00
2014/01/10	5.39	5.41	5.14	5.18	1411830	7506455.50
2014/01/13	5.18	5.23	5.11	5.16	640397	3320287.25
2014/01/14	5.16	5.27	5.16	5.27	541429	2839101.00
2014/01/15	5.28	5.28	5.21	5.26	589301	3096303.50
2014/01/16	5.25	5.32	5.23	5.31	595488	3157698.50
2014/01/17	5.28	5.28	5.19	5.22	599640	3144339.50
2014/01/20	5.19	5.25	5.16	5.20	427083	2227279.00
2014/01/21	5.26	5.29	5.21	5.29	568410	3004267.75
2014/01/22	5.31	5.40	5.28	5.40	1695975	9099047.00
2014/01/23	5.40	5.43	5.35	5.38	1292563	6987881.50
2014/01/24	5.36	5.48	5.36	5.47	1146636	6253021.00
2014/01/27	5.43	5.78	5.39	5.73	3773637	21307078.00
2014/01/28	5.66	5.82	5.58	5.65	4191726	23886296.00
2014/01/29	5.65	5.76	5.61	5.73	2229814	12768983.00
2014/01/30	5.77	5.92	5.70	5.89	3056777	17888972.00
2014/02/07	5.78	5.84	5.67	5.81	3752828	21672926.00
2014/02/10	5.82	5.88	5.74	5.85	4661750	27245006.00
2014/02/11	5.83	5.95	5.78	5.80	2710272	15919943.00
2014/02/12	5.79	6.33	5.74	5.98	6427374	38772172.00
2014/02/13	5.88	5.97	5.81	5.85	4107092	24309784.00
2014/02/14	5.85	6.03	5.81	5.99	2636428	15673914.00
2014/02/17	5.95	6.07	5.95	6.03	2638899	15937286.00
2014/02/18	5.99	6.20	5.98	6.13	4050323	24668206.00
2014/02/19	6.12	6.13	6.02	6.07	2957991	17986974.00
2014/02/20	6.06	6.10	5.80	5.86	3074902	18261696.00
2014/02/21	5.86	5.92	5.80	5.92	1895160	11117158.00
2014/02/24	5.87	5.93	5.81	5.91	1854181	10959202.00
2014/02/25	5.93	6.12	5.67	5.79	3736251	22274508.00
2014/02/26	5.75	5.77	5.64	5.77	1890640	10826153.00
2014/02/27	5.75	5.94	5.74	5.85	2783782	16386544.00
2014/02/28	5.83	5.88	5.74	5.87	1681824	9805107.00
2014/03/03	5.86	6.16	5.83	6.12	4254837	25827142.00
2014/03/04	6.08	6.17	6.02	6.15	3666614	22463344.00
2014/03/05	6.15	6.19	6.06	6.08	2768467	16984994.00
2014/03/06	6.07	6.45	5.99	6.28	6415404	40170692.00
2014/03/07	6.28	6.39	6.21	6.32	4620202	29207904.00
2014/03/10	6.34	6.35	6.02	6.03	3606203	22175736.00
2014/03/11	6.03	6.64	5.89	6.64	17307038	113149192.00
2014/03/12	6.76	7.31	6.69	7.31	11109648	78779600.00
2014/03/13	8.04	8.04	7.69	7.98	38807604	311126816.00
2014/03/14	7.83	7.85	7.18	7.44	26502320	198652800.00
2014/03/17	7.48	8.19	7.39	8.19	34793843	278143104.00
2014/03/18	7.93	8.18	7.59	8.10	28883033	227381984.00
2014/03/19	7.87	8.91	7.48	8.91	34655721	287528768.00
2014/03/20	8.82	9.80	8.45	9.48	40275808	378350016.00
2014/03/21	9.03	9.34	8.75	9.08	23397413	213716608.00
2014/03/24	9.22	9.99	8.85	9.69	34365857	328345504.00
2014/03/25	9.43	9.47	8.98	8.99	25430367	234644256.00
2014/03/26	8.87	9.44	8.78	8.98	17979714	163940640.00
2014/03/27	9.28	9.64	8.78	8.81	25635643	237697632.00
2014/03/28	8.48	8.68	7.93	7.95	22055038	181931824.00
2014/03/31	8.02	8.28	7.90	8.10	12240962	99132536.00
2014/04/01	8.02	8.24	7.80	8.19	11354452	91638368.00
2014/04/02	8.21	8.60	8.10	8.35	18159636	151913184.00
2014/04/03	8.22	8.23	7.68	7.97	13350027	105887616.00
2014/04/04	8.02	8.49	7.95	8.17	15754025	130150392.00
2014/04/08	7.96	7.98	7.53	7.91	11689003	90569184.00
2014/04/09	7.78	8.22	7.78	8.01	11964778	96014320.00
2014/04/10	8.04	8.30	7.86	8.13	12710987	103016736.00
2014/04/11	8.05	8.38	7.89	8.27	14314033	117291184.00
2014/04/14	8.18	9.08	7.94	8.78	22466120	192176224.00
2014/04/15	8.60	9.43	8.49	8.81	21845811	195913568.00
2014/04/16	8.58	8.98	8.47	8.67	12060167	105423792.00
2014/04/17	8.58	8.67	8.14	8.14	12001821	99865248.00
2014/04/18	8.08	8.14	7.79	7.98	8220634	65555356.00
2014/04/21	7.83	8.02	7.66	7.66	6059775	47572584.00
2014/04/22	7.66	7.81	7.57	7.76	5662986	43735640.00
2014/04/23	7.68	7.76	7.59	7.60	3736099	28687976.00
2014/04/24	7.62	7.64	7.24	7.30	5652314	42182384.00
2014/04/25	7.29	7.37	6.94	6.95	5261393	37664312.00
2014/04/28	6.79	6.97	6.79	6.83	4107421	28276288.00
2014/04/29	6.80	7.03	6.80	6.97	3326297	23019432.00
2014/04/30	6.98	7.10	6.93	7.08	3449247	24303262.00
2014/05/05	7.06	7.18	6.96	7.18	4176487	29676860.00
2014/05/06	7.16	7.23	7.04	7.16	3233126	23214202.00
2014/05/07	7.16	7.16	6.89	6.98	3676877	25946542.00
2014/05/08	6.94	7.68	6.84	7.68	8358252	63165996.00
2014/05/09	7.67	7.96	7.58	7.78	16734325	130363112.00
2014/05/12	7.62	8.07	7.53	7.88	10648203	83009984.00
2014/05/13	7.69	8.30	7.69	7.94	11100140	89257752.00
2014/05/14	7.80	8.07	7.68	7.73	6216578	48547824.00
2014/05/15	7.73	7.77	7.12	7.23	8643834	64072976.00
2014/05/16	7.17	7.96	7.08	7.67	9967833	75020776.00
2014/05/19	7.53	7.57	7.28	7.37	5287138	39133644.00
2014/05/20	7.38	7.55	7.32	7.39	3461503	25714198.00
2014/05/21	7.39	7.66	7.19	7.50	5363048	40282704.00
2014/05/22	7.44	8.20	7.39	7.91	14673271	115137000.00
2014/05/23	7.78	8.03	7.71	7.83	11068255	87296432.00
2014/05/26	7.81	8.12	7.75	7.93	7803200	61910496.00
2014/05/27	7.92	8.08	7.79	7.92	7478444	59666536.00
2014/05/28	7.85	7.99	7.72	7.95	6257931	49317824.00
2014/05/29	7.95	8.10	7.66	7.67	7750801	61302520.00
2014/05/30	7.62	7.68	7.29	7.45	5400552	40354648.00
2014/06/03	7.48	7.62	7.43	7.54	3309342	24920910.00
2014/06/04	7.48	7.50	7.26	7.44	2993850	22093868.00
2014/06/05	7.41	7.58	7.39	7.50	2872640	21591906.00
2014/06/06	7.49	7.82	7.46	7.73	6177137	47346732.00
2014/06/09	7.65	7.66	7.39	7.47	4267949	32215634.00
2014/06/10	7.52	7.67	7.41	7.58	3120534	23677542.00
2014/06/11	7.59	7.85	7.49	7.73	6452485	49819752.00
2014/06/12	7.73	8.23	7.59	8.05	13879930	110964104.00
2014/06/13	7.93	8.15	7.90	7.98	8170407	65645144.00
2014/06/16	8.03	8.13	7.96	8.13	6054744	48820252.00
2014/06/17	8.12	8.43	8.06	8.14	11078366	91759384.00
2014/06/18	7.86	8.11	7.79	7.80	7472233	59437456.00
2014/06/19	7.84	7.84	7.26	7.46	4848154	36754872.00
2014/06/20	7.40	7.56	7.34	7.48	2135861	15980188.00
2014/06/23	7.50	7.64	7.49	7.58	2629867	19951108.00
2014/06/24	7.61	7.67	7.51	7.65	3111854	23687092.00
2014/06/25	7.61	7.72	7.56	7.59	2973665	22742276.00
2014/06/26	7.60	8.01	7.58	7.87	7393059	58039352.00
2014/06/27	7.83	8.05	7.75	7.96	6809119	54219164.00
2014/06/30	7.92	8.00	7.83	7.93	4638053	36778020.00
2014/07/01	7.96	7.98	7.86	7.95	3883167	30839662.00
2014/07/02	7.91	8.04	7.89	7.98	3571328	28500384.00
2014/07/03	7.98	8.13	7.94	8.02	5034892	40498856.00
2014/07/04	8.02	8.42	7.88	8.37	12705035	104635024.00
2014/07/07	8.50	9.15	8.47	8.78	18231065	159376576.00
2014/07/08	8.98	9.33	8.64	8.67	21865709	196550320.00
2014/07/09	8.48	8.70	8.21	8.27	13434317	113323168.00
2014/07/10	8.13	8.26	8.09	8.16	6449775	52756568.00
2014/07/11	8.15	8.21	8.06	8.13	4947232	40421780.00
2014/07/14	8.10	8.27	8.05	8.23	4653767	38111648.00
2014/07/15	8.19	8.63	8.16	8.63	11122409	94058192.00
2014/07/16	8.58	8.64	8.33	8.45	5771509	48964576.00
2014/07/17	8.45	8.45	8.15	8.22	3801326	31373750.00
2014/07/18	8.19	8.39	8.13	8.29	3131467	26008272.00
2014/07/21	8.35	8.89	8.35	8.54	8506294	73333440.00
2014/07/22	8.42	8.58	8.33	8.54	6112597	51749808.00
2014/07/23	8.71	8.88	8.55	8.57	8021618	69604272.00
2014/07/24	8.43	8.57	8.19	8.29	4702947	39356956.00
2014/07/25	8.35	8.64	8.26	8.62	5896440	50113484.00
2014/07/28	8.69	8.74	8.52	8.59	6823284	58789792.00
2014/07/29	8.55	8.92	8.50	8.69	9375772	81804288.00
2014/07/30	8.66	8.69	8.44	8.50	7834607	67032632.00
2014/07/31	8.49	8.67	8.39	8.58	6419559	54792836.00
2014/08/01	8.54	8.85	8.44	8.50	8041778	69355752.00
2014/08/04	8.44	8.61	8.40	8.56	5136864	43912476.00
2014/08/05	8.56	8.67	8.45	8.59	5431872	46606688.00
2014/08/06	8.56	8.59	8.52	8.54	3506185	30017922.00
2014/08/07	8.54	8.59	8.33	8.33	4723289	40023256.00
2014/08/08	8.30	8.39	8.24	8.28	3868762	32211786.00
2014/08/11	8.29	8.44	8.29	8.39	3116141	26156410.00
2014/08/12	8.39	8.64	8.37	8.63	6997826	59910516.00
2014/08/13	8.59	8.63	8.45	8.56	4092773	34963448.00
2014/08/14	8.58	8.59	8.42	8.45	3681831	31375644.00
2014/08/15	8.45	8.59	8.40	8.56	3972450	33903160.00
2014/08/18	8.59	8.72	8.51	8.72	7068226	61042284.00
2014/08/19	8.74	8.94	8.64	8.85	12557307	110676248.00
2014/08/20	8.79	8.97	8.69	8.85	10365437	91513200.00
2014/08/21	8.84	8.84	8.62	8.69	6266396	54505724.00
2014/08/22	8.67	9.11	8.63	8.97	11228333	99952912.00
2014/08/25	8.93	9.03	8.79	8.84	8154850	72788248.00
2014/08/26	8.84	8.87	8.39	8.45	5721538	49354444.00
2014/08/27	8.41	8.48	8.38	8.45	2970226	25085208.00
2014/08/28	8.42	8.46	8.14	8.16	4742383	39340732.00
2014/08/29	8.16	8.27	8.16	8.26	2449755	20148380.00
2014/09/01	8.32	8.54	8.24	8.50	4217767	35676376.00
2014/09/02	8.57	8.84	8.57	8.72	7914857	69363264.00
2014/09/03	8.70	9.30	8.60	9.06	17790995	160287248.00
2014/09/04	8.99	9.18	8.91	9.06	10598910	95998088.00
2014/09/05	9.04	9.04	8.72	8.92	8529347	75745632.00
2014/09/09	8.92	9.07	8.91	9.07	7496736	67486696.00
2014/09/10	9.09	9.20	8.91	9.16	6932287	62992900.00
2014/09/11	9.16	9.41	9.00	9.14	9938919	91455016.00
2014/09/12	9.09	9.45	9.05	9.40	10809250	100411136.00
2014/09/15	9.38	9.43	9.26	9.42	7377546	69141304.00
2014/09/16	9.42	9.53	8.89	8.94	9917665	91799512.00
2014/09/17	8.92	9.26	8.87	9.11	5349806	48561720.00
2014/09/18	9.14	9.14	8.99	9.13	3963180	36008212.00
2014/09/19	9.13	9.37	9.08	9.28	5516911	51029560.00
2014/09/22	9.22	9.27	9.02	9.06	3550936	32391146.00
2014/09/23	9.09	9.16	9.03	9.13	4031098	36710704.00
2014/09/24	9.12	9.33	9.04	9.24	4946319	45562488.00
2014/09/25	9.25	9.49	9.16	9.18	5483452	50749404.00
2014/09/26	9.15	9.21	9.05	9.14	3632115	33271834.00
2014/09/29	9.19	9.40	9.14	9.34	5645060	52653992.00
2014/09/30	9.35	9.69	9.31	9.56	9134301	87247728.00
2014/10/08	9.69	9.83	9.40	9.77	8705545	84172392.00
2014/10/09	9.75	9.79	9.49	9.66	6133862	59058420.00
2014/10/10	9.66	9.66	9.41	9.46	4119313	39263392.00
2014/10/13	9.37	9.66	9.30	9.66	4606936	43674160.00
2014/10/14	9.80	9.87	9.51	9.58	4881820	47410180.00
2014/10/15	9.51	9.66	9.37	9.60	3125685	29871410.00
2014/10/16	9.62	9.97	9.61	9.76	10023548	98271224.00
2014/10/17	10.25	10.74	9.90	10.74	26267287	272717792.00
2014/10/20	10.51	10.66	10.30	10.52	14617848	153561392.00
2014/10/21	10.47	10.99	10.40	10.45	14790204	158908880.00
2014/10/22	10.35	10.52	10.00	10.10	9501719	96750216.00
2014/10/23	10.07	10.16	9.54	9.55	7534146	73631352.00
2014/10/24	9.57	9.64	9.23	9.39	4955215	47013956.00
2014/10/27	9.40	9.58	9.32	9.44	3093060	29278118.00
2014/10/28	9.45	9.87	9.45	9.84	5883991	56982948.00
2014/10/29	9.82	10.27	9.77	10.27	10216026	103078624.00
2014/10/30	10.23	10.42	10.08	10.23	6178842	63052856.00
2014/10/31	10.23	10.41	9.99	10.17	5033714	51095228.00
2014/11/03	10.22	11.05	10.18	10.64	11430273	122281232.00
2014/11/04	10.60	11.71	10.51	11.37	15294345	171955408.00
2014/11/05	11.47	11.67	10.89	11.10	9427609	105484904.00
2014/11/06	11.04	11.19	10.82	11.09	5334640	58678928.00
2014/11/07	11.10	11.15	10.55	10.61	6187395	67069888.00
2014/11/10	10.63	10.90	10.54	10.76	4149748	44670008.00
2014/11/11	10.76	10.80	10.01	10.12	6473615	66735176.00
2014/11/12	10.03	10.33	9.98	10.30	3030794	30953854.00
2014/11/13	10.27	10.98	10.02	10.66	8654023	91489224.00
2014/11/14	10.46	10.49	10.20	10.30	3266457	33739316.00
2014/11/17	10.29	11.10	10.19	10.99	12255061	133561336.00
2014/11/18	10.79	11.35	10.74	11.07	7310998	80892528.00
2014/11/19	10.99	11.53	10.86	11.07	8776470	99064968.00
2014/11/20	10.93	11.15	10.70	10.94	4834217	52551252.00
2014/11/21	10.86	11.39	10.74	11.28	9390326	104204408.00
2014/11/24	11.32	11.64	11.06	11.38	9511474	107841952.00
2014/11/25	11.29	11.41	11.12	11.25	6936092	77950888.00
2014/11/26	11.24	11.31	10.95	11.18	6016523	67069464.00
2014/11/27	11.14	11.69	11.08	11.65	9610423	109440528.00
2014/11/28	11.49	12.09	11.35	11.85	13116497	154412464.00
2014/12/01	11.90	12.49	11.69	12.02	12259023	149500352.00
2014/12/02	12.09	12.46	11.81	12.16	8770396	106691600.00
2014/12/03	12.07	12.24	11.14	11.50	12015305	140180928.00
2014/12/04	11.44	11.64	11.32	11.48	9267633	106133592.00
2014/12/05	11.43	11.64	10.40	11.58	12650380	140590928.00
2014/12/08	11.50	11.95	11.09	11.82	14202229	164798656.00
2014/12/09	11.59	11.69	10.64	10.64	11304409	127363568.00
2014/12/10	10.65	11.04	10.40	10.89	5010859	54190044.00
2014/12/11	10.87	11.24	10.70	11.19	5531073	61164696.00
2014/12/12	11.28	11.44	11.04	11.25	3669257	41277208.00
2014/12/15	11.09	11.46	11.04	11.38	4953273	55642032.00
2014/12/16	11.33	11.61	11.33	11.54	5634294	64769728.00
2014/12/17	11.51	11.54	11.10	11.13	4047647	45563628.00
2014/12/18	11.09	11.19	10.88	10.89	4130291	45559380.00
2014/12/19	10.84	11.46	10.54	11.17	7751502	86181472.00
2014/12/22	11.17	11.17	10.05	10.05	7437976	76753784.00
2014/12/23	9.65	9.98	9.39	9.40	4129836	40057952.00
2014/12/24	9.41	9.71	9.37	9.49	4413900	42017064.00
2014/12/25	9.51	10.19	9.51	10.07	6744022	67247928.00
2014/12/26	10.07	10.29	9.79	10.06	5340919	53834456.00
2014/12/29	10.14	10.38	9.89	10.01	4666141	47303580.00
2014/12/30	10.00	10.07	9.19	9.30	5123192	49000412.00
2014/12/31	9.36	9.56	8.89	9.35	6617541	60539900.00
2015/01/05	9.34	9.99	9.15	9.57	6502596	62259932.00
2015/01/06	9.55	10.07	9.34	9.94	8402321	82141888.00
2015/01/07	9.80	10.37	9.74	10.36	8566391	86431696.00
2015/01/08	10.27	10.39	9.90	10.07	7286829	73950592.00
2015/01/09	10.11	10.77	10.04	10.08	5472420	56839092.00
2015/01/12	9.89	10.04	9.59	9.89	3564276	35149288.00
2015/01/13	9.88	10.19	9.79	10.12	3012706	30037164.00
2015/01/14	10.13	10.49	9.94	10.49	6091750	62381676.00
2015/01/15	11.19	11.29	10.49	10.87	14883115	162082016.00
2015/01/16	10.63	10.81	10.38	10.61	10312924	108852496.00
2015/01/19	10.19	10.79	9.90	10.18	7202844	75129512.00
2015/01/20	10.18	10.73	10.09	10.57	6891039	72444448.00
2015/01/21	10.61	10.95	10.49	10.95	8427441	90513272.00
2015/01/22	11.08	11.19	10.77	10.85	7182051	78621320.00
2015/01/23	10.85	11.39	10.81	11.36	11567364	129150800.00
2015/01/26	11.37	11.69	11.16	11.51	10066720	115045720.00
2015/01/27	11.34	11.43	11.11	11.26	6264456	70716824.00
2015/01/28	11.15	11.29	10.99	11.15	3994907	44555880.00
2015/01/29	10.99	11.24	10.94	11.07	3375393	37427556.00
2015/01/30	11.05	11.25	10.91	10.98	4200969	46812472.00
2015/02/02	10.47	10.94	10.21	10.68	4710350	50319116.00
2015/02/03	10.60	10.79	10.43	10.68	3228669	34179344.00
2015/02/04	10.72	11.40	10.72	11.31	8463670	94751960.00
2015/02/05	11.34	11.34	11.02	11.02	3758125	41996532.00
2015/02/06	10.99	11.54	10.97	11.13	5863016	66182464.00
2015/02/09	11.02	11.09	10.68	10.70	2912834	31611912.00
2015/02/10	10.70	10.98	10.63	10.90	3066779	33186070.00
2015/02/11	10.99	11.15	10.82	10.89	3342130	36736200.00
2015/02/12	10.91	10.98	10.69	10.81	3456052	37277012.00
2015/02/13	10.89	11.10	10.80	10.99	3916463	43128548.00
2015/02/16	11.12	11.13	10.94	11.11	3673436	40618288.00
2015/02/17	11.10	11.64	11.01	11.48	5956035	67583872.00
2015/02/25	11.41	11.48	10.99	11.38	3623363	41183640.00
2015/02/26	11.44	11.85	11.34	11.58	5672781	65877884.00
2015/02/27	11.60	11.77	11.44	11.72	5514190	64215240.00
2015/03/02	11.71	11.83	11.59	11.80	5214903	61093672.00
2015/03/03	11.82	11.86	11.45	11.49	5324784	62153052.00
2015/03/04	11.53	11.75	11.46	11.75	4474139	51834460.00
2015/03/05	11.69	11.79	11.59	11.66	3297928	38509036.00
2015/03/06	11.69	12.25	11.66	12.03	9463184	113555432.00
2015/03/09	11.94	12.17	11.74	11.99	5176169	61884000.00
2015/03/10	12.07	12.66	11.92	12.34	7265198	89720200.00
2015/03/11	12.30	13.58	12.27	13.58	14753292	197735568.00
2015/03/12	13.43	14.30	13.27	14.09	17459758	241568640.00
2015/03/13	13.89	14.05	13.65	14.03	8868181	122947864.00
2015/03/16	13.95	14.39	13.81	14.06	10495256	147394144.00
2015/03/17	13.99	15.47	13.99	14.84	13855138	204329072.00
2015/03/18	14.69	15.23	14.44	14.85	9914824	146737904.00
2015/03/19	14.74	14.78	14.35	14.72	9200557	133831336.00
2015/03/20	14.69	15.28	14.54	14.70	9705420	144163376.00
2015/03/23	14.97	15.84	14.71	15.54	13437092	203934128.00
2015/03/24	15.54	15.98	14.99	15.44	10900775	168095296.00
2015/03/25	15.39	15.49	15.09	15.13	7370697	112140448.00
2015/03/26	14.89	15.17	14.44	14.88	7647598	113056576.00
2015/03/27	14.84	15.03	14.64	14.90	5982513	88820952.00
2015/03/30	14.93	15.19	14.48	14.97	11000610	164044176.00
2015/03/31	14.96	16.47	14.65	16.09	22568085	356444448.00
2015/04/01	15.69	16.38	15.49	16.04	11567010	183609040.00
2015/04/02	16.08	17.65	15.69	17.65	14219116	239407392.00
2015/04/03	17.99	19.42	16.99	19.42	26024943	496829984.00
2015/04/07	19.96	19.99	18.69	19.52	22267950	427186304.00
2015/04/08	19.19	19.54	18.30	18.70	12539803	236450368.00
2015/04/09	18.73	18.82	16.83	17.77	15924528	278990400.00
2015/04/10	17.29	18.30	17.24	17.93	9027676	162286048.00
2015/04/13	17.94	18.86	17.51	18.14	11664646	213268224.00
2015/04/14	17.80	18.76	17.49	18.49	10492779	188535664.00
2015/04/15	17.99	18.19	17.17	17.17	6554750	116348512.00
2015/04/16	16.59	17.47	16.09	16.92	6025436	101125976.00
2015/04/17	17.08	18.21	17.04	17.72	12618521	221554384.00
2015/04/20	17.39	19.09	17.19	18.42	15791211	291197408.00
2015/04/21	18.37	19.98	17.99	19.54	17509664	332245504.00
2015/04/22	20.54	21.50	20.04	21.50	21951487	465409248.00
2015/04/23	21.26	23.65	21.00	23.29	22638328	516364128.00
2015/04/24	22.69	24.89	22.29	23.72	18632191	436323424.00
2015/04/27	23.54	24.96	22.34	24.34	15323892	359712672.00
2015/04/28	24.19	26.74	24.10	25.89	18349435	468631136.00
2015/04/29	25.00	26.54	24.97	25.87	10940802	283065792.00
2015/04/30	25.41	26.19	23.95	23.99	13048071	323101312.00
2015/05/04	25.14	25.48	22.84	23.14	19205919	460430432.00
2015/05/05	22.49	22.67	21.25	21.34	12605182	275373056.00
2015/05/06	21.71	21.98	20.85	21.20	8343084	178471904.00
2015/05/07	21.44	21.94	20.89	21.47	7848963	168874832.00
2015/05/08	22.19	23.09	21.50	23.04	9613953	213869280.00
2015/05/11	23.04	23.54	22.50	23.40	13621778	314678752.00
2015/05/12	23.40	24.49	22.87	24.00	14047642	334430176.00
2015/05/13	24.03	24.03	23.07	23.86	8869342	208551840.00
2015/05/14	23.52	24.39	22.99	23.99	7698653	181322096.00
2015/05/15	23.49	24.12	22.99	23.08	5956780	139577632.00
2015/05/18	22.67	23.69	22.08	22.67	6753164	155195840.00
2015/05/19	22.53	23.09	22.50	23.02	5056696	115274904.00
2015/05/20	23.09	23.89	22.80	23.79	7780364	182516176.00
2015/05/21	24.54	26.17	23.99	26.17	11077481	280542528.00
2015/05/22	27.54	28.79	26.24	28.68	14341878	392565408.00
2015/05/25	28.00	31.55	27.51	27.90	15711202	460418080.00
2015/05/26	28.24	28.95	27.21	28.64	11357611	318427392.00
2015/05/27	28.24	30.29	28.00	29.81	12125911	353160672.00
2015/05/28	29.84	32.11	28.89	28.94	15026997	455255072.00
2015/05/29	29.49	30.39	26.05	29.18	10454425	306944320.00
2015/06/01	28.77	31.13	28.57	30.77	10267323	309497632.00
2015/06/02	31.58	33.25	31.27	32.59	11354374	367690592.00
2015/06/03	32.53	32.56	30.89	32.19	7996671	253495584.00
2015/06/04	31.89	33.12	29.49	30.86	6195789	192906736.00
2015/06/05	31.87	32.01	29.93	31.65	8382450	263078240.00
2015/06/08	31.64	34.82	30.88	34.82	10076755	329243904.00
2015/06/09	35.39	38.26	34.84	36.62	12127563	443211904.00
2015/06/10	35.39	40.28	35.00	39.00	14014356	538517568.00
2015/06/11	38.00	41.97	37.01	40.39	12206202	483447104.00
2015/06/12	40.08	40.97	38.49	40.79	9755862	388455840.00
2015/06/15	42.20	44.49	40.01	41.69	10573975	447634368.00
2015/06/16	40.98	40.99	37.52	37.52	8983235	348970720.00
2015/06/17	36.44	37.99	33.99	37.58	8908020	322685792.00
2015/06/18	37.41	37.49	33.82	33.82	6352686	227814272.00
2015/06/19	31.99	32.99	30.44	30.44	9241020	287378880.00
2015/06/23	30.44	30.98	28.29	30.02	8323899	246548288.00
2015/06/24	30.69	32.17	29.99	31.50	8261760	258944016.00
2015/06/25	31.28	33.42	30.98	31.93	10290651	333683136.00
2015/06/26	30.99	31.79	28.74	28.74	7154627	212107136.00
2015/06/29	30.79	30.79	25.87	25.87	11269338	303997632.00
2015/06/30	24.99	26.86	23.28	25.89	13788861	346990880.00
2015/07/01	25.74	26.94	24.29	24.29	10919220	279840416.00
2015/07/02	23.89	24.39	21.86	21.86	8343648	185135392.00
2015/07/03	19.67	20.77	19.67	19.67	6932871	137552032.00
2015/07/06	20.99	20.99	17.70	17.70	9902354	187822768.00
2015/07/07	15.93	15.93	15.93	15.93	225400	3592876.00
2015/07/08	14.34	14.34	14.34	14.34	77700	1114995.00
2015/07/09	12.91	15.78	12.91	15.78	32073548	457642048.00
2015/07/10	15.69	17.36	15.11	17.36	19145774	322445056.00
2015/07/13	17.69	19.10	17.49	19.10	22347898	410412864.00
2015/07/14	19.19	20.79	17.99	18.84	28980796	559096128.00
2015/07/15	17.99	18.44	16.96	16.96	8807960	155436256.00
2015/07/16	15.27	17.49	15.26	16.34	17366291	283388928.00
2015/07/17	16.42	17.98	16.42	17.79	14453183	251865072.00
2015/07/20	18.18	19.57	18.00	19.57	20066313	380835360.00
2015/07/21	19.44	21.53	18.99	21.53	15236711	317863648.00
2015/07/22	22.12	23.68	21.55	23.46	23330614	534596192.00
2015/07/23	23.19	25.81	22.74	25.81	16534978	412223296.00
2015/07/24	27.66	28.29	24.85	26.98	24311516	663849920.00
2015/07/27	27.29	29.68	24.99	26.11	30819282	871612288.00
2015/07/28	24.29	28.72	23.50	28.72	30482756	781955904.00
2015/07/29	30.10	31.59	27.99	31.59	33581564	994765504.00
2015/07/30	30.97	33.09	28.99	30.26	40262965	1252272128.00
2015/07/31	29.19	32.03	29.02	30.29	32782237	1003328896.00
2015/08/03	30.29	32.94	27.26	27.26	38354514	1155549440.00
2015/08/04	24.53	27.99	24.53	26.85	40146794	1028248320.00
2015/08/05	26.07	27.96	25.34	26.74	33471291	895809344.00
2015/08/06	25.00	25.79	24.07	24.07	25449995	626725184.00
2015/08/07	23.83	24.59	23.01	24.07	25585262	611185856.00
2015/08/10	24.34	26.08	23.69	25.73	29988886	755163584.00
2015/08/11	25.29	26.58	25.04	25.70	27428528	710820224.00
2015/08/12	25.00	25.36	23.25	23.44	22482752	548648384.00
2015/08/13	23.06	24.57	22.95	24.49	15974657	384143936.00
2015/08/14	24.87	25.27	24.29	24.35	17500360	432878272.00
2015/08/17	24.89	26.09	24.07	25.99	22575546	568787008.00
2015/08/18	26.10	26.25	23.39	23.39	19944737	489940192.00
2015/08/19	21.29	23.87	21.05	22.84	17969519	393405344.00
2015/08/20	22.49	22.50	20.56	20.56	12192692	260850384.00
2015/08/21	19.30	20.07	18.50	18.50	12157256	232409680.00
2015/08/24	17.08	17.59	16.65	16.65	4743582	79476968.00
2015/08/25	14.98	15.21	14.98	14.98	7549390	113355320.00
2015/08/26	14.39	15.37	13.48	13.48	13980717	199572416.00
2015/08/27	13.79	14.19	12.23	13.81	13947523	187898992.00
2015/08/28	14.14	15.19	13.82	15.19	16532020	240139536.00
2015/08/31	15.09	15.26	13.67	13.67	14597614	211318816.00
2015/09/01	13.11	13.20	12.30	12.30	8834684	110705544.00
2015/09/02	11.07	12.66	11.07	11.07	11102245	127845968.00
2015/09/07	11.39	11.86	11.22	11.52	9586196	110993168.00
2015/09/08	11.25	12.67	11.22	12.67	10765058	128667584.00
2015/09/09	12.74	13.53	12.74	13.43	13964307	185211296.00
2015/09/10	13.07	14.09	12.63	13.38	13981211	190590352.00
2015/09/11	13.38	13.95	13.09	13.65	11377937	154912432.00
2015/09/14	13.68	14.04	12.28	12.28	9332947	121562048.00
2015/09/15	11.34	11.62	11.05	11.05	8461783	95168128.00
2015/09/16	11.05	12.16	10.96	12.16	10906594	125598760.00
2015/09/17	12.05	12.74	11.54	11.59	12339378	151922832.00
2015/09/18	11.79	12.49	11.39	12.34	11398655	135387280.00
2015/09/21	12.09	12.94	11.91	12.82	11143157	139624896.00
2015/09/22	12.94	13.55	12.64	13.13	16061881	210584448.00
2015/09/23	12.64	12.89	12.42	12.47	11706130	147825104.00
2015/09/24	12.62	13.18	12.50	13.01	10540265	134922320.00
2015/09/25	13.00	13.00	11.79	12.04	9157600	113590464.00
2015/09/28	12.16	12.55	11.49	12.43	5893986	72053000.00
2015/09/29	12.00	12.22	11.85	12.03	4947290	59572496.00
2015/09/30	12.06	12.26	12.02	12.12	4096243	49816416.00
2015/10/08	12.68	12.83	12.44	12.73	7858299	99427240.00
2015/10/09	12.69	13.25	12.60	13.11	11198983	145718128.00
2015/10/12	13.22	14.19	13.22	14.03	15460631	214188448.00
2015/10/13	13.89	14.59	13.69	14.17	15654005	222503056.00
2015/10/14	14.04	14.67	13.99	14.19	16512691	237453504.00
2015/10/15	14.11	15.57	13.89	15.55	18090704	268495808.00
2015/10/16	15.59	17.10	14.78	16.86	25814389	407797280.00
2015/10/19	16.69	17.44	16.36	16.66	21802352	370194688.00
2015/10/20	16.86	16.86	15.99	16.66	14017866	230324528.00
2015/10/21	16.42	16.97	14.99	14.99	18864756	298391200.00
2015/10/22	14.44	15.85	14.44	15.50	16998955	255697488.00
2015/10/23	15.44	16.46	15.10	16.20	17294774	270933120.00
2015/10/26	16.39	16.41	15.59	15.84	12645524	202093376.00
2015/10/27	15.66	15.75	14.45	15.48	11777002	179463968.00
2015/10/28	15.24	16.19	15.24	15.77	15386794	242532112.00
2015/10/29	15.85	16.05	15.39	15.60	9957959	155801104.00
2015/10/30	15.68	15.89	15.44	15.44	9731961	152772256.00
2015/11/02	14.96	15.34	14.49	14.49	9124336	135566672.00
2015/11/03	14.74	15.17	14.24	15.02	9131556	135576816.00
2015/11/04	15.40	16.52	15.29	16.52	18168020	291109920.00
2015/11/05	16.37	16.87	15.99	16.20	19585224	321591904.00
2015/11/06	16.12	16.67	16.08	16.49	14229569	233552992.00
2015/11/09	16.24	16.94	15.99	16.70	16435837	271756832.00
2015/11/10	16.49	17.94	16.38	17.59	24553843	424449824.00
2015/11/11	17.39	17.59	17.04	17.52	13851591	239992848.00
2015/11/12	17.57	17.71	16.84	17.17	12242226	210422416.00
2015/11/13	16.80	17.50	16.71	17.17	12564032	216256240.00
2015/11/16	16.92	18.89	16.60	18.43	26424009	481754144.00
2015/11/17	18.29	19.18	18.22	18.49	24295922	454579232.00
2015/11/18	18.48	18.67	17.49	17.67	14344503	259082896.00
2015/11/19	17.49	17.97	16.99	17.87	10952091	192955568.00
2015/11/20	17.83	18.59	17.69	18.09	11007496	199821392.00
2015/11/23	18.09	19.39	17.79	18.95	19175371	359616064.00
2015/11/24	19.19	19.29	18.19	19.04	11870140	221564192.00
2015/11/25	19.04	20.04	18.89	19.11	16063748	310607712.00
2015/11/26	18.97	19.37	18.79	19.21	13310571	253914592.00
2015/11/27	19.11	19.11	17.29	17.54	14114510	258067328.00
2015/11/30	17.39	17.76	15.99	17.13	10820507	184372688.00
2015/12/01	17.00	17.49	16.64	17.20	7991734	136748400.00
2015/12/02	17.09	17.35	16.19	16.67	6806315	114166224.00
2015/12/03	16.68	17.19	16.60	17.15	5540212	93827376.00
2015/12/04	17.04	17.64	17.00	17.29	7779342	134954736.00
2015/12/07	17.29	17.87	17.00	17.83	7999378	140588432.00
2015/12/08	17.56	18.44	17.09	17.89	22949280	413451968.00
2015/12/09	18.59	18.67	17.29	18.12	18554985	335438752.00
2015/12/10	18.12	18.39	17.57	17.63	15611121	281518112.00
2015/12/11	17.32	17.49	16.58	16.58	10813642	182607632.00
2015/12/14	16.38	16.99	16.14	16.91	5573287	92344056.00
2015/12/15	16.94	17.34	16.71	17.17	6802477	115839768.00
2015/12/16	17.25	17.69	17.11	17.46	6631819	115358920.00
2015/12/17	17.49	17.89	17.41	17.84	7519455	133245584.00
2015/12/18	17.85	17.87	17.27	17.39	8287364	145726784.00
2015/12/21	17.24	17.95	17.22	17.94	8385359	149184144.00
2015/12/22	17.94	18.86	17.94	18.70	12340905	227514288.00
2015/12/23	18.59	18.91	18.22	18.51	10966257	203398128.00
2015/12/24	19.29	20.36	18.59	18.88	28222735	557779712.00
2015/12/25	18.17	18.84	18.04	18.35	14636954	269731936.00
2015/12/28	18.18	18.57	17.76	17.79	10589385	193329872.00
2015/12/29	17.65	17.82	16.99	17.77	6358238	111460760.00
2015/12/30	17.82	18.48	17.69	18.28	8075374	147066512.00
2015/12/31	18.31	18.63	18.04	18.12	5146147	94146040.00
2016/01/04	18.18	18.24	16.31	16.31	4861830	83532152.00
2016/01/05	14.99	16.16	14.68	15.21	8522828	130960584.00
2016/01/06	15.39	15.67	15.21	15.65	5156773	79859656.00
2016/01/07	15.35	15.35	14.08	14.08	1484300	21770224.00
2016/01/08	14.79	14.79	12.79	14.05	5973328	84055248.00
2016/01/11	13.80	13.89	12.71	13.29	7640942	101470536.00
2016/01/12	13.10	13.49	12.59	12.95	4338011	56679860.00
2016/01/13	13.13	13.17	12.29	12.31	5841340	74836928.00
2016/01/14	11.59	12.84	11.54	12.67	8017047	98790496.00
2016/01/15	12.59	12.59	11.71	11.90	4376216	53482268.00
2016/01/18	11.49	12.30	11.36	12.06	4580053	55091268.00
2016/01/19	12.10	12.87	12.00	12.65	6624623	82425968.00
2016/01/20	12.56	12.79	12.24	12.49	5380917	67492128.00
2016/01/21	12.33	12.58	11.80	11.80	5644888	68724256.00
2016/01/22	12.03	12.17	11.54	11.98	3692296	43877580.00
2016/01/25	12.09	12.52	12.09	12.44	4959054	61350452.00
2016/01/26	12.39	12.67	11.50	11.60	6686861	81297544.00
2016/01/27	11.79	11.88	11.03	11.64	4186504	47903028.00
2016/01/28	11.59	12.81	11.49	12.81	19044805	241930528.00
2016/01/29	12.78	14.09	12.50	14.09	17217442	229945392.00
2016/02/01	14.60	15.50	13.82	14.11	29781905	442131488.00
2016/02/02	14.09	15.08	13.60	14.79	26896532	383032960.00
2016/02/03	14.14	14.49	13.79	14.12	17460996	247033552.00
2016/02/04	13.90	14.74	13.82	14.09	19020576	270826464.00
2016/02/05	13.95	14.27	13.51	13.54	13472271	188053200.00
2016/02/15	12.90	13.64	12.84	13.38	8252100	108878560.00
2016/02/16	13.49	14.40	13.42	14.17	13411150	187918288.00
2016/02/17	14.04	14.83	13.89	14.83	14938378	213725312.00
2016/02/18	14.64	14.99	14.25	14.32	12876998	187483808.00
2016/02/19	14.32	14.58	14.09	14.30	7878988	113161128.00
2016/02/22	14.53	14.77	14.25	14.76	11114899	162083024.00
2016/02/23	14.94	14.98	13.99	14.29	10551659	151769888.00
2016/02/24	14.19	14.79	14.13	14.77	11475426	166544864.00
2016/02/25	14.78	14.79	13.29	13.29	9655973	134151848.00
2016/02/26	13.09	13.54	12.09	12.73	8505811	110602744.00
2016/02/29	12.74	12.80	11.49	11.93	7193765	86140408.00
2016/03/01	11.99	12.50	11.80	12.39	6248616	76103928.00
2016/03/02	12.39	13.29	12.17	13.07	8492853	108148096.00
2016/03/03	13.14	13.42	12.89	12.91	8287097	108704952.00
2016/03/04	12.79	13.16	11.99	12.18	6832733	85826000.00
2016/03/07	12.37	12.77	12.34	12.69	5545428	69762936.00
2016/03/08	12.70	12.98	11.99	12.87	5542109	69485632.00
2016/03/09	12.48	13.09	12.31	12.69	4749858	60928508.00
2016/03/10	12.63	13.09	12.50	12.61	4249903	54489020.00
2016/03/11	12.12	12.64	12.12	12.48	2999545	37353496.00
2016/03/14	12.59	13.24	12.59	12.96	5277135	68590768.00
2016/03/15	13.06	13.19	12.84	12.90	4013094	52142700.00
2016/03/16	13.49	13.74	13.02	13.10	7040515	94107736.00
2016/03/17	13.21	13.73	13.00	13.53	9491669	127335712.00
2016/03/18	13.63	14.28	13.52	13.96	10001331	139525488.00
2016/03/21	14.19	14.77	13.92	14.43	11748069	168586688.00
2016/03/22	14.24	14.97	14.08	14.58	9212492	133887808.00
2016/03/23	14.70	14.71	14.19	14.49	6145935	88787312.00
2016/03/24	14.33	15.14	14.12	14.49	10445257	153172256.00
2016/03/25	14.21	14.69	14.21	14.59	5478456	79093944.00
2016/03/28	14.62	15.02	14.50	14.67	6752304	99474248.00
2016/03/29	14.67	14.67	13.60	13.92	7657282	107310200.00
2016/03/30	14.03	14.48	14.03	14.39	6106870	87113360.00
2016/03/31	14.53	14.74	14.39	14.55	6598097	96069840.00
2016/04/01	14.49	15.09	14.33	14.82	8454944	124979976.00
2016/04/05	14.99	15.79	14.84	15.79	14748587	227712624.00
2016/10/26	17.37	17.37	17.37	17.37	507373	8818143.00
2016/10/27	19.11	19.11	19.11	19.11	693047	13251059.00
2016/10/28	19.99	21.02	19.69	20.52	43883572	900629312.00
2016/10/31	19.19	19.44	18.47	18.47	27633445	520139904.00
2016/11/01	18.21	20.32	17.80	20.32	35134690	678538752.00
2016/11/02	20.29	22.29	19.97	20.56	42896572	898346240.00
2016/11/03	19.89	22.62	19.55	22.62	39881184	847671104.00
2016/11/04	23.19	24.88	23.19	24.88	36709176	878160576.00
2016/11/07	25.60	27.37	24.99	27.37	33073603	886190336.00
2016/11/14	30.11	30.11	30.11	30.11	1901790	57281916.00
2016/11/15	30.21	31.69	27.99	28.21	52263340	1542548352.00
2016/11/16	28.10	28.99	27.23	27.64	33224212	932919232.00
2016/11/17	26.69	27.49	26.34	26.93	24331653	653833216.00
2016/11/18	26.79	26.91	26.02	26.44	19849820	524000480.00
2016/11/21	26.54	26.64	25.65	26.35	16339502	427972352.00
2016/11/22	26.12	26.77	25.98	26.24	17200801	452278368.00
2016/11/23	26.39	26.46	25.68	25.91	15639010	407711040.00
2016/11/24	25.79	26.79	25.04	25.08	25262571	657893632.00
2016/11/25	24.42	24.88	23.71	23.92	20617602	498031424.00
2016/11/28	24.01	24.27	23.61	23.71	11502083	275536576.00
2016/11/29	23.73	23.98	22.49	22.55	14717223	340797056.00
2016/11/30	22.32	22.79	22.14	22.51	10237714	229878640.00
2016/12/01	22.54	22.87	22.30	22.64	10334686	233755616.00
2016/12/02	22.79	23.64	21.91	21.93	17536834	400962720.00
2016/12/05	21.24	22.48	21.23	22.12	11482990	251324496.00
2016/12/06	22.19	23.19	22.09	22.72	17741129	403572224.00
2016/12/07	22.52	23.19	22.14	23.06	14497322	328414144.00
2016/12/08	23.09	23.09	22.39	23.04	13015419	296600416.00
2016/12/09	22.87	24.16	22.65	23.12	24042574	563113280.00
2016/12/12	22.96	23.35	20.81	20.81	19341377	425399744.00
2016/12/13	20.33	21.44	20.11	21.16	12350625	259163824.00
2016/12/14	20.98	23.28	20.98	22.29	23408479	526973856.00
2016/12/15	21.79	23.40	21.50	23.16	26156880	594662912.00
2016/12/16	22.99	25.09	22.92	23.85	33897275	811810432.00
2016/12/19	23.39	23.64	21.88	21.93	19903469	447438464.00
2016/12/20	21.79	24.12	21.79	24.12	33774444	803594752.00
2016/12/21	24.48	26.53	24.39	26.53	49829190	1259277568.00
2016/12/22	28.19	28.54	25.27	25.88	47484487	1268527104.00
2016/12/23	25.88	26.14	23.29	23.32	33704818	818197248.00
2016/12/26	22.84	23.99	21.99	23.80	22879094	531095808.00
2016/12/27	23.54	24.35	22.99	23.77	21794037	515763808.00
2016/12/28	23.29	23.97	23.01	23.10	16658223	389272768.00
2016/12/29	23.12	24.47	23.10	24.04	21898361	519388704.00
2016/12/30	23.68	24.90	23.67	23.94	25605195	623697088.00
2017/01/03	23.55	23.94	22.00	23.16	17506830	403419072.00
2017/01/04	22.89	23.25	22.29	22.73	15159167	343783520.00
2017/01/05	22.64	23.79	22.35	23.25	18018727	417005920.00
2017/01/06	22.94	22.94	21.73	21.75	17463763	387953536.00
2017/01/09	21.44	21.44	20.79	20.86	12599185	265194608.00
2017/01/10	20.99	21.74	20.99	21.12	10151079	216055168.00
2017/01/11	21.29	21.71	20.79	20.89	9061700	192518192.00
2017/01/12	20.47	20.87	20.19	20.35	8084400	165462656.00
2017/01/13	20.15	20.55	19.00	19.15	8569353	170568352.00
2017/01/16	19.15	19.44	17.23	17.93	9992979	184274704.00
2017/01/17	17.93	18.46	17.31	18.46	9104527	163186464.00
2017/01/18	18.29	19.49	18.06	18.90	9951852	188374816.00
2017/01/19	18.59	20.57	18.58	19.31	10965736	214286992.00
2017/01/20	19.29	19.57	19.01	19.36	8687301	167881712.00
2017/01/23	19.15	20.97	19.15	20.34	13711067	276704320.00
2017/01/24	20.02	20.32	19.65	19.88	8406657	167266944.00
2017/01/25	19.79	20.08	19.34	19.44	6522483	128288272.00
2017/01/26	19.69	20.10	19.25	19.90	6055094	119250872.00
2017/02/03	19.79	19.87	19.16	19.24	4994780	96833424.00
2017/02/06	19.24	19.49	19.02	19.47	4633771	89412080.00
2017/02/07	19.46	21.22	19.44	20.56	13189590	268947424.00
2017/02/08	20.59	20.86	20.08	20.65	9964497	204313216.00
2017/02/09	20.77	20.99	20.44	20.57	8722116	180721184.00
2017/02/10	20.41	21.48	20.41	20.90	12661224	266275664.00
2017/02/13	21.51	21.93	20.68	20.95	9687917	204758688.00
2017/02/14	20.70	21.19	20.44	21.00	8294881	172611728.00
2017/02/15	20.79	20.95	20.49	20.56	5931797	122568032.00
2017/02/16	20.49	21.49	20.31	21.29	11788562	249870192.00
2017/02/17	21.19	21.39	20.64	20.74	7340798	153701888.00
2017/02/20	20.61	21.49	20.54	21.15	8441124	178538880.00
2017/02/21	21.28	21.37	20.89	21.32	6399083	135324496.00
2017/02/22	21.34	23.45	21.14	23.45	22872000	513935872.00
2017/02/23	24.19	25.65	23.65	24.39	38680632	953531904.00
2017/02/24	23.99	26.18	23.66	25.35	35499743	894301696.00
2017/02/27	24.58	24.94	23.69	23.92	23352049	565766848.00
2017/02/28	23.70	24.14	23.14	23.64	15967674	376693376.00
2017/03/01	23.64	24.14	23.17	24.00	15218750	362057472.00
2017/03/02	23.84	24.76	23.24	23.85	16724553	400860608.00
2017/03/03	23.45	23.57	22.56	22.59	13395185	307970016.00
2017/03/06	22.72	23.09	22.49	22.85	8686007	198004144.00
2017/03/07	22.86	23.18	22.72	22.96	8143140	187188928.00
2017/03/08	23.07	23.09	22.55	22.71	6518978	148171552.00
2017/03/09	22.69	22.69	21.45	21.70	11548693	254624016.00
2017/03/10	21.68	21.94	21.51	21.89	5240204	114309416.00
2017/03/13	21.89	22.02	21.25	21.76	5133216	111110248.00
2017/03/14	21.76	21.89	21.49	21.51	4983554	107850456.00
2017/03/15	21.37	23.66	21.15	23.66	17670913	404795264.00
2017/03/16	24.19	24.42	23.66	24.30	25385193	610636672.00
2017/03/17	24.28	24.39	23.35	23.55	15303605	365906784.00
2017/03/20	23.42	24.33	23.31	23.85	10819471	258787232.00
2017/03/21	23.87	24.26	23.35	24.04	11895108	284294464.00
2017/03/22	23.59	24.97	23.59	23.97	17975116	438676192.00
2017/03/23	23.80	26.29	23.59	25.15	33360098	834828544.00
2017/03/24	24.79	25.66	24.40	24.85	22763845	567243584.00
2017/03/27	24.79	25.42	24.57	25.00	15771965	394831072.00
2017/03/28	24.70	25.04	24.14	24.29	10650049	261699216.00
2017/03/29	24.29	24.83	23.55	24.24	13810740	335681728.00
2017/03/30	23.89	24.58	23.81	24.29	11119646	269207232.00
2017/03/31	24.09	25.64	24.09	24.99	19056307	475738240.00
2017/04/05	27.49	27.49	27.49	27.49	2745326	75496464.00
2017/04/06	30.24	30.24	30.24	30.24	1009257	30530024.00
2017/04/07	33.27	33.27	33.27	33.27	3731309	124177960.00
2017/04/10	36.60	36.60	36.60	36.60	6468452	236810032.00
2017/04/11	40.26	40.26	40.26	40.26	712502	28692456.00
2017/04/12	44.29	44.29	43.99	44.29	29062920	1287361408.00
2017/04/17	40.01	43.01	39.86	39.86	25610501	1027566144.00
2017/04/18	36.18	38.68	35.87	35.87	48198824	1763916928.00
2017/04/19	35.28	36.76	34.99	35.90	29899555	1073091712.00
2017/04/28	34.99	39.49	34.21	39.49	55188926	2134961664.00
2017/05/02	40.99	43.20	39.09	42.29	59446271	2442040576.00
2017/05/03	40.79	40.79	38.06	38.06	44277701	1718660608.00
2017/05/04	36.39	40.09	35.79	36.83	41487464	1577630976.00
2017/05/05	35.79	37.79	35.49	37.04	25125326	923983552.00
2017/05/08	37.09	37.58	33.34	33.34	25872826	900875968.00
2017/05/09	32.04	33.49	30.55	33.09	24917883	801585088.00
2017/05/10	32.98	33.68	30.50	31.03	23023506	737775552.00
2017/05/11	30.99	31.79	29.16	31.64	24640808	758806784.00
2017/05/12	30.99	33.78	30.79	32.56	30844587	999682432.00
2017/05/15	31.99	33.90	31.49	32.84	24852821	820348352.00
2017/05/16	32.16	34.95	32.16	34.49	32807602	1106908544.00
2017/05/17	33.99	36.79	33.59	35.15	37331663	1311073408.00
2017/05/18	34.00	34.79	31.63	31.63	27250798	900859968.00
2017/05/19	31.03	33.87	30.91	33.02	23293199	749299712.00
2017/05/22	32.40	33.10	31.41	31.44	14700497	472892896.00
2017/05/23	31.36	32.14	29.29	29.29	16282944	502645120.00
2017/05/24	28.90	30.14	28.59	29.84	11762192	348826784.00
2017/05/25	29.87	30.61	29.00	30.30	15971036	479448608.00
2017/05/26	30.59	31.30	29.59	29.79	15052148	461019264.00
2017/05/31	30.11	32.77	29.79	31.02	19591832	614883776.00
2017/06/01	30.48	30.87	27.99	28.00	14757209	436079552.00
2017/06/02	28.08	29.76	28.01	29.05	12983036	376819072.00
2017/06/05	28.87	29.39	28.72	28.91	10204012	296734816.00
2017/06/06	28.81	29.04	27.69	28.31	11178957	317000192.00
2017/06/07	28.41	30.76	28.41	30.24	17318043	510484352.00
2017/06/08	30.24	31.44	30.01	30.42	17784372	546968704.00
2017/06/09	30.14	31.79	30.10	31.75	18384336	571955008.00
2017/06/12	31.50	31.75	30.67	31.16	14370182	449050112.00
2017/06/13	30.93	31.67	30.93	31.17	9790584	305850848.00
2017/06/14	31.17	31.25	30.05	30.18	10115028	308609024.00
2017/06/15	29.99	30.49	29.69	29.95	8562145	257814576.00
2017/06/16	29.96	31.19	29.96	30.26	10967895	336431552.00
2017/06/19	29.69	29.96	29.02	29.34	9768134	286338624.00
2017/06/20	29.39	30.94	29.20	30.24	13288587	399672224.00
2017/06/21	30.09	31.63	29.81	31.47	18077207	558846336.00
2017/06/22	31.49	31.76	30.49	30.50	12879615	400883136.00
2017/06/23	30.10	30.46	28.99	29.70	10204452	302064320.00
2017/06/26	29.68	29.95	29.15	29.72	5827769	172539808.00
2017/06/27	29.72	30.17	29.32	29.50	4805418	142809536.00
2017/06/28	29.40	29.68	28.76	29.44	6877437	201144352.00
2017/06/29	29.38	30.17	29.21	29.64	7483659	222686064.00
2017/06/30	29.39	29.94	29.14	29.79	6169592	182538176.00
2017/07/03	30.29	31.29	30.05	30.59	11481443	353564352.00
2017/07/04	30.56	31.23	30.29	30.61	8500231	261853760.00
2017/07/05	30.59	30.88	29.69	30.37	7303456	219586992.00
2017/07/06	30.29	30.42	29.69	29.71	5855540	175298512.00
2017/07/07	30.55	32.57	30.34	30.95	18595577	581433408.00
2017/07/10	30.89	31.36	29.77	30.44	11243922	342841728.00
2017/07/11	29.95	30.29	29.33	29.57	9046350	269797472.00
2017/07/12	29.60	30.14	28.61	29.90	8253899	244073824.00
2017/07/13	29.59	29.80	29.17	29.29	4913300	144527536.00
2017/07/14	28.63	28.96	27.19	27.20	12330171	344492224.00
2017/07/17	26.69	26.87	24.48	24.48	10513939	263450976.00
2017/07/18	23.85	24.71	23.39	24.23	7036810	169998176.00
2017/07/19	24.31	24.49	23.66	24.26	6091817	147042432.00
2017/07/20	24.34	24.54	24.05	24.10	4910683	119417952.00
2017/07/21	23.77	24.49	23.39	24.14	6272177	150751760.00
2017/07/24	24.00	24.65	23.86	24.54	5768322	140655904.00
2017/07/25	24.87	25.27	24.35	24.54	6915002	171832016.00
2017/07/26	24.99	26.84	24.94	25.61	10189297	262839088.00
2017/07/27	25.69	26.09	25.11	25.66	7205917	185182240.00
2017/07/28	25.34	27.14	25.34	26.44	12638891	335439040.00
2017/07/31	25.99	27.19	25.67	27.10	12450211	332486112.00
2017/08/01	26.99	27.96	26.35	27.35	14313021	392314176.00
2017/08/02	27.29	27.79	26.59	27.07	10413417	283011392.00
2017/08/03	26.83	27.64	26.54	26.79	7830801	211663920.00
2017/08/04	26.69	27.49	26.27	26.41	6490113	173740032.00
2017/08/07	26.18	26.80	26.18	26.55	4334170	114949056.00
2017/08/08	29.21	29.21	28.51	29.21	21130687	615339712.00
2017/08/09	29.21	31.49	28.99	29.95	31065502	937524416.00
2017/08/10	29.48	30.62	29.07	29.30	17808339	528108480.00
2017/08/11	28.99	30.47	28.63	29.62	19340229	571131392.00
2017/08/14	29.80	30.44	29.54	30.28	14942169	449044320.00
2017/08/15	30.00	30.19	29.31	29.47	10032600	297630880.00
2017/08/16	29.20	29.62	28.98	29.37	6787438	198967712.00
2017/08/17	29.29	30.18	29.09	30.09	10832267	322244736.00
2017/08/18	29.89	30.77	29.52	29.59	12628015	380970272.00
2017/08/21	29.18	29.84	28.81	29.40	7527968	220902512.00
2017/08/22	29.74	29.80	28.50	28.61	8185101	237807008.00
2017/08/23	28.31	28.78	27.50	27.80	6951767	195308608.00
2017/08/24	27.79	28.07	27.29	27.51	5578820	154410032.00
2017/08/25	27.45	28.29	27.41	27.73	4705404	130583184.00
2017/08/28	27.88	28.27	27.79	27.97	4486653	125742512.00
2017/08/29	27.84	28.56	27.84	28.49	5874362	166495008.00
2017/08/30	28.50	28.96	28.19	28.61	6697868	192431488.00
2017/08/31	28.57	28.57	27.90	28.29	5076892	143411696.00
2017/09/01	28.30	29.54	28.09	29.17	8491332	245933360.00
2017/09/04	29.88	31.94	29.50	30.50	18043829	553738688.00
2017/09/05	29.99	30.74	29.81	30.08	8547569	257613696.00
2017/09/06	30.11	30.28	29.30	29.30	7723534	228366160.00
2017/09/07	29.09	29.79	29.09	29.19	6040256	177597200.00
2017/09/08	29.03	29.61	29.01	29.14	4671752	137053536.00
2017/09/11	29.09	29.09	28.54	28.87	5692439	163935664.00
2017/09/12	28.92	29.09	28.15	28.25	5839087	167140960.00
2017/09/13	28.25	28.76	28.17	28.59	3395674	96831968.00
2017/09/14	28.79	28.80	28.34	28.73	3657100	104396208.00
2017/09/15	28.68	29.00	28.48	29.00	4434101	127734032.00
2017/09/18	29.19	29.19	28.37	28.45	3258100	93230528.00
2017/09/19	28.45	28.64	27.99	28.12	3446703	97286840.00
2017/09/20	28.12	29.53	27.67	29.14	8531667	246191888.00
2017/09/21	28.87	28.95	28.28	28.30	4041554	115609624.00
2017/09/22	28.29	28.87	27.07	28.30	3792787	107666536.00
2017/09/25	28.01	28.40	27.89	27.89	2188700	61520448.00
2017/09/26	27.81	28.30	27.76	28.09	1863822	52180124.00
2017/09/27	28.14	28.33	27.99	28.04	1613800	45336700.00
2017/09/28	28.03	28.18	27.64	27.64	2531100	70477304.00
2017/09/29	27.56	28.03	27.56	27.97	2180401	60785396.00
2017/10/09	28.29	28.35	27.96	28.05	1796502	50532748.00
2017/10/10	28.16	29.18	27.89	28.94	5663274	162210880.00
2017/10/11	28.78	29.47	28.44	28.91	3944755	114502424.00
2017/10/12	28.99	30.24	28.81	29.39	7443452	220105952.00
2017/10/13	29.07	29.53	28.79	29.27	4737547	137815344.00
2017/10/16	29.08	29.39	28.42	28.54	3952481	113908296.00
2017/10/17	28.75	28.84	27.80	27.83	3494602	98394816.00
2017/10/18	27.59	27.99	27.39	27.41	2799102	77614512.00
2017/10/19	27.39	27.55	26.04	26.05	3880176	103252888.00
2017/10/20	26.10	26.85	26.10	26.61	2292801	60727452.00
2017/10/23	26.59	27.96	26.42	27.41	3402422	93046008.00
2017/10/24	27.39	27.92	26.69	26.95	1970500	53478328.00
2017/10/25	26.87	27.25	26.81	27.11	1473513	39811256.00
2017/10/26	27.14	27.33	26.82	26.98	1890400	51151252.00
2017/10/27	26.97	27.24	26.49	26.79	2727401	73192616.00
2017/10/30	26.79	26.79	25.59	25.63	3266861	84495840.00
2017/10/31	25.99	25.99	25.04	25.77	2094291	53526932.00
2017/11/01	25.79	26.27	25.79	25.89	2251485	58662180.00
2017/11/02	25.25	25.99	25.20	25.29	2193213	55716024.00
2017/11/03	25.27	25.87	25.24	25.47	2092363	53436032.00
2017/11/06	25.49	25.75	25.07	25.63	2385962	60645208.00
2017/11/07	25.39	25.93	25.24	25.49	2341001	59777192.00
2017/11/08	25.49	25.86	25.36	25.71	2513990	64707000.00
2017/11/09	25.89	26.39	25.79	25.99	2956501	77235608.00
2017/11/10	25.77	25.98	25.51	25.71	2246670	57628784.00
2017/11/13	25.87	25.89	25.51	25.59	1678786	43104056.00
2017/11/14	25.59	25.79	25.04	25.39	2842380	72316552.00
2017/11/15	25.20	25.63	25.04	25.20	2017640	51022044.00
2017/11/16	25.35	25.39	24.00	24.17	3364600	82919248.00
2017/11/17	24.21	24.24	21.86	22.14	4711701	107437912.00
2017/11/20	22.09	22.48	21.61	22.33	2555022	56479484.00
2017/11/21	22.49	22.53	22.09	22.36	1912875	42721576.00
2017/11/22	22.48	22.79	22.19	22.57	2332015	52393644.00
2017/11/23	22.40	22.79	21.64	21.66	2309790	51437736.00
2017/11/24	21.47	21.84	21.39	21.71	1842363	39925740.00
2017/11/27	21.84	23.88	21.52	23.88	9443313	221590160.00
2017/11/28	23.49	24.66	23.05	24.09	9643658	229212208.00
2017/11/29	23.99	24.05	23.27	23.55	5483041	129259152.00
2017/11/30	23.49	23.92	23.27	23.36	3440989	80975472.00
2017/12/01	23.48	23.86	23.30	23.36	2836136	66647984.00
2017/12/04	23.06	23.33	22.06	22.23	4298480	96569088.00
2017/12/05	22.29	22.69	22.11	22.41	3621096	80991824.00
2017/12/06	22.11	23.57	22.11	22.77	3678572	83785072.00
2017/12/07	22.59	23.01	22.39	22.83	2617410	59654884.00
2017/12/08	22.80	23.38	22.71	23.19	3752341	86533616.00
2017/12/11	22.99	23.26	22.79	23.18	3261712	75307360.00
2017/12/12	23.25	23.44	22.73	22.77	2471691	57229180.00
2017/12/13	22.59	23.59	22.54	23.13	4151922	96283208.00
2017/12/14	23.01	23.26	22.89	22.94	2492121	57480084.00
2017/12/15	22.93	24.87	22.73	24.13	9262359	221191296.00
2017/12/18	23.79	23.97	23.41	23.59	4359235	103093384.00
2017/12/19	23.58	23.79	23.24	23.48	3014592	70806384.00
2017/12/20	23.49	23.84	23.14	23.22	3322310	78321888.00
2017/12/21	23.14	23.48	22.00	22.74	3534380	79818024.00
2017/12/22	22.70	22.82	22.37	22.38	2004269	45295796.00
2017/12/25	22.29	22.43	22.02	22.04	1956355	43370840.00
2017/12/26	22.04	22.85	22.04	22.63	2820201	63391400.00
2017/12/27	22.63	22.87	22.40	22.46	2694972	61026600.00
2017/12/28	22.58	23.49	22.27	23.00	5262331	120844280.00
2017/12/29	23.00	23.54	22.68	22.79	3796712	87562104.00
2018/01/02	22.82	23.34	22.61	23.20	4084245	94161888.00
2018/01/03	23.80	25.52	23.54	25.52	15415218	384062944.00
2018/01/04	25.55	26.29	25.00	25.18	16829422	430939104.00
2018/01/05	24.89	25.50	24.51	24.90	8761630	218543168.00
2018/01/08	24.79	24.79	24.31	24.41	5844785	143086752.00
2018/01/09	24.49	24.78	24.06	24.22	4964775	121036688.00
2018/01/10	24.89	25.34	24.32	24.60	9477388	236099248.00
2018/01/11	24.14	24.48	23.63	24.28	5309335	127518584.00
2018/01/12	24.42	24.87	23.99	24.00	4536401	111070512.00
2018/01/15	24.10	24.86	23.89	24.33	5737748	140564688.00
2018/01/16	24.14	24.75	23.74	24.59	5174322	126124088.00
2018/01/17	24.39	24.57	23.79	24.37	4471314	108230912.00
2018/01/18	24.32	24.79	24.07	24.71	4866387	119779808.00
2018/01/19	24.86	25.13	24.25	24.29	4529411	111253632.00
2018/01/22	24.23	24.33	23.67	24.18	3796262	91052328.00
2018/01/23	24.38	24.65	24.11	24.51	4666588	114029856.00
2018/01/24	24.51	25.07	24.22	24.55	6578899	161922992.00
2018/01/25	24.56	25.19	24.52	24.95	8200485	204535056.00
2018/01/26	24.98	25.21	24.59	24.68	4660702	115774624.00
2018/01/29	24.70	24.93	23.68	23.68	4927301	119420448.00
2018/01/30	23.55	24.09	23.07	23.69	3878511	91320800.00
2018/01/31	23.74	23.74	22.56	22.71	3811412	87864616.00
2018/02/01	22.87	22.97	21.49	21.65	3806701	84827920.00
2018/02/02	21.50	22.09	20.28	21.93	3720282	79458016.00
2018/02/05	21.39	21.97	21.02	21.71	2094300	45473392.00
2018/02/06	21.28	21.96	19.54	19.54	3948920	82743392.00
2018/02/07	19.88	20.29	18.51	19.62	4092040	80529632.00
2018/02/08	19.62	19.98	19.41	19.89	2202692	43561064.00
2018/02/09	19.30	19.39	18.27	18.69	3288811	62317160.00
2018/02/12	18.86	19.23	18.82	19.08	1679400	31970026.00
2018/02/13	19.45	19.94	19.21	19.47	2651500	51999664.00
2018/02/14	19.79	19.79	19.46	19.65	2159600	42429384.00
2018/02/22	19.89	21.44	19.68	20.81	4408991	90599272.00
2018/02/23	21.63	21.98	21.01	21.08	6700342	144036160.00
2018/02/26	21.17	21.71	20.71	21.70	5942591	125705160.00
2018/02/27	21.39	21.53	21.21	21.29	3463691	73926512.00
2018/02/28	21.11	21.73	20.70	21.14	2999008	63746592.00
2018/03/01	20.98	21.47	20.89	21.30	2702801	57546232.00
2018/03/02	21.19	21.42	21.04	21.19	2501001	53102116.00
2018/03/05	21.19	21.42	21.09	21.31	2376856	50667876.00
2018/03/06	21.33	21.87	21.13	21.59	4788750	103336496.00
2018/03/07	21.47	21.69	21.23	21.25	2889150	62049004.00
2018/03/08	21.14	23.38	21.14	23.38	13738289	312363936.00
2018/03/09	23.64	24.19	23.00	23.38	16368228	386390208.00
2018/03/12	23.01	23.34	22.59	23.27	8446445	193727264.00
2018/03/13	23.09	23.14	22.36	22.37	5535500	125880720.00
2018/03/14	22.35	22.84	22.24	22.41	4022300	90905312.00
2018/03/15	22.32	22.83	22.15	22.51	4022410	90673424.00
2018/03/16	22.44	22.94	22.39	22.69	4318997	98234200.00
2018/03/19	22.92	22.92	22.29	22.60	3058286	69367544.00
2018/03/20	22.28	23.57	21.82	22.99	6182370	139898928.00
2018/03/21	22.84	22.98	22.17	22.31	3973079	90300344.00
2018/03/22	22.29	22.47	22.13	22.22	2477748	55271596.00
2018/03/23	21.43	21.43	20.00	20.00	6100785	125461072.00
2018/03/26	19.71	20.74	19.01	20.61	4530948	90374496.00
2018/03/27	20.77	21.11	20.64	21.02	3859803	80819824.00
2018/03/28	20.67	22.54	20.52	21.46	6617447	143034960.00
2018/03/29	21.67	22.27	21.15	21.97	5441235	118389448.00
2018/03/30	22.18	22.79	21.89	22.35	6234723	138856400.00
2018/04/02	22.22	22.23	21.70	21.76	4625432	101621632.00
2018/04/03	21.27	21.90	20.87	21.57	4130095	88337464.00
2018/04/04	21.43	21.79	20.90	20.91	3382464	71910976.00
2018/04/09	20.39	20.84	20.14	20.59	2451797	50448704.00
2018/04/10	20.66	21.06	20.51	20.76	2174955	45262704.00
2018/04/11	20.91	20.97	20.60	20.71	1909404	39745700.00
2018/04/12	20.70	20.88	20.41	20.51	2196671	45191744.00
2018/04/13	20.51	20.67	20.22	20.29	1985600	40571520.00
2018/04/16	19.96	20.28	19.79	20.11	2226078	44589896.00
2018/04/17	20.13	20.37	20.00	20.14	2497925	50423616.00
2018/04/18	20.39	20.98	19.67	20.31	2697808	54506216.00
2018/04/19	20.28	20.97	20.19	20.80	4097687	84580696.00
2018/04/20	20.78	21.49	20.65	21.06	6387337	134995728.00
2018/04/23	20.99	21.37	20.10	20.27	5512985	114326792.00
2018/04/24	19.98	20.44	19.66	20.26	3559543	71533400.00
2018/04/25	20.35	20.35	19.90	19.98	2999542	60196204.00
2018/04/26	19.71	19.79	18.86	19.07	4253736	82010976.00
2018/04/27	19.09	19.25	18.97	19.17	1659213	31729126.00
2018/05/02	19.39	19.40	18.69	19.01	2099247	39819152.00
2018/05/03	18.79	19.09	18.40	18.80	2205708	41451036.00
2018/05/04	18.81	18.97	18.54	18.69	1582317	29735662.00
2018/05/07	18.87	18.97	18.74	18.89	1543082	29145978.00
2018/05/08	18.90	19.17	18.85	19.09	1890000	35862336.00
2018/05/09	19.10	19.10	18.90	19.02	1604285	30488006.00
2018/05/10	19.09	19.18	18.87	19.00	1966140	37426968.00
2018/05/11	19.05	19.14	18.91	18.91	1526940	29035880.00
2018/05/14	19.01	19.05	18.47	18.50	1971701	36870196.00
2018/05/15	18.61	18.61	18.41	18.54	1452309	26868334.00
2018/05/16	18.45	18.93	18.43	18.65	1999800	37491472.00
2018/05/17	18.78	18.78	18.39	18.39	1389370	25708876.00
2018/05/18	18.39	18.70	17.74	18.08	3167800	57290068.00
2018/05/21	18.24	18.33	18.03	18.26	2585007	47073508.00
2018/05/22	18.33	19.11	18.23	18.81	4561009	85385912.00
2018/05/23	18.69	18.69	18.22	18.33	2568400	47311864.00
2018/05/24	18.16	18.42	18.15	18.34	1630035	29888674.00
2018/05/25	18.49	18.86	18.49	18.59	3180528	59378220.00
2018/05/28	18.81	19.09	18.31	18.44	3206100	60316952.00
2018/05/29	18.45	18.45	17.64	17.84	3157591	56573544.00
2018/05/30	17.54	17.54	16.06	16.35	4464218	74155968.00
2018/05/31	16.48	16.74	16.21	16.62	2662600	44029112.00
2018/06/01	16.62	16.62	15.99	16.11	2143108	34931488.00
2018/06/04	16.02	16.83	16.02	16.35	1850872	30374074.00
2018/06/05	16.25	16.69	16.25	16.58	1711496	28314190.00
2018/06/06	16.62	16.66	16.41	16.42	1298799	21445592.00
2018/06/07	16.62	16.62	16.40	16.41	1389135	22902532.00
2018/06/08	16.49	16.49	15.58	15.82	2371011	37736052.00
2018/06/11	15.83	15.96	15.63	15.71	1305107	20647998.00
2018/06/12	15.79	16.04	15.55	15.95	1721439	27268312.00
2018/06/13	15.78	15.90	15.34	15.56	1839100	28609820.00
2018/06/14	15.53	15.63	15.29	15.29	1612462	24840724.00
2018/06/15	15.34	15.43	14.00	14.57	2372100	34731792.00
2018/06/19	14.06	14.28	13.11	13.11	3095571	41904024.00
2018/06/20	13.11	13.44	12.93	13.34	2332900	30889080.00
2018/06/21	13.30	14.68	13.30	14.07	6731269	96482832.00
2018/06/22	14.28	14.64	14.00	14.28	4933451	70635176.00
2018/06/25	14.42	14.49	13.86	13.92	3020312	42625264.00
2018/06/26	13.50	14.15	13.49	13.95	2315951	31996900.00
2018/06/27	13.99	14.17	13.64	13.78	1860600	25933380.00
2018/06/28	13.81	14.15	13.70	13.86	1899700	26514684.00
2018/06/29	13.86	14.22	13.86	14.16	2427487	34204328.00
2018/07/02	14.12	14.29	13.80	13.89	1678200	23580576.00
2018/07/03	13.95	14.48	13.91	14.33	3402925	48575944.00
2018/07/04	14.14	14.22	13.85	13.91	2138788	30034658.00
2018/07/05	13.91	13.95	13.09	13.14	2043101	27581014.00
2018/07/06	13.24	13.57	12.99	13.38	1896900	25311152.00
2018/07/09	13.57	14.44	13.39	13.93	2795702	38970264.00
2018/07/10	13.86	14.14	13.83	13.99	2101702	29418402.00
2018/07/11	13.81	13.81	12.99	13.37	2605301	35079460.00
2018/07/12	13.57	13.84	13.40	13.76	2587000	35578160.00
2018/07/13	13.79	14.14	13.70	13.80	2294401	31899576.00
2018/07/16	13.80	14.14	13.67	14.06	2168400	30173108.00
2018/07/17	14.02	14.07	13.71	13.88	1963400	27214442.00
2018/07/18	13.82	14.06	13.75	13.78	1664100	23078168.00
2018/07/19	13.77	13.87	13.56	13.60	1473900	20180642.00
2018/07/20	13.55	14.29	13.34	14.05	4861401	67385672.00
2018/07/23	14.05	14.22	13.86	14.10	3303700	46429580.00
2018/07/24	14.05	14.79	14.05	14.57	5854572	84829664.00
2018/07/25	14.66	15.48	14.37	14.94	7715741	114925288.00
2018/07/26	14.64	15.49	14.52	14.77	6425573	96125016.00
2018/07/27	14.50	14.76	14.29	14.46	3293901	47877084.00
2018/07/30	14.44	15.25	14.44	14.65	4266151	63283960.00
2018/07/31	14.57	14.57	14.17	14.39	2425901	34789800.00
2018/08/01	14.41	14.79	14.04	14.15	2888020	41857176.00
2018/08/02	14.09	14.14	13.39	13.82	3185440	43622300.00
2018/08/03	13.89	13.94	13.63	13.76	1677000	23105524.00
2018/08/06	13.69	14.10	13.40	13.81	2581988	35731748.00
2018/08/07	13.88	14.44	13.71	14.39	3601630	50996480.00
2018/08/08	14.52	14.88	14.34	14.37	4777883	69678264.00
2018/08/09	14.12	14.67	13.83	14.45	4129601	58936920.00
2018/08/10	14.20	14.49	14.20	14.49	2226469	32021988.00
2018/08/13	14.39	14.66	14.31	14.53	2627464	38074560.00
2018/08/14	14.40	14.55	14.28	14.42	1904600	27443848.00
2018/08/15	14.42	14.81	14.29	14.60	5048823	73781232.00
2018/08/16	14.37	16.06	14.23	15.44	9833762	149083776.00
2018/08/17	15.45	15.69	15.08	15.42	6327676	97139864.00
2018/08/20	15.27	15.67	15.19	15.54	7693678	118929792.00
2018/08/21	15.47	15.97	15.31	15.56	6218181	97169760.00
2018/08/22	15.33	16.49	14.67	16.19	11076275	176041152.00
2018/08/23	15.99	16.08	15.71	15.88	6374592	101386448.00
2018/08/24	15.79	16.11	15.59	15.98	6243523	99251448.00
2018/08/27	15.99	17.58	15.81	17.39	13136741	221034768.00
2018/08/28	17.39	17.39	16.50	16.73	11626579	195432688.00
2018/08/29	16.65	17.16	16.51	16.83	9095972	152712784.00
2018/08/30	16.84	17.28	16.33	17.01	12086621	204332560.00
2018/08/31	16.78	17.31	16.49	16.66	8993499	152088432.00
2018/09/03	16.89	16.89	14.99	16.01	10043995	159295072.00
2018/09/04	15.89	16.19	15.63	15.79	5743783	91117352.00
2018/09/05	15.64	15.64	15.05	15.05	5172731	79271848.00
2018/09/06	15.07	15.20	14.68	14.79	4067000	60694240.00
2018/09/07	14.87	15.19	14.65	15.01	4375606	65449252.00
2018/09/10	15.04	15.79	14.74	15.68	7141810	109464816.00
2018/09/11	15.39	15.74	15.20	15.30	6440600	99346112.00
2018/09/12	15.20	15.25	14.77	14.81	4776010	71484400.00
2018/09/13	14.90	15.09	14.72	14.87	4609200	68775000.00
2018/09/14	15.08	15.14	14.12	14.15	4520800	65920948.00
2018/09/17	13.93	13.93	12.87	13.27	3818911	51092820.00
2018/09/18	13.15	13.64	13.15	13.58	2770300	37108536.00
2018/09/19	13.58	13.86	13.44	13.60	2889900	39611876.00
2018/09/20	13.64	13.94	13.54	13.64	2286259	31331110.00
2018/09/21	13.68	13.76	13.39	13.71	2654697	36174140.00
2018/09/25	13.64	13.84	13.55	13.66	1817152	24883056.00
2018/09/26	13.66	13.74	13.62	13.64	2035496	27850362.00
2018/09/27	13.72	13.72	13.27	13.27	2111895	28504720.00
2018/09/28	13.38	13.47	13.27	13.42	1347148	18043214.00
2018/10/08	13.26	13.29	12.99	13.04	1743079	22830656.00
2018/10/09	13.03	13.19	13.02	13.08	1122960	14717930.00
2018/10/10	13.08	13.16	13.04	13.14	1042954	13682259.00
2018/10/11	12.75	12.75	11.83	11.87	3058900	37121372.00
2018/10/12	11.81	12.79	10.69	12.49	6424589	73749176.00
2018/10/15	12.42	12.42	11.99	12.04	2210411	26924868.00
2018/10/16	11.91	12.21	11.59	11.68	1302300	15464982.00
2018/10/17	11.91	11.96	11.44	11.61	1097500	12821289.00
2018/10/18	11.69	11.69	11.17	11.21	1314200	14954761.00
2018/10/19	11.07	11.54	10.95	11.41	1149800	12999524.00
2018/10/22	11.54	12.03	11.50	11.91	2047843	24317702.00
2018/10/23	11.91	11.99	11.62	11.79	1345600	15929350.00
2018/10/24	11.98	12.27	11.80	11.86	1404162	16833240.00
2018/10/25	11.47	11.67	11.09	11.57	1226243	14050414.00
2018/10/26	11.66	11.89	11.65	11.72	982233	11543523.00
2018/10/29	11.73	11.73	11.35	11.49	881879	10162178.00
2018/10/30	11.50	11.62	11.26	11.58	1097643	12589879.00
2018/10/31	11.57	11.86	11.46	11.74	1267616	14873786.00
2018/11/01	11.70	12.03	11.65	11.74	1923016	22813704.00
2018/11/02	11.77	12.05	11.76	11.99	2257847	26931086.00
2018/11/05	11.94	12.75	11.88	12.59	4804891	59272284.00
2018/11/06	12.54	13.85	12.54	13.25	8483942	111593440.00
2018/11/07	12.90	13.06	12.70	12.73	4927911	63402192.00
2018/11/08	12.81	12.93	12.56	12.60	2518664	31966686.00
2018/11/09	12.55	12.76	12.41	12.57	2022010	25462036.00
2018/11/12	12.49	12.96	12.49	12.92	2588344	33178334.00
2018/11/13	12.61	13.23	12.58	13.11	4249057	55364172.00
2018/11/14	13.11	13.29	12.93	13.01	3439110	45060684.00
2018/11/15	13.00	13.45	12.93	13.33	4416263	58722600.00
2018/11/16	13.33	13.86	13.18	13.81	6455304	87664944.00
2018/11/19	13.72	15.19	13.57	15.19	12003747	173788768.00
2018/11/20	15.64	16.51	15.21	15.26	17995233	285877888.00
2018/11/21	14.49	15.71	14.24	14.78	10859502	161777856.00
2018/11/22	14.79	14.89	14.19	14.21	6368914	92159216.00
2018/11/23	14.19	14.64	13.66	13.70	6302802	89671592.00
2018/11/26	13.58	14.60	13.58	14.02	5403451	76515808.00
2018/11/27	13.88	14.29	13.60	13.72	4329580	60107668.00
2018/11/28	13.75	13.89	13.05	13.36	4391781	58561648.00
2018/11/29	13.43	13.48	12.89	12.89	3348110	44200536.00
2018/11/30	12.86	12.99	12.09	12.62	3035787	38151492.00
2018/12/03	13.01	13.12	12.89	13.09	3586467	46739380.00
2018/12/04	12.99	13.86	12.99	13.69	6117375	82750496.00
2018/12/05	13.28	14.77	13.19	14.21	9299919	130387688.00
2018/12/06	14.11	14.39	13.81	13.94	4234901	59685524.00
2018/12/07	13.99	14.53	13.87	14.52	5951113	85082784.00
2018/12/10	14.28	14.58	14.19	14.28	3882601	55719596.00
2018/12/11	14.12	14.38	13.80	13.98	3542649	49849776.00
2018/12/12	14.15	14.25	13.88	13.89	2354102	33159724.00
2018/12/13	14.03	14.47	13.94	14.19	3657412	52101048.00
2018/12/14	14.19	14.57	13.80	13.89	3699500	52745524.00
2018/12/17	13.90	14.47	13.29	14.32	4406212	61945844.00
2018/12/18	14.29	14.45	13.69	13.83	4139762	58259756.00
2018/12/19	13.83	13.98	13.19	13.26	3336110	44839028.00
2018/12/20	13.22	13.46	13.09	13.32	1798110	23978494.00
2018/12/21	13.33	13.46	13.01	13.04	1971912	26073308.00
2018/12/24	13.13	13.44	13.10	13.43	2067699	27577624.00
2018/12/25	13.29	13.36	12.60	13.20	2744600	35792956.00
2018/12/26	13.22	13.83	13.13	13.57	4283662	58263020.00
2018/12/27	13.91	14.06	13.17	13.17	3257184	44288096.00
2018/12/28	13.05	13.59	13.03	13.59	2761942	36644108.00
2019/01/02	13.92	14.14	13.57	13.63	5872607	81436312.00
2019/01/03	13.32	13.47	13.09	13.16	3508272	46520588.00
2019/01/04	12.72	13.37	12.69	13.28	2864400	37634848.00
2019/01/07	13.27	13.55	13.20	13.45	2648619	35465684.00
2019/01/08	13.47	13.49	13.21	13.25	1733010	23039548.00
2019/01/09	13.29	13.42	13.13	13.15	2471668	32874690.00
2019/01/10	13.12	13.64	13.10	13.51	4467654	60225920.00
2019/01/11	13.51	13.86	13.33	13.81	4474616	60971980.00
2019/01/14	13.79	13.88	13.49	13.73	2795512	38197556.00
2019/01/15	13.71	14.18	13.55	14.11	5107689	71442344.00
2019/01/16	14.18	14.85	13.90	14.25	9428129	135529664.00
2019/01/17	14.06	14.06	13.69	13.71	4917258	68034648.00
2019/01/18	13.59	13.84	13.50	13.68	2409407	32901726.00
2019/01/21	13.77	13.85	13.41	13.49	3284400	44681524.00
2019/01/22	13.42	13.54	13.03	13.08	2909000	38545296.00
2019/01/23	13.07	13.14	12.96	13.07	1638718	21437184.00
2019/01/24	13.12	13.16	12.99	13.14	1375918	18036080.00
2019/01/25	13.49	13.49	13.15	13.16	2341284	31263420.00
2019/01/28	13.22	13.37	13.01	13.05	1451801	19140468.00
2019/01/29	12.79	12.99	12.40	12.74	1811300	22961024.00
2019/01/30	12.79	12.84	12.62	12.66	1357318	17279656.00
2019/01/31	12.66	12.77	12.39	12.41	1916168	24161106.00
2019/02/01	12.30	12.67	12.30	12.62	1111504	13968183.00
2019/02/11	13.45	13.64	13.20	13.36	3854719	51642700.00
2019/02/12	13.23	13.33	13.06	13.29	2889670	38219896.00
2019/02/13	13.27	13.48	13.14	13.45	3050906	40822956.00
2019/02/14	13.34	13.79	13.34	13.75	4456259	60900572.00
2019/02/15	13.79	13.95	13.67	13.70	3570090	49268728.00
2019/02/18	13.71	14.16	13.71	13.99	3503790	48956192.00
2019/02/19	14.04	14.14	13.57	13.81	4385212	60805184.00
2019/02/20	13.94	14.03	13.69	13.80	2756600	38254788.00
2019/02/21	13.75	13.90	13.62	13.69	3491800	48155628.00
2019/02/22	13.70	13.85	13.54	13.85	3388085	46513624.00
2019/02/25	13.99	14.94	13.84	14.66	9480242	136919616.00
2019/02/26	14.62	14.97	14.26	14.50	8775586	128430848.00
2019/02/27	14.54	15.70	14.40	15.22	10099482	150587680.00
2019/02/28	15.13	15.37	14.91	15.07	6396394	96696544.00
2019/03/01	15.10	15.34	14.69	14.96	4551792	68367176.00
2019/03/04	14.96	15.39	14.96	15.08	6905721	104750808.00
2019/03/05	15.16	15.49	15.05	15.30	6745193	102771896.00
2019/03/06	15.45	15.56	15.02	15.38	7570591	115767032.00
2019/03/07	15.33	15.84	15.19	15.56	8086244	125254120.00
2019/03/08	15.32	15.34	14.22	14.26	8557560	127003960.00
2019/03/11	14.37	14.77	14.37	14.75	4695937	68711376.00
2019/03/12	14.98	15.29	14.75	14.96	7009372	105467120.00
2019/03/13	15.17	15.48	14.84	15.06	7834021	119196280.00
2019/03/14	14.99	15.29	14.61	14.72	4758181	70998776.00
2019/03/15	14.83	15.57	14.81	15.19	7299548	111092960.00
2019/03/18	15.20	15.97	15.20	15.89	11607680	181434000.00
2019/03/19	16.00	16.04	15.47	15.69	8762013	137522224.00
2019/03/20	15.60	16.34	15.50	16.34	9676029	153336544.00
2019/03/21	16.41	17.87	16.12	17.12	16713684	278939168.00
2019/03/22	16.91	17.69	16.54	17.34	13730731	236462416.00
2019/03/25	16.87	17.15	16.40	16.46	7610792	127684560.00
2019/03/26	16.58	16.67	15.59	15.70	6367993	101958328.00
2019/03/27	15.74	16.25	15.29	16.25	5574859	88507680.00
2019/03/28	15.91	16.75	15.79	16.42	6803810	111686216.00
2019/03/29	16.42	17.48	16.26	17.06	10005504	168357936.00
2019/04/01	18.09	18.09	17.15	17.57	11217188	196973440.00
2019/04/02	17.54	17.59	17.14	17.35	6090929	105747704.00
2019/04/03	17.67	19.09	17.51	19.09	19386666	356230592.00
2019/04/04	19.56	19.56	18.40	18.72	13503108	255952816.00
2019/04/08	18.78	19.49	18.50	19.19	11165155	213349776.00
2019/04/09	19.34	20.16	18.69	19.57	12030227	234190448.00
2019/04/10	19.53	19.53	18.32	18.46	8997548	167906112.00
2019/04/11	18.32	18.79	17.80	17.87	5935718	108156912.00
2019/04/12	18.19	18.37	17.99	18.12	4020440	72915576.00
2019/04/15	18.30	18.47	17.47	17.55	6188398	110871032.00
2019/04/16	17.29	17.84	17.29	17.81	4082935	72162104.00
2019/04/17	17.74	17.74	17.04	17.22	11169017	192829632.00
2019/04/18	17.07	17.34	16.89	17.14	4769583	81570784.00
2019/04/19	17.09	17.19	16.89	17.14	3532634	60196640.00
2019/04/22	17.17	17.31	16.96	17.03	3272000	55916948.00
2019/04/23	17.01	17.02	16.26	16.37	3594198	59615728.00
2019/04/24	16.51	16.73	16.37	16.65	2591542	42909072.00
2019/04/25	16.62	16.76	15.85	15.99	3118501	50796228.00
2019/04/26	15.87	16.27	15.84	15.92	2390831	38374936.00
2019/04/29	15.89	16.15	15.46	15.59	3019300	47811988.00
2019/04/30	15.62	16.28	15.41	16.23	2899901	46337908.00
2019/05/06	15.84	15.84	14.68	14.81	4070369	62215172.00
2019/05/07	15.14	15.34	14.84	15.16	3019800	45730804.00
2019/05/08	14.94	15.57	14.74	15.41	3708111	56893852.00
2019/05/09	15.29	15.59	15.10	15.28	2068701	31821878.00
2019/05/10	15.48	16.04	14.94	15.97	4286270	66571784.00
2019/05/13	15.66	16.25	15.62	16.21	3568852	56830624.00
2019/05/14	16.03	16.11	15.71	15.76	2908004	46302720.00
2019/05/15	15.91	16.05	15.78	15.91	2413700	38461544.00
2019/05/16	15.94	17.30	15.94	16.53	7238501	120736032.00
2019/05/17	16.82	16.97	16.30	16.39	5620805	93293120.00
2019/05/20	16.39	16.47	15.19	15.94	2987900	47421320.00
2019/05/21	15.91	16.63	15.83	16.49	3392300	55484580.00
2019/05/22	16.51	16.69	16.42	16.60	3428900	56817436.00
2019/05/23	16.57	16.57	15.70	15.94	3433752	55280424.00
2019/05/24	15.69	16.36	15.69	15.74	1922300	30728654.00
2019/05/27	15.93	17.29	15.93	17.02	7771339	130594536.00
2019/05/28	17.09	17.34	16.87	17.06	7808800	133717416.00
2019/05/29	16.78	17.39	16.69	16.98	5859126	99621224.00
2019/05/30	16.69	17.17	16.52	16.77	5098220	85906504.00
2019/05/31	16.71	17.12	16.60	16.74	3061675	51665780.00
2019/06/03	16.78	17.42	16.62	17.28	6518690	112347720.00
2019/06/04	17.14	17.39	16.02	16.50	7509243	123873136.00
2019/06/05	16.54	16.59	15.84	15.85	3746563	60559712.00
2019/06/06	15.87	16.20	15.63	15.87	2542900	40437016.00
2019/06/10	15.80	16.15	15.55	15.83	1601400	25222712.00
2019/06/11	16.24	17.17	16.11	16.89	6332812	105476448.00
2019/06/12	16.82	17.14	16.77	16.84	4046658	68595776.00
2019/06/13	16.87	16.87	16.55	16.72	2808672	46881860.00
2019/06/14	17.22	17.35	16.15	16.16	4033900	67292576.00
2019/06/17	15.84	16.40	15.84	16.21	2915000	46913336.00
2019/06/18	16.32	16.87	16.17	16.80	3794500	62846716.00
2019/06/19	17.70	17.95	17.13	17.24	8913942	155340064.00
2019/06/20	17.56	17.88	17.21	17.78	8992702	158357424.00
2019/06/21	17.60	17.79	17.46	17.53	5484082	96619728.00
2019/06/24	17.35	17.52	17.07	17.37	5430581	94016880.00
2019/06/25	17.37	17.38	16.60	16.77	4487501	75666160.00
2019/06/26	16.68	16.89	16.66	16.85	3107901	52143268.00
2019/06/27	16.95	17.60	16.83	17.39	6348527	109644688.00
2019/06/28	17.44	17.48	16.87	17.11	4177488	71630232.00
2019/07/01	17.68	18.00	17.20	17.72	6668984	117587136.00
2019/07/02	17.80	18.88	17.69	18.60	11949642	219338256.00
2019/07/03	18.58	19.93	18.35	19.16	12818391	243799776.00
2019/07/04	19.02	19.05	17.80	18.00	11117213	203566080.00
2019/07/05	18.17	18.17	17.41	17.61	6686800	118428736.00
2019/07/08	17.50	17.77	17.20	17.28	5844668	101932088.00
2019/07/09	17.71	18.00	17.50	17.90	7058700	125675368.00
2019/07/10	17.56	18.43	17.56	18.40	6371900	114621800.00
2019/07/11	17.50	17.94	17.33	17.59	10385246	183009296.00
2019/07/12	17.33	17.55	17.07	17.09	5126198	88326080.00
2019/07/15	17.15	17.57	17.01	17.50	3762000	65356600.00
2019/07/16	17.91	18.10	17.65	17.66	4408121	78489528.00
2019/07/17	17.59	17.59	17.20	17.32	3586698	62265768.00
2019/07/18	17.34	17.34	16.83	16.89	3031757	51477136.00
2019/07/19	16.89	17.47	16.89	17.43	3252157	55759156.00
2019/07/22	17.17	17.28	16.39	16.39	3798401	63111624.00
2019/07/23	16.50	16.75	16.20	16.59	1686800	27925226.00
2019/07/24	16.55	16.80	16.42	16.60	2551300	42454668.00
2019/07/25	16.60	16.70	16.52	16.61	1492000	24785240.00
2019/07/26	16.60	16.74	16.53	16.66	1485400	24692780.00
2019/07/29	16.63	16.70	16.29	16.35	1972601	32377878.00
2019/07/30	16.39	16.81	16.39	16.63	2532801	42166656.00
2019/07/31	16.58	16.73	16.08	16.08	3211302	52426408.00
2019/08/01	15.93	16.38	15.72	16.14	2470221	39991008.00
2019/08/02	15.68	15.83	15.25	15.58	3506303	54444932.00
2019/08/05	15.46	15.57	15.15	15.19	2275700	34944960.00
2019/08/06	14.78	14.81	13.97	14.42	3885101	55860708.00
2019/08/07	14.47	14.70	14.43	14.49	2930981	42724200.00
2019/08/08	14.51	14.76	14.50	14.59	2190864	32075620.00
2019/08/09	14.61	14.86	14.05	14.19	3793274	54514920.00
2019/08/12	14.29	14.62	14.21	14.62	2209374	31920864.00
2019/08/13	14.42	14.84	14.37	14.53	2169054	31629508.00
2019/08/14	14.73	14.92	14.55	14.59	2031267	29974018.00
2019/08/15	14.26	14.79	14.20	14.76	2193000	31928424.00
2019/08/16	14.72	14.83	14.55	14.59	2397043	35149508.00
2019/08/19	14.62	14.98	14.62	14.98	2867901	42547732.00
2019/08/20	14.98	15.06	14.88	14.93	2553667	38211720.00
2019/08/21	14.74	14.92	14.74	14.80	1859484	27567352.00
2019/08/22	14.79	14.94	14.72	14.90	1407982	20904072.00
2019/08/23	14.90	15.26	14.82	15.09	3309043	49979300.00
2019/08/26	14.71	14.71	14.40	14.51	2905051	42210400.00
2019/08/27	14.51	14.98	14.51	14.90	3001020	44464292.00
2019/08/28	14.95	15.16	14.81	14.92	2288500	34196660.00
2019/08/29	15.12	15.34	14.96	15.18	3292781	49796012.00
2019/08/30	15.10	15.19	14.62	14.74	3224781	47961012.00
2019/09/02	14.74	15.29	14.51	15.20	4558900	68462936.00
2019/09/03	15.10	15.19	14.96	15.18	3085394	46511128.00
2019/09/04	15.18	15.37	15.08	15.24	3223302	49022984.00
2019/09/05	15.35	15.55	15.28	15.29	4099501	63179228.00
2019/09/06	15.35	15.45	15.15	15.25	2318822	35457860.00
2019/09/09	15.44	15.64	15.33	15.58	3087343	47973908.00
2019/09/10	15.57	15.69	15.44	15.65	2223222	34630996.00
2019/09/11	15.60	15.76	15.49	15.53	2248300	35049316.00
2019/09/12	15.62	15.67	15.41	15.61	1920400	29864496.00
2019/09/16	15.85	16.10	15.59	15.70	4054800	64262772.00
2019/09/17	15.60	15.63	15.15	15.26	2685201	41230964.00
2019/09/18	15.26	15.53	15.26	15.34	2120203	32567562.00
2019/09/19	15.26	15.95	15.15	15.60	4044643	62878860.00
2019/09/20	15.56	15.74	15.36	15.64	2994536	46565204.00
2019/09/23	15.55	15.80	15.36	15.51	2538500	39511096.00
2019/09/24	15.60	15.66	15.38	15.46	2038000	31639838.00
2019/09/25	15.50	15.57	15.15	15.29	1874700	28671012.00
2019/09/26	15.35	15.36	14.60	14.70	2235801	33341186.00
2019/09/27	14.91	15.16	14.79	15.05	1749900	26324636.00
2019/09/30	15.05	15.17	14.75	14.77	1641700	24536772.00
2019/10/08	14.89	15.14	14.82	15.02	1624999	24377364.00
2019/10/09	15.05	15.05	14.50	15.04	1572921	23372300.00
2019/10/10	14.95	15.26	14.88	15.26	2354276	35430216.00
2019/10/11	15.17	15.78	15.17	15.58	5399362	83943880.00
2019/10/14	16.28	16.30	15.89	16.08	8373307	134613632.00
2019/10/15	15.90	15.91	15.60	15.75	4121246	64711016.00
2019/10/16	15.75	15.83	15.42	15.52	3010497	46911080.00
2019/10/17	15.51	15.55	15.36	15.38	1740500	26864000.00
2019/10/18	15.44	15.53	15.07	15.08	2333001	35689828.00
2019/10/21	15.08	15.24	14.43	15.24	1974600	29350668.00
2019/10/22	15.15	15.21	14.94	15.10	1522312	22927220.00
2019/10/23	15.15	15.15	14.80	14.86	1361200	20334438.00
2019/10/24	14.78	15.01	14.78	14.95	1083101	16144557.00
2019/10/25	14.89	15.05	14.81	14.96	1311572	19560286.00
2019/10/28	15.04	15.43	14.91	15.39	2557400	38821876.00
2019/10/29	15.41	15.48	15.04	15.08	1930300	29425886.00
2019/10/30	15.24	15.24	14.81	14.84	1475515	22003818.00
2019/10/31	14.85	15.17	14.85	14.96	1726417	25985422.00
2019/11/01	14.92	15.10	14.80	15.05	1377900	20624052.00
2019/11/04	15.22	15.22	14.70	14.85	1551800	23247376.00
2019/11/05	14.88	15.09	14.87	14.96	1212200	18165592.00
2019/11/06	15.00	15.17	14.83	14.91	1343900	20171864.00
2019/11/07	14.87	15.05	14.72	14.93	1302500	19402636.00
2019/11/08	14.97	15.03	14.75	14.81	1149500	17142292.00
2019/11/11	14.88	14.88	14.45	14.50	1199500	17561980.00
2019/11/12	14.50	14.65	14.47	14.62	827400	12050478.00
2019/11/13	14.62	14.73	14.36	14.45	792700	11492051.00
2019/11/14	14.65	14.65	14.25	14.30	1309346	18791568.00
2019/11/15	14.40	14.40	14.12	14.15	978600	13895568.00
2019/11/18	14.11	14.25	14.11	14.18	899600	12774899.00
2019/11/19	14.31	14.34	14.15	14.32	1169690	16702518.00
2019/11/20	14.32	14.37	14.22	14.23	822201	11757467.00
2019/11/21	14.22	14.31	14.16	14.28	712921	10164791.00
2019/11/22	14.24	14.45	14.16	14.20	1052701	15045362.00
2019/11/25	14.26	14.67	14.18	14.61	2968000	43054376.00
2019/11/26	14.61	14.88	14.02	14.73	3406335	49759340.00
2019/11/27	14.59	14.59	14.31	14.32	1856690	26764390.00
2019/11/28	14.44	14.89	14.34	14.43	1571861	22909658.00
2019/11/29	14.35	14.44	14.16	14.24	1407000	20028966.00
2019/12/02	14.20	14.34	14.20	14.25	1124400	16013920.00
2019/12/03	14.20	14.30	14.15	14.27	664700	9471452.00
2019/12/04	14.24	14.38	14.22	14.27	758967	10840104.00
2019/12/05	14.37	14.37	14.27	14.30	1076100	15404960.00
2019/12/06	14.31	14.49	14.30	14.44	1145400	16487958.00
2019/12/09	14.47	14.84	14.39	14.65	2127116	31072100.00
2019/12/10	14.72	14.75	14.53	14.63	1403100	20541356.00
2019/12/11	14.67	14.70	14.50	14.61	1437800	20966384.00
2019/12/12	14.69	14.73	14.53	14.56	811100	11862852.00
2019/12/13	14.71	14.71	14.56	14.65	1317901	19314520.00
2019/12/16	14.73	14.87	14.64	14.83	2214500	32655456.00
2019/12/17	14.86	15.00	14.77	14.93	1997000	29773058.00
2019/12/18	14.97	14.97	14.85	14.88	1408000	20987988.00
2019/12/19	14.87	14.87	14.73	14.81	1720701	25438314.00
2019/12/20	14.91	14.91	14.71	14.71	1431600	21196150.00
2019/12/23	14.71	14.79	14.32	14.37	1750300	25522500.00
2019/12/24	14.35	14.75	14.35	14.68	1799900	26210786.00
2019/12/25	14.71	14.78	14.62	14.73	1562200	22988056.00
2019/12/26	14.73	15.02	14.65	14.93	2458093	36619776.00
2019/12/27	14.99	15.13	14.83	14.84	2696365	40335528.00
2019/12/30	14.96	14.96	14.54	14.87	2887137	42650092.00
2019/12/31	15.04	15.08	14.67	14.77	3630158	53840060.00
2020/01/02	14.95	15.25	14.83	15.07	3727015	56172144.00
2020/01/03	15.05	15.26	14.96	15.18	3116941	47274480.00
2020/01/06	15.17	15.36	14.97	15.13	3538181	53806436.00
2020/01/07	15.20	15.44	15.14	15.26	2561689	39079288.00
2020/01/08	15.30	15.37	15.03	15.08	2561501	38875904.00
2020/01/09	15.14	15.25	15.03	15.14	2241332	33939132.00
2020/01/10	15.15	15.25	15.03	15.16	2000089	30264128.00
2020/01/13	15.16	15.28	15.15	15.25	2052646	31204086.00
2020/01/14	15.30	15.64	15.17	15.48	4511996	69808984.00
2020/01/15	15.48	15.57	15.23	15.33	2300100	35391584.00
2020/01/16	15.33	15.33	15.05	15.12	2205521	33462914.00
2020/01/17	15.20	15.20	15.05	15.08	1532202	23138488.00
数据来源:通达信
