000975 银泰黄金 日线 前复权
      日期	    开盘	    最高	    最低	    收盘	    成交量	    成交额
2013/09/02	5.65	5.78	5.61	5.66	6005249	54285592.00
2013/09/03	5.66	5.75	5.61	5.64	5919826	53433504.00
2013/09/04	5.63	5.73	5.59	5.62	4492971	40464592.00
2013/09/05	5.60	5.64	5.45	5.48	6049459	53258952.00
2013/09/06	5.48	5.56	5.39	5.47	4989657	43565820.00
2013/09/09	5.44	5.61	5.43	5.54	6110200	53829916.00
2013/09/10	5.54	5.69	5.50	5.69	6787676	60900512.00
2013/09/11	5.67	5.75	5.58	5.61	6757504	60791644.00
2013/09/12	5.59	5.59	5.48	5.52	5343046	47170300.00
2013/09/13	5.50	5.50	5.38	5.44	7817595	67862632.00
2013/09/16	5.44	5.56	5.40	5.50	7087105	62125828.00
2013/09/17	5.49	5.50	5.33	5.33	4478297	38794628.00
2013/09/18	5.37	5.41	5.24	5.33	2912594	24822150.00
2013/09/23	5.33	5.44	5.31	5.40	4685035	40279620.00
2013/09/24	5.39	5.40	5.21	5.22	5469201	46232288.00
2013/09/25	5.22	5.27	5.10	5.12	4301263	35958920.00
2013/09/26	5.11	5.20	5.09	5.12	3129172	25942516.00
2013/09/27	5.12	5.24	5.12	5.17	2601702	21686558.00
2013/09/30	5.18	5.25	5.09	5.24	3897923	32581082.00
2013/10/08	5.19	5.29	5.19	5.28	3967441	33515894.00
2013/10/09	5.26	5.31	5.22	5.27	2920051	24690318.00
2013/10/10	5.29	5.29	5.17	5.20	3701482	31070352.00
2013/10/11	5.23	5.33	5.17	5.33	5804161	48958752.00
2013/10/14	5.30	5.48	5.30	5.47	6906987	59701568.00
2013/10/15	5.59	5.59	5.33	5.43	7052013	61350440.00
2013/10/16	5.40	5.40	5.20	5.22	4062142	34405276.00
2013/10/17	5.24	5.29	5.20	5.24	3542786	29884772.00
2013/10/18	5.29	5.29	5.22	5.26	2919905	24650054.00
2013/10/21	5.28	5.37	5.22	5.35	5621298	47788640.00
2013/10/22	5.35	5.72	5.31	5.59	15592798	138947152.00
2013/10/23	5.67	5.76	5.51	5.59	12078383	108106912.00
2013/10/24	5.61	5.65	5.40	5.47	7772339	68580552.00
2013/10/25	5.46	5.55	5.39	5.51	6142542	53817272.00
2013/10/28	5.54	5.54	5.37	5.46	4475963	38875764.00
2013/10/29	5.44	5.51	5.08	5.20	6517678	54971400.00
2013/10/30	5.19	5.31	5.19	5.29	3836739	32376982.00
2013/10/31	5.27	5.29	5.16	5.19	2776815	23264110.00
2013/11/01	5.21	5.25	5.12	5.20	2322669	19366670.00
2013/11/04	5.24	5.36	5.22	5.26	3139466	26692902.00
2013/11/05	5.24	5.50	5.22	5.44	5154102	44572508.00
2013/11/06	5.41	5.49	5.34	5.36	4533921	39293520.00
2013/11/07	5.36	5.42	5.21	5.21	3320388	28145024.00
2013/11/08	5.16	5.24	5.14	5.15	2709051	22566580.00
2013/11/11	5.14	5.22	5.11	5.16	2856780	23755762.00
2013/11/12	5.16	5.20	5.14	5.18	2068245	17236218.00
2013/11/13	5.16	5.18	5.01	5.04	3075232	25285830.00
2013/11/14	5.04	5.09	5.01	5.06	1896302	15459865.00
2013/11/15	5.08	5.18	5.04	5.14	2108057	17492946.00
2013/11/18	5.14	5.26	5.14	5.24	3226124	27112998.00
2013/11/19	5.26	5.27	5.19	5.21	2564820	21537530.00
2013/11/20	5.24	5.25	5.16	5.19	3606069	30141784.00
2013/11/21	5.20	5.36	5.12	5.29	6445971	54648240.00
2013/11/22	5.29	5.29	5.18	5.19	3870941	32492776.00
2013/11/25	5.17	5.21	5.14	5.15	2444086	20349670.00
2013/11/26	5.15	5.18	5.06	5.15	3835596	31576918.00
2013/11/27	5.14	5.22	5.09	5.15	3195741	26606640.00
2013/11/28	5.15	5.33	5.14	5.24	7524124	63685308.00
2013/11/29	5.24	5.30	5.21	5.21	4077548	34434232.00
2013/12/02	5.15	5.18	5.00	5.01	6736731	55219644.00
2013/12/03	5.01	5.11	5.01	5.09	2496579	20460554.00
2013/12/04	5.12	5.18	5.06	5.12	3417629	28313338.00
2013/12/05	5.12	5.18	5.08	5.09	3508822	28945692.00
2013/12/06	5.11	5.17	5.05	5.07	3699468	30479398.00
2013/12/09	5.07	5.13	5.06	5.10	2558338	21039542.00
2013/12/10	5.10	5.14	5.08	5.11	2921226	24084574.00
2013/12/11	5.12	5.25	5.11	5.21	6836224	57109356.00
2013/12/12	5.21	5.24	5.15	5.16	4307505	35971280.00
2013/12/13	5.11	5.14	5.05	5.11	2716516	22352412.00
2013/12/16	5.11	5.31	5.06	5.21	5983949	50228532.00
2013/12/17	5.20	5.24	5.10	5.16	2286084	19054456.00
2013/12/18	5.16	5.20	5.09	5.09	1692342	14008657.00
2013/12/19	5.12	5.19	5.08	5.09	2290227	18948970.00
2013/12/20	5.09	5.11	4.99	5.02	2772167	22587960.00
2013/12/23	5.08	5.08	4.89	4.94	3243765	26084130.00
2013/12/24	4.96	5.02	4.93	5.01	1575470	12688483.00
2013/12/25	5.00	5.03	4.96	5.01	1674973	13540339.00
2013/12/26	5.02	5.51	4.95	5.40	11400051	96073488.00
2013/12/27	5.36	5.36	5.21	5.31	6839604	58147088.00
2013/12/30	5.29	5.38	5.22	5.24	4644778	39419912.00
2013/12/31	5.15	5.33	5.14	5.31	5341526	45029796.00
2014/01/02	5.33	5.36	5.14	5.18	6801901	56658740.00
2014/01/03	5.15	5.19	5.14	5.14	3250422	27032408.00
2014/01/06	5.15	5.25	4.94	5.24	4808314	39925972.00
2014/01/07	5.22	5.22	5.09	5.14	2910393	24209362.00
2014/01/08	5.14	5.17	5.05	5.06	3175668	26099774.00
2014/01/09	5.04	5.14	5.04	5.06	2075549	16995140.00
2014/01/10	5.06	5.15	4.97	5.15	3587055	29346350.00
2014/01/13	5.15	5.24	5.09	5.22	4634305	38594524.00
2014/01/14	5.47	5.48	5.25	5.26	10616252	90866528.00
2014/01/15	5.21	5.22	5.09	5.18	4852022	40344812.00
2014/01/16	5.21	5.31	5.15	5.26	5562933	46897680.00
2014/01/17	5.25	5.26	5.10	5.11	4156389	34606836.00
2014/01/20	5.11	5.22	5.07	5.08	3836951	31749700.00
2014/01/21	5.09	5.16	5.07	5.13	1813235	14990632.00
2014/01/22	5.13	5.23	5.11	5.20	3862510	32316828.00
2014/01/23	5.21	5.25	5.18	5.19	2729769	22870852.00
2014/01/24	5.24	5.31	5.19	5.29	5696649	48308500.00
2014/01/27	5.30	5.44	5.30	5.36	8407652	72514552.00
2014/01/28	5.30	5.34	5.11	5.18	6792461	57038264.00
2014/01/29	5.18	5.26	5.16	5.20	3839726	32163954.00
2014/01/30	5.23	5.24	5.15	5.16	3011640	25108608.00
2014/02/07	5.15	5.21	5.08	5.20	3991194	33135756.00
2014/02/10	5.21	5.35	5.20	5.33	9313752	79424080.00
2014/02/11	5.31	5.42	5.31	5.37	9874154	85006720.00
2014/02/12	5.41	5.66	5.41	5.56	16570659	147394304.00
2014/02/13	5.61	5.65	5.46	5.50	9558588	84704480.00
2014/02/14	5.56	5.72	5.51	5.66	11531485	103788944.00
2014/02/17	5.80	5.86	5.66	5.77	13319715	122085184.00
2014/02/18	5.78	5.79	5.64	5.70	8985609	81496232.00
2014/02/19	5.74	5.83	5.61	5.63	8520419	77410896.00
2014/02/20	5.59	5.70	5.54	5.56	6682906	59565964.00
2014/02/21	5.59	5.61	5.49	5.53	4560787	40437508.00
2014/02/24	5.51	5.53	5.35	5.44	6616094	57318628.00
2014/02/25	5.46	5.50	5.19	5.24	6474678	55716052.00
2014/02/26	5.16	5.41	5.16	5.40	4590983	39115140.00
2014/02/27	5.33	5.44	5.22	5.24	5230549	44788668.00
2014/02/28	5.28	5.49	5.21	5.39	9075650	78379456.00
2014/03/03	5.40	5.49	5.38	5.42	7384446	64090536.00
2014/03/04	5.43	5.43	5.33	5.37	5656059	48715472.00
2014/03/05	5.38	5.42	5.28	5.31	5165435	44396736.00
2014/03/06	5.29	5.34	5.23	5.29	4777091	40562732.00
2014/03/07	5.31	5.38	5.27	5.30	3651127	31148862.00
2014/03/10	5.21	5.21	4.99	5.01	8537013	69891496.00
2014/03/11	4.99	5.06	4.94	5.04	5710202	46297816.00
2014/03/12	5.04	5.32	4.99	5.22	7835603	65674256.00
2014/03/13	5.26	5.33	5.18	5.24	3456556	29066914.00
2014/03/14	5.21	5.28	5.16	5.23	2832348	23827762.00
2014/03/17	5.26	5.32	5.21	5.31	5677646	48111296.00
2014/03/18	5.32	5.33	5.22	5.27	5048228	42853228.00
2014/03/19	5.26	5.34	5.23	5.28	8091191	66889188.00
2014/03/20	5.28	5.33	5.19	5.19	3533164	29143914.00
2014/03/21	5.18	5.31	5.15	5.29	4694242	38771244.00
2014/03/24	5.32	5.33	5.24	5.29	3956450	32794484.00
2014/03/25	5.29	5.31	5.24	5.27	3280544	27135224.00
2014/03/26	5.28	5.29	5.24	5.25	2794608	23064124.00
2014/03/27	5.26	5.28	5.18	5.19	3549651	29165536.00
2014/03/28	5.22	5.22	5.10	5.11	3168340	25672322.00
2014/03/31	5.11	5.31	5.10	5.20	3700441	30236500.00
2014/04/01	5.15	5.29	5.10	5.26	4422769	36430376.00
2014/04/02	5.29	5.31	5.19	5.26	3601113	29764880.00
2014/04/03	5.24	5.24	5.15	5.19	2993787	24432274.00
2014/04/04	5.16	5.26	5.16	5.23	3277247	26892606.00
2014/04/08	5.22	5.32	5.19	5.27	4119567	34011432.00
2014/04/09	5.27	5.36	5.24	5.33	6930057	57551292.00
2014/04/10	5.30	5.35	5.26	5.30	5573924	46363228.00
2014/04/11	5.29	5.38	5.28	5.33	6177587	51684812.00
2014/04/14	5.29	5.34	5.28	5.34	3757947	31321442.00
2014/04/15	5.32	5.40	5.26	5.28	7191036	60050292.00
2014/04/16	5.26	5.28	5.20	5.24	3153335	25965802.00
2014/04/17	5.26	5.26	5.20	5.21	2844911	23336232.00
2014/04/18	5.21	5.25	5.16	5.20	2911831	23812820.00
2014/04/21	5.16	5.22	5.15	5.16	2345851	19090650.00
2014/04/22	5.16	5.19	5.10	5.14	2831979	22895084.00
2014/04/23	5.16	5.16	5.10	5.11	1762169	14220818.00
2014/04/24	5.11	5.15	5.05	5.08	2924765	23458854.00
2014/04/25	5.09	5.11	4.99	5.01	3329381	26419750.00
2014/04/28	5.01	5.06	4.80	5.01	3927505	30513024.00
2014/04/29	5.03	5.07	4.94	5.01	2873635	22598974.00
2014/04/30	5.01	5.04	4.96	5.01	1868703	14718200.00
2014/05/05	5.01	5.03	4.91	4.94	3224625	25251720.00
2014/05/06	4.94	4.96	4.88	4.91	3054854	23745236.00
2014/05/07	4.91	4.95	4.83	4.84	2779732	21424298.00
2014/05/08	4.84	4.91	4.81	4.88	2538672	19602388.00
2014/05/09	4.88	4.98	4.86	4.89	2144158	16657354.00
2014/05/12	4.88	5.15	4.88	5.13	7558221	60365616.00
2014/05/13	5.16	5.21	5.02	5.06	4821655	38731012.00
2014/05/14	5.04	5.11	4.99	5.02	2467438	19576106.00
2014/05/15	4.99	5.04	4.89	4.91	2442394	19087532.00
2014/05/16	4.91	4.96	4.88	4.91	1357372	10553697.00
2014/05/19	4.91	4.96	4.84	4.89	1535716	11853607.00
2014/05/20	4.93	4.96	4.87	4.90	907778	7044950.50
2014/05/21	4.91	4.92	4.86	4.92	1122653	8689701.00
2014/05/22	4.91	4.97	4.91	4.91	1155642	9016522.00
2014/05/23	4.93	4.94	4.89	4.93	1157264	8991982.00
2014/05/26	4.93	4.98	4.91	4.93	2011409	15688235.00
2014/05/27	4.93	4.96	4.88	4.90	2156569	16762307.00
2014/05/28	4.89	4.91	4.86	4.89	2269391	17547952.00
2014/05/29	4.92	4.92	4.81	4.83	2825883	21766166.00
2014/05/30	4.82	4.85	4.80	4.84	1918315	14670912.00
2014/06/03	4.82	4.86	4.81	4.81	1910272	14606664.00
2014/06/04	4.82	4.82	4.66	4.70	2120692	15916185.00
2014/06/05	4.69	4.77	4.65	4.74	1536977	11540828.00
2014/06/06	4.86	5.22	4.86	4.92	7207627	56884484.00
2014/06/09	4.84	4.89	4.71	4.76	3600033	27466314.00
2014/06/10	4.79	4.84	4.73	4.78	2181125	16541270.00
2014/06/11	4.78	5.22	4.78	5.16	13019980	104653008.00
2014/06/12	5.06	5.08	4.72	4.99	7238493	57008404.00
2014/06/13	4.96	5.04	4.95	4.96	3580815	28214296.00
2014/06/16	4.98	5.04	4.96	5.01	3623987	28595182.00
2014/06/17	5.00	5.00	4.92	4.92	1927404	15081142.00
2014/06/18	4.95	4.97	4.87	4.90	2322100	18056384.00
2014/06/19	4.89	4.96	4.77	4.80	2444026	18791600.00
2014/06/20	4.86	4.91	4.84	4.86	2574038	19872458.00
2014/06/23	4.88	5.14	4.88	5.06	6919011	54860896.00
2014/06/24	5.04	5.15	4.98	5.07	5293387	42399612.00
2014/06/25	5.04	5.06	4.97	5.01	2701694	21368624.00
2014/06/26	5.01	5.10	5.01	5.03	2856750	22711308.00
2014/06/27	5.04	5.13	4.99	5.08	3528231	28221468.00
2014/06/30	5.07	5.09	5.02	5.06	3438590	27356980.00
2014/07/01	5.05	5.21	5.05	5.13	5831641	47215996.00
2014/07/02	5.11	5.16	5.09	5.15	3805658	30703830.00
2014/07/03	5.19	5.70	5.19	5.61	22982476	198373552.00
2014/07/04	5.57	6.14	5.51	5.99	29277239	266155024.00
2014/07/07	5.94	6.14	5.83	6.04	14993401	139543504.00
2014/07/08	6.01	6.26	5.95	6.11	15471598	147339152.00
2014/07/09	6.08	6.26	6.00	6.03	10858036	102143008.00
2014/07/10	5.98	6.22	5.97	6.11	9963666	94574168.00
2014/07/11	6.09	6.19	6.04	6.12	6639993	62819804.00
2014/07/14	6.12	6.39	6.09	6.37	8028543	77701496.00
2014/07/15	6.36	6.40	6.19	6.28	6796817	65770948.00
2014/07/16	6.29	6.46	6.24	6.35	7474621	73488712.00
2014/07/17	6.32	6.38	5.98	6.06	9167827	86652664.00
2014/07/18	6.08	6.30	6.06	6.20	5730944	54962492.00
2014/07/21	6.15	6.34	6.07	6.10	4301409	41077824.00
2014/07/22	6.06	6.49	6.06	6.42	11437855	112332744.00
2014/07/23	6.41	6.54	6.35	6.43	8910872	88309000.00
2014/07/24	6.41	6.54	6.26	6.42	6453613	63975412.00
2014/07/25	6.33	7.13	6.29	6.97	17697726	187851952.00
2014/07/28	7.11	7.71	6.86	7.34	22197937	249187888.00
2014/07/29	7.36	7.50	7.14	7.22	13638780	151350288.00
2014/07/30	7.22	7.22	6.90	7.05	14051703	151229504.00
2014/07/31	7.05	7.54	7.05	7.50	13285206	147848512.00
2014/08/01	7.44	7.44	7.14	7.17	8004844	88420032.00
2014/08/04	7.15	7.39	6.97	7.31	8318346	91592568.00
2014/08/05	7.31	7.62	7.14	7.34	11299248	126814168.00
2014/08/06	7.29	7.46	7.18	7.42	7821298	87621800.00
2014/08/07	7.39	7.57	7.04	7.06	10280371	114525648.00
2014/08/08	7.06	7.24	7.06	7.16	5753272	62773940.00
2014/08/11	7.16	7.23	7.08	7.16	4264172	46590992.00
2014/08/12	7.17	7.22	6.93	7.08	7583406	81641040.00
2014/08/13	7.08	7.21	6.99	7.15	6094296	66064412.00
2014/08/14	7.13	7.28	7.05	7.09	4293354	46734400.00
2014/08/15	7.09	7.16	7.05	7.09	3683206	39874888.00
2014/08/18	7.14	7.14	6.62	6.86	15908901	165702896.00
2014/08/19	6.80	6.83	6.72	6.79	7165149	74276736.00
2014/08/20	6.74	6.91	6.74	6.86	6080357	63746952.00
2014/08/21	6.91	7.21	6.81	7.02	9849835	105577168.00
2014/08/22	7.01	7.02	6.74	6.87	5371062	56467464.00
2014/08/25	6.99	6.99	6.76	6.79	3974452	41592696.00
2014/08/26	6.74	6.85	6.64	6.64	5548031	57309476.00
2014/08/27	6.71	6.71	6.48	6.54	5331534	53910608.00
2014/08/28	6.54	6.59	6.29	6.33	6824771	67346512.00
2014/08/29	6.31	6.72	6.31	6.71	7470642	75581008.00
2014/09/01	6.84	7.06	6.69	6.89	6814824	71895800.00
2014/09/02	6.91	7.08	6.91	7.06	8849894	94757296.00
2014/09/03	7.08	7.27	7.05	7.24	10741280	117769800.00
2014/09/04	7.26	7.38	7.13	7.20	7005845	77069120.00
2014/09/05	7.19	7.48	7.19	7.43	12021328	134804592.00
2014/09/09	7.42	7.60	7.42	7.55	8139138	92755592.00
2014/09/10	7.51	7.51	7.35	7.43	7225096	81591760.00
2014/09/11	7.46	7.72	7.40	7.71	13684147	157605008.00
2014/09/12	7.72	7.97	7.62	7.82	9523751	112439952.00
2014/09/15	7.72	8.05	7.72	7.87	9766930	116951352.00
2014/09/16	7.86	8.26	7.85	8.02	14739134	180671600.00
2014/09/17	8.09	8.89	8.03	8.78	18303734	236212160.00
2014/09/18	8.76	8.76	8.42	8.65	12517526	161929936.00
2014/09/19	8.69	8.71	8.51	8.63	5856333	75619544.00
2014/09/22	8.59	8.59	8.21	8.24	9069716	113814232.00
2014/09/23	8.22	8.56	8.22	8.42	8378802	105825240.00
2014/09/24	8.36	8.99	8.31	8.87	10530485	139554336.00
2014/09/25	8.91	9.23	8.75	8.94	9536911	127619232.00
2014/09/26	8.96	8.96	8.56	8.65	9859202	129432256.00
2014/09/29	8.64	8.79	8.40	8.74	6310119	81630384.00
2014/09/30	8.72	9.00	8.69	8.90	6697102	88986496.00
2014/10/08	8.92	8.94	8.64	8.86	5004136	66365296.00
2014/10/09	8.86	8.89	8.47	8.77	8566345	111191728.00
2014/10/10	8.73	8.81	8.53	8.74	7919198	102827088.00
2014/10/13	8.64	8.65	8.23	8.29	13338422	167845456.00
2014/10/14	8.33	8.39	8.05	8.21	10664362	131575248.00
2014/10/15	8.14	8.29	8.11	8.18	4652265	57471988.00
2014/10/16	8.14	8.30	8.09	8.18	7209966	89740240.00
2014/10/17	8.18	8.49	8.16	8.36	6918187	86750104.00
2014/10/20	8.36	8.51	8.26	8.51	5642542	71112624.00
2014/10/21	8.50	8.56	8.36	8.40	3069000	39066288.00
2014/10/22	8.46	8.56	8.31	8.31	4042583	51397964.00
2014/10/23	8.33	8.33	7.86	7.99	7588912	92020472.00
2014/10/24	7.99	8.08	7.91	7.98	3291249	39671660.00
2014/10/27	8.01	8.04	7.87	8.00	1853938	22384416.00
2014/10/28	8.00	8.26	7.99	8.21	4745331	58397940.00
2014/10/29	8.26	8.44	8.21	8.38	6023093	75602712.00
2014/10/30	8.39	8.56	8.34	8.45	6383511	81310928.00
2014/10/31	8.44	8.52	7.96	8.16	5428601	67382992.00
2014/11/03	8.18	8.33	8.06	8.16	5527259	68133944.00
2014/11/04	8.19	8.19	8.06	8.16	3894258	47690324.00
2014/11/05	8.16	8.16	8.03	8.10	2306052	28163650.00
2014/11/06	8.14	8.14	7.91	7.99	4622979	55880448.00
2014/11/07	7.99	8.11	7.89	7.92	4214757	50918300.00
2014/11/10	7.87	8.43	7.87	8.42	9936798	123418312.00
2014/11/11	8.47	8.51	8.11	8.25	7327002	91517448.00
2014/11/12	8.22	8.94	8.22	8.83	17244233	223846624.00
2014/11/13	8.85	8.99	8.61	8.75	8438496	111224424.00
2014/11/14	8.76	8.86	8.53	8.56	7223741	94084584.00
2014/11/17	8.65	8.96	8.52	8.87	10210552	134595408.00
2014/11/18	8.86	8.87	8.41	8.50	8672163	111908712.00
2014/11/19	8.50	8.51	8.06	8.26	7913294	98551888.00
2014/11/20	8.25	8.34	8.12	8.24	2654422	32995760.00
2014/11/21	8.24	8.41	8.22	8.40	5074490	63734452.00
2014/11/24	8.44	8.74	8.29	8.68	14875838	193072160.00
2014/11/25	8.67	8.81	8.49	8.78	8191739	106631152.00
2014/11/26	8.76	8.94	8.65	8.76	6569901	86504936.00
2014/11/27	8.76	8.91	8.66	8.74	6017023	79372632.00
2014/11/28	8.65	9.06	8.63	8.98	15453377	206311200.00
2014/12/01	8.90	8.99	8.46	8.46	12351693	161043968.00
2014/12/02	8.58	8.81	8.49	8.56	12131787	157925072.00
2014/12/03	8.50	9.07	8.39	8.94	21621847	286544064.00
2014/12/04	8.94	9.89	8.92	9.89	34165635	491398912.00
2014/12/05	10.23	10.94	9.76	10.51	41598923	647103552.00
2014/12/08	10.29	10.97	10.23	10.83	23351736	371597568.00
2014/12/09	10.72	11.19	9.79	10.08	22178602	351896000.00
2014/12/10	10.22	10.51	9.58	10.21	17270572	258796832.00
2014/12/11	10.26	11.29	10.09	11.29	19912348	318359488.00
2014/12/12	11.50	12.29	11.36	11.91	26524298	461128032.00
2014/12/15	11.66	12.36	11.22	12.28	14681913	256736096.00
2014/12/16	12.29	12.35	11.75	11.91	11647381	207280448.00
2014/12/17	11.75	12.29	11.58	11.94	10825440	191337504.00
2014/12/18	11.90	12.54	11.74	12.38	12584722	227344544.00
2014/12/19	12.29	12.49	11.88	12.36	10406509	186167584.00
2014/12/22	12.31	12.31	11.06	11.06	14279358	240666000.00
2014/12/23	10.87	10.93	10.09	10.32	13391364	207400176.00
2014/12/24	10.46	10.94	10.35	10.54	7559775	118330632.00
2014/12/25	10.56	10.81	10.54	10.70	4064171	64461352.00
2014/12/26	10.76	10.90	10.46	10.85	7461776	117898416.00
2014/12/29	10.78	10.92	10.55	10.65	6358747	100541560.00
2014/12/30	10.60	10.77	10.01	10.20	9218252	140587776.00
2014/12/31	10.19	10.36	9.73	10.29	7811519	117992160.00
2015/01/05	10.49	11.22	10.21	10.86	12646178	202480752.00
2015/01/06	10.79	11.08	10.62	10.93	8173401	131204336.00
2015/01/07	10.79	11.21	10.79	10.93	5913774	96415528.00
2015/01/08	10.93	11.07	10.50	10.60	4799683	76011944.00
2015/01/09	10.58	10.58	10.04	10.28	15094245	229482112.00
2015/01/12	10.18	10.35	10.02	10.15	5314908	80274232.00
2015/01/13	10.14	10.23	9.99	10.09	4591392	69011624.00
2015/01/14	10.09	10.14	9.22	9.61	11520977	166224912.00
2015/01/15	9.61	9.71	9.33	9.58	5584005	79226736.00
2015/01/16	9.79	10.60	9.78	10.49	17114183	265710432.00
2015/01/19	9.94	10.99	9.77	10.24	11721824	182849040.00
2015/01/20	10.23	10.72	10.23	10.65	8250843	128148984.00
2015/01/21	10.64	11.62	10.64	11.36	13152085	219083696.00
2015/01/22	11.21	11.99	11.15	11.72	16133076	277637824.00
2015/01/23	11.90	12.14	11.16	11.22	11632829	196420640.00
2015/01/26	11.22	11.40	11.04	11.22	8694112	143726592.00
2015/01/27	11.22	11.57	10.95	11.26	8137217	135115696.00
2015/01/28	11.24	11.35	10.81	10.91	6143933	100112712.00
2015/01/29	10.86	11.11	10.71	10.83	5580852	89987896.00
2015/01/30	10.94	11.48	10.79	11.14	8068225	132523472.00
2015/02/02	11.04	11.04	10.59	10.69	5636998	89991008.00
2015/02/03	10.66	10.91	10.55	10.79	4528623	72205152.00
2015/02/04	10.86	10.96	10.66	10.71	3837397	61281216.00
2015/02/05	10.79	10.91	10.34	10.37	8573468	133393736.00
2015/02/06	10.37	10.47	10.08	10.26	4530530	68785536.00
2015/02/09	10.12	10.53	10.12	10.49	5151628	79470080.00
2015/02/10	10.39	10.56	10.36	10.56	2849193	44323972.00
2015/02/11	10.64	10.64	10.39	10.58	4460960	69700912.00
2015/02/12	10.59	10.91	10.57	10.90	7570209	120616568.00
2015/02/13	10.90	12.01	10.90	11.83	19210218	329512672.00
2015/02/16	11.86	12.08	11.54	12.01	15666198	275224096.00
2015/02/17	11.99	12.35	11.85	12.22	8916860	159388432.00
2015/02/25	12.24	12.35	11.79	11.92	7917506	139544464.00
2015/02/26	11.86	12.29	11.84	12.10	7291124	130049864.00
2015/02/27	12.10	13.04	12.09	12.98	11917269	220333568.00
2015/03/02	13.06	13.91	13.06	13.12	18390146	363033504.00
2015/03/03	13.19	13.47	12.76	12.91	16174475	312017472.00
2015/03/04	12.81	13.71	12.81	13.48	16294071	319402304.00
2015/03/05	13.51	13.54	12.79	13.14	16905248	327066624.00
2015/03/06	13.14	13.15	12.47	12.97	14599758	274857792.00
2015/03/09	12.87	12.87	11.61	11.69	34567613	601522176.00
2015/03/10	11.60	12.33	11.49	11.98	28543984	504631680.00
2015/03/11	11.93	12.02	11.36	11.62	26317967	452538528.00
2015/03/12	11.61	11.61	11.26	11.41	23489435	395034880.00
2015/03/13	11.36	11.99	11.33	11.95	21247395	366182208.00
2015/03/16	12.07	13.08	11.78	12.75	29666440	536533824.00
2015/03/17	12.73	12.97	12.28	12.55	26044078	481653376.00
2015/03/18	12.55	12.55	12.19	12.44	21295994	386572384.00
2015/03/19	12.41	12.79	12.19	12.28	24484386	448619360.00
2015/03/20	12.30	12.64	11.97	12.21	26293297	472735712.00
2015/03/23	12.36	12.64	12.24	12.48	29876790	547981696.00
2015/03/24	12.51	12.56	11.94	12.21	26454430	476418016.00
2015/03/25	12.21	12.26	11.74	11.82	25339883	444781952.00
2015/03/26	11.81	12.07	11.63	11.90	13039905	229032160.00
2015/03/27	12.10	12.29	11.91	12.09	13807391	247381232.00
2015/03/30	12.09	12.34	11.99	12.15	19055430	340969408.00
2015/03/31	12.24	12.31	11.97	12.11	18665213	332579584.00
2015/04/01	12.11	12.64	12.02	12.64	28621916	519635104.00
2015/04/02	12.64	12.91	12.51	12.86	36157357	674591808.00
2015/04/03	12.81	12.81	12.51	12.61	25605299	476612672.00
2015/04/07	12.65	13.19	12.65	12.90	28050146	534256128.00
2015/04/08	12.86	13.06	12.08	12.30	28343502	520072960.00
2015/04/09	12.28	12.47	11.64	11.77	21093998	370005216.00
2015/04/10	11.78	12.11	11.78	11.97	17017955	300989376.00
2015/04/13	12.04	12.34	11.84	12.16	20710236	368711328.00
2015/04/14	12.14	12.14	11.78	11.96	20295343	356765664.00
2015/04/15	11.79	11.94	11.65	11.80	16956266	295036224.00
2015/04/16	11.79	12.08	11.65	11.96	15539409	272080192.00
2015/04/17	12.04	12.84	12.00	12.54	36478563	667380096.00
2015/04/20	12.43	12.79	12.01	12.43	36893022	675291584.00
2015/04/21	12.44	12.91	12.29	12.89	32776704	608057920.00
2015/04/22	12.96	13.21	12.79	13.01	34755130	663949952.00
2015/04/23	13.01	13.89	12.79	13.86	46475010	906402368.00
2015/04/24	13.65	13.94	13.29	13.44	29128958	579779136.00
2015/04/27	13.45	14.58	13.45	14.37	44977979	931928128.00
2015/04/28	14.38	15.12	14.30	14.58	39225765	844621568.00
2015/04/29	14.57	15.71	14.39	15.43	28331236	629267904.00
2015/04/30	15.18	15.55	14.87	15.19	22210105	492232992.00
2015/05/04	15.19	15.58	14.23	14.47	23052431	497740928.00
2015/05/05	14.51	14.58	13.29	13.54	19983935	404874880.00
2015/05/06	13.69	13.77	13.08	13.24	14086546	277793856.00
2015/05/07	13.22	13.22	12.47	12.61	13031791	245022720.00
2015/05/08	12.84	13.47	12.78	13.47	14347767	272187456.00
2015/05/11	13.64	14.04	13.58	13.81	29079725	579445440.00
2015/05/12	13.84	14.19	13.57	13.92	21632528	434026048.00
2015/05/13	13.92	13.92	13.26	13.31	25199027	493793824.00
2015/05/14	13.16	14.41	13.13	14.24	33474519	658570176.00
2015/05/15	14.24	15.07	14.05	14.78	30582829	645935680.00
2015/05/18	14.38	15.59	14.35	15.04	30848993	663077376.00
2015/05/19	15.04	15.86	14.91	15.16	25240013	564481920.00
2015/05/20	15.16	15.64	14.89	15.12	21252939	469218976.00
2015/05/21	15.13	15.13	14.51	14.89	22641884	484138912.00
2015/05/22	15.05	16.43	15.05	16.43	16833678	391326656.00
2015/05/25	17.01	17.72	16.83	17.14	33092618	817353024.00
2015/05/26	17.30	18.00	17.09	17.81	25844679	649825408.00
2015/05/27	18.06	18.16	17.01	17.71	23458583	593672832.00
2015/05/28	17.71	18.62	16.83	16.86	23649129	605560128.00
2015/05/29	17.23	17.86	16.17	17.27	16661968	410463040.00
2015/06/01	17.27	18.08	17.16	17.99	16290553	414599776.00
2015/06/02	18.04	18.53	17.81	18.44	17712910	464984416.00
2015/06/03	18.59	19.07	17.37	17.88	15471221	404854080.00
2015/06/04	18.09	18.34	16.04	17.96	17914928	443285504.00
2015/06/05	18.19	19.51	18.19	18.84	27124409	734336384.00
2015/06/08	19.01	19.01	17.79	18.14	16232504	427058944.00
2015/06/09	18.16	18.23	17.36	17.43	17162758	434708352.00
2015/06/10	17.48	17.69	17.09	17.44	14852049	372045696.00
2015/06/11	17.45	17.82	17.34	17.61	14066655	354962016.00
2015/06/12	17.62	17.76	17.29	17.53	14809913	371571424.00
2015/06/15	17.51	17.77	17.23	17.29	14851670	373586912.00
2015/06/16	17.01	17.25	15.65	15.66	19749416	464517504.00
2015/06/17	15.98	16.00	14.51	15.84	15994678	356014112.00
2015/06/18	15.84	16.09	15.22	15.41	10877418	245964880.00
2015/06/19	15.23	15.58	14.54	14.60	10971427	239413344.00
2015/06/23	14.63	15.16	13.11	14.46	12746153	260940352.00
2015/06/24	14.54	15.37	14.54	15.33	12704738	275025792.00
2015/06/25	15.34	15.44	13.83	14.23	10221590	218870848.00
2015/06/26	13.70	13.73	12.76	12.76	11278328	214032800.00
2015/06/29	13.09	13.14	11.44	11.44	17831636	307162080.00
2015/06/30	10.76	11.99	10.24	11.82	20993702	336025952.00
2015/07/01	11.66	11.93	10.59	10.59	20759136	342094400.00
2015/07/02	10.59	10.86	9.49	9.49	21227339	303684640.00
2015/07/03	10.49	10.49	10.00	10.49	46042229	702449984.00
2015/07/06	11.59	11.59	10.03	11.59	105863932	1748577152.00
2015/07/07	10.66	10.68	10.38	10.38	13130400	200327568.00
2015/07/17	11.16	11.46	10.59	11.46	73486328	1201359744.00
2015/07/20	11.30	11.81	11.09	11.62	62651225	1052858816.00
2015/07/21	11.30	11.66	11.13	11.36	36439383	605309568.00
2015/07/22	11.36	11.64	10.80	11.41	37546157	618057088.00
2015/07/23	11.41	12.51	11.16	12.06	53386221	914726464.00
2015/07/24	12.16	12.50	11.66	11.84	61417746	1085078912.00
2015/07/27	11.55	11.66	10.61	10.61	32791599	537753856.00
2015/07/28	10.23	10.58	9.50	9.74	38957155	563517760.00
2015/07/29	9.94	10.58	9.56	10.56	21476037	313624096.00
2015/07/30	10.38	10.69	9.87	9.91	20900948	317277888.00
2015/07/31	9.71	9.96	9.69	9.91	17944786	259459664.00
2015/08/03	9.91	10.49	9.59	10.42	17564890	256083856.00
2015/08/04	10.50	10.94	10.10	10.84	22647370	350012320.00
2015/08/05	10.71	10.80	10.18	10.21	18683020	287075584.00
2015/08/06	9.75	10.19	9.67	9.92	10429214	153098208.00
2015/08/07	10.08	10.29	9.98	10.21	11719634	174608992.00
2015/08/10	10.23	10.90	10.23	10.78	21757741	337392320.00
2015/08/11	10.76	11.88	10.69	11.41	41249671	687828800.00
2015/08/12	11.19	11.49	10.90	11.06	20954334	342149568.00
2015/08/13	11.09	12.11	11.06	11.79	35098785	597816128.00
2015/08/14	11.80	11.82	11.46	11.59	17682218	299306656.00
2015/08/17	11.44	11.65	11.16	11.54	14850976	247808416.00
2015/08/18	11.56	11.84	10.34	10.34	21525266	350606400.00
2015/08/19	9.91	10.56	9.48	10.41	17323372	255927456.00
2015/08/20	10.55	10.90	10.16	10.22	14002758	217490080.00
2015/08/21	10.05	10.44	9.59	9.79	12776085	188211648.00
2015/08/24	9.49	9.49	8.76	8.76	10948382	142966976.00
2015/08/25	7.84	8.01	7.84	7.84	9377968	109458968.00
2015/08/26	7.23	8.09	7.01	7.01	22822348	251239696.00
2015/08/27	7.16	7.34	6.56	7.11	20717870	216693264.00
2015/08/28	7.37	7.84	7.34	7.83	19513316	219054272.00
2015/08/31	7.82	8.09	7.54	7.80	17231676	200981840.00
2015/09/01	7.66	7.66	6.97	6.97	13352451	143058352.00
2015/09/02	6.58	7.18	6.48	7.18	17612232	181289024.00
2015/09/07	7.18	7.50	7.05	7.06	10358276	113229344.00
2015/09/08	7.00	7.42	6.71	7.38	8661429	91904064.00
2015/09/09	7.45	7.77	7.37	7.66	13816069	156792368.00
2015/09/10	7.51	7.55	7.31	7.35	10278229	114016976.00
2015/09/11	7.29	7.43	7.16	7.32	6887940	75159648.00
2015/09/14	7.37	7.51	6.54	6.66	11012646	112785152.00
2015/09/15	6.51	6.51	5.94	5.94	11952347	111728800.00
2015/09/16	6.00	6.59	5.93	6.59	13763202	128674672.00
2015/09/17	6.51	6.74	6.34	6.34	14244471	139931968.00
2015/09/18	6.41	6.48	6.20	6.33	8071600	76874016.00
2015/09/21	6.32	6.58	6.19	6.56	9199307	89010888.00
2015/09/22	6.61	6.85	6.49	6.68	13549798	135666048.00
2015/09/23	6.50	6.76	6.37	6.64	12986414	128706936.00
2015/09/24	6.66	6.77	6.56	6.71	8793015	88016480.00
2015/09/25	6.69	6.74	6.24	6.31	8378926	81735944.00
2015/09/28	6.31	6.35	6.07	6.34	7059099	66404596.00
2015/09/29	6.17	6.22	5.95	6.01	9016330	82791064.00
2015/09/30	6.05	6.15	6.00	6.08	5195954	47889568.00
2015/10/08	6.41	6.74	6.34	6.74	13046315	129078864.00
2015/10/09	6.84	7.46	6.66	7.46	34093108	364597280.00
2015/10/12	7.46	8.22	7.39	7.94	29240800	338959008.00
2015/10/13	7.80	7.99	7.66	7.94	18468487	213422240.00
2015/10/14	7.80	8.02	7.73	7.74	12165208	141830592.00
2015/10/15	7.66	7.94	7.66	7.94	12072099	140988720.00
2015/10/16	7.98	8.26	7.80	8.26	17260016	205530032.00
2015/10/19	8.29	8.29	7.89	7.99	12911195	153983872.00
2015/10/20	7.93	8.18	7.82	8.12	11291380	134003144.00
2015/10/21	8.07	8.19	7.26	7.26	16423146	188682288.00
2015/10/22	7.27	7.57	6.91	7.51	14042108	153473600.00
2015/10/23	7.59	7.79	7.42	7.69	12242240	138232064.00
2015/10/26	7.89	7.91	7.56	7.76	16489381	190395808.00
2015/10/27	7.48	7.84	7.34	7.84	11281120	127648472.00
2015/10/28	7.80	8.17	7.66	7.73	14075025	165839120.00
2015/10/29	7.78	7.99	7.66	7.79	10973030	127435472.00
2015/10/30	7.74	7.94	7.51	7.78	17142366	197783408.00
2015/11/02	7.38	7.86	7.34	7.43	9460131	107174648.00
2015/11/03	7.54	7.73	7.46	7.56	7004717	79072016.00
2015/11/04	7.59	8.36	7.59	8.36	29177446	351493152.00
2015/11/05	8.41	8.94	8.41	8.50	32943763	420912192.00
2015/11/06	8.45	8.79	8.37	8.76	20846533	265756608.00
2015/11/09	8.66	8.91	8.34	8.74	28104638	356322144.00
2015/11/10	8.64	9.66	8.53	9.66	40045046	539336576.00
2015/11/11	9.47	9.64	9.20	9.36	27602918	379246336.00
2015/11/12	9.30	9.69	9.21	9.48	28504817	397159968.00
2015/11/13	9.16	9.29	8.57	8.74	25055450	329485344.00
2015/11/16	8.64	9.19	8.48	9.05	16074841	210879216.00
2015/11/17	9.01	9.36	8.81	8.85	25966560	348706592.00
2015/11/18	8.85	8.98	8.59	8.79	11712045	152481552.00
2015/11/19	8.74	9.23	8.74	9.20	15978268	213958944.00
2015/11/20	9.24	9.37	9.07	9.24	18541684	252742160.00
2015/11/23	9.34	9.36	8.73	8.82	18199163	241920944.00
2015/11/24	8.79	8.87	8.57	8.81	13695931	175719280.00
2015/11/25	8.89	9.00	8.83	8.96	11901700	156838576.00
2015/11/26	9.09	9.48	8.89	9.15	24253195	328750848.00
2015/11/27	8.99	9.17	8.19	8.24	18296781	235189376.00
2015/11/30	8.10	8.32	7.64	8.03	13342828	159281600.00
2015/12/01	8.03	8.27	7.96	8.09	9959351	119984216.00
2015/12/02	8.14	8.35	8.02	8.31	12618785	153694544.00
2015/12/03	8.25	8.56	8.25	8.54	13528339	168990992.00
2015/12/04	8.43	8.73	8.28	8.37	10811017	136188816.00
2015/12/07	8.53	8.79	8.50	8.66	11280664	144565792.00
2015/12/08	8.57	8.64	8.24	8.37	10208002	127192464.00
2015/12/09	8.21	8.61	8.21	8.40	9042363	113249592.00
2015/12/10	8.40	8.59	8.37	8.51	8385379	105220040.00
2015/12/11	8.55	9.12	8.41	8.89	19214672	250683808.00
2015/12/14	8.80	9.66	8.67	9.44	29737509	406560288.00
2015/12/15	9.40	9.46	9.16	9.29	15551620	213112304.00
2015/12/16	9.30	9.51	9.16	9.29	14194451	195335984.00
2015/12/17	9.41	9.59	9.24	9.56	23313840	322525088.00
2015/12/18	9.46	9.49	9.06	9.12	22296097	302983168.00
2015/12/21	9.23	9.28	8.99	9.19	19617769	263885840.00
2015/12/22	9.21	9.44	9.18	9.26	15337089	210459328.00
2015/12/23	9.25	9.29	8.96	9.01	12506176	167904464.00
2015/12/24	8.98	9.22	8.91	9.12	11525547	153993136.00
2015/12/25	9.09	9.17	9.01	9.14	7436039	99860848.00
2015/12/28	9.04	9.14	8.59	8.59	12996576	171420208.00
2015/12/29	8.60	8.71	8.44	8.59	11229672	141707488.00
2015/12/30	8.61	8.73	8.56	8.72	7909818	101238736.00
2015/12/31	8.71	8.80	8.41	8.46	8624877	109787728.00
2016/01/04	8.45	8.54	7.56	7.56	9533668	112125112.00
2016/01/05	7.29	7.76	6.94	7.31	15757513	173436800.00
2016/01/06	7.51	7.70	7.32	7.67	16260152	183473152.00
2016/01/07	7.48	7.51	6.86	6.86	2439000	26209810.00
2016/01/08	7.09	7.29	6.59	7.11	15122775	160220784.00
2016/01/11	6.89	7.29	6.36	6.37	11811078	121020688.00
2016/01/12	6.39	6.76	6.25	6.48	11300537	109984296.00
2016/01/13	6.50	6.62	6.16	6.16	7988471	77710272.00
2016/01/14	6.07	6.40	5.82	6.34	9788264	90012704.00
2016/01/15	6.34	6.39	5.67	5.79	13932400	126742696.00
2016/01/18	5.72	6.00	5.66	5.89	8053427	71813480.00
2016/01/19	5.94	6.18	5.86	6.16	10021377	91336088.00
2016/01/20	6.11	6.26	6.02	6.08	9545362	88482472.00
2016/01/21	5.96	6.19	5.88	5.91	8225803	75090112.00
2016/01/22	5.96	6.29	5.82	6.10	8380050	76222848.00
2016/01/25	6.15	6.31	6.11	6.21	7163811	67183632.00
2016/01/26	6.07	6.19	5.54	5.54	8864929	78709480.00
2016/01/27	5.56	5.62	5.16	5.41	9284389	76429960.00
2016/01/28	5.31	5.41	5.00	5.02	7593629	60790768.00
2016/01/29	5.05	5.42	4.99	5.34	7672535	61735548.00
2016/02/01	5.37	5.51	5.26	5.49	6802860	55999984.00
2016/02/02	5.48	5.77	5.41	5.61	6738716	57733280.00
2016/02/03	5.49	5.63	5.39	5.58	7021345	58718828.00
2016/02/04	5.76	6.19	5.76	6.19	8781180	80403056.00
2016/02/05	6.36	6.58	6.20	6.31	21695498	208472304.00
2016/02/15	6.36	6.99	6.31	6.74	25112430	250676880.00
2016/02/16	6.51	6.97	6.46	6.76	24332480	243469920.00
2016/02/17	6.65	6.69	6.56	6.66	14582927	145036112.00
2016/02/18	6.67	6.90	6.53	6.63	19297576	193882400.00
2016/02/19	6.66	6.70	6.53	6.59	11100730	110115280.00
2016/02/22	6.69	6.91	6.61	6.74	17487952	177141856.00
2016/02/23	6.74	7.33	6.69	7.11	28656057	301326496.00
2016/02/24	7.00	7.15	6.84	7.15	17148926	179685536.00
2016/02/25	7.16	7.19	6.39	6.39	16956267	170965872.00
2016/02/26	6.43	6.93	6.22	6.69	16622165	164487280.00
2016/02/29	6.58	7.08	6.17	6.87	23947785	240539152.00
2016/03/01	6.95	7.61	6.80	7.57	36603988	397644608.00
2016/03/02	7.36	8.03	7.30	7.85	27490988	314540384.00
2016/03/03	7.84	8.23	7.59	7.79	23743032	277691968.00
2016/03/04	7.76	8.50	7.63	7.97	27408286	328633408.00
2016/03/07	8.26	8.81	8.21	8.60	34302974	433529824.00
2016/03/08	8.94	9.34	8.59	8.91	40764253	538838400.00
2016/03/09	8.09	8.35	7.97	7.97	22719103	273123648.00
2016/03/10	7.89	8.13	7.71	7.71	14090540	165802528.00
2016/03/11	7.81	8.06	7.73	8.03	13927295	163711040.00
2016/03/14	8.27	8.36	7.80	8.24	16880161	205194128.00
2016/03/15	8.10	8.12	7.49	7.55	23732760	273792800.00
2016/03/16	7.56	7.89	7.50	7.69	10296825	117792048.00
2016/03/17	7.91	8.30	7.91	8.09	15657058	185390224.00
2016/03/18	8.48	8.93	8.46	8.93	35472503	457147616.00
2016/03/21	8.90	9.14	8.59	9.05	34760617	445923712.00
2016/03/22	8.84	9.15	8.64	8.89	22451041	288672800.00
2016/03/23	8.86	9.02	8.73	8.89	14855565	192162672.00
2016/03/24	8.59	8.76	8.20	8.23	22113482	273475584.00
2016/03/25	8.22	8.45	8.09	8.31	16212783	195274608.00
2016/03/28	8.36	8.48	8.01	8.09	11707669	141712656.00
2016/03/29	8.22	8.48	8.01	8.36	13984597	169046576.00
2016/03/30	8.62	8.85	8.48	8.71	16801789	211940480.00
2016/03/31	8.71	8.78	8.51	8.63	11374913	142548496.00
2016/04/01	8.65	8.98	8.59	8.89	16346844	209999232.00
2016/04/05	8.71	8.91	8.69	8.91	12223293	156875776.00
2016/04/06	8.91	9.04	8.65	8.79	10975757	141075856.00
2016/04/07	8.86	8.90	8.54	8.56	9486534	119277768.00
2016/04/08	8.54	8.69	8.32	8.66	8577729	107055704.00
2016/04/11	8.86	9.56	8.71	9.48	30723142	413438464.00
2016/04/12	9.48	10.05	9.39	9.84	29321334	416433536.00
2016/04/13	10.12	10.76	9.97	9.99	35646044	536086560.00
2016/04/14	10.23	10.28	9.55	9.87	19463571	277614304.00
2016/04/15	9.87	10.44	9.76	10.37	23962640	354725920.00
2016/04/18	10.30	10.69	10.02	10.37	17855914	268587456.00
2016/11/24	11.44	11.44	11.44	11.44	6841467	112884208.00
2016/11/25	11.66	12.49	11.36	12.01	65710123	1129876864.00
2016/11/28	11.73	12.01	11.50	11.56	30965832	523476160.00
2016/11/29	11.41	11.43	10.36	10.55	33940462	530528512.00
2016/11/30	10.30	10.96	9.81	10.57	31942483	475577408.00
2016/12/01	10.41	11.21	10.41	10.95	25213979	396299136.00
2016/12/02	10.87	11.04	10.64	10.76	16985419	265676080.00
2016/12/05	10.36	10.96	10.29	10.71	12698202	195711152.00
2016/12/06	10.74	11.00	10.38	10.39	9561498	147003152.00
2016/12/07	10.51	10.69	10.36	10.41	9215275	139656864.00
2016/12/08	10.59	10.84	10.46	10.69	16300678	251586288.00
2016/12/09	10.56	10.73	10.43	10.54	9562008	146027744.00
2016/12/12	10.45	10.66	9.84	9.89	12760936	188299808.00
2016/12/13	9.87	9.91	9.01	9.64	15882699	217420208.00
2016/12/14	9.51	10.05	9.44	9.84	14036022	199537936.00
2016/12/15	9.62	9.77	9.48	9.55	9180836	127802896.00
2016/12/16	9.37	9.55	9.07	9.24	10070832	135246160.00
2016/12/19	9.41	9.51	9.12	9.17	6765364	90740224.00
2016/12/20	9.24	9.33	8.96	9.19	9869116	131181768.00
2016/12/21	9.29	9.46	9.19	9.34	8636119	116627936.00
2016/12/22	9.28	9.56	9.23	9.42	9696336	133293664.00
2016/12/23	9.42	9.51	9.32	9.43	4942494	67368104.00
2016/12/26	9.36	9.51	9.19	9.48	6873194	93438960.00
2016/12/27	9.43	10.37	9.43	10.16	14937002	212533168.00
2016/12/28	10.11	10.71	10.05	10.55	19624244	297104288.00
2016/12/29	10.48	10.99	10.42	10.86	19299021	301560864.00
2016/12/30	11.01	11.08	10.59	10.83	13468197	209828176.00
2017/01/03	10.81	10.87	10.66	10.73	8513508	131979520.00
2017/01/04	10.76	10.78	10.38	10.56	10955802	166954160.00
2017/01/05	10.66	11.06	10.57	10.94	15159779	238334848.00
2017/01/06	10.87	10.94	10.51	10.56	8506968	131056096.00
2017/01/09	10.50	10.65	9.99	10.64	11680115	172477632.00
2017/01/10	10.76	10.96	10.53	10.55	12495352	194463120.00
2017/01/11	10.52	10.65	10.25	10.26	9225393	138714784.00
2017/01/12	10.23	10.44	10.17	10.17	5270755	78296416.00
2017/01/13	10.19	10.42	10.09	10.31	6586320	97484816.00
2017/01/16	10.36	10.37	9.84	10.29	7512738	110100696.00
2017/01/17	10.23	11.19	10.16	11.01	19740912	306699040.00
2017/01/18	11.12	12.15	11.12	11.49	34266277	577028352.00
2017/01/19	11.21	11.30	10.81	11.01	17789532	283383712.00
2017/01/20	10.93	11.59	10.91	11.37	17065577	279188224.00
2017/01/23	11.36	11.81	11.31	11.34	15282653	255731280.00
2017/01/24	11.44	11.64	10.80	11.18	15332005	246395728.00
2017/01/25	10.89	11.07	10.30	10.48	21455313	330142912.00
2017/01/26	10.41	10.79	10.39	10.61	9745330	149559408.00
2017/02/03	11.06	11.71	10.96	11.14	16057778	262535440.00
2017/02/06	11.28	11.94	11.15	11.83	24670430	415697792.00
2017/02/07	11.84	12.37	11.58	12.06	26463165	455240672.00
2017/02/08	11.94	11.94	11.58	11.76	15152790	256977600.00
2017/02/09	11.81	12.20	11.74	11.81	19226468	331127232.00
2017/02/10	11.51	11.75	11.44	11.61	15611428	260195104.00
2017/02/13	11.81	11.93	11.66	11.71	11104971	188666896.00
2017/02/14	11.65	12.01	11.44	12.01	17532855	296743968.00
2017/02/15	11.94	12.17	11.80	11.81	14067512	242293824.00
2017/02/16	11.82	12.12	11.80	12.04	13060066	225490912.00
2017/02/17	12.11	12.29	11.66	11.70	13676347	234652496.00
2017/02/20	11.53	11.73	11.46	11.62	9062932	151213136.00
2017/02/21	11.69	11.78	11.59	11.71	9064524	152433200.00
2017/02/22	11.71	11.85	11.41	11.44	12004462	200360384.00
2017/02/23	11.43	11.86	11.38	11.71	12551814	210568224.00
2017/02/24	11.89	12.01	11.69	11.98	17311431	296187616.00
2017/02/27	12.07	12.14	11.76	11.86	13228783	227730400.00
2017/02/28	11.80	11.87	11.61	11.75	8142350	137448672.00
2017/03/01	11.59	11.73	11.47	11.62	9981959	166932352.00
2017/03/02	11.59	11.71	11.46	11.49	7440336	123911760.00
2017/03/03	11.17	11.25	10.95	10.97	13948945	222559264.00
2017/03/06	10.94	11.04	10.73	10.81	13461716	211017408.00
2017/03/07	10.76	10.98	10.74	10.97	8269027	129928888.00
2017/03/08	10.91	10.99	10.86	10.99	3979278	62839176.00
2017/03/09	10.93	10.96	10.48	10.52	9322451	144014448.00
2017/03/10	10.44	10.68	10.44	10.59	4977820	76230120.00
2017/03/13	10.59	10.99	10.51	10.91	9393660	147133408.00
2017/03/14	10.94	10.98	10.80	10.93	5761252	90661320.00
2017/03/15	10.96	11.11	10.89	10.96	5809195	92225168.00
2017/03/16	11.31	11.39	10.80	10.86	12814467	203582016.00
2017/03/17	10.81	11.02	10.80	10.86	7865181	123604880.00
2017/03/20	10.86	10.96	10.64	10.68	8591143	132888200.00
2017/03/21	10.84	10.89	10.59	10.71	4753766	73681424.00
2017/03/22	10.72	10.87	10.69	10.84	6185186	96418464.00
2017/03/23	10.81	11.04	10.69	10.91	7412635	116373864.00
2017/03/24	10.86	10.86	10.58	10.65	6777142	104766464.00
2017/03/27	10.76	10.90	10.58	10.77	7123136	110675368.00
2017/03/28	10.74	10.80	10.44	10.49	7679445	117819544.00
2017/03/29	10.51	10.61	9.73	9.73	17778301	259211456.00
2017/03/30	9.89	10.07	9.75	9.98	10859633	156029232.00
2017/03/31	9.85	10.13	9.84	10.03	7605392	109606456.00
2017/04/05	9.96	10.26	9.75	10.17	12911402	187997680.00
2017/04/06	10.24	10.72	10.14	10.51	11018307	167274176.00
2017/04/07	10.41	11.19	10.41	10.94	17015780	269288640.00
2017/04/10	10.72	11.09	10.63	10.91	12701135	200396752.00
2017/04/11	10.83	11.00	10.51	10.91	13408007	209061824.00
2017/04/12	11.07	11.14	10.64	10.69	6897876	107999336.00
2017/04/13	10.81	10.85	10.53	10.66	6624445	101962808.00
2017/04/14	10.71	11.00	10.54	10.69	11311475	176685040.00
2017/04/17	10.61	10.63	9.98	10.07	11477520	168969968.00
2017/04/18	10.21	10.33	10.01	10.13	5509033	81075656.00
2017/04/19	10.09	10.10	9.68	9.93	8223835	116933376.00
2017/04/20	9.94	9.98	9.59	9.78	6617366	93058400.00
2017/04/21	9.89	9.89	9.69	9.74	2307422	32617416.00
2017/04/24	9.74	9.76	9.04	9.24	5176619	70759816.00
2017/04/25	9.24	9.51	9.06	9.19	5296865	71356696.00
2017/04/26	9.19	9.34	9.14	9.23	2945423	39433808.00
2017/04/27	9.23	9.41	9.04	9.35	4880687	65097456.00
2017/04/28	9.34	9.39	9.08	9.21	3730566	49810344.00
2017/05/02	9.09	9.21	8.36	8.57	13648649	172204032.00
2017/05/03	8.58	8.76	8.44	8.64	5745607	71913080.00
2017/05/04	8.55	8.75	8.44	8.71	4038040	50980752.00
2017/05/05	8.86	9.60	8.76	9.53	15693951	209688320.00
2017/05/08	9.59	9.61	9.09	9.26	11095017	149874848.00
2017/05/09	9.27	9.50	9.03	9.17	4769526	63703476.00
2017/05/10	9.15	9.32	9.09	9.15	3930791	52459440.00
2017/05/11	9.11	9.24	8.81	9.05	5020788	65818524.00
2017/05/12	9.16	9.18	8.96	8.96	2093931	27498968.00
2017/05/15	8.91	9.14	8.90	9.04	2151756	28217516.00
2017/05/16	9.01	9.16	8.98	9.16	2209518	29163226.00
2017/05/17	9.20	9.31	9.14	9.27	2557919	34249172.00
2017/05/18	9.39	9.53	9.09	9.14	5280590	71597336.00
2017/05/19	9.03	9.20	8.69	9.05	6404880	82715904.00
2017/05/22	8.94	9.16	8.64	8.67	5855690	75200624.00
2017/05/23	8.73	8.86	8.54	8.61	4946083	62651852.00
2017/05/24	8.39	8.73	8.16	8.59	3508362	43441492.00
2017/05/25	8.58	8.58	8.26	8.40	5885006	72126416.00
2017/05/26	8.43	8.55	8.34	8.41	5151976	63242000.00
2017/05/31	8.55	8.55	8.34	8.34	3008156	36984328.00
2017/06/01	8.34	8.41	8.26	8.30	2959334	35939600.00
2017/06/02	8.36	8.51	8.24	8.46	3685574	45122400.00
2017/06/05	8.51	8.69	8.48	8.56	4476564	56030216.00
2017/06/06	8.56	8.66	8.45	8.61	3880827	48428816.00
2017/06/07	8.68	8.70	8.58	8.66	3945888	49679204.00
2017/06/08	8.69	8.73	8.56	8.69	2785614	35005036.00
2017/06/09	8.61	8.66	8.46	8.55	2680591	33359724.00
2017/06/12	8.50	8.64	8.43	8.52	3202296	39685236.00
2017/06/13	8.53	8.85	8.44	8.71	6923854	87738800.00
2017/06/14	8.73	8.83	8.66	8.75	3975432	50548072.00
2017/06/15	8.65	8.72	8.60	8.67	2726385	34387740.00
2017/06/16	8.67	8.79	8.51	8.61	3575652	44895448.00
2017/06/19	8.61	8.62	8.50	8.54	2631873	32793066.00
2017/06/20	8.52	8.93	8.49	8.82	9119495	115340400.00
2017/06/21	8.78	8.90	8.73	8.79	4658804	59760404.00
2017/06/22	8.84	8.84	8.64	8.72	3210482	40818900.00
2017/06/23	8.81	8.81	8.52	8.64	1996246	25071388.00
2017/06/26	8.64	8.78	8.55	8.69	2604673	32884868.00
2017/06/27	8.69	8.79	8.62	8.72	3177907	40315400.00
2017/06/28	8.72	8.84	8.61	8.82	7555450	96255376.00
2017/06/29	8.86	8.94	8.79	8.89	6603620	85228376.00
2017/06/30	8.86	8.89	8.59	8.68	5086854	64653928.00
2017/07/03	8.66	8.71	8.54	8.69	3484667	43730420.00
2017/07/04	8.64	8.74	8.59	8.73	3043890	38432568.00
2017/07/05	8.71	8.80	8.66	8.75	3164600	40294124.00
2017/07/06	8.74	8.89	8.69	8.87	6893592	88106104.00
2017/07/07	8.87	9.37	8.76	9.19	12620236	166101072.00
2017/07/10	9.09	9.43	9.02	9.21	9972306	133889720.00
2017/07/11	9.19	9.24	9.03	9.03	4567112	60668596.00
2017/07/12	9.04	9.14	8.81	9.09	5485025	71553528.00
2017/07/13	9.06	9.44	9.00	9.39	10811940	146053072.00
2017/07/14	9.37	9.37	8.94	9.21	4928334	65728992.00
2017/07/17	9.12	9.22	8.30	8.55	9321310	118891200.00
2017/07/18	8.46	8.66	8.39	8.58	6429113	79748600.00
2017/07/19	8.70	9.16	8.59	9.16	10647963	138637888.00
2017/07/20	9.09	9.15	8.89	8.91	10966147	143067280.00
2017/07/21	8.86	9.45	8.86	9.36	15796618	211695952.00
2017/07/24	9.29	9.44	9.18	9.31	10548459	142110560.00
2017/07/25	9.31	9.38	9.21	9.36	7088758	95593336.00
2017/07/26	9.48	9.56	9.27	9.44	14216025	194475216.00
2017/07/27	9.40	9.50	9.19	9.28	9222524	124777864.00
2017/07/28	9.23	9.31	9.16	9.30	5525671	74108736.00
2017/07/31	9.21	9.89	9.21	9.89	16845547	235038608.00
2017/08/01	10.05	10.34	9.76	9.89	28540526	417268000.00
2017/08/02	9.84	10.20	9.69	9.91	18668531	269179808.00
2017/08/03	9.99	10.13	9.80	10.02	12419354	179173216.00
2017/08/04	10.07	10.24	9.99	10.02	15797117	231250160.00
2017/08/07	9.84	10.02	9.67	9.94	10437002	148214928.00
2017/08/08	9.91	10.31	9.76	10.16	19499762	285601280.00
2017/08/09	10.11	10.32	9.89	10.26	14844957	217493008.00
2017/08/10	10.37	10.49	10.09	10.26	20663731	307684032.00
2017/08/11	10.16	10.42	9.61	9.75	20692036	303277824.00
2017/08/14	9.71	9.84	9.47	9.69	10341077	144475104.00
2017/08/15	9.62	9.64	9.37	9.48	12264747	168268736.00
2017/08/16	9.51	9.57	9.27	9.36	10625908	144358400.00
2017/08/17	9.68	9.91	9.46	9.59	11999782	167232576.00
2017/08/18	9.44	9.61	9.31	9.53	7957101	109523088.00
2017/08/21	9.55	9.70	9.50	9.59	6181076	86053048.00
2017/08/22	9.59	9.60	9.40	9.47	4802256	65944552.00
2017/08/23	9.45	9.64	9.30	9.46	6743650	92256000.00
2017/08/24	9.41	9.58	9.34	9.41	5182381	70929352.00
2017/08/25	9.41	9.57	9.35	9.48	6563248	90262040.00
2017/08/28	9.41	9.55	9.41	9.51	4661430	64217696.00
2017/08/29	9.62	9.72	9.56	9.57	8423773	117586960.00
2017/08/30	9.61	9.63	9.47	9.53	4690173	64939600.00
2017/08/31	9.51	10.01	9.47	9.93	23599374	336296864.00
2017/09/01	9.94	10.33	9.87	10.11	32863832	482529472.00
2017/09/04	10.30	10.30	10.04	10.22	20472660	301325568.00
2017/09/05	10.28	10.34	10.00	10.24	15392326	226686640.00
2017/09/06	10.16	10.51	10.09	10.44	23209585	347187968.00
2017/09/07	10.41	10.64	10.30	10.31	18662459	281773536.00
2017/09/08	10.44	10.53	10.18	10.27	12614534	188799072.00
2017/09/11	10.30	10.44	10.14	10.37	11608668	172900688.00
2017/09/12	10.29	10.51	10.24	10.28	11753722	175822496.00
2017/09/13	10.19	10.41	10.16	10.29	11770673	175662992.00
2017/09/14	10.30	10.36	10.14	10.16	9131551	135201760.00
2017/09/15	10.17	10.30	9.95	10.11	11751392	171812960.00
2017/09/18	10.15	10.21	9.78	9.79	12304420	177415952.00
2017/09/19	9.80	10.02	9.80	9.93	8302149	119365048.00
2017/09/20	9.94	10.26	9.68	10.15	15223785	221293040.00
2017/09/21	10.10	10.19	9.86	9.87	7391011	107050672.00
2017/09/22	9.87	9.95	9.74	9.81	5714742	81292456.00
2017/09/25	9.81	9.84	9.54	9.55	7064360	98789936.00
2017/09/26	9.59	9.76	9.56	9.61	3544068	49480088.00
2017/09/27	9.69	9.69	9.56	9.59	3474502	48456328.00
2017/09/28	9.50	9.68	9.47	9.47	4071014	56577564.00
2017/09/29	9.44	9.66	9.44	9.62	4695389	64935012.00
2017/10/09	9.74	9.76	9.59	9.67	5062827	70987760.00
2017/10/10	9.60	9.70	9.59	9.61	2994895	41772092.00
2017/10/11	9.64	10.00	9.61	9.92	11516804	164391472.00
2017/10/12	9.85	9.96	9.69	9.77	5714233	80932664.00
2017/10/13	9.81	9.95	9.74	9.89	4710073	67381216.00
2017/10/16	10.01	10.05	9.59	9.66	6389336	90769192.00
2017/10/17	9.67	9.71	9.51	9.51	3861818	53811992.00
2017/10/18	9.53	9.75	9.53	9.69	6234552	87402248.00
2017/10/19	9.65	9.68	9.46	9.51	4371301	60567864.00
2017/10/20	9.44	9.61	9.44	9.60	3639455	50329736.00
2017/10/23	9.64	9.86	9.52	9.61	6272732	87924264.00
2017/10/24	9.53	9.61	9.46	9.56	3599659	49742192.00
2017/10/25	9.55	9.68	9.55	9.64	3443280	48048232.00
2017/10/26	9.57	9.65	9.55	9.63	3054248	42635808.00
2017/10/27	9.65	9.65	9.51	9.60	3502543	48593508.00
2017/10/30	9.63	9.64	9.31	9.44	3534992	48414608.00
2017/10/31	9.44	9.47	9.36	9.44	2674800	36513280.00
2017/11/01	9.44	9.64	9.42	9.64	5781584	80173976.00
2017/11/02	9.64	9.70	9.45	9.61	4959750	68598664.00
2017/11/03	9.59	9.62	9.36	9.48	3657801	50203424.00
2017/11/06	9.49	9.51	9.26	9.47	4021843	54753876.00
2017/11/07	9.47	9.55	9.33	9.52	4388301	59981908.00
2017/11/08	9.50	9.50	9.35	9.41	3141196	42961268.00
2017/11/09	9.41	9.45	9.30	9.36	2576728	35021016.00
2017/11/10	9.31	9.36	9.06	9.14	4779022	63628492.00
2017/11/13	9.09	9.16	8.74	8.86	8467036	109620032.00
2017/11/14	8.87	9.01	8.78	8.86	5895404	75946328.00
2017/11/15	8.86	8.95	8.82	8.89	3474773	44850404.00
2017/11/16	8.89	8.90	8.79	8.83	3018684	38727136.00
2017/11/17	8.83	8.90	8.66	8.69	5191850	66076544.00
2017/11/20	8.73	8.74	8.50	8.64	3946399	49260980.00
2017/11/21	8.62	8.69	8.50	8.56	3324367	41542112.00
2017/11/22	8.56	8.57	8.39	8.46	3369068	41483292.00
2017/11/23	8.42	8.74	8.41	8.48	8261595	103222184.00
2017/11/24	8.41	8.55	8.40	8.51	3442179	42468260.00
2017/11/27	8.66	8.84	8.59	8.64	6742231	85352240.00
2017/11/28	8.58	8.76	8.54	8.71	4893847	61566512.00
2017/11/29	8.66	9.03	8.66	9.02	6023907	77956088.00
2017/11/30	8.89	9.11	8.89	9.02	4010546	52568160.00
2017/12/01	9.01	9.05	8.84	8.89	4126846	53623500.00
2017/12/04	8.87	9.08	8.80	8.89	3622511	46880884.00
2017/12/05	8.89	8.94	8.71	8.83	3118073	39893352.00
2017/12/06	8.74	8.79	8.55	8.70	5541227	69664528.00
2017/12/14	8.98	9.26	8.92	8.95	15745956	207688384.00
2017/12/15	8.89	9.36	8.85	9.34	14958564	197792016.00
2017/12/18	9.34	9.48	9.09	9.26	11327880	153584944.00
2017/12/19	9.29	9.39	9.24	9.29	3247635	43779844.00
2017/12/20	9.29	9.30	9.12	9.13	2560871	34287932.00
2017/12/21	9.14	9.25	9.09	9.17	2981861	39628172.00
2017/12/22	9.24	9.29	9.16	9.17	3603492	48176096.00
2017/12/25	9.31	9.32	9.19	9.26	3475175	46737872.00
2017/12/26	9.24	9.36	9.16	9.24	2991180	40100932.00
2017/12/27	9.25	9.30	9.19	9.25	3313177	44458444.00
2017/12/28	9.19	9.28	9.16	9.26	4729564	63288128.00
2017/12/29	9.24	9.30	9.06	9.20	4141858	55232172.00
2018/01/02	9.23	9.31	9.21	9.24	5043504	67782312.00
2018/01/03	9.30	9.60	9.29	9.47	7975439	109639656.00
2018/01/04	9.47	9.59	9.38	9.58	6688134	92515480.00
2018/01/05	9.55	9.64	9.51	9.57	4295167	59672804.00
2018/01/08	9.57	9.76	9.54	9.68	8409650	118025624.00
2018/01/09	9.73	9.74	9.57	9.61	6299964	88050096.00
2018/01/10	9.55	9.68	9.48	9.66	6442731	89777568.00
2018/01/11	9.64	9.81	9.62	9.79	10445082	147376928.00
2018/01/12	9.82	10.27	9.79	10.22	14145806	205844000.00
2018/01/15	10.34	10.71	10.06	10.21	16792637	253167008.00
2018/01/16	10.37	10.38	10.02	10.10	7638000	112320624.00
2018/01/17	10.11	10.16	9.76	10.00	9187762	132442528.00
2018/01/18	9.98	10.06	9.86	9.96	5047966	72596880.00
2018/01/19	9.96	10.17	9.91	10.11	3311975	48172376.00
2018/01/22	10.23	10.23	10.01	10.09	3467953	50551400.00
2018/01/23	10.07	10.29	10.06	10.23	3478663	51372632.00
2018/01/24	10.29	10.29	10.07	10.09	4202823	61622712.00
2018/01/25	10.24	10.61	10.24	10.46	12346778	187240304.00
2018/01/26	10.37	10.53	10.26	10.40	6072364	91681336.00
2018/01/29	10.50	10.62	10.31	10.42	9632804	145646464.00
2018/01/30	10.33	10.44	10.32	10.41	2988700	44900488.00
2018/01/31	10.43	10.59	10.27	10.55	8982495	136364256.00
2018/02/01	10.57	10.86	10.02	10.23	11803870	178576176.00
2018/02/02	10.19	10.59	10.09	10.56	7413009	110663536.00
2018/02/05	10.33	10.78	10.24	10.50	8388113	128279824.00
2018/02/06	10.36	10.73	10.26	10.27	12204601	185381888.00
2018/02/07	10.37	10.56	10.08	10.17	9792979	146396384.00
2018/02/08	9.91	10.19	9.87	9.91	7196410	103994680.00
2018/02/09	9.67	9.86	9.25	9.36	8382597	115770536.00
2018/02/12	9.22	9.64	9.22	9.56	4162311	57504880.00
2018/02/13	9.69	9.69	9.49	9.51	4281616	59530004.00
2018/02/14	9.56	9.69	9.56	9.61	3186402	44388036.00
2018/02/22	9.85	10.06	9.73	10.00	4975860	71694672.00
2018/02/23	10.01	10.09	9.94	10.01	3699958	53645888.00
2018/02/26	10.07	10.44	9.96	10.30	6159757	91570672.00
2018/02/27	10.25	10.36	10.20	10.29	3762285	55908180.00
2018/02/28	10.23	10.34	10.01	10.19	3528253	52006516.00
2018/03/01	10.13	10.30	10.11	10.29	3698388	54708700.00
2018/03/02	10.29	10.29	10.13	10.14	3166621	46604276.00
2018/03/05	10.21	10.26	10.09	10.16	3133722	46140168.00
2018/03/06	10.21	10.26	10.09	10.21	3236276	47695852.00
2018/03/07	10.26	10.51	10.26	10.34	7015228	105391792.00
2018/03/08	10.26	10.34	10.10	10.20	5251970	77292008.00
2018/03/09	10.14	10.21	9.94	10.11	5496416	79855560.00
2018/03/12	10.16	10.37	9.95	9.99	7075160	102972016.00
2018/03/13	10.00	10.14	9.94	10.01	5102623	74015784.00
2018/03/14	10.06	10.07	9.91	9.94	3611976	52293164.00
2018/03/15	9.98	9.98	9.84	9.93	2616845	37549612.00
2018/03/16	9.93	10.08	9.73	9.80	3878607	55675116.00
2018/03/19	9.76	9.85	9.63	9.64	4705536	66285384.00
2018/03/20	9.64	9.86	9.55	9.78	3910640	54905976.00
2018/03/21	9.74	10.02	9.68	9.97	6517167	93671344.00
2018/03/22	10.05	10.12	9.70	9.86	6435706	92960872.00
2018/03/23	9.76	10.19	9.61	10.00	11775675	169528352.00
2018/03/26	10.05	10.24	9.94	10.14	9988910	146110528.00
2018/03/27	10.11	10.29	9.97	10.29	11039752	161675712.00
2018/03/28	10.19	10.35	10.01	10.09	7762094	114118896.00
2018/03/29	9.99	10.07	9.88	10.02	4929777	71319904.00
2018/03/30	10.08	10.08	9.79	9.88	5696311	81446352.00
2018/04/02	9.87	10.09	9.85	10.08	6220827	89780600.00
2018/04/03	10.16	10.34	10.09	10.20	11368196	168258336.00
2018/04/04	10.12	10.64	10.09	10.44	14428855	217701232.00
2018/04/09	10.44	10.72	10.37	10.49	9942032	151810976.00
2018/04/10	10.51	10.56	10.35	10.46	5171626	78143120.00
2018/04/11	10.48	10.86	10.36	10.84	12228331	188000480.00
2018/04/12	10.79	11.66	10.76	11.59	25221234	410357568.00
2018/04/13	11.23	11.56	11.20	11.41	11858480	194521728.00
2018/04/16	11.39	11.73	11.29	11.36	14172698	234939856.00
2018/04/17	11.29	11.51	10.94	11.16	13770203	222775760.00
2018/04/18	11.19	11.20	10.67	10.89	10023138	157783760.00
2018/04/19	11.04	11.39	10.97	11.26	8976578	144630560.00
2018/04/20	11.09	11.11	10.71	10.74	9157110	144539120.00
2018/04/23	10.50	11.05	10.50	10.84	8003062	125178240.00
2018/04/24	10.62	10.86	10.37	10.69	7178457	110005792.00
2018/04/25	10.61	10.86	10.52	10.76	5279969	81362840.00
2018/04/26	10.73	10.74	10.46	10.48	6069086	92780872.00
2018/04/27	10.60	10.66	10.48	10.61	4967837	75930016.00
2018/05/02	10.58	10.84	10.37	10.81	8060952	123640696.00
2018/05/03	10.80	11.18	10.71	11.11	10031398	159473632.00
2018/05/04	11.05	11.26	10.95	11.11	7059574	113369904.00
2018/05/07	11.17	11.40	11.03	11.30	6843788	111547984.00
2018/05/08	11.29	11.39	11.16	11.31	5896877	95866200.00
2018/05/09	11.24	11.34	11.03	11.26	4752728	76757408.00
2018/05/10	11.19	11.37	11.16	11.26	4175061	67855328.00
2018/05/11	11.34	11.42	11.19	11.29	4218055	68874328.00
2018/05/14	11.32	11.34	11.09	11.09	4575929	73868216.00
2018/05/15	11.04	11.42	11.04	11.39	8671393	141604624.00
2018/05/16	11.37	11.37	11.16	11.18	6258454	101437280.00
2018/05/17	11.09	11.28	11.06	11.21	3575329	57612896.00
2018/05/18	11.10	11.16	11.04	11.05	3153945	50524528.00
2018/05/21	11.19	11.41	11.12	11.29	4315884	70216080.00
2018/05/22	11.29	11.42	11.25	11.31	4047937	66085212.00
2018/05/23	11.30	11.36	11.09	11.16	4010572	64852304.00
2018/05/24	11.20	11.20	10.86	10.93	4264285	67731760.00
2018/05/25	10.92	11.29	10.92	11.18	5625054	90592664.00
2018/05/28	11.23	11.32	11.11	11.14	5041201	81584088.00
2018/05/29	11.12	11.24	10.89	10.94	4906293	78183144.00
2018/05/30	10.91	11.19	10.86	11.08	6600105	104943912.00
2018/05/31	11.07	11.15	10.94	11.08	5140920	81983232.00
2018/06/01	11.08	11.15	10.45	11.04	6979001	77523736.00
2018/06/04	10.80	11.13	10.80	11.06	7557630	84824392.00
2018/06/05	11.08	11.15	10.99	11.14	5009287	56579876.00
2018/06/06	11.12	11.41	11.09	11.29	6108500	70217080.00
2018/06/07	11.36	11.39	11.15	11.20	3794527	43353308.00
2018/06/08	11.15	11.23	10.93	10.97	5566413	62340000.00
2018/06/11	11.02	11.12	10.88	11.06	5221710	58670620.00
2018/06/12	11.02	11.25	11.02	11.23	5189861	59018744.00
2018/06/13	11.23	11.30	11.05	11.12	3157969	35904544.00
2018/06/14	11.12	11.16	10.95	11.04	3670587	41262368.00
2018/06/15	11.13	11.13	10.45	10.54	7515305	82242504.00
2018/06/19	10.27	10.70	9.66	9.85	10356185	107172096.00
2018/06/20	9.83	9.98	9.72	9.91	7111499	71588528.00
2018/06/21	9.89	10.08	9.30	9.35	7677529	75887352.00
2018/06/22	9.41	10.24	9.36	9.79	9437839	94267424.00
2018/06/25	9.99	10.09	9.80	9.93	6587125	66804156.00
2018/06/26	9.85	10.00	9.71	9.90	4135836	41703976.00
2018/06/27	9.90	10.03	9.77	9.80	6477244	65657776.00
2018/06/28	9.80	10.08	9.79	9.89	6802992	69038880.00
2018/06/29	9.85	10.03	9.71	9.94	7261086	72743728.00
2018/07/02	9.94	9.94	9.52	9.60	6586634	65442536.00
2018/07/03	9.55	9.81	9.55	9.75	8705547	86216336.00
2018/07/04	9.81	9.98	9.81	9.93	5930002	59925324.00
2018/07/05	9.93	9.94	9.40	9.54	7005669	69259816.00
2018/07/06	9.60	9.75	9.45	9.60	4921963	48415112.00
2018/07/09	9.59	9.71	9.48	9.70	3352703	33035508.00
2018/07/10	9.68	9.75	9.50	9.62	2629871	25767768.00
2018/07/11	9.52	9.59	9.27	9.33	6405619	61553512.00
2018/07/12	9.34	9.73	9.34	9.71	8065040	79170336.00
2018/07/13	9.71	9.75	9.51	9.55	4581502	44797460.00
2018/07/16	9.55	9.86	9.55	9.75	5917342	58807252.00
2018/07/17	9.83	9.83	9.48	9.53	5453209	53359100.00
2018/07/18	9.55	9.70	9.46	9.58	5523095	53996628.00
2018/07/19	9.58	9.62	8.81	9.10	12517893	116631024.00
2018/07/20	9.11	9.16	8.81	9.01	5811193	53289272.00
2018/07/23	9.01	9.17	8.92	9.01	4895740	45164768.00
2018/07/24	9.01	9.42	8.96	9.38	8480851	80445768.00
2018/07/25	9.44	9.48	9.24	9.34	4834541	46071388.00
2018/07/26	9.32	9.37	9.21	9.29	2940117	27904998.00
2018/07/27	9.30	9.34	8.95	9.04	4590717	42634348.00
2018/07/30	9.15	9.22	8.92	8.97	4106156	38123628.00
2018/07/31	8.92	9.11	8.92	9.02	2770163	25525824.00
2018/08/01	9.02	9.11	8.85	8.91	6489514	59552236.00
2018/08/02	8.86	8.96	8.21	8.36	7881888	68618112.00
2018/08/03	8.36	8.84	8.22	8.67	8280662	72436520.00
2018/08/06	8.64	8.68	8.38	8.58	5893635	51391668.00
2018/08/07	8.51	8.79	8.41	8.72	5506333	48761260.00
2018/08/08	8.66	8.79	8.60	8.69	4874912	43353364.00
2018/08/09	8.76	9.06	8.54	8.90	6599088	59970660.00
2018/08/10	8.90	8.91	8.61	8.72	5305633	47352420.00
2018/08/13	8.70	8.97	8.61	8.95	5757792	52193892.00
2018/08/14	8.90	8.90	8.68	8.73	4398635	39382924.00
2018/08/15	8.74	8.80	8.40	8.42	4427511	38843780.00
2018/08/16	8.31	8.70	8.28	8.62	3699854	32441966.00
2018/08/17	8.75	8.75	8.35	8.40	4377673	37906280.00
2018/08/20	8.40	8.55	8.25	8.53	4126821	35562080.00
2018/08/21	8.50	8.75	8.43	8.63	3667898	32383424.00
2018/08/22	8.58	8.62	8.40	8.47	3254790	28167312.00
2018/08/23	8.49	8.55	8.35	8.50	3124785	27016868.00
2018/08/24	8.50	8.54	8.36	8.47	2023414	17502082.00
2018/08/27	8.47	8.68	8.46	8.68	3590939	31534842.00
2018/08/28	8.71	8.77	8.69	8.76	4537175	40428964.00
2018/08/29	8.75	8.75	8.36	8.42	6784891	58710680.00
2018/08/30	8.43	8.45	8.13	8.15	5202542	43993600.00
2018/08/31	8.20	8.26	7.85	8.20	8188131	67243320.00
2018/09/03	8.02	8.13	7.68	8.07	15067705	121244096.00
2018/09/04	8.15	8.15	7.80	7.93	9617032	78007584.00
2018/09/05	7.88	7.90	7.66	7.78	10186987	80773656.00
2018/09/06	7.72	7.84	7.66	7.74	5075251	40353576.00
2018/09/07	7.77	7.81	7.60	7.71	6312081	49887976.00
2018/09/10	7.70	7.76	7.52	7.52	6536406	50846580.00
2018/09/11	7.60	7.62	7.41	7.52	5833108	44920616.00
2018/09/12	7.53	7.57	7.41	7.53	4691516	35992900.00
2018/09/13	7.58	7.73	7.43	7.65	6355283	49244320.00
2018/09/14	7.61	7.83	7.58	7.67	6859242	54201140.00
2018/09/17	7.66	7.85	7.51	7.76	8737592	69024504.00
2018/09/18	7.70	7.84	7.58	7.77	7579769	59898428.00
2018/09/19	7.71	7.84	7.67	7.83	7394017	58999568.00
2018/09/20	7.77	7.93	7.72	7.85	7435416	59615368.00
2018/09/21	7.83	7.91	7.72	7.86	8827889	70831840.00
2018/09/25	7.80	7.86	7.78	7.82	4057640	32538106.00
2018/09/26	7.82	8.16	7.81	7.99	6787638	55472720.00
2018/09/27	8.03	8.05	7.87	7.91	6577547	53484620.00
2018/09/28	7.90	7.98	7.84	7.90	7568134	61382144.00
2018/10/08	7.80	8.07	7.76	7.83	6969138	56711068.00
2018/10/09	7.84	8.07	7.71	7.98	7704937	62387848.00
2018/10/10	8.00	8.09	7.93	8.03	7707036	63218596.00
2018/10/11	7.93	8.30	7.45	7.72	16965918	138481056.00
2018/10/12	7.89	8.05	7.66	7.72	13922451	112147280.00
2018/10/15	7.82	7.94	7.56	7.60	13456280	105894640.00
2018/10/16	7.66	7.71	7.20	7.23	9969656	76784736.00
2018/10/17	7.29	7.33	6.79	6.98	14058275	101090544.00
2018/10/18	6.96	7.02	6.50	6.60	7840549	54644496.00
2018/10/19	6.60	7.15	6.54	7.02	12707049	90120568.00
2018/10/22	7.13	7.46	7.02	7.31	12161967	91264832.00
2018/10/23	7.31	7.37	7.17	7.29	7993125	59719172.00
2018/10/24	7.23	7.60	7.23	7.47	10183575	77567168.00
2018/10/25	7.32	7.93	7.20	7.87	14092903	110301488.00
2018/10/26	7.77	7.97	7.62	7.83	9343179	74682912.00
2018/10/29	7.83	7.96	7.75	7.85	6283277	50539180.00
2018/10/30	7.81	7.92	7.61	7.79	6585383	52526360.00
2018/10/31	7.79	7.92	7.68	7.90	8895332	70929080.00
2018/11/01	7.86	7.97	7.66	7.86	10831348	86967384.00
2018/11/02	7.90	8.37	7.85	8.36	19888297	165779824.00
2018/11/05	8.45	8.65	8.20	8.38	14960522	128960448.00
2018/11/06	8.34	8.55	8.30	8.48	11530489	99437048.00
2018/11/07	8.52	8.64	8.37	8.60	13296501	115963808.00
2018/11/08	8.55	8.77	8.46	8.59	13138884	116086152.00
2018/11/09	8.57	8.95	8.48	8.61	14314959	127755760.00
2018/11/12	8.55	8.59	8.36	8.47	11128683	96477184.00
2018/11/13	8.41	8.51	8.37	8.48	10149327	87790280.00
2018/11/14	8.41	8.55	8.20	8.30	10882161	92976120.00
2018/11/15	8.39	8.59	8.33	8.49	9260423	80149920.00
2018/11/16	8.57	8.59	8.40	8.51	5625892	48856304.00
2018/11/19	8.49	8.56	8.34	8.41	8790220	75769736.00
2018/11/20	8.42	8.49	8.29	8.39	11662332	100163336.00
2018/11/21	8.28	8.38	8.07	8.20	9288740	77897640.00
2018/11/22	8.21	8.29	8.14	8.14	4767477	40090804.00
2018/11/23	8.17	8.24	7.61	7.86	6254282	51026020.00
2018/11/26	7.79	7.82	7.57	7.69	6291442	49487892.00
2018/11/27	7.66	7.89	7.47	7.87	5778798	45748164.00
2018/11/28	7.81	7.86	7.65	7.78	6421598	50953816.00
2018/11/29	7.90	8.36	7.90	8.12	13829162	115488368.00
2018/11/30	7.94	8.18	7.89	7.99	8428779	69211520.00
2018/12/03	8.03	8.21	7.91	8.15	13280343	109486640.00
2018/12/04	8.15	8.40	8.03	8.32	15946273	134397392.00
2018/12/05	8.20	8.43	8.10	8.26	11489406	97543984.00
2018/12/06	8.31	8.53	8.24	8.26	15022280	128576872.00
2018/12/07	8.28	8.55	8.20	8.48	16361194	140996064.00
2018/12/10	8.66	9.22	8.65	8.91	24362650	221481136.00
2018/12/11	8.74	9.66	8.70	9.38	25002403	232912048.00
2018/12/12	9.23	9.59	9.10	9.23	20986650	199872960.00
2018/12/13	9.25	9.31	9.06	9.29	10869415	102086896.00
2018/12/14	9.18	9.28	8.93	8.95	12741097	118122848.00
2018/12/17	8.85	9.19	8.80	8.99	10069758	92865872.00
2018/12/18	9.23	9.46	9.05	9.15	16949642	160234032.00
2018/12/19	9.24	9.41	9.08	9.13	14258876	135101760.00
2018/12/20	8.83	9.23	8.69	9.16	13475719	124158680.00
2018/12/21	9.50	9.65	8.96	9.05	19706874	187829712.00
2018/12/24	9.20	9.34	9.00	9.27	13827873	129638944.00
2018/12/25	9.37	9.52	9.11	9.21	15675507	149187120.00
2018/12/26	9.21	9.76	9.05	9.73	19691839	191336960.00
2018/12/27	9.64	10.09	9.54	9.73	26665402	266435904.00
2018/12/28	9.75	10.07	9.67	9.99	15720631	158837664.00
2019/01/02	9.90	10.03	9.57	9.87	17704022	177126240.00
2019/01/03	9.79	10.32	9.67	10.24	21688940	222314576.00
2019/01/04	10.03	10.65	10.02	10.31	29060334	305816224.00
2019/01/07	10.04	10.29	9.98	10.16	19402005	200835024.00
2019/01/08	10.09	10.14	9.70	9.74	19149290	192650560.00
2019/01/09	9.70	9.91	9.60	9.77	15718017	156729200.00
2019/01/10	9.82	10.18	9.72	10.06	20639950	210410528.00
2019/01/11	9.94	10.08	9.81	10.00	11456700	116271624.00
2019/01/14	9.92	10.14	9.78	9.94	8495606	86255032.00
2019/01/15	9.92	10.11	9.87	10.09	9163805	93664952.00
2019/01/16	10.02	10.08	9.77	9.87	15188113	153178016.00
2019/01/17	9.88	9.99	9.79	9.83	6484378	65377416.00
2019/01/18	9.76	9.86	9.61	9.80	6709935	66688272.00
2019/01/21	9.56	9.69	9.36	9.51	16429379	159659408.00
2019/01/22	9.51	9.60	9.40	9.54	10191288	99020240.00
2019/01/23	9.55	9.61	9.45	9.47	6254044	60738484.00
2019/01/24	9.45	9.53	9.31	9.34	8175500	78639672.00
2019/01/25	9.34	9.37	9.18	9.31	8948526	84872688.00
2019/01/28	9.70	10.00	9.60	9.93	21250089	212182688.00
2019/01/29	9.97	10.15	9.78	9.89	19236971	195261056.00
2019/01/30	10.04	10.14	9.81	10.07	13795599	140751568.00
2019/01/31	10.11	10.21	9.91	9.94	17216177	176872128.00
2019/02/01	10.02	10.16	9.94	10.15	9869064	101473496.00
2019/02/11	10.05	10.14	9.94	10.08	11030050	112964112.00
2019/02/12	9.91	10.45	9.91	10.44	14158357	147307664.00
2019/02/13	10.31	10.64	10.25	10.48	17517237	186983104.00
2019/02/14	10.38	10.50	10.25	10.40	8689444	91893776.00
2019/02/15	10.48	10.79	10.38	10.72	17281182	187873760.00
2019/02/18	10.81	11.14	10.81	11.03	16854377	188311152.00
2019/02/19	11.00	11.28	10.89	11.01	17577979	198875152.00
2019/02/20	11.35	11.54	10.96	10.99	27782941	319012608.00
2019/02/21	10.85	11.27	10.85	11.09	19046432	214283904.00
2019/02/22	10.80	10.94	10.64	10.83	14539902	159360816.00
2019/02/25	10.81	11.15	10.33	11.12	41401567	456965568.00
2019/02/26	10.97	11.12	10.51	10.59	31996751	354917632.00
2019/02/27	10.58	10.85	10.50	10.71	23634586	257914528.00
2019/02/28	10.40	10.59	10.27	10.49	21924765	232592112.00
2019/03/01	10.38	10.61	10.29	10.55	14327699	153203888.00
2019/03/04	10.30	10.83	10.28	10.78	27284057	296473152.00
2019/03/05	10.66	10.77	10.42	10.59	24317358	260941632.00
2019/03/06	10.58	10.94	10.52	10.92	29515947	323243392.00
2019/03/07	10.92	11.05	10.69	10.80	29120225	321784128.00
2019/03/08	10.83	10.84	10.07	10.26	29622282	313758432.00
2019/03/11	10.27	10.68	10.27	10.62	22317363	238254160.00
2019/03/12	10.63	10.75	10.50	10.65	18776008	203412576.00
2019/03/13	10.70	10.89	10.41	10.52	19894836	216915488.00
2019/03/14	10.51	10.64	10.22	10.27	12911825	137241600.00
2019/03/15	10.16	10.22	9.93	10.20	14516901	149630736.00
2019/03/18	10.29	10.46	10.21	10.45	12487148	131706448.00
2019/03/19	10.44	10.67	10.38	10.47	10547052	113039248.00
2019/03/20	10.48	10.49	10.21	10.42	10134011	106959136.00
2019/03/21	10.75	10.94	10.58	10.82	31033683	341846560.00
2019/03/22	10.75	11.18	10.71	11.03	26737850	298823680.00
2019/03/25	11.12	11.21	10.89	10.93	19407222	217557424.00
2019/03/26	11.00	11.10	10.74	10.79	16541133	183961072.00
2019/03/27	10.72	11.03	10.67	10.98	16833374	186131152.00
2019/03/28	10.90	11.05	10.69	10.70	13915777	154272304.00
2019/03/29	10.40	10.84	10.22	10.69	21601736	230869568.00
2019/04/01	10.59	11.20	10.56	11.17	25495838	286134880.00
2019/04/02	11.16	11.25	10.99	11.14	17053592	192726144.00
2019/04/03	11.14	11.16	10.89	10.97	14132549	158019536.00
2019/04/04	10.97	11.04	10.77	10.93	16616398	184345056.00
2019/04/08	10.99	11.13	10.83	10.91	20542323	229895216.00
2019/04/09	10.99	11.02	10.74	10.80	14767692	163244928.00
2019/04/10	10.87	11.00	10.74	10.92	16974832	187803008.00
2019/04/11	10.93	10.95	10.40	10.46	17958418	194183360.00
2019/04/12	10.45	10.45	9.92	9.98	22515113	231656064.00
2019/04/15	10.03	10.31	9.89	9.92	21569867	221251744.00
2019/04/16	9.89	10.06	9.77	10.02	13909305	141297648.00
2019/04/17	10.03	10.19	9.95	10.13	19801900	203928464.00
2019/04/18	10.08	10.15	9.97	10.07	11506650	118015752.00
2019/04/19	10.00	10.11	9.98	10.10	8877844	91095992.00
2019/04/22	10.08	10.23	10.05	10.08	11838672	122404488.00
2019/04/23	10.08	10.11	9.84	9.94	12548173	127359472.00
2019/04/24	9.94	10.06	9.85	10.01	9149473	93158320.00
2019/04/25	10.03	10.13	9.70	9.72	11492028	116152160.00
2019/04/26	9.79	10.05	9.74	9.92	11619734	117987376.00
2019/04/29	9.91	10.08	9.80	9.82	10312581	105110752.00
2019/04/30	9.80	10.02	9.80	9.98	5878010	59710168.00
2019/05/06	10.00	10.19	9.08	9.36	21053108	208549136.00
2019/05/07	9.25	9.29	8.84	9.04	21961351	201722848.00
2019/05/08	9.01	9.42	8.87	9.31	13196850	123249768.00
2019/05/09	9.15	9.27	8.98	9.07	9475895	88504296.00
2019/05/10	9.11	9.27	9.01	9.22	11153156	104550536.00
2019/05/13	9.14	9.35	9.10	9.24	8962408	84847488.00
2019/05/14	9.42	9.92	9.42	9.85	22003692	218050208.00
2019/05/15	9.90	10.03	9.73	9.93	15935454	160812864.00
2019/05/16	9.84	10.18	9.79	10.15	17837687	182872368.00
2019/05/17	9.92	10.01	9.66	9.70	12525223	125401064.00
2019/05/20	9.55	9.70	9.34	9.51	12442486	120384120.00
2019/05/21	9.54	9.68	9.40	9.55	10026276	97560752.00
2019/05/22	9.46	9.55	9.31	9.48	9218780	88799576.00
2019/05/23	9.40	9.42	9.00	9.14	8540874	80360272.00
2019/05/24	9.30	9.56	9.18	9.26	9568214	91604096.00
2019/05/27	9.17	9.49	9.17	9.44	8258459	78886392.00
2019/05/28	9.38	9.45	9.20	9.36	8237797	78375872.00
2019/05/29	9.27	9.51	9.23	9.47	8560872	82095584.00
2019/05/30	9.36	9.66	9.25	9.53	13679073	132812592.00
2019/05/31	9.75	10.38	9.75	10.27	27343370	283728256.00
2019/06/03	10.70	11.05	10.46	10.49	32090095	350828096.00
2019/06/04	10.71	11.10	10.62	10.82	32490414	360706976.00
2019/06/05	10.55	11.92	10.55	11.92	62049628	730256512.00
2019/06/06	12.15	13.13	11.67	12.45	74184536	934164544.00
2019/06/10	11.96	13.05	11.61	12.53	56638384	722975808.00
2019/06/11	12.27	12.80	12.20	12.80	57288538	727234688.00
2019/06/12	12.66	14.00	12.45	13.49	73529232	986043072.00
2019/06/13	13.22	13.70	13.04	13.19	49290134	664738496.00
2019/06/14	13.45	13.66	13.04	13.35	50985960	682671360.00
2019/06/17	12.70	13.17	12.51	12.65	43955170	562565888.00
2019/06/18	12.78	13.05	12.44	12.85	43369767	554396608.00
2019/06/19	12.35	12.81	12.35	12.70	34919753	440353472.00
2019/06/20	13.40	13.97	13.04	13.60	77650553	1049877952.00
2019/06/21	13.70	14.76	13.42	13.89	69399793	980499584.00
2019/06/24	14.29	14.57	13.76	13.87	51614811	730915904.00
2019/06/25	14.30	14.80	13.90	14.35	67463914	968535104.00
2019/06/26	13.65	13.80	12.92	12.92	47480662	629592128.00
2019/06/27	12.73	13.60	12.73	13.23	43948411	578942464.00
2019/06/28	13.68	13.85	13.10	13.19	29704438	402112000.00
2019/07/01	12.54	13.30	12.54	12.98	35411135	455693952.00
2019/07/02	12.99	13.35	12.86	13.14	29008166	380482976.00
2019/07/03	13.93	14.17	13.40	13.46	35159462	481831360.00
2019/07/04	13.61	13.69	12.78	12.93	31453977	415894848.00
2019/07/05	12.99	13.13	12.84	13.07	20200167	262382128.00
2019/07/08	12.60	12.80	11.99	12.46	34422729	426150208.00
2019/07/09	12.17	12.84	12.15	12.81	21415791	268620320.00
2019/07/10	12.59	12.79	12.40	12.56	12691254	160430592.00
2019/07/11	13.19	13.82	13.10	13.82	42910626	579475328.00
2019/07/12	13.97	14.23	13.70	14.20	52859028	737641152.00
2019/07/15	14.07	14.25	13.72	14.21	42495422	596850304.00
2019/07/16	14.03	14.29	13.80	14.11	36463480	511397600.00
2019/07/17	13.95	14.14	13.69	13.95	29741871	412867872.00
2019/07/18	14.71	14.96	14.07	14.18	48402231	703785792.00
2019/07/19	14.88	15.60	14.63	15.58	72608417	1108797696.00
2019/07/22	15.00	15.15	14.51	14.68	52190472	776920384.00
2019/07/23	14.32	14.50	14.20	14.46	29922710	429131072.00
2019/07/24	14.46	14.89	14.30	14.89	37782622	549321600.00
2019/07/25	14.60	14.91	14.45	14.80	32054346	469352800.00
2019/07/26	14.36	14.57	14.09	14.23	29776838	426350272.00
2019/07/29	14.39	14.45	14.09	14.22	16086112	228971776.00
2019/07/30	14.25	15.13	14.13	15.05	40643014	595152256.00
2019/07/31	14.95	15.53	14.73	15.16	44125717	667482112.00
2019/08/01	14.19	14.42	13.90	14.10	39486318	560296064.00
2019/08/02	14.76	14.90	14.58	14.64	42221163	621218752.00
2019/08/05	15.10	16.10	15.10	16.10	75373256	1190911488.00
2019/08/06	16.31	16.50	15.02	15.30	84587207	1336854528.00
2019/08/07	15.58	16.05	15.49	15.52	55386367	873575936.00
2019/08/08	15.92	15.94	15.21	15.60	46135578	722080192.00
2019/08/09	15.60	15.99	15.40	15.54	37900149	593982720.00
2019/08/12	15.09	15.42	14.85	15.26	30285450	459299168.00
2019/08/13	15.77	16.17	15.48	15.78	56125988	884649600.00
2019/08/14	14.93	15.20	14.65	15.04	49452101	739675776.00
2019/08/15	15.35	15.60	15.04	15.15	45745441	701866688.00
2019/08/16	15.25	15.30	14.98	15.22	32373583	489539680.00
2019/08/19	14.79	15.46	14.69	15.18	47041642	709272384.00
2019/08/20	15.03	15.22	14.93	15.19	41738830	628587968.00
2019/08/21	15.17	15.24	14.82	14.85	29311570	440111168.00
2019/08/22	14.78	14.78	14.44	14.65	29466089	429943104.00
2019/08/23	14.52	14.77	14.38	14.58	24077294	351561280.00
2019/08/26	15.39	15.88	15.12	15.65	59552175	920153984.00
2019/08/27	15.40	15.87	15.27	15.68	44030728	683897664.00
2019/08/28	16.06	16.06	15.67	15.80	40943951	649586944.00
2019/08/29	15.73	17.27	15.66	16.95	59510647	981931264.00
2019/08/30	16.30	17.10	16.28	16.71	53571204	891213632.00
2019/09/02	16.55	16.76	16.38	16.50	31260713	516660672.00
2019/09/03	16.50	16.70	16.37	16.70	29140502	482004128.00
2019/09/04	17.40	17.51	16.81	16.90	46508397	798597056.00
2019/09/05	16.90	17.05	16.68	17.00	39477296	666912832.00
2019/09/06	16.02	16.28	15.81	15.94	49942550	800365824.00
2019/09/09	15.89	16.16	15.69	16.13	33398767	533240768.00
2019/09/10	15.68	15.92	15.52	15.90	36230175	569117504.00
2019/09/26	14.78	14.99	14.31	14.31	33907980	488664992.00
2019/09/27	13.89	14.19	13.19	13.44	59803409	808379392.00
2019/09/30	13.40	13.66	13.02	13.04	34282071	455199936.00
2019/10/08	13.06	13.26	13.01	13.11	34383991	452209792.00
2019/10/09	13.31	14.08	13.27	14.06	35862963	492464416.00
2019/10/10	14.05	14.15	13.80	14.02	27148444	379486624.00
2019/10/11	13.61	14.05	13.61	13.95	26420304	364098816.00
2019/10/14	13.68	13.78	13.45	13.76	24939102	340417504.00
2019/10/15	13.75	13.92	13.15	13.18	33096256	445179712.00
2019/10/16	13.10	13.37	12.90	13.22	21366734	281703584.00
2019/10/17	13.29	13.70	13.05	13.50	32327626	433405408.00
2019/10/18	13.55	13.58	13.13	13.13	25020323	332217024.00
2019/10/21	12.98	13.33	12.82	13.26	19184399	250574768.00
2019/10/22	12.98	13.21	12.94	13.15	14160452	185344720.00
2019/10/23	13.15	13.35	13.12	13.22	16206754	214316816.00
2019/10/24	13.12	13.13	12.64	12.83	22664168	290947200.00
2019/10/25	13.09	13.56	12.99	13.43	30040550	399001216.00
2019/10/28	13.04	13.57	13.04	13.42	20020933	267271456.00
2019/10/29	13.16	13.22	13.04	13.14	16642393	218235056.00
2019/10/30	13.07	13.13	12.75	12.84	15999868	206057072.00
2019/10/31	12.94	13.03	12.58	12.63	18001387	229283536.00
2019/11/01	12.87	12.90	12.64	12.70	16072991	204627424.00
2019/11/04	12.61	12.70	12.01	12.60	20848872	260869088.00
2019/11/05	12.45	12.49	12.20	12.26	20941668	257355664.00
2019/11/06	11.89	12.19	11.80	12.03	24003933	287848864.00
2019/11/07	12.12	12.14	11.84	11.97	16344184	195269776.00
2019/11/08	11.65	11.98	11.62	11.85	26834004	314937888.00
2019/11/11	11.76	11.79	11.38	11.47	19326680	223336832.00
2019/11/12	11.39	11.54	11.32	11.40	16026574	183022784.00
2019/11/13	11.57	12.05	11.47	12.03	32097767	380559136.00
2019/11/14	11.83	12.00	11.80	11.99	17152877	204142912.00
2019/11/15	11.92	12.08	11.51	11.54	18626776	218923088.00
2019/11/18	11.50	11.65	11.40	11.56	11516879	132709944.00
2019/11/19	11.74	11.89	11.64	11.83	15076102	177085040.00
2019/11/20	11.86	12.34	11.82	12.28	27749453	336428480.00
2019/11/21	12.18	12.48	12.00	12.30	23019243	280510400.00
2019/11/22	12.03	12.54	12.00	12.32	30818725	377884480.00
2019/11/25	12.10	12.43	12.05	12.09	18437935	224901680.00
2019/11/26	11.95	12.35	11.85	12.26	33293507	402513152.00
2019/11/27	12.16	12.35	12.04	12.12	15301079	186189088.00
2019/11/28	12.07	12.28	12.03	12.10	12327449	150069616.00
2019/11/29	12.10	12.19	11.94	12.07	12645648	152629424.00
2019/12/02	12.02	12.12	11.98	12.05	10305368	124306248.00
2019/12/03	12.12	12.37	12.12	12.25	15869278	194309040.00
2019/12/04	12.59	13.46	12.52	13.30	42600945	554158656.00
2019/12/05	13.02	13.30	12.95	13.28	30846755	404345984.00
2019/12/06	13.14	13.24	13.00	13.03	23452156	306946880.00
2019/12/09	12.64	12.77	12.51	12.74	25246062	319120192.00
2019/12/10	12.70	12.82	12.63	12.77	18635377	237427632.00
2019/12/11	12.77	12.98	12.66	12.94	20413404	262409504.00
2019/12/12	13.14	13.20	12.91	12.94	21693323	282724800.00
2019/12/13	12.56	12.95	12.54	12.70	27808728	352204608.00
2019/12/16	12.67	12.71	12.47	12.64	25712666	323409376.00
2019/12/17	12.55	12.80	12.49	12.79	27961423	353491776.00
2019/12/18	12.71	12.96	12.65	12.91	23437281	299869504.00
2019/12/19	12.79	13.06	12.75	12.78	21105808	271133536.00
2019/12/20	12.78	12.91	12.73	12.82	17222915	220297184.00
2019/12/23	12.83	12.95	12.71	12.78	16841394	215472000.00
2019/12/24	12.80	13.03	12.71	12.95	26175186	337400416.00
2019/12/25	13.22	13.30	12.96	13.00	29353297	384380128.00
2019/12/26	12.93	13.22	12.79	13.05	27905191	362973440.00
2019/12/27	13.10	13.54	13.10	13.17	36957326	492388864.00
2019/12/30	13.21	13.46	13.04	13.25	24644333	326290368.00
2019/12/31	13.37	13.64	13.27	13.61	28385966	382171264.00
2020/01/02	13.45	13.69	13.38	13.63	32405223	438375424.00
2020/01/03	13.75	14.41	13.71	14.17	53662893	754940352.00
2020/01/06	14.72	15.54	14.72	15.48	67465147	1019145408.00
2020/01/07	14.88	15.14	14.65	14.93	44720850	666520448.00
2020/01/08	15.82	15.89	14.93	15.36	67226077	1036949120.00
2020/01/09	14.05	14.41	14.00	14.09	51563489	731866368.00
2020/01/10	13.98	14.02	13.65	13.87	26420536	365868480.00
2020/01/13	13.86	13.92	13.70	13.83	19318344	266333552.00
2020/01/14	13.55	13.78	13.50	13.72	21215778	289864960.00
2020/01/15	13.72	13.78	13.59	13.60	18270575	249799600.00
2020/01/16	13.69	13.71	13.28	13.34	21441563	289087232.00
2020/01/17	13.30	13.42	13.12	13.20	28937655	382815808.00
数据来源:通达信
