002698 博实股份 日线 前复权
      日期	    开盘	    最高	    最低	    收盘	    成交量	    成交额
2013/09/02	8.68	8.84	8.53	8.80	848017	19515292.00
2013/09/03	8.80	8.87	8.65	8.87	749234	17330270.00
2013/09/04	8.87	9.14	8.72	9.14	1306720	30930062.00
2013/09/05	9.14	9.17	8.95	9.02	821741	19655768.00
2013/09/06	9.02	9.07	8.63	8.64	1341801	31059676.00
2013/09/09	8.65	8.72	8.29	8.72	1104359	24899440.00
2013/09/10	8.72	8.87	8.49	8.65	827609	19019152.00
2013/09/11	8.51	8.84	8.41	8.42	2011567	45879068.00
2013/09/12	8.40	8.51	8.29	8.37	966188	21404822.00
2013/09/13	8.37	8.61	8.17	8.59	1587072	35300644.00
2013/09/16	8.57	8.74	8.34	8.52	1557629	35183684.00
2013/09/17	8.47	8.49	8.29	8.31	531070	11752483.00
2013/09/18	8.40	8.57	8.33	8.56	1087872	24524996.00
2013/09/23	8.58	8.84	8.47	8.74	2091615	48275772.00
2013/09/24	8.76	8.82	8.61	8.71	1262778	29110830.00
2013/09/25	8.71	8.74	8.51	8.57	856747	19532698.00
2013/09/26	8.45	8.69	8.45	8.65	660987	15076070.00
2013/09/27	8.66	8.72	8.51	8.70	727565	16643109.00
2013/09/30	8.73	8.83	8.65	8.81	1302825	30269744.00
2013/10/08	8.83	9.03	8.74	8.94	1414987	33288026.00
2013/10/09	8.95	8.95	8.69	8.79	1061013	24660232.00
2013/10/10	8.72	8.78	8.57	8.69	829833	19044812.00
2013/10/11	8.74	8.78	8.69	8.72	613970	14181973.00
2013/10/14	8.80	9.01	8.61	9.00	1573897	36821356.00
2013/10/15	9.00	9.02	8.78	8.91	875855	20638766.00
2013/10/16	8.85	8.85	8.61	8.71	711942	16426068.00
2013/10/17	8.80	8.80	8.64	8.76	606645	14007704.00
2013/10/18	8.69	8.98	8.69	8.90	1084952	25545956.00
2013/10/21	8.90	9.15	8.74	9.05	1886554	44866608.00
2013/10/22	9.05	9.27	8.92	9.27	2807439	67920600.00
2013/10/23	9.23	9.35	8.63	9.18	2559099	60878640.00
2013/10/24	9.11	9.11	8.69	8.70	997725	23360296.00
2013/10/25	8.70	8.80	8.22	8.25	1840987	41127728.00
2013/10/28	8.25	8.58	8.06	8.35	1217977	27098486.00
2013/10/29	8.35	8.58	8.20	8.49	1781956	39955008.00
2013/10/30	8.49	8.60	8.37	8.57	550078	12402458.00
2013/10/31	8.57	8.57	7.69	8.11	1026676	22114986.00
2013/11/01	7.76	8.14	7.71	8.01	567337	12006844.00
2013/11/04	8.02	8.08	7.76	7.80	1053308	21930720.00
2013/11/05	7.80	8.02	7.79	8.01	426478	8967656.00
2013/11/06	7.87	8.05	7.85	7.85	338606	7149848.00
2013/11/07	7.74	7.89	7.65	7.65	803651	16454493.00
2013/11/08	7.60	7.68	7.43	7.52	679794	13654749.00
2013/11/11	7.45	7.97	7.45	7.90	426828	8805721.00
2013/11/12	7.72	8.05	7.72	7.84	731885	15414074.00
2013/11/13	7.90	7.98	7.75	7.83	1139753	23934410.00
2013/11/14	7.82	8.02	7.76	7.98	372104	7863583.50
2013/11/15	8.00	8.21	7.91	8.21	706488	15257517.00
2013/11/18	8.22	8.33	8.21	8.26	642510	14104445.00
2013/11/19	8.23	8.29	8.06	8.12	575443	12476262.00
2013/11/20	8.11	8.16	7.94	8.06	494685	10574511.00
2013/11/21	7.99	8.32	7.99	8.27	1082003	23661582.00
2013/11/22	8.21	8.53	8.20	8.38	1431456	31733188.00
2013/11/25	8.37	8.72	8.37	8.48	1295726	29267488.00
2013/11/26	8.48	8.69	8.37	8.55	860813	19353112.00
2013/11/27	8.41	8.80	8.41	8.68	943587	21752262.00
2013/11/28	8.72	8.95	8.61	8.85	929553	21756434.00
2013/11/29	8.95	9.10	8.82	9.10	1845224	44080568.00
2013/12/02	8.84	8.84	8.16	8.16	1701078	38332804.00
2013/12/03	8.13	9.01	8.05	9.01	2090204	49033572.00
2013/12/04	9.23	9.27	8.97	9.21	3425164	82832952.00
2013/12/05	9.19	9.37	8.76	8.96	2226618	53805280.00
2013/12/06	8.88	8.88	8.50	8.69	1438565	33009414.00
2013/12/09	8.65	9.59	8.60	9.41	8025408	200952256.00
2013/12/10	9.28	9.42	8.96	9.39	4437995	108059616.00
2013/12/11	9.31	9.38	9.11	9.22	1173898	28599622.00
2013/12/12	9.22	9.40	9.10	9.35	1535226	37562504.00
2013/12/13	9.31	9.78	9.23	9.55	4101018	104174968.00
2013/12/16	9.67	10.01	9.47	9.57	3345544	86457392.00
2013/12/17	9.59	9.59	9.16	9.43	1801956	44566724.00
2013/12/18	9.47	9.84	9.22	9.69	1951061	49098372.00
2013/12/19	9.61	9.96	9.59	9.63	2017325	51937564.00
2013/12/20	9.54	9.86	9.51	9.60	1633398	41771560.00
2013/12/23	9.64	9.64	8.83	9.26	1724578	41834412.00
2013/12/24	9.28	10.09	8.99	9.98	4092274	104738624.00
2013/12/25	9.86	10.21	9.72	10.12	3125363	82054328.00
2013/12/26	10.01	10.43	9.82	10.16	2943175	78694720.00
2013/12/27	10.10	10.76	9.98	10.72	4383708	120814928.00
2013/12/30	10.69	11.62	10.45	11.23	5627878	162830192.00
2013/12/31	11.00	11.27	10.49	11.25	4654030	134002432.00
2014/01/02	11.00	11.55	10.77	10.84	3913121	114588136.00
2014/01/03	10.78	11.51	10.56	11.38	3534120	102795880.00
2014/01/06	11.00	11.78	10.76	10.81	2925070	86062784.00
2014/01/07	10.81	10.93	10.45	10.80	1570607	44028292.00
2014/01/08	10.90	11.19	10.65	10.97	1633341	46989620.00
2014/01/09	10.96	10.98	10.37	10.44	1841965	51662184.00
2014/01/10	10.35	10.64	10.20	10.25	1649226	45119912.00
2014/01/13	10.27	10.96	10.26	10.94	2417573	68202544.00
2014/01/14	10.88	11.66	10.88	11.59	3141153	94036856.00
2014/01/15	11.79	11.87	11.33	11.46	2550163	77409120.00
2014/01/16	11.46	12.02	11.35	11.67	2732558	83836544.00
2014/01/17	11.48	11.61	11.27	11.43	2185293	65667288.00
2014/01/20	11.48	11.59	10.84	11.04	1860867	54511964.00
2014/01/21	10.89	11.82	10.89	11.80	2278990	68512704.00
2014/01/22	11.82	12.17	11.71	12.09	3419549	106666824.00
2014/01/23	12.06	12.33	11.83	12.23	1752974	55504496.00
2014/01/24	12.21	12.33	12.04	12.10	1544379	49262220.00
2014/01/27	12.00	12.16	11.74	12.16	2512550	78995608.00
2014/01/28	12.15	12.38	11.91	12.16	1813758	57676540.00
2014/01/29	12.20	12.25	11.88	12.01	1170210	36761564.00
2014/01/30	12.02	12.02	11.63	11.73	780411	24108624.00
2014/02/07	11.63	12.42	11.59	12.41	1903258	61035984.00
2014/02/10	12.61	12.71	12.29	12.57	2156407	70542576.00
2014/02/11	12.59	13.07	12.45	12.76	2785061	92862560.00
2014/02/12	12.88	12.88	12.53	12.76	1302599	43273616.00
2014/02/13	12.69	12.95	12.56	12.56	1783482	59393012.00
2014/02/14	12.44	13.00	12.33	12.88	2167584	71784152.00
2014/02/17	12.95	13.14	12.79	13.03	1826596	61952144.00
2014/02/18	13.04	13.20	12.84	13.02	1314402	44687172.00
2014/02/19	13.00	13.23	12.69	12.86	1238563	41665412.00
2014/02/20	12.77	12.92	12.43	12.54	944230	31158782.00
2014/02/21	12.46	12.68	11.98	12.06	1630550	52348624.00
2014/02/24	12.05	12.29	11.27	12.18	1720762	53077788.00
2014/02/25	12.06	12.61	11.67	12.33	2152417	69048064.00
2014/02/26	12.29	12.39	11.67	11.85	1082746	33797748.00
2014/02/27	11.82	12.06	11.43	11.43	1768570	54407376.00
2014/02/28	11.41	11.41	10.40	10.98	2628934	74912168.00
2014/03/03	10.84	11.17	10.84	11.03	1392880	40250772.00
2014/03/04	10.94	11.11	10.80	11.06	980641	28307860.00
2014/03/05	11.06	11.65	11.06	11.38	1398924	41973396.00
2014/03/06	11.43	11.43	10.91	11.19	1055088	30749790.00
2014/03/07	11.05	11.45	10.98	11.38	936743	27611510.00
2014/03/10	11.17	11.38	10.84	10.87	806513	23450300.00
2014/03/11	10.65	11.08	10.65	10.85	457738	13095192.00
2014/03/12	10.83	11.19	10.72	11.19	928245	26896194.00
2014/03/13	11.18	11.54	11.08	11.46	849615	25489484.00
2014/03/14	11.51	11.87	11.35	11.74	1067449	32828414.00
2014/03/17	11.85	12.21	11.55	12.06	1061428	32960912.00
2014/03/18	12.14	12.17	11.83	11.86	780259	24477304.00
2014/03/19	11.82	11.82	11.51	11.57	1067390	32507558.00
2014/03/20	11.57	11.71	11.07	11.07	1000395	30010198.00
2014/03/21	11.04	11.04	10.46	10.65	3674994	102845080.00
2014/03/24	10.68	10.77	10.25	10.32	2281628	62602052.00
2014/03/25	10.33	10.62	10.32	10.61	1174861	32481988.00
2014/03/26	10.61	10.88	10.61	10.72	917478	25870656.00
2014/03/27	10.72	10.84	10.30	10.30	1320034	36645432.00
2014/03/28	10.28	10.40	9.55	10.05	716769	18798328.00
2014/03/31	10.05	10.16	9.81	10.15	535294	14032030.00
2014/04/01	10.16	10.36	10.06	10.32	498108	13392546.00
2014/04/02	10.28	10.42	9.98	10.03	462610	12298112.00
2014/04/03	9.87	10.29	9.79	10.14	455269	12115378.00
2014/04/04	10.10	10.41	9.95	10.31	457098	12377417.00
2014/04/08	10.33	10.64	10.27	10.59	583289	16125842.00
2014/04/09	10.55	10.92	10.55	10.92	944513	26654866.00
2014/04/10	11.00	11.15	10.79	10.96	1112939	31962716.00
2014/04/11	10.89	10.95	10.61	10.62	610887	17279178.00
2014/04/14	10.54	10.69	10.47	10.59	524248	14552213.00
2014/04/15	10.61	10.69	10.27	10.32	682433	18699660.00
2014/04/16	10.33	10.36	10.06	10.25	590396	15843177.00
2014/04/17	10.16	10.30	10.11	10.19	663846	17749162.00
2014/04/18	10.10	10.32	10.10	10.25	343848	9246395.00
2014/04/21	10.23	10.33	10.02	10.16	406237	10975243.00
2014/04/22	9.98	10.21	9.73	10.03	701259	18390488.00
2014/04/23	10.01	10.03	9.84	9.98	357338	9331691.00
2014/04/24	10.00	10.02	9.67	9.71	632193	16465858.00
2014/04/25	9.73	9.73	9.16	9.43	752891	18697828.00
2014/04/28	9.35	9.39	8.83	9.12	995451	23781830.00
2014/04/29	9.09	9.20	8.97	9.16	701891	16841520.00
2014/04/30	9.27	9.27	9.01	9.25	561869	13598513.00
2014/05/05	9.23	9.31	9.09	9.27	328364	8011234.00
2014/05/06	9.31	9.42	9.25	9.32	824299	20311034.00
2014/05/07	9.29	9.39	8.74	8.87	820321	19441098.00
2014/05/08	8.76	9.06	8.69	8.80	754355	17729434.00
2014/05/09	8.80	8.80	8.38	8.64	617552	14035390.00
2014/05/12	8.64	8.72	8.51	8.72	1227466	28009966.00
2014/05/13	8.72	8.84	8.54	8.60	603583	13892152.00
2014/05/14	8.63	8.63	8.38	8.41	629551	14110703.00
2014/05/15	8.41	8.45	8.18	8.18	994252	21881480.00
2014/05/16	8.21	8.28	7.95	8.05	1627656	34839056.00
2014/05/19	8.06	8.16	7.78	7.90	1302621	27508578.00
2014/05/20	7.93	8.13	7.90	8.06	1336991	28474890.00
2014/05/21	8.06	8.10	7.92	8.09	1048150	22286426.00
2014/05/22	8.11	8.39	8.05	8.25	1514064	33193686.00
2014/05/23	8.24	8.65	8.18	8.59	1246593	27901472.00
2014/05/26	8.69	8.94	8.57	8.94	1565513	36291080.00
2014/05/27	8.90	8.98	8.70	8.73	855064	19946336.00
2014/05/28	8.67	9.10	8.65	9.05	1047967	24646810.00
2014/05/29	9.05	9.35	8.98	9.12	1151026	27831262.00
2014/05/30	9.04	9.18	8.98	9.11	758528	18168976.00
2014/06/03	9.11	9.36	9.10	9.23	703318	17220220.00
2014/06/04	9.14	9.20	8.87	8.92	512880	12230565.00
2014/06/05	8.88	9.09	8.80	9.03	574642	13604265.00
2014/06/06	9.04	9.61	9.04	9.43	1171980	29215998.00
2014/06/09	9.33	9.59	9.25	9.32	946702	23556032.00
2014/06/10	9.47	9.48	9.08	9.48	690008	16888048.00
2014/06/11	9.52	9.94	9.37	9.89	1323400	33623312.00
2014/06/12	9.97	10.25	9.79	9.83	1985850	52448448.00
2014/06/13	9.89	9.99	9.80	9.89	735566	19113516.00
2014/06/16	9.87	9.98	9.79	9.86	704553	18258664.00
2014/06/17	9.80	9.99	9.68	9.71	619029	16032037.00
2014/06/18	9.89	9.91	9.53	9.77	522514	13261398.00
2014/06/19	9.61	9.77	9.32	9.52	610777	15333710.00
2014/06/20	9.44	9.59	9.31	9.52	331416	8224307.50
2014/06/23	9.52	9.67	9.52	9.59	434311	10943360.00
2014/06/24	9.67	9.89	9.52	9.83	1174612	30101704.00
2014/06/25	9.83	9.83	9.22	9.51	1046611	26070822.00
2014/06/26	9.47	9.73	9.13	9.52	1366898	34312076.00
2014/06/27	9.44	9.59	9.12	9.42	2327602	56765816.00
2014/06/30	9.32	9.51	9.01	9.49	2253903	54652128.00
2014/07/01	9.51	9.93	9.38	9.91	3073775	79189944.00
2014/07/02	9.99	10.01	9.75	9.91	1400560	36316332.00
2014/07/03	9.92	9.96	9.79	9.83	1258671	32581224.00
2014/07/04	9.87	10.23	9.87	9.99	2524589	66457532.00
2014/07/07	10.04	10.10	9.64	9.78	1692297	43484352.00
2014/07/08	9.74	9.91	9.58	9.83	1257318	32217726.00
2014/07/09	9.76	9.90	9.38	9.40	1895387	47574744.00
2014/07/10	9.36	9.47	9.12	9.26	1084245	26481568.00
2014/07/11	9.24	9.41	9.13	9.31	612966	15001202.00
2014/07/14	9.24	9.43	9.19	9.43	973321	23856588.00
2014/07/15	9.45	9.45	9.18	9.36	1271802	30988346.00
2014/07/16	9.30	9.34	8.91	9.24	1932537	46175476.00
2014/07/17	9.22	9.23	8.63	8.77	1412083	33199248.00
2014/07/18	8.67	8.89	8.67	8.73	651132	15039397.00
2014/07/21	8.73	8.73	8.56	8.61	855739	19460602.00
2014/07/22	8.63	8.76	8.60	8.72	438938	10067198.00
2014/07/23	8.75	8.77	8.26	8.30	1641131	36406608.00
2014/07/24	8.30	8.41	8.02	8.16	977116	21054316.00
2014/07/25	8.29	8.33	8.18	8.32	802729	17540876.00
2014/07/28	8.32	8.63	8.32	8.54	898310	20190316.00
2014/07/29	8.54	8.85	8.54	8.81	1655424	37895960.00
2014/07/30	8.83	9.22	8.82	9.08	2542375	60800800.00
2014/07/31	9.14	9.18	8.85	9.09	1172740	27781314.00
2014/08/01	9.47	9.91	9.18	9.25	3389725	84789088.00
2014/08/04	9.29	9.29	9.01	9.12	2093130	50086500.00
2014/08/05	9.13	9.20	8.96	9.15	2129776	51014880.00
2014/08/06	9.11	9.11	8.94	8.97	2247967	53152836.00
2014/08/07	8.98	9.03	8.93	8.96	1431450	33829648.00
2014/08/08	8.96	9.01	8.81	9.00	1293614	30333074.00
2014/08/11	8.97	9.16	8.93	9.09	2220447	53065612.00
2014/08/12	9.05	9.20	9.03	9.05	1438060	34394180.00
2014/08/13	9.04	9.14	8.90	9.00	1282374	30340528.00
2014/08/14	9.01	9.20	8.93	9.18	2414741	57702304.00
2014/08/15	9.18	9.22	9.05	9.11	2075931	49821416.00
2014/08/18	9.11	9.20	9.04	9.20	2364390	56629012.00
2014/08/19	9.18	9.43	9.16	9.39	3799408	92970888.00
2014/08/20	9.40	9.56	9.28	9.33	3883897	96070072.00
2014/08/21	9.31	9.39	9.09	9.38	3217561	78107552.00
2014/08/22	9.49	10.30	9.48	10.11	9563884	247577392.00
2014/08/25	10.03	10.11	9.79	10.09	4520562	118360664.00
2014/08/26	9.99	10.03	9.62	9.83	2782861	72095616.00
2014/08/27	9.70	10.01	9.69	9.87	2333146	60516164.00
2014/08/28	9.88	9.96	9.70	9.92	1822477	47140680.00
2014/08/29	9.92	10.18	9.76	10.18	2872147	75614504.00
2014/09/01	10.17	10.50	10.04	10.48	3530892	95971440.00
2014/09/02	10.46	10.50	10.28	10.42	2732261	74390032.00
2014/09/03	10.48	10.52	10.27	10.42	2896512	78824624.00
2014/09/04	10.42	10.42	10.16	10.23	3542228	95089456.00
2014/09/05	10.24	10.28	9.92	10.07	3751820	99112128.00
2014/09/09	10.05	10.15	9.98	10.04	2616968	69043640.00
2014/09/10	10.06	10.29	10.03	10.28	4128305	109983176.00
2014/09/11	10.28	10.53	10.11	10.18	4660323	126041736.00
2014/09/12	10.22	10.41	10.05	10.36	3260174	87208816.00
2014/09/15	10.42	10.48	10.31	10.38	4256998	115939400.00
2014/09/16	10.38	10.52	9.79	9.83	4234516	112552512.00
2014/09/17	9.80	9.95	9.45	9.69	4105976	103427096.00
2014/09/18	9.65	9.67	9.54	9.61	2532370	63789852.00
2014/09/19	9.65	9.78	9.62	9.71	2723778	69408424.00
2014/09/22	9.69	9.71	9.46	9.49	2993359	74930576.00
2014/09/23	9.48	9.62	9.48	9.55	2239819	56167036.00
2014/09/24	9.52	9.78	9.49	9.76	3400717	86546232.00
2014/09/25	9.97	10.14	9.85	9.87	3800434	99738304.00
2014/09/26	9.85	10.29	9.79	10.21	4466705	118628352.00
2014/09/29	10.30	10.36	10.12	10.18	3052805	81703552.00
2014/09/30	10.16	10.29	10.12	10.26	2467868	66084820.00
2014/10/08	10.29	10.30	10.13	10.27	2052344	55036340.00
2014/10/09	10.26	10.43	10.03	10.19	2825128	75773944.00
2014/10/10	10.17	10.17	9.92	10.03	2411448	63324068.00
2014/10/13	9.99	9.99	9.73	9.91	2077803	53649028.00
2014/10/14	9.86	9.94	9.71	9.75	1876423	48433480.00
2014/10/15	9.79	9.87	9.71	9.81	1820549	46835464.00
2014/10/16	9.78	9.89	9.71	9.79	1618114	41680072.00
2014/10/17	9.78	9.85	9.56	9.62	1834189	46576084.00
2014/10/20	9.63	9.91	9.63	9.89	1798130	46070596.00
2014/10/21	9.87	9.95	9.77	9.80	1814606	46940436.00
2014/10/22	9.83	9.90	9.63	9.63	1043437	26646818.00
2014/10/23	9.57	10.21	9.24	10.20	4429763	113375488.00
2014/10/24	10.11	10.25	10.03	10.10	5641170	150240080.00
2014/10/27	9.91	10.25	9.71	10.21	3659198	96017576.00
2014/10/28	10.11	10.42	10.07	10.36	5346178	144494208.00
2014/10/29	10.40	10.50	10.31	10.41	4624863	125976624.00
2014/10/30	10.40	10.40	10.13	10.16	3633919	97596784.00
2014/10/31	10.16	10.89	10.11	10.72	7728104	214361632.00
2014/11/03	10.78	11.32	10.62	11.20	6945940	199311904.00
2014/11/04	11.20	11.59	10.83	10.94	7495019	218220496.00
2014/11/05	10.99	11.03	10.68	10.72	3061207	86233024.00
2014/11/06	10.69	10.99	10.69	10.92	3257304	92676168.00
2014/11/07	11.08	11.28	10.65	10.81	4588968	132281024.00
2014/11/10	10.78	10.78	10.50	10.71	2739381	76048776.00
2014/11/11	10.69	10.77	10.14	10.18	2892991	78666192.00
2014/11/12	10.14	10.36	10.14	10.36	1417449	38173896.00
2014/11/13	10.36	10.36	10.03	10.10	1871766	49636712.00
2014/11/14	10.11	10.40	10.07	10.36	1546679	41607712.00
2014/11/17	10.35	10.49	10.24	10.34	1577634	42993860.00
2014/11/18	10.31	10.41	10.22	10.39	1005124	27157910.00
2014/11/19	10.40	10.68	10.34	10.67	2142109	59113632.00
2014/11/20	10.67	10.80	10.56	10.73	2243590	62865016.00
2014/11/21	10.72	10.76	10.60	10.73	1507982	42166652.00
2014/11/24	10.77	10.81	10.58	10.70	1777557	49636152.00
2014/11/25	10.69	11.14	10.63	11.03	3630763	104315712.00
2014/11/26	11.01	11.18	10.84	10.99	2935034	84331144.00
2014/11/27	10.98	11.25	10.68	11.16	4476581	128314856.00
2014/11/28	11.12	11.27	10.93	10.95	3962938	114804752.00
2014/12/01	10.81	10.84	10.25	10.40	4283354	117859896.00
2014/12/02	10.40	10.52	10.31	10.39	3292742	89866576.00
2014/12/03	10.38	10.40	10.03	10.38	3557602	95210816.00
2014/12/04	10.38	10.51	10.32	10.44	3728965	101966320.00
2014/12/05	10.41	10.41	9.86	9.99	4499150	118481536.00
2014/12/08	9.91	10.04	9.69	9.91	3608378	93816024.00
2014/12/09	9.91	9.91	8.89	8.90	5897830	146682000.00
2014/12/10	8.95	9.28	8.95	9.24	2609370	62601132.00
2014/12/11	9.13	9.64	9.13	9.55	2293244	56883792.00
2014/12/12	9.56	9.67	9.43	9.65	1759862	44025700.00
2014/12/15	9.65	9.97	9.65	9.92	2883238	74357928.00
2014/12/16	9.93	10.00	9.79	9.85	1674132	43383012.00
2014/12/17	9.86	10.08	9.63	9.94	2602893	67209056.00
2014/12/18	9.94	10.02	9.83	9.87	1640701	42627196.00
2014/12/19	9.78	9.91	9.32	9.90	2493912	62683652.00
2014/12/22	9.86	9.89	9.14	9.16	1663582	41197668.00
2014/12/23	9.22	9.81	9.22	9.46	1876970	47045736.00
2014/12/24	9.55	9.72	9.40	9.65	1228032	30867528.00
2014/12/25	9.70	9.74	9.54	9.68	966348	24475078.00
2014/12/26	9.67	9.75	9.56	9.64	1040005	26276126.00
2014/12/29	9.71	9.71	9.36	9.52	1263485	31363808.00
2014/12/30	9.52	9.52	9.13	9.28	1212272	29614892.00
2014/12/31	9.12	9.44	9.11	9.32	1035381	25264340.00
2015/01/05	9.30	9.34	8.81	9.05	2748121	65200724.00
2015/01/06	8.97	9.22	8.74	9.20	2194244	51899804.00
2015/01/07	9.15	9.20	8.96	9.03	968680	23032406.00
2015/01/08	9.03	9.13	8.96	9.09	1327317	31748498.00
2015/01/09	9.08	9.23	9.03	9.12	1297520	31261322.00
2015/01/12	8.96	9.12	8.94	8.94	559998	13249356.00
2015/01/13	8.71	9.28	8.71	9.21	1615397	38561112.00
2015/01/14	9.16	9.27	9.01	9.07	737141	17692714.00
2015/01/15	9.05	9.11	8.87	9.02	1292261	30536838.00
2015/01/16	8.98	9.25	8.98	9.13	1107111	26650314.00
2015/01/19	9.08	9.42	8.89	9.00	1795737	43423872.00
2015/01/20	8.98	9.40	8.98	9.40	1945502	47372772.00
2015/01/21	9.58	9.58	9.40	9.46	1908765	47496060.00
2015/01/22	9.40	9.64	9.39	9.63	1941312	48473488.00
2015/01/23	9.63	9.67	9.44	9.50	1248556	31313586.00
2015/01/26	9.49	9.69	9.43	9.58	1450006	36427512.00
2015/01/27	9.58	9.69	9.32	9.63	2106883	53064944.00
2015/01/28	9.56	9.73	9.53	9.63	1486837	37657904.00
2015/01/29	9.58	9.63	9.44	9.52	1187282	29767626.00
2015/01/30	9.52	9.79	9.52	9.74	2724082	69517544.00
2015/02/02	9.69	9.79	9.56	9.65	1650220	42015456.00
2015/02/03	9.61	9.74	9.60	9.67	1251553	31809480.00
2015/02/04	9.67	10.14	9.64	9.99	2872308	74653352.00
2015/02/05	9.99	10.35	9.99	10.22	4430386	118651496.00
2015/02/06	10.14	10.14	9.52	9.80	3544807	91445976.00
2015/02/09	9.71	9.75	9.45	9.65	1719343	43285252.00
2015/02/10	9.62	9.72	9.53	9.64	893897	22651124.00
2015/02/11	9.60	9.70	9.47	9.51	1507877	37768996.00
2015/02/12	9.54	9.69	9.54	9.65	888169	22462774.00
2015/02/13	9.67	9.86	9.63	9.71	1635612	41851420.00
2015/02/16	9.71	9.97	9.67	9.91	2189880	56514688.00
2015/02/17	9.90	9.91	9.76	9.84	1720017	44282656.00
2015/02/25	9.84	10.02	9.80	9.92	2219467	57691472.00
2015/02/26	9.89	10.00	9.83	9.98	1538525	40095712.00
2015/02/27	10.21	10.73	10.20	10.42	7320757	199830464.00
2015/03/02	10.36	10.54	10.23	10.50	4305574	117565504.00
2015/03/03	10.43	10.77	10.36	10.62	5418900	150329056.00
2015/03/04	10.72	11.06	10.52	11.05	6014757	170530512.00
2015/03/05	11.09	11.87	11.01	11.56	6781952	202020640.00
2015/03/06	11.60	11.60	11.03	11.16	3909263	114860288.00
2015/03/09	11.05	12.20	10.89	11.95	4994598	152330688.00
2015/03/10	11.85	12.07	11.71	11.82	3046419	94308160.00
2015/03/11	11.80	11.87	11.39	11.63	2686290	81126680.00
2015/03/12	11.57	11.85	11.09	11.58	2912515	87461032.00
2015/03/13	11.58	11.77	11.26	11.72	2222066	67240280.00
2015/03/16	11.87	12.18	11.71	12.00	3445577	107422800.00
2015/03/17	11.98	12.61	11.80	12.37	4112363	130459480.00
2015/03/18	12.42	12.42	12.07	12.32	2250676	72082584.00
2015/03/19	12.26	12.95	12.19	12.47	3626775	118471296.00
2015/03/20	12.29	12.41	12.10	12.18	3064886	97656496.00
2015/03/23	12.18	12.32	12.02	12.16	3168249	100592888.00
2015/03/24	12.28	13.41	12.28	13.41	9096723	307557344.00
2015/03/25	13.75	14.65	13.27	14.07	9129257	332985152.00
2015/03/26	14.18	14.83	13.12	14.03	7733418	281326976.00
2015/03/27	13.63	14.05	13.51	13.65	3874628	138333552.00
2015/03/30	13.82	13.96	13.16	13.32	5278833	184073232.00
2015/03/31	13.26	13.50	13.11	13.28	4580688	158757664.00
2015/04/01	13.19	13.58	13.17	13.46	3551614	124186160.00
2015/04/02	13.52	13.91	13.36	13.62	4458987	157866528.00
2015/04/03	13.52	13.63	13.32	13.53	5100781	178606528.00
2015/04/07	13.54	14.00	13.44	13.99	7248251	258190864.00
2015/04/08	14.01	14.05	12.97	13.43	5694700	201437952.00
2015/04/09	13.56	13.57	12.65	13.20	3984291	136218640.00
2015/04/10	13.05	13.39	12.94	13.35	3977879	137590704.00
2015/04/13	13.40	13.90	13.27	13.69	5302203	187964656.00
2015/04/14	13.66	13.66	13.25	13.39	3494522	122595896.00
2015/04/15	13.48	14.52	13.48	13.75	8932947	324667360.00
2015/04/16	13.40	13.69	12.35	13.24	5073591	173294976.00
2015/04/17	13.24	13.41	12.64	12.80	6649044	223655712.00
2015/04/20	12.71	12.72	12.01	12.15	5862756	188692608.00
2015/04/21	12.14	12.57	12.06	12.56	4678104	150816224.00
2015/04/22	12.65	12.95	12.53	12.84	4447832	147952224.00
2015/04/23	12.84	13.58	12.73	13.16	6694489	230579040.00
2015/05/12	14.50	14.50	14.50	14.50	260019	9805316.00
2015/05/13	15.98	15.98	15.98	15.98	322369	13371866.00
2015/05/14	17.61	17.61	17.61	17.61	207649	9475024.00
2015/05/15	19.40	19.40	19.40	19.40	794938	39897940.00
2015/05/18	21.36	21.36	21.36	21.36	1511299	83438816.00
2015/05/19	23.53	23.53	23.09	23.53	7476274	452982400.00
2015/05/20	25.91	25.91	25.91	25.91	377426	25212056.00
2015/05/21	28.53	28.53	28.53	28.53	623384	45806256.00
2015/05/22	31.04	31.04	27.00	28.33	25124888	1884559104.00
2015/05/25	26.38	27.86	25.79	27.12	10974992	763056000.00
2015/05/26	27.09	29.11	26.77	28.26	9722897	707793792.00
2015/05/27	28.34	31.12	26.78	30.95	13354783	992922752.00
2015/05/28	29.75	32.61	27.83	27.83	11042128	864046848.00
2015/05/29	26.97	28.54	25.08	27.31	8597036	600433856.00
2015/06/01	27.75	29.51	26.64	28.37	8255563	602399616.00
2015/06/02	28.64	31.24	28.39	31.24	12111040	944251456.00
2015/06/03	31.26	31.27	28.72	29.01	11041155	842167872.00
2015/06/04	28.73	28.73	26.08	28.32	7008559	497691168.00
2015/06/05	28.33	29.90	27.56	28.67	5422929	402608512.00
2015/06/08	28.72	30.28	28.03	29.51	7665354	578861760.00
2015/06/09	29.47	31.63	28.34	31.27	10341701	805263744.00
2015/06/10	30.77	34.43	30.46	33.58	13612252	1166719104.00
2015/06/11	33.05	33.44	31.98	32.65	7958130	668382592.00
2015/06/12	32.38	33.61	31.79	32.54	6015446	504320544.00
2015/06/15	32.54	33.36	29.71	30.30	6616862	543365376.00
2015/06/16	29.38	29.38	27.24	27.24	6769832	484909088.00
2015/06/17	27.31	27.75	25.60	27.52	4544813	314437408.00
2015/06/18	27.28	27.28	25.63	25.74	5008079	342531648.00
2015/06/19	25.20	25.54	23.14	23.18	4043195	256208560.00
2015/06/23	23.16	24.02	21.25	23.40	4192917	249377088.00
2015/06/24	23.69	23.92	22.27	23.11	4230236	254297920.00
2015/06/25	23.56	25.16	23.24	23.69	6528339	407617056.00
2015/06/26	22.46	22.87	21.30	21.30	4615949	259849904.00
2015/06/29	22.18	22.25	19.14	19.14	5012598	259417472.00
2015/06/30	18.93	20.58	17.20	20.42	6232475	304419680.00
2015/07/01	19.79	21.48	19.11	19.50	6259516	331516064.00
2015/07/02	19.32	19.95	17.52	17.52	4193404	198939360.00
2015/07/03	16.81	18.42	15.74	15.74	5076555	218623360.00
2015/07/06	17.34	17.34	14.14	14.46	7268140	285785632.00
2015/07/07	13.83	13.83	12.98	12.98	2661705	91178656.00
2015/07/14	14.31	14.31	14.31	14.31	80301	2988803.25
2015/07/15	15.77	15.77	15.01	15.77	10779969	440236416.00
2015/07/16	14.63	16.49	14.61	15.93	8146120	333593216.00
2015/07/17	16.21	17.55	15.88	17.55	7357953	322553056.00
2015/07/20	18.14	19.25	17.74	18.70	9249951	442427104.00
2015/07/21	18.48	20.50	18.07	19.70	7364581	368348544.00
2015/07/22	19.69	20.50	18.93	20.11	6790538	348146912.00
2015/07/23	20.37	20.49	19.67	20.34	6374318	331775456.00
2015/07/24	20.27	20.54	19.65	19.74	5955834	311612480.00
2015/07/27	18.97	19.91	17.74	17.74	5911133	286863200.00
2015/07/28	17.07	17.78	15.94	15.99	6090624	261134848.00
2015/07/29	16.41	17.60	15.87	17.60	5228298	224130848.00
2015/07/30	17.47	19.03	17.28	17.77	6692743	316489568.00
2015/07/31	17.56	18.58	17.40	17.67	7269292	340368896.00
2015/08/03	17.40	17.63	15.88	15.88	5173483	219895568.00
2015/08/04	15.87	17.49	15.87	17.49	4910615	213185696.00
2015/08/05	17.56	18.30	17.11	17.36	5772815	265918576.00
2015/08/06	16.79	17.36	16.58	16.72	3067049	135196416.00
2015/08/07	16.99	17.98	16.97	17.74	5407117	246381104.00
2015/08/10	18.34	19.50	18.34	19.33	5966172	291130208.00
2015/08/11	19.28	19.43	18.86	18.97	5511119	273152384.00
2015/08/12	18.74	19.64	18.46	18.96	5293484	262831712.00
2015/08/13	18.78	19.24	18.06	19.12	5052565	245058096.00
2015/08/14	19.16	19.51	18.75	18.86	4227711	208945136.00
2015/08/17	18.62	19.24	18.52	18.91	2740538	133777400.00
2015/08/18	18.86	20.25	17.04	17.95	8222221	405393504.00
2015/08/19	17.28	19.42	16.19	19.42	6193934	286134592.00
2015/08/20	19.27	19.27	18.03	18.03	5423034	263101280.00
2015/08/21	17.37	17.93	16.58	16.58	3727144	166457776.00
2015/08/24	15.71	15.71	14.89	14.89	2581700	101409608.00
2015/08/25	13.38	14.03	13.38	13.38	3431953	119883848.00
2015/08/26	13.04	13.74	12.01	12.01	6586809	218185936.00
2015/08/27	12.27	12.65	11.14	12.30	5245654	164695568.00
2015/08/28	12.53	13.43	12.12	13.42	5724674	189405104.00
2015/08/31	13.40	13.40	12.52	12.60	4469268	149920400.00
2015/09/01	12.27	12.47	11.31	11.31	3849924	117276352.00
2015/09/02	10.22	11.70	10.22	11.41	6199923	179375200.00
2015/09/07	11.44	12.14	11.15	11.36	2746886	84244224.00
2015/09/08	11.24	11.94	10.81	11.89	3142616	94198336.00
2015/09/09	12.18	12.70	12.05	12.62	5080693	164354496.00
2015/09/10	12.25	12.49	12.14	12.18	2536394	81514608.00
2015/09/11	12.08	12.61	12.07	12.34	3040317	98040032.00
2015/09/14	12.42	12.57	11.08	11.08	2987521	90685200.00
2015/09/15	10.69	10.89	9.94	9.94	3785457	101883592.00
2015/09/16	9.94	10.97	9.94	10.97	3867417	106125216.00
2015/09/17	10.94	11.75	10.54	10.93	5146371	149062112.00
2015/09/18	11.07	11.32	10.72	11.18	2841147	82587480.00
2015/09/21	11.07	11.87	10.87	11.74	3885135	117487000.00
2015/09/22	11.89	12.26	11.59	12.14	4938847	154143888.00
2015/09/23	11.86	12.25	11.79	11.97	4096307	128472432.00
2015/09/24	12.16	12.83	11.79	12.55	10321290	194991232.00
2015/09/25	12.35	12.36	11.39	11.45	7300615	132618640.00
2015/09/28	11.76	12.09	11.40	11.89	5195394	93783744.00
2015/09/29	11.49	11.73	11.08	11.23	6030529	104980488.00
2015/09/30	11.41	11.53	11.09	11.32	3834286	66315608.00
2015/10/08	11.98	12.29	11.63	12.21	9304134	170688768.00
2015/10/09	12.17	13.46	12.17	13.46	13082392	262396576.00
2015/10/12	14.11	14.83	14.01	14.83	6307204	139211376.00
2015/10/13	15.70	16.19	15.39	15.73	26332837	629331392.00
2015/10/14	15.76	16.81	15.43	15.61	22811792	556047744.00
2015/10/15	15.19	16.27	15.19	16.16	18924065	457374560.00
2015/10/16	16.16	17.15	16.01	16.76	19302389	487655168.00
2015/10/19	16.56	16.56	15.83	16.18	14505970	357826496.00
2015/10/20	16.70	17.82	16.70	17.82	8427955	225149504.00
2015/10/21	18.43	18.75	16.01	16.01	29434764	782173120.00
2015/10/22	16.41	17.61	16.10	17.61	20455230	523475552.00
2015/10/23	17.46	19.40	17.46	19.40	30216273	869578304.00
2015/10/26	20.16	21.29	19.43	20.83	31149940	964313472.00
2015/10/27	20.07	20.86	19.01	20.33	21716229	658854848.00
2015/10/28	19.86	21.33	19.79	20.13	19611906	608682432.00
2015/10/29	20.51	20.75	18.91	19.51	16508094	489793728.00
2015/10/30	19.09	19.09	18.37	18.63	13583319	386896032.00
2015/11/02	17.76	19.36	17.55	18.16	12340326	349056160.00
2015/11/03	17.93	18.63	17.43	17.75	10025209	273153824.00
2015/11/04	18.07	19.55	17.96	19.55	16356648	466912480.00
2015/11/05	20.06	20.08	18.68	19.26	17523697	512646976.00
2015/11/06	19.76	21.16	19.56	20.18	20561125	633903488.00
2015/11/09	19.56	21.06	19.23	20.48	19817094	607430720.00
2015/11/10	20.03	20.56	19.78	20.05	15265270	466198048.00
2015/11/11	19.96	20.67	19.75	20.48	15882708	487086624.00
2015/11/12	20.72	20.86	19.77	19.93	13621766	414997888.00
2015/11/13	19.56	19.76	19.07	19.29	11520185	339510784.00
2015/11/16	18.55	21.25	18.55	21.25	21617076	671821312.00
2015/11/17	22.96	22.96	20.96	21.01	33830194	1126760960.00
2015/11/18	21.39	22.29	20.76	21.20	20622297	672778112.00
2015/11/19	21.66	23.35	21.47	23.35	30045778	1030162944.00
2015/11/20	23.49	24.07	22.43	23.81	31652269	1116915072.00
2015/11/23	23.41	24.49	22.51	22.68	22265233	791426496.00
2015/11/24	23.28	23.73	22.43	22.81	16223474	565738304.00
2015/11/25	22.43	23.07	22.16	22.82	16982364	580891264.00
2015/11/26	22.79	22.81	22.04	22.07	12842043	434530496.00
2015/11/27	21.76	21.89	19.84	19.85	18508854	584065472.00
2015/11/30	19.76	20.11	17.98	19.51	13035656	381680480.00
2015/12/01	19.64	19.90	19.09	19.53	9409371	278554368.00
2015/12/02	19.41	19.74	18.23	19.11	8616255	248505088.00
2015/12/03	19.18	20.09	19.18	20.00	9716229	290796736.00
2015/12/04	20.08	20.41	19.56	19.74	10115173	307081792.00
2015/12/07	19.77	19.94	19.41	19.75	6913357	206569824.00
2015/12/08	19.69	20.21	18.96	19.48	10363012	308048928.00
2015/12/09	19.28	19.42	18.77	18.91	7981634	231041616.00
2015/12/10	18.91	19.23	18.69	18.97	7909472	228087712.00
2015/12/11	19.00	19.61	18.89	19.11	8243036	241324960.00
2015/12/14	18.71	19.56	18.43	19.43	7970811	228339408.00
2015/12/15	19.55	19.98	19.43	19.53	6981992	208314608.00
2015/12/16	19.60	20.02	19.37	19.62	7651111	228828336.00
2015/12/17	19.63	20.30	19.63	20.27	11876472	362674176.00
2015/12/18	20.43	20.89	19.83	20.00	11267092	347710688.00
2015/12/21	19.73	20.27	19.56	20.06	7726199	232211888.00
2015/12/22	20.03	20.29	19.76	20.07	6607901	200711360.00
2015/12/23	20.13	20.22	19.23	19.30	7378102	221564720.00
2015/12/24	19.19	19.49	18.80	19.41	5441443	158206768.00
2015/12/25	19.49	19.55	19.19	19.31	4089884	120386432.00
2016/01/05	17.36	18.56	17.36	17.54	11198412	303418272.00
2016/01/06	17.84	18.19	17.43	17.86	5283754	143159120.00
2016/01/07	17.49	17.67	16.05	16.05	1586200	39841336.00
2016/01/08	16.20	16.89	14.59	15.93	6841123	166136736.00
2016/01/11	15.68	15.68	14.31	14.31	5334424	120795728.00
2016/01/12	13.99	14.48	13.43	13.99	5426047	116751960.00
2016/01/13	14.36	14.48	13.10	13.15	5983754	127381088.00
2016/01/14	12.91	14.09	12.29	14.08	7196354	147076992.00
2016/01/15	13.96	14.08	13.02	13.24	5810341	121008080.00
2016/01/18	12.67	14.58	12.46	14.29	10327078	220696448.00
2016/01/19	14.29	14.76	13.79	14.76	10844117	235774224.00
2016/01/20	14.69	14.99	14.30	14.53	7807969	173932320.00
2016/01/21	14.27	14.74	13.57	13.61	6591614	142995600.00
2016/01/22	14.09	14.09	13.26	13.76	4252929	89027128.00
2016/01/25	14.07	14.20	13.77	13.93	3480855	74397944.00
2016/01/26	13.65	13.76	12.51	12.51	5632570	112850720.00
2016/01/27	12.59	13.33	11.50	13.01	6281738	117070680.00
2016/01/28	12.89	12.89	11.96	12.09	4388568	83963648.00
2016/01/29	11.98	13.01	11.98	12.72	4881657	93632816.00
2016/02/01	12.69	12.71	12.09	12.35	3498754	66582540.00
2016/02/02	12.36	13.01	12.36	12.92	4947685	97158080.00
2016/02/03	12.68	12.97	12.49	12.85	3600667	70251456.00
2016/02/04	13.09	13.23	12.92	13.09	4723379	94510120.00
2016/02/05	13.09	13.25	12.85	12.91	3109365	61846340.00
2016/02/15	12.31	12.90	11.96	12.69	3689936	70704720.00
2016/02/16	12.83	13.56	12.83	13.52	6331321	128762072.00
2016/02/17	13.38	13.95	13.36	13.83	7696416	160566240.00
2016/02/18	14.09	14.09	13.51	13.71	8370002	176081328.00
2016/02/19	13.51	13.86	13.49	13.73	5859938	122280392.00
2016/02/22	14.02	14.27	13.76	14.07	6488874	138647296.00
2016/02/23	14.19	14.56	13.83	14.23	8827609	191595488.00
2016/02/24	14.26	14.41	13.60	14.10	7119295	151999440.00
2016/02/25	13.99	14.06	12.67	12.67	7142356	144817536.00
2016/02/26	12.76	12.89	12.06	12.39	5111735	97645616.00
2016/02/29	12.37	12.43	11.13	11.20	6009761	105262688.00
2016/03/01	11.20	11.61	10.96	11.45	5309090	91689592.00
2016/03/02	11.48	12.15	11.36	12.15	6258851	112666416.00
2016/03/03	12.29	12.57	12.03	12.07	6018259	112974280.00
2016/03/04	12.06	12.09	11.16	11.35	5496716	97865120.00
2016/03/07	11.46	11.99	11.46	11.60	4604957	82438168.00
2016/03/08	11.64	12.28	11.00	12.01	7664369	136141552.00
2016/03/09	11.69	11.89	11.43	11.68	5042093	90108984.00
2016/03/10	11.79	12.09	11.66	11.73	6817274	124591056.00
2016/03/11	11.23	11.60	11.15	11.48	4177657	73063072.00
2016/03/14	11.75	12.43	11.69	12.06	7361883	136207680.00
2016/03/15	11.96	12.16	11.77	11.82	4748152	86849208.00
2016/03/16	11.95	12.05	11.48	11.57	4919992	88470440.00
2016/03/17	11.65	12.64	11.64	12.42	11947586	223504064.00
2016/03/18	12.49	13.21	12.42	13.05	11026564	215947072.00
2016/03/21	13.39	13.58	13.09	13.53	11581735	236576208.00
2016/03/22	13.39	13.51	13.16	13.26	9756734	198132480.00
2016/03/23	13.23	13.46	13.17	13.39	7358352	149894016.00
2016/03/24	13.23	13.90	13.12	13.27	11644404	240251760.00
2016/03/25	13.28	13.53	13.07	13.31	6197718	126042840.00
2016/03/28	13.39	13.86	13.13	13.29	8244436	171338016.00
2016/03/29	13.23	13.37	12.69	12.81	6552718	129861928.00
2016/03/30	13.01	13.33	12.87	13.31	7184722	143624320.00
2016/03/31	13.49	13.62	13.24	13.28	6637714	135966784.00
2016/04/01	13.12	13.22	12.76	13.03	6259247	123736112.00
2016/04/05	13.03	13.67	12.97	13.63	7629182	156639344.00
2016/04/06	13.56	14.57	13.44	14.14	14111868	302917440.00
2016/04/07	14.16	14.36	13.59	13.61	10196072	215719600.00
2016/04/08	13.30	13.48	13.13	13.40	5595271	113637528.00
2016/04/11	13.51	13.93	13.51	13.75	7247515	152437280.00
2016/04/12	13.79	13.95	13.43	13.67	5392813	112562960.00
2016/04/13	13.76	14.13	13.76	13.91	8638246	184281168.00
2016/04/14	14.01	14.09	13.77	14.05	5692460	120995776.00
2016/04/15	14.03	14.03	13.67	13.83	5739814	120982200.00
2016/04/18	13.69	13.73	13.43	13.53	4395860	90795744.00
2016/04/19	13.65	13.71	13.46	13.59	4032086	83558344.00
2016/04/20	13.69	13.73	12.37	12.59	7891568	155759680.00
2016/04/21	12.55	12.55	12.09	12.12	6143882	116083648.00
2016/04/22	12.09	12.29	11.90	12.26	3479803	64722688.00
2016/04/25	12.23	12.23	11.85	12.09	2856543	52590960.00
2016/04/26	12.06	12.39	11.99	12.33	3198820	60014112.00
2016/04/27	12.44	12.49	12.17	12.20	3518132	66539400.00
2016/04/28	12.27	12.33	11.74	12.11	3789073	69399480.00
2016/04/29	12.05	12.11	11.90	11.97	2337151	42863312.00
2016/05/03	11.97	12.41	11.91	12.38	3850004	72088768.00
2016/05/04	12.31	12.49	12.28	12.33	3603756	68256920.00
2016/05/05	12.33	12.55	12.30	12.53	3601550	68397880.00
2016/05/06	12.53	12.59	11.79	11.83	4956159	92275160.00
2016/05/09	11.83	11.83	11.43	11.51	4315937	76351264.00
2016/05/10	11.53	11.66	11.44	11.57	2269029	40070408.00
2016/05/11	11.66	11.75	11.43	11.43	2331417	41285132.00
2016/05/12	11.23	11.35	11.03	11.32	2866000	49181704.00
2016/05/13	11.30	11.45	11.22	11.27	1958721	34006624.00
2016/05/16	11.28	11.44	11.11	11.43	1911277	33170672.00
2016/05/17	11.43	11.69	11.29	11.51	2955225	51888232.00
2016/05/18	11.43	11.51	11.10	11.27	2967633	51376304.00
2016/05/19	11.27	11.53	11.27	11.28	3351763	58516976.00
2016/05/20	11.24	11.49	11.11	11.48	2642843	46092392.00
2016/05/23	11.49	11.66	11.49	11.61	3324001	58885488.00
2016/05/24	11.61	11.61	11.25	11.29	2987409	52069040.00
2016/05/25	11.39	11.63	11.37	11.46	4387903	77237760.00
2016/05/26	11.41	11.48	11.13	11.44	3216456	55561968.00
2016/05/27	11.41	11.59	11.28	11.52	3472518	61091704.00
2016/05/30	11.43	11.61	11.31	11.48	2316058	40743368.00
2016/05/31	11.48	12.01	11.41	12.00	7543643	135760144.00
2016/06/01	11.96	12.13	11.87	11.92	5917620	108250160.00
2016/06/02	12.03	12.14	11.91	12.05	4692519	85943904.00
2016/06/03	11.97	12.22	11.97	12.07	5137547	94624872.00
2016/06/06	12.06	12.27	11.99	12.09	4051059	74831216.00
2016/06/07	12.11	12.39	12.07	12.37	6995281	130691416.00
2016/06/08	12.27	12.31	11.98	12.16	6221696	114929536.00
2016/06/13	11.94	12.53	11.81	12.41	13594363	254803152.00
2016/06/14	12.41	12.63	12.14	12.63	14930764	281500960.00
2016/06/15	12.18	13.39	12.17	13.21	18787052	369032928.00
2016/06/16	13.03	13.21	12.73	12.87	12647461	249290192.00
2016/06/17	12.86	13.30	12.74	12.88	9017626	178650992.00
2016/06/20	12.83	13.01	12.56	12.70	5850665	112982568.00
2016/06/21	12.87	12.89	12.22	12.32	7154682	136968320.00
2016/06/22	12.33	12.59	12.15	12.57	6136862	115709648.00
2016/06/23	12.49	12.56	12.17	12.33	5734088	107989152.00
2016/06/24	12.36	12.65	11.81	12.43	9286430	175688480.00
2016/06/27	12.30	12.81	12.21	12.81	7265441	139676400.00
2016/06/28	12.74	12.87	12.53	12.74	7296611	141142032.00
2016/06/29	12.75	12.84	12.61	12.82	6797306	131709824.00
2016/06/30	12.83	12.86	12.61	12.65	4946899	95684160.00
2016/07/01	12.63	12.70	12.41	12.46	4303493	82295560.00
2016/07/04	12.31	12.70	12.25	12.65	4884529	93495640.00
2016/07/05	12.67	12.90	12.59	12.89	6932936	134742496.00
2016/07/06	12.90	12.97	12.66	12.75	4710189	91449080.00
2016/07/07	12.74	12.79	12.51	12.62	4508302	86843544.00
2016/07/08	12.61	12.72	12.55	12.59	3044471	58538512.00
2016/07/11	12.53	12.68	12.41	12.44	4725853	90460128.00
2016/07/12	12.46	13.11	12.32	13.10	13169987	257258384.00
2016/07/13	13.13	13.13	12.86	13.01	8365726	165199296.00
2016/07/14	12.94	13.12	12.85	13.03	5726990	113245520.00
2016/07/15	13.05	13.11	12.77	12.77	4589275	90101696.00
2016/07/18	12.79	12.79	12.48	12.53	4282946	82117352.00
2016/07/19	12.47	12.67	12.47	12.66	3041948	58283232.00
2016/07/20	12.65	12.69	12.56	12.56	2821522	54296484.00
2016/07/21	12.56	12.63	12.42	12.45	4797527	91548968.00
2016/07/22	12.37	12.53	12.37	12.43	2894416	54890336.00
2016/07/25	12.42	12.57	12.39	12.46	2862341	54429668.00
2016/07/26	12.47	12.65	12.47	12.61	3223863	61834996.00
2016/07/27	12.64	12.66	11.71	11.74	7295532	134881328.00
2016/07/28	11.78	11.89	11.38	11.53	4726954	83680824.00
2016/07/29	11.44	11.53	11.33	11.44	2374695	41493120.00
2016/08/01	11.44	11.59	11.21	11.53	2711845	46942660.00
2016/08/02	11.47	11.57	11.41	11.53	2018143	35423700.00
2016/08/03	11.53	11.55	11.45	11.55	1716619	30144852.00
2016/08/04	11.54	11.61	11.49	11.59	2152754	37934044.00
2016/08/05	11.55	11.58	11.39	11.39	2433842	42515980.00
2016/08/08	11.39	11.47	11.26	11.47	1574861	27350512.00
2016/08/09	11.47	11.61	11.43	11.61	2325588	40981092.00
2016/08/10	11.63	11.74	11.55	11.55	1958573	34649532.00
2016/08/11	11.48	11.55	11.36	11.37	1802758	31458582.00
2016/08/12	11.36	11.46	11.29	11.45	1805139	31375206.00
2016/08/15	11.48	11.73	11.36	11.67	3933362	69535064.00
2016/08/16	11.69	11.76	11.61	11.69	3152496	56201324.00
2016/08/17	11.69	11.77	11.66	11.74	2706000	48373344.00
2016/08/18	11.73	11.77	11.63	11.67	2713186	48325588.00
2016/08/19	11.67	11.91	11.63	11.85	3955766	71176104.00
2016/08/22	11.85	11.90	11.69	11.70	2371509	42523296.00
2016/08/23	11.70	11.87	11.58	11.74	2043111	36577580.00
2016/08/24	11.73	11.79	11.64	11.68	2286921	40881544.00
2016/08/25	11.64	11.78	11.50	11.78	3309633	58698208.00
2016/08/26	11.82	11.85	11.75	11.75	2192994	39420784.00
2016/08/29	11.78	11.86	11.71	11.85	2221086	39927372.00
2016/08/30	11.86	11.99	11.79	11.95	2561658	46377952.00
2016/08/31	11.94	11.94	11.77	11.83	2626988	47421820.00
2016/09/01	11.81	11.83	11.67	11.67	1805352	32337612.00
2016/09/02	11.64	11.72	11.49	11.57	1722579	30538818.00
2016/09/05	11.56	11.71	11.55	11.57	1296120	22965878.00
2016/09/06	11.55	11.85	11.51	11.84	3186980	56943348.00
2016/09/07	11.84	12.07	11.79	11.86	3120280	56580368.00
2016/09/08	11.81	12.03	11.77	12.01	5663826	103159400.00
2016/09/09	12.01	12.14	11.65	11.74	8650271	157468560.00
2016/09/12	11.54	11.55	11.27	11.28	4239828	73669456.00
2016/09/13	11.29	11.37	11.22	11.29	1945237	33490102.00
2016/09/14	11.26	11.27	11.12	11.15	2243600	38245480.00
2016/09/19	11.15	11.27	11.15	11.21	1401907	24009816.00
2016/09/20	11.24	11.25	11.17	11.21	1359672	23234516.00
2016/09/21	11.24	11.28	11.19	11.23	1369163	23467336.00
2016/09/22	11.31	11.40	11.20	11.21	3409251	58641196.00
2016/09/23	11.21	11.24	11.04	11.07	2816688	47841968.00
2016/09/26	11.01	11.11	10.88	10.90	2059780	34637960.00
2016/09/27	10.90	11.11	10.90	11.10	1919885	32243330.00
2016/09/28	11.13	11.15	11.01	11.06	1133377	19161286.00
2016/09/29	11.06	11.11	11.02	11.03	1156691	19528384.00
2016/09/30	11.09	11.09	10.99	11.07	948365	15979009.00
2016/10/10	11.10	11.31	11.10	11.29	2095490	35911832.00
2016/10/11	11.29	11.33	11.19	11.28	1716493	29445770.00
2016/10/12	11.21	11.38	11.21	11.28	2050574	35355216.00
2016/10/13	11.27	11.33	11.25	11.29	1849194	31841740.00
2016/10/14	11.29	11.33	11.21	11.25	1512148	25970216.00
2016/10/17	11.26	11.30	11.05	11.11	2320096	39658376.00
2016/10/18	11.08	11.29	11.07	11.27	1918402	32799078.00
2016/10/19	11.30	11.31	11.20	11.21	1897547	32556726.00
2016/10/20	11.27	11.31	11.15	11.23	3176537	54456788.00
2016/10/21	11.21	11.26	11.01	11.11	3271655	55569560.00
2016/10/24	11.09	11.31	11.07	11.22	2998901	51345852.00
2016/10/25	11.30	11.31	11.22	11.26	2499978	42959116.00
2016/10/26	11.29	11.33	11.17	11.31	2866053	49219560.00
2016/10/27	11.31	11.43	11.20	11.43	3946758	68134368.00
2016/10/28	11.38	11.47	11.27	11.45	5741066	99509904.00
2016/10/31	11.45	11.45	11.23	11.27	3837041	66158128.00
2016/11/01	11.27	11.34	11.19	11.29	3157484	54270412.00
2016/11/02	11.29	11.31	11.05	11.07	3830667	65265188.00
2016/11/03	11.07	11.19	11.05	11.09	2604306	44197100.00
2016/11/04	11.09	11.21	11.05	11.07	2774043	47115764.00
2016/11/07	11.09	11.12	11.02	11.05	2567433	43315760.00
2016/11/08	11.13	11.17	11.07	11.11	1856175	31504844.00
2016/11/09	11.11	11.13	10.91	10.99	3089621	51880876.00
2016/11/10	11.06	11.12	11.03	11.12	2612025	44163760.00
2016/11/11	11.12	11.27	11.09	11.24	3541282	60315760.00
2016/11/14	11.22	11.30	11.18	11.24	2916683	50018476.00
2016/11/15	11.25	11.35	11.17	11.29	3153116	54198888.00
2016/11/16	11.29	11.34	11.25	11.29	2974937	51262336.00
2016/11/17	11.45	11.99	11.45	11.60	12556119	224459728.00
2016/11/18	11.48	11.86	11.40	11.72	9892527	174991680.00
2016/11/21	11.65	11.65	11.53	11.55	5080718	89617696.00
2016/11/22	11.65	11.68	11.43	11.59	4968882	87280080.00
2016/11/23	11.59	11.68	11.48	11.61	4726618	83479176.00
2016/11/24	11.59	11.71	11.41	11.42	5004566	88187848.00
2016/11/25	11.43	11.45	11.22	11.42	3434864	59462720.00
2016/11/28	11.42	11.44	11.35	11.36	2804193	48702332.00
2016/11/29	11.39	11.39	11.23	11.23	3180185	54818488.00
2016/11/30	11.21	11.27	11.08	11.23	2890279	49303856.00
2016/12/01	11.26	11.28	11.17	11.27	2197872	37638516.00
2016/12/02	11.25	11.27	11.07	11.07	2393836	40717620.00
2016/12/05	10.98	11.20	10.93	11.05	2041886	34511528.00
2016/12/06	11.06	11.13	11.01	11.01	2086913	35229672.00
2016/12/07	11.04	11.13	11.00	11.13	1631255	27552992.00
2016/12/08	11.16	11.16	10.99	11.00	1647643	27848736.00
2016/12/09	11.07	11.07	10.95	10.97	1736531	29146868.00
2016/12/12	11.00	11.00	10.10	10.15	4112265	66505724.00
2016/12/13	10.15	10.21	9.79	9.85	4746499	72037368.00
2016/12/14	9.85	9.90	9.69	9.77	2383628	35743196.00
2016/12/15	9.69	9.99	9.69	9.89	1990924	30101724.00
2016/12/16	9.89	10.00	9.89	9.93	1596974	24310044.00
2016/12/19	9.93	10.04	9.81	9.97	2079385	31549734.00
2016/12/20	9.93	10.24	9.89	10.24	3948228	60921684.00
2016/12/21	10.23	10.28	10.15	10.26	2034091	31762050.00
2016/12/22	10.28	10.31	10.11	10.22	1447413	22596110.00
2016/12/23	10.17	10.24	10.03	10.15	1163557	18035362.00
2016/12/26	9.94	10.13	9.87	10.13	1470060	22467256.00
2016/12/27	10.14	10.51	10.04	10.37	2117507	33268024.00
2016/12/28	10.33	10.38	10.17	10.18	1495928	23394566.00
2016/12/29	10.14	10.30	10.13	10.19	1215759	18998172.00
2016/12/30	10.22	10.24	10.17	10.19	989808	15441179.00
2017/01/03	10.19	10.27	10.19	10.25	938506	14679320.00
2017/01/04	10.27	10.37	10.22	10.36	1517039	23922360.00
2017/01/05	10.39	10.41	10.28	10.37	1227540	19429500.00
2017/01/06	10.37	10.37	10.22	10.27	1371011	21513578.00
2017/01/09	10.24	10.33	10.24	10.27	1206959	18950720.00
2017/01/10	10.27	10.49	10.24	10.31	1361692	21600758.00
2017/01/11	10.31	10.31	9.81	9.94	4016833	61395456.00
2017/01/12	9.93	10.19	9.87	9.93	1744754	26635662.00
2017/01/13	9.93	10.03	9.75	9.85	1513680	22973416.00
2017/01/16	9.81	9.95	8.99	9.62	2786012	41146796.00
2017/01/17	9.62	9.79	9.23	9.61	2454762	35596140.00
2017/01/18	9.55	9.60	9.41	9.49	1469347	21353688.00
2017/01/19	9.44	9.54	9.35	9.45	1007712	14574789.00
2017/01/20	9.45	9.67	9.38	9.61	1582344	23171162.00
2017/01/23	9.61	9.72	9.55	9.63	1247773	18372298.00
2017/01/24	9.64	9.64	9.45	9.48	1083327	15770737.00
2017/01/25	9.44	9.57	9.27	9.57	960579	13939778.00
2017/01/26	9.55	9.67	9.47	9.61	1608147	23620666.00
2017/02/03	9.47	10.19	9.44	9.77	1549252	23086042.00
2017/02/06	9.74	9.83	9.66	9.77	1505498	22442398.00
2017/02/07	9.77	10.19	9.75	9.97	2572196	39232676.00
2017/02/08	9.89	9.99	9.81	9.98	1616428	24461310.00
2017/02/09	9.89	10.42	9.89	10.07	1910753	29488196.00
2017/02/10	10.07	10.07	9.93	10.01	1440366	21999312.00
2017/02/13	10.07	10.07	9.91	9.97	1301184	19840658.00
2017/02/14	9.99	10.19	9.93	10.00	1077076	16511481.00
2017/02/15	10.00	10.00	9.85	9.85	1442527	21844462.00
2017/02/16	9.90	9.94	9.81	9.91	983554	14861103.00
2017/02/17	9.91	9.96	9.81	9.83	1391379	20990522.00
2017/02/20	9.78	9.89	9.74	9.87	2189041	32810768.00
2017/02/21	9.83	10.00	9.83	9.95	1497023	22767500.00
2017/02/22	9.95	10.01	9.92	10.01	1562138	23813216.00
2017/02/23	10.00	10.05	9.91	10.01	1378665	21021966.00
2017/02/24	10.04	10.08	9.97	10.05	1489430	22873706.00
2017/02/27	10.05	10.67	9.98	10.40	6968539	111003544.00
2017/02/28	10.25	10.40	10.22	10.33	3148052	49655588.00
2017/03/01	10.28	10.38	10.16	10.17	2653802	41616596.00
2017/03/02	10.19	10.43	10.11	10.11	1924387	30015394.00
2017/03/03	10.14	10.14	10.02	10.07	1503294	23122068.00
2017/03/06	10.09	10.51	10.09	10.35	4332203	68459832.00
2017/03/07	10.35	10.46	10.26	10.39	2714122	42986292.00
2017/03/08	10.40	10.41	10.25	10.27	1967254	30943474.00
2017/03/09	10.49	10.61	10.31	10.40	5313378	84930448.00
2017/03/10	10.33	10.33	10.15	10.23	2509857	39206452.00
2017/03/13	10.18	10.51	10.18	10.39	3834959	60728504.00
2017/03/14	10.36	10.36	10.18	10.21	3654079	57222476.00
2017/03/15	10.19	10.20	10.04	10.07	2356727	36315064.00
2017/03/16	10.08	10.17	10.07	10.11	2067199	31966940.00
2017/03/17	10.11	10.51	10.11	10.37	7633325	120938584.00
2017/03/20	10.38	10.82	10.32	10.73	8984860	146068448.00
2017/03/21	10.62	10.71	10.56	10.67	4074092	66117540.00
2017/03/22	10.60	10.89	10.54	10.89	6840567	112491120.00
2017/03/23	10.84	10.93	10.61	10.75	5308198	87253224.00
2017/03/24	10.78	10.99	10.66	10.67	4293405	70814600.00
2017/03/27	10.59	10.81	10.59	10.64	2944609	48079072.00
2017/03/28	10.67	10.75	10.54	10.59	2319911	37514964.00
2017/03/29	10.62	10.62	10.41	10.42	2814296	45064052.00
2017/03/30	10.37	10.37	9.97	9.97	4146097	64054616.00
2017/03/31	9.87	10.07	9.81	10.02	2363782	36103060.00
2017/04/05	10.03	10.21	9.99	10.15	1883780	29169424.00
2017/04/06	10.05	10.15	10.05	10.07	1944715	29986364.00
2017/04/07	10.05	10.17	10.03	10.09	1777620	27432066.00
2017/04/10	10.09	10.11	9.83	9.85	2297090	34810012.00
2017/04/11	9.81	9.97	9.68	9.91	2167428	32498174.00
2017/04/12	9.91	9.91	9.69	9.71	2165302	32266866.00
2017/04/13	9.77	9.83	9.71	9.73	982747	14684891.00
2017/04/14	9.71	9.77	9.51	9.57	1559206	22928262.00
2017/04/17	9.57	9.65	9.51	9.61	1097331	16121256.00
2017/04/18	9.55	9.69	9.22	9.30	3255684	47006484.00
2017/04/19	9.21	9.35	9.10	9.23	1590514	22410522.00
2017/04/20	9.26	9.40	9.24	9.33	1444592	20605282.00
2017/04/21	9.35	9.41	9.15	9.19	978754	13874566.00
2017/04/24	9.17	9.20	8.94	8.98	1643583	22756936.00
2017/04/25	9.07	9.07	8.88	8.94	1023115	14091022.00
2017/04/26	8.95	9.04	8.95	8.97	861230	11870974.00
2017/04/27	8.97	9.06	8.77	9.03	1609727	22048472.00
2017/04/28	8.97	9.26	8.97	9.22	1369157	19143904.00
2017/05/02	9.22	9.28	9.13	9.15	758668	10671476.00
2017/05/03	9.14	9.19	8.81	8.94	2037103	28075746.00
2017/05/04	8.94	9.09	8.83	9.07	1338558	18491360.00
2017/05/05	9.04	9.07	8.87	8.91	1304826	17929998.00
2017/05/08	8.92	9.01	8.69	8.72	1548482	21024582.00
2017/05/09	8.72	8.83	8.66	8.80	1289354	17302320.00
2017/05/10	8.80	8.83	8.51	8.57	1707785	22772616.00
2017/05/11	8.58	8.60	8.01	8.13	2571431	32563170.00
2017/05/12	8.19	8.20	7.97	8.01	1986457	24511748.00
2017/05/15	8.07	8.09	7.93	7.97	1433780	17623890.00
2017/05/16	7.93	8.10	7.63	8.08	3295471	39884060.00
2017/05/17	8.01	8.13	8.01	8.05	2184280	27103790.00
2017/05/18	8.10	8.25	8.03	8.11	2699754	33840744.00
2017/05/19	8.07	8.11	7.91	8.01	1598560	19675338.00
2017/05/22	8.01	8.17	7.88	7.93	1869558	23099810.00
2017/05/23	7.92	7.92	7.58	7.61	2091693	24728500.00
2017/05/24	7.57	7.67	7.37	7.63	1378443	15999666.00
2017/05/25	7.63	7.77	7.47	7.72	1606675	18851416.00
2017/05/26	7.76	7.77	7.64	7.74	928707	11035118.00
2017/05/31	7.79	7.87	7.55	7.58	1930300	22914668.00
2017/06/01	7.57	7.57	7.19	7.27	2013142	22874004.00
2017/06/02	7.17	7.44	7.17	7.33	1939123	21739416.00
2017/06/05	7.33	7.41	7.29	7.35	1620291	18336342.00
2017/06/06	7.34	7.51	7.29	7.45	1880877	21450502.00
2017/06/07	7.41	7.65	7.40	7.61	2449992	28511952.00
2017/06/08	7.63	7.71	7.61	7.64	2455749	28902804.00
2017/06/09	7.75	8.12	7.75	8.11	6808754	83520576.00
2017/06/12	7.99	8.01	7.77	7.80	3795265	45969912.00
2017/06/13	7.81	7.93	7.81	7.87	1937506	23439282.00
2017/06/14	7.87	7.87	7.75	7.84	2070748	24828038.00
2017/06/15	7.84	8.00	7.83	7.93	2212453	26802718.00
2017/06/16	7.93	7.95	7.85	7.91	1234578	14883067.00
2017/06/19	7.90	8.03	7.83	7.96	1869901	22664732.00
2017/06/20	7.93	7.96	7.89	7.93	1724595	20887426.00
2017/06/21	7.93	7.97	7.89	7.93	1593111	19302562.00
2017/06/22	7.91	8.21	7.91	7.93	5121980	63268376.00
2017/06/23	7.89	7.89	7.62	7.77	3178633	37548136.00
2017/06/26	7.73	7.82	7.69	7.82	1610506	19114698.00
2017/06/27	7.85	7.85	7.73	7.79	1198038	14249523.00
2017/06/28	7.78	7.79	7.64	7.67	1214760	14287677.00
2017/06/29	7.65	7.83	7.65	7.75	1504641	17854220.00
2017/06/30	7.73	7.73	7.64	7.70	1272353	14938760.00
2017/07/03	7.67	7.84	7.62	7.82	1570090	18590614.00
2017/07/04	7.81	7.82	7.71	7.77	1131383	13434892.00
2017/07/05	7.73	7.95	7.73	7.95	2303728	27671692.00
2017/07/06	7.95	7.97	7.79	7.87	1754754	21139864.00
2017/07/07	7.81	7.89	7.80	7.89	1563837	18735662.00
2017/07/10	7.85	7.91	7.79	7.81	1690498	20238174.00
2017/07/11	7.84	7.84	7.65	7.65	2227256	26270456.00
2017/07/12	7.63	7.69	7.52	7.61	2135428	24748134.00
2017/07/13	7.60	7.68	7.57	7.61	1134138	13200418.00
2017/07/14	7.64	7.64	7.49	7.57	1012887	11694018.00
2017/07/17	7.55	7.55	6.89	6.91	3001805	32921516.00
2017/07/18	6.79	6.98	6.79	6.92	1728056	18239102.00
2017/07/19	6.93	7.00	6.85	6.99	1756178	18666396.00
2017/07/20	7.01	7.06	6.92	6.97	1422490	15245821.00
2017/07/21	7.03	7.28	7.03	7.08	2699965	29526616.00
2017/07/24	7.05	7.05	6.89	7.04	1909446	20462322.00
2017/07/25	7.03	7.09	6.96	6.99	1257307	13486678.00
2017/07/26	6.99	7.01	6.86	6.92	1549937	16468324.00
2017/07/27	6.94	7.22	6.87	7.16	3271496	35546728.00
2017/07/28	7.17	7.21	7.11	7.14	1760497	19256134.00
2017/07/31	7.14	7.25	7.10	7.21	2088263	22981896.00
2017/08/01	7.21	7.23	7.09	7.19	1520402	16635021.00
2017/08/02	7.15	7.17	7.01	7.05	1810420	19691646.00
2017/08/03	7.05	7.19	7.00	7.09	1763636	19189240.00
2017/08/04	7.11	7.13	7.05	7.08	1643222	17829714.00
2017/08/07	7.08	7.15	7.07	7.11	1212840	13205162.00
2017/08/08	7.12	7.19	7.07	7.16	2117272	23117668.00
2017/08/09	7.16	7.55	7.14	7.34	6037078	68351920.00
2017/08/10	7.26	7.37	7.21	7.21	4076364	45253980.00
2017/08/11	7.21	7.21	7.02	7.05	2564219	27844246.00
2017/08/14	7.11	7.23	7.05	7.23	1969385	21599282.00
2017/08/15	7.23	7.27	7.15	7.23	1787868	19722246.00
2017/08/16	7.29	7.40	7.21	7.35	3249049	36446596.00
2017/08/17	7.38	7.75	7.37	7.65	8349345	96785856.00
2017/08/18	7.59	7.61	7.44	7.49	3986145	45925076.00
2017/08/21	7.51	7.59	7.49	7.53	1808730	20849556.00
2017/08/22	7.55	7.55	7.41	7.45	1860484	21221902.00
2017/08/23	7.48	7.62	7.45	7.48	2709364	31222220.00
2017/08/24	7.51	7.51	7.34	7.37	2297749	25944366.00
2017/08/25	7.32	7.49	7.32	7.45	1731341	19705312.00
2017/08/28	7.51	7.59	7.45	7.58	2297562	26494934.00
2017/08/29	7.58	7.61	7.48	7.49	1775382	20444700.00
2017/08/30	7.49	7.59	7.49	7.52	1857168	21404764.00
2017/08/31	7.52	7.55	7.43	7.50	1588827	18178674.00
2017/09/01	7.49	7.57	7.44	7.56	2316878	26641756.00
2017/09/04	7.56	7.85	7.56	7.79	4818973	56784656.00
2017/09/05	7.79	8.09	7.75	7.90	6251494	75979704.00
2017/09/06	7.81	7.89	7.73	7.89	3729844	44401552.00
2017/09/07	7.92	8.04	7.83	7.85	3847698	46557740.00
2017/09/08	7.85	7.90	7.73	7.80	2926256	34838480.00
2017/09/11	7.79	7.85	7.73	7.83	1942449	23170632.00
2017/09/12	7.83	7.85	7.74	7.76	2419026	28779038.00
2017/09/13	7.79	7.83	7.74	7.77	1869460	22210950.00
2017/09/14	7.75	7.83	7.68	7.81	3653124	43323128.00
2017/09/15	7.80	7.80	7.71	7.73	1623192	19205500.00
2017/09/18	7.69	7.79	7.69	7.77	1505582	17841714.00
2017/09/19	7.79	7.83	7.71	7.71	1871918	22236396.00
2017/09/20	7.73	7.82	7.73	7.82	1795404	21309104.00
2017/09/21	7.83	7.89	7.73	7.75	2550685	30452540.00
2017/09/22	7.74	7.75	7.55	7.58	2508022	29170170.00
2017/09/25	7.65	7.81	7.52	7.59	3005701	35424848.00
2017/09/26	7.51	7.58	7.40	7.49	2384053	27220178.00
2017/09/27	7.48	7.51	7.43	7.49	1152395	13173798.00
2017/09/28	7.49	7.50	7.42	7.43	1360647	15502211.00
2017/09/29	7.42	7.51	7.42	7.50	1193166	13635291.00
2017/10/09	7.57	7.67	7.53	7.59	1787792	20785874.00
2017/10/10	7.61	7.90	7.57	7.87	4680603	55834712.00
2017/10/11	7.93	7.95	7.75	7.81	3488185	41669092.00
2017/10/12	7.82	8.11	7.81	7.96	7963299	97215960.00
2017/10/13	7.99	8.07	7.87	7.93	3329476	40412820.00
2017/10/16	7.93	7.96	7.69	7.73	3415320	40795652.00
2017/10/17	7.74	7.95	7.71	7.85	2866738	34274476.00
2017/10/18	7.81	8.65	7.81	8.07	11597025	146052512.00
2017/10/19	8.07	8.25	7.91	8.16	8566177	105749784.00
2017/10/20	8.10	8.13	7.91	8.03	4873321	59635072.00
2017/10/23	7.98	8.10	7.94	8.05	4069213	49809476.00
2017/10/24	8.02	8.05	7.80	7.86	3454276	41591828.00
2017/10/25	7.88	7.91	7.80	7.89	2431641	29175432.00
2017/10/26	7.87	7.95	7.81	7.93	2428155	29291380.00
2017/10/27	7.94	7.95	7.75	7.77	2410114	28840446.00
2017/10/30	7.75	7.80	7.30	7.37	3465284	39917132.00
2017/10/31	7.42	7.48	7.37	7.44	1552342	17619076.00
2017/11/01	7.43	7.43	7.27	7.29	3062520	34316168.00
2017/11/02	7.24	7.29	7.19	7.21	1898301	20974354.00
2017/11/03	7.21	7.27	7.14	7.17	1882440	20712136.00
2017/11/06	7.25	7.27	7.07	7.23	1696530	18584668.00
2017/11/07	7.23	7.28	7.17	7.28	1473094	16287240.00
2017/11/08	7.26	7.35	7.23	7.23	2083160	23282410.00
2017/11/09	7.34	7.58	7.33	7.48	3687791	42177028.00
2017/11/10	7.38	7.44	7.35	7.39	2115059	23928182.00
2017/11/13	7.39	7.42	7.27	7.29	2335190	26089710.00
2017/11/14	7.29	7.32	7.13	7.17	2417414	26583484.00
2017/11/15	7.13	7.18	7.01	7.05	1878769	20364276.00
2017/11/16	7.03	7.18	6.97	7.07	1474850	16052219.00
2017/11/17	7.05	7.06	6.79	6.82	2253721	23832488.00
2017/11/20	6.79	6.85	6.55	6.85	1626572	16785960.00
2017/11/21	6.85	6.98	6.82	6.84	1116649	11778907.00
2017/11/22	6.84	6.94	6.72	6.85	1056318	11059886.00
2017/11/23	6.87	7.05	6.73	6.89	2448034	25899554.00
2017/11/24	6.80	7.02	6.80	6.96	1602348	17076246.00
2017/11/27	6.89	6.97	6.82	6.83	1062800	11241965.00
2017/11/28	6.83	6.95	6.79	6.93	1003507	10597829.00
2017/11/29	7.00	7.00	6.80	6.92	991090	10459933.00
2017/11/30	6.90	6.93	6.83	6.85	929288	9773597.00
2017/12/01	6.84	6.91	6.84	6.89	881340	9299734.00
2017/12/04	6.89	6.95	6.83	6.83	1336921	14111624.00
2017/12/05	6.81	6.82	6.56	6.63	1538396	15732960.00
2017/12/06	6.65	6.67	6.45	6.67	1459422	14738185.00
2017/12/07	6.65	6.70	6.59	6.65	758660	7748839.00
2017/12/08	6.67	6.73	6.64	6.71	687170	7057704.50
2017/12/11	6.69	6.75	6.65	6.71	1332520	13703104.00
2017/12/12	6.71	6.72	6.56	6.58	1027912	10449477.00
2017/12/13	6.56	6.63	6.54	6.61	791514	7997896.50
2017/12/14	6.61	6.65	6.54	6.58	760800	7681471.50
2017/12/15	6.59	6.77	6.59	6.68	1533195	15700145.00
2017/12/18	6.67	6.73	6.59	6.61	858800	8755536.00
2017/12/19	6.64	6.76	6.55	6.69	1542740	15811936.00
2017/12/20	6.65	6.70	6.54	6.58	1208726	12206340.00
2017/12/21	6.60	6.62	6.50	6.59	723367	7277082.00
2017/12/22	6.59	6.59	6.53	6.57	591164	5941330.50
2017/12/25	6.57	6.57	6.31	6.34	1895490	18641434.00
2017/12/26	6.36	6.40	6.29	6.37	851565	8317064.00
2017/12/27	6.38	6.45	6.34	6.38	807414	7910545.00
2017/12/28	6.41	6.43	6.33	6.39	919156	9015521.00
2017/12/29	6.39	6.43	6.34	6.41	855067	8381508.00
2018/01/02	6.43	6.46	6.40	6.46	1038204	10243201.00
2018/01/03	6.44	6.55	6.44	6.52	1158883	11554230.00
2018/01/04	6.55	6.77	6.55	6.62	2318059	23665396.00
2018/01/05	6.59	6.65	6.55	6.64	1327723	13450931.00
2018/01/08	6.66	6.66	6.57	6.60	865693	8741400.00
2018/01/09	6.58	6.69	6.55	6.66	1308955	13299231.00
2018/01/10	6.63	6.67	6.56	6.59	951573	9646150.00
2018/01/11	6.57	6.72	6.53	6.71	1497094	15259558.00
2018/01/12	6.71	6.74	6.62	6.65	1341192	13692882.00
2018/01/15	6.66	6.71	6.51	6.55	1471658	14898324.00
2018/01/16	6.57	6.60	6.52	6.54	1022680	10269400.00
2018/01/17	6.55	6.91	6.38	6.87	3703227	37915484.00
2018/01/18	7.05	7.05	6.69	6.70	3833229	40413460.00
2018/01/19	6.61	6.81	6.55	6.79	3228324	33096708.00
2018/01/22	6.72	7.15	6.72	7.11	5350953	57580852.00
2018/01/23	7.05	7.11	6.97	6.99	2084460	22401688.00
2018/01/24	7.01	7.09	6.95	7.07	1767806	19035980.00
2018/01/25	7.01	7.07	6.92	6.92	1396832	14956757.00
2018/01/26	6.91	6.98	6.85	6.91	1122890	11898471.00
2018/01/29	6.87	6.95	6.79	6.79	1063180	11143815.00
2018/01/30	6.79	6.84	6.78	6.81	817902	8528127.00
2018/01/31	6.83	6.85	6.60	6.60	1123980	11496736.00
2018/02/01	6.57	6.65	6.33	6.39	1472190	14598456.00
2018/02/02	6.20	6.45	6.20	6.39	1081730	10526915.00
2018/02/05	6.33	6.49	6.33	6.37	671152	6583386.00
2018/02/06	6.25	6.39	5.91	5.93	1448832	13682340.00
2018/02/07	6.03	6.11	5.87	5.95	961660	8853877.00
2018/02/08	5.97	6.51	5.97	6.51	2964929	28622390.00
2018/02/09	6.33	6.95	6.23	6.74	7544072	77390144.00
2018/02/12	6.81	6.82	6.49	6.74	3606377	36942784.00
2018/02/13	6.69	6.80	6.53	6.57	2193340	22339614.00
2018/02/14	6.57	6.61	6.45	6.47	1181260	11826587.00
2018/02/22	6.27	6.47	6.27	6.47	1517039	14896532.00
2018/02/23	6.46	6.54	6.43	6.48	1085995	10793122.00
2018/02/26	6.52	6.65	6.46	6.61	2076458	20873464.00
2018/02/27	6.65	6.77	6.57	6.59	2023088	20591760.00
2018/02/28	6.53	6.61	6.41	6.51	1414910	14173728.00
2018/03/01	6.47	7.17	6.46	7.17	9520880	102268312.00
2018/03/02	7.48	7.91	7.41	7.91	30935424	366633824.00
2018/03/05	7.76	7.80	7.55	7.74	22726439	266408576.00
2018/03/06	7.68	7.88	7.67	7.75	19263368	228025520.00
2018/03/07	7.72	7.82	7.67	7.71	10162604	120159360.00
2018/03/08	7.52	7.57	7.35	7.47	13021016	148341632.00
2018/03/09	7.45	7.62	7.37	7.51	10509557	120623432.00
2018/03/12	7.57	7.74	7.47	7.67	10796051	125946752.00
2018/03/13	7.65	8.05	7.45	7.92	16626445	196888944.00
2018/03/14	7.79	7.90	7.64	7.65	9151295	108598408.00
2018/03/15	7.57	7.59	7.24	7.42	6441493	73104112.00
2018/03/16	7.43	7.55	7.34	7.34	5106435	58208756.00
2018/03/19	7.27	7.48	7.26	7.39	4846405	54788556.00
2018/03/20	7.29	7.43	7.25	7.39	4300650	48256396.00
2018/03/21	7.39	7.61	7.23	7.25	5269033	59931568.00
2018/03/22	7.27	7.40	7.21	7.31	3282530	36695128.00
2018/03/23	7.05	7.05	6.57	6.57	7822425	81170112.00
2018/03/26	6.39	6.68	6.37	6.68	5055446	50618376.00
2018/03/27	6.76	6.93	6.70	6.83	4555568	47574564.00
2018/03/28	6.71	6.81	6.63	6.72	3176980	32790506.00
2018/03/29	6.83	7.24	6.83	6.98	5705072	61272112.00
2018/03/30	7.01	7.15	6.87	7.11	5060552	54430352.00
2018/04/02	7.17	7.57	7.07	7.33	7712401	86127256.00
2018/04/03	7.15	7.21	7.03	7.13	4122295	44830684.00
2018/04/04	7.07	7.19	6.97	7.01	3105166	33546086.00
2018/04/09	6.99	7.12	6.92	7.05	2512627	27075322.00
2018/04/10	7.09	7.18	7.01	7.18	3202278	34870144.00
2018/04/11	7.23	7.37	7.16	7.23	3913238	43608880.00
2018/04/12	7.27	7.37	7.19	7.23	2619012	29187484.00
2018/04/13	7.35	7.48	7.23	7.26	2915063	32674914.00
2018/04/16	7.25	7.33	7.07	7.19	2536980	27967486.00
2018/04/17	7.19	7.26	6.80	6.82	3451965	37089336.00
2018/04/18	6.84	7.09	6.79	7.05	3243456	34490612.00
2018/04/19	7.05	7.55	7.01	7.38	8081636	90771424.00
2018/04/20	7.40	7.47	7.19	7.23	5557672	62333452.00
2018/04/23	7.31	7.45	7.18	7.32	5044750	56436916.00
2018/04/24	7.32	7.55	7.27	7.53	6872350	78374520.00
2018/04/25	7.48	7.68	7.41	7.61	6577100	76043944.00
2018/04/26	7.59	7.61	7.33	7.36	5979975	68010496.00
2018/04/27	7.36	7.43	7.23	7.24	4071158	45425632.00
2018/05/02	7.25	7.41	7.05	7.12	3875262	42810428.00
2018/05/03	7.11	7.25	6.85	7.21	4094607	44090956.00
2018/05/04	7.17	7.24	7.04	7.06	2617957	28551288.00
2018/05/07	7.11	7.41	7.07	7.41	5212219	58384108.00
2018/05/08	7.43	7.50	7.33	7.43	5153679	58381676.00
2018/05/09	7.45	7.56	7.39	7.50	4677095	53507972.00
2018/05/10	7.49	7.57	7.39	7.45	3677883	41971748.00
2018/05/11	7.41	7.50	7.23	7.27	3577031	39991888.00
2018/05/14	7.31	7.37	7.22	7.37	2566768	28641318.00
2018/05/15	7.37	7.45	7.19	7.45	3953297	44316452.00
2018/05/16	7.41	7.51	7.33	7.35	3983135	45272964.00
2018/05/17	7.33	7.40	7.26	7.29	2285400	25550652.00
2018/05/18	7.29	7.37	7.21	7.37	2960838	33144432.00
2018/05/21	7.48	7.52	7.35	7.41	4221080	47922456.00
2018/05/22	7.44	7.85	7.35	7.75	11411684	134288464.00
2018/05/23	7.73	7.75	7.62	7.65	4419651	51864176.00
2018/05/24	7.61	8.05	7.61	7.77	9147743	109976272.00
2018/05/25	7.77	8.18	7.65	8.07	10755148	129969960.00
2018/05/28	7.95	8.35	7.83	7.83	15345786	190672912.00
2018/05/29	7.80	7.80	7.49	7.49	10363924	120562344.00
2018/05/30	7.27	7.27	6.73	7.05	7214624	77510696.00
2018/05/31	7.05	7.23	7.05	7.10	3088760	33387884.00
2018/06/01	6.99	7.07	6.78	6.86	3915686	41175232.00
2018/06/04	6.91	6.95	6.79	6.81	2067292	21543046.00
2018/06/05	6.87	6.99	6.87	6.95	2029900	21391620.00
2018/06/06	6.95	7.03	6.95	7.01	1668770	17710270.00
2018/06/07	7.03	7.03	6.75	6.76	2969895	30987640.00
2018/06/08	6.65	6.70	6.52	6.68	3264260	32850028.00
2018/06/11	6.66	6.71	6.57	6.67	1572213	15886609.00
2018/06/12	6.66	6.74	6.61	6.66	2259724	22919918.00
2018/06/13	6.60	6.66	6.37	6.38	3387874	33467720.00
2018/06/14	6.42	6.46	6.29	6.35	1818282	17606956.00
2018/06/15	6.36	6.42	6.13	6.19	2060800	19617736.00
2018/06/19	5.98	6.09	5.56	5.66	3880937	34413664.00
2018/06/20	5.69	5.91	5.59	5.82	2496242	21819436.00
2018/06/21	5.82	5.88	5.57	5.67	1903864	16594155.00
2018/06/22	5.59	5.79	5.58	5.74	1436662	12500862.00
2018/06/25	5.81	5.87	5.74	5.75	1215990	10756848.00
2018/06/26	5.67	6.24	5.62	6.07	2566977	22946500.00
2018/06/27	6.00	6.03	5.84	5.89	1986383	17928196.00
2018/06/28	5.93	5.99	5.78	5.78	1243817	11175482.00
2018/06/29	5.79	6.02	5.79	5.96	2960166	26827242.00
2018/07/02	5.98	6.01	5.74	5.78	2867559	25822232.00
2018/07/03	5.77	6.00	5.67	5.90	3455834	30569818.00
2018/07/04	5.91	5.99	5.84	5.91	2141302	19311428.00
2018/07/05	5.91	5.95	5.71	5.75	1214750	10805477.00
2018/07/06	5.78	5.89	5.67	5.79	1363467	12012784.00
2018/07/09	5.81	6.04	5.81	6.03	1482090	13389213.00
2018/07/10	6.04	6.23	6.01	6.16	2940456	27404330.00
2018/07/11	6.01	6.03	5.87	5.99	2028564	18440738.00
2018/07/12	5.97	6.14	5.95	6.09	1961822	18191054.00
2018/07/13	6.06	6.09	6.01	6.04	1144270	10542765.00
2018/07/16	6.10	6.17	6.04	6.05	1309044	12132861.00
2018/07/17	6.07	6.11	6.03	6.10	958034	8855509.00
2018/07/18	6.10	6.19	6.05	6.05	1108024	10329080.00
2018/07/19	6.05	6.05	5.85	5.86	1749680	15818992.00
2018/07/20	5.79	5.98	5.77	5.94	1962359	17535360.00
2018/07/23	5.97	6.05	5.91	6.02	1502170	13707785.00
2018/07/24	6.02	6.14	5.99	6.11	2034034	18846428.00
2018/07/25	6.15	6.15	6.04	6.07	1592417	14751511.00
2018/07/26	6.12	6.13	6.05	6.10	1212300	11229607.00
2018/07/27	6.11	6.11	5.98	6.04	1200164	11034107.00
2018/07/30	6.06	6.10	5.93	5.95	1224686	11202376.00
2018/07/31	5.97	6.05	5.93	6.05	1067158	9727398.00
2018/08/01	6.05	6.12	5.84	5.87	1487820	13607698.00
2018/08/02	5.95	5.95	5.37	5.59	2407236	20791860.00
2018/08/03	5.61	5.69	5.52	5.52	1107000	9473211.00
2018/08/06	5.59	5.59	5.37	5.39	1297660	10782515.00
2018/08/07	5.39	5.53	5.37	5.51	904930	7536448.50
2018/08/08	5.53	5.56	5.41	5.42	768060	6430763.50
2018/08/09	5.38	5.62	5.38	5.57	1473700	12468850.00
2018/08/10	5.57	5.61	5.53	5.61	730460	6206128.00
2018/08/13	5.54	5.69	5.45	5.65	1326039	11227899.00
2018/08/14	5.65	5.65	5.58	5.63	843389	7222671.00
2018/08/15	5.63	5.68	5.44	5.48	1107701	9337814.00
2018/08/16	5.39	5.54	5.37	5.45	867299	7246254.00
2018/08/17	5.47	5.51	5.27	5.29	1718200	14081775.00
2018/08/20	5.29	5.35	5.24	5.34	1432700	11587986.00
2018/08/21	5.36	5.36	5.27	5.35	1440585	11701699.00
2018/08/22	5.34	5.36	5.19	5.23	1427756	11478138.00
2018/08/23	5.21	5.34	5.21	5.31	1432424	11570830.00
2018/08/24	5.32	5.34	5.25	5.29	796600	6448366.50
2018/08/27	5.31	5.43	5.30	5.40	1137600	9343652.00
2018/08/28	5.39	5.47	5.38	5.43	875600	7260044.50
2018/08/29	5.44	5.61	5.44	5.57	3317250	28064420.00
2018/08/30	5.57	5.61	5.45	5.47	1239600	10431148.00
2018/08/31	5.43	5.47	5.35	5.41	1131400	9341074.00
2018/09/03	5.37	5.37	5.23	5.30	2038954	16409550.00
2018/09/04	5.31	5.36	5.23	5.35	1265099	10239714.00
2018/09/05	5.35	5.36	5.25	5.27	1047080	8477868.00
2018/09/06	5.27	5.33	5.23	5.25	1416180	11393004.00
2018/09/07	5.25	5.33	5.25	5.27	1332080	10750824.00
2018/09/10	5.27	5.29	5.19	5.19	1067314	8539715.00
2018/09/11	5.20	5.24	5.13	5.22	924519	7307417.00
2018/09/12	5.23	5.27	5.20	5.24	590100	4716721.00
2018/09/13	5.27	5.32	5.22	5.29	818600	6585576.00
2018/09/14	5.30	5.36	5.27	5.28	864480	6995881.00
2018/09/17	5.31	5.31	5.14	5.24	1269690	10097319.00
2018/09/18	5.22	5.32	5.21	5.31	872100	7020506.00
2018/09/19	5.27	5.49	5.27	5.46	2287276	18865284.00
2018/09/20	5.45	5.45	5.37	5.39	943640	7775594.00
2018/09/21	5.41	5.45	5.37	5.44	1072710	8864350.00
2018/09/25	5.43	5.46	5.41	5.46	970667	8062590.00
2018/09/26	5.46	5.53	5.46	5.50	1463142	12268138.00
2018/09/27	5.49	5.49	5.39	5.44	1424727	11815939.00
2018/09/28	5.41	5.68	5.41	5.59	1617193	13721387.00
2018/10/08	5.51	5.51	5.33	5.37	1294040	10724173.00
2018/10/09	5.39	5.48	5.37	5.44	958100	7963317.00
2018/10/10	5.49	5.54	5.43	5.47	1094370	9144607.00
2018/10/11	5.29	5.35	4.98	5.06	2330814	18431038.00
2018/10/12	5.04	5.13	4.96	5.11	1326220	10253851.00
2018/10/15	5.12	5.28	5.11	5.13	1092070	8650651.00
2018/10/16	5.13	5.32	5.13	5.19	1810000	14484683.00
2018/10/17	5.23	5.29	5.18	5.25	1146610	9168187.00
2018/10/18	5.25	5.29	5.09	5.10	1421770	11287874.00
2018/10/19	5.05	5.43	4.94	5.37	2628770	20960976.00
2018/10/22	5.38	5.83	5.38	5.67	4442837	38192180.00
2018/10/23	5.68	5.72	5.54	5.57	2009889	17212356.00
2018/10/24	5.57	5.64	5.50	5.57	1590896	13545172.00
2018/10/25	5.45	5.61	5.37	5.58	1690450	14075421.00
2018/10/26	5.59	5.65	5.51	5.54	1440300	12249651.00
2018/10/29	5.54	5.61	5.49	5.58	1246225	10574048.00
2018/10/30	5.58	5.61	5.43	5.59	1542400	13015004.00
2018/10/31	5.62	5.67	5.55	5.62	1636300	14026930.00
2018/11/01	5.78	5.97	5.61	5.62	3810835	33777584.00
2018/11/02	5.65	5.79	5.59	5.78	3276620	28506028.00
2018/11/05	5.76	6.09	5.73	6.07	5880898	53025124.00
2018/11/06	6.10	6.25	6.03	6.18	6113644	57298344.00
2018/11/07	6.18	6.23	6.05	6.08	3028240	28213190.00
2018/11/08	6.11	6.41	6.03	6.27	4789092	45545988.00
2018/11/09	6.22	6.33	6.09	6.11	2706432	25650002.00
2018/11/12	6.11	6.72	5.98	6.57	6142879	60789680.00
2018/11/13	6.53	6.67	6.42	6.53	3370225	33517142.00
2018/11/14	6.47	6.99	6.46	6.56	5356467	54437724.00
2018/11/15	6.57	6.77	6.57	6.67	3844165	39022460.00
2018/11/16	6.73	6.74	6.61	6.69	2705330	27470480.00
2018/11/19	6.68	6.71	6.48	6.50	3009089	29953632.00
2018/11/20	6.51	6.63	6.38	6.43	2605166	25723796.00
2018/11/21	6.37	6.51	6.35	6.44	2373467	23211060.00
2018/11/22	6.41	6.55	6.41	6.45	1570630	15517872.00
2018/11/23	6.45	6.51	6.22	6.31	3679223	35389368.00
2018/11/26	6.27	6.41	6.22	6.28	1838764	17676174.00
2018/11/27	6.37	6.67	6.37	6.55	3277870	32643232.00
2018/11/28	6.55	6.57	6.41	6.57	2034470	20106504.00
2018/11/29	6.63	6.63	6.39	6.39	1485100	14608699.00
2018/11/30	6.39	6.41	6.21	6.23	2980200	28478168.00
2018/12/03	6.40	6.73	6.39	6.56	4726701	47342700.00
2018/12/04	6.64	6.66	6.30	6.34	4858390	47396656.00
2018/12/05	6.29	6.63	6.22	6.63	5107845	50362772.00
2018/12/06	6.64	6.64	6.29	6.33	4222208	41298148.00
2018/12/07	6.29	6.57	6.29	6.39	2650342	26029832.00
2018/12/10	6.34	6.42	6.24	6.28	2248079	21689790.00
2018/12/11	6.30	6.37	6.17	6.25	1858700	17739510.00
2018/12/12	6.27	6.41	6.27	6.37	1425544	13782381.00
2018/12/13	6.33	6.51	6.27	6.41	1644600	16035065.00
2018/12/14	6.43	6.43	6.21	6.26	1655108	15840118.00
2018/12/17	6.19	6.27	6.11	6.13	1336695	12518604.00
2018/12/18	6.11	6.16	5.98	6.06	1677004	15473758.00
2018/12/19	6.07	6.21	5.98	5.99	1476670	13669448.00
2018/12/20	6.01	6.11	5.99	6.03	1106592	10198008.00
2018/12/21	6.01	6.12	5.93	6.01	1158210	10642970.00
2018/12/24	6.01	6.16	6.01	6.14	959000	8929049.00
2018/12/25	6.14	6.14	5.99	6.13	1181417	10910356.00
2018/12/26	6.13	6.25	6.11	6.19	1325437	12488139.00
2018/12/27	6.27	6.31	5.84	5.84	3045198	28010674.00
2018/12/28	5.87	5.95	5.81	5.83	2170355	19476082.00
2019/01/02	5.88	5.97	5.84	5.95	1413200	12745399.00
2019/01/03	5.88	6.17	5.83	5.86	1662800	14990989.00
2019/01/04	5.87	6.04	5.77	6.03	1735680	15736153.00
2019/01/07	6.04	6.10	6.01	6.07	1706697	15746013.00
2019/01/08	6.07	6.08	5.97	5.99	1500747	13748641.00
2019/01/09	6.03	6.21	5.96	6.08	2424063	22454674.00
2019/01/10	6.06	6.13	6.05	6.09	984988	9139781.00
2019/01/11	6.14	6.71	6.13	6.51	5643134	55753036.00
2019/01/14	6.55	6.67	6.43	6.62	3976072	39642920.00
2019/01/15	6.51	6.62	6.45	6.58	3272837	32593290.00
2019/01/16	6.61	6.61	6.47	6.57	2726153	27088120.00
2019/01/17	6.51	6.52	6.39	6.49	1464760	14429775.00
2019/01/18	6.49	6.56	6.44	6.47	1812151	17865236.00
2019/01/21	6.47	6.71	6.47	6.57	2683517	26966712.00
2019/01/22	6.57	6.64	6.53	6.55	1409831	14100021.00
2019/01/23	6.55	6.57	6.43	6.57	1088459	10772802.00
2019/01/24	6.57	6.58	6.38	6.47	3040901	29798898.00
2019/01/25	6.46	6.64	6.41	6.61	2659010	26460628.00
2019/01/28	6.63	6.73	6.57	6.62	2892013	29322300.00
2019/01/29	6.58	6.69	6.43	6.62	1935707	19297566.00
2019/01/30	6.63	6.63	6.51	6.52	1635910	16316070.00
2019/01/31	6.52	6.58	6.42	6.51	2018141	19911806.00
2019/02/01	6.47	6.71	6.47	6.69	2281483	23007136.00
2019/02/11	6.68	6.85	6.64	6.79	2446071	25133176.00
2019/02/12	6.77	6.86	6.75	6.77	1767813	18234020.00
2019/02/13	6.76	6.99	6.70	6.89	3387586	35375900.00
2019/02/14	6.89	7.01	6.83	7.01	3140030	33026886.00
2019/02/15	6.98	7.01	6.86	6.87	2856022	30071438.00
2019/02/18	6.87	7.07	6.87	7.03	3683775	39168548.00
2019/02/19	7.03	7.08	6.89	6.99	2757336	29247668.00
2019/02/20	6.99	7.03	6.89	7.01	1959275	20707318.00
2019/02/21	6.97	7.07	6.78	6.81	3646512	38431520.00
2019/02/22	6.81	7.37	6.79	7.25	6414343	69609360.00
2019/02/25	7.24	7.55	7.17	7.51	7762413	87278936.00
2019/02/26	7.49	7.57	7.30	7.35	4297529	48464328.00
2019/02/27	7.35	7.45	7.24	7.36	4335186	48539240.00
2019/02/28	7.43	7.56	7.33	7.37	2545194	28633012.00
2019/03/01	7.43	7.44	7.33	7.43	2173402	24387452.00
2019/03/04	7.45	7.67	7.41	7.57	6011098	69047976.00
2019/03/05	7.57	7.80	7.50	7.77	4067442	47215136.00
2019/03/06	7.79	7.81	7.56	7.70	5765463	67044424.00
2019/03/07	7.67	7.84	7.53	7.60	6825569	79399896.00
2019/03/08	7.41	7.66	7.19	7.23	6280809	70666816.00
2019/03/11	7.24	7.56	7.24	7.55	6813654	77004816.00
2019/03/12	7.59	7.64	7.43	7.57	5155363	59217896.00
2019/03/13	7.59	7.71	7.39	7.47	4895110	56379064.00
2019/03/14	7.44	7.57	7.31	7.40	3682300	41462360.00
2019/03/15	7.43	8.08	7.43	7.81	8023592	95277152.00
2019/03/18	7.91	8.05	7.83	8.01	6095292	73500160.00
2019/03/19	8.00	8.35	7.91	8.17	6912348	85883360.00
2019/03/20	8.17	8.37	8.07	8.23	5090344	63435720.00
2019/03/21	8.23	8.44	8.19	8.31	4997779	63182416.00
2019/03/22	8.38	8.70	8.38	8.57	5775379	74956728.00
2019/03/25	8.57	8.83	8.56	8.67	7045057	92990112.00
2019/03/26	8.69	9.24	8.69	8.84	10203867	138292800.00
2019/03/27	8.89	8.97	8.25	8.61	8261991	106963136.00
2019/03/28	8.96	8.97	8.58	8.64	10331364	137787072.00
2019/03/29	8.66	8.79	8.31	8.71	8054596	104697832.00
2019/04/01	8.71	9.21	8.71	9.20	7481557	101914720.00
2019/04/02	9.21	9.29	8.94	8.98	5468915	75024424.00
2019/04/03	8.88	9.02	8.80	8.89	3417211	45935360.00
2019/04/04	8.96	9.07	8.81	8.87	3338400	45153788.00
2019/04/08	8.90	8.98	8.41	8.55	7266744	94929552.00
2019/04/09	8.59	8.74	8.55	8.65	3808706	50043480.00
2019/04/10	8.64	8.77	8.58	8.65	2903853	38231756.00
2019/04/11	8.73	8.73	8.43	8.43	2731330	35391636.00
2019/04/12	8.39	8.57	8.29	8.39	2218256	28350730.00
2019/04/15	8.49	8.57	8.25	8.31	2569178	32813962.00
2019/04/16	8.31	8.55	8.13	8.47	3525132	44744968.00
2019/04/17	8.44	8.73	8.44	8.52	3359269	43837016.00
2019/04/18	8.57	8.81	8.19	8.81	5388946	70449392.00
2019/04/19	8.92	9.11	8.72	8.81	5834908	78826800.00
2019/04/22	8.81	8.81	8.42	8.49	4066265	52788296.00
2019/04/23	8.47	8.57	8.39	8.47	1842340	23693710.00
2019/04/24	8.52	8.64	8.50	8.57	1547084	20102072.00
2019/04/25	8.51	8.63	8.36	8.40	2068286	26677834.00
2019/04/26	8.35	8.46	8.29	8.35	1702034	21627350.00
2019/04/29	8.37	8.47	7.99	8.12	2782378	34624888.00
2019/04/30	8.51	8.82	8.24	8.74	5368507	70138408.00
2019/05/06	8.47	8.64	8.24	8.25	6164455	79217968.00
2019/05/07	8.43	8.79	8.43	8.62	5738950	74769000.00
2019/05/08	8.44	9.20	8.35	8.97	8162439	110198640.00
2019/05/09	8.84	9.05	8.69	8.77	5692065	76367768.00
2019/05/10	8.93	9.49	8.81	9.45	12380623	172873312.00
2019/05/13	9.47	9.75	9.32	9.43	8800012	126892000.00
2019/05/14	9.27	9.74	9.23	9.57	7525356	109208232.00
2019/05/15	9.73	9.83	9.43	9.58	5761754	83430184.00
2019/05/16	9.57	9.57	9.37	9.54	4753398	68123000.00
2019/05/17	9.50	9.51	8.91	8.99	6800459	94648640.00
2019/05/20	8.88	9.35	8.88	9.14	5367445	74405240.00
2019/05/21	9.37	9.37	8.95	9.15	5331904	73774672.00
2019/05/22	9.15	9.20	8.93	9.02	3347904	45980996.00
2019/05/23	9.01	9.30	8.87	8.93	5164957	71292904.00
2019/05/24	8.84	8.94	8.46	8.49	5080627	66306740.00
2019/05/27	8.57	9.00	8.31	8.89	4549925	60372600.00
2019/05/28	8.92	9.16	8.89	8.95	5025199	68854408.00
2019/05/29	8.97	9.25	8.85	9.16	3811459	52565672.00
2019/05/30	9.17	9.17	8.65	8.93	4644185	62268372.00
2019/05/31	8.89	9.00	8.56	8.64	5916112	51431992.00
2019/06/03	8.66	8.92	8.62	8.75	6300313	55297072.00
2019/06/04	8.74	8.82	7.97	8.33	7716406	64166568.00
2019/06/05	8.40	8.44	8.00	8.18	6287004	51491220.00
2019/06/06	8.12	8.29	8.00	8.12	4132986	33662792.00
2019/06/10	8.15	8.18	7.94	8.11	4908389	39437048.00
2019/06/11	8.09	8.37	8.04	8.35	5656941	46702896.00
2019/06/12	8.36	8.43	8.16	8.19	4224548	34981444.00
2019/06/13	8.11	8.27	7.99	8.15	5296277	42953580.00
2019/06/14	8.20	8.22	8.05	8.07	3095467	25148438.00
2019/06/17	8.06	8.27	8.00	8.16	2980315	24312854.00
2019/06/18	8.20	8.20	8.05	8.13	2466060	20029120.00
2019/06/19	8.27	8.89	8.27	8.74	10051871	86570928.00
2019/06/20	8.77	8.82	8.53	8.75	7239099	62694996.00
2019/06/21	8.79	8.97	8.73	8.83	5246002	46378324.00
2019/06/24	8.78	8.87	8.70	8.80	3071850	26994496.00
2019/06/25	8.80	9.09	8.63	8.70	4734299	41537500.00
2019/06/26	8.70	8.90	8.66	8.86	3921693	34688228.00
2019/06/27	8.86	9.16	8.85	9.13	5444156	49427212.00
2019/06/28	9.14	9.15	8.84	9.04	3625525	32549742.00
2019/07/01	9.19	9.45	9.08	9.31	6950615	64608272.00
2019/07/02	9.30	9.36	9.22	9.30	3125918	29012902.00
2019/07/03	9.23	9.29	9.05	9.27	4373273	40125324.00
2019/07/04	9.30	9.30	9.00	9.12	4080370	37193748.00
2019/07/05	9.20	9.44	9.08	9.24	6480718	60135080.00
2019/07/08	9.26	9.26	8.91	9.07	3926982	35641364.00
2019/07/09	9.08	9.12	8.86	8.95	3543082	31678218.00
2019/07/10	9.00	9.03	8.80	8.88	2752176	24517480.00
2019/07/11	8.93	9.03	8.71	8.86	2674888	23750794.00
2019/07/12	8.86	8.96	8.72	8.93	2393921	21213606.00
2019/07/15	8.77	8.88	8.45	8.62	8592910	73815784.00
2019/07/16	8.62	8.80	8.56	8.77	4009421	34879920.00
2019/07/17	8.75	8.77	8.44	8.47	5974336	51103864.00
2019/07/18	8.48	8.58	8.27	8.39	4444703	37494516.00
2019/07/19	8.39	8.63	8.38	8.45	5261284	44648708.00
2019/07/22	8.47	8.53	8.16	8.33	4084960	33919980.00
2019/07/23	8.25	8.41	8.25	8.39	2753414	23007570.00
2019/07/24	8.26	8.60	8.26	8.56	3251407	27745882.00
2019/07/25	8.57	8.70	8.50	8.65	3624499	31249080.00
2019/07/26	8.66	8.74	8.52	8.57	2698421	23194686.00
2019/07/29	8.60	8.68	8.51	8.58	3013709	25834274.00
2019/07/30	8.52	8.70	8.52	8.57	3570693	30780800.00
2019/07/31	8.57	8.82	8.51	8.64	3938172	34137012.00
2019/08/01	8.62	8.68	8.43	8.63	3131820	26847190.00
2019/08/02	8.45	8.62	8.43	8.51	2547175	21672648.00
2019/08/05	8.50	8.80	8.42	8.63	5818915	50533520.00
2019/08/06	8.60	8.60	8.13	8.44	6210990	51968048.00
2019/08/07	8.50	8.56	8.20	8.33	3135056	26278246.00
2019/08/08	8.34	8.51	8.34	8.38	2154088	18134280.00
2019/08/09	8.44	8.49	8.16	8.19	3713213	30692404.00
2019/08/12	8.28	8.28	8.09	8.27	3215898	26361328.00
2019/08/13	8.22	8.42	8.15	8.30	3945255	32658616.00
2019/08/14	8.37	8.45	8.23	8.37	5295535	44211980.00
2019/08/15	8.21	8.38	8.08	8.38	3920855	32256002.00
2019/08/16	8.33	8.50	8.28	8.41	3497736	29351868.00
2019/08/19	8.46	9.15	8.46	9.06	9852524	87147128.00
2019/08/20	9.00	9.17	8.91	9.07	8142095	73484000.00
2019/08/21	9.07	9.24	9.00	9.18	6474910	59206444.00
2019/08/22	9.18	9.56	9.11	9.24	8707055	80716368.00
2019/08/23	9.29	9.35	9.13	9.25	6521313	60008000.00
2019/08/26	9.07	9.30	9.07	9.23	6044111	55760876.00
2019/08/27	9.29	9.50	9.29	9.38	7885798	74295232.00
2019/08/28	9.38	9.46	9.21	9.29	5479222	51001888.00
2019/08/29	9.29	9.54	9.24	9.31	6310859	59119344.00
2019/08/30	9.40	10.08	8.86	8.94	21086054	198173136.00
2019/09/02	8.95	9.18	8.87	9.07	11827323	107003544.00
2019/09/03	9.12	9.19	8.87	9.07	6819350	61421284.00
2019/09/04	9.07	9.18	8.96	9.02	6166946	55702972.00
2019/09/05	9.07	9.55	9.07	9.37	11573693	108272408.00
2019/09/06	9.46	9.65	9.30	9.46	9239631	87401456.00
2019/09/09	9.69	10.41	9.53	10.41	18678892	188021360.00
2019/09/10	10.86	10.88	10.11	10.33	21610335	224494816.00
2019/09/11	10.31	10.50	10.17	10.28	10559508	109127952.00
2019/09/12	10.35	10.55	10.23	10.45	10683273	111206936.00
2019/09/16	10.49	10.79	10.37	10.43	10186020	107259152.00
2019/09/17	10.34	10.42	9.98	10.23	9624589	98309712.00
2019/09/18	10.24	10.30	10.08	10.15	6907458	70350240.00
2019/09/19	10.20	10.59	10.16	10.56	11554948	120597216.00
2019/09/20	10.60	10.70	10.30	10.35	10375387	107929320.00
2019/09/23	10.28	10.33	10.01	10.11	8162739	82680888.00
2019/09/24	10.21	10.39	10.11	10.18	7441255	76194168.00
2019/09/25	10.17	10.17	9.98	10.02	6475595	65135996.00
2019/09/26	10.09	10.26	9.65	9.82	9220063	91553128.00
2019/09/27	9.92	9.95	9.76	9.85	4073938	40140248.00
2019/09/30	9.85	10.04	9.78	9.83	3389609	33476682.00
2019/10/08	9.62	9.88	9.58	9.66	4152474	40309532.00
2019/10/09	9.61	10.30	9.58	10.19	10541788	105998960.00
2019/10/10	10.23	10.45	10.15	10.36	8130434	83654840.00
2019/10/11	10.48	10.55	10.22	10.36	6226899	64618416.00
2019/10/14	10.47	10.56	10.22	10.26	6726574	69671736.00
2019/10/15	10.39	10.68	10.15	10.23	12061916	125839224.00
2019/10/16	10.15	10.43	10.06	10.26	6550875	67039308.00
2019/10/17	10.23	10.38	10.16	10.22	4055769	41661220.00
2019/10/18	10.20	10.27	9.88	9.93	6250521	62854916.00
2019/10/21	9.98	10.04	9.70	9.93	6337362	62413484.00
2019/10/22	10.00	10.10	9.90	10.07	3724955	37351984.00
2019/10/23	10.07	10.14	9.85	9.88	2988735	29765730.00
2019/10/24	9.98	10.04	9.81	10.02	3425065	34020000.00
2019/10/25	10.01	10.01	9.86	9.96	2945918	29254294.00
2019/10/28	10.10	10.34	9.93	10.25	6544142	66491580.00
2019/10/29	10.25	10.33	10.03	10.03	5354711	54386420.00
2019/10/30	10.03	10.04	9.80	9.80	5169484	50973596.00
2019/10/31	9.86	10.34	9.86	10.11	9754791	99316320.00
2019/11/01	9.91	10.01	9.73	9.90	6687492	66232864.00
2019/11/04	9.93	10.46	9.93	10.39	11437545	117735312.00
2019/11/05	10.35	10.42	10.21	10.38	6331134	65275980.00
2019/11/06	10.39	10.65	10.27	10.58	11338210	118831624.00
2019/11/07	10.60	10.60	10.40	10.50	5796304	60840524.00
2019/11/08	10.56	10.66	10.30	10.34	5730832	59793640.00
2019/11/11	10.23	10.29	9.90	9.93	6061165	60782208.00
2019/11/12	9.94	10.03	9.75	9.93	4865637	48210736.00
2019/11/13	9.98	9.98	9.60	9.74	7144919	69484288.00
2019/11/14	9.78	9.83	9.66	9.76	2923074	28481104.00
2019/11/15	9.82	9.82	9.56	9.61	3702555	35788096.00
2019/11/18	9.54	9.65	9.40	9.50	5262898	50061008.00
2019/11/19	9.56	9.88	9.52	9.82	4675973	45649952.00
2019/11/20	9.79	9.88	9.73	9.76	3192354	31306108.00
2019/11/21	9.71	9.71	9.49	9.51	4311302	41167132.00
2019/11/22	9.47	9.79	9.47	9.53	4507352	43332560.00
2019/11/25	9.48	9.60	9.20	9.39	5810350	54249248.00
2019/11/26	9.30	9.60	9.30	9.40	2621194	24659632.00
2019/11/27	9.39	9.63	9.35	9.45	4144550	39264644.00
2019/11/28	9.58	9.78	9.47	9.58	3682218	35420796.00
2019/11/29	9.63	9.74	9.54	9.61	2324350	22346578.00
2019/12/02	9.71	9.75	9.47	9.53	3532740	33952520.00
2019/12/03	9.57	9.69	9.46	9.69	2301266	22074346.00
2019/12/04	9.66	9.76	9.61	9.73	1942428	18817990.00
2019/12/05	9.70	9.93	9.70	9.86	3711384	36589456.00
2019/12/06	9.87	10.03	9.87	9.96	3489876	34744404.00
2019/12/09	9.99	10.00	9.85	9.98	4028247	40056896.00
2019/12/10	9.90	10.05	9.86	10.04	2666986	26644032.00
2019/12/11	10.06	10.25	9.98	9.99	3812670	38421188.00
2019/12/12	9.98	10.08	9.90	9.95	3626663	36173040.00
2019/12/13	10.00	10.22	10.00	10.19	4439398	45032252.00
2019/12/16	10.27	10.65	10.24	10.55	11301783	118717120.00
2019/12/17	10.57	10.74	10.48	10.60	6913439	73239728.00
2019/12/18	10.60	10.97	10.60	10.70	9229733	99598712.00
2019/12/19	10.75	10.81	10.56	10.63	6898559	73420832.00
2019/12/20	10.67	10.80	10.58	10.67	6422098	68596912.00
2019/12/23	10.80	10.94	10.00	10.30	9687052	100027416.00
2019/12/24	10.30	10.76	10.20	10.71	7386809	77768784.00
2019/12/25	10.79	10.86	10.61	10.74	4567115	48970568.00
2019/12/26	11.04	11.53	10.80	10.90	13129766	145871504.00
2019/12/27	10.91	11.14	10.50	10.55	9974161	107782600.00
2019/12/30	10.44	10.76	10.31	10.62	5427583	57475536.00
2019/12/31	10.62	10.68	10.44	10.52	4779292	50321656.00
2020/01/02	10.59	10.85	10.55	10.83	7024569	75686568.00
2020/01/03	10.80	10.80	10.59	10.65	6212975	66373884.00
2020/01/06	10.58	10.94	10.51	10.86	8388268	90345776.00
2020/01/07	10.79	11.12	10.79	11.07	8115970	89091024.00
2020/01/08	11.03	11.03	10.62	10.74	8425571	91057344.00
2020/01/09	10.82	11.17	10.72	11.12	10789360	118428576.00
2020/01/10	11.15	11.16	10.94	11.04	6223001	68592656.00
2020/01/13	11.04	11.23	10.94	11.18	8655161	95923024.00
2020/01/14	11.24	11.29	11.05	11.07	6017405	66970032.00
2020/01/15	11.13	11.13	10.81	11.00	5440834	59603144.00
2020/01/16	10.97	11.09	10.90	10.95	4353255	47766928.00
2020/01/17	10.99	11.10	10.84	10.85	4918098	53940908.00
数据来源:通达信
