002318 久立特材 日线 前复权
      日期	    开盘	    最高	    最低	    收盘	    成交量	    成交额
2013/09/02	7.97	8.32	7.79	8.26	5018551	110356280.00
2013/09/03	8.20	8.47	8.07	8.47	3904453	87375024.00
2013/09/04	8.45	8.70	8.35	8.61	5353923	123795568.00
2013/09/05	8.63	8.65	8.36	8.47	2890038	66242524.00
2013/09/06	8.38	8.61	8.36	8.51	2536848	58130408.00
2013/09/09	8.55	8.83	8.41	8.67	3860360	89541704.00
2013/09/10	8.64	8.65	8.19	8.43	4281237	96693912.00
2013/09/11	8.31	8.38	8.03	8.38	4025013	89258376.00
2013/09/12	8.38	8.38	8.10	8.16	1286307	28638876.00
2013/09/13	8.21	8.27	8.06	8.06	2182112	48309572.00
2013/09/16	8.10	8.10	7.71	7.81	3464504	73696440.00
2013/09/17	7.83	7.90	7.71	7.73	2111300	44772196.00
2013/09/18	7.73	7.86	7.63	7.83	1809945	38238272.00
2013/09/23	7.87	7.99	7.81	7.93	2337243	50407516.00
2013/09/24	7.92	7.98	7.69	7.89	3715295	79014984.00
2013/09/25	7.84	7.87	7.50	7.55	9336535	193592320.00
2013/09/26	7.49	7.70	7.32	7.59	7223954	148423680.00
2013/09/27	7.57	7.57	7.23	7.27	5869448	118281576.00
2013/09/30	7.26	7.50	7.16	7.35	5651859	113576912.00
2013/10/08	7.33	7.48	7.31	7.36	3829900	76897096.00
2013/10/09	7.36	7.51	7.25	7.51	3974574	80116360.00
2013/10/10	7.51	7.61	7.27	7.39	4006005	81594712.00
2013/10/11	7.40	7.50	7.39	7.43	2886429	58728844.00
2013/10/14	7.43	7.58	7.31	7.55	3615228	73862272.00
2013/10/15	7.56	7.63	7.37	7.43	2954884	60627060.00
2013/10/16	7.45	7.47	7.07	7.09	3864731	76318416.00
2013/10/17	7.18	7.23	7.02	7.02	1843499	35993144.00
2013/10/18	7.02	7.09	6.99	7.02	1671424	32239950.00
2013/10/21	7.02	7.31	6.79	7.31	5394634	104118208.00
2013/10/22	7.27	7.45	7.21	7.39	6001588	120891800.00
2013/10/23	7.39	7.47	7.29	7.36	3073092	61924696.00
2013/10/24	7.36	7.52	7.36	7.39	2688945	54730892.00
2013/10/25	7.39	7.47	7.15	7.17	2187048	43547424.00
2013/10/28	7.14	7.28	6.88	6.95	1522125	29227306.00
2013/10/29	6.98	7.08	6.19	6.29	3735726	66295432.00
2013/10/30	6.30	6.63	6.22	6.59	1951117	34938164.00
2013/10/31	6.60	6.95	6.47	6.69	2052951	37963672.00
2013/11/01	6.80	6.89	6.46	6.47	2534946	46380660.00
2013/11/04	6.47	6.54	6.24	6.35	2850054	50316656.00
2013/11/05	6.30	6.45	6.24	6.43	1803017	31889938.00
2013/11/06	6.37	6.63	6.37	6.48	3185828	57471480.00
2013/11/07	6.48	6.48	6.19	6.21	2235839	39137172.00
2013/11/08	6.20	6.22	5.91	6.01	2970157	49883812.00
2013/11/11	6.01	6.07	5.83	5.92	4455241	73514896.00
2013/11/12	5.91	6.03	5.89	5.97	1771391	29435664.00
2013/11/13	5.96	5.97	5.79	5.81	1455997	23917016.00
2013/11/14	5.82	6.01	5.73	5.98	2114130	34837692.00
2013/11/15	6.08	6.33	6.08	6.23	3677119	63563248.00
2013/11/18	6.30	6.35	6.20	6.31	3541573	61759572.00
2013/11/19	6.31	6.59	6.27	6.46	6590103	116664752.00
2013/11/20	6.45	6.49	6.33	6.46	3175246	56162212.00
2013/11/21	6.41	6.41	6.18	6.27	3116182	54320872.00
2013/11/22	6.27	6.31	6.19	6.21	1910227	33142254.00
2013/11/25	6.49	6.58	6.31	6.35	4926196	87341136.00
2013/11/26	6.35	6.35	6.09	6.17	3293657	56684364.00
2013/11/27	6.17	6.38	6.17	6.35	3406200	59504180.00
2013/11/28	6.33	6.65	6.33	6.56	5713798	103567832.00
2013/11/29	6.65	6.72	6.55	6.60	3712626	67785400.00
2013/12/02	6.43	6.48	5.97	6.13	6095416	105637872.00
2013/12/03	6.05	6.35	6.04	6.33	3497916	60854548.00
2013/12/04	6.31	6.66	6.23	6.57	6925447	125143800.00
2013/12/05	6.58	6.77	6.55	6.60	4230793	77634136.00
2013/12/06	6.71	6.81	6.55	6.70	5217546	96210512.00
2013/12/09	6.78	6.81	6.59	6.71	3125373	57694044.00
2013/12/10	6.74	6.74	6.54	6.61	2539756	46404328.00
2013/12/11	6.59	6.60	6.52	6.56	1776687	32160528.00
2013/12/12	6.53	6.69	6.53	6.58	2087904	38102092.00
2013/12/13	6.51	6.72	6.49	6.69	2779489	51115672.00
2013/12/16	6.64	6.73	6.48	6.48	2362310	43092672.00
2013/12/17	6.50	6.59	6.31	6.37	1695994	30029022.00
2013/12/18	6.37	6.48	6.37	6.40	1049873	18674274.00
2013/12/19	6.47	6.50	6.29	6.34	963098	17059232.00
2013/12/20	6.32	6.41	6.31	6.33	1256999	22076762.00
2013/12/23	6.37	6.37	6.23	6.31	1220949	21398458.00
2013/12/24	6.33	6.44	6.19	6.43	1956064	34380440.00
2013/12/25	6.43	6.63	6.37	6.60	2236535	40509204.00
2013/12/26	6.63	6.63	6.46	6.47	1590184	28760066.00
2013/12/27	6.49	6.64	6.49	6.61	2415413	43830344.00
2013/12/30	6.67	6.67	6.55	6.56	2563260	46800516.00
2013/12/31	6.58	6.61	6.42	6.47	2649254	47514468.00
2014/01/02	6.46	6.59	6.45	6.59	1574352	28476342.00
2014/01/03	6.59	6.69	6.57	6.65	2823662	51646516.00
2014/01/06	6.63	6.63	6.33	6.40	2277950	40743716.00
2014/01/07	6.40	6.42	6.19	6.29	1831590	31971002.00
2014/01/08	6.33	6.39	6.27	6.27	1575520	27613648.00
2014/01/09	6.27	6.36	6.12	6.15	1661801	28969882.00
2014/01/10	6.11	6.25	6.01	6.03	1951715	33155446.00
2014/01/13	6.05	6.15	5.95	6.13	1519284	25641826.00
2014/01/14	6.11	6.23	6.09	6.22	900491	15437877.00
2014/01/15	6.23	6.27	6.18	6.25	915719	15816337.00
2014/01/16	6.25	6.42	6.22	6.39	2629238	46274376.00
2014/01/17	6.35	6.39	6.26	6.30	910549	15934653.00
2014/01/20	6.29	6.29	6.17	6.27	1229268	21248998.00
2014/01/21	6.25	6.90	6.25	6.47	1969926	35383316.00
2014/01/22	6.47	6.63	6.45	6.59	2397278	43614172.00
2014/01/23	6.59	6.60	6.49	6.55	2442141	44204060.00
2014/01/24	6.53	6.64	6.53	6.63	3045080	55444328.00
2014/01/27	6.59	6.65	6.54	6.55	2069176	37641776.00
2014/01/28	6.55	6.64	6.52	6.53	1448514	26266084.00
2014/01/29	6.53	6.53	6.20	6.25	4463022	78544384.00
2014/01/30	6.27	6.31	6.15	6.16	1718530	29679556.00
2014/02/07	6.17	6.33	6.15	6.31	2377710	41154620.00
2014/02/10	6.27	6.65	6.27	6.65	5525978	99452752.00
2014/02/11	6.64	6.79	6.50	6.59	5659116	103697952.00
2014/02/12	6.58	7.16	6.55	7.03	12244687	234008576.00
2014/02/13	6.99	7.21	6.88	6.95	7183489	138962800.00
2014/02/14	6.95	7.15	6.95	7.11	4649673	90154040.00
2014/02/17	7.24	7.59	7.23	7.48	11944863	240901744.00
2014/02/18	7.44	7.49	7.33	7.43	6577757	132976200.00
2014/02/19	7.44	7.44	7.15	7.23	7525381	149246080.00
2014/02/20	7.15	7.40	7.15	7.21	5469409	108997904.00
2014/02/21	7.22	7.24	6.98	7.02	5861544	113537760.00
2014/02/24	7.03	7.33	6.91	7.28	5029795	98330232.00
2014/02/25	7.26	7.39	6.76	6.87	5939015	115624024.00
2014/02/26	6.79	6.97	6.74	6.89	4568491	86002280.00
2014/02/27	6.97	7.06	6.69	6.71	4214266	79647744.00
2014/02/28	6.70	6.85	6.59	6.81	2632265	48701492.00
2014/03/03	6.83	6.88	6.75	6.84	3120806	58515476.00
2014/03/04	6.85	7.02	6.79	6.92	3738051	71096600.00
2014/03/05	7.05	7.20	6.93	6.99	5582193	108190568.00
2014/03/06	6.97	7.08	6.92	6.95	5048705	97164528.00
2014/03/07	6.93	7.02	6.68	6.71	9423420	177281456.00
2014/03/10	6.59	6.61	6.33	6.44	4423897	79135496.00
2014/03/11	6.45	6.49	6.25	6.33	2338945	41238604.00
2014/03/12	6.37	6.42	6.07	6.21	2613248	45201128.00
2014/03/13	6.23	6.57	6.20	6.49	3412816	60061244.00
2014/03/14	6.40	6.54	6.29	6.43	2574454	45742388.00
2014/03/17	6.47	6.55	6.40	6.46	3768711	67389960.00
2014/03/18	6.50	6.65	6.43	6.55	3917371	70896632.00
2014/03/19	6.53	6.63	6.47	6.60	3080052	55801708.00
2014/03/20	6.61	6.61	6.27	6.27	3509776	62575020.00
2014/03/21	6.23	6.48	6.18	6.44	2578479	45442956.00
2014/03/24	6.59	6.83	6.58	6.63	6090461	112267088.00
2014/03/25	6.57	6.63	6.47	6.49	3325448	59961504.00
2014/03/26	6.54	6.56	6.36	6.38	2932977	52212012.00
2014/03/27	6.38	6.38	6.17	6.18	3254359	56438512.00
2014/03/28	6.19	6.28	5.93	5.95	4001902	67365112.00
2014/03/31	5.97	6.07	5.93	6.01	2306000	38567096.00
2014/04/01	6.01	6.11	6.01	6.07	2004413	33891400.00
2014/04/02	6.07	6.14	6.04	6.09	1471806	24908686.00
2014/04/03	6.11	6.17	6.04	6.07	1318416	22434610.00
2014/04/04	6.06	6.16	6.03	6.13	1260504	21470772.00
2014/04/08	6.19	6.30	6.19	6.27	2528625	43953156.00
2014/04/09	6.27	6.40	6.26	6.28	2573196	45131988.00
2014/04/10	6.28	6.38	6.25	6.33	1933416	33861544.00
2014/04/11	6.33	6.48	6.31	6.35	2185978	38675456.00
2014/04/14	6.38	6.46	6.35	6.39	2114644	37479556.00
2014/04/15	6.33	6.37	6.12	6.15	3593319	62142684.00
2014/04/16	6.15	6.19	6.07	6.13	2100092	35711304.00
2014/04/17	6.19	6.23	6.12	6.22	1847853	31713216.00
2014/04/18	6.21	6.22	6.15	6.19	1180235	20279704.00
2014/04/21	6.31	6.62	6.27	6.47	10145578	180976736.00
2014/04/22	6.40	6.48	6.27	6.42	4207489	74294128.00
2014/04/23	6.39	6.49	6.35	6.43	2584043	45898276.00
2014/04/24	6.41	6.42	6.21	6.26	2652103	46272936.00
2014/04/25	6.26	6.26	6.03	6.04	2608770	44526368.00
2014/04/28	6.05	6.05	5.75	5.82	2423353	39865388.00
2014/04/29	5.79	5.89	5.73	5.83	2387017	38768308.00
2014/04/30	5.83	5.89	5.83	5.86	1246866	20439674.00
2014/05/05	5.85	5.97	5.84	5.95	1238204	20459244.00
2014/05/06	5.95	6.04	5.93	5.96	1380357	23034058.00
2014/05/07	5.96	5.99	5.76	5.79	1518823	24923552.00
2014/05/08	5.83	5.89	5.77	5.80	1037265	16901780.00
2014/05/09	5.80	5.94	5.74	5.90	2105921	34359280.00
2014/05/12	5.91	6.10	5.85	6.10	3064992	51323044.00
2014/05/13	6.17	6.29	6.05	6.11	3228263	55338320.00
2014/05/14	6.11	6.19	6.04	6.09	1860371	31565550.00
2014/05/15	6.09	6.10	5.97	6.07	1845743	31045634.00
2014/05/16	6.07	6.13	5.99	6.08	1622050	27396134.00
2014/05/19	6.11	6.20	6.01	6.19	2180471	37103156.00
2014/05/20	6.25	6.29	6.09	6.12	2963950	50608716.00
2014/05/21	6.11	6.11	5.89	6.07	1448233	23975230.00
2014/05/22	6.29	6.43	6.16	6.21	6420390	110689248.00
2014/05/23	6.20	6.20	6.08	6.10	2960592	49820648.00
2014/05/26	6.11	6.21	6.09	6.20	2150004	36302336.00
2014/05/27	6.20	6.20	6.10	6.11	1902655	32125314.00
2014/05/28	6.12	6.15	6.05	6.13	1778120	29854172.00
2014/05/29	6.13	6.17	6.02	6.02	1767617	29599074.00
2014/05/30	6.02	6.06	5.95	5.97	1389874	22932596.00
2014/06/03	5.98	6.02	5.97	5.99	1222416	20178388.00
2014/06/04	5.99	6.00	5.91	5.92	1230718	20107316.00
2014/06/05	5.93	6.04	5.92	6.04	1541361	25412898.00
2014/06/06	6.04	6.12	5.95	6.01	1642139	27355566.00
2014/06/09	6.01	6.03	5.92	5.92	1415036	23266534.00
2014/06/10	5.93	6.04	5.93	6.03	1406155	23215288.00
2014/06/11	6.03	6.11	6.03	6.09	1758931	29377158.00
2014/06/12	6.09	6.13	6.07	6.09	2139676	35910748.00
2014/06/13	6.09	6.19	6.08	6.16	2030734	34292704.00
2014/06/16	6.41	6.53	6.28	6.31	8909102	155819408.00
2014/06/17	6.29	6.64	6.23	6.45	7398765	131415304.00
2014/06/18	6.51	6.51	6.29	6.31	3977749	69399768.00
2014/06/19	6.32	6.38	5.97	6.14	4104432	70250432.00
2014/06/20	6.11	6.25	6.10	6.25	2123851	35985812.00
2014/06/23	6.25	6.37	6.23	6.35	2468105	42792760.00
2014/06/24	6.37	6.43	6.27	6.33	1827215	31727078.00
2014/06/25	6.32	6.33	6.18	6.25	1504644	25793202.00
2014/06/26	6.25	6.43	6.25	6.42	2763460	48229740.00
2014/06/27	6.45	6.47	6.37	6.42	2796385	49165080.00
2014/06/30	6.37	6.50	6.34	6.47	3128834	55026148.00
2014/07/01	6.48	6.52	6.39	6.46	1895877	33493334.00
2014/07/02	6.45	6.48	6.37	6.47	2199950	38755440.00
2014/07/03	6.51	6.51	6.39	6.43	3114481	55010068.00
2014/07/04	6.47	6.47	6.37	6.40	1970868	34564752.00
2014/07/07	6.40	6.43	6.26	6.33	3560390	61771176.00
2014/07/08	6.29	6.54	6.29	6.53	4876348	86104696.00
2014/07/09	6.53	6.59	6.43	6.44	5002383	89167432.00
2014/07/10	6.53	6.75	6.53	6.57	6324679	114122936.00
2014/07/11	6.59	6.78	6.52	6.72	6390547	116734400.00
2014/07/14	6.73	6.85	6.67	6.71	5039048	92751824.00
2014/07/15	6.71	6.84	6.68	6.81	5535492	102227984.00
2014/07/16	6.75	6.83	6.60	6.62	3098316	56501324.00
2014/07/17	6.66	6.66	6.48	6.63	2906397	52157380.00
2014/07/18	6.59	6.72	6.55	6.57	2833505	51360560.00
2014/07/21	6.61	6.69	6.43	6.65	3191117	57407892.00
2014/07/22	6.63	6.78	6.56	6.77	4289828	78242064.00
2014/07/23	6.74	6.87	6.64	6.67	4797891	88663976.00
2014/07/24	6.71	6.74	6.55	6.58	3523572	63481920.00
2014/07/25	6.59	6.69	6.49	6.61	2952336	53073664.00
2014/07/28	6.62	6.73	6.53	6.67	4753777	86176424.00
2014/07/29	6.69	6.81	6.68	6.72	5010817	91970832.00
2014/07/30	6.75	6.94	6.69	6.87	8891629	166023952.00
2014/07/31	6.88	7.04	6.82	7.00	8136745	153920224.00
2014/08/01	6.99	7.08	6.83	6.84	5715150	108180952.00
2014/08/04	6.81	7.03	6.79	7.02	4741215	89763616.00
2014/08/05	7.00	7.07	6.95	7.03	5645001	107663448.00
2014/08/06	7.01	7.10	6.96	7.01	5563610	106502136.00
2014/08/07	7.01	7.13	6.96	7.03	6524299	125177720.00
2014/08/08	7.03	7.29	7.03	7.22	7951200	154736096.00
2014/08/11	7.25	7.55	7.19	7.35	10177375	203088704.00
2014/08/12	7.37	7.61	7.27	7.52	9593148	194293088.00
2014/08/13	7.52	7.61	7.36	7.52	5569376	112283480.00
2014/08/14	7.49	7.73	7.43	7.57	6297349	129361504.00
2014/08/15	7.57	7.71	7.43	7.49	7311742	149166832.00
2014/08/18	7.47	7.58	7.33	7.47	7243143	145938032.00
2014/08/19	7.48	7.48	7.35	7.40	3882456	77828632.00
2014/08/20	7.40	7.57	7.35	7.53	7188850	145428128.00
2014/08/21	7.51	7.63	7.38	7.54	5132287	103821960.00
2014/08/22	7.54	7.89	7.49	7.72	6288233	131802008.00
2014/08/25	7.69	7.86	7.63	7.71	3815132	79502376.00
2014/08/26	7.50	7.55	7.34	7.47	11209792	226103664.00
2014/08/27	7.46	7.68	7.39	7.60	4970576	101749032.00
2014/08/28	7.74	8.11	7.60	7.62	10245946	216493264.00
2014/08/29	7.55	7.56	7.33	7.47	7057862	141482144.00
2014/09/01	7.43	7.50	7.34	7.42	6609372	132239128.00
2014/09/02	7.43	7.55	7.39	7.47	8595067	173319792.00
2014/09/03	7.49	7.78	7.47	7.68	11571517	238552624.00
2014/09/04	7.67	7.91	7.60	7.87	10635281	222898272.00
2014/09/05	7.87	7.91	7.73	7.81	8349886	175703792.00
2014/09/09	7.80	8.53	7.76	8.39	9695461	211794816.00
2014/09/10	8.35	8.41	8.14	8.25	4984768	110729584.00
2014/09/11	8.24	8.33	8.04	8.07	5244733	115147440.00
2014/09/12	8.08	8.37	8.00	8.36	6627965	145896096.00
2014/09/15	8.31	8.67	8.25	8.60	7678424	174904640.00
2014/09/16	8.60	8.65	8.07	8.10	7013538	156638880.00
2014/09/17	8.07	8.27	7.99	8.23	3979464	87257200.00
2014/09/18	8.15	8.45	8.12	8.28	2881511	63830168.00
2014/09/19	8.28	8.41	8.26	8.35	2766657	61871860.00
2014/09/22	8.35	8.35	7.99	8.07	3553737	77665256.00
2014/09/23	8.07	8.33	8.03	8.15	2689599	59218056.00
2014/09/24	8.15	9.03	8.11	8.88	11421981	267472128.00
2014/09/25	8.95	9.35	8.85	9.09	9934858	242480368.00
2014/09/26	9.03	9.29	8.95	9.01	3670894	89133272.00
2014/09/29	9.14	9.71	9.11	9.39	4462982	111988200.00
2014/09/30	9.58	9.66	9.23	9.31	2716997	67759976.00
2014/10/08	9.34	9.47	8.94	9.37	4559668	113213048.00
2014/10/09	9.37	9.53	9.15	9.18	4928039	121903056.00
2014/10/10	9.21	9.25	8.93	9.03	4271955	103414936.00
2014/10/13	8.99	9.24	8.71	9.13	6353123	151297504.00
2014/10/14	9.05	9.13	8.75	8.87	5436281	129821640.00
2014/10/15	8.83	9.13	8.83	9.07	5769446	138341632.00
2014/10/16	8.99	9.68	8.94	9.29	9337036	233870128.00
2014/10/17	9.31	9.37	8.93	9.11	3750953	91253336.00
2014/10/20	9.11	9.49	9.06	9.47	3744652	93264728.00
2014/10/21	9.48	9.97	9.47	9.79	8088941	209276512.00
2014/10/22	9.77	10.07	9.55	9.60	5768886	150040128.00
2014/10/23	9.47	9.69	9.27	9.39	4742677	118950112.00
2014/10/24	9.31	9.51	9.31	9.32	2280152	57115468.00
2014/10/27	9.33	9.83	9.15	9.77	3712564	95022240.00
2014/10/28	9.77	10.46	9.66	10.20	9193761	248384176.00
2014/10/29	10.29	10.55	10.15	10.39	6132191	167406848.00
2014/10/30	10.29	10.53	10.11	10.16	5363991	146037824.00
2014/10/31	10.19	10.38	9.95	10.17	5973391	160231136.00
2014/11/03	10.17	10.26	10.04	10.13	4102821	109923536.00
2014/11/04	10.11	10.51	10.09	10.19	7279381	198542000.00
2014/11/05	10.31	10.31	9.94	10.02	5659632	151019536.00
2014/11/06	9.93	10.47	9.89	10.16	11170300	301503904.00
2014/11/07	10.16	10.22	9.71	9.80	12756641	335906272.00
2014/11/10	9.87	10.13	9.81	10.03	8322964	220842240.00
2014/11/11	10.07	10.13	9.53	9.68	8488447	219309888.00
2014/11/12	9.63	9.71	9.46	9.65	4465610	114079352.00
2014/11/13	9.62	9.75	9.00	9.11	8092221	199883056.00
2014/11/14	9.11	9.33	8.97	9.17	3531064	86102280.00
2014/11/17	8.99	9.73	8.99	9.55	6213230	158220448.00
2014/11/18	9.39	9.95	9.39	9.90	7175677	186415776.00
2014/11/19	9.90	10.03	9.65	9.76	5323622	138397824.00
2014/11/20	9.75	10.03	9.66	9.87	5544405	145844400.00
2014/11/21	9.79	9.98	9.77	9.91	3408747	89269024.00
2014/11/24	9.95	10.45	9.92	10.31	8564072	232882528.00
2014/11/25	10.31	10.55	10.15	10.33	7528609	206520384.00
2014/11/26	10.37	10.74	10.24	10.74	9300016	259998560.00
2014/11/27	10.77	10.94	10.57	10.71	5887008	166572944.00
2014/11/28	10.71	11.43	10.60	11.31	9843275	289110400.00
2014/12/01	11.31	11.70	10.94	11.11	6277564	186265712.00
2014/12/02	10.90	11.34	10.72	11.12	7727285	227480496.00
2014/12/03	11.00	11.34	10.79	11.30	6338257	184903760.00
2014/12/04	11.31	11.72	11.19	11.60	8987700	273405600.00
2014/12/05	11.87	11.91	10.59	11.21	8997721	266773424.00
2014/12/08	11.07	11.44	10.77	10.83	6805968	197829168.00
2014/12/09	10.59	10.67	9.79	9.82	12250382	331968352.00
2014/12/10	9.85	10.63	9.84	10.63	5554228	152004224.00
2014/12/11	10.59	11.11	10.50	11.07	4203368	120666392.00
2014/12/12	11.01	11.01	10.54	10.90	9014116	255400000.00
2014/12/15	10.73	11.35	10.58	11.00	10189346	296832608.00
2014/12/16	11.00	11.67	10.93	11.51	10215378	304715232.00
2014/12/17	11.54	11.66	11.09	11.38	6857367	204766880.00
2014/12/18	11.55	12.07	11.23	11.89	11831973	366494176.00
2014/12/19	11.76	12.26	11.27	11.83	8432011	262471120.00
2014/12/22	11.68	11.71	10.59	11.22	7564930	221676128.00
2014/12/23	10.99	11.14	10.49	10.55	5379490	152561584.00
2014/12/24	10.51	11.33	10.41	11.25	6044109	174253120.00
2014/12/25	11.27	11.57	11.25	11.35	3402755	102240168.00
2014/12/26	11.37	12.03	11.19	12.01	6501163	200497264.00
2014/12/29	11.98	12.19	11.61	11.77	6077668	189701744.00
2014/12/30	11.75	11.99	10.78	11.09	7819648	230021840.00
2014/12/31	11.09	11.47	10.99	11.34	4147704	123333656.00
2015/01/05	11.05	11.39	10.59	10.86	9672310	276622048.00
2015/01/06	10.87	11.45	10.63	11.39	8290299	242846896.00
2015/01/07	11.35	12.59	11.35	12.59	19694560	624582400.00
2015/01/08	12.67	13.69	12.31	12.37	19964195	674744704.00
2015/01/09	12.42	12.64	11.94	12.35	7638812	247104528.00
2015/01/12	12.05	12.50	11.63	12.15	7191672	227411408.00
2015/01/13	12.02	12.86	11.99	12.74	9388648	311141696.00
2015/01/14	12.74	13.09	12.58	12.69	6223560	209219184.00
2015/01/15	12.50	12.78	12.43	12.76	3219354	106277048.00
2015/01/16	13.15	13.57	12.77	13.01	12911225	442654944.00
2015/01/19	12.39	13.86	12.19	12.99	12680126	437354048.00
2015/01/20	12.99	13.96	12.99	13.79	7183365	255745632.00
2015/01/21	13.99	15.23	13.99	15.23	15717762	616708544.00
2015/01/22	15.47	15.87	15.13	15.61	12103382	488304960.00
2015/01/23	15.63	16.51	15.25	15.71	9494134	391332736.00
2015/01/26	15.65	16.31	15.24	16.19	7673395	317756000.00
2015/01/27	16.22	16.99	15.71	16.71	6900933	289607072.00
2015/01/28	16.59	16.76	15.81	15.95	5144625	217802080.00
2015/01/29	15.90	16.31	15.47	15.86	4389691	180472032.00
2015/02/04	15.95	17.51	15.95	16.61	13120903	577272256.00
2015/02/05	16.61	16.76	15.41	16.34	7094803	299306240.00
2015/02/06	16.31	16.31	15.67	15.79	4446090	183122800.00
2015/02/09	15.66	15.79	14.73	15.26	4137389	164296208.00
2015/02/10	15.26	15.51	15.00	15.47	2265151	90109288.00
2015/02/11	15.43	16.85	15.19	16.75	3846081	159966912.00
2015/02/12	16.59	16.82	16.12	16.59	4494842	191312656.00
2015/02/13	16.59	17.59	16.39	16.83	4134272	182656464.00
2015/02/16	16.85	17.51	16.85	17.39	5841738	261871040.00
2015/02/17	17.39	17.63	17.11	17.39	2292958	103221288.00
2015/02/25	17.39	17.39	16.59	16.81	1818513	80115736.00
2015/02/26	16.77	16.77	16.15	16.33	4094896	173383280.00
2015/02/27	16.19	16.87	15.79	16.87	4178176	177602688.00
2015/03/02	16.89	17.19	16.69	16.95	5081369	223355712.00
2015/03/03	16.79	17.59	16.54	16.91	8324079	367094560.00
2015/03/04	16.95	17.38	16.62	17.31	5678889	251576384.00
2015/03/05	17.26	17.35	16.71	16.96	3952484	174295360.00
2015/03/06	16.84	17.17	16.51	16.60	3559647	153696736.00
2015/03/09	16.43	16.66	16.19	16.43	5953983	252108736.00
2015/03/10	16.44	16.67	16.31	16.58	3026832	129648936.00
2015/03/11	16.68	16.74	16.11	16.26	4244655	179063840.00
2015/03/12	16.20	16.51	15.59	16.35	4838108	201368208.00
2015/03/13	16.36	16.51	15.79	16.03	6895858	288093760.00
2015/03/16	16.07	16.75	15.86	16.59	13099121	552026048.00
2015/03/17	16.66	18.31	16.55	18.31	15535095	697775360.00
2015/03/18	18.79	19.79	18.41	19.27	12200244	605344384.00
2015/03/19	19.15	19.15	18.24	18.36	10930518	525882720.00
2015/03/20	18.48	18.85	18.15	18.29	7152479	342037824.00
2015/03/23	18.19	18.38	17.86	18.27	10885835	507462176.00
2015/03/24	18.29	18.29	17.57	17.99	8223225	381207808.00
2015/03/25	17.97	17.97	17.59	17.80	7967914	365444224.00
2015/03/26	17.71	17.77	16.91	17.37	8915957	402434240.00
2015/03/27	17.30	17.62	17.15	17.37	9696338	436816992.00
2015/03/30	17.40	17.90	17.40	17.59	8247833	376771936.00
2015/03/31	17.45	17.60	17.13	17.41	7593307	341107200.00
2015/04/01	17.36	18.18	17.30	18.18	11119906	514994528.00
2015/04/02	18.19	18.85	17.90	18.39	12080563	574266624.00
2015/04/03	18.27	18.75	17.99	18.70	9743838	462549344.00
2015/04/07	18.73	18.86	18.31	18.53	8788012	421447968.00
2015/04/08	18.53	18.68	17.51	17.83	8911484	412767712.00
2015/04/09	17.79	17.79	16.76	17.29	10185807	453625696.00
2015/04/10	17.29	17.94	17.02	17.80	7824195	354077664.00
2015/04/13	17.71	19.13	17.63	18.94	12989519	625785280.00
2015/04/14	18.91	19.58	18.86	19.02	11600101	573579776.00
2015/04/15	19.03	19.61	18.29	18.59	8753691	429567712.00
2015/04/16	18.79	20.50	18.39	20.11	20069261	1014735360.00
2015/04/17	20.47	21.79	19.59	19.61	19718540	1043622848.00
2015/04/20	18.99	19.88	18.69	19.39	16596569	822771520.00
2015/04/21	18.99	20.83	18.79	20.27	13513297	692822272.00
2015/04/22	20.67	21.13	20.04	20.47	12318520	650116480.00
2015/04/23	20.50	20.82	20.19	20.70	11916129	631882112.00
2015/04/24	20.71	20.71	19.28	19.54	12660783	642716544.00
2015/04/27	19.54	20.06	19.26	19.31	10374047	521400576.00
2015/04/28	19.45	19.47	18.57	18.78	10102656	490169088.00
2015/04/29	18.74	19.31	18.31	19.08	8096568	394912576.00
2015/04/30	19.43	19.86	19.14	19.14	6884823	345075200.00
2015/05/04	19.11	20.18	19.07	20.01	7265167	367596992.00
2015/05/05	20.02	20.74	19.11	19.47	7297626	372787712.00
2015/05/06	19.07	19.67	18.47	18.54	6957345	340526176.00
2015/05/07	18.54	18.91	18.08	18.71	4106077	196633120.00
2015/05/08	18.67	19.55	18.67	19.07	5134981	252642976.00
2015/05/11	19.80	19.86	19.13	19.85	7380831	372360000.00
2015/05/12	19.89	21.79	19.89	21.05	11555742	620556736.00
2015/05/13	20.67	22.67	20.32	22.01	15400559	848692800.00
2015/05/14	21.87	23.47	21.33	23.31	12662783	728679680.00
2015/05/15	23.03	23.35	22.58	22.87	8098422	473382144.00
2015/05/18	22.89	23.31	22.45	22.63	5995519	349664352.00
2015/05/19	22.39	22.39	21.16	21.95	12216707	679814144.00
2015/05/20	22.01	22.87	21.47	21.89	13410488	762255296.00
2015/05/21	21.87	22.67	21.12	22.59	11979064	672520640.00
2015/05/22	22.77	23.39	22.05	22.27	13307609	765759424.00
2015/05/25	24.55	24.55	22.32	24.55	11869592	734840000.00
2015/05/26	26.77	27.06	26.15	27.06	4866530	332344032.00
2015/05/27	29.82	29.82	27.91	29.11	18406422	1369221632.00
2015/05/28	29.81	29.81	27.30	28.27	14268952	1041277376.00
2015/05/29	28.26	30.71	27.01	30.27	11936569	891237312.00
2015/06/01	30.43	32.47	29.71	31.67	9818352	777921280.00
2015/06/02	31.47	31.55	30.04	31.07	12748564	994421952.00
2015/06/03	31.07	31.07	28.87	29.46	11740776	884700480.00
2015/06/04	29.29	29.99	27.31	29.46	6674317	488562784.00
2015/06/05	29.74	30.19	28.85	29.55	7324760	547108544.00
2015/06/08	29.67	30.21	27.67	28.67	11317798	827521216.00
2015/06/09	28.71	29.59	27.72	29.07	7979011	580347392.00
2015/06/10	28.99	29.23	27.91	28.70	5967227	435224864.00
2015/06/11	28.67	31.62	28.67	31.62	15332892	1177834112.00
2015/06/12	31.75	33.30	31.10	31.50	8179589	667555712.00
2015/06/15	31.43	31.87	29.83	30.08	8502455	665273216.00
2015/06/16	29.87	30.65	28.27	29.47	7845687	582050752.00
2015/06/17	29.67	30.14	27.91	30.09	6708565	495793728.00
2015/06/18	30.09	30.09	27.47	28.39	6080226	445541920.00
2015/06/19	26.67	28.07	25.50	25.51	6463099	437302304.00
2015/06/23	25.53	26.67	22.91	24.47	7581946	468337952.00
2015/06/24	24.67	25.47	23.67	24.87	4545066	285374496.00
2015/06/25	25.03	25.03	22.67	23.11	4731195	288225760.00
2015/06/26	22.47	22.94	20.75	20.75	6653194	364559264.00
2015/06/29	21.07	21.70	18.62	18.62	9733543	483100480.00
2015/06/30	17.71	20.47	16.70	20.42	15144141	706587520.00
2015/07/01	20.35	22.52	20.00	21.19	15679345	878486272.00
2015/07/02	21.50	22.09	19.01	19.31	14662886	761453952.00
2015/07/03	18.32	20.67	17.33	18.91	10862470	513962880.00
2015/07/06	20.85	20.85	16.96	16.96	13587958	641484032.00
2015/07/20	18.71	18.71	18.31	18.71	9778358	470184096.00
2015/07/21	18.71	20.63	17.87	20.63	16551942	846363456.00
2015/07/22	21.51	22.27	20.89	21.97	22553416	1247565696.00
2015/07/23	21.97	21.99	20.75	21.83	23125032	1267768064.00
2015/07/24	21.39	22.59	20.93	21.07	17925004	996121664.00
2015/07/27	20.27	20.82	18.91	18.91	15427365	794680960.00
2015/07/28	16.97	18.27	16.97	16.97	18921648	833279488.00
2015/07/29	17.15	17.55	15.26	17.19	22434393	934944448.00
2015/07/30	17.17	18.23	16.27	16.46	22777485	1000019008.00
2015/07/31	15.95	16.46	14.99	15.15	14039663	575683904.00
2015/08/03	14.67	14.87	13.59	13.59	19033234	681618752.00
2015/08/04	13.44	14.95	13.44	14.89	23336683	861490880.00
2015/08/05	14.92	15.25	14.19	15.03	25541572	985242752.00
2015/08/06	14.58	16.35	14.43	16.29	19214547	777669504.00
2015/08/07	16.57	17.96	16.55	17.87	22717681	997910528.00
2015/08/10	18.67	19.62	17.87	19.47	23131895	1112344192.00
2015/08/11	19.07	19.67	18.85	18.87	13700972	675700032.00
2015/08/12	18.36	18.95	18.15	18.28	11433755	545969216.00
2015/08/13	18.13	18.62	16.40	18.10	18458109	830024256.00
2015/08/14	18.01	18.22	17.27	17.65	14570179	665703488.00
2015/08/17	17.40	18.41	17.27	18.15	12881413	590214080.00
2015/08/18	18.15	18.65	16.28	16.28	15413932	691126144.00
2015/08/19	14.69	16.35	14.60	15.91	17395040	688543232.00
2015/08/20	15.51	16.13	15.14	15.87	10361792	418308576.00
2015/08/21	15.42	15.82	14.23	14.91	11233513	434792608.00
2015/08/27	13.37	14.05	13.37	13.37	14548333	507062272.00
2015/08/28	13.20	14.25	12.35	14.07	18815021	642894016.00
2015/08/31	13.51	13.73	12.61	12.61	10699574	367725152.00
2015/09/01	11.97	11.97	11.30	11.30	9523078	283994400.00
2015/09/02	10.11	11.31	10.11	10.11	18764962	509596032.00
2015/09/07	10.11	10.79	9.79	10.71	14607091	396864864.00
2015/09/08	10.24	11.19	10.15	11.07	11022581	306389952.00
2015/09/09	11.28	11.87	11.03	11.69	15802530	475092544.00
2015/09/10	11.31	12.13	11.29	11.53	13012347	400535328.00
2015/09/11	11.40	11.69	10.99	11.47	9084235	269594720.00
2015/09/14	11.47	11.57	10.27	10.27	8968029	251254736.00
2015/09/15	9.51	10.11	9.19	9.19	11598172	287686560.00
2015/09/16	9.19	10.16	8.94	10.15	16227792	408627840.00
2015/09/17	10.05	10.90	9.79	10.02	14576517	395284224.00
2015/09/18	10.07	10.54	9.95	10.43	10511859	282055552.00
2015/09/21	10.36	11.52	10.20	11.52	14972134	440166144.00
2015/09/22	11.95	12.30	11.31	11.83	19630168	604540352.00
2015/09/23	11.47	12.21	11.27	11.69	12097638	371295840.00
2015/09/24	11.80	12.11	11.69	12.09	11415079	355356736.00
2015/09/25	11.87	11.99	10.83	10.89	12629492	373614208.00
2015/09/28	10.92	11.39	10.46	11.27	10584251	305918688.00
2015/09/29	10.91	11.15	10.51	10.61	8924019	252502848.00
2015/09/30	10.77	11.23	10.57	11.09	7652927	218622544.00
2015/10/08	11.61	12.25	11.61	12.25	14981851	472792800.00
2015/10/09	12.25	13.46	12.15	13.06	20772870	684422656.00
2015/10/12	13.12	13.99	12.98	13.47	17051955	600971648.00
2015/10/13	13.40	14.35	13.31	14.23	15501086	558102528.00
2015/10/14	14.11	14.51	13.87	14.09	17405268	640103040.00
2015/10/15	14.25	14.44	13.83	14.42	13587707	499642528.00
2015/10/16	14.33	15.58	14.33	15.31	13585142	527265376.00
2015/10/19	15.63	16.03	14.03	14.62	18590158	726199808.00
2015/10/20	14.91	14.91	14.21	14.85	16002625	604099392.00
2015/10/21	14.77	14.77	13.31	13.31	49563915	713063552.00
2015/10/22	13.32	13.86	12.66	13.72	43836314	608336896.00
2015/10/23	13.87	14.44	13.18	14.03	41829006	595394112.00
2015/10/26	14.17	14.35	13.68	13.97	41025489	594860992.00
2015/10/27	14.34	14.80	13.47	14.72	51535103	763166784.00
2015/10/28	14.47	14.74	13.67	13.87	39951138	592774656.00
2015/10/29	13.98	14.35	13.34	14.02	31968949	459884896.00
2015/10/30	13.77	14.05	13.41	13.61	22120286	315604864.00
2015/11/02	13.27	13.62	12.93	13.00	22579960	312499456.00
2015/11/03	13.20	13.41	12.72	13.02	22562664	306339136.00
2015/11/04	13.01	13.97	13.01	13.86	31392736	440552160.00
2015/11/05	13.96	14.25	13.44	13.95	40409683	583567872.00
2015/11/06	13.97	14.37	13.90	14.24	34129308	501992416.00
2015/11/09	14.25	15.62	13.97	15.06	56178819	858385280.00
2015/11/10	15.03	15.35	14.64	14.91	40421907	626622208.00
2015/11/11	15.02	15.47	14.84	14.98	44788466	699108544.00
2015/11/12	15.05	16.53	14.75	16.53	60679702	973365568.00
2015/11/13	16.75	17.39	16.00	16.58	87993950	1533713152.00
2015/11/16	16.07	16.97	15.85	16.84	36357345	618864256.00
2015/11/17	17.27	17.47	16.32	16.43	45213068	782431040.00
2015/11/18	16.53	16.53	15.42	15.46	37699280	619804288.00
2015/11/19	15.47	15.87	15.17	15.82	29095800	469618848.00
2015/11/20	15.92	17.07	15.83	16.73	49233565	841058368.00
2015/11/23	16.73	16.90	15.97	16.22	40215493	681289728.00
2015/11/24	16.16	16.32	15.78	16.24	20143421	333897984.00
2015/11/25	16.24	16.67	16.08	16.56	33983108	578800896.00
2015/11/26	16.57	16.70	15.87	15.93	42190696	703737984.00
2015/11/27	15.77	15.87	14.28	14.28	54333185	835270976.00
2015/11/30	14.24	14.25	12.80	13.82	37879835	536303136.00
2015/12/01	13.83	14.17	13.57	13.91	23220426	335564576.00
2015/12/02	13.93	13.99	12.47	13.51	27463129	379387776.00
2015/12/03	13.31	13.77	13.31	13.72	24434221	345487104.00
2015/12/04	13.66	13.87	13.40	13.62	23631742	335893504.00
2015/12/07	13.66	14.45	13.58	14.08	30208899	442172992.00
2015/12/08	13.83	13.97	13.42	13.80	25477016	361558304.00
2015/12/09	14.25	14.45	13.82	13.98	36577734	537175936.00
2015/12/10	13.65	13.82	13.48	13.58	22201215	314991008.00
2015/12/11	13.42	13.49	12.90	13.03	25804739	352576768.00
2015/12/14	13.03	13.61	12.87	13.59	25303814	350556288.00
2015/12/15	13.67	13.96	13.55	13.77	20432813	291659808.00
2015/12/16	13.82	13.92	13.65	13.84	24330265	348512288.00
2015/12/17	14.19	14.38	13.97	14.29	45120567	663727552.00
2015/12/18	14.15	14.24	13.79	13.91	26103984	379197952.00
2015/12/21	14.04	14.25	13.91	14.08	22960780	335975904.00
2015/12/22	14.13	14.40	14.08	14.33	26559492	392794208.00
2015/12/23	14.38	15.17	14.38	14.90	49444298	755603200.00
2015/12/24	15.17	15.57	14.97	15.14	53198553	841647744.00
2015/12/25	14.96	15.11	14.69	15.02	26641651	411526624.00
2015/12/28	15.18	15.74	14.90	15.01	37904571	601561408.00
2015/12/29	15.24	15.40	14.47	14.82	27422665	420907840.00
2015/12/30	14.97	14.99	14.58	14.74	20462387	311590112.00
2015/12/31	14.81	15.16	14.77	14.77	26067409	403909312.00
2016/01/04	14.84	14.92	13.24	13.24	27802438	396252512.00
2016/01/05	11.86	13.22	11.86	12.51	33360866	435201312.00
2016/01/06	12.51	13.07	12.44	13.02	24275119	322821568.00
2016/01/07	12.96	12.96	11.67	11.68	7519248	94670184.00
2016/01/08	12.02	12.37	11.14	11.93	29007195	359618016.00
2016/01/11	11.62	11.73	10.68	10.68	26212961	303941024.00
2016/01/12	10.48	11.12	9.98	10.71	24491906	269543072.00
2016/01/13	10.77	10.95	10.08	10.09	21957524	244993952.00
2016/01/14	9.73	10.64	9.53	10.47	21930871	231739568.00
2016/01/15	10.41	10.61	9.55	9.80	21839711	232872224.00
2016/01/18	9.58	10.13	9.48	9.94	17531818	181844576.00
2016/01/19	9.97	10.62	9.81	10.48	20713880	221615888.00
2016/01/20	10.47	10.91	10.31	10.63	26787175	299098784.00
2016/01/21	10.37	10.67	9.92	9.93	22045859	240529888.00
2016/01/22	9.93	10.29	9.74	10.15	14159696	149592224.00
2016/01/25	10.36	10.51	10.14	10.34	12458206	135365120.00
2016/01/26	10.17	10.25	9.25	9.26	17799831	181775456.00
2016/01/27	9.38	9.45	8.28	8.88	18729026	174459120.00
2016/01/28	8.88	8.93	7.97	8.08	14803335	134166360.00
2016/01/29	8.09	8.67	7.97	8.55	16058616	143338464.00
2016/02/01	8.47	8.74	8.29	8.45	12743407	115245200.00
2016/02/02	8.47	8.93	8.45	8.82	10800909	100285576.00
2016/02/03	8.63	8.86	8.50	8.78	11044339	101353528.00
2016/02/04	8.92	9.15	8.81	9.11	14499578	138341584.00
2016/02/05	9.47	9.66	9.14	9.16	18025206	178060528.00
2016/02/15	8.67	9.00	8.55	8.88	10220647	95355400.00
2016/02/16	8.92	9.41	8.92	9.35	14443811	140762864.00
2016/02/17	9.37	10.05	9.28	9.74	23337348	239011888.00
2016/02/18	9.89	10.73	9.89	10.17	40555021	439085664.00
2016/02/19	10.07	10.18	9.77	9.96	21578524	225540656.00
2016/02/22	10.14	10.42	10.00	10.15	22692974	243055728.00
2016/02/23	10.26	10.27	9.77	10.08	18512742	195437248.00
2016/02/24	10.02	10.15	9.82	10.15	16374189	172064096.00
2016/02/25	10.13	10.13	9.08	9.09	21611088	216738752.00
2016/02/26	9.17	9.37	8.85	9.03	17317115	167041760.00
2016/02/29	9.03	9.03	8.07	8.35	19781725	174696672.00
2016/03/01	8.32	8.62	8.08	8.49	17591692	155867616.00
2016/03/02	8.49	9.02	8.42	8.96	19387093	180068384.00
2016/03/03	8.96	9.15	8.87	8.92	21769565	207360368.00
2016/03/04	8.86	9.12	8.47	8.58	20491620	191363968.00
2016/03/07	8.76	8.97	8.71	8.89	13499028	126637104.00
2016/03/08	9.06	9.24	8.63	9.21	29378854	279477184.00
2016/03/09	8.79	8.93	8.69	8.79	16457127	153789008.00
2016/03/10	8.78	8.85	8.46	8.47	15394410	141446800.00
2016/03/11	8.38	8.45	8.23	8.36	12653311	112148992.00
2016/03/14	8.62	8.80	8.48	8.75	19492738	180161344.00
2016/03/15	8.77	8.88	8.64	8.69	14426052	133621512.00
2016/03/16	8.77	8.80	8.42	8.47	11706801	106667240.00
2016/03/17	8.52	8.88	8.45	8.80	22479489	207628256.00
2016/03/18	8.92	9.55	8.90	9.49	37622065	368456224.00
2016/03/21	9.75	9.94	9.59	9.79	32310737	331827840.00
2016/03/22	9.60	9.92	9.52	9.71	25765352	265283216.00
2016/03/23	9.61	10.22	9.59	9.98	30641320	321553056.00
2016/03/24	9.95	10.45	9.81	9.82	40298812	430051136.00
2016/03/25	9.75	9.96	9.62	9.94	23539395	242399312.00
2016/03/28	10.10	10.17	9.76	9.87	25687537	270949216.00
2016/03/29	9.87	9.87	9.24	9.40	26574861	266408368.00
2016/03/30	9.52	9.77	9.47	9.77	20251947	205589008.00
2016/03/31	9.98	9.98	9.63	9.72	20902247	215488688.00
2016/04/01	9.72	9.76	9.42	9.64	19008476	191300336.00
2016/04/05	9.58	10.02	9.57	9.96	23829659	247118960.00
2016/04/06	9.94	10.19	9.85	10.11	28258417	298163904.00
2016/04/07	10.15	10.24	9.80	9.80	23959502	251203872.00
2016/04/08	9.66	9.77	9.57	9.73	16200657	164927008.00
2016/04/11	9.78	10.17	9.78	10.09	29561931	312592032.00
2016/04/12	10.05	10.22	9.85	10.12	25187314	266137680.00
2016/04/13	10.20	10.63	10.18	10.36	40056229	437721152.00
2016/04/14	10.47	10.59	10.30	10.51	32418186	356029312.00
2016/04/15	10.49	10.50	10.34	10.45	17489689	191461120.00
2016/04/18	10.36	10.36	10.11	10.15	16505234	177145616.00
2016/04/19	10.21	10.44	10.14	10.25	16833407	181968768.00
2016/04/20	10.39	10.40	9.23	9.47	30972517	318015776.00
2016/04/21	9.47	9.76	9.38	9.40	18522237	187151216.00
2016/04/22	9.35	9.44	9.14	9.40	11212438	110398192.00
2016/04/25	9.40	9.40	9.12	9.25	11730730	114715560.00
2016/04/26	9.26	9.54	9.26	9.49	9922816	98039552.00
2016/04/27	9.60	9.62	9.36	9.37	9711870	97018176.00
2016/04/28	9.37	9.45	9.01	9.23	13064903	126674280.00
2016/04/29	9.17	9.25	9.08	9.22	8311689	80817976.00
2016/05/03	9.29	10.20	9.29	10.20	17317324	181280624.00
2016/05/04	10.47	10.82	10.39	10.43	71417066	791259904.00
2016/05/05	10.27	10.62	10.18	10.51	38425714	419201728.00
2016/05/06	10.41	10.51	9.77	9.77	34291754	366053888.00
2016/05/09	9.65	9.65	8.91	8.94	30305783	296974080.00
2016/05/10	8.91	9.06	8.80	8.94	14285626	135616752.00
2016/05/11	9.12	9.14	8.79	8.82	13863668	131206208.00
2016/05/12	8.63	8.78	8.48	8.77	13747747	126072048.00
2016/05/13	8.77	9.02	8.70	8.86	13863608	130442112.00
2016/05/16	8.86	8.93	8.59	8.93	11741747	109588736.00
2016/05/17	8.82	8.97	8.77	8.96	16270517	153316912.00
2016/05/18	8.84	8.84	8.45	8.60	15047066	137534704.00
2016/05/19	8.55	8.77	8.55	8.73	11093960	102370632.00
2016/05/20	8.66	8.73	8.49	8.72	10966258	100275272.00
2016/05/23	8.79	8.88	8.69	8.85	10864948	101292352.00
2016/05/24	8.84	8.89	8.63	8.76	10940718	100963824.00
2016/05/25	8.84	8.86	8.61	8.65	12165720	112606568.00
2016/05/26	8.59	8.75	8.42	8.74	15502970	140941824.00
2016/05/27	8.69	8.78	8.64	8.74	11073211	102134248.00
2016/05/30	8.69	8.69	8.51	8.59	8430654	76731880.00
2016/05/31	8.62	9.08	8.53	9.02	21119344	198847296.00
2016/06/01	9.08	9.12	8.96	9.02	16157016	154204592.00
2016/06/02	9.02	9.09	8.93	9.06	14031255	133517536.00
2016/06/03	9.09	9.23	8.98	9.21	19328049	185804368.00
2016/06/06	9.21	9.23	9.01	9.10	14154820	135968096.00
2016/06/07	9.10	9.12	9.00	9.06	11883640	113643720.00
2016/06/08	9.07	10.02	9.05	10.02	55413506	559846080.00
2016/06/13	10.18	10.27	9.54	9.55	65262960	686975488.00
2016/06/14	9.54	9.69	9.30	9.43	24784898	247311760.00
2016/06/15	9.29	10.01	9.20	9.91	34826103	358201440.00
2016/06/16	9.74	10.95	9.74	10.95	59860079	665593984.00
2016/06/17	11.24	11.70	10.91	11.19	93103918	1095919744.00
2016/06/20	11.07	11.46	10.67	11.25	57168421	663304576.00
2016/06/21	11.59	11.79	10.74	10.83	49967786	583405312.00
2016/06/22	10.82	11.07	10.55	11.07	34053387	383491648.00
2016/06/23	10.99	11.11	10.71	10.97	30717547	350041280.00
2016/06/24	10.87	11.14	9.99	10.54	45746553	509527776.00
2016/06/27	10.40	11.29	10.33	11.17	46174089	528326016.00
2016/06/28	11.14	11.37	10.87	11.05	35643992	412327008.00
2016/06/29	11.12	11.27	10.79	11.15	34058705	393480640.00
2016/06/30	11.09	11.16	10.91	11.06	20923155	241258256.00
2016/07/01	11.00	11.10	10.63	10.69	24215727	275061440.00
2016/07/04	10.53	11.06	10.51	11.04	26688823	304463392.00
2016/07/05	11.09	11.59	10.89	11.28	45786462	542620544.00
2016/07/06	11.14	11.24	11.03	11.12	23932825	278455360.00
2016/07/07	11.09	11.56	11.00	11.45	40140254	474031616.00
2016/07/08	11.49	11.75	11.19	11.19	31875727	381538752.00
2016/07/11	11.18	11.32	10.94	10.99	26646723	309087168.00
2016/07/12	11.01	11.11	10.74	11.04	30595624	349464960.00
2016/07/13	11.15	11.57	11.07	11.26	39364983	465306528.00
2016/07/14	11.27	11.47	11.15	11.45	27288150	322753056.00
2016/07/15	11.60	12.65	11.60	11.89	60768717	764772608.00
2016/07/18	11.77	12.17	11.67	12.07	38771809	481999424.00
2016/07/19	12.06	12.06	11.72	11.90	23705302	292617760.00
2016/07/20	11.92	12.04	11.60	11.67	22483331	276059744.00
2016/07/21	11.61	11.99	11.60	11.67	24499028	301770432.00
2016/07/22	11.65	11.83	11.44	11.44	21453389	259255104.00
2016/07/25	11.37	11.73	11.15	11.36	17791629	211431648.00
2016/07/26	11.38	11.49	11.30	11.49	13436367	160164912.00
2016/07/27	11.58	11.61	10.41	10.60	35497774	406950880.00
2016/07/28	10.62	10.65	10.23	10.48	19507766	213380160.00
2016/07/29	10.48	10.54	10.19	10.20	13084721	141866320.00
2016/08/01	10.04	10.13	9.79	9.94	15181188	158451392.00
2016/08/02	10.00	10.11	9.94	10.07	8704470	91819592.00
2016/08/03	10.05	10.11	9.97	10.09	9038047	95535912.00
2016/08/04	10.10	10.23	9.94	10.22	9967953	105728464.00
2016/08/05	10.21	10.24	10.04	10.04	9008287	95662096.00
2016/08/08	10.02	10.20	9.80	10.18	10098986	106241768.00
2016/08/09	10.19	10.42	10.10	10.34	12268233	132471504.00
2016/08/10	10.35	10.79	10.31	10.53	19874607	220828544.00
2016/08/11	10.39	10.52	10.14	10.15	13232691	143464368.00
2016/08/12	10.09	10.26	10.05	10.24	8374662	89360528.00
2016/08/15	10.25	10.57	10.15	10.51	13903687	152035904.00
2016/08/16	10.50	10.64	10.48	10.59	14660836	162614624.00
2016/08/17	10.60	10.83	10.54	10.63	15017752	168283664.00
2016/08/18	10.54	10.65	10.48	10.56	12524341	138538736.00
2016/08/19	10.53	10.64	10.46	10.61	11059453	122428968.00
2016/08/22	10.56	10.80	10.52	10.56	12681662	141946912.00
2016/08/23	10.44	10.54	10.19	10.42	11261010	122359112.00
2016/08/24	10.41	10.50	10.35	10.41	7761987	84881632.00
2016/08/25	10.38	10.38	10.09	10.26	10588440	113505352.00
2016/08/26	10.31	10.39	10.23	10.23	7754120	83900144.00
2016/08/29	10.23	10.37	10.21	10.24	5568950	60116708.00
2016/08/30	10.25	10.39	10.20	10.26	6303265	68120800.00
2016/08/31	10.30	10.33	10.20	10.31	5869876	63305924.00
2016/09/01	10.28	10.56	10.27	10.42	15909731	174810256.00
2016/09/02	10.44	10.59	10.24	10.31	12580593	137179232.00
2016/09/05	10.31	10.50	10.29	10.33	8871438	96724640.00
2016/09/06	10.30	10.46	10.02	10.46	13734384	147670400.00
2016/09/07	10.46	10.53	10.35	10.39	11572897	126963352.00
2016/09/08	10.35	10.46	10.31	10.43	7352436	80077168.00
2016/09/09	10.41	10.64	10.37	10.46	15032859	165902336.00
2016/09/12	9.69	10.13	9.69	9.88	14599965	152624176.00
2016/09/13	9.94	9.98	9.85	9.90	6169337	64227932.00
2016/09/14	9.80	9.96	9.70	9.79	6778699	69940928.00
2016/09/19	9.94	10.58	9.90	10.51	27411680	297818016.00
2016/09/20	10.49	10.49	10.23	10.30	11227239	121656800.00
2016/09/21	10.36	10.57	10.18	10.21	11484122	124967744.00
2016/09/22	10.36	10.41	10.12	10.14	15635606	168167408.00
2016/09/23	10.14	10.23	9.95	10.01	11851134	125115992.00
2016/09/26	9.95	9.98	9.71	9.81	8327329	86268824.00
2016/09/27	9.82	9.94	9.79	9.94	6060744	62932160.00
2016/09/28	9.99	10.00	9.85	9.85	3362832	35014016.00
2016/09/29	9.92	10.02	9.88	9.89	4826500	50494320.00
2016/09/30	9.99	10.00	9.89	9.92	3645817	38083348.00
2016/10/10	9.99	10.14	9.97	10.13	6639571	70219168.00
2016/10/11	10.12	10.19	10.09	10.14	6325243	67297584.00
2016/10/12	10.09	10.38	10.02	10.37	14019511	150133968.00
2016/10/13	10.27	10.42	10.26	10.26	10297593	111519312.00
2016/10/14	11.34	11.34	10.30	10.87	40681366	460240416.00
2016/10/17	10.89	11.27	10.62	10.64	34555106	395452160.00
2016/10/18	10.56	10.74	10.46	10.73	21655690	240805072.00
2016/10/19	10.71	10.77	10.57	10.61	14448105	161462400.00
2016/10/20	10.62	10.65	10.52	10.61	10336543	114588432.00
2016/10/21	10.64	10.64	10.36	10.44	11847699	130072600.00
2016/10/24	10.48	10.66	10.34	10.59	12453391	137747168.00
2016/10/25	10.58	10.67	10.41	10.53	9925864	109749280.00
2016/10/26	10.56	10.56	10.34	10.40	9404747	102826680.00
2016/10/27	10.37	10.57	10.37	10.50	8945239	98058568.00
2016/10/28	10.53	10.53	10.09	10.12	13210888	142933168.00
2016/10/31	10.14	10.25	9.99	10.24	8664939	92205216.00
2016/11/01	10.24	10.38	10.18	10.35	7535463	81494144.00
2016/11/02	10.29	10.34	10.11	10.14	6542486	70180432.00
2016/11/03	10.06	10.29	10.06	10.22	7812971	83637888.00
2016/11/04	10.24	10.44	9.77	10.41	10484553	113693968.00
2016/11/07	10.39	10.55	10.34	10.38	12042387	132018904.00
2016/11/08	10.40	10.46	10.33	10.35	7649212	83250440.00
2016/11/09	10.36	10.43	9.80	10.11	12795977	136454848.00
2016/11/10	10.20	10.30	10.11	10.23	9435310	101217248.00
2016/11/11	10.22	10.62	10.20	10.47	18990829	208461280.00
2016/11/14	10.44	10.57	10.39	10.54	14663063	161367552.00
2016/11/15	10.56	10.56	10.40	10.55	11515702	126599920.00
2016/11/16	10.52	10.73	10.45	10.60	18688247	207947552.00
2016/11/17	10.57	10.65	10.43	10.65	12790734	141493520.00
2016/11/18	10.63	10.73	10.45	10.47	12821983	142304240.00
2016/11/21	10.45	10.56	10.39	10.43	7981832	87653400.00
2016/11/22	10.46	10.67	10.45	10.67	17460378	194477264.00
2016/11/23	10.68	10.77	10.47	10.51	15591103	173564384.00
2016/11/24	10.49	10.59	10.41	10.47	10927328	120126216.00
2016/11/25	10.42	10.50	10.17	10.49	12121125	131663080.00
2016/11/28	10.51	10.57	10.41	10.52	9186263	101238936.00
2016/11/29	10.55	10.72	10.48	10.64	18457939	205588096.00
2016/11/30	10.57	10.75	10.46	10.73	18071584	201497344.00
2016/12/01	10.76	10.89	10.61	10.69	13754214	154365600.00
2016/12/02	10.71	10.75	10.36	10.46	15225609	167854416.00
2016/12/05	10.38	10.58	10.30	10.55	8877305	97553296.00
2016/12/06	10.58	10.58	10.38	10.49	8017694	88039672.00
2016/12/07	10.49	10.90	10.45	10.85	26711336	300777920.00
2016/12/08	10.84	10.94	10.72	10.75	19034916	215487344.00
2016/12/09	10.80	11.04	10.75	10.87	19798994	225272064.00
2016/12/12	11.01	11.14	10.29	10.39	28700216	323587808.00
2016/12/13	10.28	10.28	9.69	9.97	24194352	252401152.00
2016/12/14	9.85	9.96	9.70	9.79	11764819	121881632.00
2016/12/15	9.72	9.94	9.71	9.85	7136260	73837192.00
2016/12/16	9.85	9.96	9.79	9.87	6775700	70404144.00
2016/12/19	9.87	9.89	9.71	9.76	5948277	61290416.00
2016/12/20	9.76	9.83	9.73	9.83	4200059	43165748.00
2016/12/21	9.84	9.96	9.79	9.87	6282778	65213408.00
2016/12/22	9.88	10.02	9.85	9.94	7246632	75761648.00
2016/12/23	9.98	9.98	9.53	9.57	11460296	117136120.00
2016/12/26	9.53	9.54	9.33	9.49	9702530	96550240.00
2016/12/27	9.49	9.56	9.41	9.42	6753627	67516568.00
2016/12/28	9.43	9.48	9.39	9.41	4636852	46107036.00
2016/12/29	9.41	9.63	9.38	9.52	7424738	74576952.00
2016/12/30	9.49	9.61	9.47	9.49	4930681	49461240.00
2017/01/03	9.51	9.59	9.51	9.58	4553446	45883896.00
2017/01/04	9.57	9.72	9.51	9.69	6660749	67532032.00
2017/01/18	9.59	9.59	8.99	9.48	15416472	152500848.00
2017/01/19	9.39	9.40	9.12	9.16	7379415	72126736.00
2017/01/20	9.19	9.36	9.13	9.28	5654159	55265392.00
2017/01/23	9.28	9.45	9.28	9.35	5107837	50553024.00
2017/01/24	9.40	9.53	9.34	9.42	5637782	56085160.00
2017/01/25	9.41	9.49	9.31	9.42	3028112	30024180.00
2017/01/26	9.48	9.59	9.39	9.48	5164541	51581448.00
2017/02/03	9.44	9.51	9.39	9.40	3562356	35390444.00
2017/02/06	9.41	9.50	9.39	9.48	5410622	53854416.00
2017/02/07	9.48	9.51	9.30	9.35	9833589	97303128.00
2017/02/08	9.34	9.42	9.24	9.39	10024251	98435344.00
2017/02/09	9.39	9.59	9.36	9.58	13968515	139832384.00
2017/02/10	9.57	9.86	9.53	9.61	17286083	175840144.00
2017/02/13	9.65	9.75	9.58	9.71	12501277	126848128.00
2017/02/14	9.75	9.93	9.69	9.78	16035761	165073616.00
2017/02/15	9.79	9.87	9.56	9.64	13116232	134428480.00
2017/02/16	9.63	9.90	9.58	9.83	13157361	135213952.00
2017/02/17	9.83	9.94	9.71	9.80	13752273	141918272.00
2017/02/20	9.74	9.97	9.73	9.90	14402501	149044528.00
2017/02/21	9.91	9.91	9.80	9.87	11280631	116943312.00
2017/02/22	9.88	10.19	9.80	10.01	20500284	215039136.00
2017/02/23	9.95	10.04	9.80	9.86	12688950	132136344.00
2017/02/24	9.86	9.93	9.74	9.79	10038395	103559648.00
2017/02/27	9.82	9.85	9.67	9.68	8849341	90824336.00
2017/02/28	9.70	9.77	9.60	9.74	8470131	86366728.00
2017/03/01	9.72	9.79	9.68	9.76	9011198	92374632.00
2017/03/02	9.79	9.82	9.65	9.67	7179803	73566168.00
2017/03/03	9.68	9.76	9.61	9.71	7889960	80526632.00
2017/03/06	9.68	9.83	9.68	9.81	10916261	112268352.00
2017/03/07	9.81	9.86	9.72	9.77	9809654	100818952.00
2017/03/08	9.75	9.77	9.63	9.66	8204669	83742192.00
2017/03/09	9.67	9.67	9.48	9.51	10779736	108470184.00
2017/03/10	9.51	9.59	9.48	9.51	5581063	56026096.00
2017/03/13	9.51	9.58	9.38	9.56	9773595	97735064.00
2017/03/14	9.56	9.59	9.47	9.50	7641151	76635576.00
2017/03/15	9.50	9.50	9.38	9.46	7213970	71790160.00
2017/03/16	9.49	9.58	9.49	9.57	9499668	95444136.00
2017/03/17	9.57	9.66	9.47	9.51	10076743	101721392.00
2017/03/20	9.52	9.67	9.50	9.57	10399355	104768848.00
2017/03/21	9.58	9.59	9.49	9.51	7109783	71351144.00
2017/03/22	9.45	9.46	9.33	9.39	9378235	92978416.00
2017/03/23	9.44	9.45	9.27	9.39	8491673	83894448.00
2017/03/24	9.39	9.46	9.32	9.43	7913874	78428240.00
2017/03/27	9.42	9.46	9.37	9.39	5685121	56386556.00
2017/03/28	9.40	9.42	9.32	9.34	5781485	57081892.00
2017/03/29	9.36	9.38	9.19	9.22	11755163	114843560.00
2017/03/30	9.15	9.20	8.99	9.04	11556051	110882608.00
2017/03/31	9.03	9.18	9.03	9.08	7251930	69659584.00
2017/04/05	9.10	9.29	9.10	9.28	11653665	113596544.00
2017/04/06	9.28	9.31	9.21	9.26	8753737	85535704.00
2017/04/07	9.27	9.35	9.25	9.31	9072981	88951160.00
2017/04/10	9.32	9.32	9.18	9.19	7345520	71565568.00
2017/04/11	9.19	9.49	9.11	9.44	14599058	143145184.00
2017/04/12	9.43	9.45	9.29	9.31	9303640	91889248.00
2017/04/13	9.32	9.35	9.21	9.23	8928515	87353184.00
2017/04/14	9.26	9.27	9.09	9.11	8053264	77862232.00
2017/04/17	9.15	9.15	8.74	8.84	10992695	104140856.00
2017/04/18	8.85	8.91	8.44	8.58	11758465	108230592.00
2017/04/19	8.51	8.58	8.15	8.32	11832570	104993624.00
2017/04/20	8.27	8.42	8.27	8.42	6738448	59829000.00
2017/04/21	8.39	8.48	8.26	8.36	6475729	57502028.00
2017/04/24	8.42	8.42	8.10	8.14	7818047	68230880.00
2017/04/25	8.16	8.26	8.13	8.14	5179759	45040376.00
2017/04/26	8.14	8.23	8.14	8.15	4498357	39047388.00
2017/04/27	8.15	8.17	7.84	8.12	8555937	72823976.00
2017/04/28	8.09	8.28	8.05	8.11	8141481	70550064.00
2017/05/02	8.11	8.21	8.09	8.13	5753725	49856964.00
2017/05/03	8.11	8.17	7.98	8.04	5626569	48295084.00
2017/05/04	8.03	8.09	7.86	8.04	12700099	107386928.00
2017/05/05	8.04	8.04	7.94	7.94	6047511	51302980.00
2017/05/08	7.90	7.91	7.50	7.51	13215878	108261536.00
2017/05/09	7.45	7.56	7.41	7.51	9112903	72769408.00
2017/05/10	7.52	7.55	7.29	7.29	7942268	63257744.00
2017/05/11	7.32	7.61	7.32	7.52	11768357	94140248.00
2017/05/12	7.48	7.55	7.39	7.54	6121408	49058872.00
2017/05/15	7.55	7.66	7.53	7.56	4750495	38417844.00
2017/05/16	7.57	7.74	7.46	7.72	7126837	57410032.00
2017/05/17	7.72	7.78	7.64	7.67	6885988	56114228.00
2017/05/18	7.62	7.74	7.56	7.70	6875364	55965812.00
2017/05/19	7.70	8.12	7.70	7.92	13078524	109784936.00
2017/05/22	7.95	7.97	7.66	7.69	8686710	71786632.00
2017/05/23	7.68	7.70	7.45	7.49	6865797	55071432.00
2017/05/24	7.45	7.59	7.36	7.57	5543129	43930512.00
2017/05/25	7.55	8.25	7.50	8.01	15649303	130882928.00
2017/05/26	7.93	8.20	7.85	8.00	14674976	124870272.00
2017/05/31	8.03	8.11	7.89	7.90	7088446	59537452.00
2017/06/01	7.85	7.89	7.63	7.64	7640413	62699528.00
2017/06/02	7.63	7.85	7.56	7.81	5342493	43628912.00
2017/06/05	7.84	7.94	7.77	7.90	5054002	42106352.00
2017/06/06	7.87	7.99	7.84	7.93	5139264	43099548.00
2017/06/07	7.96	8.07	7.91	8.03	6655676	56362560.00
2017/06/08	8.03	8.05	7.86	7.90	7109455	59642020.00
2017/06/09	7.89	7.97	7.79	7.87	5598623	46481936.00
2017/06/12	7.83	7.85	7.66	7.67	5439330	44528816.00
2017/06/13	7.67	7.85	7.64	7.82	4712297	38685580.00
2017/06/14	7.80	7.95	7.72	7.87	6504831	53858740.00
2017/06/15	7.80	7.99	7.80	7.92	7096857	59329460.00
2017/06/16	7.91	7.95	7.86	7.87	4427460	36935432.00
2017/06/19	7.87	7.95	7.85	7.95	4803715	40217376.00
2017/06/20	7.95	8.02	7.89	7.91	6540757	55018024.00
2017/06/21	7.93	7.96	7.79	7.85	5064029	42096864.00
2017/06/22	7.87	7.87	7.61	7.65	6023500	49613928.00
2017/06/23	7.65	7.70	7.52	7.65	6828094	55038968.00
2017/06/26	7.61	7.75	7.61	7.74	4165815	33893484.00
2017/06/27	7.75	7.87	7.71	7.81	5321473	43766104.00
2017/06/28	7.82	7.83	7.64	7.71	6551518	53496804.00
2017/06/29	7.71	7.80	7.70	7.73	3234581	26530010.00
2017/06/30	7.73	7.79	7.68	7.73	2918252	23873354.00
2017/07/03	7.71	7.89	7.71	7.89	8126003	67320416.00
2017/07/04	7.86	7.90	7.75	7.80	6326756	52260572.00
2017/07/05	7.98	8.22	7.96	8.03	19502696	165736672.00
2017/07/06	7.93	8.04	7.90	8.01	11210464	94435176.00
2017/07/07	7.99	8.10	7.91	8.10	11647436	98419984.00
2017/07/10	8.10	8.33	8.03	8.25	21185080	182891536.00
2017/07/11	8.22	8.22	7.98	7.98	11851676	101344160.00
2017/07/12	7.98	8.14	7.83	8.06	10162213	85705832.00
2017/07/13	8.05	8.15	7.98	8.07	9772392	83227408.00
2017/07/14	8.07	8.09	7.91	7.92	8036970	67768328.00
2017/07/17	7.89	7.91	7.08	7.25	16295372	128650832.00
2017/07/18	7.23	7.39	7.15	7.39	7091924	55029036.00
2017/07/19	7.37	7.60	7.33	7.55	9325210	74333272.00
2017/07/20	7.55	7.61	7.45	7.46	8194287	65303484.00
2017/07/21	7.48	7.53	7.41	7.44	5529393	43758292.00
2017/07/24	7.38	7.50	7.34	7.47	7067650	55592496.00
2017/07/25	7.46	7.49	7.35	7.45	5865535	46166672.00
2017/07/26	7.45	7.75	7.37	7.70	12138498	97232016.00
2017/07/27	7.61	7.83	7.56	7.83	15105532	123448752.00
2017/07/28	7.77	7.93	7.73	7.85	11280110	93336152.00
2017/07/31	7.78	8.11	7.77	8.03	18079779	152659552.00
2017/08/01	8.02	8.03	7.85	7.92	12118224	101289152.00
2017/08/02	7.91	8.03	7.82	7.83	10134700	84841656.00
2017/08/03	7.80	7.97	7.79	7.95	10105486	84422576.00
2017/08/04	7.94	8.33	7.90	8.06	28241110	243030272.00
2017/08/07	8.08	8.31	7.96	8.30	24427153	210893968.00
2017/08/08	8.21	8.26	8.07	8.13	18145153	156237440.00
2017/08/09	8.08	8.24	8.00	8.15	15642641	133898000.00
2017/08/10	8.05	8.08	7.85	7.89	14655190	123231456.00
2017/08/11	7.86	7.90	7.56	7.62	12979400	106215576.00
2017/08/14	7.65	7.83	7.64	7.78	7456884	61070632.00
2017/08/15	7.79	7.81	7.69	7.74	5444103	44552260.00
2017/08/16	7.76	7.79	7.70	7.78	4786775	39252172.00
2017/08/17	7.82	7.90	7.76	7.86	8632097	71473216.00
2017/08/18	7.81	7.86	7.76	7.83	6142995	50715904.00
2017/08/21	7.83	8.02	7.79	7.95	11481983	96216216.00
2017/08/22	7.94	8.00	7.87	7.93	7561731	63315616.00
2017/08/23	7.91	7.93	7.70	7.78	7808287	64430216.00
2017/08/24	7.77	7.80	7.57	7.63	9189153	74580352.00
2017/08/25	7.65	7.80	7.65	7.76	6334187	51860524.00
2017/08/28	7.72	7.90	7.72	7.88	8394094	69721624.00
2017/08/29	7.88	7.98	7.79	7.81	7667455	63909840.00
2017/08/30	7.81	8.07	7.81	8.05	17600256	148242096.00
2017/08/31	8.02	8.04	7.91	8.03	10043221	84715232.00
2017/09/01	8.03	8.32	8.02	8.10	29890988	257396368.00
2017/09/04	8.11	8.19	7.96	8.06	17301912	146955264.00
2017/09/05	8.03	8.04	7.94	7.98	11100828	93661200.00
2017/09/06	7.95	8.19	7.92	8.13	21880184	187342448.00
2017/09/07	8.11	8.50	8.05	8.33	34744425	303208960.00
2017/09/08	8.26	8.45	8.19	8.44	24067442	211657536.00
2017/09/11	8.40	8.52	8.30	8.48	17886225	158044992.00
2017/09/12	8.48	8.57	8.28	8.31	16681591	147666656.00
2017/09/13	8.35	8.36	8.22	8.25	13174824	115022816.00
2017/09/14	8.25	8.31	8.14	8.19	11440266	99144752.00
2017/09/15	8.19	8.22	8.08	8.09	11355498	97311072.00
2017/09/18	8.07	8.16	8.07	8.15	7453200	63921048.00
2017/09/19	8.15	8.21	8.11	8.13	8210582	70627032.00
2017/09/20	8.12	8.23	8.11	8.22	9122184	78712648.00
2017/09/21	8.22	8.22	8.03	8.03	9323150	79986168.00
2017/09/22	8.02	8.16	7.96	8.13	8055764	68573040.00
2017/09/25	8.10	8.12	7.96	7.97	5749205	48717888.00
2017/09/26	8.00	8.08	7.92	7.96	4876750	41210148.00
2017/09/27	7.96	8.17	7.96	8.12	7197164	61533660.00
2017/09/28	8.09	8.25	8.03	8.21	10233364	87899456.00
2017/09/29	8.20	8.30	8.13	8.15	8074356	69859648.00
2017/10/09	8.25	8.30	8.18	8.29	9743309	84676312.00
2017/10/10	8.33	8.42	8.23	8.33	11022581	96696616.00
2017/10/11	8.31	8.31	8.18	8.18	8680600	75457632.00
2017/10/12	8.18	8.22	8.08	8.18	6633400	57148096.00
2017/10/13	8.18	8.23	8.11	8.21	5263150	45415952.00
2017/10/16	8.21	8.28	7.99	8.02	8226001	70654920.00
2017/10/17	8.02	8.13	7.97	8.00	4557600	38670604.00
2017/10/18	7.98	8.06	7.77	7.79	6646937	55555660.00
2017/10/19	7.79	7.83	7.66	7.69	5907649	48287808.00
2017/10/20	7.69	7.76	7.65	7.74	5305905	43295992.00
2017/10/23	7.75	7.82	7.70	7.78	5500805	45153488.00
2017/10/24	7.76	7.77	7.63	7.68	5737416	46700408.00
2017/10/25	7.68	7.80	7.68	7.80	4883226	39918836.00
2017/10/26	7.78	7.84	7.73	7.83	5996600	49402720.00
2017/10/27	7.83	7.86	7.71	7.80	5925500	48768676.00
2017/10/30	7.78	7.79	7.40	7.64	8360954	67295976.00
2017/10/31	7.60	7.71	7.56	7.70	5988071	48341640.00
2017/11/01	7.67	7.74	7.64	7.72	6042773	49155168.00
2017/11/02	7.70	7.72	7.63	7.70	7670367	62304500.00
2017/11/03	7.65	7.70	7.54	7.57	4527588	36430096.00
2017/11/06	7.71	7.83	7.62	7.80	13116682	107125008.00
2017/11/07	7.84	7.88	7.75	7.87	15272350	126338752.00
2017/11/08	7.75	7.96	7.63	7.86	26271629	217492656.00
2017/11/09	7.77	7.77	7.64	7.71	9509100	77422064.00
2017/11/10	7.71	7.73	7.57	7.73	11248724	91116176.00
2017/11/13	7.72	7.76	7.63	7.71	11139925	90668128.00
2017/11/14	7.73	7.75	7.63	7.65	10241700	83338104.00
2017/11/15	7.61	7.70	7.59	7.69	6711252	54324056.00
2017/11/16	7.65	7.73	7.65	7.70	5952483	48483036.00
2017/11/17	7.69	7.71	7.31	7.33	10504282	83370144.00
2017/11/20	7.33	7.37	7.09	7.36	6046748	46346984.00
2017/11/21	7.36	7.53	7.31	7.52	6373510	50231732.00
2017/11/22	7.48	7.61	7.43	7.57	6817805	54228284.00
2017/11/23	7.57	7.62	7.39	7.40	5111575	40639800.00
2017/11/24	7.43	7.49	7.32	7.33	4734732	37058844.00
2017/11/27	7.33	7.41	7.27	7.29	5913096	46112044.00
2017/11/28	7.29	7.55	7.26	7.53	6995600	55193604.00
2017/11/29	7.52	7.55	7.39	7.55	7229233	57395784.00
2017/11/30	7.54	7.59	7.45	7.55	5975251	47588292.00
2017/12/01	7.53	7.53	7.45	7.50	5723445	45436128.00
2017/12/04	7.47	7.47	7.24	7.26	5759806	44870112.00
2017/12/05	7.25	7.26	6.65	6.76	11579792	85849120.00
2017/12/06	6.76	6.87	6.70	6.86	4998170	36044948.00
2017/12/07	6.85	6.92	6.75	6.84	3775616	27569356.00
2017/12/08	6.81	6.89	6.74	6.85	3480740	25326372.00
2017/12/11	6.80	6.88	6.80	6.86	3046400	22245630.00
2017/12/12	6.86	6.86	6.71	6.71	4247039	30696472.00
2017/12/13	6.69	6.73	6.66	6.72	2996688	21415026.00
2017/12/14	6.70	6.74	6.66	6.68	2928055	20915350.00
2017/12/15	6.69	6.70	6.65	6.67	2841550	20230890.00
2017/12/18	6.67	6.75	6.65	6.74	3240658	23139470.00
2017/12/19	6.74	6.76	6.70	6.75	3099307	22262658.00
2017/12/20	6.76	6.76	6.66	6.67	2710605	19359396.00
2017/12/21	6.73	7.05	6.70	6.84	8758752	64161200.00
2017/12/22	6.77	6.84	6.74	6.79	3954278	28608338.00
2017/12/25	6.78	6.79	6.67	6.67	3212324	22988148.00
2017/12/26	6.67	6.73	6.62	6.68	2953835	20999298.00
2017/12/27	6.71	6.73	6.60	6.62	3599471	25629678.00
2017/12/28	6.60	6.66	6.59	6.64	3011706	21353400.00
2017/12/29	6.65	6.67	6.55	6.64	3421681	24166224.00
2018/01/02	6.65	6.78	6.64	6.76	4829580	34626808.00
2018/01/03	6.74	6.82	6.73	6.80	5025568	36383888.00
2018/01/04	6.80	6.89	6.76	6.83	5091548	37117124.00
2018/01/05	6.79	6.89	6.78	6.86	4217782	30776490.00
2018/01/08	6.83	6.87	6.77	6.84	3915144	28418960.00
2018/01/09	6.81	6.87	6.75	6.77	3817982	27676216.00
2018/01/10	6.80	6.82	6.66	6.69	3395373	24422850.00
2018/01/11	6.68	6.83	6.65	6.80	3637705	26157684.00
2018/01/12	6.82	6.83	6.73	6.77	2773761	20049662.00
2018/01/15	6.74	6.75	6.45	6.54	7744127	54358564.00
2018/01/16	6.53	6.60	6.47	6.53	3200031	22316170.00
2018/01/17	6.55	6.62	6.43	6.60	3970681	27803122.00
2018/01/18	6.65	6.67	6.58	6.63	3598963	25460424.00
2018/01/19	6.58	6.66	6.54	6.56	3446650	24294546.00
2018/01/22	6.57	6.67	6.57	6.65	3974522	28158806.00
2018/01/23	6.63	6.66	6.58	6.63	3484191	24637618.00
2018/01/24	6.63	6.67	6.59	6.66	3802505	26966160.00
2018/01/25	6.67	6.82	6.66	6.74	6987039	50222668.00
2018/01/26	6.73	6.74	6.65	6.67	3640000	25981846.00
2018/01/29	6.69	6.74	6.63	6.65	3828800	27347020.00
2018/01/30	6.66	6.76	6.66	6.75	5233456	37527664.00
2018/01/31	6.69	6.73	6.48	6.56	5712714	40204460.00
2018/02/01	6.60	6.63	5.93	6.01	9169001	61660100.00
2018/02/02	5.91	6.10	5.85	6.05	4301438	27733798.00
2018/02/05	5.91	6.05	5.85	6.01	3262503	21006568.00
2018/02/06	5.90	5.96	5.46	5.47	9382250	57349024.00
2018/02/07	5.56	5.61	5.20	5.45	5474421	32374056.00
2018/02/08	5.45	5.57	5.35	5.53	3186945	19000134.00
2018/02/09	5.40	5.41	5.17	5.26	5157730	29626680.00
2018/02/12	5.29	5.47	5.27	5.43	3230997	18859294.00
2018/02/13	5.48	5.49	5.39	5.40	2646550	15593068.00
2018/02/14	5.40	5.45	5.35	5.42	2186250	12815616.00
2018/02/22	5.46	5.50	5.44	5.46	3572800	21138354.00
2018/02/23	5.45	5.55	5.45	5.52	3721810	22150554.00
2018/02/26	5.56	5.63	5.53	5.62	5406724	32658518.00
2018/02/27	5.62	5.65	5.59	5.64	3829950	23250704.00
2018/02/28	5.62	5.80	5.55	5.70	6509937	39799612.00
2018/03/01	5.63	5.75	5.58	5.71	5478818	33593376.00
2018/03/02	5.68	5.70	5.63	5.65	3959005	24200602.00
2018/03/05	5.64	5.69	5.60	5.64	2537767	15464051.00
2018/03/06	5.66	5.75	5.65	5.75	4861601	29956126.00
2018/03/07	5.75	5.75	5.65	5.66	3497150	21516782.00
2018/03/08	5.60	5.77	5.60	5.75	4582436	28238612.00
2018/03/09	5.77	5.85	5.69	5.85	6466796	40324060.00
2018/03/12	5.96	6.48	5.96	6.48	15435223	104091888.00
2018/03/13	6.69	6.69	6.37	6.37	20419037	142086384.00
2018/03/14	6.35	6.45	6.27	6.33	9151857	62248052.00
2018/03/15	6.27	6.44	6.18	6.27	7313888	49372352.00
2018/03/16	6.23	6.48	6.21	6.33	7274827	49600996.00
2018/03/19	6.27	6.32	6.15	6.21	7568248	50300400.00
2018/03/20	6.11	6.18	6.05	6.16	4406877	28943750.00
2018/03/21	6.16	6.22	6.05	6.06	4585480	30197524.00
2018/03/22	6.07	6.12	5.96	6.10	3716399	24116962.00
2018/03/23	6.01	6.04	5.64	5.70	9609055	60542472.00
2018/03/26	5.78	5.95	5.78	5.95	8741667	55299328.00
2018/03/27	5.90	6.40	5.90	6.15	11000362	72364040.00
2018/03/28	6.04	6.09	5.98	6.02	6489932	42110200.00
2018/03/29	6.01	6.18	5.95	6.13	6660789	43511860.00
2018/03/30	6.18	6.34	6.17	6.22	9957803	66651792.00
2018/04/02	6.40	6.44	6.13	6.13	9999400	67514568.00
2018/04/03	6.09	6.09	5.95	6.07	5568457	36074452.00
2018/04/04	6.09	6.26	6.01	6.09	6442690	42591400.00
2018/04/09	6.02	6.12	5.97	6.10	4938866	32166704.00
2018/04/10	6.09	6.38	6.09	6.30	11162741	74917072.00
2018/04/11	6.40	6.45	6.27	6.33	10475641	71124784.00
2018/04/12	6.35	6.43	6.25	6.28	6818355	46299296.00
2018/04/13	6.26	6.50	6.24	6.41	11161527	76652840.00
2018/04/16	6.40	6.43	6.28	6.34	6252051	42469004.00
2018/04/17	6.34	6.48	6.18	6.21	6124098	41397816.00
2018/04/18	6.35	6.39	6.15	6.33	6089350	40985124.00
2018/04/19	6.32	6.41	6.29	6.33	5960422	40550612.00
2018/04/20	6.33	6.33	5.92	5.93	10115005	66205872.00
2018/04/23	5.92	6.06	5.86	5.93	4714500	30198754.00
2018/04/24	5.99	6.57	5.99	6.57	15303652	106429216.00
2018/04/25	6.80	6.92	6.48	6.53	40921376	293437312.00
2018/04/26	6.48	6.80	6.36	6.63	29886523	211631600.00
2018/04/27	6.66	6.71	6.50	6.53	13534501	95103248.00
2018/05/02	6.52	6.60	6.37	6.50	10492848	72496616.00
2018/05/03	6.45	6.62	6.37	6.62	11340320	78680480.00
2018/05/04	6.57	6.63	6.48	6.57	9192466	64365704.00
2018/05/07	6.62	6.71	6.51	6.66	11504564	81414496.00
2018/05/08	6.62	6.85	6.62	6.76	15925585	114754984.00
2018/05/09	6.71	6.80	6.67	6.78	10691796	76746248.00
2018/05/10	6.80	7.02	6.73	6.83	15414435	112829944.00
2018/05/11	6.78	6.83	6.67	6.67	8803595	63164684.00
2018/05/14	6.65	6.75	6.53	6.56	7652249	54098180.00
2018/05/15	6.54	6.78	6.50	6.76	7473337	53046100.00
2018/05/16	6.72	6.76	6.65	6.65	4882025	34976784.00
2018/05/17	6.69	6.73	6.60	6.66	3836469	27272518.00
2018/05/18	6.65	6.83	6.60	6.78	9702544	69860928.00
2018/05/21	6.91	6.97	6.80	6.88	11724782	85749696.00
2018/05/22	6.82	6.99	6.82	6.96	9926668	73269616.00
2018/05/23	6.99	6.99	6.75	6.77	8675890	63501704.00
2018/05/24	6.74	6.87	6.74	6.82	5597390	40713240.00
2018/05/25	6.82	6.85	6.71	6.77	4639716	33457760.00
2018/05/28	6.80	6.84	6.46	6.47	9007324	64158960.00
2018/05/29	6.38	6.69	6.38	6.55	9149106	64114380.00
2018/05/30	6.46	6.58	6.29	6.31	9024810	62278032.00
2018/05/31	6.37	6.58	6.37	6.57	6428040	44693628.00
2018/06/01	6.57	6.72	6.51	6.56	5697732	39287736.00
2018/06/04	6.56	6.69	6.56	6.60	4091642	28358446.00
2018/06/05	6.59	6.78	6.59	6.74	5976694	41862644.00
2018/06/06	6.74	6.77	6.59	6.66	7881748	54837520.00
2018/06/07	6.65	6.72	6.61	6.63	3990479	27803942.00
2018/06/08	6.62	6.62	6.36	6.40	6699289	45089912.00
2018/06/11	6.40	6.93	6.38	6.68	11569095	80636128.00
2018/06/12	6.68	6.82	6.60	6.76	9216631	64655008.00
2018/06/13	6.75	6.85	6.64	6.64	7482697	52459036.00
2018/06/14	6.56	6.70	6.46	6.70	8468744	58055892.00
2018/06/15	6.64	6.68	6.41	6.54	6470875	44293604.00
2018/06/19	6.43	6.49	5.86	6.00	13479768	85928832.00
2018/06/20	6.00	6.11	5.90	6.06	5222198	32808078.00
2018/06/21	6.04	6.25	5.81	5.83	6266599	39773700.00
2018/06/22	5.70	5.94	5.67	5.74	8593363	52260660.00
2018/06/25	5.80	5.83	5.62	5.63	9162463	54953648.00
2018/06/26	5.60	5.66	5.50	5.64	4811966	28325876.00
2018/06/27	5.62	5.75	5.60	5.61	4328538	25864266.00
2018/06/28	5.61	5.71	5.55	5.56	3436411	20379634.00
2018/06/29	5.64	5.76	5.56	5.72	5062914	30299942.00
2018/07/02	5.75	5.76	5.54	5.57	4095721	24375222.00
2018/07/03	5.53	5.72	5.45	5.71	4760785	28094026.00
2018/07/04	5.72	5.97	5.70	5.76	8044082	49224436.00
2018/07/05	5.76	5.76	5.50	5.51	5192767	30733466.00
2018/07/06	5.52	5.60	5.35	5.45	5811950	33583280.00
2018/07/09	5.47	5.66	5.47	5.64	3532640	20817350.00
2018/07/10	5.66	5.77	5.62	5.68	4772053	28640198.00
2018/07/11	5.63	5.63	5.50	5.61	3181900	18666052.00
2018/07/12	5.61	5.79	5.58	5.75	5074129	30550278.00
2018/07/13	5.73	5.89	5.72	5.83	5197805	31739816.00
2018/07/16	5.84	5.87	5.74	5.77	3394541	20677624.00
2018/07/17	5.77	5.81	5.63	5.72	3788103	22813652.00
2018/07/18	5.75	5.79	5.68	5.69	3073859	18563324.00
2018/07/19	5.70	5.78	5.67	5.68	3389989	20405202.00
2018/07/20	5.67	5.79	5.63	5.76	3853063	23174364.00
2018/07/23	5.76	5.88	5.71	5.87	5421095	33131332.00
2018/07/24	5.87	6.15	5.84	5.93	7906708	49709168.00
2018/07/25	5.90	6.07	5.87	6.00	6399473	40133244.00
2018/07/26	5.98	6.00	5.88	5.91	5532626	34481152.00
2018/07/27	5.91	5.97	5.85	5.88	4205323	26166810.00
2018/07/30	5.84	5.99	5.84	5.97	4775524	29799452.00
2018/07/31	5.96	5.96	5.86	5.89	3065588	18999276.00
2018/08/01	5.91	5.95	5.76	5.76	3431287	21149166.00
2018/08/02	5.76	5.82	5.48	5.59	5563537	32835984.00
2018/08/03	5.59	5.66	5.52	5.54	2494622	14701757.00
2018/08/06	5.51	5.61	5.38	5.55	3752227	21951014.00
2018/08/07	5.58	5.75	5.55	5.72	3054585	18212256.00
2018/08/08	5.72	5.92	5.68	5.87	7113297	43684288.00
2018/08/09	5.85	5.94	5.77	5.89	5110143	31522996.00
2018/08/10	5.89	5.91	5.84	5.89	3116350	19247974.00
2018/08/13	5.83	6.05	5.82	6.05	7057102	44206928.00
2018/08/14	6.10	6.28	6.10	6.10	14807085	95870320.00
2018/08/15	6.17	6.28	6.10	6.14	9287564	60236116.00
2018/08/16	6.02	6.22	5.96	6.06	5889792	37846488.00
2018/08/17	6.09	6.17	5.94	5.98	5847840	37044108.00
2018/08/20	6.03	6.06	5.88	6.03	4489115	28169734.00
2018/08/21	6.03	6.12	6.00	6.05	4874194	31012428.00
2018/08/22	6.10	6.11	5.97	6.00	2877580	18264078.00
2018/08/23	5.97	6.05	5.92	6.04	3315690	20880564.00
2018/08/24	6.02	6.04	5.90	5.92	3399564	21237828.00
2018/08/27	5.93	6.14	5.93	6.13	5969794	37945792.00
2018/08/28	6.16	6.16	6.03	6.12	5839752	37303560.00
2018/08/29	6.09	6.12	6.05	6.08	2544840	16232010.00
2018/08/30	6.06	6.12	6.00	6.01	4449846	28266664.00
2018/08/31	6.04	6.05	5.96	5.96	2955944	18602472.00
2018/09/03	5.96	5.96	5.62	5.82	6175640	37529880.00
2018/09/04	5.82	5.99	5.78	5.95	5314447	32920550.00
2018/09/05	5.93	6.01	5.78	5.80	4009577	24873012.00
2018/09/06	5.82	6.05	5.79	5.95	5029001	31477634.00
2018/09/07	5.99	6.03	5.87	5.88	4567016	28437532.00
2018/09/10	5.90	5.94	5.82	5.86	2894600	17868954.00
2018/09/11	5.82	5.86	5.72	5.83	5094077	31019346.00
2018/09/12	5.80	5.90	5.74	5.85	2681670	16456541.00
2018/09/13	5.92	6.06	5.84	6.00	5758969	36014452.00
2018/09/14	5.99	6.00	5.78	5.80	11621356	71421568.00
2018/09/17	5.77	5.86	5.73	5.78	4634397	28273242.00
2018/09/18	5.78	5.93	5.77	5.89	2808715	17318070.00
2018/09/19	5.87	6.01	5.87	6.00	5076452	31815720.00
2018/09/20	6.00	6.04	5.95	5.97	4513134	28425944.00
2018/09/21	5.98	6.24	5.98	6.22	12807667	81916752.00
2018/09/25	6.36	6.71	6.25	6.29	18039094	121306944.00
2018/09/26	6.32	6.42	6.20	6.20	9780201	64572660.00
2018/09/27	6.22	6.33	6.07	6.08	9604984	62284396.00
2018/09/28	6.14	6.18	6.04	6.10	6913722	44305128.00
2018/10/08	6.08	6.09	5.92	5.97	8404125	53034732.00
2018/10/09	5.98	6.09	5.94	6.07	4540800	28716422.00
2018/10/10	6.05	6.11	5.95	6.05	5028005	31809288.00
2018/10/11	5.93	5.94	5.55	5.70	15009445	91319400.00
2018/10/12	5.55	5.73	5.43	5.64	6112305	36133480.00
2018/10/15	5.70	5.70	5.45	5.47	4882787	28665672.00
2018/10/16	5.47	5.56	5.06	5.13	6888412	38503676.00
2018/10/17	5.28	5.29	5.06	5.16	7020000	38294460.00
2018/10/18	5.10	5.28	5.08	5.12	5405089	29596296.00
2018/10/19	5.11	5.24	4.90	5.21	4189712	22611540.00
2018/10/22	5.25	5.55	5.25	5.43	6552131	37312440.00
2018/10/23	5.50	5.63	5.37	5.39	7999076	46334048.00
2018/10/24	5.35	5.53	5.35	5.41	4910476	28233476.00
2018/10/25	5.27	5.48	5.21	5.45	4187143	23845964.00
2018/10/26	5.46	5.58	5.43	5.48	4245992	24604654.00
2018/10/29	5.45	5.49	5.33	5.37	4986300	28427174.00
2018/10/30	5.33	5.51	5.31	5.44	4072506	23284454.00
2018/10/31	5.48	6.01	5.44	5.87	20015253	123029880.00
2018/11/01	5.86	6.00	5.72	5.74	12241014	75289888.00
2018/11/02	5.83	5.90	5.73	5.89	7847923	47925196.00
2018/11/05	6.00	6.05	5.83	5.92	8152906	50613840.00
2018/11/06	5.86	6.29	5.84	6.20	14069198	89934392.00
2018/11/07	6.17	6.35	6.05	6.09	11352183	73636920.00
2018/11/08	6.17	6.23	6.04	6.06	4608250	29564732.00
2018/11/09	6.03	6.12	6.01	6.07	2730569	17371500.00
2018/11/12	6.06	6.39	5.95	6.25	10238179	66338980.00
2018/11/13	6.17	6.33	6.10	6.22	6878558	44851972.00
2018/11/14	6.23	6.35	6.12	6.16	7531434	49272348.00
2018/11/15	6.16	6.46	6.13	6.40	10879175	72343408.00
2018/11/16	6.38	6.55	6.36	6.40	8227057	55510200.00
2018/11/19	6.35	6.48	6.30	6.43	6417088	42995284.00
2018/11/20	6.35	6.46	6.20	6.30	6737351	44664976.00
2018/11/21	6.23	6.28	6.12	6.20	5793579	37595916.00
2018/11/22	6.18	6.34	6.14	6.23	3698307	24195234.00
2018/11/23	6.20	6.26	5.95	6.05	5506976	35196320.00
2018/11/26	6.00	6.12	5.96	6.02	3618464	23008392.00
2018/11/27	6.02	6.19	6.02	6.17	3595734	23096658.00
2018/11/28	6.20	6.20	6.03	6.17	2985078	19175852.00
2018/11/29	6.17	6.45	6.11	6.20	7813727	51486772.00
2018/11/30	6.21	6.22	5.98	6.21	6369695	40609276.00
2018/12/03	6.24	6.39	6.24	6.33	8120737	53675448.00
2018/12/04	6.29	6.34	6.25	6.32	4891093	32253852.00
2018/12/05	6.18	6.32	6.14	6.26	4064843	26582150.00
2018/12/06	6.25	6.28	6.05	6.06	4694887	30305140.00
2018/12/07	6.06	6.17	6.05	6.06	3454537	22140494.00
2018/12/10	6.09	6.39	6.08	6.18	6987405	45577172.00
2018/12/11	6.12	6.20	6.10	6.13	4017165	25858754.00
2018/12/12	6.13	6.22	6.10	6.10	2347902	15134401.00
2018/12/13	6.10	6.18	6.05	6.16	3622318	23268494.00
2018/12/14	6.15	6.17	5.94	5.95	4323065	27409384.00
2018/12/17	5.97	6.04	5.93	5.99	3031400	19017042.00
2018/12/18	5.95	6.08	5.92	6.04	4043293	25489244.00
2018/12/19	6.05	6.08	5.98	5.98	2441093	15434819.00
2018/12/20	6.00	6.02	5.91	5.99	1953456	12255295.00
2018/12/21	5.92	6.00	5.74	5.85	3826894	23541608.00
2018/12/24	5.85	5.98	5.85	5.96	2699859	16840896.00
2018/12/25	5.98	6.01	5.80	5.99	3619406	22451946.00
2018/12/26	5.97	6.06	5.95	6.00	2401583	15166668.00
2018/12/27	6.06	6.13	5.82	5.82	3519196	22110524.00
2018/12/28	5.87	6.07	5.85	6.04	4928629	31057592.00
2019/01/02	6.02	6.10	6.01	6.08	2989490	19032312.00
2019/01/03	6.08	6.27	6.06	6.22	6468061	42062780.00
2019/01/04	6.19	6.35	6.12	6.33	6035593	39614280.00
2019/01/07	6.37	6.66	6.31	6.60	14537322	99279880.00
2019/01/08	6.49	6.61	6.41	6.51	10382436	70552872.00
2019/01/09	6.44	6.54	6.40	6.44	8858446	60003964.00
2019/01/10	6.46	6.51	6.34	6.39	6317855	42525388.00
2019/01/11	6.38	6.45	6.35	6.42	3340903	22392560.00
2019/01/14	6.43	6.65	6.41	6.56	12754246	87387360.00
2019/01/15	6.55	6.65	6.43	6.56	6825031	46773524.00
2019/01/16	6.56	6.66	6.45	6.48	6384193	43708128.00
2019/01/17	6.49	6.53	6.40	6.47	5121995	34606564.00
2019/01/18	6.45	6.45	6.13	6.24	12317576	80858192.00
2019/01/21	6.23	6.36	6.20	6.27	7087359	46559080.00
2019/01/22	6.25	6.30	6.12	6.17	5657183	36752316.00
2019/01/23	6.15	6.29	6.11	6.28	4531876	29566682.00
2019/01/24	6.26	6.28	6.07	6.21	8219829	53171948.00
2019/01/25	6.22	6.35	6.15	6.27	7958361	52299816.00
2019/01/28	6.34	6.55	6.25	6.26	9566945	64104332.00
2019/01/29	6.27	6.54	6.14	6.50	16142414	108540648.00
2019/01/30	6.52	6.66	6.41	6.58	18344043	125644392.00
2019/01/31	6.52	6.57	6.37	6.47	15828454	106675024.00
2019/02/01	6.44	6.74	6.39	6.73	17918605	124283992.00
2019/02/11	6.71	7.02	6.71	6.89	28471477	204153888.00
2019/02/12	6.83	6.91	6.79	6.90	12140841	86892640.00
2019/02/13	7.05	7.07	6.80	6.86	21993412	158671312.00
2019/02/14	6.85	6.92	6.77	6.88	11326995	81184624.00
2019/02/15	6.86	6.97	6.78	6.78	10679981	76297648.00
2019/02/18	6.78	6.94	6.78	6.93	18130975	130041768.00
2019/02/19	6.93	7.07	6.85	7.02	19912727	144549072.00
2019/02/20	7.01	7.02	6.80	6.87	14432794	103828416.00
2019/02/21	6.85	6.94	6.73	6.77	16994764	121102992.00
2019/02/22	6.75	6.89	6.71	6.88	11841913	84098224.00
2019/02/25	6.95	7.30	6.88	7.19	29932961	220435056.00
2019/02/26	7.14	7.63	7.08	7.32	38294170	293533280.00
2019/02/27	7.24	7.40	7.15	7.25	20698290	157180576.00
2019/02/28	7.25	7.54	7.25	7.31	19269916	148136560.00
2019/03/01	7.39	7.50	7.25	7.47	16166251	124127752.00
2019/03/04	7.53	7.68	7.42	7.43	31946270	250838208.00
2019/03/05	7.38	7.71	7.30	7.61	25828396	201766032.00
2019/03/06	7.58	7.92	7.56	7.91	34975809	282679872.00
2019/03/07	7.93	7.93	7.69	7.75	28895179	233214976.00
2019/03/08	7.60	7.61	7.11	7.15	29199782	224523200.00
2019/03/11	7.16	7.76	7.16	7.70	26896922	210324480.00
2019/03/12	7.79	8.18	7.68	8.01	49150741	405593248.00
2019/03/13	7.95	8.15	7.70	7.80	29121630	237289216.00
2019/03/14	7.75	7.96	7.50	7.63	19050181	152369200.00
2019/03/15	7.64	7.82	7.61	7.66	12363337	98916352.00
2019/03/18	7.78	8.04	7.75	8.01	28876385	236528624.00
2019/03/19	8.40	8.82	8.23	8.25	63310501	552736256.00
2019/03/20	8.33	8.38	7.93	8.06	31734659	266858128.00
2019/03/21	8.06	8.24	7.99	8.16	29972554	252427424.00
2019/03/22	8.16	8.16	7.88	7.97	21609529	178937056.00
2019/03/25	7.79	8.20	7.75	7.99	24516005	203651888.00
2019/03/26	8.22	8.22	7.79	7.81	17889709	147474992.00
2019/03/27	7.85	7.90	7.73	7.82	12090942	97820448.00
2019/03/28	7.80	7.95	7.70	7.72	12370200	100633528.00
2019/03/29	7.75	7.96	7.61	7.96	18123517	147267216.00
2019/04/01	8.01	8.65	8.01	8.41	35645460	307128544.00
2019/04/02	8.48	8.58	8.30	8.33	27520057	239773616.00
2019/04/03	8.29	8.44	8.23	8.36	16327531	141417584.00
2019/04/04	8.37	8.44	8.16	8.24	21142387	181474864.00
2019/04/08	8.34	8.64	8.30	8.64	34620218	303361824.00
2019/04/09	8.66	8.66	8.36	8.46	19857268	174028128.00
2019/04/10	8.37	8.58	8.25	8.47	14296664	124378760.00
2019/04/11	8.60	8.60	8.15	8.17	16232506	140347360.00
2019/04/12	8.17	8.36	8.16	8.31	12067913	103391216.00
2019/04/15	8.41	8.48	8.27	8.29	11753506	101852880.00
2019/04/16	8.29	8.47	8.20	8.47	12261575	106028448.00
2019/04/17	8.45	8.53	8.38	8.53	15273168	133811704.00
2019/04/18	8.50	8.52	8.30	8.30	13134677	110533968.00
2019/04/19	8.27	8.33	8.00	8.15	16140760	131149128.00
2019/04/22	8.15	8.22	8.07	8.11	11382769	92661400.00
2019/04/23	8.16	8.18	7.84	7.85	12416844	99093456.00
2019/04/24	7.88	8.01	7.85	7.94	8549940	67611544.00
2019/04/25	7.90	8.03	7.55	7.62	14502438	113645088.00
2019/04/26	7.58	7.66	7.39	7.42	14921638	111454848.00
2019/04/29	7.45	7.54	7.38	7.39	10728748	79988456.00
2019/04/30	7.37	7.49	7.31	7.42	7723645	57480244.00
2019/05/06	7.16	7.30	6.71	6.86	16130770	113862184.00
2019/05/07	6.98	7.08	6.86	7.03	8671116	60554292.00
2019/05/08	6.82	7.08	6.79	6.97	7704456	53743168.00
2019/05/09	6.89	7.11	6.83	7.06	6994759	48988808.00
2019/05/10	7.06	7.28	7.00	7.27	10562300	75783576.00
2019/05/13	7.08	7.22	7.00	7.14	5589263	39874828.00
2019/05/14	7.06	7.17	7.01	7.01	5379650	38145904.00
2019/05/15	7.05	7.17	7.05	7.15	5713602	40716788.00
2019/05/16	7.15	7.25	7.11	7.17	6436163	46215992.00
2019/05/17	7.18	7.22	6.86	6.91	8403234	59270072.00
2019/05/20	6.91	7.09	6.80	7.09	6684345	46630220.00
2019/05/21	7.06	7.18	7.02	7.17	6859664	48926120.00
2019/05/22	7.17	7.19	7.02	7.07	5165601	36721704.00
2019/05/23	7.07	7.12	6.93	6.95	5597756	39319840.00
2019/05/24	6.95	7.04	6.85	6.89	5341400	36925720.00
2019/05/27	6.89	7.12	6.83	7.10	5076767	35662304.00
2019/05/28	7.12	7.25	7.11	7.16	6749366	48470236.00
2019/05/29	7.13	7.25	7.11	7.18	4718132	34015856.00
2019/05/30	7.19	7.26	7.14	7.26	7175246	51827084.00
2019/05/31	7.26	7.33	7.12	7.15	6256751	45076084.00
2019/06/03	7.15	7.19	6.99	7.09	5585278	39515140.00
2019/06/04	7.03	7.09	6.93	6.96	4577064	31983028.00
2019/06/05	7.00	7.08	6.96	6.96	3086100	21661088.00
2019/06/06	7.01	7.05	6.85	6.90	5410893	37656516.00
2019/06/10	6.92	7.01	6.84	6.95	3869228	26817860.00
2019/06/11	7.01	7.20	7.00	7.19	7295937	52013788.00
2019/06/12	7.18	7.25	7.12	7.15	6023188	43312184.00
2019/06/13	7.18	7.28	7.14	7.28	6860400	49357748.00
2019/06/14	7.46	7.58	7.12	7.14	10273111	75144296.00
2019/06/17	7.06	7.17	7.01	7.13	5783450	41177992.00
2019/06/18	7.13	7.27	7.07	7.23	5619176	40462932.00
2019/06/19	7.35	7.39	7.24	7.24	7041294	51452276.00
2019/06/20	7.23	7.37	7.17	7.34	7927171	58004012.00
2019/06/21	7.33	7.47	7.32	7.39	7895812	58564900.00
2019/06/24	7.39	7.67	7.39	7.55	13131767	99073984.00
2019/06/25	7.53	7.53	7.35	7.41	8262836	61314840.00
2019/06/26	7.35	7.57	7.35	7.43	6049115	45128052.00
2019/06/27	7.53	7.53	7.40	7.43	5727155	42731316.00
2019/06/28	7.43	7.45	7.25	7.31	6185200	45296936.00
2019/07/01	7.44	7.54	7.39	7.48	6507352	48589320.00
2019/07/02	7.49	7.58	7.43	7.46	5193314	38912088.00
2019/07/03	7.42	7.49	7.41	7.44	4763921	35524044.00
2019/07/04	7.46	7.53	7.30	7.37	5579687	41376584.00
2019/07/05	7.37	7.58	7.35	7.56	7029460	52716892.00
2019/07/08	7.55	7.58	7.11	7.14	8922349	64885168.00
2019/07/09	7.15	7.28	7.15	7.24	5071681	36651664.00
2019/07/10	7.47	7.50	7.34	7.37	7946628	58846488.00
2019/07/11	7.37	7.57	7.37	7.51	8474178	63543952.00
2019/07/12	7.50	7.53	7.34	7.45	4522312	33713768.00
2019/07/15	7.50	7.63	7.30	7.61	10268737	77165536.00
2019/07/16	7.56	7.78	7.56	7.72	11372404	87650928.00
2019/07/17	7.73	7.82	7.67	7.73	8877326	68826152.00
2019/07/18	7.70	7.83	7.60	7.65	9158123	70729976.00
2019/07/19	7.72	7.90	7.70	7.83	9954189	77830728.00
2019/07/22	7.81	7.83	7.56	7.65	11037661	84835200.00
2019/07/23	7.67	7.79	7.63	7.77	7623300	58848600.00
2019/07/24	7.77	7.85	7.65	7.68	10159784	78788032.00
2019/07/25	7.74	7.81	7.64	7.68	7285407	56298640.00
2019/07/26	7.63	7.76	7.59	7.73	5295238	40720588.00
2019/07/29	7.79	7.79	7.61	7.66	5766200	44249828.00
2019/07/30	7.68	7.71	7.59	7.61	5617050	42864916.00
2019/07/31	7.57	7.59	7.39	7.41	8423851	62792576.00
2019/08/01	7.41	7.54	7.39	7.50	5691963	42577508.00
2019/08/02	7.37	7.37	7.15	7.21	8941039	64804556.00
2019/08/05	7.20	7.33	7.19	7.24	6658622	48324276.00
2019/08/06	7.28	7.28	6.80	6.93	11858154	82135368.00
2019/08/07	6.93	7.01	6.86	6.89	5355014	37036124.00
2019/08/08	6.88	6.95	6.85	6.88	4301902	29647918.00
2019/08/09	6.95	6.95	6.66	6.70	6210367	42100856.00
2019/08/12	6.70	6.82	6.66	6.81	5947632	40086100.00
2019/08/13	6.74	6.81	6.70	6.78	3198491	21632552.00
2019/08/14	6.87	6.88	6.80	6.80	3239900	22152166.00
2019/08/15	6.59	6.77	6.52	6.74	4673099	31133908.00
2019/08/16	6.74	6.83	6.74	6.76	4594732	31213910.00
2019/08/19	6.80	6.97	6.80	6.96	5363912	37101704.00
2019/08/20	6.96	7.04	6.92	6.95	4504680	31440654.00
2019/08/21	6.92	7.00	6.90	6.97	3857816	26850736.00
2019/08/22	6.97	7.05	6.90	6.99	3673981	25579928.00
2019/08/23	6.98	6.99	6.91	6.94	3188805	22144098.00
2019/08/26	6.84	6.98	6.79	6.97	5283568	36431296.00
2019/08/27	7.10	7.11	7.00	7.04	6587517	46410920.00
2019/08/28	7.07	7.50	7.06	7.50	18498759	135485600.00
2019/08/29	7.44	7.47	7.31	7.37	9200760	67841888.00
2019/08/30	7.38	7.44	7.28	7.33	6196377	45520604.00
2019/09/02	7.33	7.55	7.31	7.54	10719041	80350520.00
2019/09/03	7.52	7.63	7.50	7.57	8931250	67538832.00
2019/09/04	7.58	7.84	7.58	7.73	12915398	99771944.00
2019/09/05	7.73	7.99	7.73	7.83	16560342	130459056.00
2019/09/06	7.95	7.96	7.82	7.90	9132465	72014144.00
2019/09/09	7.90	8.08	7.88	8.05	14213557	113665728.00
2019/09/10	8.05	8.12	7.95	8.02	8332352	66784280.00
2019/09/11	8.06	8.09	7.94	8.04	8606639	68919024.00
2019/09/12	8.04	8.07	7.87	8.00	9349526	74577200.00
2019/09/16	8.00	8.13	7.96	8.01	8603081	69308824.00
2019/09/17	8.00	8.03	7.75	7.83	10341443	81134528.00
2019/09/18	7.86	7.93	7.76	7.85	7810990	61113440.00
2019/09/19	7.85	7.90	7.73	7.90	5874550	45992132.00
2019/09/20	7.90	7.99	7.88	7.91	5789310	45911356.00
2019/09/23	7.96	8.07	7.78	7.86	8693213	68776872.00
2019/09/24	7.91	8.19	7.85	8.09	12754464	102959368.00
2019/09/25	8.09	8.12	7.77	7.80	13190669	104122168.00
2019/09/26	7.80	8.46	7.79	8.05	30730702	252037520.00
2019/09/27	8.08	8.16	7.63	7.71	21581430	168905216.00
2019/09/30	7.71	7.87	7.60	7.65	9332064	71797760.00
2019/10/08	7.65	7.70	7.52	7.65	9557572	72608768.00
2019/10/09	8.01	8.42	7.88	8.42	30079086	247635760.00
2019/10/10	8.75	8.85	8.43	8.67	54692272	471277472.00
2019/10/11	8.59	8.66	8.26	8.33	36031735	302732352.00
2019/10/14	8.42	8.51	8.28	8.31	24405339	204572704.00
2019/10/15	8.21	8.40	8.20	8.35	13637021	113515784.00
2019/10/16	8.30	8.36	8.21	8.24	11287136	93440712.00
2019/10/17	8.24	8.36	8.15	8.22	11484357	94557360.00
2019/10/18	8.34	8.52	8.26	8.36	20428452	171228048.00
2019/10/21	8.31	8.34	7.77	7.87	21940676	174848848.00
2019/10/22	7.88	8.02	7.85	7.91	8544494	67688776.00
2019/10/23	7.95	7.95	7.74	7.77	7099550	55424852.00
2019/10/24	7.74	7.88	7.71	7.86	6216358	48491532.00
2019/10/25	7.80	7.86	7.75	7.82	5889814	45939576.00
2019/10/28	7.87	7.93	7.81	7.89	9502400	74781688.00
2019/10/29	7.89	7.89	7.78	7.81	7456327	58297936.00
2019/10/30	7.98	8.01	7.79	7.84	14179278	112041576.00
2019/10/31	7.89	8.26	7.89	8.16	20915987	169757616.00
2019/11/01	8.15	8.25	8.02	8.18	13601272	110722200.00
2019/11/04	8.19	8.44	8.19	8.34	16248336	135336416.00
2019/11/05	8.38	8.50	8.26	8.44	12209087	102377920.00
2019/11/06	8.44	8.51	8.34	8.38	8916270	75066912.00
2019/11/07	8.47	8.76	8.45	8.55	21080230	181615536.00
2019/11/08	8.65	8.84	8.57	8.60	21795393	189322720.00
2019/11/11	8.50	8.69	8.41	8.43	15254903	130067872.00
2019/11/12	8.40	8.82	8.40	8.60	19464444	167571200.00
2019/11/13	8.59	8.79	8.30	8.72	16729860	144228256.00
2019/11/14	8.67	8.67	8.39	8.49	16696458	141941280.00
2019/11/15	8.50	8.60	8.36	8.36	9724740	82347064.00
2019/11/18	8.30	9.20	8.30	9.20	40989483	364640448.00
2019/11/19	9.10	9.14	8.85	9.03	35723116	319784896.00
2019/11/20	9.00	9.00	8.72	8.74	25001894	220379664.00
2019/11/21	8.70	8.80	8.56	8.80	15116599	131233880.00
2019/11/22	8.79	8.83	8.51	8.54	19390323	167791520.00
2019/11/25	8.54	8.90	8.53	8.81	25576985	224584848.00
2019/11/26	8.74	8.75	8.42	8.51	19818276	169416704.00
2019/11/27	8.62	8.64	8.45	8.49	12243595	104380712.00
2019/11/28	8.45	8.65	8.45	8.51	11276480	96444128.00
2019/11/29	8.49	8.64	8.37	8.61	10935434	93135208.00
2019/12/02	8.57	8.85	8.56	8.80	17853367	156312928.00
2019/12/03	8.70	8.75	8.54	8.72	10799700	93399984.00
2019/12/04	8.70	8.70	8.38	8.41	17133279	145608624.00
2019/12/05	8.41	8.53	8.37	8.50	11323382	95793200.00
2019/12/06	8.51	8.65	8.47	8.63	11175300	96019440.00
2019/12/09	8.66	8.81	8.61	8.75	15615002	136542384.00
2019/12/10	8.74	9.00	8.71	8.95	21299132	189578448.00
2019/12/11	9.02	9.16	8.85	9.05	23406573	211915056.00
2019/12/12	9.08	9.32	8.95	9.18	26664276	244387152.00
2019/12/13	9.29	9.37	9.14	9.33	20108241	186423664.00
2019/12/16	9.32	9.39	9.19	9.34	17309758	160681408.00
2019/12/17	9.34	9.43	9.20	9.28	20826108	193444384.00
2019/12/18	9.38	9.38	9.15	9.21	13332276	123096536.00
2019/12/19	9.22	9.35	9.19	9.29	9797835	90714744.00
2019/12/20	9.29	9.35	9.13	9.13	9876578	90952320.00
2019/12/23	9.10	9.20	8.96	8.96	10491625	95185352.00
2019/12/24	9.03	9.31	8.97	9.27	11407779	104722024.00
2019/12/25	9.27	9.41	9.15	9.33	11547733	107189432.00
2019/12/26	9.25	9.33	9.15	9.27	10487951	96767480.00
2019/12/27	9.27	9.28	9.07	9.09	12711377	116462024.00
2019/12/30	9.09	9.59	9.04	9.49	30420255	286037184.00
2019/12/31	9.48	9.48	9.26	9.38	18814095	176069872.00
2020/01/02	9.46	9.60	9.39	9.46	20064050	190129712.00
2020/01/03	9.46	9.88	9.43	9.78	25375817	246795216.00
2020/01/06	9.73	10.14	9.65	9.81	28456651	281885664.00
2020/01/07	9.87	9.96	9.75	9.94	18433498	182134864.00
2020/01/08	9.89	9.94	9.60	9.61	19526695	190061152.00
2020/01/09	9.72	9.85	9.68	9.76	13351265	130562360.00
2020/01/10	9.78	9.98	9.73	9.86	14537942	143482784.00
2020/01/13	9.87	9.99	9.68	9.98	16979257	166985488.00
2020/01/14	10.00	10.05	9.86	9.88	13249018	131557776.00
2020/01/15	9.92	9.95	9.72	9.82	9684731	94918920.00
2020/01/16	9.80	9.83	9.66	9.71	8357567	81211192.00
2020/01/17	9.71	9.92	9.70	9.89	12174746	120032984.00
数据来源:通达信
