002223 鱼跃医疗 日线 前复权
      日期	    开盘	    最高	    最低	    收盘	    成交量	    成交额
2013/09/02	11.14	11.34	11.11	11.31	1339793	26831562.00
2013/09/03	11.34	11.71	11.31	11.62	2667122	54884152.00
2013/09/04	11.65	11.89	11.61	11.85	3327712	69545424.00
2013/09/05	11.83	12.11	11.69	12.11	4424781	93915688.00
2013/09/06	12.02	12.47	12.01	12.41	6673708	145509888.00
2013/09/09	12.38	12.38	11.87	12.02	5513457	117869848.00
2013/09/10	12.03	12.08	11.67	11.77	4469368	93422584.00
2013/09/11	11.77	11.86	11.27	11.29	4306954	87531336.00
2013/09/12	11.29	11.56	11.29	11.43	3034305	61487216.00
2013/09/13	11.44	11.48	11.01	11.13	5391896	106819736.00
2013/09/16	11.32	11.62	11.23	11.51	6631156	134867840.00
2013/09/17	11.41	11.51	11.11	11.38	4118064	83033296.00
2013/09/18	11.38	12.27	11.38	12.15	9881744	208343696.00
2013/09/23	12.11	12.50	11.98	12.19	9138655	196921840.00
2013/09/24	12.22	12.68	12.13	12.63	9180018	201613008.00
2013/09/25	12.56	12.85	12.34	12.55	5705823	126537584.00
2013/09/26	12.45	13.77	12.39	13.20	12019833	279972416.00
2013/09/27	13.29	14.41	13.29	14.26	10853324	266928880.00
2013/09/30	14.14	14.80	13.81	14.60	7271523	183505856.00
2013/10/08	14.50	14.60	14.26	14.28	5366264	135205888.00
2013/10/09	14.29	15.23	14.23	15.14	6319877	164380960.00
2013/10/10	15.00	15.46	14.40	14.59	6150262	159231264.00
2013/10/11	14.65	14.80	14.06	14.47	7513643	187729456.00
2013/10/14	14.41	14.72	14.06	14.55	8637765	216889904.00
2013/10/15	15.17	15.93	14.26	14.31	14495657	379168352.00
2013/10/16	14.14	14.17	13.43	13.89	9103126	219758800.00
2013/10/17	14.07	14.56	13.86	13.98	5692169	141499328.00
2013/10/18	13.95	14.37	13.88	14.04	3616446	89634384.00
2013/10/21	14.06	15.09	13.96	14.67	8518392	219967984.00
2013/10/22	14.79	15.46	14.62	15.08	9235755	242694384.00
2013/10/23	15.03	15.03	13.96	14.08	7368309	185426896.00
2013/10/24	14.08	14.20	13.71	13.77	4690080	114642024.00
2013/10/25	13.69	13.86	12.97	13.22	5026072	118419376.00
2013/10/28	12.93	12.93	12.29	12.62	9261492	205963984.00
2013/10/29	12.63	13.21	12.26	12.96	7623762	172306784.00
2013/10/30	12.92	13.25	12.65	13.23	3688142	84659264.00
2013/10/31	13.06	13.17	12.50	12.65	3368196	76206904.00
2013/11/01	12.50	12.74	12.02	12.45	3328313	72865736.00
2013/11/04	12.47	13.07	12.47	12.98	5072265	115327584.00
2013/11/05	13.03	13.34	12.62	13.14	4076194	93901296.00
2013/11/06	13.15	13.33	12.91	12.94	2494804	57823032.00
2013/11/07	12.80	12.99	12.44	12.94	3482216	78007936.00
2013/11/08	12.74	12.98	12.63	12.90	2496973	56523968.00
2013/11/11	12.99	13.38	12.78	13.29	3971373	91750704.00
2013/11/12	13.28	14.09	13.17	14.08	7005963	169188592.00
2013/11/13	14.18	14.18	13.77	13.83	4691900	114990624.00
2013/11/14	13.75	14.17	13.61	13.97	4368307	107056208.00
2013/11/15	13.97	14.12	13.84	14.07	6615248	162578016.00
2013/11/18	14.14	14.98	13.96	14.57	8392879	210974976.00
2013/11/19	14.63	14.64	13.96	13.97	5203636	129536632.00
2013/11/20	13.97	14.06	13.46	13.78	7079145	170019264.00
2013/11/21	13.66	13.89	13.47	13.85	3060311	73759184.00
2013/11/22	13.80	14.06	13.53	13.56	4128330	100220336.00
2013/11/25	13.47	13.86	13.30	13.71	2941983	70647456.00
2013/11/26	13.71	14.33	13.59	14.14	5621283	139116576.00
2013/11/27	14.20	14.23	13.86	14.17	4036781	99581504.00
2013/11/28	14.17	14.35	14.11	14.17	3724054	92944504.00
2013/11/29	14.32	14.42	14.18	14.27	3087426	77269600.00
2013/12/02	14.01	14.01	13.23	13.32	4817220	115070520.00
2013/12/03	13.17	13.60	13.14	13.48	1680100	39701840.00
2013/12/04	13.48	13.76	13.46	13.47	2695848	64573416.00
2013/12/05	13.46	13.52	13.18	13.23	2366982	55331664.00
2013/12/06	13.29	13.71	13.29	13.58	2271933	54218320.00
2013/12/09	13.87	14.35	13.77	14.25	8148855	202015904.00
2013/12/10	14.25	14.28	13.88	14.13	3529804	87433056.00
2013/12/11	14.13	14.17	13.58	13.72	4268648	103210368.00
2013/12/12	13.65	13.98	13.65	13.73	1729848	42119156.00
2013/12/13	13.80	13.80	13.30	13.58	3289913	78194040.00
2013/12/16	13.58	13.61	13.16	13.23	2524618	59094752.00
2013/12/17	13.23	13.40	12.91	12.99	2692024	62139676.00
2013/12/18	12.92	13.15	12.88	13.08	1535491	35248800.00
2013/12/19	13.08	13.21	12.92	13.01	1270791	29234968.00
2013/12/20	12.97	13.17	12.92	12.97	1521032	34870000.00
2013/12/23	13.10	13.33	12.74	13.26	2363416	54343828.00
2013/12/24	13.23	13.32	12.88	13.01	2245415	51877816.00
2013/12/25	12.92	13.14	12.92	13.09	2313504	53055792.00
2013/12/26	13.14	13.14	12.38	12.38	6381978	142181712.00
2013/12/27	12.38	12.71	12.26	12.63	4985376	110468792.00
2013/12/30	12.69	13.02	12.66	12.94	3404697	77614024.00
2013/12/31	12.92	13.04	12.82	12.95	2399440	54776800.00
2014/01/02	13.14	13.28	12.98	13.12	3134244	72458264.00
2014/01/03	13.13	13.14	12.62	12.89	3827810	86673496.00
2014/01/06	12.86	12.89	12.58	12.65	2276421	50975540.00
2014/01/07	12.46	13.45	12.46	13.28	5210135	120397304.00
2014/01/08	13.28	13.59	13.15	13.31	4868163	114305760.00
2014/01/09	13.31	13.95	13.18	13.50	8120695	194823712.00
2014/01/10	13.51	13.94	13.41	13.69	4904081	118249408.00
2014/01/13	13.63	14.32	13.54	14.29	7735996	192163984.00
2014/01/14	14.27	15.76	14.08	15.09	9763757	255164672.00
2014/01/15	15.11	15.28	14.73	14.99	6061638	158594928.00
2014/01/16	14.95	15.35	14.69	15.14	5095192	133804632.00
2014/01/17	15.09	15.22	14.64	15.14	3462942	90737184.00
2014/01/20	15.09	15.10	14.02	14.21	4736652	120321560.00
2014/01/21	14.25	14.55	13.89	14.34	4776352	119207464.00
2014/01/22	14.26	14.80	14.24	14.79	4776353	122849968.00
2014/01/23	14.78	15.09	14.65	14.83	4039309	104930728.00
2014/01/24	14.83	16.17	14.77	16.02	11351464	312844256.00
2014/01/27	15.89	16.77	15.62	16.44	6432034	183196096.00
2014/01/28	16.38	16.40	15.77	16.17	4115721	115294936.00
2014/01/29	16.08	16.74	15.96	16.46	3314616	95143824.00
2014/01/30	16.49	16.50	15.94	16.07	2121460	59533056.00
2014/02/07	15.94	17.28	15.67	17.05	4493545	130330728.00
2014/02/10	17.22	17.86	16.83	16.95	6064178	182518400.00
2014/02/11	17.20	18.74	17.20	17.68	11078069	347059840.00
2014/04/24	15.83	15.83	15.83	15.83	1485400	40982184.00
2014/04/25	14.20	15.10	14.15	14.15	24521996	613124032.00
2014/04/28	13.64	13.94	12.93	13.06	16914550	398407456.00
2014/04/29	13.14	13.62	13.14	13.49	7918431	187081664.00
2014/04/30	13.33	13.78	13.33	13.59	4122347	98204328.00
2014/05/05	13.59	13.62	12.75	13.42	6111787	142029616.00
2014/05/06	13.26	13.86	13.12	13.80	4979482	118999808.00
2014/05/07	13.76	14.35	13.66	14.21	9992504	248165008.00
2014/05/08	13.97	14.29	13.83	13.95	4278249	105370440.00
2014/05/09	14.02	14.02	13.44	13.47	4366480	104705776.00
2014/05/12	13.53	13.60	12.43	13.17	5319428	121218040.00
2014/05/13	13.16	13.40	12.93	13.30	2570081	59877384.00
2014/05/14	13.30	13.76	13.20	13.74	2967466	70880656.00
2014/05/15	13.66	13.74	13.11	13.49	3792204	88746512.00
2014/05/16	13.33	13.74	13.24	13.71	2294221	54812872.00
2014/05/19	13.95	14.02	13.35	13.44	1421436	33850360.00
2014/05/20	13.26	13.69	13.26	13.65	2049534	48740152.00
2014/05/21	13.65	13.70	13.36	13.66	1423880	34109276.00
2014/05/22	13.68	15.12	13.67	14.49	5712333	145514336.00
2014/05/23	14.40	14.84	14.26	14.75	2777133	71129144.00
2014/05/26	14.86	15.11	14.59	14.82	3200990	82840424.00
2014/05/27	14.80	15.02	14.66	14.66	2382572	61631340.00
2014/05/28	14.80	15.27	14.56	15.03	3611999	94282464.00
2014/05/29	15.04	15.44	14.74	14.80	2913936	76908376.00
2014/05/30	14.64	14.71	14.34	14.57	2712681	68826304.00
2014/06/03	14.55	14.68	14.20	14.25	1445734	36521560.00
2014/06/04	14.29	14.41	13.97	14.00	1787393	44242984.00
2014/06/05	14.06	14.26	13.89	14.26	2443231	60233960.00
2014/06/06	14.26	14.74	14.11	14.73	3503921	88692600.00
2014/06/09	14.73	14.89	14.61	14.85	3345764	86465784.00
2014/06/10	14.85	14.96	14.51	14.85	2379094	61641076.00
2014/06/11	14.74	15.21	14.72	15.04	3260367	85662928.00
2014/06/12	15.04	15.07	14.63	14.67	3054591	78902384.00
2014/06/13	14.66	14.97	14.56	14.83	2388806	62021936.00
2014/06/16	14.86	14.93	14.62	14.65	1919252	49438412.00
2014/06/17	14.71	14.85	14.25	14.37	2666824	67466960.00
2014/06/18	14.32	14.35	13.71	13.81	4001428	97151728.00
2014/06/19	13.85	14.15	13.84	13.93	2454784	60065964.00
2014/06/20	13.94	14.15	13.83	14.09	1094253	26745780.00
2014/06/23	14.12	14.25	14.05	14.16	1651473	40910128.00
2014/06/24	14.08	14.25	14.08	14.19	1928125	47770052.00
2014/06/25	14.14	14.19	13.41	14.08	2011356	48817528.00
2014/06/26	14.05	14.24	13.91	14.01	2519244	61837944.00
2014/06/27	14.04	14.08	13.82	13.89	1571355	38196628.00
2014/06/30	13.89	13.98	13.74	13.86	1943447	47179440.00
2014/07/01	13.94	14.40	13.89	14.31	6591395	164364496.00
2014/07/02	14.32	14.41	14.14	14.38	2815956	70319024.00
2014/07/03	14.42	14.97	14.39	14.86	4337614	112034112.00
2014/07/04	14.86	14.97	14.63	14.80	2852172	73714952.00
2014/07/07	14.83	15.04	14.74	14.98	3746842	97479112.00
2014/07/08	14.99	15.11	14.77	14.93	2587459	67218200.00
2014/07/09	14.89	14.92	14.41	14.56	2983054	76436760.00
2014/07/10	14.55	14.71	14.45	14.53	1537178	39081128.00
2014/07/11	14.53	14.98	14.51	14.95	2258534	58009480.00
2014/07/14	14.93	15.11	14.81	15.11	2513519	65714132.00
2014/07/15	15.11	15.11	14.72	14.86	1890463	49052236.00
2014/07/16	14.76	14.98	14.52	14.54	1287065	32889554.00
2014/07/17	14.51	15.03	14.47	14.95	3100072	80374848.00
2014/07/18	14.92	15.04	14.68	14.74	1606198	41596296.00
2014/07/21	14.74	14.74	14.06	14.28	3623847	90742328.00
2014/07/22	14.26	14.53	14.23	14.37	1713134	42922596.00
2014/07/23	14.37	14.62	14.12	14.47	3967700	99648776.00
2014/07/24	14.48	14.54	14.00	14.20	3606407	89676488.00
2014/07/25	14.26	14.26	13.89	14.01	1963992	48190840.00
2014/07/28	14.03	14.29	13.94	14.11	4316982	106243536.00
2014/07/29	14.12	14.49	14.11	14.48	3350624	83836696.00
2014/07/30	14.66	15.13	14.52	15.13	6368996	165542704.00
2014/07/31	15.14	15.82	15.12	15.57	8782224	237882544.00
2014/08/01	15.62	16.65	15.45	15.78	6776219	188402560.00
2014/08/04	15.91	16.02	15.43	15.85	4205541	114732184.00
2014/08/05	15.82	16.20	15.74	16.11	6001589	167352560.00
2014/08/06	16.02	17.22	16.02	16.57	7349601	211819200.00
2014/08/07	16.57	16.71	16.19	16.23	6162021	175491248.00
2014/08/08	16.23	17.11	16.23	17.01	6145271	179089568.00
2014/08/11	17.04	17.26	16.59	16.74	6296471	184117488.00
2014/08/12	16.98	16.98	16.42	16.59	4867432	140417216.00
2014/08/25	16.62	16.67	14.93	15.82	17509570	478215328.00
2014/08/26	15.64	16.44	15.50	16.15	7790182	218015568.00
2014/08/27	16.35	16.61	15.95	16.19	5586123	157328384.00
2014/08/28	16.14	16.25	15.85	15.89	2340972	65028828.00
2014/08/29	15.89	16.18	15.83	16.01	1876417	51952768.00
2014/09/01	16.05	16.41	16.05	16.23	5453415	153387232.00
2014/09/02	16.24	17.17	16.15	16.83	6782122	195655632.00
2014/09/03	16.89	17.47	16.88	17.16	6752682	200927408.00
2014/09/04	17.18	17.33	16.67	16.83	6627421	192688048.00
2014/09/05	17.05	17.11	16.79	16.92	3986894	116737536.00
2014/09/09	16.85	16.98	16.68	16.74	4528323	131651176.00
2014/09/10	16.74	16.89	16.58	16.80	3983299	115218016.00
2014/09/11	16.85	17.04	16.73	16.83	6117622	178666992.00
2014/09/12	16.82	16.82	16.15	16.78	4051745	116049456.00
2014/09/15	16.74	17.34	16.56	17.25	6316757	186794848.00
2014/09/16	17.26	17.59	16.26	16.55	6770792	198857232.00
2014/09/17	17.05	17.05	16.26	16.72	5855847	167929344.00
2014/09/18	16.62	16.97	16.43	16.87	5669791	164954480.00
2014/09/19	16.89	17.11	16.68	17.02	4738910	139225952.00
2014/09/22	17.03	17.06	16.43	16.44	5039469	145149552.00
2014/09/23	16.44	16.58	15.95	16.42	4167641	117570824.00
2014/09/24	16.38	16.50	16.14	16.41	2801375	79496136.00
2014/09/25	16.41	16.52	16.20	16.22	3338368	94709896.00
2014/09/26	16.18	16.37	15.98	16.21	2754269	77041760.00
2014/09/29	16.21	16.29	16.03	16.25	3755398	105425072.00
2014/09/30	16.25	16.78	16.14	16.74	5913239	169203136.00
2014/10/08	16.85	17.03	16.49	16.99	5651218	164289696.00
2014/10/09	17.06	17.20	16.53	16.86	4772660	139343136.00
2014/10/10	16.85	17.05	16.58	16.96	4134774	120708704.00
2014/10/13	16.98	17.05	16.56	16.73	3276766	94892296.00
2014/10/14	16.69	16.94	16.38	16.55	3328867	96483672.00
2014/10/15	16.46	16.85	16.38	16.63	3968551	114243248.00
2014/10/16	16.62	17.19	16.44	17.04	8147813	238560192.00
2014/10/17	16.98	17.20	16.47	16.56	5568746	161502960.00
2014/10/20	16.59	16.98	16.42	16.62	5363065	154522832.00
2014/10/21	16.61	16.67	16.31	16.31	4255063	121304496.00
2014/10/22	16.25	16.35	15.95	16.02	4414880	123780032.00
2014/10/23	15.98	16.35	15.52	16.33	5315045	146587488.00
2014/10/24	16.23	16.41	15.85	15.97	1904420	53351764.00
2014/10/27	15.92	16.13	15.49	16.11	2197925	60107392.00
2014/10/28	16.02	16.24	16.02	16.14	4503829	126099464.00
2014/10/29	16.25	16.29	16.08	16.25	3333168	93575512.00
2014/10/30	16.43	16.86	16.35	16.50	7052370	203048208.00
2014/10/31	16.43	16.50	16.14	16.35	4182067	118234424.00
2014/11/03	16.32	16.45	16.20	16.38	3238580	91709704.00
2014/11/04	16.38	16.43	15.95	15.99	3333006	93234544.00
2014/11/05	15.99	16.00	15.68	15.82	3310071	90940392.00
2014/11/06	15.83	15.93	15.60	15.75	3138751	85753888.00
2014/11/07	15.81	15.97	15.63	15.71	2821558	77450680.00
2014/11/10	15.83	15.92	15.67	15.83	3465812	95085920.00
2014/11/11	15.85	15.91	14.88	15.02	6314057	168184256.00
2014/11/12	14.92	15.32	14.92	15.31	3577185	94438504.00
2014/11/13	15.28	15.28	14.71	14.90	4512254	116955296.00
2014/11/14	14.84	15.00	14.56	14.96	2091153	53974364.00
2014/11/17	14.96	15.26	14.86	15.23	2213355	58319208.00
2014/11/18	15.32	15.32	15.05	15.20	1447650	38202436.00
2014/11/19	15.17	15.26	15.00	15.08	2101862	55420980.00
2014/11/20	15.02	15.02	14.75	14.86	1587031	41185836.00
2014/11/21	14.97	14.99	14.76	14.98	1620635	42143740.00
2014/11/24	15.17	15.18	14.84	14.89	4830137	125542104.00
2014/11/25	14.94	15.48	14.88	15.47	6251168	165014848.00
2014/11/26	15.48	15.52	15.11	15.29	5111861	135839712.00
2014/11/27	15.34	15.38	15.06	15.11	5603473	147802208.00
2014/11/28	15.17	15.59	15.11	15.52	6853656	183651088.00
2014/12/01	15.53	15.60	15.05	15.34	6000469	158797904.00
2014/12/02	15.23	15.38	15.17	15.26	3840532	102181472.00
2014/12/03	15.32	15.73	14.92	15.59	10067329	267833568.00
2014/12/04	15.57	15.89	15.44	15.79	7313218	200093904.00
2014/12/05	15.77	15.77	15.05	15.35	5862167	157372528.00
2014/12/08	15.34	15.34	14.98	15.02	8261717	217000480.00
2014/12/09	15.02	15.25	14.85	14.86	7702715	201134192.00
2014/12/10	14.62	15.28	14.62	15.16	4373661	115168104.00
2014/12/11	15.09	15.73	14.98	15.52	7331014	197403392.00
2014/12/12	15.70	15.77	15.40	15.47	4437758	119879920.00
2014/12/15	15.60	16.43	15.56	16.28	12286707	344638016.00
2014/12/16	16.29	16.85	16.07	16.14	8634237	245476160.00
2014/12/17	15.92	16.77	15.90	16.46	10193620	291082784.00
2014/12/18	16.44	16.86	16.15	16.38	7175341	205169104.00
2014/12/19	16.38	16.62	15.95	16.13	5473440	154198704.00
2014/12/22	16.14	16.14	14.86	15.33	5895092	156974352.00
2014/12/23	15.34	15.48	14.88	14.94	4343287	113910264.00
2014/12/24	14.96	15.20	14.89	15.06	2962493	77517352.00
2014/12/25	15.17	15.17	14.90	15.03	2632472	68675680.00
2014/12/26	15.03	15.53	14.92	15.53	3626145	95168880.00
2014/12/29	15.43	15.43	14.97	15.04	4064190	106518192.00
2014/12/30	15.02	15.02	13.90	13.91	7510112	189364576.00
2014/12/31	13.89	14.55	13.89	14.29	4029076	100282064.00
2015/01/05	14.28	14.40	13.88	14.28	4948554	122370624.00
2015/01/06	14.28	15.08	14.08	14.92	6435123	165714032.00
2015/01/07	14.98	15.03	14.63	14.82	3260595	83968552.00
2015/01/08	14.74	14.95	14.67	14.70	2790243	72066208.00
2015/01/09	14.71	15.12	14.71	14.92	4429260	115497376.00
2015/01/12	14.86	15.14	14.72	15.03	2855769	74349760.00
2015/01/13	14.95	15.15	14.86	15.02	2650165	69327320.00
2015/01/14	14.99	15.06	14.77	14.92	2026382	52761924.00
2015/01/15	14.83	15.47	14.83	15.20	3760064	99718160.00
2015/01/16	15.40	15.45	14.96	15.14	2849907	74885568.00
2015/01/19	14.92	15.35	14.68	14.80	4767702	125077584.00
2015/01/20	14.83	16.18	14.83	16.18	12592444	346608384.00
2015/01/21	16.32	17.34	16.26	16.55	15956550	463722336.00
2015/01/22	16.55	17.05	16.31	17.05	9218349	266209200.00
2015/01/23	16.80	16.92	16.47	16.62	6994445	201853792.00
2015/01/26	16.62	17.02	16.47	16.69	5057530	146884304.00
2015/01/27	16.68	18.45	16.63	17.85	15872036	485514240.00
2015/01/28	17.60	18.20	17.41	17.48	4930403	151148848.00
2015/01/29	17.43	18.05	17.43	17.85	7380037	227063120.00
2015/01/30	17.85	18.05	17.05	17.34	5218013	157964496.00
2015/02/02	17.33	18.41	17.10	17.68	5649566	173965856.00
2015/02/03	17.70	18.08	17.41	17.62	3381858	103063256.00
2015/02/04	17.67	18.56	17.67	18.23	7018768	220724320.00
2015/02/05	18.26	19.96	18.24	19.17	12903032	428721536.00
2015/02/06	19.17	19.63	17.88	18.17	7894531	252258944.00
2015/02/09	18.02	18.60	17.35	17.41	7299212	225288528.00
2015/02/10	17.41	17.83	17.29	17.77	4070496	123264224.00
2015/02/11	17.78	18.44	17.54	18.12	4713409	147240768.00
2015/02/12	18.08	18.74	17.83	18.44	4279353	135311040.00
2015/02/13	18.58	18.80	18.15	18.41	4420074	141540688.00
2015/02/16	18.41	19.48	18.38	19.38	9236785	302097536.00
2015/02/17	19.40	19.82	18.79	19.47	8566982	284171872.00
2015/02/25	19.56	19.59	18.67	18.74	4497704	147860800.00
2015/02/26	18.81	18.98	17.76	18.01	13560977	422008224.00
2015/02/27	18.00	18.45	17.83	18.19	9895850	309674656.00
2015/03/02	18.08	18.72	17.86	18.44	9124286	287782688.00
2015/03/03	18.44	18.44	17.88	17.90	8717984	273154560.00
2015/03/04	17.90	18.62	17.89	18.55	13765761	432140832.00
2015/03/05	18.56	19.05	18.50	18.75	16703318	539894016.00
2015/03/06	18.76	19.09	17.95	17.96	9059402	287012064.00
2015/03/09	17.95	18.05	17.53	17.95	6792601	209150480.00
2015/03/10	17.97	18.62	17.95	18.61	12077191	383464640.00
2015/03/11	18.61	18.78	18.02	18.10	7315062	231837856.00
2015/03/12	18.02	18.10	17.45	17.70	9673316	294531520.00
2015/03/13	17.83	17.83	17.36	17.74	6144514	187046976.00
2015/03/16	17.74	18.47	17.74	18.41	10948241	344825824.00
2015/03/17	18.43	18.64	18.12	18.62	14382382	454828032.00
2015/03/18	18.62	19.82	18.43	19.66	19733691	651495168.00
2015/03/19	19.59	19.63	19.08	19.26	10186584	338796192.00
2015/03/20	19.23	19.65	19.05	19.29	8892460	296159872.00
2015/03/23	19.36	19.56	18.74	19.48	14721751	488167584.00
2015/03/24	19.49	19.49	18.19	18.92	17064200	556956352.00
2015/03/25	18.75	20.85	18.57	20.74	31424016	1064333376.00
2015/03/26	20.38	20.68	19.66	19.83	16242012	563074816.00
2015/03/27	19.96	20.84	19.83	20.44	10726247	375066240.00
2015/03/30	20.48	21.80	20.48	20.83	11594390	420467168.00
2015/03/31	20.69	21.47	20.38	21.22	12793556	460559136.00
2015/04/01	21.20	21.51	21.03	21.44	9788425	356004992.00
2015/04/02	21.65	22.11	21.11	21.44	12682865	469685696.00
2015/04/03	21.38	22.06	21.00	21.82	11822880	434592928.00
2015/04/07	21.90	23.23	21.72	22.85	16945803	655586880.00
2015/04/08	23.23	24.19	22.80	23.77	21790074	878063488.00
2015/04/09	23.65	25.46	22.51	25.41	24919310	1015407552.00
2015/04/10	25.86	28.03	25.35	28.03	24213524	1122685056.00
2015/04/13	28.78	30.08	27.65	28.86	30899807	1500021760.00
2015/04/14	28.92	28.95	27.47	28.20	16962173	809095104.00
2015/04/15	27.53	28.18	25.91	26.62	15801326	726475520.00
2015/04/16	26.14	28.58	24.53	27.94	18366541	864967104.00
2015/04/17	27.65	28.62	27.05	27.35	11433905	538082176.00
2015/04/20	30.14	30.15	27.35	27.92	28144168	1368577664.00
2015/04/21	27.92	28.86	26.14	28.60	15376053	721963200.00
2015/04/22	28.80	29.17	28.20	28.55	14895727	724284672.00
2015/04/23	28.53	28.92	27.70	27.95	13390712	640843392.00
2015/04/24	27.97	28.57	27.35	27.90	12533704	595282368.00
2015/04/27	28.00	28.56	27.26	27.38	13354701	629461440.00
2015/04/28	27.38	27.57	26.00	26.32	10991664	496075584.00
2015/04/29	26.24	26.97	26.14	26.86	7130137	324653536.00
2015/04/30	27.35	28.06	26.98	28.05	12431056	583582208.00
2015/05/04	27.95	28.32	27.04	28.02	10405530	494037536.00
2015/05/05	27.89	28.35	26.75	26.80	9462524	442258080.00
2015/05/06	26.86	27.70	26.49	26.81	6656976	307797216.00
2015/05/07	27.35	27.65	26.10	26.44	7587015	343929920.00
2015/05/08	26.56	28.59	26.56	28.20	12788318	598399552.00
2015/05/11	28.44	31.10	28.26	30.92	21257839	1071233280.00
2015/05/12	30.92	32.50	30.69	31.66	15566740	831529088.00
2015/05/13	31.29	34.68	30.38	33.65	16377303	904157952.00
2015/05/14	33.65	34.62	32.08	32.17	10876355	602685632.00
2015/05/15	32.11	32.11	30.31	31.23	10567433	559910272.00
2015/05/18	31.31	34.11	31.28	33.80	13719939	758555456.00
2015/05/19	33.65	35.21	32.38	34.27	12914222	731212224.00
2015/05/20	34.29	35.53	34.28	34.44	11884690	700208000.00
2015/05/21	35.17	37.47	34.50	37.30	15755015	874444032.00
2015/05/22	37.51	38.96	35.83	37.18	16183902	928809536.00
2015/05/25	36.20	36.87	34.70	36.10	14336124	792465856.00
2015/05/26	36.10	37.83	35.97	37.17	12435678	706908224.00
2015/05/27	37.30	37.31	35.77	35.89	15573188	867483840.00
2015/05/28	35.83	37.37	33.90	33.91	15078350	830550208.00
2015/05/29	33.83	35.24	32.37	34.13	14233282	749037632.00
2015/06/01	35.50	36.80	35.17	36.68	14447063	802460480.00
2015/06/02	37.17	39.91	36.81	39.67	16691683	990573824.00
2015/06/03	39.50	40.97	38.17	39.34	12778619	769300032.00
2015/06/04	39.33	40.90	35.33	38.51	11536871	680780288.00
2015/06/05	39.17	40.17	37.83	38.78	11363663	679693440.00
2015/06/08	39.25	40.17	37.84	39.15	13413531	798175360.00
2015/06/09	38.51	39.35	37.77	38.37	11970525	705571392.00
2015/06/10	38.01	42.29	37.40	42.29	18254070	1137486720.00
2015/06/11	43.17	44.83	41.90	44.29	14196935	953360512.00
2015/06/12	44.37	48.10	44.37	46.57	15538457	1100391552.00
2015/06/15	47.63	47.77	43.90	44.23	15274177	1055455552.00
2015/06/16	43.83	46.13	42.50	44.65	14415034	985093760.00
2015/06/17	44.67	45.03	41.50	44.47	10902282	721763584.00
2015/06/18	44.36	46.89	43.30	45.10	13736580	961217280.00
2015/06/19	44.43	45.30	40.51	41.82	15848743	1036025408.00
2015/06/23	41.83	43.70	37.55	43.43	18986498	1190176000.00
2015/06/24	43.50	44.89	41.83	43.97	10976852	733591424.00
2015/07/13	39.49	39.49	39.49	39.49	3084800	186568704.00
2015/07/14	35.45	35.45	35.45	35.45	3573900	194527376.00
2015/07/15	31.83	31.83	31.83	31.83	8344200	408782368.00
2015/07/16	28.56	31.83	28.56	30.56	61650178	2857179136.00
2015/07/17	30.13	32.73	29.20	31.85	33522424	1610654848.00
2015/07/20	31.29	32.70	30.57	31.24	27930369	1357337728.00
2015/07/21	30.69	32.17	30.17	31.70	20045697	965506880.00
2015/07/22	31.62	32.04	30.51	31.28	19970566	967220224.00
2015/07/23	31.41	33.90	30.94	33.36	22675008	1129229184.00
2015/07/24	33.73	33.81	31.33	31.77	22291571	1124257152.00
2015/07/27	31.63	31.63	28.51	28.51	17552745	819501888.00
2015/07/28	27.57	28.70	25.57	27.99	28034527	1158429696.00
2015/07/29	28.01	29.03	25.57	28.57	16329357	689547520.00
2015/07/30	28.43	28.43	25.78	26.70	14179293	602747904.00
2015/07/31	26.15	27.03	26.15	26.59	10675979	437376448.00
2015/08/03	26.10	26.50	23.97	24.64	18191522	702960704.00
2015/08/04	24.95	26.11	24.39	25.97	16265435	640668224.00
2015/08/05	25.81	26.90	25.17	25.83	12120804	492291136.00
2015/08/06	25.17	26.21	24.90	25.55	6554861	260861104.00
2015/08/07	25.97	27.77	25.75	27.63	14202974	588539968.00
2015/08/10	28.33	29.70	27.82	29.32	16562850	735947456.00
2015/08/11	29.09	29.89	28.37	28.59	14317260	644657728.00
2015/08/12	28.00	28.49	27.53	27.53	9251453	399471776.00
2015/08/13	27.51	27.90	26.63	27.90	12873558	542661312.00
2015/08/14	28.19	28.30	27.24	27.63	10453492	449773504.00
2015/08/17	27.42	27.43	26.21	27.29	11253316	465417344.00
2015/08/18	27.43	27.50	24.50	25.00	13409938	545058816.00
2015/08/19	24.75	25.10	22.51	24.83	21937464	819095744.00
2015/08/20	24.50	24.60	23.50	23.50	10875337	406255840.00
2015/08/21	23.10	23.43	21.83	21.85	10935069	383599264.00
2015/08/24	20.43	20.57	19.58	19.58	10109316	312263968.00
2015/08/25	17.54	18.57	17.54	17.54	18395619	515237536.00
2015/08/26	17.83	19.22	16.71	17.77	21756064	616266496.00
2015/08/27	18.51	19.55	18.31	19.55	21350699	633721408.00
2015/08/28	20.17	21.10	19.87	20.99	20255374	644177920.00
2015/08/31	20.50	20.53	19.19	19.31	13179485	409415712.00
2015/09/01	19.17	19.39	17.50	17.57	11917837	339589408.00
2015/09/02	16.50	19.08	16.50	18.63	18201664	520850304.00
2015/09/07	18.68	19.89	18.51	19.13	12266557	370113792.00
2015/09/08	19.03	20.57	18.50	20.51	10515794	320778816.00
2015/09/09	20.62	21.49	20.30	20.98	16260983	531416416.00
2015/09/10	20.43	21.01	19.84	19.90	8524094	272353952.00
2015/09/11	20.01	20.47	19.71	20.10	7774939	243117968.00
2015/09/14	20.37	20.47	18.01	18.01	10495998	309629600.00
2015/09/15	17.50	18.33	16.77	16.90	9756896	268238480.00
2015/09/16	17.29	18.67	17.23	18.67	10644139	299076960.00
2015/09/17	18.69	19.77	18.49	18.69	14859718	446487008.00
2015/09/18	18.92	19.75	18.42	19.51	9979746	298876352.00
2015/09/21	19.17	20.83	19.04	20.77	14074102	445320736.00
2015/09/22	20.69	21.02	20.10	20.30	10825793	345926880.00
2015/09/23	19.93	20.34	19.53	19.82	8312057	258547536.00
2015/09/24	20.02	20.33	19.70	20.07	8225771	257667776.00
2015/09/25	19.92	20.60	19.17	19.43	10251713	318675264.00
2015/09/28	19.60	20.49	18.85	20.40	8457265	263377696.00
2015/09/29	19.80	20.23	19.45	20.03	9140036	283549792.00
2015/09/30	20.10	21.97	20.08	21.56	16600377	544396096.00
2015/10/08	22.40	23.40	22.04	22.73	14047634	497583872.00
2015/10/09	22.73	22.81	22.11	22.57	8784487	306189728.00
2015/10/12	22.82	24.08	22.63	23.74	10992099	402606528.00
2015/10/13	23.51	23.90	23.31	23.66	7171881	262614032.00
2015/10/14	23.61	23.70	22.64	22.71	8373142	299293504.00
2015/10/15	22.51	23.47	22.43	23.35	9486762	339566528.00
2015/10/16	23.40	24.17	22.70	24.07	12983975	472767520.00
2015/10/19	24.18	24.67	23.00	23.30	17586871	649343744.00
2015/10/20	23.13	23.90	22.73	23.74	14769856	536121376.00
2015/10/21	23.83	25.15	22.59	22.96	27035025	1013464128.00
2015/10/22	23.70	25.34	23.70	25.34	23511084	908500160.00
2015/10/23	27.95	27.96	27.69	27.96	13293022	573766656.00
2015/10/26	29.17	29.80	26.51	27.96	55712461	2442549248.00
2015/10/27	27.24	30.84	26.55	29.82	44916590	2011919360.00
2015/10/28	28.70	29.34	27.27	27.66	37248064	1638775168.00
2015/10/29	28.03	29.02	27.83	28.02	23982295	1049040704.00
2015/10/30	27.83	27.83	26.56	26.93	19790323	831170368.00
2015/11/02	25.85	27.54	25.72	26.19	15387784	629917056.00
2015/11/03	26.23	26.49	25.43	25.99	11875992	477868992.00
2015/11/04	26.43	28.42	26.30	28.15	23921742	1019669312.00
2015/11/05	27.83	28.14	27.03	27.37	22130753	940176512.00
2015/11/06	27.30	28.06	27.21	27.69	17369540	743291200.00
2015/11/09	27.27	28.50	26.82	28.09	20799126	894006912.00
2015/11/10	27.83	29.33	27.72	28.35	21265719	939925568.00
2015/11/11	28.30	29.81	28.01	29.71	24932422	1112342144.00
2015/11/12	30.77	30.82	29.05	29.33	34322548	1583237632.00
2015/11/13	29.23	29.23	27.51	27.83	18821928	820072384.00
2015/11/16	27.17	28.23	26.87	28.23	10428552	446798048.00
2015/11/17	28.24	28.76	27.97	27.99	15786714	689616640.00
2015/11/18	27.83	28.22	26.57	26.65	12645299	534744768.00
2015/11/19	26.83	27.42	26.61	27.42	9409079	393021088.00
2015/11/20	27.45	28.07	27.45	27.72	11634706	499088832.00
2015/11/23	27.91	28.75	27.83	28.11	15564333	681136512.00
2015/11/24	27.93	28.02	27.23	27.69	9227555	392638560.00
2015/11/25	27.97	29.83	27.97	29.10	24798364	1109991680.00
2015/11/26	28.95	28.97	27.97	28.03	14964982	656807232.00
2015/11/27	27.73	27.73	25.37	25.63	17714501	730597888.00
2015/11/30	25.63	26.22	24.18	25.70	11718992	460338816.00
2015/12/01	25.65	26.08	25.09	25.49	9055434	358217792.00
2015/12/02	25.41	25.73	24.30	25.25	7337834	284629696.00
2015/12/03	25.37	25.90	25.34	25.90	7262157	288919072.00
2015/12/04	25.91	26.29	25.50	25.65	8262566	332297536.00
2015/12/07	25.80	25.99	25.27	25.89	6900621	274780416.00
2015/12/08	25.57	25.83	24.83	24.97	7378843	287647424.00
2015/12/09	24.70	25.09	24.47	24.60	5943944	228008256.00
2015/12/10	24.61	25.13	24.61	24.95	6226077	240847328.00
2015/12/11	24.96	25.10	24.50	24.63	4666443	179546416.00
2015/12/14	24.42	25.14	24.04	25.11	5578342	212136224.00
2015/12/15	25.42	26.13	25.29	25.69	8824687	351992864.00
2015/12/16	25.83	25.89	25.43	25.46	5477957	217226816.00
2015/12/17	25.55	26.15	25.55	26.10	8944563	358952544.00
2015/12/18	26.07	26.62	25.83	26.21	9306367	377476896.00
2015/12/21	26.05	26.47	25.95	26.33	7604122	308830176.00
2015/12/22	26.37	26.43	25.72	26.15	7714699	310957600.00
2015/12/23	26.15	26.35	25.73	25.79	6202249	249575584.00
2015/12/24	25.57	25.77	24.91	25.34	6631718	259722016.00
2015/12/25	25.31	25.65	25.17	25.51	5098463	200572160.00
2015/12/28	25.51	25.63	24.77	24.77	6479105	253325824.00
2015/12/29	24.76	24.96	24.59	24.95	4094085	157488400.00
2015/12/30	24.96	25.41	24.91	25.28	4544246	177724944.00
2015/12/31	25.43	25.43	24.76	24.80	4132927	160344592.00
2016/01/04	24.80	24.93	22.24	22.26	6669316	245304208.00
2016/01/05	21.21	22.69	20.50	21.76	9682634	328131008.00
2016/01/06	21.85	22.43	21.50	22.10	6082350	208297152.00
2016/01/07	21.77	21.77	19.83	19.85	2003745	64331140.00
2016/01/08	20.43	20.82	18.97	20.28	8363704	264154160.00
2016/01/11	19.85	20.27	18.20	18.41	8996984	270913280.00
2016/01/12	18.51	19.01	18.10	18.68	7795627	227051168.00
2016/01/13	18.96	19.05	17.92	17.92	5843755	170256064.00
2016/01/14	17.30	19.09	17.17	19.09	8456980	243028240.00
2016/01/15	19.02	19.05	17.99	18.35	7545506	219498192.00
2016/01/18	17.85	19.30	17.83	19.01	7835511	230430448.00
2016/01/19	18.79	20.10	18.77	19.89	8882406	269778336.00
2016/01/20	19.71	20.01	19.10	19.23	7813882	238352512.00
2016/01/21	19.17	19.71	18.72	18.72	7914741	238337744.00
2016/01/22	18.77	19.09	18.25	18.79	6515939	190876816.00
2016/01/25	19.07	19.15	18.51	18.77	4993981	147882432.00
2016/01/26	18.50	18.53	16.95	17.15	6660096	186245424.00
2016/01/27	17.23	17.29	16.09	16.60	10467873	274381984.00
2016/01/28	16.62	17.50	16.50	16.78	10613578	285094848.00
2016/01/29	16.80	17.95	16.80	17.83	7465124	205091712.00
2016/02/01	17.57	17.83	17.17	17.53	5736605	158227360.00
2016/02/02	17.60	18.47	17.53	18.21	5352082	152527280.00
2016/02/03	17.97	18.48	17.71	18.20	5328252	150825648.00
2016/02/04	18.07	18.63	18.07	18.41	6011627	173807760.00
2016/02/05	18.51	18.57	17.85	18.11	4759512	135971296.00
2016/02/15	17.63	18.85	17.30	18.70	5731562	164321472.00
2016/02/16	18.70	19.45	18.70	19.31	7416743	223169152.00
2016/02/17	19.17	19.35	18.77	19.30	6074961	181766704.00
2016/02/18	19.43	19.82	19.03	19.16	7630205	232282896.00
2016/02/19	18.97	19.37	18.91	19.11	4780687	142887040.00
2016/02/22	19.32	19.65	19.32	19.60	6712069	204833376.00
2016/02/23	19.61	19.63	18.92	19.12	5270577	158610672.00
2016/02/24	19.37	20.03	19.17	19.67	12415509	381686944.00
2016/02/25	19.48	19.61	17.62	17.62	10631447	308375424.00
2016/02/26	17.83	18.12	17.27	17.75	6715346	188101456.00
2016/02/29	17.94	17.96	16.40	16.65	7617795	202010336.00
2016/03/01	16.76	17.25	16.55	17.07	4973456	132617192.00
2016/03/02	17.15	18.22	17.07	17.95	7985341	220302896.00
2016/03/03	17.93	19.55	17.79	18.57	11814017	343500384.00
2016/03/04	18.32	18.60	17.24	18.22	8969972	253334480.00
2016/03/07	18.10	18.93	18.10	18.44	7477567	217533056.00
2016/03/08	18.45	18.45	17.24	18.19	6269204	175648656.00
2016/03/09	17.87	18.83	17.63	18.25	7455678	214917456.00
2016/03/10	18.17	18.40	17.57	17.66	5121729	143922288.00
2016/03/11	17.27	17.65	17.18	17.41	3851170	105196920.00
2016/03/14	17.70	18.53	17.70	18.22	7655859	218756336.00
2016/03/15	18.15	18.49	17.97	18.11	5296265	151249392.00
2016/03/16	18.25	18.46	17.71	17.77	5323881	151131072.00
2016/03/17	17.84	18.60	17.74	18.54	9231842	264579840.00
2016/03/18	18.60	19.49	18.55	19.30	13128998	392496288.00
2016/03/21	19.44	19.81	19.20	19.71	12658534	386526848.00
2016/03/22	19.77	20.87	19.62	20.13	17592629	559422208.00
2016/03/23	19.83	20.01	19.55	19.99	9614500	297533824.00
2016/03/24	19.80	20.23	19.49	19.53	10326554	319263520.00
2016/03/25	19.47	19.73	19.32	19.58	5406584	165290048.00
2016/03/28	19.83	20.13	19.38	19.43	7489714	231961664.00
2016/03/29	19.51	19.76	18.87	19.03	7593682	228450432.00
2016/03/30	19.26	19.92	19.26	19.83	9250893	283396000.00
2016/03/31	20.03	20.16	19.74	19.89	8823264	275514336.00
2016/04/01	19.84	19.84	19.17	19.50	7335474	223259616.00
2016/04/05	19.52	20.23	19.38	20.14	8794418	273649056.00
2016/04/06	20.01	20.42	19.91	20.27	8615593	271641248.00
2016/04/07	20.58	20.97	20.03	20.03	12667936	406231104.00
2016/04/08	19.75	19.83	19.42	19.71	6736281	206743088.00
2016/04/11	19.80	21.00	19.80	20.50	12031489	384063840.00
2016/04/12	20.62	20.89	20.24	20.54	9543313	305589504.00
2016/04/13	20.71	21.15	20.60	20.94	12093532	394030528.00
2016/04/14	21.37	21.50	20.65	20.87	11540704	377828608.00
2016/04/15	21.01	21.08	20.63	20.79	7045730	228884992.00
2016/04/18	20.63	20.63	20.20	20.24	5922280	188024512.00
2016/04/19	20.40	20.55	20.23	20.39	5773866	183832720.00
2016/04/20	20.41	20.60	18.75	19.19	11241475	344558688.00
2016/04/21	19.15	19.37	18.90	18.94	5060224	151838928.00
2016/04/22	18.93	19.56	18.83	19.50	6621286	199851536.00
2016/04/25	19.24	19.33	18.84	19.21	5659863	169355488.00
2016/04/26	19.27	19.39	18.99	19.33	4818233	144819616.00
2016/04/27	19.40	19.48	19.17	19.20	4965309	150219696.00
2016/04/28	19.13	19.20	18.53	18.96	6600569	195306896.00
2016/04/29	18.95	19.19	18.75	18.97	4976472	148410656.00
2016/05/03	19.09	19.77	18.95	19.69	6958327	212234144.00
2016/05/04	19.69	19.91	19.57	19.63	6568076	202484576.00
2016/05/05	19.64	19.75	19.41	19.71	4849725	148563440.00
2016/05/06	19.73	20.19	19.18	19.34	10952815	338515808.00
2016/05/09	19.17	19.17	18.12	18.30	8222702	239387872.00
2016/05/10	18.31	18.55	18.24	18.42	3479066	100158704.00
2016/05/11	18.53	18.83	18.17	18.63	5613849	163341328.00
2016/05/12	18.30	18.61	18.15	18.51	4120986	118840632.00
2016/05/13	18.55	18.69	18.30	18.39	3132853	90888464.00
2016/05/16	18.39	18.74	18.23	18.73	3445837	99942872.00
2016/05/17	18.73	20.39	18.64	19.97	14212891	435884320.00
2016/05/18	19.69	19.70	18.96	19.51	9376927	280432192.00
2016/05/19	19.35	19.82	19.18	19.27	6681520	201127872.00
2016/05/20	19.04	19.53	18.93	19.50	5861984	174750224.00
2016/05/23	19.43	19.99	19.43	19.73	7400510	226035696.00
2016/05/24	19.74	19.85	19.32	19.43	5151184	155033440.00
2016/05/25	19.73	19.79	19.31	19.42	4261979	128712120.00
2016/05/26	19.43	20.29	19.21	20.23	13109751	402590400.00
2016/05/27	20.19	20.61	20.02	20.09	9894169	309985280.00
2016/05/30	19.87	20.37	19.77	20.02	5842674	181362544.00
2016/05/31	20.02	20.95	20.02	20.83	15316945	487718592.00
2016/06/01	20.71	21.15	20.67	20.77	11947261	384402048.00
2016/06/02	20.78	20.99	20.58	20.89	7912672	253597568.00
2016/06/03	20.87	21.13	20.65	20.93	9165906	295003424.00
2016/06/06	20.97	21.07	20.57	20.67	7950402	253836640.00
2016/06/07	20.76	20.86	20.48	20.61	6451801	204748592.00
2016/06/08	20.63	20.67	20.21	20.41	5952958	187128688.00
2016/06/13	20.17	20.31	19.30	19.30	8416660	257824976.00
2016/06/14	19.10	19.63	19.02	19.35	4871180	145763184.00
2016/06/15	19.17	19.95	19.11	19.82	6459904	196495664.00
2016/06/16	19.82	19.93	19.49	19.50	4832401	146782448.00
2016/06/17	19.62	20.26	19.57	20.15	8879694	274911840.00
2016/06/20	20.15	20.21	19.77	20.08	4893636	150413952.00
2016/06/21	20.10	20.22	19.23	19.30	14658385	447425312.00
2016/06/22	19.43	19.95	19.31	19.93	7440344	225688816.00
2016/06/23	19.93	19.93	19.47	19.66	6435791	195196272.00
2016/06/24	19.63	20.61	19.42	20.39	19549326	607638336.00
2016/06/27	20.27	20.82	20.19	20.69	12655490	401242080.00
2016/06/28	20.50	20.88	20.43	20.81	11598179	370841888.00
2016/06/29	20.83	20.95	20.53	20.61	7645161	243359520.00
2016/06/30	20.63	20.76	20.44	20.58	6628858	210264528.00
2016/07/01	20.55	20.65	20.31	20.35	5563606	175341168.00
2016/07/04	20.25	20.83	20.25	20.78	7905536	251552256.00
2016/07/05	20.78	20.98	20.71	20.91	9221214	296546752.00
2016/07/06	20.82	21.03	20.64	20.79	8112637	260248080.00
2016/07/07	20.85	21.54	20.78	20.90	14578060	474210272.00
2016/07/08	20.81	21.45	20.78	21.06	10039540	327110048.00
2016/07/11	21.13	21.35	20.83	20.84	7850447	254770720.00
2016/07/12	20.85	22.42	20.73	22.40	19379467	644706624.00
2016/07/13	22.43	22.43	21.99	22.17	12267493	417773984.00
2016/07/14	22.00	22.35	21.87	22.16	7423514	252328112.00
2016/07/15	22.23	22.23	21.90	22.03	4715741	159899648.00
2016/07/18	21.84	22.16	21.59	22.05	8046334	271138720.00
2016/07/19	22.02	22.02	21.53	21.84	6197228	207410592.00
2016/07/20	21.77	22.40	21.77	22.07	9325706	317927872.00
2016/07/21	21.99	22.67	21.95	22.18	9134388	313762784.00
2016/07/22	22.18	22.28	21.51	21.57	9151405	306933856.00
2016/07/25	21.45	21.69	21.25	21.31	6651122	219817696.00
2016/07/26	21.37	21.81	21.37	21.71	6040842	200914528.00
2016/07/27	21.71	21.83	20.51	20.77	10230457	332949152.00
2016/07/28	20.78	21.02	20.60	20.90	6839207	219315488.00
2016/07/29	21.07	22.17	21.07	21.77	15374009	512929504.00
2016/08/01	21.57	22.23	21.30	22.01	13407623	451566048.00
2016/08/02	21.78	22.18	21.57	22.04	8418710	282754240.00
2016/08/03	21.91	22.92	21.83	22.78	20755909	719777408.00
2016/08/04	22.64	22.89	22.39	22.69	12024458	418392768.00
2016/08/05	22.73	22.77	22.03	22.21	11304576	388529344.00
2016/08/08	22.20	23.20	22.12	23.17	16245474	570018176.00
2016/08/09	23.03	23.18	22.87	23.10	11025787	389807136.00
2016/08/10	23.10	23.21	22.60	22.77	10141103	356241472.00
2016/08/11	22.64	22.99	22.38	22.41	8790484	306462784.00
2016/08/12	22.41	23.70	22.41	23.43	21771710	778877760.00
2016/08/15	23.35	24.00	22.97	23.61	16840702	606409600.00
2016/08/16	23.62	24.95	23.43	24.34	17827415	660934400.00
2016/08/17	24.29	24.90	23.97	24.21	15195991	569823680.00
2016/08/18	24.13	24.60	24.00	24.11	9713570	360911168.00
2016/08/19	24.10	24.11	23.62	23.93	8618775	315377088.00
2016/08/22	23.97	24.63	23.60	23.66	10862670	402027296.00
2016/08/23	23.53	23.91	23.35	23.58	8066877	292178848.00
2016/08/24	23.69	23.95	23.50	23.50	6882133	250552192.00
2016/08/25	23.35	23.88	23.07	23.88	10342579	373805056.00
2016/08/26	23.84	24.07	23.51	23.58	7744250	283643776.00
2016/08/29	23.71	24.21	23.68	23.78	7877380	289848608.00
2016/08/30	23.89	23.94	23.45	23.74	6023237	219393344.00
2016/08/31	23.78	23.92	23.53	23.91	5280913	192893696.00
2016/09/01	23.88	23.91	23.55	23.55	5163405	188031472.00
2016/09/02	23.53	23.78	22.74	22.84	10992881	389940960.00
2016/09/05	22.96	23.05	22.48	22.57	8184850	285096672.00
2016/09/06	22.59	23.10	22.44	23.07	6958020	243799936.00
2016/09/07	23.04	23.19	22.81	22.83	7421542	261585136.00
2016/09/08	23.01	23.15	22.87	22.96	5481216	193673216.00
2016/09/09	22.83	22.93	22.50	22.51	7436235	258887312.00
2016/09/12	22.27	22.78	22.13	22.34	7269712	250923056.00
2016/09/13	22.53	22.61	22.35	22.52	4028457	139269552.00
2016/09/14	22.45	22.84	22.18	22.66	5277686	183237104.00
2016/09/19	22.61	22.89	22.57	22.67	4996267	174300080.00
2016/09/20	22.77	22.81	22.51	22.55	2986516	103840488.00
2016/09/21	22.61	22.83	22.45	22.74	4215372	146861648.00
2016/09/22	22.88	22.92	22.70	22.75	4769265	167250528.00
2016/09/23	22.75	22.88	22.50	22.85	4062728	141660976.00
2016/09/26	22.85	22.89	22.30	22.30	3995021	138831680.00
2016/09/27	22.17	22.35	21.77	22.18	5615455	190375136.00
2016/09/28	22.23	22.23	22.00	22.07	2563363	87101512.00
2016/09/29	22.10	22.47	22.10	22.41	3928483	134967024.00
2016/09/30	22.39	22.53	22.20	22.37	3116450	107334528.00
2016/10/10	22.43	23.04	22.43	22.97	5138235	180365216.00
2016/10/11	22.96	23.15	22.89	23.05	4341614	153392864.00
2016/10/12	23.05	23.23	22.85	22.95	4140142	146486608.00
2016/10/13	22.99	23.11	22.87	23.01	4254142	150308480.00
2016/10/14	23.03	23.25	22.98	23.17	5499271	195394624.00
2016/10/17	23.17	23.60	23.04	23.20	9144084	327237984.00
2016/10/18	23.06	23.37	23.01	23.29	5419740	193385616.00
2016/10/19	23.37	23.37	22.93	22.96	5148270	182584784.00
2016/10/20	22.94	23.07	22.81	22.97	3055584	107744960.00
2016/10/21	22.94	22.94	21.96	22.22	12393481	425547072.00
2016/10/24	22.30	22.68	22.17	22.61	6394531	220906464.00
2016/10/25	22.57	22.72	22.39	22.71	5611608	194768864.00
2016/10/26	22.81	23.40	22.75	22.95	12463782	442666080.00
2016/10/27	22.90	22.95	22.55	22.61	5650973	197298048.00
2016/10/28	22.61	22.91	22.32	22.35	4859317	168611552.00
2016/10/31	22.23	22.51	22.11	22.45	2778551	95605248.00
2016/11/01	22.51	22.59	22.33	22.49	4107937	141817056.00
2016/11/02	22.49	22.49	22.15	22.19	4300056	147330816.00
2016/11/03	22.21	22.53	22.17	22.35	4525612	155438672.00
2016/11/04	22.34	22.45	22.21	22.30	3088311	106156832.00
2016/11/07	22.34	22.41	22.05	22.06	5014497	171201552.00
2016/11/08	22.09	22.30	22.01	22.25	4520993	154393232.00
2016/11/16	22.84	23.41	22.57	22.60	21731418	766119680.00
2016/11/17	22.78	22.87	22.45	22.77	8058298	280840384.00
2016/11/18	22.80	22.83	22.57	22.59	5285439	184282960.00
2016/11/21	22.59	22.80	22.47	22.53	5878676	204335760.00
2016/11/22	22.53	22.60	22.41	22.51	6059435	209375984.00
2016/11/23	22.57	22.63	22.30	22.35	6526413	225180432.00
2016/11/24	22.30	22.42	22.10	22.15	5612154	191751056.00
2016/11/25	22.15	22.28	21.89	22.27	4913704	167064960.00
2016/11/28	22.33	22.43	22.10	22.15	5350622	182881248.00
2016/11/29	22.10	22.10	21.85	21.87	5833309	196958176.00
2016/11/30	21.81	21.97	21.73	21.85	3157043	106195592.00
2016/12/01	21.83	22.01	21.81	21.92	2708208	91397432.00
2016/12/02	21.93	22.13	21.73	21.74	4576731	154300304.00
2016/12/05	21.51	21.69	21.51	21.57	2965691	98604648.00
2016/12/06	21.61	21.69	21.43	21.44	2939181	97373216.00
2016/12/07	21.45	21.60	21.38	21.55	2728945	90271368.00
2016/12/08	21.62	21.63	21.45	21.45	1982481	65769160.00
2016/12/09	21.47	21.50	21.12	21.12	4387122	143539216.00
2016/12/12	21.04	21.06	19.89	19.89	7337792	231060464.00
2016/12/13	19.90	20.30	19.79	20.21	3907078	120962296.00
2016/12/14	20.21	20.29	19.91	19.97	2291429	70995448.00
2016/12/15	19.93	20.19	19.77	20.03	2362507	73022968.00
2016/12/16	20.03	20.32	19.93	20.29	2628589	81846256.00
2016/12/19	20.31	20.31	20.07	20.19	1806366	56202572.00
2016/12/20	20.20	20.27	19.96	20.09	1585743	49143964.00
2016/12/21	20.09	20.31	20.09	20.20	2243014	69917264.00
2016/12/22	20.22	20.33	20.21	20.28	1829564	57220820.00
2016/12/23	20.29	20.56	20.23	20.23	3108582	97613592.00
2016/12/26	20.13	20.27	19.98	20.26	1958719	60759904.00
2016/12/27	20.23	20.53	20.22	20.33	2304241	72414000.00
2016/12/28	20.33	20.44	20.09	20.13	2701770	84165856.00
2016/12/29	20.11	20.21	20.00	20.03	1787711	55415616.00
2016/12/30	20.03	20.14	19.98	20.11	1492830	46233860.00
2017/01/03	20.11	20.26	20.08	20.22	1416815	44089440.00
2017/01/04	20.23	20.47	20.23	20.42	2477868	77812736.00
2017/01/05	20.42	20.53	20.33	20.45	2251824	70898248.00
2017/01/06	20.47	20.50	20.21	20.25	2309965	72387904.00
2017/01/09	20.30	20.30	20.05	20.14	2393972	74282584.00
2017/01/10	20.17	20.20	20.09	20.10	1743220	54117340.00
2017/01/11	20.08	20.17	19.90	19.90	1964318	60573728.00
2017/01/12	19.91	20.01	19.69	19.74	2218679	67993608.00
2017/01/13	19.69	19.77	19.43	19.47	2654022	80010144.00
2017/01/16	19.47	19.57	18.58	18.97	4539159	133572960.00
2017/01/17	19.02	19.25	18.74	19.16	2528808	74210736.00
2017/01/18	19.10	19.15	18.93	18.93	1538367	45211348.00
2017/01/19	18.99	19.14	18.81	19.04	1199054	35264444.00
2017/01/20	19.03	19.41	18.97	19.31	2788285	83041640.00
2017/01/23	19.30	19.44	19.23	19.35	1680189	50179392.00
2017/01/24	19.32	19.41	19.12	19.13	1591267	47328960.00
2017/01/25	19.17	19.24	19.11	19.16	1326085	39293824.00
2017/01/26	19.17	19.32	19.17	19.28	1612163	47975472.00
2017/02/03	19.36	19.39	19.17	19.31	1741413	51938776.00
2017/02/06	19.31	19.50	19.22	19.45	2328088	69717632.00
2017/02/07	19.51	19.51	19.21	19.27	2616883	78142416.00
2017/02/08	19.39	20.33	19.37	20.29	11277437	347916928.00
2017/02/09	20.07	20.37	20.02	20.16	5074745	157634496.00
2017/02/10	20.23	20.26	19.96	20.05	3505682	108402136.00
2017/02/13	19.99	20.20	19.95	20.10	2729209	84761808.00
2017/02/14	20.11	20.27	20.03	20.17	2339876	72728192.00
2017/02/15	20.15	20.54	20.04	20.29	5762108	180567072.00
2017/02/16	20.35	20.50	20.24	20.29	2670915	83814216.00
2017/02/17	20.36	20.47	20.07	20.07	3119971	97343792.00
2017/02/20	20.07	20.26	20.04	20.25	2733705	85115360.00
2017/02/21	20.27	20.83	20.27	20.68	6189443	196992816.00
2017/02/22	20.74	20.78	20.50	20.65	3341199	106175712.00
2017/02/23	20.72	20.73	20.46	20.65	3097718	98212800.00
2017/02/24	20.65	20.99	20.60	20.80	3747197	119967376.00
2017/02/27	20.81	20.93	20.44	20.49	4010291	127184592.00
2017/02/28	20.49	20.60	20.44	20.59	2011610	63620212.00
2017/03/01	20.59	20.69	20.51	20.57	2986940	94698632.00
2017/03/02	20.60	20.63	20.29	20.32	4033782	126845248.00
2017/03/03	20.46	20.46	20.14	20.37	2952599	92381944.00
2017/03/06	20.37	20.79	20.30	20.76	4801365	152552768.00
2017/03/07	20.76	20.85	20.58	20.71	2935855	93718240.00
2017/03/08	20.70	20.85	20.53	20.55	2472280	78700432.00
2017/03/09	20.55	20.57	20.21	20.25	2980981	93265256.00
2017/03/10	20.26	20.40	20.22	20.33	2379669	74453224.00
2017/03/13	20.33	20.45	20.13	20.40	2611166	81810696.00
2017/03/14	20.35	20.46	20.19	20.23	2292087	71736816.00
2017/03/15	20.23	20.29	20.10	20.14	1856335	57793088.00
2017/03/16	20.17	20.39	20.17	20.35	2360675	74008192.00
2017/03/17	20.44	20.75	20.37	20.39	5179317	164273632.00
2017/03/20	20.39	20.49	20.15	20.45	3332929	104322200.00
2017/03/21	20.45	20.49	20.27	20.35	2101551	65972336.00
2017/03/22	20.36	20.85	20.20	20.77	7368172	233660192.00
2017/03/23	20.77	20.95	20.57	20.79	5991955	191964384.00
2017/03/24	20.85	21.61	20.85	21.60	13806148	453629504.00
2017/03/27	21.67	21.73	21.28	21.37	6046313	199735232.00
2017/03/28	21.32	21.52	21.19	21.40	4273520	140517680.00
2017/03/29	21.43	21.65	21.17	21.18	5811348	191984960.00
2017/03/30	21.19	21.31	20.35	20.47	7112049	226919264.00
2017/03/31	20.53	20.87	20.53	20.82	3885871	124301816.00
2017/04/05	20.79	21.40	20.68	21.29	4061020	132547608.00
2017/04/06	21.29	21.62	21.19	21.47	5006194	165608656.00
2017/04/07	21.47	21.53	21.23	21.26	3792241	124688112.00
2017/04/10	21.40	21.88	21.40	21.65	9300679	310495104.00
2017/04/11	21.63	21.79	21.13	21.55	5900599	195413680.00
2017/04/12	21.53	21.76	21.33	21.54	3879964	128748200.00
2017/04/13	21.45	22.09	21.37	21.91	6941439	233988128.00
2017/04/14	22.10	22.10	21.70	21.74	4422010	148452736.00
2017/04/17	21.62	21.78	21.26	21.40	5257032	174145232.00
2017/04/18	21.31	21.89	21.17	21.17	5565494	184422640.00
2017/04/19	21.10	21.41	20.98	21.40	3646977	119488024.00
2017/04/20	21.40	22.01	21.09	21.86	8252637	276763872.00
2017/04/21	22.03	22.54	21.73	21.76	8813591	300487776.00
2017/04/24	20.86	21.70	20.86	21.49	10507798	344988448.00
2017/04/25	21.34	21.58	21.11	21.14	6219087	204372672.00
2017/04/26	21.06	22.21	21.02	22.05	8858382	299019840.00
2017/04/27	21.97	22.21	21.49	22.06	7490554	252690016.00
2017/04/28	22.09	22.33	21.87	22.00	4914889	167165856.00
2017/05/02	22.02	22.54	22.02	22.34	6679043	229528208.00
2017/05/03	22.27	22.39	21.81	22.15	4975775	168984272.00
2017/05/04	22.15	22.17	21.87	21.91	4241759	143437760.00
2017/05/05	21.78	21.89	21.49	21.56	4681381	155946016.00
2017/05/08	21.55	21.80	21.33	21.38	3395007	112687768.00
2017/05/09	21.31	21.47	21.01	21.33	6938321	226424464.00
2017/05/10	21.40	21.41	20.43	20.60	6049333	195031424.00
2017/05/11	20.44	20.87	20.23	20.82	5067427	161260752.00
2017/05/12	20.82	20.95	20.59	20.85	2523500	80858016.00
2017/05/15	20.83	21.06	20.51	20.60	4250848	135824560.00
2017/05/16	20.57	21.50	20.31	21.45	5952100	192698352.00
2017/05/17	21.45	21.75	21.35	21.37	4561539	151216544.00
2017/05/18	21.30	21.76	21.25	21.47	3796680	126169896.00
2017/05/19	21.57	21.69	21.33	21.41	1988517	65833804.00
2017/05/22	21.50	22.03	21.43	21.87	5773319	194362496.00
2017/05/23	21.85	22.07	21.59	21.74	4622079	155583888.00
2017/05/24	21.70	22.10	21.37	22.09	5253833	176274384.00
2017/05/25	22.03	22.25	21.77	22.03	4034131	136699680.00
2017/05/26	21.90	22.44	21.68	21.82	5567529	124140160.00
2017/05/31	21.85	22.29	21.84	22.08	5950946	133155064.00
2017/06/01	22.05	22.19	21.53	21.58	4193235	92737392.00
2017/06/02	21.52	22.00	21.20	21.72	5170914	113252368.00
2017/06/05	21.75	21.90	21.37	21.41	4787493	104750024.00
2017/06/06	21.33	21.67	21.30	21.43	3688844	80196368.00
2017/06/07	21.59	23.37	21.55	22.98	21161617	482601632.00
2017/06/08	22.90	23.09	22.65	22.95	11570069	267724272.00
2017/06/09	22.98	23.18	22.80	22.90	10933690	254518192.00
2017/06/12	22.81	23.29	22.45	22.54	12934850	299020832.00
2017/06/13	22.58	22.78	22.47	22.60	7730910	176944784.00
2017/06/14	22.64	22.68	22.40	22.50	4995376	113945680.00
2017/06/15	22.50	23.12	22.42	22.69	8495960	196241792.00
2017/06/16	22.74	22.84	22.50	22.59	3331791	76335912.00
2017/06/19	22.59	22.84	22.53	22.80	5051648	116288976.00
2017/06/20	22.84	22.94	22.24	22.34	8819159	201107984.00
2017/06/21	22.42	22.52	22.30	22.49	4417454	100260872.00
2017/06/22	22.39	22.39	21.80	21.80	12935012	288818912.00
2017/06/23	21.75	21.98	21.72	21.98	6098168	135183840.00
2017/06/26	22.01	22.76	21.97	22.70	13656441	312045280.00
2017/06/27	22.71	22.95	22.53	22.75	9417978	217410304.00
2017/06/28	22.63	22.97	22.60	22.70	7172959	165839888.00
2017/06/29	22.72	23.30	22.60	23.11	12868551	300672576.00
2017/06/30	23.11	23.50	22.97	23.38	10548744	247786208.00
2017/07/03	23.40	23.60	23.00	23.22	10078085	237204336.00
2017/07/04	23.21	23.26	22.81	22.99	7044866	164413680.00
2017/07/05	22.85	22.95	22.45	22.93	11683106	268994656.00
2017/07/06	22.93	22.94	22.47	22.62	10514349	241173920.00
2017/07/07	22.55	22.82	22.48	22.63	9197189	211426160.00
2017/07/10	22.58	22.60	22.21	22.26	10329773	233781760.00
2017/07/11	22.28	22.39	22.09	22.11	7468475	168524768.00
2017/07/12	22.10	22.32	21.87	22.12	7560109	168869808.00
2017/07/13	22.13	22.54	22.04	22.45	7068404	160393232.00
2017/07/14	22.46	22.50	21.71	21.73	9001285	201681760.00
2017/07/17	19.53	19.53	19.53	19.53	5050700	100155384.00
2017/07/18	17.75	18.68	17.72	18.38	47328629	877374720.00
2017/07/19	18.40	18.96	18.22	18.47	15098356	284937472.00
2017/07/20	18.48	19.27	18.48	19.08	13078808	252074592.00
2017/07/21	19.06	19.50	18.83	18.89	7456637	144438336.00
2017/07/24	18.89	18.95	18.43	18.64	8153283	154686560.00
2017/07/25	18.64	18.99	18.58	18.86	6464391	123756688.00
2017/07/26	18.88	18.90	18.20	18.33	8215960	153967440.00
2017/07/27	18.38	18.76	18.15	18.64	7501609	140751536.00
2017/07/28	18.70	18.77	18.43	18.57	6220560	117805608.00
2017/07/31	18.90	18.90	18.48	18.75	7955810	151208864.00
2017/08/01	18.74	18.82	18.57	18.62	7024227	133325144.00
2017/08/02	18.64	19.01	18.53	18.87	7052393	134577776.00
2017/08/03	18.87	19.13	18.77	19.00	6660942	128253008.00
2017/08/04	19.11	19.14	18.74	18.88	6433899	123508424.00
2017/08/07	18.80	19.18	18.75	19.14	4735923	91668752.00
2017/08/08	19.02	19.88	19.02	19.74	9735742	193650784.00
2017/08/09	19.75	20.91	19.64	20.55	11775520	243648864.00
2017/08/10	20.48	20.85	20.20	20.79	10162341	212260752.00
2017/08/11	20.50	20.70	20.26	20.46	5461496	113175320.00
2017/08/14	20.21	20.89	20.21	20.44	5376538	112055208.00
2017/08/15	20.35	20.50	20.31	20.44	3693812	76462080.00
2017/08/16	20.44	20.79	20.32	20.52	2864503	59645844.00
2017/08/17	20.53	20.70	20.32	20.40	3236954	67143512.00
2017/08/18	20.36	20.37	20.15	20.26	2501360	51413968.00
2017/08/21	20.25	20.44	19.97	20.17	3496878	71440392.00
2017/08/22	20.30	20.45	19.89	20.35	5618228	114873312.00
2017/08/23	20.37	20.38	20.09	20.10	2534471	51927056.00
2017/08/24	20.10	20.25	19.82	19.94	3948157	80436280.00
2017/08/25	19.94	20.33	19.86	20.14	3308318	67506536.00
2017/08/28	20.14	20.64	20.06	20.54	4396310	91325168.00
2017/08/29	20.50	20.75	20.28	20.30	3675029	76361224.00
2017/08/30	20.31	20.45	20.15	20.28	2766861	56999644.00
2017/08/31	20.30	20.35	20.11	20.23	2878292	58937200.00
2017/09/01	20.15	20.50	20.15	20.47	3451350	71455496.00
2017/09/04	20.55	20.68	20.30	20.56	3823808	79378248.00
2017/09/05	20.68	21.16	20.51	21.01	7292156	155066816.00
2017/09/06	21.04	21.30	20.80	21.04	5021984	107112896.00
2017/09/07	21.15	21.50	20.99	21.25	6923995	149765888.00
2017/09/08	21.28	21.44	20.95	21.04	4176783	89467496.00
2017/09/11	20.98	21.03	20.28	20.41	9816100	204063264.00
2017/09/12	20.41	20.49	20.18	20.22	7201056	148078864.00
2017/09/13	20.22	20.85	20.22	20.57	5781969	120258136.00
2017/09/14	20.60	20.60	20.25	20.30	4342238	89784720.00
2017/09/15	20.26	20.41	20.10	20.35	4016656	82413840.00
2017/09/18	20.29	20.35	20.11	20.20	5246769	107601216.00
2017/09/19	20.20	20.91	20.16	20.68	10125215	212606896.00
2017/09/20	20.52	20.70	20.31	20.46	6644957	137775680.00
2017/09/21	20.41	20.60	19.97	20.04	7672767	157178784.00
2017/09/22	20.07	20.08	19.88	19.97	3902406	79083144.00
2017/09/25	19.97	20.14	19.82	19.86	3308233	67075052.00
2017/09/26	19.95	20.10	19.88	19.96	2272648	46056592.00
2017/09/27	20.03	20.29	19.97	20.17	3131809	64157876.00
2017/09/28	20.20	20.20	19.98	20.08	2956893	60154112.00
2017/09/29	20.00	20.30	19.98	20.22	3839430	78744744.00
2017/10/09	20.60	20.78	20.41	20.57	7149504	149535152.00
2017/10/10	20.60	22.66	20.59	22.66	37940389	840694592.00
2017/10/11	22.80	23.48	21.73	21.79	50584187	1161925248.00
2017/10/12	21.57	22.19	21.31	22.05	19665562	433955072.00
2017/10/13	21.90	22.80	21.76	22.11	21600030	488011840.00
2017/10/16	21.82	21.90	21.21	21.31	16267955	354135520.00
2017/10/17	21.21	21.70	21.10	21.54	10720489	233165056.00
2017/10/18	21.43	21.96	21.37	21.54	11300776	247879952.00
2017/10/19	21.48	22.00	21.30	21.66	12501778	275701184.00
2017/10/20	21.53	21.59	21.16	21.49	8230015	178378800.00
2017/10/23	21.61	22.12	21.37	21.90	11293927	250066080.00
2017/10/24	21.92	22.26	21.70	21.98	12311113	274313216.00
2017/10/25	22.01	22.35	21.80	22.31	12557021	281489760.00
2017/10/26	22.50	22.50	21.88	21.94	11343523	253696384.00
2017/10/27	21.86	22.09	21.50	21.71	9924452	218630496.00
2017/10/30	21.75	22.05	21.23	21.54	11028183	242332720.00
2017/10/31	21.40	21.65	21.05	21.42	7612115	164587696.00
2017/11/01	21.50	21.60	21.12	21.18	7645443	164726576.00
2017/11/02	21.17	21.35	20.93	21.21	6253175	134079752.00
2017/11/03	21.28	21.28	20.40	20.44	10798157	227312752.00
2017/11/06	20.39	21.38	20.31	21.34	10666244	226324144.00
2017/11/07	21.35	21.90	21.16	21.90	12540048	274760672.00
2017/11/08	21.94	22.11	21.58	21.74	10531793	233272800.00
2017/11/09	21.74	21.87	21.49	21.80	5708743	125487528.00
2017/11/10	21.88	21.90	21.46	21.58	10716678	235094640.00
2017/11/13	21.60	22.39	21.42	22.32	18053423	403275104.00
2017/11/14	22.25	22.50	21.70	22.03	11817922	264998720.00
2017/11/15	21.82	22.19	21.70	22.14	8868848	196915840.00
2017/11/16	22.05	22.45	21.91	22.40	15202894	342689824.00
2017/11/17	22.42	22.42	21.77	21.88	15157392	340176480.00
2017/11/20	21.78	21.91	20.04	21.56	11161243	241260112.00
2017/11/21	21.43	21.88	21.40	21.64	8415402	184589216.00
2017/11/22	21.73	21.80	20.98	21.01	10151522	218996640.00
2017/11/23	20.94	20.95	20.52	20.64	7689965	161452992.00
2017/11/24	20.59	20.77	20.29	20.56	4517245	93929184.00
2017/11/27	20.62	20.67	20.09	20.31	4245450	87948264.00
2017/11/28	20.32	20.66	20.20	20.40	4225180	87687560.00
2017/11/29	20.40	20.48	20.01	20.33	6106780	124988496.00
2017/11/30	20.28	20.38	20.08	20.30	4460288	91673408.00
2017/12/01	20.30	20.70	20.21	20.43	4622538	96347704.00
2017/12/04	20.48	20.55	20.10	20.20	4870503	99873544.00
2017/12/05	20.15	20.20	19.60	19.73	9679732	194341312.00
2017/12/06	19.74	20.04	18.70	19.97	7105356	142192528.00
2017/12/07	19.79	20.22	19.79	20.18	4023871	82054088.00
2017/12/08	20.26	20.35	20.13	20.22	3023110	62165340.00
2017/12/11	20.13	20.50	20.12	20.49	6057464	124801104.00
2017/12/12	20.35	20.66	20.20	20.48	5396158	112176168.00
2017/12/13	20.43	20.56	20.30	20.40	3374445	69907960.00
2017/12/14	20.40	20.45	19.68	19.89	7982352	161839536.00
2017/12/15	19.86	20.14	19.71	19.77	5379783	108431720.00
2017/12/18	19.76	19.95	19.42	19.58	5854800	116575176.00
2017/12/19	19.58	19.94	19.58	19.78	4289777	86311648.00
2017/12/20	19.95	19.95	19.65	19.65	3834687	76920760.00
2017/12/21	19.74	19.92	19.52	19.88	5749494	115286368.00
2017/12/22	19.72	20.04	19.72	19.97	4154887	84145024.00
2017/12/25	19.93	20.04	19.69	19.91	4135897	83135640.00
2017/12/26	19.85	19.95	19.62	19.90	3454467	69408200.00
2017/12/27	19.77	19.87	19.54	19.60	3735600	74567976.00
2017/12/28	19.59	19.80	19.50	19.57	3638538	72478672.00
2017/12/29	19.57	19.68	19.21	19.30	4789353	94313136.00
2018/01/02	19.33	19.85	19.30	19.80	6541258	130099344.00
2018/01/03	19.69	20.04	19.68	19.99	4433043	89702616.00
2018/01/04	19.97	20.23	19.88	20.11	6829379	139055696.00
2018/01/05	20.00	20.42	19.84	20.30	6933772	141594176.00
2018/01/08	20.29	20.30	19.90	20.05	7687722	156606112.00
2018/01/09	20.00	20.80	19.98	20.69	11606857	242348288.00
2018/01/10	20.63	21.15	20.31	20.72	8487838	177843232.00
2018/01/11	20.67	20.67	20.38	20.48	4206090	87523808.00
2018/01/12	20.51	20.61	20.20	20.20	4797484	99048544.00
2018/01/15	20.20	20.61	20.09	20.42	7860595	162743888.00
2018/01/16	20.42	20.49	20.11	20.30	4246604	87536160.00
2018/01/17	20.45	20.90	20.18	20.86	7266553	152197840.00
2018/01/18	20.93	21.04	20.56	20.58	5720865	120610936.00
2018/01/19	20.58	20.78	20.20	20.29	4851907	100812584.00
2018/01/22	20.31	20.56	20.05	20.43	4826683	99650704.00
2018/01/23	20.23	20.47	20.15	20.31	4877291	100297904.00
2018/01/24	20.60	21.65	20.45	21.40	15865581	340994176.00
2018/01/25	21.22	21.68	21.10	21.28	10998590	238355808.00
2018/01/26	21.29	22.00	21.14	21.60	13737916	302223168.00
2018/01/29	21.52	21.90	21.30	21.70	10476710	229144688.00
2018/01/30	21.32	22.15	21.31	21.92	9607343	212646176.00
2018/01/31	21.83	21.99	21.40	21.71	9687974	213220128.00
2018/02/01	21.58	21.65	20.87	21.11	9222672	198938224.00
2018/02/02	21.21	21.27	20.68	20.78	8196879	173846464.00
2018/02/05	20.50	21.05	20.32	20.81	6076005	127686688.00
2018/02/06	20.24	20.76	19.93	19.99	6773167	140299920.00
2018/02/07	20.30	21.03	20.05	20.85	8083259	169447488.00
2018/02/08	20.65	21.43	20.35	20.70	8751068	185706176.00
2018/02/09	19.70	20.47	19.60	20.00	10356848	209755008.00
2018/02/12	20.21	20.85	20.06	20.68	4610011	95845672.00
2018/02/13	20.90	21.12	20.53	20.56	6212644	131440184.00
2018/02/14	20.68	20.78	20.38	20.53	2558877	53348552.00
2018/02/22	20.60	21.27	20.49	21.21	7392028	157140800.00
2018/02/23	21.25	21.27	20.95	21.12	4742967	101437064.00
2018/02/26	21.12	22.05	21.00	22.05	13102067	287921984.00
2018/02/27	21.98	21.98	21.59	21.80	11086543	244287840.00
2018/02/28	21.60	21.89	21.44	21.52	9090830	199151856.00
2018/03/01	21.38	21.71	21.26	21.70	7257972	158986032.00
2018/03/02	21.61	22.40	21.49	21.82	13211288	294205472.00
2018/03/05	21.82	22.18	21.45	21.71	9559418	210687424.00
2018/03/06	21.67	22.64	21.53	22.38	27738672	627938048.00
2018/03/07	22.38	22.57	22.05	22.18	12637290	285253408.00
2018/03/08	22.06	22.47	21.88	22.37	12011441	270646784.00
2018/03/09	22.40	22.60	22.21	22.42	14236174	323334528.00
2018/03/12	22.56	22.90	22.29	22.85	20926385	479707488.00
2018/03/13	22.85	22.85	21.92	22.02	17819349	404165664.00
2018/03/14	21.80	22.09	21.60	21.62	12102433	267772704.00
2018/03/15	21.60	21.83	21.30	21.62	8868588	193847600.00
2018/03/16	21.70	21.79	21.18	21.18	9039938	197311632.00
2018/03/19	21.00	21.67	21.00	21.58	8358157	181647328.00
2018/03/20	21.40	22.36	21.35	22.19	15035539	336169856.00
2018/03/21	22.15	22.28	21.75	21.79	10950113	244662096.00
2018/03/22	21.75	22.57	21.75	22.04	12705829	285532416.00
2018/03/23	21.19	22.48	21.02	21.71	17419421	385927744.00
2018/03/26	21.34	22.94	21.28	22.90	31930635	728736960.00
2018/03/27	23.10	23.43	22.72	23.14	32939814	768566784.00
2018/03/28	22.85	23.92	22.72	23.41	28566183	680713472.00
2018/03/29	23.53	23.70	23.13	23.48	15597585	370218464.00
2018/03/30	23.66	24.39	23.40	24.27	26073404	634678656.00
2018/04/02	24.25	24.64	23.79	23.83	20871714	509960160.00
2018/04/03	23.55	24.00	23.26	23.64	14466371	345372864.00
2018/04/04	23.66	24.10	23.03	23.03	17623092	419904960.00
2018/04/09	22.98	23.46	22.88	23.16	12781290	301268032.00
2018/04/10	23.17	23.37	22.63	23.13	17245954	401086976.00
2018/04/11	23.13	23.56	23.01	23.26	13598001	321370720.00
2018/04/12	23.26	23.87	23.00	23.30	15792472	375277984.00
2018/04/13	23.68	24.03	22.30	22.39	27564452	644774464.00
2018/04/16	22.15	23.02	21.91	22.96	16996965	387384032.00
2018/04/17	22.97	22.97	22.00	22.20	12932106	293957856.00
2018/04/18	22.25	22.36	21.62	22.20	18891749	422060416.00
2018/04/19	22.09	22.48	21.91	22.24	14392692	324047872.00
2018/04/20	22.19	22.37	21.76	21.91	12465473	279202464.00
2018/04/23	21.20	21.20	19.69	19.69	25145487	508808320.00
2018/04/24	19.20	19.86	18.86	19.61	32272217	633156288.00
2018/04/25	19.45	19.74	19.31	19.56	17787934	351997504.00
2018/04/26	19.57	19.66	18.77	18.81	17086737	332401888.00
2018/04/27	18.98	19.78	18.98	19.46	24848786	489933696.00
2018/05/02	19.51	20.26	19.51	19.93	18770457	380049536.00
2018/05/03	19.92	20.20	19.60	20.02	12835428	259408960.00
2018/05/04	20.05	20.06	19.82	19.90	9336871	188944800.00
2018/05/07	20.08	20.92	19.91	20.66	18964366	396138016.00
2018/05/08	20.67	20.86	20.49	20.62	11197725	235004080.00
2018/05/09	20.62	20.93	20.35	20.49	12641084	264640912.00
2018/05/10	20.48	20.84	20.48	20.76	7250130	152257664.00
2018/05/11	20.81	21.46	20.43	20.59	16878914	357952160.00
2018/05/14	20.56	20.64	20.06	20.35	11473990	236202544.00
2018/05/15	20.30	20.80	20.18	20.67	8529974	178138240.00
2018/05/16	20.64	21.28	20.39	20.89	12749282	271940896.00
2018/05/17	20.90	20.96	20.37	20.54	8647271	180867536.00
2018/05/18	20.40	20.67	19.83	20.30	11762133	240965536.00
2018/05/21	20.32	20.71	20.32	20.61	10450867	217951296.00
2018/05/22	20.60	21.02	20.52	20.75	9706243	204759952.00
2018/05/23	20.84	20.94	20.58	20.65	8866332	186655472.00
2018/05/24	20.82	21.63	20.82	21.40	31585223	683046912.00
2018/05/25	21.36	21.92	21.15	21.83	19030404	416774144.00
2018/05/28	21.95	22.68	21.62	21.70	32636275	733114624.00
2018/05/29	21.62	22.80	21.54	22.13	34777162	786251904.00
2018/05/30	21.60	22.65	21.28	22.13	25332681	568441920.00
2018/05/31	22.34	22.79	22.15	22.39	19852911	451602048.00
2018/06/01	22.35	23.00	21.82	22.15	18054109	410205216.00
2018/06/04	22.47	22.86	22.13	22.25	12978032	295422112.00
2018/06/05	22.38	22.96	22.19	22.94	16070622	368293088.00
2018/06/06	23.20	23.20	22.37	22.69	12452172	285517344.00
2018/06/07	22.67	22.79	22.03	22.10	10083381	228250320.00
2018/06/08	22.02	22.67	21.78	22.66	12541530	284406464.00
2018/06/11	22.49	22.77	21.83	22.00	11537528	260375072.00
2018/06/12	21.92	22.55	21.92	22.53	8852591	199988432.00
2018/06/13	22.48	22.58	21.82	21.90	9109154	205343024.00
2018/06/14	21.85	22.18	21.05	21.13	12044636	262947952.00
2018/06/15	21.04	21.40	20.50	21.10	10887811	231098208.00
2018/06/19	20.63	21.29	19.76	20.12	13880129	286969312.00
2018/06/20	20.10	20.78	20.00	20.50	10466422	216820960.00
2018/06/21	20.60	21.00	20.17	20.26	8883365	185318176.00
2018/06/22	20.14	20.88	19.77	20.80	9241387	192698464.00
2018/06/25	20.95	21.04	20.61	20.70	7768744	163975408.00
2018/06/26	20.50	20.50	19.40	19.99	14461598	292659968.00
2018/06/27	19.91	20.16	19.44	19.51	8986174	179795248.00
2018/06/28	19.40	19.40	18.20	18.30	16149873	307227904.00
2018/06/29	18.40	19.37	18.35	19.19	12189878	234176864.00
2018/07/02	19.22	19.97	19.13	19.30	11830011	234886640.00
2018/07/03	19.59	19.85	19.09	19.52	11224211	221550016.00
2018/07/04	19.60	19.60	18.96	19.16	8239995	160993328.00
2018/07/05	19.14	19.20	18.40	18.56	9254664	176597440.00
2018/07/06	18.53	19.15	17.95	18.75	13206536	247905168.00
2018/07/09	18.75	19.41	18.68	19.41	8112704	156588560.00
2018/07/10	19.42	19.86	19.25	19.81	9477667	187242144.00
2018/07/11	19.40	19.85	19.15	19.73	7828731	154307280.00
2018/07/12	19.57	20.31	19.57	20.08	8323272	168429712.00
2018/07/13	20.10	20.42	19.85	20.21	6062759	123595680.00
2018/07/16	20.14	20.49	19.98	20.34	5571025	114021816.00
2018/07/17	20.17	20.33	19.78	20.05	8021503	161302656.00
2018/07/18	20.17	20.58	19.98	20.01	5983279	122238488.00
2018/07/19	20.01	20.25	19.69	19.80	6331227	126906120.00
2018/07/20	19.89	20.15	19.61	19.96	6431009	128874456.00
2018/07/23	19.65	19.65	18.96	19.50	12311820	239398928.00
2018/07/24	19.42	19.98	19.21	19.81	9733421	192705984.00
2018/07/25	19.73	20.01	19.65	19.94	6291758	126279184.00
2018/07/26	19.99	19.99	19.60	19.75	5044978	100688728.00
2018/07/27	19.80	19.89	19.39	19.50	4751939	93582624.00
2018/07/30	19.46	19.54	18.91	19.03	5560662	107208112.00
2018/07/31	19.06	19.38	18.95	19.13	4936697	95250392.00
2018/08/01	19.18	19.31	18.78	18.84	5579279	107112704.00
2018/08/02	18.79	18.81	18.21	18.35	7378778	137359984.00
2018/08/03	18.35	18.55	18.17	18.22	6498115	120440448.00
2018/08/06	18.22	18.23	17.14	17.44	11785970	208481488.00
2018/08/07	17.45	17.64	16.90	17.46	10313128	179548528.00
2018/08/08	17.50	17.52	16.92	17.24	7753473	134331968.00
2018/08/09	17.20	17.85	17.05	17.70	7860593	139353952.00
2018/08/10	17.70	18.01	17.62	17.94	5681517	102205080.00
2018/08/13	17.84	18.60	17.63	18.44	8715731	160482240.00
2018/08/14	18.44	18.76	18.38	18.51	3615891	67602456.00
2018/08/15	18.61	18.61	17.90	17.93	3903254	71414816.00
2018/08/16	17.80	18.25	17.51	18.05	3715096	67178440.00
2018/08/17	18.15	18.40	17.87	18.04	4964057	90955336.00
2018/08/20	17.99	18.27	17.81	17.94	5384916	97786472.00
2018/08/21	17.97	18.50	17.95	18.38	7382625	136552544.00
2018/08/22	18.37	18.49	18.19	18.35	5125585	94812976.00
2018/08/23	18.35	18.51	18.10	18.41	4117911	76247512.00
2018/08/24	18.31	18.74	18.14	18.53	4498894	83686288.00
2018/08/27	18.45	19.13	18.45	19.07	5810557	110916840.00
2018/08/28	19.08	19.21	18.87	18.99	3889840	74576440.00
2018/08/29	18.90	19.13	18.88	19.10	3127652	59946664.00
2018/08/30	18.94	19.11	18.68	18.80	3381081	64245584.00
2018/08/31	18.68	18.93	18.45	18.75	3011251	56855620.00
2018/09/03	18.74	18.74	18.25	18.62	4193452	78025176.00
2018/09/04	18.66	19.00	18.43	18.90	5181909	97928008.00
2018/09/05	18.89	18.92	18.34	18.43	4354385	81707600.00
2018/09/06	18.45	18.83	18.09	18.35	4010994	74782376.00
2018/09/07	18.25	18.75	18.21	18.26	3185244	59235032.00
2018/09/10	18.24	18.43	17.78	17.86	4089990	74571944.00
2018/09/11	17.85	18.13	17.71	17.92	2487820	44986168.00
2018/09/12	18.05	18.10	17.76	17.80	2081206	37583920.00
2018/09/13	17.96	18.05	17.22	17.90	5431005	96428048.00
2018/09/14	17.85	17.85	17.43	17.48	4024787	71382848.00
2018/09/17	17.65	17.65	17.17	17.23	2233900	38970236.00
2018/09/18	17.05	17.47	17.02	17.45	3279799	57235308.00
2018/09/19	17.44	17.85	17.31	17.77	4606648	81975384.00
2018/09/20	17.82	17.99	17.68	17.73	2500943	44880596.00
2018/09/21	17.81	18.27	17.68	18.21	4538823	82767384.00
2018/09/25	18.04	18.33	18.01	18.32	2844023	52218260.00
2018/09/26	18.33	18.51	18.15	18.44	2987095	55314400.00
2018/09/27	18.43	18.48	18.15	18.15	2415103	44506580.00
2018/09/28	18.24	18.46	18.15	18.44	3891217	71802192.00
2018/10/08	18.21	18.24	17.76	17.88	4127084	74681024.00
2018/10/09	17.86	18.03	17.65	17.80	2355537	42396980.00
2018/10/10	17.93	18.08	17.62	17.80	2515638	45239068.00
2018/10/11	17.35	17.55	16.80	17.23	7368690	127571912.00
2018/10/12	17.23	17.30	16.43	16.73	7638202	129496152.00
2018/10/15	16.75	17.28	16.72	16.78	6490688	111573472.00
2018/10/16	16.85	17.09	16.18	16.32	5410103	90325736.00
2018/10/17	16.58	16.69	15.38	15.96	6827466	110205040.00
2018/10/18	15.84	16.12	15.62	15.76	5219611	83400768.00
2018/10/19	15.45	16.35	15.41	16.15	11508837	186131824.00
2018/10/22	16.35	17.54	16.35	17.46	11230494	194179056.00
2018/10/23	17.61	17.65	17.05	17.20	6300163	109941560.00
2018/10/24	17.10	17.34	16.86	17.01	4058512	69963136.00
2018/10/25	16.65	17.25	16.41	17.15	5473804	93468440.00
2018/10/26	17.22	17.52	17.15	17.26	4355791	76219488.00
2018/10/29	17.26	17.40	16.90	16.98	2137369	36904500.00
2018/10/30	16.98	17.30	16.56	17.09	3956959	67758208.00
2018/10/31	17.05	17.62	17.00	17.45	5186220	90865496.00
2018/11/01	17.47	17.83	17.45	17.49	4272750	75980808.00
2018/11/02	17.93	18.33	17.93	18.18	9210279	168656208.00
2018/11/05	18.10	18.42	17.75	17.88	7012639	126887992.00
2018/11/06	17.85	18.08	17.60	18.05	4026710	72489048.00
2018/11/07	18.04	18.36	17.87	18.13	6201004	113874024.00
2018/11/08	18.24	18.31	18.02	18.03	4052308	74101224.00
2018/11/09	17.93	18.18	17.86	18.05	5295059	96424952.00
2018/11/12	18.07	18.74	17.88	18.61	5731865	106100736.00
2018/11/13	18.36	18.82	18.31	18.56	5158139	96963360.00
2018/11/14	18.55	18.70	18.46	18.50	3262952	61012648.00
2018/11/15	18.46	18.70	18.32	18.50	5437095	101089920.00
2018/11/16	18.56	18.71	18.17	18.56	7651544	142552208.00
2018/11/19	18.61	18.65	18.32	18.45	4860490	90508112.00
2018/11/20	18.39	18.59	17.91	17.99	3906202	71736504.00
2018/11/21	17.88	18.27	17.88	18.05	3133481	57085384.00
2018/11/22	18.04	18.42	18.00	18.26	3934543	72486480.00
2018/11/23	18.25	18.60	17.76	17.77	5988362	109581432.00
2018/11/26	17.88	18.09	17.67	17.80	3361327	60696768.00
2018/11/27	17.81	18.09	17.75	17.84	3823777	69022560.00
2018/11/28	17.84	18.13	17.47	18.09	3117584	56208408.00
2018/11/29	18.16	18.18	17.50	17.51	5530453	99373152.00
2018/11/30	17.48	17.83	17.23	17.79	3767518	66604936.00
2018/12/03	18.10	18.92	18.10	18.64	9888841	185114752.00
2018/12/04	18.63	19.09	18.54	18.91	10118253	192636576.00
2018/12/05	18.64	20.02	18.58	19.87	14651201	290368800.00
2018/12/06	19.74	19.96	19.19	19.39	10258308	202007648.00
2018/12/07	19.55	19.95	18.85	19.40	10711885	210886544.00
2018/12/10	19.40	20.18	19.03	19.45	7251102	143377952.00
2018/12/11	19.24	19.97	19.19	19.85	5512872	109593000.00
2018/12/12	19.85	19.95	19.43	19.53	4464058	88233520.00
2018/12/13	19.69	19.89	19.44	19.70	5306015	105550720.00
2018/12/14	19.67	19.75	19.24	19.41	5087201	99645184.00
2018/12/17	19.26	19.43	18.65	19.11	5294140	101641744.00
2018/12/18	19.09	19.26	18.86	19.14	4109135	79016016.00
2018/12/19	19.25	19.29	18.28	18.44	8647716	161538160.00
2018/12/20	18.37	18.73	18.05	18.45	7296335	135350368.00
2018/12/21	18.53	18.61	17.84	18.18	6468279	118682504.00
2018/12/24	18.41	19.24	18.24	19.05	9638404	183829520.00
2018/12/25	19.06	19.60	18.85	19.26	6548097	126805360.00
2018/12/26	19.25	19.73	19.20	19.51	6102488	119874184.00
2018/12/27	19.72	19.83	19.30	19.37	4802731	94321704.00
2018/12/28	19.37	19.61	18.99	19.46	4420217	86276088.00
2019/01/02	19.53	19.60	18.75	19.24	4393168	84449552.00
2019/01/03	19.00	19.15	18.65	18.65	3756769	71358560.00
2019/01/04	18.47	19.10	18.47	18.90	4007576	76099704.00
2019/01/07	18.99	19.65	18.77	19.37	5559353	107839408.00
2019/01/08	19.35	19.63	19.16	19.36	3875247	75639056.00
2019/01/09	19.38	19.67	19.20	19.35	4783418	94088456.00
2019/01/10	19.35	19.63	18.95	19.62	4844508	94831936.00
2019/01/11	19.63	19.70	19.37	19.62	3480526	68540344.00
2019/01/14	19.74	19.94	19.53	19.60	5591006	111279840.00
2019/01/15	19.57	20.01	19.49	19.94	4458986	89151552.00
2019/01/16	19.78	20.80	19.78	20.65	7792586	160568096.00
2019/01/17	20.60	21.25	20.47	20.81	7882522	166091664.00
2019/01/18	21.10	21.45	20.82	20.95	7701197	163401984.00
2019/01/21	21.11	21.51	20.99	21.25	9322957	199300080.00
2019/01/22	21.21	21.21	20.72	20.81	5580965	117444280.00
2019/01/23	21.05	21.45	20.65	21.12	5942372	126061072.00
2019/01/24	21.10	21.45	20.81	21.20	5148622	109946680.00
2019/01/25	21.19	21.70	21.10	21.55	5983237	129514760.00
2019/01/28	21.45	21.72	21.05	21.16	5424733	116560152.00
2019/01/29	21.16	21.59	20.77	21.25	6772956	144279472.00
2019/01/30	21.13	21.33	20.50	20.71	7064253	148777488.00
2019/01/31	20.93	21.91	20.71	21.25	10578254	227914144.00
2019/02/01	21.26	22.09	21.26	21.86	7800038	171770832.00
2019/02/11	21.75	22.14	21.59	22.08	5424604	119958736.00
2019/02/12	22.06	22.10	21.69	21.87	6282726	138198432.00
2019/02/13	21.87	22.05	21.65	21.86	7193970	158289920.00
2019/02/14	21.88	22.05	21.38	21.74	7478116	162891120.00
2019/02/15	21.62	21.64	21.18	21.19	7357469	158168288.00
2019/02/18	21.34	21.85	21.20	21.83	13106205	283619776.00
2019/02/19	21.82	21.82	21.13	21.23	10886853	234493216.00
2019/02/20	21.20	21.23	20.87	21.04	6842065	144726656.00
2019/02/21	21.02	21.34	20.86	21.05	7003048	149071120.00
2019/02/22	21.06	21.46	20.91	21.44	8046569	171823376.00
2019/02/25	21.43	22.82	21.17	22.75	21328369	471595072.00
2019/02/26	22.74	23.53	22.40	23.15	20887820	484200896.00
2019/02/27	22.95	23.35	22.81	22.82	12329958	286964992.00
2019/02/28	22.82	23.51	22.66	23.50	8574344	200774512.00
2019/03/01	23.72	23.94	23.12	23.35	8283433	194535520.00
2019/03/04	23.37	24.36	23.37	23.63	12163932	293024384.00
2019/03/05	23.56	23.95	23.16	23.80	6377466	151291008.00
2019/03/06	23.80	23.88	23.35	23.68	6699283	158553328.00
2019/03/07	23.67	23.77	23.03	23.32	9630735	226351792.00
2019/03/08	22.87	23.65	22.84	23.00	9351094	218650720.00
2019/03/11	23.00	24.14	22.97	24.02	11060018	263263568.00
2019/03/12	24.20	24.24	23.41	23.77	11121450	266172560.00
2019/03/13	23.71	23.71	22.91	23.01	7112154	166438480.00
2019/03/14	23.04	23.32	22.66	23.15	6046955	139461376.00
2019/03/15	23.15	23.70	23.01	23.30	6260639	147446144.00
2019/03/18	23.33	24.45	23.15	24.45	13676524	329660736.00
2019/03/19	24.31	24.76	23.76	23.91	8631358	208961408.00
2019/03/20	23.91	24.03	23.35	23.64	6454554	153781696.00
2019/03/21	23.64	24.23	23.63	23.96	7517719	180848928.00
2019/03/22	23.85	24.10	23.45	23.98	6169685	147784496.00
2019/03/25	23.54	24.84	23.45	24.22	10598465	259710592.00
2019/03/26	24.65	24.65	23.07	23.20	9997916	237083360.00
2019/03/27	23.18	23.51	22.85	23.26	5389470	125915360.00
2019/03/28	23.26	23.73	23.01	23.55	5998583	141788224.00
2019/03/29	23.40	25.23	23.37	25.09	15126349	374481056.00
2019/04/01	25.31	26.44	25.21	26.12	15180751	396988448.00
2019/04/02	26.12	26.65	25.85	26.25	12288142	325777216.00
2019/04/03	26.14	26.71	25.95	26.49	8635619	228572768.00
2019/04/04	26.64	26.70	25.35	25.78	13868051	359595328.00
2019/04/08	25.93	25.97	25.20	25.36	9531209	245012528.00
2019/04/09	25.57	25.83	25.27	25.56	6383915	164746384.00
2019/04/10	25.62	26.45	25.42	25.47	10569619	274638144.00
2019/04/11	25.39	25.49	24.65	24.71	7790185	195483792.00
2019/04/12	24.77	25.05	24.50	24.74	5667073	141111776.00
2019/04/15	24.99	25.45	24.88	25.01	7480092	189510048.00
2019/04/16	24.95	25.24	24.26	25.18	7230896	179741856.00
2019/04/17	25.34	25.42	24.45	24.70	9216613	229757248.00
2019/04/18	24.80	24.80	23.64	23.73	14998196	360710560.00
2019/04/19	23.74	24.05	23.35	24.00	12251692	291980256.00
2019/04/22	24.03	24.04	23.60	23.69	5815934	139261424.00
2019/04/23	23.73	24.27	23.45	23.71	13093543	314925376.00
2019/04/24	23.75	24.10	23.52	23.84	9540068	228462096.00
2019/04/25	23.88	24.01	23.36	23.36	8499395	202365472.00
2019/04/26	23.30	23.55	22.93	22.94	9086952	212381088.00
2019/04/29	22.94	23.94	22.92	23.56	12180956	288617600.00
2019/04/30	23.69	24.00	23.23	23.31	5865314	138986256.00
2019/05/06	22.65	23.03	21.70	22.11	11840183	267876288.00
2019/05/07	22.14	22.93	22.14	22.74	8667936	197503504.00
2019/05/08	22.45	23.07	22.27	22.63	5885242	135040000.00
2019/05/09	22.31	22.72	21.90	21.95	5890718	131930672.00
2019/05/10	22.20	23.24	22.20	23.22	9807154	224745568.00
2019/05/13	23.04	23.04	22.72	22.89	4618592	106235992.00
2019/05/14	22.59	23.04	22.44	22.45	5725865	130982736.00
2019/05/15	22.66	22.92	22.38	22.90	9871409	225382224.00
2019/05/16	22.75	23.08	22.51	23.06	7152973	163837424.00
2019/05/17	22.99	23.00	22.12	22.13	8716156	196815664.00
2019/05/20	22.13	22.30	21.72	22.19	4735224	105217296.00
2019/05/21	22.35	23.53	22.19	23.32	11271823	261977280.00
2019/05/22	23.33	23.73	23.07	23.66	8736969	206739584.00
2019/05/23	23.66	23.66	22.90	23.15	5389999	125711112.00
2019/05/24	23.13	23.40	22.88	23.11	3904755	91083728.00
2019/05/27	23.10	23.58	22.93	23.47	5631121	132214992.00
2019/05/28	23.54	23.56	23.05	23.13	5584896	130937600.00
2019/05/29	22.91	23.34	22.85	23.11	3834445	89160208.00
2019/05/30	23.10	23.10	22.31	22.56	5398486	122422512.00
2019/05/31	22.56	23.18	22.42	22.92	5333084	121970880.00
2019/06/03	23.17	23.49	22.72	23.13	5644738	130463104.00
2019/06/04	23.00	23.01	22.50	22.65	3345859	76012800.00
2019/06/05	22.80	22.92	22.20	22.28	3917347	88178736.00
2019/06/06	22.27	22.34	21.77	21.82	3088360	67801488.00
2019/06/10	21.90	22.33	21.47	22.00	3783027	82897192.00
2019/06/11	22.14	22.98	21.87	22.95	6059255	137448736.00
2019/06/12	22.95	23.07	22.68	22.75	3994238	91235440.00
2019/06/13	22.73	23.02	22.62	22.98	3188842	72956040.00
2019/06/14	22.98	23.09	22.70	22.70	3944858	89998008.00
2019/06/17	22.86	23.19	22.57	22.95	3567446	81727432.00
2019/06/18	22.76	23.45	22.76	23.29	5313900	123617944.00
2019/06/19	23.68	24.28	23.52	24.22	11727897	280774656.00
2019/06/20	24.08	24.58	23.93	24.25	8118814	196725344.00
2019/06/21	24.25	24.63	23.85	24.01	7016481	169820976.00
2019/06/24	24.10	24.21	23.76	24.08	5769557	138292896.00
2019/06/25	24.08	24.40	23.63	24.06	7322083	175939184.00
2019/06/26	23.83	25.00	23.83	24.88	11310154	279003040.00
2019/06/27	24.89	25.10	24.65	25.00	7043178	175602976.00
2019/06/28	25.00	25.00	24.46	24.62	4406151	108812168.00
2019/07/01	25.18	25.34	24.80	25.21	7895217	198207936.00
2019/07/02	25.15	25.15	24.73	25.04	7959092	198749120.00
2019/07/03	25.05	25.05	24.40	24.64	6881199	170081600.00
2019/07/04	24.82	25.09	24.33	24.55	4702657	116048312.00
2019/07/05	24.74	24.74	24.15	24.46	5482775	133741160.00
2019/07/08	24.45	24.65	23.65	24.08	5435592	130797792.00
2019/07/09	24.05	24.33	23.76	23.95	5252578	126111936.00
2019/07/10	23.98	24.35	23.82	24.06	3339537	80342440.00
2019/07/11	24.20	24.95	23.87	24.68	6506878	159697968.00
2019/07/12	24.55	24.93	24.28	24.54	5992176	147303008.00
2019/07/15	24.58	24.65	23.94	24.33	5381739	130671960.00
2019/07/16	24.50	25.09	24.50	24.53	6060683	150025280.00
2019/07/17	24.46	24.47	24.00	24.04	4712957	113632072.00
2019/07/18	23.88	23.88	23.02	23.10	7951593	184887552.00
2019/07/19	23.24	23.29	22.25	22.69	12833630	291034144.00
2019/07/22	22.56	22.76	22.22	22.48	6470495	145222592.00
2019/07/23	22.50	22.66	22.25	22.60	5289826	119062128.00
2019/07/24	22.75	23.17	22.63	23.08	7397279	170059792.00
2019/07/25	23.07	23.10	22.83	22.97	7089285	162775152.00
2019/07/26	22.94	23.64	22.82	23.55	7216976	167984432.00
2019/07/29	23.55	23.58	23.01	23.22	3904855	90502392.00
2019/07/30	23.24	23.44	23.10	23.12	4326912	100501728.00
2019/07/31	23.06	23.22	22.96	23.20	4475778	103240136.00
2019/08/01	23.01	23.08	22.68	22.75	4053848	92536136.00
2019/08/02	22.01	22.50	21.92	22.25	8143958	180439632.00
2019/08/05	22.25	22.65	22.15	22.23	7391510	165611680.00
2019/08/06	21.99	22.37	21.80	22.24	7006005	155429376.00
2019/08/07	22.35	22.50	22.00	22.05	4359774	96726816.00
2019/08/08	22.20	22.33	21.87	22.10	4429100	97624712.00
2019/08/09	22.05	22.16	21.33	21.35	7473654	161401824.00
2019/08/12	21.35	21.57	21.09	21.55	7806198	165986928.00
2019/08/13	21.36	21.36	20.69	21.19	9584541	201792544.00
2019/08/14	21.46	21.59	21.20	21.29	6326161	135237536.00
2019/08/15	20.92	21.59	20.51	21.46	12860124	270223392.00
2019/08/16	21.39	21.40	20.97	20.97	11410170	240801648.00
2019/08/19	21.00	21.56	20.83	21.50	13387336	284539264.00
2019/08/20	21.51	21.91	21.51	21.64	10953965	237638384.00
2019/08/21	21.64	22.15	21.60	22.15	11328992	248907696.00
2019/08/22	22.05	22.34	21.80	22.02	5666059	124963880.00
2019/08/23	21.80	22.47	21.80	22.44	7534615	167469872.00
2019/08/26	22.00	22.94	21.88	22.84	10552520	238449328.00
2019/08/27	22.82	23.08	22.68	22.76	7394267	168748480.00
2019/08/28	22.78	22.82	22.15	22.26	9761676	218345888.00
2019/08/29	22.35	22.35	21.79	21.92	7223857	158698224.00
2019/08/30	22.02	22.34	21.48	21.69	6509739	142222592.00
2019/09/02	21.71	22.46	21.71	22.39	7000740	155617728.00
2019/09/03	22.41	22.56	22.11	22.16	6527008	145217440.00
2019/09/04	22.27	22.27	21.73	22.11	7136986	156515248.00
2019/09/05	22.14	22.80	22.14	22.30	11060271	248488512.00
2019/09/06	22.41	22.70	22.09	22.68	7779578	174802288.00
2019/09/09	22.77	22.98	22.49	22.83	7172048	162917552.00
2019/09/10	22.87	23.49	22.78	23.09	10629544	246202464.00
2019/09/11	23.22	23.40	22.70	22.78	6213424	142820544.00
2019/09/12	22.85	22.88	22.51	22.69	4854115	109891680.00
2019/09/16	22.75	23.09	22.57	22.68	7319974	166837104.00
2019/09/17	22.69	22.80	22.12	22.21	6295255	140812816.00
2019/09/18	22.26	22.53	22.26	22.46	3734473	83745896.00
2019/09/19	22.54	22.87	22.32	22.77	5745348	130598440.00
2019/09/20	22.80	22.95	22.58	22.83	5009632	114063944.00
2019/09/23	22.79	22.79	22.24	22.65	3731290	83824472.00
2019/09/24	22.65	23.08	22.62	22.98	6464856	148071872.00
2019/09/25	22.90	22.90	22.40	22.40	4486857	101282512.00
2019/09/26	22.45	22.58	21.73	21.80	6229526	137609072.00
2019/09/27	21.82	21.99	21.70	21.80	2991634	65348124.00
2019/09/30	21.79	22.06	21.60	21.60	2824359	61522184.00
2019/10/08	21.50	21.85	21.37	21.39	4351040	93636408.00
2019/10/09	21.36	21.55	21.33	21.52	3513973	75338592.00
2019/10/10	21.54	21.81	21.43	21.75	3948862	85437576.00
2019/10/11	21.79	21.88	21.57	21.83	4233148	92074216.00
2019/10/14	22.01	22.33	21.90	21.94	5873406	130052952.00
2019/10/15	21.99	22.32	21.83	22.14	5046103	111678392.00
2019/10/16	22.30	22.30	22.05	22.15	3749001	83056064.00
2019/10/17	22.14	22.16	21.73	22.10	5295867	116185296.00
2019/10/18	22.14	23.13	22.11	22.70	14056886	319827968.00
2019/10/21	22.70	23.16	21.90	22.16	11348605	254846656.00
2019/10/22	22.16	22.26	21.80	21.97	5611082	123255752.00
2019/10/23	21.98	22.02	21.50	21.53	5704375	123471488.00
2019/10/24	21.70	21.77	21.21	21.40	5921674	126531784.00
2019/10/25	21.39	21.64	21.31	21.62	4020195	86537632.00
2019/10/28	21.63	21.90	21.62	21.80	4909674	106956336.00
2019/10/29	21.83	22.07	21.53	21.70	6677155	145078192.00
2019/10/30	21.62	21.73	21.03	21.27	7995144	170629264.00
2019/10/31	21.36	21.77	21.25	21.53	6209546	133955584.00
2019/11/01	21.42	21.82	21.38	21.70	6344684	137397680.00
2019/11/04	21.87	22.18	21.80	22.03	7232628	159482512.00
2019/11/05	22.12	22.27	21.90	22.08	5972612	131920664.00
2019/11/06	22.10	22.15	21.59	21.68	6657383	145403488.00
2019/11/07	21.61	22.73	21.61	22.61	11330767	253938192.00
2019/11/08	22.80	22.89	22.26	22.27	7701983	173084944.00
2019/11/11	22.20	22.23	21.34	21.40	9525822	206613152.00
2019/11/12	21.48	21.55	21.13	21.55	5521796	118031184.00
2019/11/13	21.55	21.55	21.20	21.34	5375425	114645808.00
2019/11/14	21.35	21.43	21.10	21.17	6988136	148126224.00
2019/11/15	21.17	21.21	20.58	20.61	8654458	180386656.00
2019/11/18	20.62	20.71	20.20	20.64	6456936	132185760.00
2019/11/19	20.55	20.95	20.45	20.88	5661606	117568136.00
2019/11/20	20.90	20.96	20.55	20.65	5904333	122471744.00
2019/11/21	20.61	21.03	20.47	20.86	5545973	115075720.00
2019/11/22	21.00	21.01	20.22	20.55	9329130	191751184.00
2019/11/25	20.39	20.45	19.74	19.92	12204684	243193728.00
2019/11/26	19.93	19.94	19.19	19.19	20301305	394757568.00
2019/11/27	19.27	19.49	19.19	19.27	6667660	128784352.00
2019/11/28	19.34	19.52	19.28	19.48	5131864	99685592.00
2019/11/29	19.52	19.55	19.28	19.53	4577691	88838176.00
2019/12/02	19.53	19.55	19.29	19.33	4682595	90680368.00
2019/12/03	19.28	19.28	18.82	19.23	6557305	124639256.00
2019/12/04	18.99	18.99	18.20	18.66	13959292	259072288.00
2019/12/05	18.65	19.16	18.56	19.16	8382835	158096992.00
2019/12/06	19.17	19.56	19.12	19.46	8165322	158502912.00
2019/12/09	19.50	19.65	19.23	19.32	7723860	149754512.00
2019/12/10	19.37	19.53	19.22	19.46	5803644	112752224.00
2019/12/11	19.43	19.65	19.30	19.42	5696056	110730024.00
2019/12/12	19.42	19.68	19.37	19.41	4696370	91569432.00
2019/12/13	19.58	19.95	19.50	19.94	9914847	196689312.00
2019/12/16	20.00	20.04	19.65	19.97	8424726	166977216.00
2019/12/17	19.92	20.09	19.79	19.96	11589482	231183936.00
2019/12/18	19.95	20.06	19.78	19.80	8605274	171246336.00
2019/12/19	19.79	19.80	19.57	19.65	9293971	182687792.00
2019/12/20	19.71	19.71	19.34	19.36	7944034	154928832.00
2019/12/23	19.34	19.48	19.05	19.08	6577293	126598696.00
2019/12/24	19.18	19.29	19.05	19.27	4243661	81385752.00
2019/12/25	19.22	19.29	19.05	19.13	6724482	128920864.00
2019/12/26	19.11	19.26	19.11	19.26	4963147	95190192.00
2019/12/27	19.19	19.74	19.19	19.66	13165797	257997728.00
2019/12/30	19.65	19.95	19.36	19.95	13278418	261348080.00
2019/12/31	19.92	20.38	19.75	20.32	14494259	291465952.00
2020/01/02	20.38	20.48	20.14	20.32	9934211	202012752.00
2020/01/03	20.39	20.47	20.20	20.33	7764007	157749536.00
2020/01/06	20.16	20.63	19.93	20.25	10360481	210839952.00
2020/01/07	20.40	20.88	20.29	20.79	11702199	242198864.00
2020/01/08	20.63	20.74	20.35	20.36	8565986	175826816.00
2020/01/09	20.60	20.99	20.55	20.92	8373396	174055280.00
2020/01/10	20.99	21.02	20.67	20.74	7034938	146255648.00
2020/01/13	20.68	20.78	20.43	20.76	9517117	195900832.00
2020/01/14	20.76	20.96	20.45	20.57	8908068	183767056.00
2020/01/15	20.58	20.95	20.45	20.56	7520009	155400224.00
2020/01/16	20.57	20.68	20.31	20.54	4857017	99422896.00
2020/01/17	20.56	20.94	20.35	20.75	9015615	186760288.00
数据来源:通达信
