002410 广联达 日线 前复权
      日期	    开盘	    最高	    最低	    收盘	    成交量	    成交额
2013/09/02	10.24	11.15	10.00	11.04	3889239	98904128.00
2013/09/03	11.06	11.30	10.86	11.28	5002671	131688096.00
2013/09/04	11.28	11.44	11.04	11.20	2027698	53876192.00
2013/09/05	11.25	11.29	10.88	10.88	2597206	67854616.00
2013/09/06	10.89	11.18	10.66	11.09	2653680	68826672.00
2013/09/09	11.09	11.14	10.71	10.75	2084172	53412748.00
2013/09/10	10.73	10.73	10.33	10.38	2661111	66286568.00
2013/09/11	10.38	10.54	9.78	9.98	3957773	95112848.00
2013/09/12	9.96	10.31	9.89	10.00	2918415	70248744.00
2013/09/13	10.01	10.35	9.84	10.14	4091523	99277768.00
2013/09/16	10.14	10.40	10.14	10.38	2979678	73440128.00
2013/09/17	10.43	10.50	9.91	9.98	2967953	71908640.00
2013/09/18	10.01	10.11	9.88	10.07	1601896	38504616.00
2013/09/23	10.07	10.68	10.07	10.64	4450665	110707120.00
2013/09/24	10.64	11.07	10.64	10.90	4926625	127406200.00
2013/09/25	10.92	11.11	10.62	10.77	4404239	112904536.00
2013/09/26	10.77	11.04	10.50	10.71	2584817	66268584.00
2013/09/27	10.59	11.02	10.57	11.01	4114025	106295008.00
2013/09/30	11.07	11.45	11.00	11.02	2999054	79601088.00
2013/10/08	10.95	10.97	10.55	10.74	5983473	152313600.00
2013/10/09	10.84	11.95	10.78	11.95	7359495	199130528.00
2013/10/10	11.97	12.13	11.69	12.01	4823975	135038752.00
2013/10/11	13.11	13.11	12.36	12.69	7261308	214914896.00
2013/10/14	12.76	13.40	12.68	12.86	4240377	127808512.00
2013/10/15	12.90	13.02	12.59	12.92	3137394	93590144.00
2013/10/16	12.98	13.01	12.16	12.64	3521471	102560472.00
2013/10/17	12.75	12.86	12.21	12.23	2767555	81210496.00
2013/10/18	12.20	12.92	11.93	12.79	3916935	114193264.00
2013/10/21	12.90	13.85	12.73	13.81	5031331	156630880.00
2013/10/22	13.72	13.76	13.23	13.44	3204149	100306248.00
2013/10/23	13.43	13.59	12.26	12.88	3308159	99084208.00
2013/10/24	12.68	13.05	12.45	12.80	2079853	62130296.00
2013/10/25	12.75	13.07	11.94	11.98	4285133	123491392.00
2013/10/28	11.95	12.54	11.73	12.35	3438226	98549656.00
2013/10/29	12.35	12.65	11.64	12.19	3964023	113511920.00
2013/10/30	12.17	12.96	12.17	12.73	4097281	122099168.00
2013/10/31	12.73	12.73	11.97	12.04	2731751	78066456.00
2013/11/01	12.04	12.16	11.21	11.92	4252810	115883184.00
2013/11/04	11.83	12.09	11.63	11.88	2230737	62032580.00
2013/11/05	11.85	12.11	11.55	12.00	1923707	53720092.00
2013/11/06	11.90	11.99	11.39	11.47	2731279	74698720.00
2013/11/07	11.42	11.59	10.78	10.80	3762427	98821520.00
2013/11/08	10.73	11.29	10.44	11.17	3163451	81339704.00
2013/11/11	11.13	11.41	11.02	11.26	2646426	70295416.00
2013/11/12	11.26	11.78	11.11	11.76	3504306	95543024.00
2013/11/13	11.81	12.25	11.68	11.70	3632331	102376984.00
2013/11/14	11.50	12.23	11.31	12.16	2493659	70168272.00
2013/11/15	12.09	12.71	11.98	12.66	3094673	90767216.00
2013/11/18	12.64	12.94	12.45	12.68	1784011	52905420.00
2013/11/19	12.64	12.69	12.19	12.45	2029123	58796888.00
2013/11/20	12.40	12.54	12.07	12.27	1992674	57129852.00
2013/11/21	12.26	12.62	12.00	12.61	1754267	50630056.00
2013/11/22	12.54	12.66	12.31	12.43	939530	27332940.00
2013/11/25	12.43	12.82	12.23	12.68	1561403	46038848.00
2013/11/26	12.54	12.82	12.53	12.76	1633569	48318352.00
2013/11/27	12.81	12.90	12.54	12.83	1525450	45583172.00
2013/11/28	12.83	13.12	12.60	13.05	2274737	68337264.00
2013/11/29	12.95	13.09	12.81	13.02	1279950	38604948.00
2013/12/02	12.66	12.81	11.75	12.03	3484067	99798336.00
2013/12/03	11.79	12.31	11.79	12.26	1139554	32376734.00
2013/12/04	12.21	12.59	12.19	12.36	1229356	35610916.00
2013/12/05	12.21	12.50	11.73	11.73	1982172	55556056.00
2013/12/06	11.88	11.91	11.30	11.50	1541258	41869600.00
2013/12/09	11.82	11.82	11.43	11.54	1221856	33217256.00
2013/12/10	11.52	12.26	11.45	12.17	2155345	60544720.00
2013/12/11	12.16	12.43	12.02	12.13	1029392	29495928.00
2013/12/12	12.11	12.79	12.00	12.76	2388638	69844136.00
2013/12/13	12.64	12.97	12.50	12.90	2070231	61867768.00
2013/12/16	12.88	12.88	12.35	12.54	1007435	29642252.00
2013/12/17	12.54	12.54	12.07	12.35	774817	22235218.00
2013/12/18	12.25	12.65	12.19	12.51	1038391	30172294.00
2013/12/19	12.55	12.60	12.20	12.41	883331	25654988.00
2013/12/20	12.35	12.41	12.01	12.12	1271455	36213260.00
2013/12/23	12.26	12.64	11.79	12.56	1775306	51170040.00
2013/12/24	12.69	12.77	12.34	12.49	1326668	38912156.00
2013/12/25	12.50	13.32	12.49	13.02	2947740	88972240.00
2013/12/26	13.02	13.30	12.73	12.81	1993683	60359908.00
2013/12/27	12.81	13.20	12.72	13.02	2788574	83970520.00
2013/12/30	13.04	13.54	12.85	13.36	3263316	100734408.00
2013/12/31	13.29	13.65	13.11	13.59	2623279	81629296.00
2014/01/02	13.40	14.78	13.40	14.51	4199713	137768864.00
2014/01/03	14.54	15.33	14.51	15.07	4945770	170858672.00
2014/01/06	15.21	16.11	14.62	14.76	3966684	137770608.00
2014/01/07	14.53	14.83	14.40	14.77	2550670	85948264.00
2014/01/08	14.59	15.43	14.34	14.90	2842505	97998440.00
2014/01/09	14.73	15.82	14.64	14.66	3439112	120007232.00
2014/01/10	14.58	14.67	13.79	13.93	2056116	67113512.00
2014/01/13	13.88	14.52	13.84	14.05	2329443	76470632.00
2014/01/14	14.02	15.60	14.02	15.42	2881529	99455152.00
2014/01/15	15.63	16.16	15.43	15.98	2595978	94106624.00
2014/01/16	15.98	16.13	15.41	15.42	2231534	79768152.00
2014/01/17	15.31	15.76	15.21	15.72	3105026	110420744.00
2014/01/20	15.69	15.78	15.16	15.47	1630064	57954368.00
2014/01/21	15.47	17.16	15.29	17.10	5508506	210093472.00
2014/01/22	16.90	17.84	16.68	17.45	4054041	158761584.00
2014/01/23	17.25	19.33	17.07	19.30	5591604	235098416.00
2014/01/24	19.26	20.26	18.64	20.19	5367092	234676912.00
2014/01/27	19.92	20.82	19.16	19.54	4650070	207664320.00
2014/01/28	19.79	19.83	18.67	19.31	3297826	141966896.00
2014/01/29	19.19	20.78	19.08	19.69	3110381	139410848.00
2014/01/30	19.69	20.87	19.40	20.83	1931198	88511344.00
2014/02/07	20.83	22.10	20.31	20.83	2936781	138182112.00
2014/02/10	20.83	21.42	19.96	20.11	5042015	232120208.00
2014/02/11	20.25	20.25	18.66	18.87	5557999	241256384.00
2014/02/12	18.88	19.25	18.50	18.98	3384291	144225152.00
2014/02/13	18.98	19.67	17.97	17.97	4722339	201917632.00
2014/02/14	18.07	19.89	18.07	19.81	6308291	272531232.00
2014/02/17	19.60	21.55	19.59	21.24	5294894	246696352.00
2014/02/18	21.37	21.66	20.51	20.75	3123611	146364160.00
2014/02/19	20.52	21.83	20.08	21.78	3750844	176932896.00
2014/02/20	21.59	22.04	20.26	20.50	2661600	125000368.00
2014/02/21	20.26	20.45	19.78	20.02	2297741	103209360.00
2014/02/24	19.75	19.75	18.55	19.06	5460969	233048496.00
2014/02/25	19.18	19.91	17.85	18.35	7112048	301586240.00
2014/02/26	18.11	18.41	17.17	17.55	5444415	219986960.00
2014/02/27	17.66	18.51	17.57	18.22	4853666	198521456.00
2014/02/28	18.26	18.26	16.69	17.73	4047527	159615808.00
2014/03/03	17.64	18.29	17.11	18.10	3404832	136782336.00
2014/03/04	18.00	18.01	16.46	16.86	4852264	187216512.00
2014/03/05	16.85	17.19	16.46	17.00	2812588	107458208.00
2014/03/06	16.69	17.18	16.10	17.14	3422812	129630720.00
2014/03/07	16.88	17.57	16.81	17.18	2720172	107208368.00
2014/03/10	17.16	17.78	16.21	17.73	3324468	129427048.00
2014/03/11	17.49	18.00	16.49	16.64	3586916	138714400.00
2014/03/12	16.39	16.76	16.07	16.17	2992269	111870328.00
2014/03/13	16.21	17.54	16.21	17.26	2216497	85343784.00
2014/03/14	17.16	17.53	16.82	17.22	1446479	56605064.00
2014/03/17	17.33	18.14	17.16	18.13	2162673	86889768.00
2014/03/18	18.13	18.37	17.45	17.61	3869050	157430016.00
2014/03/19	17.44	17.72	16.97	17.25	1987850	78089312.00
2014/03/20	17.25	17.26	15.39	15.39	5503387	203474880.00
2014/03/21	15.16	16.61	14.22	16.35	6142300	215576864.00
2014/03/24	16.11	16.34	15.14	15.34	5002055	178201312.00
2014/03/25	15.20	15.82	14.83	15.52	4135932	147083168.00
2014/03/26	15.36	16.35	15.36	15.92	2437732	88961264.00
2014/03/27	16.15	16.35	15.54	15.93	2554515	92882600.00
2014/03/28	15.76	16.11	15.31	15.31	2147131	77468696.00
2014/03/31	15.47	16.31	15.47	15.92	2120620	77053280.00
2014/04/01	15.95	16.92	15.41	16.82	3248548	120992672.00
2014/04/02	16.69	16.95	16.22	16.61	1658777	62573580.00
2014/04/03	16.57	16.88	15.91	15.91	2040338	76530448.00
2014/04/04	15.87	16.40	15.74	15.90	1812011	66068964.00
2014/04/08	15.69	16.00	15.38	15.91	1751702	63041764.00
2014/04/09	15.92	16.47	15.91	16.27	1948409	71978440.00
2014/04/10	16.45	16.52	16.23	16.50	2019105	75553176.00
2014/04/11	16.54	16.54	16.16	16.27	1307592	48540732.00
2014/04/14	16.61	16.92	16.54	16.92	2246859	85405640.00
2014/04/15	16.97	17.07	16.35	16.44	1876160	71085192.00
2014/04/16	16.40	16.58	15.92	16.28	1169505	43183712.00
2014/04/17	16.21	16.30	15.83	15.92	1262995	46264544.00
2014/04/18	15.74	16.30	15.74	16.06	676618	24816564.00
2014/04/21	16.06	16.35	15.88	15.89	738203	27130214.00
2014/04/22	15.88	16.11	14.67	15.21	1906330	66890368.00
2014/04/23	15.11	15.26	14.07	14.48	3886562	129738704.00
2014/04/24	14.32	14.87	14.21	14.55	2323161	78261256.00
2014/04/25	14.55	14.58	13.59	13.95	3882596	124711544.00
2014/04/28	13.83	13.83	13.15	13.25	3850199	119868688.00
2014/04/29	13.38	13.80	13.22	13.73	2041643	64349624.00
2014/04/30	13.73	14.74	13.73	14.45	1748612	57979936.00
2014/05/05	14.36	14.59	14.08	14.36	937839	30909000.00
2014/05/06	14.33	14.78	14.12	14.42	1444580	48235888.00
2014/05/07	14.31	14.32	13.42	13.81	2876082	91141704.00
2014/05/08	13.57	13.69	13.21	13.60	3572092	111290744.00
2014/05/09	13.43	13.83	12.93	13.72	3309723	102535280.00
2014/05/12	13.57	14.29	13.50	14.27	2680271	86215112.00
2014/05/13	14.18	14.27	13.83	13.99	2671366	86370144.00
2014/05/14	14.06	14.21	13.89	14.04	1363672	44309756.00
2014/05/15	14.02	14.16	13.79	14.08	810894	26090026.00
2014/05/16	13.97	14.27	13.59	13.82	1571004	50557792.00
2014/05/19	13.73	13.73	13.28	13.43	1106804	34492040.00
2014/05/20	13.57	14.01	13.55	13.63	2340047	74714120.00
2014/05/21	13.59	14.26	13.41	14.13	1801384	57820336.00
2014/05/22	14.22	15.29	14.19	14.77	3000805	102857640.00
2014/05/23	14.77	15.35	14.51	15.13	1625132	55974952.00
2014/05/26	15.12	15.40	14.77	15.40	2464085	85577920.00
2014/05/27	15.40	15.47	14.95	15.02	1670497	57972572.00
2014/05/28	15.02	16.19	14.84	15.73	3940153	141459056.00
2014/05/29	15.70	15.84	15.41	15.83	1563129	55895868.00
2014/05/30	15.81	15.83	15.31	15.64	2301431	82447648.00
2014/06/03	15.64	15.82	15.02	15.13	2099802	73204728.00
2014/06/04	14.99	15.02	14.51	14.91	2262592	76664032.00
2014/06/05	14.79	15.82	14.75	15.77	2342377	83005976.00
2014/06/06	15.75	16.21	15.31	15.36	3046305	109883152.00
2014/06/09	15.38	15.38	14.79	14.92	2034735	49625944.00
2014/06/10	14.87	15.35	14.84	15.32	1662507	40676392.00
2014/06/11	15.32	15.85	14.99	15.85	2748389	68990352.00
2014/06/12	15.85	16.10	15.28	15.56	3513512	88547440.00
2014/06/13	15.45	15.92	15.29	15.74	4273115	107915560.00
2014/06/16	15.84	16.80	15.54	16.45	5939408	154825376.00
2014/06/17	16.37	16.37	15.97	16.22	5392405	140422512.00
2014/06/18	16.31	16.32	15.85	15.90	1948252	50264752.00
2014/06/19	15.82	16.18	14.69	14.85	3753398	94011360.00
2014/06/20	14.86	15.45	14.86	15.22	3035085	74848232.00
2014/06/23	15.13	15.69	15.13	15.46	3261030	81552496.00
2014/06/24	15.39	15.84	15.39	15.52	2198489	55581988.00
2014/06/25	15.57	15.74	15.38	15.50	1544020	38874988.00
2014/06/26	15.62	15.65	15.44	15.64	2030085	51064784.00
2014/06/27	15.65	15.66	15.41	15.42	3101158	77604840.00
2014/06/30	15.45	17.05	15.45	16.41	7842405	206240704.00
2014/07/01	16.38	18.17	16.38	18.17	10864089	302377728.00
2014/07/02	18.66	18.98	17.58	18.42	9919372	290045664.00
2014/07/03	18.12	19.16	17.85	18.76	9974927	295661120.00
2014/07/04	18.65	18.71	18.06	18.22	5519982	161464768.00
2014/07/07	17.98	17.98	17.42	17.75	5935335	168339376.00
2014/07/08	17.68	18.50	17.54	18.32	5244526	152433712.00
2014/07/09	18.18	18.25	17.66	17.66	3639170	104787672.00
2014/07/10	17.58	17.90	17.26	17.35	3425524	97038888.00
2014/07/11	17.24	17.44	17.13	17.36	3876026	107729232.00
2014/07/14	17.39	18.25	17.26	17.74	5904149	168586560.00
2014/07/15	17.72	17.75	16.98	17.23	4726290	130398760.00
2014/07/16	17.26	17.32	16.32	16.48	4829839	129197520.00
2014/07/17	16.58	16.75	16.06	16.22	3947391	103916344.00
2014/07/18	16.22	16.32	15.78	15.92	4230001	109718008.00
2014/07/21	15.98	16.45	15.85	16.27	3300919	86296704.00
2014/07/22	16.32	16.68	16.22	16.58	3397509	89880968.00
2014/07/23	16.55	16.78	16.04	16.07	3229468	84940624.00
2014/07/24	16.08	16.29	15.36	15.58	4109126	104375824.00
2014/07/25	15.58	16.58	15.52	16.56	2590583	67113544.00
2014/07/28	16.56	17.06	16.34	16.72	5711823	154539328.00
2014/07/29	17.25	17.58	16.78	17.34	7664964	211747424.00
2014/07/30	17.42	17.50	16.97	17.29	4472806	123402712.00
2014/07/31	17.38	17.38	17.02	17.20	3712486	102386784.00
2014/08/01	17.20	17.37	16.70	16.72	4205942	114898544.00
2014/08/04	16.78	17.35	16.78	17.27	4045394	111681736.00
2014/08/05	17.22	17.89	17.22	17.69	5585917	157647184.00
2014/08/06	17.76	18.02	17.45	17.79	3869225	110459856.00
2014/08/07	17.85	18.10	17.37	17.38	3758043	106994264.00
2014/08/08	17.44	17.58	17.10	17.27	3302319	91522096.00
2014/08/11	17.29	17.60	17.14	17.58	3527038	98295048.00
2014/08/12	17.62	17.63	17.11	17.29	5621854	155637424.00
2014/08/13	17.32	17.32	16.86	16.93	3852937	105299056.00
2014/08/14	16.92	17.12	16.78	16.84	3041751	82777848.00
2014/08/15	16.87	17.22	16.82	17.10	2452502	67361640.00
2014/08/18	17.13	17.70	17.13	17.66	5094912	142850144.00
2014/08/19	17.66	17.90	17.34	17.57	4073270	115051712.00
2014/08/20	17.56	17.62	17.02	17.12	4840403	134584832.00
2014/08/21	17.44	17.61	16.92	17.27	4938537	136745136.00
2014/08/22	17.28	17.35	17.05	17.25	3153524	87292064.00
2014/08/25	17.26	17.37	16.58	16.77	5266980	142811616.00
2014/08/26	16.77	16.85	16.26	16.28	4126802	109429832.00
2014/08/27	16.60	16.74	16.36	16.66	3327243	88327040.00
2014/08/28	16.66	16.76	16.30	16.37	2437531	64594572.00
2014/08/29	16.48	16.60	16.17	16.54	2681507	70847424.00
2014/09/01	16.64	17.31	16.56	17.25	5306310	145185440.00
2014/09/02	17.37	17.42	17.05	17.26	5619002	155673360.00
2014/09/03	17.26	17.52	17.20	17.36	4737340	131901376.00
2014/09/04	17.42	17.65	17.33	17.50	5748480	161049280.00
2014/09/05	17.59	17.64	17.20	17.29	5100171	141940976.00
2014/09/09	17.34	17.45	17.07	17.11	5092854	140532016.00
2014/09/10	17.10	17.38	17.04	17.38	4799445	132543144.00
2014/09/11	17.46	18.23	17.46	18.09	13269270	381298048.00
2014/09/12	18.18	18.28	17.78	17.97	6207617	178123552.00
2014/09/15	17.92	17.96	17.14	17.55	10147091	285030240.00
2014/09/16	17.60	17.68	17.04	17.04	6194493	172314080.00
2014/09/17	17.04	17.28	16.85	17.16	4255329	116784016.00
2014/09/18	17.13	17.32	17.01	17.09	3450787	94987488.00
2014/09/19	17.14	17.35	16.96	17.30	3409468	93955944.00
2014/09/22	17.33	17.85	17.32	17.67	8523583	240636736.00
2014/09/23	17.58	17.85	17.52	17.80	7180236	203767200.00
2014/09/24	17.81	17.82	17.54	17.74	6346385	179906448.00
2014/09/25	17.75	17.82	17.12	17.22	12126764	338613984.00
2014/09/26	17.22	17.22	16.58	16.70	12429654	334769408.00
2014/09/29	16.77	17.10	16.73	17.02	6924242	188341872.00
2014/09/30	16.90	17.08	16.76	16.96	4840686	131702496.00
2014/10/08	17.12	17.40	16.98	17.31	8453764	233792272.00
2014/10/09	17.40	17.50	17.00	17.28	7148995	197959696.00
2014/10/10	17.16	17.16	16.81	16.89	8410059	229896672.00
2014/10/13	16.78	17.16	16.71	17.04	6317086	172550832.00
2014/10/14	17.02	17.02	16.70	16.76	5168734	139958512.00
2014/10/15	16.75	16.83	16.38	16.56	4901609	130614432.00
2014/10/16	16.49	16.50	16.10	16.12	6274521	165170480.00
2014/10/17	16.12	16.25	15.56	15.86	7172172	183376496.00
2014/10/20	16.05	16.18	15.85	16.13	5921162	152404176.00
2014/10/21	16.09	16.19	15.88	15.94	3414020	88345512.00
2014/10/22	15.94	16.48	15.94	16.19	5277852	138675680.00
2014/10/23	16.19	16.37	15.98	16.04	3205689	83659600.00
2014/10/24	16.08	16.39	16.08	16.30	2812282	73588544.00
2014/10/27	16.29	16.35	15.84	15.86	3942664	102243688.00
2014/10/28	15.86	16.28	15.86	16.28	3733251	97121816.00
2014/10/29	16.05	16.06	15.10	15.34	40300495	1000616448.00
2014/10/30	15.22	15.36	14.97	15.02	19368072	475192800.00
2014/10/31	15.06	15.16	14.58	14.86	19594516	471501184.00
2014/11/03	14.82	15.05	14.72	14.94	11259398	272462976.00
2014/11/04	14.96	14.99	14.68	14.74	9176100	220588112.00
2014/11/05	14.72	14.78	14.37	14.47	11299743	266306960.00
2014/11/06	14.52	14.68	14.44	14.60	9725142	229764672.00
2014/11/07	14.60	14.63	14.17	14.18	18329820	427914592.00
2014/11/10	14.18	14.34	14.10	14.32	8616368	199373056.00
2014/11/11	14.32	14.49	13.58	13.63	15678567	357766336.00
2014/11/12	13.63	13.80	13.34	13.79	11476237	254459632.00
2014/11/13	13.72	13.79	13.42	13.46	8394118	185436592.00
2014/11/14	13.42	13.62	13.28	13.58	6840165	150796592.00
2014/11/17	13.59	14.02	13.54	13.90	10810498	244091920.00
2014/11/18	13.90	14.00	13.81	13.93	5483614	124494240.00
2014/11/19	13.93	14.60	13.92	14.44	18442516	431926528.00
2014/11/20	14.48	14.56	14.12	14.25	8870356	206398496.00
2014/11/21	14.22	14.37	14.18	14.25	6626458	153851632.00
2014/11/24	14.68	15.25	14.68	15.08	31000295	754114240.00
2014/11/25	15.05	15.64	14.98	15.40	20117630	501806112.00
2014/11/26	15.40	15.54	14.98	15.05	17924376	441072256.00
2014/11/27	15.06	15.18	14.78	14.92	12373845	299117920.00
2014/11/28	14.92	14.92	14.31	14.47	19545105	461898784.00
2014/12/01	14.38	14.42	14.13	14.32	11937811	276890208.00
2014/12/02	14.32	14.68	14.26	14.65	9677134	229442992.00
2014/12/03	14.68	14.83	14.19	14.78	13990557	328982176.00
2014/12/04	14.82	15.48	14.78	15.45	23495769	583032000.00
2014/12/05	15.63	16.76	15.32	16.34	38185891	992608768.00
2014/12/08	16.55	16.70	15.85	16.24	26049209	684392064.00
2014/12/09	16.10	16.17	14.60	14.77	18644489	467810368.00
2014/12/10	14.78	15.89	14.72	15.85	12913811	324207040.00
2014/12/11	15.79	16.16	15.58	15.87	8420105	215289920.00
2014/12/12	16.08	16.18	15.70	15.82	7165887	183630288.00
2014/12/15	15.80	17.38	15.67	17.02	23040739	618486848.00
2014/12/16	17.14	17.25	16.57	16.68	12654633	341870560.00
2014/12/17	16.63	17.18	16.17	16.78	12076253	323604064.00
2014/12/18	16.67	16.98	16.57	16.62	8209023	221217328.00
2014/12/19	16.60	16.70	15.72	15.90	10718638	277009600.00
2014/12/22	15.72	15.78	14.18	14.20	20994949	497875488.00
2014/12/23	14.27	14.70	13.78	14.00	11293261	261006176.00
2014/12/24	14.14	14.52	14.12	14.34	7534968	176186464.00
2014/12/25	14.36	14.58	14.24	14.50	7823536	183364320.00
2014/12/26	14.60	14.63	14.12	14.40	7338764	171062560.00
2014/12/29	14.38	14.60	14.20	14.22	7108795	165830000.00
2014/12/30	14.28	14.29	13.62	13.62	9417307	212037216.00
2014/12/31	13.59	13.96	13.56	13.72	8010488	179098704.00
2015/01/05	13.79	14.24	13.55	14.08	9047240	204847856.00
2015/01/06	14.05	14.93	13.92	14.74	12682564	298067616.00
2015/01/07	14.84	14.92	14.52	14.64	8602877	205040240.00
2015/01/08	14.64	14.84	14.31	14.53	7247779	171583584.00
2015/01/09	14.42	14.96	14.34	14.53	10831207	258771824.00
2015/01/12	14.47	14.88	14.39	14.81	9573943	229551840.00
2015/01/13	14.81	16.08	14.78	15.88	19557918	495215744.00
2015/01/14	15.88	15.95	15.40	15.58	9670743	244330624.00
2015/01/15	15.48	15.91	15.42	15.48	6605002	166802592.00
2015/01/16	15.45	16.98	15.19	16.46	21207269	557988864.00
2015/01/19	16.10	17.26	15.45	15.88	22472209	596814144.00
2015/01/20	16.05	17.16	15.93	17.09	23611425	639237056.00
2015/01/21	16.98	17.77	16.92	17.36	20758867	581883136.00
2015/01/22	17.32	17.65	17.07	17.11	11528201	319887328.00
2015/01/23	17.14	17.32	16.38	16.50	12295937	329308352.00
2015/01/26	16.64	18.25	16.62	18.15	27191097	771760064.00
2015/01/27	18.10	18.92	17.66	18.44	25410867	745820864.00
2015/01/28	18.30	18.48	17.78	17.88	14608852	424346944.00
2015/01/29	17.82	19.52	17.68	18.90	21974076	663790848.00
2015/01/30	18.90	19.86	18.63	18.72	16778614	514480448.00
2015/02/02	18.32	19.96	18.26	19.53	16627411	515713568.00
2015/02/03	19.72	20.56	19.27	20.30	19668211	627872896.00
2015/02/04	20.13	20.60	19.74	20.13	13042853	419092160.00
2015/02/05	20.13	20.64	19.13	19.33	18642644	591712704.00
2015/02/06	19.38	19.78	18.08	18.38	16760393	505716096.00
2015/02/09	18.25	19.45	18.10	18.48	14622800	439175104.00
2015/02/10	18.58	19.17	18.10	19.08	10365285	307792992.00
2015/02/11	19.10	20.10	19.00	19.76	12806454	403780032.00
2015/02/12	19.86	20.27	19.58	19.95	8772214	278083712.00
2015/02/13	20.02	20.23	19.32	19.68	10988937	345624288.00
2015/02/16	19.69	20.35	19.58	20.35	10334516	328409824.00
2015/02/17	20.52	20.61	19.38	19.52	10315397	324105216.00
2015/02/25	19.64	19.71	18.64	18.95	10769339	328758752.00
2015/02/26	19.11	19.11	17.98	18.52	14458071	427267744.00
2015/02/27	18.44	19.04	18.20	19.00	14162354	422244192.00
2015/03/02	18.95	19.76	18.32	19.72	17105671	522377216.00
2015/03/03	19.48	20.10	19.12	19.16	13233000	413874016.00
2015/03/04	19.12	19.44	18.68	18.92	14133661	426872096.00
2015/03/05	18.92	20.48	18.78	20.32	25774808	809426304.00
2015/03/06	20.27	20.40	19.21	19.34	14524538	457783648.00
2015/03/09	19.02	19.95	18.38	19.62	8532453	263670784.00
2015/03/10	19.46	21.34	19.45	21.02	21833242	716115136.00
2015/03/11	20.98	21.08	20.36	20.50	12054782	396494848.00
2015/03/12	20.77	21.85	20.52	20.90	15409052	517196640.00
2015/03/13	21.02	21.93	20.67	21.66	9418199	317345664.00
2015/03/16	22.02	23.94	21.72	23.94	27870516	1022662208.00
2015/03/17	24.08	24.64	22.96	23.36	21315843	794067136.00
2015/03/18	23.12	24.12	22.78	23.78	16459883	610926144.00
2015/03/19	23.54	24.28	22.95	24.10	13776004	509857376.00
2015/03/20	24.08	24.58	23.45	23.92	13387953	506385568.00
2015/03/26	25.96	26.43	23.98	24.80	30309571	1220241664.00
2015/03/27	24.38	27.30	23.50	26.84	24217336	950151424.00
2015/03/30	26.46	27.77	25.67	26.65	17481097	727770048.00
2015/03/31	26.65	27.16	26.13	26.45	10001136	418688960.00
2015/04/01	26.38	27.12	25.78	26.64	9923443	413588800.00
2015/04/02	26.95	27.39	26.00	26.96	12822653	534354496.00
2015/04/03	26.75	29.18	26.37	28.31	16516798	716988352.00
2015/04/07	28.31	29.38	27.88	28.42	11231893	500896416.00
2015/04/08	28.43	29.37	27.06	28.52	15829524	699589568.00
2015/04/09	28.52	28.55	26.12	27.58	15285842	650511360.00
2015/04/10	27.09	28.88	26.70	28.22	10903065	479675456.00
2015/04/13	27.90	28.12	27.00	27.28	16447867	702984576.00
2015/04/14	27.38	27.42	26.57	26.57	12573309	530955648.00
2015/04/15	26.54	27.11	24.56	24.65	14257423	580142400.00
2015/04/16	24.57	26.84	24.18	25.44	13142544	529253536.00
2015/04/17	25.46	26.33	25.18	25.45	10085316	403962208.00
2015/04/20	25.52	25.58	24.20	24.27	12080059	469335936.00
2015/04/21	24.28	26.00	24.28	25.92	11768707	467752832.00
2015/04/22	26.12	27.55	26.12	27.21	12685260	538877376.00
2015/04/23	27.48	28.24	26.71	27.77	13685209	590636288.00
2015/04/24	27.72	27.72	26.49	27.08	9957728	421789088.00
2015/04/27	27.45	27.98	26.98	27.36	10059306	434165824.00
2015/04/28	24.92	25.45	24.50	24.50	35737376	1391501056.00
2015/04/29	23.65	24.12	22.52	23.89	33931376	1255858560.00
2015/04/30	23.85	24.85	23.49	24.24	19976551	763928064.00
2015/05/04	24.70	24.71	23.57	24.09	13753819	520377440.00
2015/05/05	24.09	24.09	22.84	23.00	15071856	555482688.00
2015/05/06	23.24	23.74	23.04	23.34	11153004	410932608.00
2015/05/07	23.44	24.44	23.33	24.14	13966659	528035520.00
2015/05/08	24.60	25.85	23.85	25.58	27069909	700813440.00
2015/05/11	25.84	27.15	25.46	26.55	30796649	846743424.00
2015/05/12	27.03	28.14	26.66	27.71	33621560	955790272.00
2015/05/13	27.35	27.80	26.81	26.91	26251820	741144128.00
2015/05/14	26.85	27.40	25.93	26.15	26751746	729602048.00
2015/05/15	26.03	28.86	25.35	28.86	40427697	1165143168.00
2015/05/18	30.05	31.84	29.58	31.84	45516079	1467291520.00
2015/05/19	33.05	33.74	31.05	33.40	38525523	1295741312.00
2015/05/20	32.85	35.95	32.85	33.04	35673821	1264254464.00
2015/05/21	33.23	36.06	33.23	35.90	29811482	1055930368.00
2015/05/22	35.90	37.30	34.50	34.90	26980220	975312128.00
2015/05/25	34.05	36.02	33.15	34.90	23278575	833323136.00
2015/05/26	35.75	36.65	34.95	35.66	24876204	911162304.00
2015/05/27	35.67	36.50	34.21	34.70	23038814	824404480.00
2015/05/28	34.25	35.40	31.20	31.25	36670660	1250060032.00
2015/05/29	31.23	32.38	29.06	30.98	27684747	882550464.00
2015/06/01	31.42	34.04	31.42	33.88	25260098	851788352.00
2015/06/02	34.63	35.85	34.05	35.78	32491686	1168419968.00
2015/06/03	36.00	37.54	34.05	34.99	38244876	1407131008.00
2015/06/04	35.00	35.00	31.55	33.10	30887027	1051393408.00
2015/06/05	33.36	34.20	31.78	32.75	30505243	1030196672.00
2015/06/08	32.75	32.75	30.56	31.28	28685245	926653632.00
2015/06/09	31.33	32.35	30.48	31.03	25525295	824943616.00
2015/06/10	31.06	32.52	31.05	32.34	27782959	916039936.00
2015/06/11	32.85	34.10	32.56	33.65	30234685	1042346368.00
2015/06/12	34.05	34.26	32.87	32.95	23643726	810032384.00
2015/06/15	32.93	32.93	30.85	30.93	27776209	904311040.00
2015/06/16	30.75	30.75	28.55	28.84	24617169	742094720.00
2015/06/17	28.89	30.84	28.37	30.62	20511462	628257984.00
2015/06/18	30.64	30.65	28.65	28.84	17934915	549089536.00
2015/06/19	28.06	28.53	26.55	27.35	19673609	558393408.00
2015/06/23	28.16	28.52	24.62	27.08	22044411	611539136.00
2015/06/24	27.55	28.34	27.05	28.03	18883913	542825216.00
2015/06/25	28.34	28.38	25.35	26.17	20108120	563975424.00
2015/06/26	25.20	25.20	23.46	23.46	23067478	572623296.00
2015/06/29	24.06	24.31	21.02	21.02	33611694	759059840.00
2015/06/30	20.55	22.75	18.82	22.45	38471105	821425024.00
2015/07/01	21.76	23.93	21.05	22.14	35899772	856605824.00
2015/07/02	22.27	23.37	20.95	21.37	38599453	886056064.00
2015/07/03	19.30	23.16	19.26	21.74	42303519	937825344.00
2015/07/06	24.01	24.01	19.50	21.66	45810174	1047451072.00
2015/07/07	20.30	21.31	19.40	19.40	41235963	849461696.00
2015/07/13	21.44	21.44	21.44	21.44	2825431	63261400.00
2015/07/14	23.68	23.68	23.68	23.68	5137612	126539384.00
2015/07/15	23.65	23.65	21.22	21.22	39214894	902546944.00
2015/07/16	21.22	22.10	19.25	21.60	32408331	717324736.00
2015/07/17	21.85	23.44	21.60	22.96	29021646	681646976.00
2015/07/20	23.86	24.99	23.47	24.34	38796361	976975168.00
2015/07/21	23.65	24.91	23.25	24.16	33434824	835547136.00
2015/09/07	21.65	21.65	21.65	21.65	2156600	48739160.00
2015/09/08	19.39	19.39	19.39	19.39	677400	13778316.00
2015/09/09	17.36	19.33	17.36	18.34	94671483	1783477504.00
2015/09/10	17.05	17.82	16.55	16.64	48781647	886609344.00
2015/09/11	16.51	17.20	15.44	16.17	40630647	703083520.00
2015/09/14	16.29	16.42	14.46	14.46	36214255	587242240.00
2015/09/15	13.65	13.95	12.92	12.92	28139985	396774048.00
2015/09/16	12.92	14.25	12.63	14.02	45103077	643284672.00
2015/09/17	13.78	14.02	12.95	12.96	51698984	745853184.00
2015/09/18	13.00	13.27	12.22	12.56	37038632	503720512.00
2015/09/21	12.32	13.31	12.07	13.31	39559490	547752704.00
2015/09/22	13.47	13.55	12.90	13.24	43067007	611679552.00
2015/09/23	12.94	13.13	12.49	12.81	30448725	420732960.00
2015/09/24	13.04	14.19	12.95	14.19	60227921	876627328.00
2015/09/25	14.05	14.09	12.85	13.03	46371135	670532544.00
2015/09/28	12.98	13.54	12.55	13.46	28598549	403558432.00
2015/09/29	13.10	13.21	12.66	12.84	25127000	348990240.00
2015/09/30	13.02	13.13	12.78	12.85	14919890	206893408.00
2015/10/08	13.51	13.70	13.20	13.48	33894739	489269536.00
2015/10/09	13.43	13.90	13.35	13.75	34890038	509391424.00
2015/10/12	14.00	15.22	13.86	14.96	58164759	913161920.00
2015/10/13	14.93	15.29	14.73	15.16	37936356	608109632.00
2015/10/14	15.12	15.31	14.45	14.53	37479255	590958080.00
2015/10/15	14.52	15.29	14.52	15.24	38587490	615620544.00
2015/10/16	15.33	15.64	14.88	15.39	44548917	723313984.00
2015/10/19	15.55	15.95	15.10	15.30	46660547	769846528.00
2015/10/20	15.24	16.90	15.11	16.62	57952524	989921920.00
2015/10/21	16.60	16.91	14.86	14.88	57553465	968853632.00
2015/10/22	14.85	15.61	14.62	15.55	35566710	576641984.00
2015/10/23	15.68	16.33	15.45	16.10	35482365	599275200.00
2015/10/26	16.45	16.54	15.81	16.32	36190788	619077440.00
2015/10/27	16.04	16.35	15.16	16.18	31832592	533807776.00
2015/10/28	16.04	16.45	15.44	15.55	29180111	494164096.00
2015/10/29	15.80	15.80	14.96	15.48	25375596	415507360.00
2015/10/30	15.29	15.78	14.96	15.40	26585433	434571200.00
2015/11/02	15.06	16.15	14.94	15.40	29346745	485661536.00
2015/11/03	15.45	15.67	15.19	15.46	17760770	291505728.00
2015/11/04	15.47	16.59	15.47	16.52	36893325	633309824.00
2015/11/05	16.56	16.72	16.06	16.43	30961213	537151232.00
2015/11/06	16.38	17.40	16.38	17.32	42563537	766471488.00
2015/11/09	17.02	17.52	16.66	17.40	36022815	652034688.00
2015/11/10	17.23	17.52	16.98	17.26	26774410	486839712.00
2015/11/11	17.18	18.73	17.12	18.08	50636972	956876032.00
2015/11/12	18.09	19.98	17.68	19.75	61442373	1209981952.00
2015/11/13	19.66	19.68	18.36	18.45	42072937	839621760.00
2015/11/16	18.06	19.44	17.96	19.31	27229712	540165120.00
2015/11/17	19.31	19.74	18.63	18.65	38710730	777229888.00
2015/11/18	18.65	18.95	17.59	17.70	25543610	491035968.00
2015/11/19	17.78	18.35	17.38	18.23	22594883	424051616.00
2015/11/20	18.27	19.14	18.13	19.06	30695852	603735040.00
2015/11/23	19.02	19.88	18.74	19.35	30434575	620248832.00
2015/11/24	19.35	19.74	18.80	19.63	22891911	464593088.00
2015/11/25	19.63	21.09	19.42	20.84	40495693	866714112.00
2015/11/26	21.05	21.41	20.35	20.44	29663386	646987712.00
2015/11/27	20.36	20.81	18.35	18.59	32245489	663691520.00
2015/11/30	18.52	19.05	16.82	18.26	30852276	582397504.00
2015/12/01	17.93	18.52	17.75	18.09	19240130	365903776.00
2015/12/02	18.09	18.23	16.95	17.86	18333067	339577056.00
2015/12/03	17.86	18.81	17.86	18.73	23452069	450785696.00
2015/12/04	18.85	19.22	18.05	18.42	26255563	515250048.00
2015/12/07	18.41	19.05	17.66	18.47	21378180	412749056.00
2015/12/08	18.30	18.30	17.60	17.62	18344457	345278016.00
2015/12/09	17.35	17.55	16.86	16.89	19932231	361176352.00
2015/12/10	16.96	17.28	16.85	17.10	12936909	232896656.00
2015/12/11	17.05	17.05	16.55	16.83	10940434	194474064.00
2015/12/14	16.73	17.45	16.64	17.43	13441125	241541328.00
2015/12/15	17.53	17.90	17.45	17.78	14244219	265665856.00
2015/12/16	17.83	18.56	17.57	18.10	19851665	376615168.00
2015/12/17	18.05	18.52	18.00	18.35	20633083	396903072.00
2015/12/18	18.34	18.45	17.63	17.78	19238688	364035456.00
2015/12/21	17.58	18.01	17.55	17.87	12812933	239810800.00
2015/12/22	17.90	18.04	17.59	17.79	13603134	254350880.00
2015/12/23	17.87	17.91	17.35	17.41	15460842	286462080.00
2015/12/24	17.38	17.43	16.85	17.20	12696292	228554848.00
2015/12/25	17.17	17.59	17.01	17.51	12906677	235424448.00
2015/12/28	17.47	17.64	16.80	16.80	16400403	298697984.00
2015/12/29	16.66	17.02	16.66	16.99	8662807	154038768.00
2015/12/30	16.99	17.40	16.76	17.24	11473802	206898768.00
2015/12/31	17.24	17.73	17.23	17.23	17317455	319355232.00
2016/01/04	17.19	17.19	15.41	15.41	14109654	241547120.00
2016/01/05	14.55	15.22	13.77	14.25	21985806	338110144.00
2016/01/06	14.35	14.81	14.25	14.70	13439994	208214256.00
2016/01/07	14.25	14.45	13.14	13.14	4237670	61120564.00
2016/01/08	13.56	13.70	12.16	13.03	22931986	319059680.00
2016/01/11	12.65	12.89	12.00	12.00	16846091	224717648.00
2016/01/12	12.01	12.43	11.86	12.21	12044002	158932768.00
2016/01/13	12.27	12.45	11.70	11.74	10701789	140262832.00
2016/01/14	11.45	12.85	11.22	12.66	13433431	174233168.00
2016/01/15	12.52	12.63	11.64	11.84	11377622	148872640.00
2016/01/18	11.55	12.45	11.45	12.14	10501605	136826704.00
2016/01/19	12.20	12.64	11.93	12.52	16824546	223711248.00
2016/01/20	12.40	12.69	12.11	12.24	12365431	164359248.00
2016/01/21	11.97	12.55	11.81	11.81	15170813	198685808.00
2016/01/22	12.04	12.14	11.36	11.90	10372897	131999920.00
2016/01/25	12.05	12.23	11.90	12.07	12224075	159139728.00
2016/01/26	11.90	11.94	10.77	10.79	15567423	190735808.00
2016/01/27	10.81	10.88	9.62	10.25	16593739	184094432.00
2016/01/28	10.16	10.27	9.55	9.65	9860169	107287528.00
2016/01/29	9.61	10.50	9.61	10.35	13059294	144311536.00
2016/02/01	10.45	10.45	9.83	10.05	8991527	99415208.00
2016/02/02	10.15	10.74	10.06	10.53	12080353	138498528.00
2016/02/03	10.33	10.61	10.20	10.50	7029225	79571920.00
2016/02/04	10.65	11.13	10.58	10.94	11610246	136556784.00
2016/02/05	10.95	11.30	10.85	10.86	10195417	122029912.00
2016/02/15	10.39	11.00	10.30	10.82	6700958	77880080.00
2016/02/16	10.94	11.49	10.86	11.40	12504868	153659056.00
2016/02/17	11.40	12.60	11.32	12.46	27796868	363411552.00
2016/02/18	12.53	12.53	12.10	12.18	14174852	187498064.00
2016/02/19	12.15	13.44	12.01	12.85	21215611	293938016.00
2016/02/22	13.05	13.45	12.91	13.21	16642576	235673104.00
2016/02/23	13.21	13.35	12.70	12.94	12064628	168561696.00
2016/02/24	12.94	13.03	12.22	12.66	13997195	188524992.00
2016/02/25	12.63	12.63	11.30	11.30	19189963	245112064.00
2016/02/26	11.35	11.57	10.91	11.30	12561851	153472576.00
2016/02/29	11.09	11.63	10.17	10.79	14402957	169641248.00
2016/03/01	10.83	11.32	10.62	11.17	11738631	140540720.00
2016/03/02	11.15	11.99	11.10	11.94	14017863	176811328.00
2016/03/03	12.01	13.14	12.01	12.30	22140866	299125568.00
2016/03/04	12.05	12.42	11.45	11.62	16509695	212140720.00
2016/03/07	11.86	12.25	11.74	11.87	8368552	107917648.00
2016/03/08	12.04	12.04	11.11	11.83	10437570	130292520.00
2016/03/09	11.45	11.75	11.13	11.19	11810773	145667376.00
2016/03/10	11.14	11.37	10.76	10.91	10029028	120094240.00
2016/03/11	10.75	11.01	10.55	10.94	5550028	65354232.00
2016/03/14	11.12	11.75	11.12	11.44	15995412	199082720.00
2016/03/15	11.35	11.42	11.01	11.09	8687987	105515888.00
2016/03/16	11.24	11.31	10.90	11.00	7413861	89176336.00
2016/03/17	11.11	11.60	10.95	11.46	15742140	193423856.00
2016/03/18	11.49	12.18	11.48	11.96	26018491	335462080.00
2016/03/21	12.25	12.67	12.25	12.41	22773058	304168736.00
2016/03/22	12.28	13.03	12.16	12.79	25382048	346846560.00
2016/03/23	12.65	12.80	12.50	12.79	15432048	209923664.00
2016/03/24	12.56	12.75	12.29	12.32	20695811	278193536.00
2016/03/25	12.35	12.65	12.25	12.47	10346475	138440896.00
2016/03/28	12.55	12.92	12.44	12.48	15581336	212402768.00
2016/03/29	12.43	12.49	11.95	12.01	10960787	143828528.00
2016/03/30	12.20	12.60	12.04	12.60	13672794	181978496.00
2016/03/31	12.80	12.98	12.50	12.59	19647277	269300032.00
2016/04/01	12.60	12.65	12.18	12.41	10637330	141444928.00
2016/04/05	12.42	13.14	12.39	13.06	22190290	305524416.00
2016/04/06	12.93	13.31	12.83	13.27	19842260	279422208.00
2016/04/07	13.38	13.51	12.89	12.96	16180614	227832560.00
2016/04/08	12.70	12.75	12.45	12.59	12738013	172383968.00
2016/04/11	12.72	13.27	12.72	13.24	16433533	230703824.00
2016/04/12	13.13	13.30	12.86	13.18	11410177	159788704.00
2016/04/13	13.22	13.73	13.22	13.55	22276633	323298976.00
2016/04/14	13.68	13.71	13.30	13.53	15564545	224393392.00
2016/04/15	13.48	13.58	13.35	13.45	9315698	134043168.00
2016/04/18	13.39	13.39	12.68	12.85	16706655	231016896.00
2016/04/19	12.91	13.01	12.56	12.93	12262385	168197088.00
2016/04/20	12.95	13.03	11.76	12.02	18965917	251065904.00
2016/04/21	12.00	12.21	11.77	11.81	9089011	117535832.00
2016/04/22	11.88	11.93	11.67	11.87	6487895	82981040.00
2016/04/25	11.85	12.11	11.57	12.06	8836952	113467464.00
2016/04/26	12.00	12.38	12.00	12.30	8908088	117387832.00
2016/04/27	12.31	12.32	12.08	12.13	7729866	101542472.00
2016/04/28	12.13	12.23	11.69	11.93	10950757	141096880.00
2016/04/29	12.03	12.30	11.99	12.17	10511027	138014704.00
2016/05/03	12.17	12.92	12.16	12.87	15404225	209574208.00
2016/05/04	12.79	13.19	12.71	13.07	16902520	236127968.00
2016/05/05	13.01	13.13	12.86	13.09	11256140	157144240.00
2016/05/06	13.06	13.32	12.64	12.68	18726838	261151328.00
2016/05/09	12.30	12.74	12.25	12.45	11891187	159556000.00
2016/05/10	12.46	12.64	12.27	12.57	8677568	116163736.00
2016/05/11	12.58	13.03	12.43	12.65	13376723	183588608.00
2016/05/12	12.45	12.52	12.05	12.52	9483926	125559712.00
2016/05/13	12.51	12.65	12.25	12.35	7168940	96238144.00
2016/05/16	12.35	12.41	12.10	12.41	7699616	101671984.00
2016/05/17	12.41	12.43	12.05	12.18	11199693	147282096.00
2016/05/18	12.05	12.10	11.43	11.50	13712711	174229552.00
2016/05/19	11.60	11.81	11.40	11.45	10193475	128040288.00
2016/05/20	11.44	11.60	11.29	11.60	5551344	69043160.00
2016/05/23	11.67	11.80	11.54	11.72	5895539	74498952.00
2016/05/24	11.69	11.69	11.39	11.45	6380623	79349488.00
2016/05/25	11.61	11.64	11.42	11.46	5048276	63075876.00
2016/05/26	11.45	11.52	11.20	11.49	6248579	76951344.00
2016/05/27	11.49	11.50	11.33	11.39	5568464	68840712.00
2016/05/30	11.30	11.48	11.25	11.36	4837105	59682344.00
2016/05/31	11.36	12.00	11.36	12.00	17067803	216947216.00
2016/06/01	11.90	12.30	11.90	12.16	15150949	198018432.00
2016/06/02	12.15	12.50	12.03	12.27	13196381	174498368.00
2016/06/03	12.35	12.44	12.19	12.30	11019862	146138320.00
2016/06/06	12.40	12.60	12.23	12.48	14657200	195864864.00
2016/06/07	12.39	12.60	12.32	12.48	7727026	103501720.00
2016/06/08	12.54	12.54	12.17	12.28	13138743	171297744.00
2016/06/13	12.16	12.19	11.49	11.50	13374548	169551632.00
2016/06/14	11.45	11.65	11.13	11.29	15666266	188876080.00
2016/06/15	11.15	11.88	11.10	11.65	11059215	136703840.00
2016/06/16	11.65	11.72	11.50	11.58	8325610	102974144.00
2016/06/17	11.59	11.90	11.59	11.74	7777824	97454296.00
2016/06/20	11.74	11.93	11.57	11.86	6650492	83312296.00
2016/06/21	11.96	12.15	11.71	11.72	10707322	136074976.00
2016/06/22	11.70	12.20	11.64	12.14	10432886	132879960.00
2016/06/23	12.26	12.29	11.92	12.08	8650386	111197936.00
2016/06/24	12.10	12.29	11.54	11.90	11483830	146119952.00
2016/06/27	11.81	13.17	11.81	13.17	22198083	298494176.00
2016/06/28	13.45	13.77	13.30	13.65	55440206	794149824.00
2016/06/29	13.51	13.96	13.39	13.56	30506450	439214304.00
2016/06/30	13.63	13.82	13.47	13.55	20875017	299855328.00
2016/07/01	13.62	13.68	13.26	13.42	18952779	269141632.00
2016/07/04	13.17	13.70	13.17	13.67	19103053	273293504.00
2016/07/05	13.75	13.75	13.46	13.56	17667451	252916752.00
2016/07/06	13.46	13.65	13.45	13.57	14059956	201102272.00
2016/07/07	13.58	13.64	13.37	13.54	14390964	204877232.00
2016/07/08	13.54	14.24	13.37	13.81	30588735	446884288.00
2016/07/11	13.75	14.00	13.60	13.62	17783902	258648880.00
2016/07/12	13.62	13.83	13.26	13.83	13885226	199016992.00
2016/07/13	13.85	14.14	13.74	13.96	19082013	281298848.00
2016/07/14	13.97	14.60	13.86	14.40	28421456	427810944.00
2016/07/15	14.30	14.50	14.16	14.31	15536176	233615184.00
2016/07/18	14.84	15.53	14.60	14.97	33473283	527785088.00
2016/07/19	15.08	15.53	14.73	14.79	30886970	491390432.00
2016/07/20	14.83	15.74	14.82	15.64	32409564	520822144.00
2016/07/21	15.54	15.69	15.28	15.44	21480643	348287008.00
2016/07/22	15.45	15.52	14.96	15.00	18683360	297741568.00
2016/07/25	15.00	15.35	14.84	15.19	12719547	201787056.00
2016/07/26	15.18	15.30	15.07	15.29	8995311	143508640.00
2016/07/27	15.30	15.34	13.69	13.95	28439357	432914944.00
2016/07/28	14.33	14.85	14.19	14.73	22962177	351996544.00
2016/07/29	14.85	14.86	14.35	14.47	9313886	142700992.00
2016/08/01	14.35	14.83	14.05	14.63	15172880	231285056.00
2016/08/02	14.55	14.90	14.35	14.77	10611979	163697024.00
2016/08/03	14.69	14.88	14.52	14.54	9585306	147737664.00
2016/08/04	14.47	14.78	14.46	14.78	8648638	133090920.00
2016/08/05	14.77	14.79	14.43	14.47	8733138	133880624.00
2016/08/08	14.47	14.63	14.35	14.63	7247730	110430184.00
2016/08/09	14.65	15.39	14.55	15.15	18273780	289838816.00
2016/08/10	15.12	15.43	14.95	15.34	15284245	245081552.00
2016/08/11	15.34	15.36	14.66	14.73	12962067	204362000.00
2016/08/12	14.75	15.07	14.75	15.04	7580966	118973528.00
2016/08/15	15.02	15.50	14.91	15.48	16642686	267804400.00
2016/08/16	15.43	15.61	15.32	15.37	11614212	188063344.00
2016/08/17	15.42	15.49	15.10	15.23	9521319	152357408.00
2016/08/18	15.15	15.27	15.00	15.17	8210117	130454720.00
2016/08/19	15.17	15.23	14.93	15.00	7405373	116670416.00
2016/08/22	15.01	15.22	14.92	14.92	5449003	86120400.00
2016/08/23	14.92	15.42	14.91	15.18	12839311	205604992.00
2016/08/24	15.19	15.40	15.05	15.21	8613704	137423296.00
2016/08/25	15.33	15.73	15.07	15.42	17900726	288766240.00
2016/08/26	15.41	16.63	15.31	16.23	34698604	580991424.00
2016/08/29	16.14	17.24	15.96	16.84	30171670	529690816.00
2016/08/30	16.72	16.84	16.42	16.49	13200052	228677936.00
2016/08/31	16.53	16.75	16.00	16.20	16874899	288322176.00
2016/09/01	16.17	16.53	16.06	16.11	11158168	189982240.00
2016/09/02	16.11	16.72	15.90	16.03	18046262	307730272.00
2016/09/05	16.03	16.53	16.00	16.43	13322460	227081200.00
2016/09/06	16.35	16.51	15.99	16.42	9202404	156960592.00
2016/09/07	16.43	17.34	16.43	17.00	22595308	400587328.00
2016/09/08	16.95	16.95	16.33	16.36	16559098	286833824.00
2016/09/09	16.39	16.53	16.02	16.05	10336436	175730624.00
2016/09/12	15.74	15.95	15.25	15.28	14573826	237592528.00
2016/09/13	15.47	15.68	15.35	15.49	5907413	95861488.00
2016/09/14	15.40	15.71	15.27	15.41	6265113	101657888.00
2016/09/19	15.45	15.71	15.45	15.65	4523770	73960504.00
2016/09/20	15.73	15.75	15.53	15.65	4243693	69601024.00
2016/09/21	15.61	15.61	15.26	15.40	6598503	106498848.00
2016/09/22	15.53	15.60	15.25	15.31	6819847	110112480.00
2016/09/23	15.34	15.41	15.12	15.15	4747372	75809752.00
2016/09/26	15.20	15.28	14.99	15.03	4953354	78726528.00
2016/09/27	15.03	15.19	14.55	15.05	8366087	130768824.00
2016/09/28	15.03	15.03	14.73	14.77	4384217	68502160.00
2016/09/29	14.77	14.94	14.70	14.86	5471195	85283120.00
2016/09/30	14.87	15.03	14.73	14.94	3648273	57080380.00
2016/10/10	15.10	15.60	14.97	15.47	9277702	149375120.00
2016/10/11	15.46	15.60	15.41	15.50	6465260	105123616.00
2016/10/12	15.45	15.59	15.30	15.43	4792368	77639008.00
2016/10/13	15.44	15.55	15.25	15.27	5807222	93526088.00
2016/10/14	15.28	15.28	14.95	15.10	6182375	97847064.00
2016/10/17	15.19	15.31	14.99	15.05	4629817	73626320.00
2016/10/18	15.01	15.30	14.96	15.28	5911765	94212952.00
2016/10/19	15.28	15.55	15.26	15.33	6948272	112238744.00
2016/10/20	15.35	15.55	15.28	15.42	4125687	66684204.00
2016/10/21	15.52	15.52	15.06	15.16	4743582	75953568.00
2016/10/24	15.16	15.53	15.07	15.44	6910041	111262400.00
2016/10/25	15.37	15.68	15.37	15.55	6689112	108957712.00
2016/10/26	15.74	15.94	15.31	15.43	10584342	173288736.00
2016/10/27	15.35	15.50	15.02	15.16	10111963	161073600.00
2016/10/28	15.15	15.37	15.05	15.10	4313963	68852784.00
2016/10/31	15.19	15.20	14.99	15.01	4872875	77164840.00
2016/11/01	15.10	15.24	14.97	15.17	4856784	76875672.00
2016/11/02	15.16	15.16	14.77	14.81	7323722	114568848.00
2016/11/03	14.76	14.94	14.59	14.72	8783542	136265600.00
2016/11/04	14.67	14.86	14.55	14.59	6580584	101491280.00
2016/11/07	14.64	14.91	14.51	14.56	9129259	141058464.00
2016/11/08	14.65	14.81	14.63	14.78	8312778	128776944.00
2016/11/09	14.77	14.99	14.57	14.90	10668545	166443008.00
2016/11/10	15.02	15.06	14.88	14.95	8698727	136812768.00
2016/11/11	14.96	15.00	14.67	14.83	8157160	126718184.00
2016/11/14	14.75	14.97	14.68	14.92	6061778	94654416.00
2016/11/15	14.92	14.98	14.81	14.93	4034589	63174908.00
2016/11/16	14.95	15.12	14.86	14.93	5489465	86448408.00
2016/11/17	14.91	14.91	14.68	14.75	5624520	87208272.00
2016/11/18	14.77	14.87	14.70	14.74	3297275	51248928.00
2016/11/21	14.70	14.88	14.63	14.78	3824538	59401904.00
2016/11/22	14.79	15.00	14.72	14.99	5590398	87417072.00
2016/11/23	15.00	15.02	14.83	14.87	4890711	76689800.00
2016/11/24	14.86	14.87	14.67	14.69	4209885	65289476.00
2016/11/25	14.69	14.75	14.25	14.67	5347731	81604304.00
2016/11/28	14.67	14.85	14.64	14.67	6641526	102794344.00
2016/11/29	14.69	14.91	14.67	14.79	7324733	114159136.00
2016/11/30	14.66	15.00	14.63	14.98	7452156	116632048.00
2016/12/01	14.95	15.03	14.88	14.98	5275654	82812656.00
2016/12/02	14.96	14.98	14.30	14.39	8632002	132432600.00
2016/12/05	14.33	14.52	14.25	14.43	3841446	58244640.00
2016/12/06	14.44	14.59	14.40	14.47	2276136	34678656.00
2016/12/07	14.46	14.53	14.24	14.37	5821958	87795584.00
2016/12/08	14.37	14.39	14.24	14.29	4304346	64778532.00
2016/12/09	14.29	14.34	13.97	14.02	6794353	101135928.00
2016/12/12	14.03	14.05	13.30	13.32	8316828	119233832.00
2016/12/13	13.30	13.63	13.30	13.46	5765424	82036728.00
2016/12/14	13.45	13.50	13.12	13.15	6054557	84869512.00
2016/12/15	13.20	13.65	13.09	13.41	6203184	87673776.00
2016/12/16	13.31	13.59	13.31	13.49	2402930	34220660.00
2016/12/19	13.52	13.62	13.39	13.52	2956070	42160224.00
2016/12/20	13.54	13.59	13.31	13.45	2436630	34609524.00
2016/12/21	13.52	13.62	13.45	13.52	2977058	42543128.00
2016/12/22	13.56	13.69	13.52	13.55	2330853	33430804.00
2016/12/23	13.56	13.62	13.32	13.33	3405949	48326772.00
2016/12/26	13.33	13.58	13.26	13.54	2727696	38636168.00
2016/12/27	13.55	13.79	13.49	13.65	3655215	52706764.00
2016/12/28	13.60	13.87	13.58	13.68	4348383	63055076.00
2016/12/29	13.68	13.87	13.61	13.79	5040931	73219504.00
2016/12/30	13.80	13.87	13.67	13.85	3339670	48505080.00
2017/01/03	13.82	13.91	13.78	13.85	4768944	69645888.00
2017/01/04	13.86	13.96	13.76	13.96	4726163	69140960.00
2017/01/05	14.00	14.16	13.93	13.93	6330641	93657856.00
2017/01/06	13.86	13.92	13.73	13.80	4905831	71416696.00
2017/01/09	13.85	13.89	13.70	13.82	3658574	53255844.00
2017/01/10	13.83	13.84	13.71	13.79	4020927	58393420.00
2017/01/11	13.79	13.81	13.60	13.61	2776671	40135396.00
2017/01/12	13.61	13.69	13.37	13.43	3001061	42983720.00
2017/01/13	13.50	13.60	13.10	13.22	3862098	54600764.00
2017/01/16	13.06	13.30	12.17	12.53	6859329	93321416.00
2017/01/17	12.53	12.85	12.44	12.80	6196325	82966520.00
2017/01/18	12.82	12.82	12.57	12.60	2878437	38730180.00
2017/01/19	12.61	12.93	12.58	12.88	3791664	51356148.00
2017/01/20	12.90	13.34	12.81	13.22	4216375	58657360.00
2017/01/23	13.20	13.43	13.20	13.31	1812736	25497086.00
2017/01/24	13.25	13.35	13.09	13.11	2680057	37261124.00
2017/01/25	13.11	13.33	12.99	13.20	2412172	33540984.00
2017/01/26	13.33	13.33	13.15	13.20	2086622	29115698.00
2017/02/03	13.21	13.39	13.15	13.29	2986271	41929820.00
2017/02/06	13.23	13.40	13.20	13.40	2795751	39377468.00
2017/02/07	13.41	13.60	13.32	13.54	4068047	58058596.00
2017/02/08	13.53	13.56	13.33	13.50	3908223	55424192.00
2017/02/09	13.50	13.60	13.39	13.47	3979802	56641620.00
2017/02/10	13.47	13.54	13.25	13.31	6187213	87373248.00
2017/02/13	13.20	13.39	13.20	13.33	4001759	56263176.00
2017/02/14	13.32	13.36	13.21	13.33	2743908	38551812.00
2017/02/15	13.27	13.45	13.19	13.21	3028741	42621764.00
2017/02/16	13.23	13.52	13.23	13.47	4545039	64345560.00
2017/02/17	13.53	13.53	13.26	13.28	3532151	49762248.00
2017/02/20	13.28	14.03	13.28	13.87	12405295	179945920.00
2017/02/21	13.90	14.09	13.78	13.99	8029482	118098064.00
2017/02/22	14.00	14.31	13.91	14.29	8993712	134344768.00
2017/02/23	14.21	14.33	14.10	14.25	5313109	79450600.00
2017/02/24	14.17	14.32	14.14	14.19	4037943	60502796.00
2017/02/27	14.06	14.75	14.06	14.23	10469781	159361824.00
2017/02/28	14.25	14.38	14.10	14.25	7880717	117943256.00
2017/03/01	14.25	14.33	14.10	14.14	4743924	70895224.00
2017/03/02	14.15	14.33	14.12	14.29	5615503	84122392.00
2017/03/03	14.24	14.42	14.08	14.36	4439440	66448692.00
2017/03/06	14.29	14.80	14.28	14.80	10941357	169000896.00
2017/03/07	14.80	15.01	14.66	14.81	9543316	148922416.00
2017/03/08	14.79	14.98	14.63	14.85	7157066	111289744.00
2017/03/09	14.77	15.03	14.72	14.98	7271144	113899936.00
2017/03/10	14.98	15.14	14.81	15.09	5337852	83828904.00
2017/03/13	15.14	15.21	14.92	14.93	6155677	97469296.00
2017/03/14	14.92	15.06	14.74	14.80	7047207	110140960.00
2017/03/15	14.81	15.00	14.72	14.85	5791506	90258296.00
2017/03/16	14.85	14.92	14.61	14.84	6125783	95164832.00
2017/03/17	14.85	15.09	14.75	14.82	6926724	108609560.00
2017/03/20	14.80	14.97	14.80	14.89	5044440	78832608.00
2017/03/21	14.82	14.97	14.74	14.95	3938122	61325500.00
2017/03/22	14.86	14.90	14.22	14.38	11419257	173407328.00
2017/03/23	14.45	14.58	14.29	14.46	5528344	84032200.00
2017/03/24	14.47	14.59	14.31	14.48	5975315	90703240.00
2017/03/27	14.45	14.58	14.40	14.44	3561943	54304928.00
2017/03/28	14.51	14.70	14.35	14.63	4559533	69771968.00
2017/03/29	14.63	14.72	14.35	14.39	4427548	67399336.00
2017/03/30	14.35	14.48	14.07	14.10	4774277	71637032.00
2017/03/31	14.00	14.28	13.93	14.16	5376802	79608608.00
2017/04/05	14.94	15.24	14.40	14.59	16156447	250567760.00
2017/04/06	14.65	15.14	14.50	15.04	13349556	209116144.00
2017/04/07	15.08	15.55	14.80	15.44	19201289	306643552.00
2017/04/10	15.39	15.65	15.10	15.22	10606376	170328800.00
2017/04/11	15.15	15.50	14.89	15.26	10700423	171066000.00
2017/04/12	15.07	15.14	14.83	14.84	8315595	130466168.00
2017/04/13	14.83	15.35	14.80	15.18	8451535	134571680.00
2017/04/14	15.11	15.53	15.04	15.07	8721441	139775216.00
2017/04/17	15.06	15.63	14.96	15.48	15243478	245278208.00
2017/04/18	15.41	15.65	15.18	15.25	11316571	183003472.00
2017/04/19	15.25	15.25	14.80	15.06	8530987	134116944.00
2017/04/20	15.07	15.55	14.86	15.55	11659230	186161888.00
2017/04/21	15.35	15.56	15.30	15.37	7527700	121760800.00
2017/04/24	15.35	15.35	14.47	14.47	9682959	151173136.00
2017/04/25	14.45	14.87	14.42	14.68	4264617	65851688.00
2017/04/26	14.70	14.87	14.43	14.55	5951121	91750808.00
2017/04/27	14.68	15.23	14.47	15.23	10105722	157940016.00
2017/04/28	15.25	15.47	15.03	15.12	8749526	139709744.00
2017/05/02	15.08	15.30	15.02	15.19	5315559	84475912.00
2017/05/03	15.09	15.30	14.60	14.88	6930699	108591152.00
2017/05/04	14.81	15.55	14.75	15.50	13344463	214387968.00
2017/05/05	15.37	15.43	15.07	15.11	9396625	150174448.00
2017/05/08	15.13	15.44	14.80	14.87	7451050	117943104.00
2017/05/09	14.76	14.85	14.30	14.62	7254547	110744848.00
2017/05/10	14.72	15.04	14.55	14.57	7438465	113404416.00
2017/05/11	14.58	15.32	14.37	15.23	13957331	215384704.00
2017/05/12	15.16	15.31	15.06	15.30	4846924	75888024.00
2017/05/15	15.44	16.23	15.35	16.18	21488850	351520192.00
2017/05/16	16.13	16.41	15.91	16.36	14454203	240795808.00
2017/05/17	16.30	16.62	16.08	16.34	11355617	190822944.00
2017/05/18	16.19	16.94	16.15	16.60	14732500	252286480.00
2017/05/19	16.55	16.71	16.14	16.27	9431520	158529376.00
2017/05/22	16.20	16.60	16.00	16.25	11624484	194575552.00
2017/05/23	16.28	16.80	16.22	16.54	12048232	205235632.00
2017/05/24	16.45	16.70	15.81	16.49	9625624	161596912.00
2017/05/25	16.45	17.42	16.28	17.21	20864954	365921152.00
2017/05/26	17.15	17.51	16.95	17.35	14368865	254559408.00
2017/05/31	17.64	17.84	16.73	16.84	16489501	289927264.00
2017/06/01	16.96	17.40	16.36	16.36	16283250	282969536.00
2017/06/02	16.25	17.54	16.18	17.29	18160061	312242848.00
2017/06/05	16.97	17.61	16.78	17.40	18896557	336235168.00
2017/06/06	17.26	17.54	16.75	16.99	9963819	174737872.00
2017/06/07	16.99	17.63	16.85	17.58	14636184	260722208.00
2017/06/08	17.58	17.90	17.33	17.45	12973328	234330912.00
2017/06/09	17.19	17.60	17.00	17.22	12446211	219137344.00
2017/06/12	17.11	17.79	16.93	17.68	13342079	238714304.00
2017/06/13	17.65	17.80	17.46	17.61	7459510	134726000.00
2017/06/14	17.64	17.70	17.35	17.41	5728721	102767344.00
2017/06/15	17.37	17.64	17.02	17.12	10895604	192916912.00
2017/06/16	17.15	17.32	17.01	17.10	5869680	103528344.00
2017/06/19	17.06	17.65	17.05	17.52	10662710	191265792.00
2017/06/20	17.54	17.61	17.14	17.19	8381208	148798064.00
2017/06/21	17.20	17.39	16.88	16.95	10812860	188816912.00
2017/06/22	16.89	17.36	16.89	17.04	9246176	162903504.00
2017/06/23	17.09	17.72	17.06	17.55	15825482	283336128.00
2017/06/26	17.64	18.03	17.56	17.80	13744076	251087136.00
2017/06/27	17.85	18.64	17.75	18.52	20753130	390604128.00
2017/06/28	18.42	18.50	18.15	18.44	8968234	168429120.00
2017/06/29	18.42	18.55	18.15	18.32	6758263	126652960.00
2017/06/30	18.40	18.45	18.06	18.35	6024179	112859592.00
2017/07/03	18.34	18.40	18.04	18.20	7196058	133926080.00
2017/07/04	18.10	18.29	17.90	18.15	5271268	97611128.00
2017/07/05	18.14	18.33	17.89	18.10	6989763	129495144.00
2017/07/06	18.14	18.59	17.83	18.59	12108472	226350512.00
2017/07/07	18.53	18.53	18.00	18.00	7275576	136072176.00
2017/07/10	17.85	18.15	17.22	17.43	13451367	242971888.00
2017/07/11	17.41	17.60	17.15	17.25	6253241	111536856.00
2017/07/12	17.34	17.40	16.74	17.05	8463768	147553072.00
2017/07/13	17.03	17.29	16.85	17.10	4963969	87258832.00
2017/07/14	17.15	17.22	16.63	16.66	7824370	135115056.00
2017/07/17	16.65	16.65	15.67	16.57	12022083	200373232.00
2017/07/18	16.35	16.71	15.97	16.63	6391874	107098520.00
2017/07/19	16.60	17.05	16.40	16.93	4943827	85085144.00
2017/07/20	17.00	17.19	16.85	16.92	3936209	68840864.00
2017/07/21	16.88	17.04	16.78	16.91	2790009	48425488.00
2017/07/24	16.82	17.40	16.81	17.35	5551324	97884664.00
2017/07/25	17.39	17.42	16.85	16.93	3865581	67853144.00
2017/07/26	16.93	16.96	16.35	16.56	6600065	112445904.00
2017/07/27	16.72	17.10	16.36	16.86	7130909	122916224.00
2017/07/28	16.78	17.00	16.56	16.65	3178818	54447688.00
2017/07/31	16.49	17.02	16.38	16.79	4727661	81482000.00
2017/08/01	16.75	17.05	16.60	16.99	5201246	90063488.00
2017/08/02	17.05	17.05	16.53	16.61	5617327	96315592.00
2017/08/03	16.61	16.90	16.39	16.73	5222895	89534816.00
2017/08/04	16.75	16.85	16.54	16.55	2554856	43801072.00
2017/08/07	16.45	16.80	16.41	16.61	2009416	34197568.00
2017/08/08	16.69	16.70	16.39	16.47	4427268	74906320.00
2017/08/09	16.47	16.56	16.38	16.48	2456700	41571816.00
2017/08/10	16.48	16.54	16.10	16.33	5171379	86814128.00
2017/08/11	16.26	16.67	16.16	16.38	3703211	62619132.00
2017/08/14	16.43	17.10	16.37	16.99	6510037	112653120.00
2017/08/15	17.09	17.62	17.00	17.33	9739410	173653824.00
2017/08/16	17.23	17.80	17.22	17.60	10726507	193399040.00
2017/08/17	17.63	17.78	17.35	17.53	5370816	96914736.00
2017/08/18	17.50	17.87	17.45	17.47	3984180	72061984.00
2017/08/21	17.57	17.80	17.25	17.41	4937202	88051512.00
2017/08/22	17.37	17.42	17.16	17.23	2890085	51189820.00
2017/08/23	17.29	17.34	17.09	17.23	2575100	45478772.00
2017/08/24	17.20	17.27	16.97	16.98	3927494	68830960.00
2017/08/25	16.93	17.28	16.93	17.11	4814327	84614608.00
2017/08/28	17.08	18.02	17.08	17.77	12591975	228904496.00
2017/08/29	17.88	17.91	17.47	17.73	7403134	134121232.00
2017/08/30	17.62	18.21	17.53	18.07	8287101	152522304.00
2017/08/31	18.07	18.55	18.01	18.26	10552330	198490288.00
2017/09/01	18.19	19.04	18.07	19.01	15818579	301743648.00
2017/09/04	19.25	20.32	19.25	19.68	24470642	495202976.00
2017/09/05	19.65	20.34	19.37	19.73	15498406	314648640.00
2017/09/06	19.53	20.05	19.35	19.84	9226040	186901680.00
2017/09/07	19.91	20.05	19.46	19.50	6400076	128443128.00
2017/09/08	19.50	19.71	19.27	19.69	7672025	153268608.00
2017/09/11	19.53	19.83	19.40	19.59	6020864	120838672.00
2017/09/12	19.65	21.35	19.53	20.70	20533186	431744320.00
2017/09/13	20.55	20.73	20.30	20.55	7860964	164734256.00
2017/09/14	20.56	21.23	20.37	20.67	10759494	228537312.00
2017/09/15	20.67	20.73	20.16	20.53	6466657	135353904.00
2017/09/18	20.55	20.73	20.25	20.33	4990089	104035200.00
2017/09/19	20.44	20.50	19.40	19.51	12754892	257078912.00
2017/09/20	19.53	20.08	19.43	20.01	7738515	156469488.00
2017/09/21	19.99	20.16	19.58	19.58	3903435	78892192.00
2017/09/22	19.75	19.83	19.26	19.77	5329197	106398928.00
2017/09/25	19.57	19.70	19.30	19.40	4006994	79731672.00
2017/09/26	19.15	19.15	18.37	18.62	18124512	346908032.00
2017/09/27	18.66	19.52	18.55	19.36	8027435	157040688.00
2017/09/28	19.45	19.88	19.27	19.55	5554400	111678440.00
2017/09/29	19.56	20.34	19.56	20.00	4768959	97967848.00
2017/10/09	20.14	20.40	19.60	19.70	7211374	147084464.00
2017/10/10	19.70	20.74	19.58	20.73	8372292	173464224.00
2017/10/11	20.69	21.10	20.41	20.44	7672872	162464496.00
2017/10/12	20.44	20.63	19.87	20.04	5989344	123403216.00
2017/10/13	20.05	21.06	19.98	20.89	7706447	163349888.00
2017/10/16	20.85	21.34	20.33	20.40	10060048	213564688.00
2017/10/17	20.26	20.67	20.16	20.43	3807915	79529392.00
2017/10/18	20.57	21.10	20.44	20.45	5556769	117898952.00
2017/10/19	20.40	20.71	20.07	20.32	4446143	92242456.00
2017/10/20	20.35	20.45	20.06	20.40	3230169	66730604.00
2017/10/23	20.33	20.63	19.96	20.03	5201428	107463584.00
2017/10/24	20.08	20.53	19.88	20.36	4102770	85064712.00
2017/10/25	20.32	20.51	19.48	19.65	9500691	192608176.00
2017/10/26	19.40	19.78	19.11	19.49	9054578	180161824.00
2017/10/27	19.57	19.63	19.01	19.11	5829316	114945424.00
2017/10/30	19.19	19.74	18.97	19.59	9525847	189857984.00
2017/10/31	19.54	19.60	18.96	19.38	6316763	123984920.00
2017/11/01	19.47	19.85	19.31	19.67	7638893	153247872.00
2017/11/02	19.60	19.71	19.05	19.69	7704050	152371744.00
2017/11/03	19.54	19.80	19.41	19.51	2921260	58555228.00
2017/11/06	19.53	19.80	19.20	19.72	4921475	98381344.00
2017/11/07	19.72	20.88	19.50	20.78	13327453	278961440.00
2017/11/08	20.89	20.90	20.33	20.51	9083100	190325328.00
2017/11/09	20.48	21.52	20.29	21.52	12552525	268623488.00
2017/11/10	21.57	22.17	21.37	21.64	12976663	288184160.00
2017/11/13	21.65	22.35	21.21	22.15	10937751	244883568.00
2017/11/14	21.94	22.24	21.25	21.25	10778773	237374192.00
2017/11/15	21.33	21.54	20.82	21.26	6964838	150628816.00
2017/11/16	20.48	21.70	19.47	21.40	19280673	404786528.00
2017/11/17	21.05	21.25	20.43	20.50	6392411	135786640.00
2017/11/20	20.14	20.58	19.88	20.55	7625513	157837712.00
2017/11/21	20.41	20.65	19.90	20.34	7868088	162836864.00
2017/11/22	20.25	20.88	20.05	20.31	5993011	125459984.00
2017/11/23	20.36	20.36	19.23	19.35	9583047	192312768.00
2017/11/24	19.05	19.60	18.95	19.28	4160739	82594168.00
2017/11/27	19.20	19.55	19.08	19.46	4043264	80176976.00
2017/11/28	19.40	19.57	19.28	19.49	4333235	86104952.00
2017/11/29	19.40	19.66	18.73	19.57	6935955	135795584.00
2017/11/30	19.43	19.70	19.13	19.27	2610384	51764504.00
2017/12/01	19.28	19.70	19.14	19.64	3251251	64952800.00
2017/12/04	19.63	19.74	19.14	19.20	3616064	71448304.00
2017/12/05	19.16	19.24	18.60	18.72	4927104	94995736.00
2017/12/06	18.85	19.12	18.23	19.07	5342583	102356320.00
2017/12/07	18.86	19.30	18.81	18.91	2835593	55354620.00
2017/12/08	18.91	19.57	18.91	19.41	3773903	75019760.00
2017/12/11	19.55	20.40	19.55	19.95	7667897	157062560.00
2017/12/12	19.85	20.15	19.57	19.58	3381094	68523648.00
2017/12/13	19.55	20.01	19.51	19.75	3448035	69688152.00
2017/12/14	19.56	20.54	19.56	20.53	8223698	170208032.00
2017/12/15	20.55	20.55	20.14	20.33	7309736	151571840.00
2017/12/18	20.35	20.63	20.10	20.52	9292284	194296128.00
2017/12/19	20.50	20.71	20.03	20.34	6673149	139368576.00
2017/12/20	20.24	20.26	19.49	19.91	6272833	127082064.00
2017/12/21	19.74	20.18	19.52	19.97	6333720	128983048.00
2017/12/22	19.90	20.05	19.56	19.74	5600237	113138696.00
2017/12/25	19.73	20.00	19.16	20.00	8385627	166921840.00
2017/12/26	19.94	20.05	19.53	19.54	7471308	151169920.00
2017/12/27	19.50	19.70	19.11	19.40	6479682	128252712.00
2017/12/28	19.26	19.62	19.07	19.10	4988121	98532064.00
2017/12/29	19.08	19.29	18.99	19.15	3850364	75244408.00
2018/01/02	19.44	19.65	18.96	19.57	6196052	123122688.00
2018/01/03	19.56	19.84	19.39	19.74	4950741	99476472.00
2018/01/04	19.74	20.65	19.74	20.55	13095267	271974944.00
2018/01/05	20.55	20.65	20.29	20.44	5051178	105430584.00
2018/01/08	20.35	20.54	20.07	20.33	6249091	129283968.00
2018/01/09	20.35	20.44	19.97	20.02	4797042	98677384.00
2018/01/10	20.04	20.19	19.54	19.85	5748211	116339728.00
2018/01/11	19.84	20.23	19.70	19.93	5615544	115186304.00
2018/01/12	19.80	20.38	19.80	20.11	5921708	122268456.00
2018/01/15	19.76	19.80	18.85	19.08	12663398	249681872.00
2018/01/16	19.07	19.30	18.65	18.87	9435444	182792416.00
2018/01/17	18.70	19.08	17.83	17.88	14055803	261753152.00
2018/01/18	17.71	18.27	17.71	17.97	5888471	108562616.00
2018/01/19	18.05	18.13	17.71	17.79	4796060	88005496.00
2018/01/22	17.81	18.38	17.59	18.22	3853704	71590648.00
2018/01/23	18.17	18.78	18.11	18.65	6129938	116936904.00
2018/01/24	18.75	18.93	18.31	18.65	6360821	121589760.00
2018/01/25	18.70	19.44	18.61	18.92	6747697	131976960.00
2018/01/26	18.82	19.00	18.59	18.73	2815023	53930824.00
2018/01/29	18.59	18.64	18.06	18.10	3883348	72982792.00
2018/01/30	18.02	19.03	17.98	18.75	4959500	95143728.00
2018/01/31	18.90	18.91	18.40	18.64	5077387	96522744.00
2018/02/01	18.51	19.15	18.20	19.04	6346813	121915168.00
2018/02/02	18.84	19.26	18.35	18.55	5964711	114433536.00
2018/02/05	18.35	18.56	17.94	18.10	5648173	104898232.00
2018/02/06	17.68	18.05	16.63	16.70	6720201	119050928.00
2018/02/07	17.01	17.34	15.78	16.35	11310541	190781984.00
2018/02/08	16.33	17.29	16.32	17.19	6491220	113443952.00
2018/02/09	16.95	17.59	16.45	17.12	6824716	119711848.00
2018/02/12	17.16	18.23	17.10	18.14	5986263	109814288.00
2018/02/13	18.40	19.00	18.15	18.59	5360101	102716280.00
2018/02/14	18.32	18.84	18.32	18.42	2327464	44173888.00
2018/02/22	18.48	18.84	18.25	18.72	3773520	71978504.00
2018/02/23	18.82	18.82	18.36	18.57	2430789	46272108.00
2018/02/26	18.55	19.52	18.45	19.22	6655814	129877640.00
2018/02/27	19.48	20.04	19.17	19.34	8192860	164676208.00
2018/02/28	19.55	21.32	19.49	21.21	24361489	513100192.00
2018/03/01	21.02	22.21	20.80	21.63	17647472	387887296.00
2018/03/02	21.41	22.24	21.03	21.10	13281128	292022816.00
2018/03/05	21.30	21.71	20.98	21.23	9667747	209954512.00
2018/03/06	21.89	21.94	21.18	21.48	9427377	207154192.00
2018/03/07	21.47	21.70	21.08	21.49	6277105	137346000.00
2018/03/08	21.46	22.13	21.24	21.78	6232495	138513824.00
2018/03/09	21.58	23.68	21.45	23.45	16933961	393887680.00
2018/03/12	23.46	24.55	23.35	23.95	17818660	434022048.00
2018/03/13	23.90	24.25	23.35	23.70	9103261	220624832.00
2018/03/14	23.54	24.20	23.21	23.35	8674045	209365280.00
2018/03/15	23.35	23.42	22.75	23.23	9075831	213686288.00
2018/03/16	23.30	24.15	23.20	23.33	10646486	257721248.00
2018/03/19	23.71	24.62	23.35	23.80	16333009	402854240.00
2018/03/20	23.55	24.71	23.52	24.33	11243740	278180512.00
2018/03/21	24.20	24.49	23.00	23.05	9805662	237784928.00
2018/03/22	23.39	23.73	22.67	22.91	10726209	252298112.00
2018/03/23	22.10	23.73	21.95	22.39	15729161	366751872.00
2018/03/26	22.30	23.94	21.89	23.79	16186575	384077152.00
2018/03/27	24.05	25.34	23.96	25.28	25028589	631131136.00
2018/03/28	25.04	25.81	24.90	25.35	17700438	458235584.00
2018/03/29	25.57	25.88	24.55	24.83	17827731	455003808.00
2018/03/30	24.99	25.53	24.12	24.92	26123131	657246912.00
2018/04/02	24.95	26.29	24.92	25.57	16644216	433027424.00
2018/04/03	25.15	25.20	24.30	24.80	12022598	302463456.00
2018/04/04	24.85	25.10	24.09	24.34	8752928	218652000.00
2018/04/09	24.53	25.32	24.04	24.99	9246038	234218192.00
2018/04/10	24.67	24.85	23.15	23.73	15545861	375841504.00
2018/04/11	23.55	24.49	23.42	23.99	8695603	213046336.00
2018/04/12	23.69	24.23	23.33	23.75	10086557	243274416.00
2018/04/13	23.86	24.03	22.86	23.57	10219466	243677040.00
2018/04/16	23.67	25.04	23.43	24.67	12710949	317105600.00
2018/04/17	25.03	25.36	22.85	23.29	15332476	374063360.00
2018/04/18	23.45	25.16	22.86	24.62	15429857	377421280.00
2018/04/19	24.32	25.40	24.15	24.56	10787489	272210080.00
2018/04/20	24.37	24.56	23.13	23.36	12332020	297877248.00
2018/04/23	23.70	23.97	22.03	23.14	16511594	384676800.00
2018/04/24	23.10	23.99	22.55	23.80	9272811	221947008.00
2018/04/25	23.85	24.91	23.45	24.53	9468142	235762448.00
2018/04/26	24.27	24.93	24.27	24.81	8728374	219350800.00
2018/04/27	24.81	25.12	24.12	24.81	7753787	194829664.00
2018/05/02	24.75	25.39	24.50	24.60	7476764	189429936.00
2018/05/03	24.58	24.58	23.19	23.94	11472501	277923488.00
2018/05/04	24.30	26.35	24.09	26.35	22504523	590595200.00
2018/05/07	26.80	27.45	26.40	27.34	21296837	579773376.00
2018/05/08	27.39	27.77	26.85	27.05	11831896	324229216.00
2018/05/09	27.42	27.60	26.66	27.05	8685355	237812512.00
2018/05/10	27.14	27.20	26.10	26.47	12455435	331501120.00
2018/05/11	26.53	26.70	26.03	26.07	6147508	163089088.00
2018/05/14	26.07	26.45	25.71	25.82	7193444	188864512.00
2018/05/15	25.74	27.11	25.60	26.80	11161760	296236800.00
2018/05/16	26.62	27.40	26.25	26.28	9660278	261400512.00
2018/05/17	26.31	26.92	25.96	26.73	5680574	151756736.00
2018/05/18	26.57	27.27	26.35	26.80	5380660	145522672.00
2018/05/21	26.93	29.28	26.83	28.90	15769653	452891264.00
2018/05/22	28.56	29.13	28.27	28.51	6983722	201122352.00
2018/05/23	28.80	29.43	28.33	29.27	8796828	256124576.00
2018/05/24	29.10	29.35	28.35	28.51	7666454	222336896.00
2018/05/25	28.46	28.55	26.91	27.15	11915778	331706496.00
2018/05/28	27.64	28.72	27.43	28.00	10389378	295471904.00
2018/05/29	28.38	29.08	27.09	27.22	9148904	258355152.00
2018/05/30	26.78	27.75	26.43	27.15	10416794	283885632.00
2018/05/31	27.23	27.60	25.54	26.70	12904833	342565600.00
2018/06/01	26.76	27.38	26.02	26.75	6580594	177805008.00
2018/06/04	26.89	27.00	25.16	25.91	9258329	241071952.00
2018/06/05	25.74	27.87	25.74	27.76	9422549	255589760.00
2018/06/06	27.52	27.96	27.03	27.27	6185640	171057536.00
2018/06/07	27.60	28.47	27.30	27.82	9087870	256231008.00
2018/06/08	27.53	27.91	27.20	27.69	5424400	150677712.00
2018/06/11	27.55	28.40	27.15	27.25	6301147	176173488.00
2018/06/12	27.30	28.30	26.68	28.09	6201813	171838640.00
2018/06/13	27.85	28.69	27.69	27.73	4890545	138521600.00
2018/06/14	27.55	28.55	27.35	27.67	4823488	136058544.00
2018/06/15	27.95	27.95	25.18	25.87	15928276	415962400.00
2018/06/19	25.28	25.30	23.81	24.50	10493486	260856016.00
2018/06/20	24.30	25.78	24.10	25.61	7275635	184647344.00
2018/06/21	25.85	26.43	24.87	25.07	5937333	154782160.00
2018/06/22	25.36	26.28	25.08	26.21	8305088	215473952.00
2018/06/25	26.42	26.55	25.65	25.80	5887629	154609440.00
2018/06/26	25.65	26.98	25.35	26.96	9394494	251543840.00
2018/06/27	27.30	27.30	26.12	26.84	6431823	173066784.00
2018/06/28	26.60	26.90	25.73	25.80	5985393	158588848.00
2018/06/29	25.80	27.95	25.58	27.53	8992025	245181040.00
2018/07/02	27.80	28.34	27.32	27.91	9115119	255869728.00
2018/07/03	27.80	28.46	26.91	27.81	9657608	270257472.00
2018/07/04	27.80	28.40	27.18	27.23	8153378	228336224.00
2018/07/05	27.25	27.67	26.30	26.81	5894167	160382768.00
2018/07/06	26.70	27.77	26.30	26.80	7762428	210907616.00
2018/07/09	26.79	27.30	24.70	25.02	16297166	424491072.00
2018/07/10	25.30	26.34	25.06	26.04	14147343	366762208.00
2018/07/11	25.50	26.77	25.30	26.37	11175932	295982848.00
2018/07/12	26.65	27.38	26.14	27.06	7688682	208430448.00
2018/07/13	26.90	27.32	26.69	27.11	5634109	152953904.00
2018/07/16	27.38	27.38	25.67	25.81	12322513	321954944.00
2018/07/17	25.97	26.09	25.20	25.99	6999139	181071824.00
2018/07/18	25.98	25.98	24.80	25.02	11021014	278703104.00
2018/07/19	24.85	25.29	24.80	25.04	4336087	109539448.00
2018/07/20	25.04	26.35	24.61	26.26	9512915	246293296.00
2018/07/23	26.03	27.46	25.90	26.90	7654518	207699008.00
2018/07/24	27.10	29.08	26.94	28.60	16451126	470840064.00
2018/07/25	28.80	29.24	28.10	28.68	7226701	208225648.00
2018/07/26	28.94	29.08	26.86	27.60	13963107	387158688.00
2018/07/27	27.58	28.00	26.81	27.23	4686957	129919008.00
2018/07/30	27.85	29.00	27.72	27.82	12372334	353045664.00
2018/07/31	28.34	28.48	27.00	27.30	6114836	170228976.00
2018/08/01	27.82	29.06	27.70	27.72	12412736	355735072.00
2018/08/02	28.30	28.30	26.23	27.09	9906131	269627360.00
2018/08/03	26.70	27.40	26.08	26.50	5800562	155989040.00
2018/08/06	26.39	26.70	24.90	25.53	7617128	196699168.00
2018/08/07	25.40	26.49	25.40	26.49	7846861	206741904.00
2018/08/08	26.35	26.79	25.85	26.14	4207407	111842792.00
2018/08/09	26.12	28.77	25.71	28.77	17498323	496669408.00
2018/08/10	28.80	28.98	28.01	28.79	14822823	425686080.00
2018/08/13	28.80	31.04	28.52	30.40	28468017	858165824.00
2018/08/14	30.15	31.00	29.83	30.23	12016546	366523424.00
2018/08/15	30.20	30.54	29.20	29.59	9946616	298552256.00
2018/08/16	29.05	29.40	27.70	28.68	20887569	595998848.00
2018/08/17	28.53	28.97	27.39	27.81	13501791	382671232.00
2018/08/20	27.86	28.29	26.12	28.10	17153834	469553376.00
2018/08/21	27.89	28.59	27.50	28.40	8617734	244228352.00
2018/08/22	28.16	28.95	27.15	27.82	10035429	283326464.00
2018/08/23	27.62	29.05	27.42	29.00	9572305	275881440.00
2018/08/24	28.95	29.25	28.46	29.05	6172085	179797296.00
2018/08/27	29.21	30.64	29.10	30.17	9998856	303591520.00
2018/08/28	30.18	30.49	29.31	29.80	7037705	211265168.00
2018/08/29	29.81	30.00	29.30	29.49	5397233	160822320.00
2018/08/30	29.46	29.86	28.53	29.23	6986558	204533424.00
2018/08/31	28.96	30.16	28.86	29.60	7536248	224786336.00
2018/09/03	29.33	30.99	28.85	30.95	10224971	309524608.00
2018/09/04	30.78	31.86	30.30	31.35	14159988	442464352.00
2018/09/05	31.19	31.76	30.65	30.70	7971348	249586768.00
2018/09/06	29.76	30.80	28.82	30.19	15188582	454958272.00
2018/09/07	30.00	30.96	28.23	28.62	16061480	474258848.00
2018/09/10	28.59	28.70	27.60	27.80	10339535	291889440.00
2018/09/11	28.13	29.08	27.93	28.28	8978027	256967296.00
2018/09/12	28.28	28.98	27.89	27.99	8691642	248795584.00
2018/09/13	28.65	28.85	26.88	28.07	10911968	307187648.00
2018/09/14	28.05	28.06	25.30	26.01	22064423	582020096.00
2018/09/17	25.90	25.96	24.85	25.38	11872964	304136480.00
2018/09/18	25.48	27.15	25.40	26.90	16499022	439163776.00
2018/09/19	27.17	28.26	26.68	27.58	11310545	314029312.00
2018/09/20	27.36	28.15	27.10	27.26	4759751	131857448.00
2018/09/21	27.45	27.95	26.16	27.45	9897349	269937600.00
2018/09/25	27.30	28.22	27.10	27.90	5265981	147431376.00
2018/09/26	27.80	28.00	27.06	27.71	9840690	272953984.00
2018/09/27	27.56	27.90	26.91	26.93	9224715	253853520.00
2018/09/28	27.19	27.30	25.68	26.58	13971224	371000832.00
2018/10/08	25.70	26.78	25.66	25.90	8160986	216005248.00
2018/10/09	25.94	26.45	23.29	23.50	17897478	444695360.00
2018/10/10	23.85	25.05	23.70	24.55	16560489	408161696.00
2018/10/11	23.52	24.30	22.16	22.39	16599200	389289600.00
2018/10/12	22.80	23.73	22.62	23.53	15067323	352581376.00
2018/10/15	23.90	25.05	23.10	23.38	15268107	371569216.00
2018/10/16	23.70	23.72	21.78	22.41	13330700	302161248.00
2018/10/17	22.79	23.79	22.01	23.55	15302508	356510880.00
2018/10/18	23.15	24.14	22.58	23.00	13470299	317256032.00
2018/10/19	22.72	25.08	22.63	24.77	18995232	463679616.00
2018/10/22	25.54	26.29	25.27	25.70	17165564	445899328.00
2018/10/23	25.69	25.69	24.15	24.55	12006351	299887904.00
2018/10/24	24.65	24.65	22.67	23.50	14965880	354211904.00
2018/10/25	22.60	23.06	21.68	22.76	14896654	336479808.00
2018/10/26	23.60	24.48	22.80	23.40	22033399	531236352.00
2018/10/29	23.68	23.99	22.99	23.37	11814251	280488288.00
2018/10/30	23.40	24.04	22.41	23.30	9242398	217138928.00
2018/10/31	23.32	24.15	23.15	23.96	11115375	266684448.00
2018/11/01	24.68	25.08	24.50	24.90	12809438	320163040.00
2018/11/02	26.30	27.07	25.82	26.32	14497805	385170240.00
2018/11/05	26.40	26.47	25.50	25.99	8644856	226131808.00
2018/11/06	25.77	25.77	25.12	25.60	7249833	185577248.00
2018/11/07	25.60	26.25	25.41	25.88	6520056	170265936.00
2018/11/08	26.10	26.47	24.95	25.05	7953688	204550384.00
2018/11/09	24.78	25.58	24.78	25.25	4122099	104853880.00
2018/11/12	25.09	26.45	25.09	26.28	7779729	204023776.00
2018/11/13	26.09	26.65	25.81	26.31	5729836	152248320.00
2018/11/14	26.31	26.64	26.10	26.18	6228148	165538480.00
2018/11/15	25.85	26.25	25.45	26.15	7429103	193425856.00
2018/11/16	26.01	27.25	25.81	26.40	9249959	247730800.00
2018/11/19	26.30	26.55	25.30	25.61	10030835	259169936.00
2018/11/20	25.31	25.77	25.11	25.15	5686890	145164864.00
2018/11/21	24.83	25.18	24.35	24.63	8352641	207584336.00
2018/11/22	24.80	24.97	24.00	24.40	7513786	184761392.00
2018/11/23	24.38	24.55	23.68	23.90	5399683	130916928.00
2018/11/26	23.80	24.47	23.77	23.99	3733512	90917712.00
2018/11/27	24.11	24.30	23.41	23.60	7387448	177247248.00
2018/11/28	23.69	23.69	21.83	23.25	18472234	422118496.00
2018/11/29	23.25	23.74	22.70	22.76	8446317	198221152.00
2018/11/30	22.99	22.99	22.10	22.69	8857041	200466320.00
2018/12/03	23.40	23.99	23.40	23.96	11968902	286460480.00
2018/12/04	23.97	24.10	23.25	23.56	8329300	198459632.00
2018/12/05	23.00	23.45	22.62	23.11	9796167	227927360.00
2018/12/06	22.82	23.01	22.36	22.70	5458338	125030328.00
2018/12/07	22.62	23.70	22.62	23.54	7331547	171642656.00
2018/12/10	23.25	23.99	23.17	23.66	6475938	154679232.00
2018/12/11	23.63	23.94	23.60	23.69	3993639	95854080.00
2018/12/12	23.90	23.90	23.48	23.50	3257224	77751000.00
2018/12/13	23.58	24.52	23.48	24.08	7663309	186499664.00
2018/12/14	24.05	24.16	23.32	23.45	4249939	101362760.00
2018/12/17	23.40	23.69	22.70	23.19	5393265	124979704.00
2018/12/18	22.95	23.24	22.70	23.07	4026645	93179768.00
2018/12/19	23.15	23.15	22.50	22.55	4661564	106451224.00
2018/12/20	22.21	22.79	22.21	22.66	4194845	95161152.00
2018/12/21	22.56	22.73	22.10	22.40	4366976	98377872.00
2018/12/24	22.50	22.75	22.01	22.75	4022041	91438424.00
2018/12/25	22.42	23.13	22.17	23.02	4310021	98557112.00
2018/12/26	22.95	23.10	22.22	22.32	4334500	98663672.00
2018/12/27	22.70	22.95	20.66	20.93	17257354	374013984.00
2018/12/28	21.10	21.15	20.28	20.61	9189041	191530960.00
2019/01/02	20.71	20.98	20.00	20.20	7870483	162133296.00
2019/01/03	20.14	20.78	20.05	20.35	6972743	144189776.00
2019/01/04	20.10	21.30	19.92	21.03	8269612	174014672.00
2019/01/07	21.58	22.70	21.58	22.35	15199716	339696576.00
2019/01/08	22.12	22.46	21.88	22.02	5753683	128160464.00
2019/01/09	22.19	22.75	21.80	21.96	8230409	185477872.00
2019/01/10	22.15	22.76	21.94	22.48	7502787	170602384.00
2019/01/11	22.49	23.05	22.31	22.96	6993954	160817856.00
2019/01/14	22.98	23.15	22.46	22.60	4361444	99849168.00
2019/01/15	22.44	23.10	22.44	23.05	5868008	135545920.00
2019/01/16	23.20	23.89	22.86	23.09	7166550	169160704.00
2019/01/17	23.05	23.05	22.45	22.64	4573298	104982704.00
2019/01/18	22.64	23.10	22.47	22.80	5351236	123045344.00
2019/01/21	23.12	24.15	22.79	23.95	10318553	246850640.00
2019/01/22	24.14	24.14	22.69	23.08	8652767	202177312.00
2019/01/23	23.25	23.50	22.87	23.31	5128857	120531024.00
2019/01/24	23.66	24.26	23.15	24.10	7604284	183593680.00
2019/01/25	24.18	24.36	23.83	24.00	4456697	108365656.00
2019/01/28	24.36	24.66	23.79	23.80	5534532	135089136.00
2019/01/29	24.06	24.56	23.57	24.32	4915470	119601472.00
2019/01/30	24.06	24.60	23.97	24.02	3134248	76952696.00
2019/01/31	23.85	24.55	23.85	24.14	3145115	76615736.00
2019/02/01	24.05	24.86	23.90	24.78	6232746	153233872.00
2019/02/11	24.78	26.20	24.71	25.96	7570693	195857664.00
2019/02/12	25.93	26.48	25.48	25.75	5421596	141831488.00
2019/02/13	25.75	26.45	25.46	26.00	6919305	181856784.00
2019/02/14	26.18	26.39	25.73	26.18	5570699	146188816.00
2019/02/15	26.16	26.29	25.20	25.50	7715852	199186352.00
2019/02/18	25.58	26.50	25.26	26.31	10559222	275850112.00
2019/02/19	26.40	27.55	26.17	26.41	8325926	223836496.00
2019/02/20	26.58	26.67	25.81	26.30	4539947	120157112.00
2019/02/21	26.30	27.10	25.31	25.90	12811815	336125344.00
2019/02/22	25.87	26.97	25.53	26.88	8820418	233085760.00
2019/02/25	27.60	29.19	26.98	28.55	15784855	447010624.00
2019/02/26	28.44	28.50	27.28	27.63	16146404	450406112.00
2019/02/27	27.37	27.40	26.12	26.37	15789676	422705024.00
2019/02/28	26.55	26.98	26.07	26.43	6710722	178993024.00
2019/03/01	26.68	26.68	25.71	26.18	9556917	251220000.00
2019/03/04	26.31	28.08	26.31	27.00	19052779	521888384.00
2019/03/05	26.99	27.52	26.77	27.52	11174990	305374976.00
2019/03/06	27.55	28.23	26.78	27.65	16853284	463637600.00
2019/03/07	27.61	28.70	27.08	28.38	26570678	744352448.00
2019/03/08	27.70	29.44	27.33	28.42	26991307	778916672.00
2019/03/11	28.40	30.13	28.40	30.07	20949519	622133248.00
2019/03/12	30.69	32.19	29.50	30.61	24505256	753722432.00
2019/03/13	30.30	30.30	28.41	28.56	19197041	566446144.00
2019/03/14	28.25	28.68	27.50	28.27	14639950	412642240.00
2019/03/15	28.38	29.05	27.80	28.34	12879283	368844096.00
2019/03/18	28.41	29.35	28.12	29.28	9179265	266022048.00
2019/03/19	29.28	30.10	28.95	29.26	8298227	246742064.00
2019/03/20	29.30	29.44	28.18	28.62	7819365	225609264.00
2019/03/21	28.62	29.24	28.31	28.83	6853980	199357040.00
2019/03/22	28.88	28.97	27.81	28.68	9422453	268389904.00
2019/03/25	27.81	28.85	27.63	27.72	8531650	240983472.00
2019/03/26	28.00	28.37	27.10	27.31	9608613	268655168.00
2019/03/27	27.55	27.55	26.51	26.96	10067466	274243360.00
2019/03/28	27.18	28.98	27.18	28.31	12359096	352740512.00
2019/03/29	28.38	29.74	28.38	29.61	15143326	445584352.00
2019/04/01	29.47	30.48	29.11	30.04	15600632	471119104.00
2019/04/02	30.06	30.58	29.56	29.76	8821919	266656544.00
2019/04/03	29.50	29.98	29.23	29.58	7009624	208463360.00
2019/04/04	29.60	29.76	28.76	29.18	7981988	234223088.00
2019/04/08	29.65	29.69	27.52	27.86	15264448	434644992.00
2019/04/09	27.83	28.68	27.71	27.95	9143920	258636224.00
2019/04/10	27.86	28.18	27.46	27.92	10983063	306846528.00
2019/04/11	28.10	28.49	27.27	27.42	8219346	229818512.00
2019/04/12	27.42	27.63	27.14	27.60	4483165	123875624.00
2019/04/15	27.90	28.06	26.95	27.15	8059653	222963104.00
2019/04/16	27.16	27.52	26.03	27.45	15010029	403440576.00
2019/04/17	27.40	27.49	26.63	27.07	10292669	280185152.00
2019/04/18	26.90	27.20	26.71	26.72	6029596	163287440.00
2019/04/19	26.71	26.98	26.41	26.63	7954356	213295248.00
2019/04/22	26.70	26.86	26.30	26.36	5479445	146011120.00
2019/04/23	26.42	27.13	26.42	26.83	7943017	214578752.00
2019/04/24	26.93	27.84	26.93	27.58	11083489	306171072.00
2019/04/25	27.64	28.26	27.10	27.21	9863471	276717280.00
2019/04/26	26.97	27.89	26.86	27.52	9280763	256295680.00
2019/04/29	27.71	28.45	27.38	28.11	11958655	337802272.00
2019/04/30	28.05	28.40	27.45	27.80	6131406	172586144.00
2019/05/06	26.51	27.24	25.00	25.31	11026120	287045792.00
2019/05/07	25.65	26.70	25.65	26.56	8204459	216431680.00
2019/05/08	25.97	27.11	25.86	26.40	6534548	175601712.00
2019/05/09	26.01	26.96	26.01	26.15	5963042	158312208.00
2019/05/10	26.64	27.25	26.11	27.16	7980727	216430272.00
2019/05/13	27.07	28.37	26.98	27.76	9554092	268904096.00
2019/05/14	27.73	28.43	27.59	28.24	9035127	254512592.00
2019/05/15	28.21	28.75	28.10	28.55	8203058	233815280.00
2019/05/16	28.53	29.01	28.15	28.85	7906521	227125056.00
2019/05/17	29.06	29.28	28.30	28.35	5404008	155501136.00
2019/05/20	28.04	28.84	27.59	27.98	7140836	199944432.00
2019/05/21	28.01	28.76	27.52	28.28	6038899	170443008.00
2019/05/22	28.48	28.99	28.10	28.98	5655861	161789184.00
2019/05/23	28.73	28.88	27.83	27.94	8279681	233310000.00
2019/05/24	27.92	28.47	27.57	27.58	4272398	119072200.00
2019/05/27	27.56	28.67	27.51	28.54	5886681	166203824.00
2019/05/28	28.54	29.15	28.35	29.03	8037635	231627696.00
2019/05/29	28.68	29.11	28.40	28.60	4698291	135175744.00
2019/05/30	28.60	28.80	27.82	28.60	4674907	132301864.00
2019/05/31	28.64	29.05	28.35	28.98	5669900	163637296.00
2019/06/03	29.01	29.17	27.55	27.83	11642288	327101536.00
2019/06/04	28.17	28.37	27.71	28.27	5965046	167421536.00
2019/06/05	28.56	28.70	28.07	28.07	4019618	114071832.00
2019/06/06	28.06	28.62	27.90	28.20	6644596	188123600.00
2019/06/10	28.15	28.31	27.61	27.90	5936802	166224496.00
2019/06/11	27.91	29.59	27.67	29.51	12555439	364937600.00
2019/06/12	29.66	29.66	28.99	29.15	9146101	266804256.00
2019/06/13	28.88	29.15	28.52	28.87	8977493	258781936.00
2019/06/14	28.87	29.27	28.22	29.27	9550468	274344224.00
2019/06/17	28.97	29.27	28.29	28.60	6562513	188557504.00
2019/06/18	28.49	28.92	28.44	28.60	3804686	109137248.00
2019/06/19	29.20	29.93	29.05	29.46	11736932	346532768.00
2019/06/20	29.37	30.69	29.35	30.38	11854212	357561856.00
2019/06/21	30.42	31.75	30.35	31.68	12906057	405082368.00
2019/06/24	31.55	32.18	31.06	31.43	7780178	244626048.00
2019/06/25	31.39	31.67	30.39	31.30	10309114	320208608.00
2019/06/26	31.00	32.26	31.00	31.75	10493875	332904096.00
2019/06/27	31.56	32.16	31.41	31.64	7045642	223468944.00
2019/06/28	31.66	33.00	31.03	32.89	10082508	321729984.00
2019/07/01	33.40	34.98	33.21	34.72	14177198	486204896.00
2019/07/02	34.25	35.20	33.60	33.99	9259078	317958432.00
2019/07/03	33.76	34.09	33.12	33.47	7664875	256706480.00
2019/07/04	33.68	33.69	32.58	32.80	8063810	265699856.00
2019/07/05	33.09	33.45	32.81	33.20	5063387	167872288.00
2019/07/08	32.58	33.28	32.39	32.83	6829511	223487888.00
2019/07/09	33.09	33.11	32.18	32.41	4153102	134855296.00
2019/07/10	32.54	33.46	32.46	33.07	6217249	205146976.00
2019/07/11	33.06	33.77	32.80	33.08	4201199	139793792.00
2019/07/12	33.05	33.45	32.55	32.80	4758073	156937520.00
2019/07/15	33.17	34.79	32.62	34.46	9050791	308117728.00
2019/07/16	33.98	34.50	33.30	33.70	6145356	207865664.00
2019/07/17	33.57	33.72	32.74	32.80	6126184	202476576.00
2019/07/18	32.97	32.97	31.85	32.23	5720588	184610944.00
2019/07/19	32.23	32.86	32.17	32.35	3870814	125995784.00
2019/07/22	32.35	32.98	31.84	32.55	5344785	173748448.00
2019/07/23	32.50	33.28	32.28	33.13	4721145	155441120.00
2019/07/24	33.20	34.10	33.10	33.57	5102126	171983456.00
2019/07/25	33.00	33.95	33.00	33.59	4339127	145285168.00
2019/07/26	33.53	33.77	33.05	33.60	3280479	109701464.00
2019/07/29	33.63	34.10	33.41	33.80	3887622	131485080.00
2019/07/30	33.81	34.19	33.56	33.56	3135221	106375784.00
2019/07/31	33.72	35.49	33.72	35.08	15621487	543758592.00
2019/08/01	35.07	35.35	34.15	34.88	7812525	270911104.00
2019/08/02	34.00	35.57	33.62	35.30	7246458	252425616.00
2019/08/05	34.80	35.30	33.48	33.59	8951353	306041504.00
2019/08/06	33.00	33.57	32.42	33.13	5922465	195602224.00
2019/08/07	33.41	34.28	33.41	33.71	5369592	182311424.00
2019/08/08	34.00	34.26	33.53	33.69	3159392	106707968.00
2019/08/09	34.03	34.25	33.21	33.48	3689234	123889208.00
2019/08/12	33.48	34.34	33.02	34.28	5850063	198147808.00
2019/08/13	33.98	34.30	33.06	33.36	4136619	138409888.00
2019/08/14	33.85	34.49	33.69	34.17	4911436	167702992.00
2019/08/15	33.30	35.58	33.22	35.40	7131562	247231456.00
2019/08/16	35.40	36.43	35.02	35.83	6690100	240492320.00
2019/08/19	36.13	37.37	36.04	36.85	8562567	314973792.00
2019/08/20	36.70	37.34	34.18	34.72	17601194	619404416.00
2019/08/21	34.49	34.78	34.01	34.40	8752099	300879008.00
2019/08/22	34.48	36.35	34.48	36.20	11297715	403032512.00
2019/08/23	36.14	36.83	35.72	36.42	6676441	242196800.00
2019/08/26	35.73	36.58	35.52	35.88	4925959	176757120.00
2019/08/27	36.42	36.55	35.44	35.73	7242059	260196384.00
2019/08/28	35.78	36.79	35.25	36.18	7139173	257414672.00
2019/08/29	35.89	36.46	35.54	36.17	6425923	231815968.00
2019/08/30	36.17	37.08	35.91	36.10	7375966	269793632.00
2019/09/02	36.05	36.53	35.02	35.99	8286995	297033536.00
2019/09/03	35.99	37.79	35.88	37.39	9602357	356096320.00
2019/09/04	37.30	38.55	37.03	38.19	9993812	378907328.00
2019/09/05	38.60	39.09	37.80	38.05	8832583	339587104.00
2019/09/06	38.30	38.37	36.86	37.80	8003095	300702464.00
2019/09/09	38.10	38.40	37.40	38.18	7063800	268262896.00
2019/09/10	38.10	38.90	37.72	37.90	8021426	306629152.00
2019/09/11	38.30	38.52	36.81	37.30	7986809	299625888.00
2019/09/12	37.64	37.64	36.87	37.28	5645120	210132864.00
2019/09/16	37.56	37.56	36.61	36.88	7947084	293091872.00
2019/09/17	36.70	36.98	36.41	36.70	6498660	237948976.00
2019/09/18	36.53	37.30	36.00	37.00	5415619	198403104.00
2019/09/19	36.98	37.00	35.91	36.70	7699279	280333120.00
2019/09/20	36.70	37.57	36.66	37.26	7623663	283843712.00
2019/09/23	36.96	37.08	36.38	36.88	5450486	199835760.00
2019/09/24	36.64	37.50	36.62	36.89	5221027	193497152.00
2019/09/25	37.07	37.36	36.11	36.88	7094777	261654160.00
2019/09/26	36.69	36.98	34.90	35.07	9361957	333010016.00
2019/09/27	34.97	36.26	34.97	35.78	6101921	219648240.00
2019/09/30	36.28	36.59	35.22	35.49	5810382	208214720.00
2019/10/08	35.60	35.86	34.80	34.85	5549495	195266800.00
2019/10/09	34.97	35.23	33.88	35.11	5122891	178494512.00
2019/10/10	35.12	35.73	35.10	35.58	7101482	251288096.00
2019/10/11	35.89	36.21	34.91	35.40	5903392	209427296.00
2019/10/14	35.61	35.85	35.05	35.31	5334367	189037264.00
2019/10/15	35.08	35.53	34.74	34.83	4772941	167684032.00
2019/10/16	34.83	35.28	33.88	34.20	7836219	269107264.00
2019/10/17	34.50	34.59	33.67	33.99	5906403	200867824.00
2019/10/18	34.19	34.53	33.88	33.91	4997883	170866864.00
2019/10/21	33.61	34.20	33.61	33.85	3971721	134730144.00
2019/10/22	33.90	35.28	33.90	34.33	6703899	231641824.00
2019/10/23	34.68	34.68	34.12	34.40	3526088	121546088.00
2019/10/24	34.22	34.50	33.60	33.99	4390843	149552224.00
2019/10/25	33.88	34.20	33.71	33.88	3404745	115584072.00
2019/10/28	34.37	35.46	33.92	35.21	9861934	342994080.00
2019/10/29	33.80	33.80	31.69	31.69	24347816	774752192.00
2019/10/30	31.25	33.28	31.25	32.50	26109616	850675008.00
2019/10/31	32.98	32.98	30.91	31.90	17275213	547298624.00
2019/11/01	31.85	32.80	31.60	32.33	9363403	302777216.00
2019/11/04	32.80	35.11	32.61	34.22	13682606	465357632.00
2019/11/05	34.09	34.35	33.26	33.49	9124178	306780928.00
2019/11/06	33.20	33.43	32.51	32.66	9331397	305689824.00
2019/11/07	32.52	33.27	32.48	32.80	7628572	249964736.00
2019/11/08	32.92	33.99	32.62	33.61	8296935	278075616.00
2019/11/11	33.26	34.18	33.01	33.32	6048273	201794848.00
2019/11/12	33.36	33.66	32.30	32.95	7586004	248620336.00
2019/11/13	32.87	33.22	32.40	32.60	6206151	203574064.00
2019/11/14	32.61	33.88	32.50	33.68	6778009	225849776.00
2019/11/15	33.65	34.60	33.40	33.78	7457200	253425296.00
2019/11/18	34.00	34.47	33.82	34.30	5751961	196467088.00
2019/11/19	34.31	34.98	34.00	34.87	6013250	208455168.00
2019/11/20	35.16	36.06	34.89	35.29	8659260	307896768.00
2019/11/21	35.30	35.52	34.69	34.97	4836826	169131920.00
2019/11/22	35.15	35.78	34.16	34.50	6944331	241505808.00
2019/11/25	34.69	34.80	33.46	34.02	6820408	230892192.00
2019/11/26	34.40	34.87	33.80	34.69	13745772	472374016.00
2019/11/27	34.17	34.52	33.03	33.60	10837343	362314464.00
2019/11/28	33.39	33.50	32.36	32.54	8418840	275975232.00
2019/11/29	32.60	33.40	32.22	33.02	7546796	246860672.00
2019/12/02	32.91	33.44	32.22	32.47	8420810	276150368.00
2019/12/03	32.45	32.80	31.95	32.80	6199712	201124512.00
2019/12/04	32.44	34.02	32.44	33.87	6916772	231570656.00
2019/12/05	34.30	34.85	33.75	34.25	5608284	192163984.00
2019/12/06	34.40	34.40	33.00	33.64	8158549	273037568.00
2019/12/09	33.68	33.89	33.18	33.30	5014066	167895040.00
2019/12/10	33.31	33.55	33.01	33.17	5204834	172588112.00
2019/12/11	33.50	34.10	33.32	34.08	8122020	274040416.00
2019/12/12	34.06	34.96	33.81	34.75	6580202	227081712.00
2019/12/13	35.10	35.38	34.46	35.05	8878004	309940960.00
2019/12/16	35.03	35.23	34.50	35.13	6147759	214430016.00
2019/12/17	35.10	35.36	34.70	35.20	7018026	246347680.00
2019/12/18	35.05	35.18	34.23	34.62	9988970	345648544.00
2019/12/19	34.54	34.56	33.89	34.23	5511634	188155024.00
2019/12/20	34.11	34.33	33.40	33.50	5770490	195295280.00
2019/12/23	33.11	33.45	32.83	32.94	6359258	210042512.00
2019/12/24	32.75	33.33	32.75	33.18	4832500	159891792.00
2019/12/25	33.16	33.75	33.01	33.28	3835780	128330896.00
2019/12/26	33.45	33.80	33.23	33.40	5018767	167778656.00
2019/12/27	33.33	33.58	32.63	32.76	9379187	309585472.00
2019/12/30	32.76	33.68	32.42	33.31	7461443	247616704.00
2019/12/31	33.31	34.08	33.25	33.98	7253292	244474000.00
2020/01/02	34.02	34.69	34.02	34.62	5891923	203026832.00
2020/01/03	34.58	34.68	33.98	34.53	7881948	270322304.00
2020/01/06	34.31	35.10	34.04	35.01	9516116	329893056.00
2020/01/07	34.98	35.18	34.12	34.56	9719125	334351456.00
2020/01/08	34.48	34.48	33.83	34.18	6046640	206170928.00
2020/01/09	34.46	36.17	34.27	35.93	16372133	584266048.00
2020/01/10	36.33	36.43	35.80	36.05	8309356	299969280.00
2020/01/13	36.50	37.75	35.52	37.55	13335229	493232000.00
2020/01/14	38.00	38.56	37.00	37.92	10065643	382732288.00
2020/01/15	37.78	38.58	37.58	38.28	8298018	316410464.00
2020/01/16	38.21	40.09	38.00	39.81	10635542	418443808.00
2020/01/17	39.81	40.79	39.11	40.29	9127506	367237760.00
数据来源:通达信
