002331 皖通科技 日线 前复权
      日期	    开盘	    最高	    最低	    收盘	    成交量	    成交额
2013/09/02	6.70	6.80	6.64	6.75	3962892	39329568.00
2013/09/03	6.77	6.93	6.74	6.88	3950443	39865792.00
2013/09/04	6.89	6.90	6.70	6.72	4906914	49019488.00
2013/09/05	6.72	6.86	6.69	6.79	4437088	44532292.00
2013/09/06	6.82	6.84	6.66	6.73	5557998	55070440.00
2013/09/09	6.74	6.85	6.73	6.81	4748387	47652160.00
2013/09/10	6.81	6.89	6.80	6.84	5455977	55082244.00
2013/09/11	6.88	7.03	6.84	7.02	11488435	117589744.00
2013/09/12	7.00	7.09	6.89	6.91	7342593	75624424.00
2013/09/13	6.88	6.99	6.71	6.96	7668996	77364856.00
2013/09/16	6.95	6.95	6.81	6.84	4429468	44961576.00
2013/09/17	6.88	6.91	6.66	6.66	4127896	41140180.00
2013/09/18	6.66	6.74	6.66	6.73	1946704	19254330.00
2013/09/23	6.74	6.91	6.73	6.89	3924350	39609936.00
2013/09/24	6.89	6.93	6.80	6.83	3868989	39151288.00
2013/09/25	6.86	6.91	6.77	6.91	5330550	53961564.00
2013/09/26	6.91	7.17	6.91	7.03	13782254	143832960.00
2013/09/27	6.97	7.00	6.82	6.85	7426662	75441336.00
2013/09/30	6.86	6.93	6.84	6.90	3516376	35676800.00
2013/10/08	6.90	7.10	6.85	7.07	7097756	73610104.00
2013/10/09	7.07	7.39	7.02	7.32	13805399	147871568.00
2013/10/10	7.28	7.45	7.16	7.34	12649483	136265280.00
2013/10/11	7.35	7.42	7.19	7.30	7493168	80596488.00
2013/10/14	7.29	7.42	7.16	7.41	8751483	94142424.00
2013/10/15	7.41	7.41	7.16	7.23	7228056	77184096.00
2013/10/16	7.23	7.23	6.83	6.86	6862651	70502760.00
2013/10/17	6.91	6.95	6.84	6.87	4124123	41939980.00
2013/10/18	6.87	6.99	6.84	6.91	3213169	32824746.00
2013/10/21	6.93	7.15	6.93	7.11	5786544	60388120.00
2013/10/22	7.10	7.14	6.95	6.99	5337736	55378072.00
2013/10/23	6.98	7.07	6.76	6.76	4792566	48565116.00
2013/10/24	6.76	6.82	6.70	6.77	2661730	26587770.00
2013/10/25	6.80	6.81	6.56	6.58	3692577	36333276.00
2013/10/28	6.58	6.62	6.38	6.45	2853180	27338924.00
2013/10/29	6.48	6.52	6.08	6.15	4435056	40819436.00
2013/10/30	6.15	6.24	6.12	6.23	2204573	20187900.00
2013/10/31	6.21	6.21	6.11	6.12	1912863	17390740.00
2013/11/01	6.14	6.15	6.01	6.10	2000327	17949558.00
2013/11/04	6.12	6.18	6.10	6.17	1279826	11654301.00
2013/11/05	6.17	6.23	6.05	6.23	2053008	18693420.00
2013/11/06	6.20	6.32	6.18	6.20	2683783	24823290.00
2013/11/07	6.14	6.21	6.11	6.14	1248324	11378293.00
2013/11/08	6.12	6.14	5.92	5.92	2682360	23783914.00
2013/11/11	5.90	6.05	5.90	6.01	1109304	9828653.00
2013/11/12	6.01	6.12	5.98	6.10	1420130	12744158.00
2013/11/13	6.08	6.11	5.97	5.97	1302704	11636427.00
2013/11/14	5.95	6.14	5.93	6.14	2254699	20237042.00
2013/11/15	6.11	6.27	6.11	6.20	3510520	32319404.00
2013/11/18	6.25	6.36	6.20	6.34	4027566	37465020.00
2013/11/19	6.34	6.40	6.30	6.39	3253641	30577184.00
2013/11/20	6.36	6.45	6.28	6.44	4624775	43528720.00
2013/11/27	6.50	6.67	6.43	6.44	7124215	69000160.00
2013/11/28	6.44	6.52	6.41	6.42	4758877	45539880.00
2013/11/29	6.42	6.51	6.42	6.49	3184653	30523938.00
2013/12/02	6.29	6.39	6.02	6.05	4670347	42769788.00
2013/12/03	6.02	6.31	5.98	6.26	3064524	27983336.00
2013/12/04	6.23	6.43	6.22	6.37	3987759	37425832.00
2013/12/05	6.39	6.47	6.34	6.41	3190477	30181428.00
2013/12/06	6.43	6.52	6.37	6.50	4240557	40561480.00
2013/12/09	6.50	6.58	6.46	6.49	2879682	27616812.00
2013/12/10	6.47	6.55	6.42	6.47	1802441	17238472.00
2013/12/11	6.46	6.47	6.31	6.35	2258231	21326162.00
2013/12/12	6.33	6.46	6.33	6.43	1621287	15353298.00
2013/12/13	6.39	6.46	6.38	6.40	1686340	16019572.00
2013/12/16	6.46	6.46	6.32	6.32	1566760	14754330.00
2013/12/17	6.35	6.36	6.18	6.21	1908950	17603532.00
2013/12/18	6.24	6.26	6.17	6.20	1458298	13405995.00
2013/12/19	6.23	6.26	6.15	6.16	1485396	13630964.00
2013/12/20	6.16	6.20	6.02	6.05	1719143	15510709.00
2013/12/23	6.09	6.14	6.00	6.11	1197201	10783710.00
2013/12/24	6.13	6.20	6.11	6.16	1275610	11629555.00
2013/12/25	6.18	6.33	6.17	6.33	2561082	23696864.00
2013/12/26	6.33	6.37	6.18	6.18	2064486	19116126.00
2013/12/27	6.20	6.41	6.20	6.39	3203364	30079492.00
2013/12/30	6.41	6.45	6.37	6.39	2269464	21499024.00
2013/12/31	6.39	6.40	6.27	6.33	2261885	21168472.00
2014/01/02	6.32	6.48	6.29	6.47	5781307	54833524.00
2014/01/03	6.50	6.99	6.45	6.78	14276127	141281904.00
2014/01/06	6.70	6.82	6.47	6.59	9642104	95129016.00
2014/01/07	6.50	6.60	6.38	6.58	4937944	47485296.00
2014/01/08	6.55	6.73	6.55	6.71	5314382	52305880.00
2014/01/09	6.66	6.72	6.39	6.40	4738034	45998752.00
2014/01/10	6.36	6.40	6.11	6.14	4457383	41028452.00
2014/01/13	6.13	6.19	6.05	6.19	2275539	20693862.00
2014/01/14	6.18	6.37	6.16	6.36	2585521	24057916.00
2014/01/15	6.36	6.57	6.34	6.57	4359578	41781932.00
2014/01/16	6.57	6.66	6.45	6.48	4648092	45016280.00
2014/01/17	6.49	6.74	6.43	6.64	7057164	68966832.00
2014/01/20	6.58	6.70	6.48	6.56	4266696	41502888.00
2014/01/21	6.54	6.69	6.54	6.69	5232887	51072872.00
2014/01/22	6.70	6.84	6.67	6.80	7635440	76308144.00
2014/01/23	6.78	7.00	6.74	6.88	9281337	94321968.00
2014/01/24	6.88	7.03	6.82	7.00	9852008	100894072.00
2014/01/27	6.98	7.32	6.93	7.11	13132708	138330576.00
2014/01/28	7.09	7.16	6.89	7.11	8085969	83731936.00
2014/01/29	7.23	7.66	7.20	7.64	19101040	210089552.00
2014/01/30	7.48	7.95	7.44	7.73	14246187	161058208.00
2014/02/07	7.64	8.12	7.63	8.05	12151381	141695536.00
2014/02/10	8.08	8.16	7.86	8.06	14235409	167948416.00
2014/02/11	8.07	8.84	7.64	8.68	21555118	263059568.00
2014/02/12	8.59	8.84	8.37	8.80	12306521	154948400.00
2014/02/13	8.65	8.71	8.02	8.28	13802415	170801120.00
2014/02/14	8.25	8.53	8.08	8.50	10513845	128522648.00
2014/02/17	8.50	8.98	8.38	8.92	12649264	162044640.00
2014/02/18	9.27	9.34	8.67	8.94	13829378	183020736.00
2014/02/19	8.95	8.95	8.46	8.64	12255064	155508736.00
2014/02/20	8.63	9.32	8.51	8.86	16854276	220169392.00
2014/02/21	8.73	8.82	8.52	8.75	7284458	92738840.00
2014/02/24	8.65	8.92	8.59	8.90	6759347	86892048.00
2014/02/25	8.92	9.59	8.59	8.81	17592164	236054688.00
2014/02/26	8.57	8.97	8.20	8.97	9837752	123409584.00
2014/02/27	8.95	9.23	8.59	8.82	9537833	125032040.00
2014/02/28	8.73	8.77	8.25	8.66	7081260	88575552.00
2014/03/03	8.61	8.89	8.55	8.79	6059221	77379256.00
2014/03/04	8.34	8.36	7.93	8.18	15670257	187419952.00
2014/03/05	8.12	8.22	7.98	8.14	6517437	77710560.00
2014/03/06	8.18	8.33	8.10	8.27	5869315	71015264.00
2014/03/07	8.36	8.40	8.14	8.28	4378443	53143712.00
2014/03/10	8.16	8.21	7.71	7.75	4259610	49482256.00
2014/03/11	7.66	7.81	7.58	7.64	3973037	45015076.00
2014/03/12	7.61	7.76	7.48	7.75	3947397	44343292.00
2014/03/13	7.75	7.79	7.64	7.77	2528321	28759142.00
2014/03/14	7.73	7.84	7.61	7.81	2608854	29840854.00
2014/03/17	7.82	8.06	7.82	7.99	3161753	36799568.00
2014/03/18	8.02	8.29	8.00	8.14	4548144	54706904.00
2014/03/19	8.08	8.22	7.96	8.20	2782364	33109218.00
2014/03/20	8.16	8.27	7.82	8.17	4621140	54769096.00
2014/03/21	8.02	8.19	7.85	8.15	3629627	42910116.00
2014/03/24	8.11	8.18	7.95	8.04	2431689	28761506.00
2014/03/25	7.98	8.61	7.97	8.59	7462561	91681184.00
2014/03/26	8.55	8.75	8.44	8.52	3841589	48392692.00
2014/03/27	8.53	8.58	8.09	8.09	3990814	48360628.00
2014/03/28	7.98	8.02	7.60	7.61	4000919	45921140.00
2014/03/31	7.55	7.66	7.40	7.58	2264459	25085632.00
2014/04/01	7.66	7.86	7.49	7.84	1446883	16468514.00
2014/04/02	7.84	7.89	7.64	7.68	1369914	15579236.00
2014/04/03	7.64	7.80	7.64	7.73	1057464	12011378.00
2014/04/04	7.68	8.02	7.68	8.01	2472164	28766734.00
2014/04/08	7.96	8.27	7.90	8.25	2470673	29546240.00
2014/04/09	8.23	8.30	8.14	8.22	1694144	20419458.00
2014/04/10	8.22	8.24	8.05	8.13	1908924	22828114.00
2014/04/11	8.04	8.30	8.02	8.27	2363114	28518440.00
2014/04/14	8.27	8.36	8.23	8.29	2532740	30876506.00
2014/04/15	8.25	8.32	8.14	8.20	1826952	22151938.00
2014/04/16	8.20	8.41	8.07	8.39	2353609	28355878.00
2014/04/17	8.32	8.45	8.30	8.39	2704341	33325056.00
2014/04/18	8.39	8.50	8.30	8.43	1696880	20929760.00
2014/04/21	8.46	8.46	8.18	8.25	2484541	30492868.00
2014/04/22	8.14	8.32	8.07	8.23	1681817	20217614.00
2014/04/23	8.14	8.22	7.99	8.19	1595571	19053348.00
2014/04/24	8.11	8.20	7.98	8.08	1154775	13718016.00
2014/04/25	8.07	8.07	7.73	7.83	1615737	18719780.00
2014/04/28	7.76	7.76	7.34	7.47	1572691	17314370.00
2014/04/29	7.47	7.64	7.38	7.59	714003	7925948.00
2014/04/30	7.59	7.79	7.52	7.76	924607	10437703.00
2014/05/05	7.76	8.14	7.69	8.07	1705013	20012610.00
2014/05/06	8.05	8.05	7.86	7.89	2754316	32200508.00
2014/05/07	7.89	7.95	7.67	7.75	1553049	17808714.00
2014/05/08	7.63	7.87	7.63	7.73	949795	10849812.00
2014/05/09	7.69	7.73	7.41	7.59	1476715	16342138.00
2014/05/12	7.61	7.81	7.59	7.81	1499716	16991270.00
2014/05/13	7.77	7.88	7.71	7.76	1235111	14080303.00
2014/05/14	7.76	7.81	7.70	7.74	630244	7185315.00
2014/05/15	7.75	7.79	7.55	7.61	1020606	11536908.00
2014/05/16	7.62	7.67	7.40	7.55	908049	10011625.00
2014/05/19	7.51	7.55	7.43	7.55	535719	5908140.00
2014/05/20	7.61	7.65	7.50	7.55	629941	7003616.50
2014/05/21	7.54	7.59	7.42	7.59	584716	6460777.00
2014/05/22	7.64	7.73	7.55	7.68	1106355	12475326.00
2014/05/23	7.75	7.80	7.56	7.77	1436450	16163241.00
2014/05/26	7.82	7.82	7.70	7.80	1295075	14756183.00
2014/05/27	7.79	7.84	7.63	7.67	1124213	12766960.00
2014/05/28	7.65	7.93	7.62	7.91	2947296	33964916.00
2014/05/29	7.92	8.09	7.83	7.87	3406214	39832800.00
2014/05/30	7.83	8.07	7.73	8.02	3215903	37594820.00
2014/06/03	7.97	8.07	7.57	7.61	4108107	46670084.00
2014/06/04	7.58	7.58	7.43	7.55	2245443	24708106.00
2014/06/05	7.50	7.64	7.43	7.60	1944699	21575704.00
2014/06/06	7.64	7.67	7.47	7.59	1469037	16373157.00
2014/06/09	7.59	7.59	7.48	7.54	861810	9530180.00
2014/06/10	7.54	8.17	7.52	8.11	6963264	81641456.00
2014/06/11	8.14	8.49	8.07	8.16	9216190	111814608.00
2014/06/12	8.10	8.34	7.99	8.25	5932811	71624840.00
2014/06/13	8.30	8.43	8.02	8.17	13427223	161044288.00
2014/06/16	8.04	8.13	7.93	8.07	6194027	73020984.00
2014/06/17	8.09	8.16	7.97	8.05	4721167	55893636.00
2014/06/18	7.99	8.24	7.99	8.21	6126764	73106536.00
2014/06/19	8.12	8.20	7.38	7.41	9282849	104668392.00
2014/06/20	7.40	7.51	7.17	7.47	3654054	39621088.00
2014/06/23	7.48	7.57	7.41	7.52	2577326	28388918.00
2014/06/24	7.55	7.59	7.46	7.54	2300786	25435478.00
2014/06/25	7.52	7.69	7.47	7.55	2873687	31953006.00
2014/06/26	7.55	7.66	7.51	7.65	3108644	34690160.00
2014/06/27	7.68	7.68	7.57	7.62	2965680	33162414.00
2014/06/30	7.59	7.61	7.41	7.55	3676907	40638336.00
2014/07/01	7.55	7.73	7.50	7.71	3751699	42169572.00
2014/07/02	7.68	7.69	7.52	7.67	2879687	32302882.00
2014/07/03	7.62	7.80	7.52	7.75	5925778	66631856.00
2014/07/04	7.67	7.71	7.59	7.64	3254527	36500696.00
2014/07/07	7.66	7.67	7.55	7.61	2558715	28577954.00
2014/07/08	7.57	7.66	7.51	7.61	3109627	34654824.00
2014/07/09	7.61	7.79	7.52	7.67	4923471	55637496.00
2014/07/10	7.64	7.75	7.59	7.64	2913429	32814972.00
2014/07/11	7.62	7.86	7.55	7.79	5001143	56869880.00
2014/07/14	7.79	7.90	7.70	7.82	3380524	38706232.00
2014/07/15	7.84	7.86	7.64	7.74	3471002	39400328.00
2014/07/16	7.73	7.74	7.53	7.61	2914170	32611822.00
2014/07/17	7.62	7.62	7.31	7.43	4376538	47848628.00
2014/07/18	7.40	7.48	7.34	7.43	2251310	24497944.00
2014/07/21	7.43	7.45	7.32	7.36	1756130	19050208.00
2014/07/22	7.40	7.47	7.34	7.41	1593131	17357628.00
2014/07/23	7.41	7.52	7.23	7.32	2581745	27817846.00
2014/07/24	7.26	7.31	7.07	7.14	2699662	28488308.00
2014/07/25	7.20	7.28	7.15	7.28	1991041	21137624.00
2014/07/28	7.30	7.40	7.27	7.39	2349320	25372088.00
2014/07/29	7.37	7.47	7.37	7.42	2970435	32458688.00
2014/07/30	7.41	7.58	7.36	7.54	3234276	35667636.00
2014/07/31	7.54	7.61	7.45	7.57	2444771	27098536.00
2014/08/01	7.56	7.58	7.39	7.41	2479887	27368092.00
2014/08/04	7.41	7.56	7.41	7.52	2978282	32854454.00
2014/08/05	7.54	7.72	7.41	7.69	5520739	61670436.00
2014/08/06	7.68	7.82	7.64	7.77	4638838	52801612.00
2014/08/07	7.80	7.85	7.61	7.62	3601307	40940696.00
2014/08/08	7.64	7.74	7.61	7.72	2917530	32865752.00
2014/08/11	7.74	7.89	7.70	7.86	4117909	47073776.00
2014/08/12	7.85	8.00	7.80	7.95	3876115	45114040.00
2014/08/13	8.02	8.06	7.84	7.93	4027249	46856336.00
2014/08/14	7.89	8.07	7.89	8.04	5109314	60017000.00
2014/08/15	8.00	8.15	7.97	8.11	4687468	55518744.00
2014/08/18	8.12	8.42	8.07	8.41	6120595	74052000.00
2014/08/19	8.39	8.44	8.23	8.36	3571967	43638924.00
2014/08/20	8.36	8.41	8.25	8.33	3154726	38471880.00
2014/08/21	8.34	8.34	8.09	8.23	4387783	52618952.00
2014/08/22	8.23	8.68	8.18	8.59	6673199	82648664.00
2014/08/25	8.66	8.77	8.44	8.48	4313500	54349544.00
2014/08/26	8.48	8.58	8.00	8.22	5192646	62627660.00
2014/08/27	8.22	8.41	8.16	8.34	3100723	37759608.00
2014/08/28	8.41	8.62	8.28	8.36	3989387	49492652.00
2014/08/29	8.38	8.61	8.34	8.45	3403502	42414776.00
2014/09/01	8.38	8.60	8.29	8.58	7693945	95249432.00
2014/09/02	8.55	8.92	8.49	8.85	8209315	105379896.00
2014/09/03	8.79	9.01	8.74	8.77	5895958	76311456.00
2014/09/04	8.77	8.91	8.70	8.83	4439498	57236760.00
2014/09/05	8.95	9.73	8.95	9.73	7162790	101155896.00
2014/09/09	10.05	10.25	9.52	9.73	14750447	211037056.00
2014/09/10	9.80	10.16	9.57	10.07	10586940	152787600.00
2014/09/11	10.19	10.25	9.57	9.67	10322152	149067184.00
2014/09/12	9.61	9.82	9.36	9.80	6407675	89919424.00
2014/09/15	9.80	9.89	9.48	9.81	7828894	111072120.00
2014/09/16	9.82	10.10	9.42	9.45	8085310	115631656.00
2014/09/17	9.54	9.70	9.25	9.56	5389295	74536328.00
2014/09/18	9.57	9.74	9.39	9.70	3735627	52502732.00
2014/09/19	9.69	10.68	9.61	10.49	13323558	200191536.00
2014/09/22	10.43	10.88	10.26	10.59	8360229	129825064.00
2014/09/23	10.62	10.84	10.34	10.81	6719012	103728864.00
2014/09/24	10.69	11.71	10.61	11.27	9921544	164506048.00
2014/09/25	11.31	11.50	11.18	11.32	5162809	85087048.00
2014/09/26	11.25	11.30	10.70	10.97	6917668	110132296.00
2014/09/29	11.08	11.08	10.71	10.84	6977102	110302536.00
2014/09/30	11.23	11.43	10.96	11.18	8679986	141006752.00
2014/10/08	11.28	11.43	10.99	11.30	8135430	133138360.00
2014/10/09	11.28	11.28	10.68	10.89	9728234	155155584.00
2014/10/10	10.89	11.00	10.64	10.64	6684550	105349984.00
2014/10/13	10.64	10.64	10.25	10.50	5011726	76308192.00
2014/10/14	10.46	10.59	10.34	10.40	4448163	68117360.00
2014/10/15	10.43	10.58	10.18	10.54	5029146	76334456.00
2014/10/16	10.47	10.84	10.43	10.48	5325039	83131392.00
2014/10/17	10.37	10.60	10.06	10.39	3896886	58703828.00
2014/10/20	10.43	10.80	10.41	10.75	5675717	88392328.00
2014/10/21	10.83	10.84	10.61	10.73	3694108	57881452.00
2014/10/22	10.69	10.69	10.30	10.39	3691398	56444356.00
2014/10/23	10.39	10.39	9.85	9.95	4737147	69661088.00
2014/10/24	9.95	10.23	9.93	10.19	2907786	42982224.00
2014/10/27	10.05	10.36	9.95	10.24	2620922	39232740.00
2014/10/28	10.30	10.57	10.16	10.47	3865781	58789696.00
2014/10/29	10.57	10.92	10.52	10.62	5999645	94181384.00
2014/10/30	10.65	11.16	10.61	10.92	9767787	155195200.00
2014/10/31	10.94	10.95	10.39	10.47	10027286	155177280.00
2014/11/03	10.40	10.50	10.25	10.48	5689667	86127616.00
2014/11/04	10.48	10.48	10.23	10.32	3029840	45707696.00
2014/11/05	10.31	10.57	10.19	10.46	3643074	55513168.00
2014/11/06	10.39	10.46	10.26	10.45	3028175	45860140.00
2014/11/07	10.45	10.68	10.40	10.55	4961207	76302224.00
2015/03/25	11.62	11.62	11.62	11.62	939211	15929019.00
2015/03/26	12.80	12.80	12.80	12.80	287078	4449709.00
2015/03/27	14.09	14.09	13.21	14.09	50561483	851443968.00
2015/03/30	14.12	14.75	13.68	13.75	47865092	816627584.00
2015/03/31	14.03	14.46	13.80	14.13	38794096	663703360.00
2015/04/01	13.95	15.35	13.76	14.95	44776943	777504064.00
2015/04/02	15.00	16.46	14.75	16.46	44745510	855070464.00
2015/04/03	16.35	17.34	16.13	16.77	33417226	677378944.00
2015/04/07	16.55	17.14	16.30	16.74	27152838	544020736.00
2015/04/08	16.74	16.74	15.55	15.85	26818879	519769024.00
2015/04/09	15.63	15.71	14.47	15.40	18537299	340512288.00
2015/04/10	15.14	15.82	15.05	15.63	19147548	359471872.00
2015/04/13	15.71	16.27	15.21	16.00	22819375	435938816.00
2015/04/14	15.80	15.91	15.30	15.30	17922259	336365888.00
2015/04/15	15.21	15.21	14.55	14.59	12875224	231191888.00
2015/04/16	14.15	15.05	14.15	14.70	10589710	188927712.00
2015/04/17	14.88	15.12	14.71	14.88	12871845	232250256.00
2015/04/20	14.71	14.78	14.26	14.46	12914575	227061888.00
2015/04/21	14.42	15.53	14.35	15.45	14849034	270461760.00
2015/04/22	15.55	16.53	15.55	16.42	26616325	520809056.00
2015/04/23	16.46	17.30	16.46	16.67	27496608	563707200.00
2015/04/24	16.38	18.20	16.14	17.88	26245293	555919808.00
2015/04/27	17.89	19.46	17.89	18.22	22992027	519843840.00
2015/04/28	18.10	18.78	16.60	17.55	20955272	446061600.00
2015/04/29	17.55	19.31	17.23	19.31	18908621	428207040.00
2015/04/30	20.52	21.25	19.49	21.25	27183197	679405824.00
2015/05/04	21.49	23.40	21.05	21.95	27540453	737918400.00
2015/05/05	22.46	22.59	20.40	20.80	17121459	436522240.00
2015/05/06	20.67	22.90	20.24	21.86	23523386	624808256.00
2015/05/07	21.46	24.06	21.30	24.06	29878666	840410816.00
2015/05/08	23.93	26.05	23.71	25.52	26765184	803723712.00
2015/05/11	25.28	28.05	24.51	27.36	25022978	803077952.00
2015/05/12	27.38	28.13	26.21	27.35	15245306	500868096.00
2015/05/13	26.56	27.16	25.30	25.37	20102616	634361536.00
2015/05/14	25.89	27.92	25.38	27.92	19291954	628112000.00
2015/05/15	28.13	30.73	27.80	29.90	21717775	766022272.00
2015/05/18	29.90	32.85	28.92	31.93	14832110	565595456.00
2015/05/19	31.96	35.14	31.96	35.14	10051873	409671392.00
2015/05/20	36.61	38.66	36.60	38.66	9630771	444907488.00
2015/05/21	39.51	41.45	36.55	39.96	20920194	982639744.00
2015/05/22	39.30	40.05	36.63	39.12	16596065	773178368.00
2015/05/25	37.20	39.32	35.42	37.80	19660554	890423488.00
2015/05/26	37.09	39.05	36.60	37.60	17030406	765864640.00
2015/05/27	37.75	41.38	36.80	41.38	16288493	767089600.00
2015/05/28	41.55	43.04	37.38	37.72	13229604	635792256.00
2015/05/29	35.30	38.47	34.05	37.46	11191460	488355712.00
2015/06/01	37.05	40.03	36.55	39.88	9514532	443891328.00
2015/06/02	39.46	40.71	37.80	38.71	9353047	432483456.00
2015/06/03	38.21	39.46	36.60	37.09	8932521	405854752.00
2015/06/04	37.88	39.57	35.13	39.57	12590583	581857792.00
2015/06/05	39.97	43.54	39.97	43.54	17338657	895569728.00
2015/06/08	44.68	44.68	39.17	39.17	16934259	816966784.00
2015/06/09	37.38	39.61	35.25	39.08	7793922	354661632.00
2015/06/10	38.02	39.88	37.41	39.35	5785956	271356096.00
2015/06/11	40.38	42.75	40.38	40.40	9578724	476016608.00
2015/06/12	41.63	43.89	41.62	41.95	8870518	455365856.00
2015/06/15	40.80	41.55	39.05	39.40	5847204	279911328.00
2015/06/16	38.63	42.09	35.99	40.75	6504831	315014976.00
2015/06/17	41.71	44.85	40.88	44.85	12485513	654678208.00
2015/06/18	44.78	46.71	40.55	40.72	13793098	728282944.00
2015/06/19	36.64	40.05	36.64	36.64	9331374	415847072.00
2015/06/23	33.23	35.70	32.96	32.96	8834967	352554560.00
2015/06/24	33.67	35.61	31.96	34.38	12530880	517987008.00
2015/06/25	34.38	34.88	30.93	30.93	15847412	598997056.00
2015/06/26	28.63	28.63	27.82	27.82	3935396	132154552.00
2015/06/29	26.93	26.93	25.03	25.03	2605292	79174296.00
2015/06/30	22.51	26.53	22.51	24.36	23225151	658550144.00
2015/07/01	23.11	26.62	21.91	23.21	20692139	613950656.00
2015/07/02	22.63	23.13	20.88	20.88	10850942	281102144.00
2015/07/03	18.78	20.43	18.78	18.78	12347720	283901056.00
2015/07/06	20.58	20.58	16.89	16.89	13866409	300008064.00
2015/07/07	15.19	15.19	15.19	15.19	1047000	19233390.00
2015/07/14	16.72	16.72	16.72	16.72	274537	5548393.00
2015/07/15	18.40	18.40	15.71	16.23	42920180	904393856.00
2015/07/16	15.72	17.80	14.60	16.76	42456558	823511232.00
2015/07/17	16.92	18.45	16.76	18.45	29132786	628980096.00
2015/07/20	19.72	20.31	19.05	20.31	47725612	1144652288.00
2015/07/21	20.31	22.35	19.80	22.35	37777385	972260352.00
2015/07/22	22.80	23.17	20.89	21.89	42470860	1124032384.00
2015/07/23	21.90	23.95	21.26	23.49	33591660	905456064.00
2015/07/24	23.55	24.60	22.21	23.12	34972171	996602304.00
2015/07/27	22.30	23.20	20.80	20.80	26174544	694175360.00
2015/07/28	18.70	20.57	18.70	18.70	42235886	963064064.00
2015/07/29	18.80	19.88	16.85	19.73	42003529	918803328.00
2015/07/30	19.05	19.46	17.75	17.75	32901949	748564800.00
2015/07/31	17.00	17.54	16.00	16.38	25662948	521970912.00
2015/08/03	15.80	16.20	14.73	14.73	21711120	399372096.00
2015/08/04	15.05	16.21	15.05	16.21	20196854	382091936.00
2015/08/05	17.13	17.75	16.55	17.00	37469068	776368064.00
2015/08/06	16.21	17.80	15.98	17.38	28489335	587483072.00
2015/08/07	17.68	19.04	17.47	18.67	31531690	698920000.00
2015/08/10	19.05	20.25	18.67	19.81	35723296	835702400.00
2015/08/11	19.46	19.82	18.90	19.28	36631450	856621504.00
2015/08/12	18.88	19.79	18.67	18.89	25180042	585803968.00
2015/08/13	18.87	19.35	17.96	19.35	25857587	588457152.00
2015/08/14	19.68	20.21	19.21	19.30	31438518	749089344.00
2015/08/17	19.04	19.15	18.18	18.90	23681943	535792544.00
2015/08/18	18.99	19.71	17.00	17.00	35343347	797485440.00
2015/08/19	16.12	17.79	15.38	17.70	25346337	506905760.00
2015/08/20	17.53	18.92	16.99	17.96	29730650	642225472.00
2015/08/21	17.38	17.80	16.23	16.35	20278714	417819584.00
2015/08/24	15.05	15.66	14.70	14.70	13762739	248202640.00
2015/08/25	13.21	13.53	13.21	13.21	14042828	225419712.00
2015/08/26	13.13	13.50	11.88	11.88	22230945	339934880.00
2015/08/27	12.48	12.60	10.96	12.30	19722082	284714272.00
2015/08/28	12.55	13.54	12.28	13.54	26029357	400945312.00
2015/08/31	13.55	14.01	13.25	13.25	26229653	433584960.00
2015/09/01	12.79	12.80	11.91	11.91	15456784	227724768.00
2015/09/02	10.74	12.61	10.74	10.92	18733316	259104192.00
2015/09/07	11.38	12.00	11.33	11.63	18475766	260837824.00
2015/09/08	11.40	12.80	11.40	12.80	17327235	250932976.00
2015/09/09	13.05	14.10	13.03	14.10	31587873	525870624.00
2015/09/10	13.63	14.03	13.38	13.40	19377490	321329280.00
2015/09/11	13.34	14.03	13.34	13.83	16597792	276366464.00
2015/09/14	13.86	13.96	12.44	12.44	14910582	235504000.00
2015/09/15	11.65	11.96	11.18	11.18	16551777	230564192.00
2015/09/16	11.49	12.31	11.34	12.31	17637346	253235808.00
2015/09/17	12.59	13.26	12.21	12.23	22205362	345459360.00
2015/09/18	12.38	13.46	12.27	13.46	37845509	603025408.00
2015/09/21	13.21	14.45	13.15	14.39	41559757	695454592.00
2015/09/22	14.38	14.88	13.74	14.31	38391566	660638976.00
2015/09/23	13.88	14.80	13.75	14.17	26389485	452079520.00
2015/09/24	14.45	14.88	14.05	14.38	24279381	425124064.00
2015/09/25	14.13	14.25	13.13	13.31	19769334	326419552.00
2015/09/28	13.38	14.65	13.22	14.65	24352595	416620832.00
2015/09/29	14.33	14.60	13.89	14.10	23895544	412246880.00
2015/09/30	13.96	14.10	13.23	13.74	25830175	427491744.00
2015/10/08	14.30	14.95	14.05	14.68	29247682	514482272.00
2015/10/09	14.55	15.46	14.39	15.13	33260799	600759936.00
2015/10/12	15.37	16.38	15.18	16.09	33662454	643233216.00
2015/10/13	15.87	17.38	15.73	17.15	39372346	793051264.00
2015/10/14	16.96	17.15	16.38	16.45	33373014	671839232.00
2015/10/15	16.34	18.10	16.30	17.92	38177877	795249408.00
2015/10/16	18.20	18.20	17.25	17.74	33129086	705032512.00
2015/10/19	17.60	17.69	16.80	17.04	28731817	595842944.00
2015/10/20	17.10	17.80	16.96	17.68	29183686	616080128.00
2015/10/21	17.45	17.63	15.90	15.90	33060295	666882432.00
2015/10/22	15.68	16.73	15.56	16.55	27256163	533078208.00
2015/10/23	16.71	17.38	16.28	17.21	31718292	643758208.00
2015/10/26	17.46	17.80	16.80	17.28	30621142	639091520.00
2015/10/27	17.13	17.53	16.05	17.40	27998818	568831680.00
2015/10/28	17.37	18.20	17.05	17.11	34905172	747608000.00
2015/10/29	17.41	17.95	16.74	17.60	27404811	578013248.00
2015/10/30	17.38	18.95	17.20	18.25	35988266	789235328.00
2015/11/02	17.50	18.21	16.90	17.05	27500257	584555456.00
2015/11/03	17.09	17.42	16.26	16.94	21714619	443939904.00
2015/11/04	16.96	18.46	16.96	18.36	35084138	752140544.00
2015/11/05	18.38	19.24	18.11	18.91	49191876	1106086272.00
2015/11/06	19.05	19.87	19.05	19.50	41588697	976666944.00
2015/11/09	19.05	19.74	18.60	19.46	34687152	803401920.00
2015/11/10	19.12	20.05	18.97	19.21	29295971	687441088.00
2015/11/11	19.05	20.09	18.80	20.07	32727556	766803328.00
2015/11/12	20.13	20.23	19.38	19.70	30891496	739068096.00
2015/11/13	19.30	19.45	18.46	18.80	23770971	543849536.00
2015/11/16	18.51	19.88	18.30	19.88	23587097	549931520.00
2015/11/17	20.09	20.60	19.07	19.25	32469300	781510336.00
2015/11/18	19.10	19.42	18.40	18.55	19513705	445904160.00
2015/11/19	18.87	19.44	18.56	19.36	16522322	378473120.00
2015/11/20	19.50	19.88	19.09	19.76	25867142	609867904.00
2015/11/23	19.88	20.60	19.65	19.84	32558957	792037312.00
2015/11/24	19.53	20.85	19.53	20.85	31514839	771513728.00
2015/11/25	20.87	21.42	20.65	21.29	35918648	915136000.00
2015/11/26	21.45	21.50	20.68	20.72	30470847	771335552.00
2015/11/27	20.45	20.69	18.64	18.65	28864816	686046464.00
2015/11/30	18.65	18.89	16.87	18.56	21878518	479727616.00
2015/12/01	18.38	18.92	18.06	18.64	14104712	315650560.00
2015/12/02	18.67	18.75	17.36	18.06	12072531	262371216.00
2015/12/03	18.19	18.62	18.11	18.62	13362940	297256640.00
2015/12/04	18.59	19.78	18.42	19.42	25473461	589937984.00
2015/12/07	19.45	19.55	18.84	19.30	16927232	392770400.00
2015/12/08	19.10	19.92	18.34	19.44	28139130	655825152.00
2015/12/09	19.38	19.71	18.80	18.89	15851766	366062752.00
2015/12/10	18.81	19.86	18.40	19.62	24582125	572386368.00
2015/12/11	19.63	20.95	19.50	20.19	39298283	961513792.00
2015/12/14	19.82	20.71	19.22	20.62	24559484	592554496.00
2015/12/15	20.55	21.71	20.45	20.87	33297661	849182272.00
2015/12/16	21.00	22.13	20.72	21.78	38865707	1000777728.00
2015/12/17	21.80	23.61	21.60	22.86	42520063	1154575104.00
2015/12/18	22.88	22.97	21.97	22.68	32611425	882053120.00
2015/12/21	22.35	22.95	21.96	22.45	21576635	582678976.00
2015/12/22	22.47	22.53	21.55	21.96	19544471	518077376.00
2015/12/23	22.05	22.13	21.30	21.36	22497443	588277888.00
2015/12/24	21.14	21.70	20.42	21.58	20684893	523689504.00
2015/12/25	21.38	22.35	21.25	22.30	23332895	619994752.00
2015/12/28	22.46	23.05	21.96	21.96	30213414	822476160.00
2015/12/29	22.11	22.26	21.04	21.77	23034987	598210816.00
2015/12/30	21.80	22.98	21.47	22.98	27433144	739169280.00
2015/12/31	23.04	23.17	22.05	22.45	24045255	653541504.00
2016/01/04	21.97	22.28	20.19	20.19	15264020	387542336.00
2016/01/05	18.16	19.87	18.15	18.59	27490115	621993600.00
2016/01/06	18.78	19.02	18.13	18.95	17803267	400630016.00
2016/01/07	18.35	18.38	17.04	17.04	3881485	82440192.00
2016/01/08	17.42	17.61	15.55	16.33	21860922	435691744.00
2016/01/11	15.71	15.90	14.69	14.69	16505483	303204640.00
2016/01/12	14.54	14.85	13.77	14.32	16106104	279393440.00
2016/01/13	14.48	14.74	13.13	13.45	14466799	246482976.00
2016/01/14	12.80	14.39	12.65	14.24	16326358	267519712.00
2016/01/15	13.91	14.17	12.87	13.05	14535711	239198656.00
2016/01/18	12.78	13.95	12.67	13.56	14667751	238450656.00
2016/01/19	13.51	14.50	13.45	14.38	18818701	319617504.00
2016/01/20	14.20	14.95	14.11	14.50	20697275	365112992.00
2016/01/21	14.12	15.13	14.11	14.30	23135014	412028864.00
2016/01/22	14.53	15.29	13.96	15.07	23116229	407218336.00
2016/01/25	15.11	15.67	14.63	14.93	19633920	359797504.00
2016/01/26	14.71	14.78	13.42	13.42	15031635	256508880.00
2016/01/27	13.51	13.61	12.21	13.42	15084130	236121696.00
2016/01/28	13.13	13.38	12.28	12.38	10872524	170604416.00
2016/01/29	12.45	13.35	12.29	13.05	13665005	213819888.00
2016/02/01	13.02	13.28	12.63	13.05	10180808	160694896.00
2016/02/02	13.24	13.95	13.21	13.82	12761416	211014464.00
2016/02/03	13.62	13.94	13.30	13.80	11581865	190277008.00
2016/02/04	13.95	14.29	13.85	14.21	12485699	213115024.00
2016/02/05	14.18	14.25	13.80	13.86	9063925	153623728.00
2016/02/15	13.13	13.85	12.92	13.73	9072150	147279712.00
2016/02/16	13.82	14.61	13.82	14.49	16907812	292167136.00
2016/02/17	14.43	14.77	14.11	14.68	15410841	269015296.00
2016/02/18	14.78	14.86	14.34	14.48	14202917	250095776.00
2016/02/19	14.38	14.77	14.22	14.55	11294282	197981056.00
2016/02/22	14.80	15.01	14.56	14.90	15895084	283741696.00
2016/02/23	14.90	14.94	14.36	14.59	13246830	234790656.00
2016/02/24	14.42	14.82	14.15	14.69	13146118	231044240.00
2016/02/25	14.56	14.67	13.20	13.20	16051230	267139280.00
2016/02/26	13.30	13.42	12.41	12.83	11164577	175537360.00
2016/02/29	12.71	12.78	11.54	11.57	14536460	207291200.00
2016/03/01	11.69	12.12	11.24	11.97	12237725	173760128.00
2016/03/02	11.99	12.69	11.88	12.63	13549955	201519360.00
2016/03/03	12.57	13.10	12.46	12.59	13024686	201460592.00
2016/03/04	12.55	12.63	11.60	11.80	11851982	173815632.00
2016/03/07	11.95	12.50	11.95	12.13	9293127	137419248.00
2016/03/08	12.05	12.41	11.21	12.39	11062025	159626096.00
2016/03/09	12.05	12.79	11.95	12.38	14626890	221063120.00
2016/03/10	12.45	12.65	12.00	12.08	8778795	130927408.00
2016/03/11	11.81	12.17	11.59	12.06	8061115	116502360.00
2016/03/14	12.30	12.92	12.21	12.67	15123687	232063568.00
2016/03/15	12.63	12.80	12.38	12.49	10478875	159854448.00
2016/03/16	12.64	12.92	12.25	12.47	13190368	201912640.00
2016/03/17	12.61	13.44	12.46	13.20	27596731	432882720.00
2016/03/18	13.21	13.99	13.13	13.82	25486548	421053504.00
2016/03/21	14.15	14.33	13.84	14.22	24570123	417957728.00
2016/03/22	13.95	14.16	13.88	13.97	17305576	293552864.00
2016/03/23	14.12	14.60	13.97	14.49	24214099	419614048.00
2016/03/24	14.29	15.13	14.06	14.53	34653409	615073792.00
2016/03/25	14.30	14.50	13.99	14.32	19044838	328656352.00
2016/03/28	14.50	14.76	14.05	14.15	21838017	382659520.00
2016/03/29	13.97	13.97	13.32	13.50	20040105	329712736.00
2016/03/30	13.67	14.25	13.60	14.21	19701501	331208672.00
2016/03/31	14.38	14.71	14.23	14.30	20845065	364951264.00
2016/04/01	14.30	15.65	14.21	15.34	35899952	641900800.00
2016/04/05	15.10	16.13	14.90	15.75	33305506	623522368.00
2016/04/06	15.55	16.01	15.30	15.64	23259467	439705248.00
2016/04/07	15.67	15.80	14.98	15.00	19705003	364208864.00
2016/04/08	14.83	15.70	14.71	15.58	24728803	455596608.00
2016/04/11	15.72	16.28	15.59	15.96	25172496	486055936.00
2016/04/12	15.78	16.11	15.44	15.55	16293602	308910304.00
2016/04/13	15.76	16.27	15.67	15.85	21844759	422455072.00
2016/04/14	16.02	16.40	15.86	16.30	19415200	378751424.00
2016/04/15	16.30	16.63	16.22	16.46	17278737	342631424.00
2016/07/11	15.23	15.79	14.81	14.81	51218342	772411520.00
2016/07/12	14.51	14.81	14.37	14.78	29498985	432649024.00
2016/07/13	14.67	15.10	14.62	14.85	20274275	303748672.00
2016/07/14	14.77	14.94	14.63	14.82	14493067	215653408.00
2016/07/15	14.87	15.07	14.75	14.86	14787268	221342416.00
2016/07/18	14.81	14.85	14.52	14.61	12375577	182625344.00
2016/07/19	14.52	14.75	14.38	14.73	14504580	211442112.00
2016/07/20	14.63	14.92	14.60	14.75	12433159	184599904.00
2016/07/21	14.89	15.20	14.78	15.05	20315323	307285344.00
2016/07/22	14.96	14.99	14.68	14.69	12724494	189864016.00
2016/07/25	14.72	14.89	14.63	14.74	8661537	128614280.00
2016/07/26	14.76	14.87	14.73	14.86	9876884	147080608.00
2016/07/27	14.87	14.91	13.55	13.62	21939986	312911360.00
2016/07/28	13.66	13.70	13.13	13.40	13583533	183248336.00
2016/07/29	13.39	13.44	13.04	13.14	9941028	132072824.00
2016/08/01	13.04	13.07	12.59	12.80	10418235	133707152.00
2016/08/02	12.82	13.18	12.82	13.10	8644272	113472656.00
2016/08/03	13.02	13.40	12.97	13.20	8724854	116238264.00
2016/08/04	13.21	13.70	13.20	13.59	11738063	159576832.00
2016/08/05	13.49	13.60	13.30	13.51	8945729	120831944.00
2016/08/08	13.42	13.65	13.33	13.65	6619638	89982056.00
2016/08/09	13.65	13.76	13.58	13.72	7124916	97842024.00
2016/08/10	13.76	13.81	13.52	13.53	7090602	97263256.00
2016/08/11	13.55	13.59	13.19	13.20	7654836	102803400.00
2016/08/12	13.22	13.45	13.15	13.44	6293960	84391008.00
2016/08/15	13.42	14.07	13.35	13.97	13233561	183566720.00
2016/08/16	14.02	14.17	13.98	14.03	8988418	127162920.00
2016/08/17	14.05	14.20	13.97	14.03	7153320	101076008.00
2016/08/18	14.07	14.11	13.86	13.88	9073726	127543368.00
2016/08/19	13.91	14.22	13.86	14.04	8546787	120696840.00
2016/08/22	14.11	14.35	14.01	14.04	9526793	135747472.00
2016/08/23	14.02	14.28	13.95	14.10	7206400	102498800.00
2016/08/24	14.04	14.10	13.73	13.84	12009607	167254064.00
2016/08/25	13.74	13.75	13.45	13.62	8042053	109911816.00
2016/08/26	13.63	13.86	13.61	13.65	6278039	86781792.00
2016/08/29	13.57	13.71	13.57	13.64	4767866	65374116.00
2016/08/30	13.63	13.77	13.62	13.66	5497306	75692608.00
2016/08/31	13.62	13.70	13.50	13.65	4842478	66207328.00
2016/09/01	13.65	14.01	13.62	13.81	11140061	155092928.00
2016/09/02	13.81	14.12	13.81	14.05	12855979	180830416.00
2016/09/05	14.11	14.15	13.89	13.96	8189675	115400400.00
2016/09/06	13.93	14.56	13.90	14.50	14365549	205180464.00
2016/09/07	14.52	14.59	14.26	14.30	11154707	161355808.00
2016/09/08	14.25	14.51	14.23	14.40	8200454	118338048.00
2016/09/09	14.42	14.47	14.03	14.04	9420881	134707088.00
2016/09/12	13.73	13.86	13.48	13.53	8830002	121507216.00
2016/09/13	13.60	13.72	13.53	13.64	4693549	64251204.00
2016/09/14	13.59	13.86	13.53	13.71	5596225	77193672.00
2016/09/19	13.71	14.03	13.70	14.02	7891112	109811576.00
2016/09/20	13.95	14.03	13.84	13.93	4965423	69580440.00
2016/09/21	13.93	14.31	13.88	14.21	9642054	137604880.00
2016/09/22	14.42	14.50	14.19	14.23	10556220	152000352.00
2016/09/23	14.20	14.27	14.04	14.05	7019147	99712904.00
2016/09/26	14.07	14.08	13.57	13.58	8358360	116323720.00
2016/09/27	13.58	13.80	13.53	13.77	5110580	70288232.00
2016/09/28	13.78	13.98	13.66	13.91	5509645	76630280.00
2016/09/29	14.00	14.35	13.94	14.22	9130749	129755752.00
2016/09/30	14.12	14.36	14.10	14.20	7421623	106452184.00
2016/10/10	14.25	14.61	14.16	14.58	12290985	178436480.00
2016/10/11	14.56	14.57	14.43	14.54	11123085	161955040.00
2016/10/12	14.45	14.62	14.44	14.52	7973529	116466560.00
2016/10/13	14.54	14.84	14.48	14.71	13118862	193663696.00
2016/10/14	14.61	14.67	14.44	14.62	9125591	133452088.00
2016/10/17	14.62	14.80	14.38	14.53	11264467	165811088.00
2016/10/18	14.44	15.02	14.44	15.01	14099773	209620384.00
2016/10/19	14.84	15.62	14.84	15.41	24330280	375992832.00
2016/10/20	15.45	15.66	15.20	15.42	14191455	219764800.00
2016/10/21	15.41	15.56	14.95	15.13	11077497	169458128.00
2016/10/24	15.13	15.62	15.00	15.42	10150449	157633744.00
2016/10/25	15.44	15.55	15.32	15.42	7928581	122865552.00
2016/10/26	15.48	15.57	15.28	15.40	10724060	166222720.00
2016/10/27	15.36	16.07	15.30	15.93	17431485	276403968.00
2016/10/28	15.83	16.47	15.53	15.59	23514061	379102336.00
2016/10/31	15.60	15.70	15.14	15.47	12331421	190690320.00
2016/11/01	15.37	15.91	15.37	15.90	12737645	200638656.00
2016/11/02	16.14	16.48	15.83	15.91	20217911	327019232.00
2016/11/03	15.72	16.01	15.61	15.70	15435437	244765680.00
2016/11/04	15.70	16.05	15.68	15.74	10171568	161791024.00
2016/11/07	15.60	15.74	15.43	15.50	9230670	144426032.00
2016/11/08	15.59	16.04	15.46	15.82	13979622	221116160.00
2016/11/09	15.83	16.01	15.45	15.67	10707962	169642832.00
2016/11/10	15.87	16.01	15.71	15.88	12330604	196720848.00
2016/11/11	15.84	16.47	15.84	16.35	16292659	265023760.00
2016/11/14	16.50	17.20	16.47	16.76	25356426	430005568.00
2016/11/15	16.66	17.10	16.32	17.05	16701548	280553312.00
2016/11/16	17.01	17.16	16.75	16.80	10582910	179920464.00
2016/11/17	16.90	17.43	16.74	17.34	19586546	336869056.00
2016/11/18	17.22	17.58	16.87	17.01	12850108	222019344.00
2016/11/21	16.92	17.26	16.73	16.95	11677596	199126736.00
2016/11/22	16.95	17.11	16.76	16.84	10824502	183372768.00
2016/11/23	16.87	17.09	16.39	16.54	13053193	218247040.00
2016/11/24	16.57	17.14	16.48	16.69	16984070	287501312.00
2016/11/25	16.62	17.20	16.50	17.14	17533038	297856128.00
2016/11/28	17.24	17.32	16.92	16.93	15455672	265118096.00
2016/11/29	16.89	16.95	16.44	16.48	12576544	210299632.00
2016/11/30	16.48	16.72	15.92	16.07	13231554	217221408.00
2016/12/01	16.01	16.54	15.99	16.30	14533776	237577712.00
2016/12/02	16.14	16.60	16.08	16.08	12253345	200385520.00
2016/12/05	16.01	16.29	15.83	16.29	7194715	116791984.00
2016/12/06	16.22	16.78	16.22	16.61	14126013	235098128.00
2016/12/07	16.49	17.06	16.43	16.94	17681482	299996736.00
2016/12/08	16.86	17.07	16.74	16.97	9287742	157806912.00
2016/12/09	16.98	17.05	16.80	16.81	7403079	125730016.00
2016/12/12	16.79	16.79	15.36	15.55	16418901	265183072.00
2016/12/13	15.52	16.07	14.97	15.89	11745045	184030256.00
2016/12/14	15.80	16.24	15.70	15.76	9874924	158805136.00
2016/12/15	15.82	16.09	15.65	15.90	8259759	132365256.00
2016/12/16	15.83	16.01	15.80	15.91	5778559	92321616.00
2016/12/19	15.83	16.42	15.83	16.33	8581097	139426896.00
2016/12/20	16.42	16.67	16.37	16.50	10168141	168713200.00
2016/12/21	16.60	16.62	16.37	16.51	5261306	86953744.00
2016/12/22	16.43	16.53	16.18	16.28	4885576	80038552.00
2016/12/23	16.28	16.77	15.90	16.71	12924424	212418208.00
2016/12/26	16.51	16.77	16.33	16.71	7785638	129360296.00
2016/12/27	16.72	17.30	16.53	17.18	14663889	249663920.00
2016/12/28	17.16	17.36	16.88	16.95	11327327	195376032.00
2016/12/29	17.00	17.12	16.77	16.99	8942849	152221728.00
2016/12/30	17.08	17.96	16.87	17.72	17964512	315425504.00
2017/01/03	17.72	18.02	17.55	17.95	14560434	260164480.00
2017/01/04	17.83	17.98	17.69	17.97	9098776	163341888.00
2017/01/05	17.84	18.57	17.77	17.92	12511649	227543232.00
2017/01/06	17.87	18.12	17.42	17.92	9618024	171648896.00
2017/01/09	17.85	18.22	17.72	18.22	8544281	154838352.00
2017/01/10	18.22	18.39	17.77	17.77	7757477	141414816.00
2017/01/11	17.70	17.89	17.05	17.72	14458401	253917664.00
2017/01/12	17.62	17.88	17.12	17.17	9787904	170355360.00
2017/01/13	17.50	17.52	16.53	16.65	7567258	128440672.00
2017/01/16	16.58	16.58	14.98	15.08	22070573	341238496.00
2017/01/17	15.04	15.27	14.58	15.23	9990953	150679952.00
2017/01/18	15.12	15.27	15.02	15.12	4264367	64840428.00
2017/01/19	15.01	15.40	14.93	15.21	5191940	79390112.00
2017/01/20	15.21	15.59	15.12	15.35	6149732	95019808.00
2017/01/23	15.34	16.08	15.32	16.00	8996090	142455152.00
2017/01/24	15.92	16.07	15.67	15.80	5274300	83974672.00
2017/01/25	15.71	16.06	15.69	15.88	4303976	68728552.00
2017/01/26	15.91	16.90	15.88	16.77	10511170	174629072.00
2017/02/03	16.77	16.85	15.92	16.47	3331971	55384764.00
2017/02/06	16.52	16.69	16.31	16.58	4377563	72515568.00
2017/02/07	16.56	16.56	16.24	16.25	5152404	84554800.00
2017/02/08	16.25	16.26	15.89	16.20	6070443	98195048.00
2017/02/09	16.21	16.62	16.14	16.41	5411285	89381528.00
2017/02/10	16.42	16.90	16.41	16.58	8865090	148262208.00
2017/02/13	16.35	16.72	16.24	16.60	8066956	133452672.00
2017/02/14	16.63	17.03	16.54	16.91	12831720	217003568.00
2017/02/15	16.93	17.27	16.73	17.04	17787160	304269344.00
2017/02/16	17.05	17.21	16.80	17.02	11524896	196975088.00
2017/02/17	17.05	17.05	16.50	16.92	14866720	250799616.00
2017/02/20	16.75	16.99	16.52	16.94	9089627	153310992.00
2017/02/21	16.92	17.23	16.76	17.13	12194117	208888880.00
2017/02/22	17.13	17.30	17.03	17.17	10253128	176523760.00
2017/02/23	17.17	17.41	16.82	17.16	13345688	229527616.00
2017/02/24	17.17	17.42	17.08	17.17	12330272	213121424.00
2017/02/27	17.15	17.22	16.92	16.99	9689721	165971232.00
2017/02/28	17.10	17.10	16.78	16.99	6734292	114561032.00
2017/03/01	17.02	17.56	16.88	17.18	21278047	369973344.00
2017/03/02	17.18	17.18	16.82	16.82	9772902	166526896.00
2017/03/03	16.72	16.91	16.58	16.79	8973884	150933536.00
2017/03/06	16.82	17.20	16.75	17.20	13815978	236136288.00
2017/03/07	17.30	17.69	17.27	17.56	26405969	464054560.00
2017/03/08	17.62	17.78	17.32	17.49	23046194	405887136.00
2017/03/09	17.49	17.72	17.27	17.50	29412626	515930752.00
2017/03/10	17.46	17.94	17.19	17.59	33331955	591685376.00
2017/03/13	17.50	17.53	17.15	17.37	13555367	236060032.00
2017/03/14	17.38	17.72	17.25	17.43	22760403	401364704.00
2017/03/15	17.32	17.37	17.00	17.15	11834653	204040624.00
2017/03/16	17.15	17.72	16.44	16.57	31660256	540067328.00
2017/03/17	16.37	16.59	16.07	16.37	17055550	279832000.00
2017/03/20	16.29	16.29	15.82	16.18	13939326	224090336.00
2017/03/21	16.12	16.27	16.06	16.19	7752952	125937400.00
2017/03/22	16.19	16.32	16.05	16.25	8647481	140839648.00
2017/03/23	16.31	16.31	16.11	16.27	7192772	117367544.00
2017/03/24	16.28	16.28	16.00	16.17	6879815	111359712.00
2017/03/27	16.20	16.21	16.08	16.10	7360185	119290440.00
2017/03/28	15.93	16.08	15.92	15.94	6476681	104007416.00
2017/03/29	15.96	16.22	15.88	16.02	6990339	112885000.00
2017/03/30	15.93	16.02	15.12	15.31	11522675	178917888.00
2017/03/31	15.37	15.42	14.95	15.24	7287016	110997240.00
2017/04/05	15.08	15.47	15.05	15.40	8368801	128899352.00
2017/04/06	15.44	15.48	15.33	15.38	15501497	240069008.00
2017/04/07	15.37	15.49	15.14	15.46	9557877	147446064.00
2017/04/10	15.45	15.45	14.98	15.03	6125307	93475032.00
2017/04/11	15.12	15.45	15.07	15.43	6428559	99066288.00
2017/04/12	15.28	15.70	15.28	15.48	5395580	84136072.00
2017/04/13	15.42	15.66	15.42	15.51	2969890	46458304.00
2017/04/14	15.56	15.63	15.17	15.19	7225343	110823728.00
2017/04/17	15.19	15.22	14.94	15.04	3626204	54670728.00
2017/04/18	15.08	15.12	14.07	14.59	4150622	61971868.00
2017/04/19	14.42	14.67	14.07	14.64	5589678	80292456.00
2017/04/20	14.52	14.59	14.32	14.57	3544082	51341012.00
2017/04/21	14.62	14.64	14.34	14.62	4241260	61567336.00
2017/04/24	14.43	14.47	14.10	14.46	4653771	66613468.00
2017/04/25	14.44	14.64	14.32	14.49	4330424	62652516.00
2017/04/26	14.54	14.54	13.87	14.02	7717889	110060600.00
2017/04/27	14.01	14.05	13.29	13.97	7310446	100619464.00
2017/04/28	13.81	14.20	13.78	14.13	5898168	83018360.00
2017/09/21	15.55	15.55	14.60	14.88	35649969	542327872.00
2017/09/22	14.85	15.77	14.62	15.01	20721718	315544864.00
2017/09/25	14.69	14.96	13.98	14.07	18084302	261747088.00
2017/09/26	13.87	14.27	13.68	14.07	10355320	144296768.00
2017/09/27	13.97	14.36	13.97	14.10	9874955	139833152.00
2017/09/28	14.00	14.09	13.27	13.57	10427168	144252864.00
2017/09/29	13.43	13.69	13.16	13.29	10413362	139442880.00
2017/10/09	13.47	13.83	13.40	13.71	7116801	97159480.00
2017/10/10	13.69	13.96	13.65	13.82	7700161	106370528.00
2017/10/11	13.87	14.16	13.82	14.01	9203825	129432544.00
2017/10/12	14.04	14.04	13.77	13.88	6844431	95406000.00
2017/10/13	13.82	13.99	13.78	13.91	5327390	74254480.00
2017/10/16	13.85	13.91	13.49	13.50	7045051	96597192.00
2017/10/17	13.46	13.47	13.07	13.43	4417576	59057780.00
2017/10/18	13.40	13.46	13.09	13.17	4362121	58055936.00
2017/10/19	13.09	13.26	12.76	12.78	6321202	81861736.00
2017/10/20	12.76	12.96	12.55	12.91	3797440	48847592.00
2017/10/23	12.96	13.08	12.89	13.03	2358478	30789920.00
2017/10/24	13.07	13.13	12.66	12.90	3698560	47729844.00
2017/10/25	12.91	12.94	12.75	12.75	6729820	86410576.00
2017/10/26	12.77	12.84	12.57	12.77	9146350	116305696.00
2017/10/27	12.75	12.96	12.70	12.89	7444486	95995120.00
2017/10/30	12.93	12.93	12.22	12.29	7481404	93541704.00
2017/10/31	12.25	12.37	11.99	12.23	6068365	74018936.00
2017/11/01	12.18	12.22	11.93	11.99	6466591	78397232.00
2017/11/02	12.00	12.04	11.56	11.56	8777682	103045480.00
2017/11/03	11.56	11.64	11.43	11.55	4573745	52952936.00
2017/11/06	11.55	11.70	11.30	11.69	5545901	63927652.00
2017/11/07	11.69	11.75	11.63	11.72	3699209	43355396.00
2017/11/08	11.75	12.02	11.72	11.89	6005950	71774976.00
2017/11/09	11.94	11.95	11.82	11.94	3509160	41781844.00
2017/11/10	11.88	11.95	11.82	11.83	3548413	42206924.00
2017/11/13	11.82	11.85	11.56	11.60	5014976	58626108.00
2017/11/14	11.56	11.56	11.27	11.41	5435913	62267388.00
2017/11/15	11.43	11.51	11.32	11.36	3593961	41093668.00
2017/11/16	11.34	12.13	11.29	11.82	10284291	120875600.00
2017/11/17	11.70	11.73	11.03	11.03	8592146	98299200.00
2017/11/20	11.00	11.00	10.52	10.76	6040745	64746892.00
2017/11/21	10.73	10.82	10.57	10.62	5325806	57016864.00
2017/11/22	10.62	10.92	10.61	10.80	5234352	56382288.00
2017/11/23	10.74	10.80	10.49	10.50	4835800	51625644.00
2017/11/24	10.43	10.62	10.31	10.48	4253694	44561396.00
2017/11/27	10.47	10.48	10.31	10.33	3326420	34679124.00
2017/11/28	10.32	10.61	10.29	10.60	4078084	42797836.00
2017/11/29	10.57	10.66	10.41	10.65	4830485	50946404.00
2017/11/30	10.72	10.92	10.65	10.67	5036060	54380648.00
2017/12/01	10.71	10.95	10.69	10.92	3922209	42671736.00
2017/12/04	10.93	10.93	10.48	10.52	3705110	39745600.00
2017/12/05	10.50	10.59	9.97	10.05	7338822	75206600.00
2017/12/06	10.02	10.33	9.92	10.32	5047822	51035920.00
2017/12/07	10.22	10.44	10.18	10.33	4493821	46509560.00
2017/12/08	10.37	10.53	10.32	10.47	3647504	38228040.00
2017/12/11	10.51	10.83	10.43	10.70	4834988	51882772.00
2017/12/12	10.64	10.77	10.55	10.58	3558980	38008076.00
2017/12/13	10.55	10.76	10.54	10.75	3693790	39546044.00
2017/12/21	11.14	11.34	10.83	10.85	10483825	116466592.00
2017/12/22	10.80	10.92	10.48	10.57	5875378	62567124.00
2017/12/25	10.57	10.57	10.07	10.12	4377009	44984724.00
2017/12/26	10.14	10.33	10.08	10.28	2551708	26196488.00
2017/12/27	10.27	10.32	10.12	10.13	3133839	32094580.00
2017/12/28	10.18	10.29	10.09	10.17	3146220	32204234.00
2017/12/29	10.17	10.28	10.16	10.23	2448884	25072494.00
2018/01/02	10.25	10.38	10.21	10.35	3329704	34453316.00
2018/01/03	10.32	10.76	10.29	10.65	6154427	65043108.00
2018/01/04	10.63	10.75	10.54	10.57	4271778	45495864.00
2018/01/05	10.58	10.73	10.57	10.62	3710000	39580792.00
2018/01/08	10.80	10.89	10.61	10.72	3696174	39651388.00
2018/01/09	10.61	10.72	10.53	10.66	2751498	29353042.00
2018/01/10	10.66	10.85	10.53	10.85	4995318	53579424.00
2018/01/11	10.72	11.17	10.72	11.12	8656465	95535280.00
2018/01/12	11.07	11.15	10.92	10.92	5626440	62101740.00
2018/01/15	10.88	10.88	10.17	10.28	6961173	73822208.00
2018/01/16	10.25	10.40	10.19	10.29	3988272	41102576.00
2018/01/17	10.23	10.52	10.09	10.36	4097288	42252668.00
2018/01/18	10.35	10.47	10.24	10.34	2248729	23367934.00
2018/01/19	10.35	10.44	10.26	10.40	2547354	26527036.00
2018/01/22	10.37	10.74	10.24	10.66	5409845	57276220.00
2018/01/23	10.59	10.75	10.56	10.70	3074942	32858834.00
2018/01/24	10.70	10.84	10.63	10.72	5248255	56652028.00
2018/01/25	10.82	11.05	10.69	10.76	6419248	69998224.00
2018/01/26	10.77	10.83	10.62	10.66	4047579	43387604.00
2018/01/29	10.62	10.79	10.53	10.60	3272342	34895004.00
2018/01/30	10.62	10.64	10.43	10.52	1915101	20180774.00
2018/01/31	10.43	10.52	10.15	10.23	3800904	39134628.00
2018/02/01	10.26	10.31	9.50	9.50	5392856	53292076.00
2018/02/02	9.40	9.50	9.17	9.43	3527662	33019676.00
2018/02/05	9.45	9.56	9.23	9.35	2544740	24034924.00
2018/02/06	9.16	9.16	8.41	8.41	5661692	49761480.00
2018/02/07	8.56	8.64	7.90	8.23	5605731	46787376.00
2018/02/08	8.25	8.40	8.18	8.36	3812683	31858776.00
2018/02/09	7.98	8.26	7.98	8.11	4688150	38250100.00
2018/02/12	8.27	8.34	8.12	8.27	4788499	39562088.00
2018/02/13	8.35	8.41	8.24	8.30	4348684	36411552.00
2018/02/14	8.30	8.39	8.27	8.36	2363341	19737056.00
2018/02/22	8.47	8.61	8.37	8.46	2818788	23914718.00
2018/02/23	8.47	8.52	8.39	8.48	2328018	19792226.00
2018/02/26	8.52	8.71	8.50	8.69	3626638	31428574.00
2018/02/27	8.68	8.94	8.58	8.90	4847815	42918276.00
2018/02/28	8.83	8.97	8.72	8.89	3930918	34962816.00
2018/03/01	8.85	9.43	8.78	9.28	6569353	60436872.00
2018/03/02	9.17	9.44	9.11	9.17	5158475	47903076.00
2018/03/05	9.24	9.40	9.12	9.40	4019104	37446276.00
2018/03/06	9.38	9.56	9.34	9.40	5144572	48778840.00
2018/03/07	9.33	9.40	9.18	9.24	4050613	37675956.00
2018/03/08	9.30	9.52	9.21	9.47	3978381	37647716.00
2018/03/09	9.49	9.72	9.41	9.65	6237724	60044416.00
2018/03/12	9.69	9.87	9.63	9.76	5610579	54843068.00
2018/03/13	9.70	10.52	9.57	10.04	11042063	111264424.00
2018/03/14	9.90	10.04	9.70	9.72	6354505	62744304.00
2018/03/15	9.69	9.79	9.29	9.43	5372373	51242552.00
2018/03/16	9.43	9.71	9.43	9.50	3920952	37630164.00
2018/03/19	9.52	9.84	9.52	9.67	4337175	42194880.00
2018/03/20	9.61	9.67	9.37	9.61	3475614	33166858.00
2018/03/21	9.64	9.81	9.49	9.57	4283619	41695164.00
2018/03/22	9.57	9.77	9.52	9.66	3919362	37961008.00
2018/03/23	9.32	9.37	8.69	8.75	8413412	76399344.00
2018/03/26	8.57	8.98	8.47	8.96	3855778	34051852.00
2018/03/27	9.04	9.40	9.04	9.39	5113907	47574232.00
2018/03/28	9.28	9.74	9.22	9.43	6182916	58987804.00
2018/03/29	9.54	9.67	9.46	9.66	4900378	47146380.00
2018/03/30	9.73	9.94	9.69	9.90	7271869	71707760.00
2018/04/02	9.97	10.14	9.77	9.94	7819937	78116304.00
2018/04/03	9.73	10.05	9.62	9.98	6313124	61929692.00
2018/04/04	10.01	10.07	9.71	9.73	5341256	52877144.00
2018/04/09	9.71	10.07	9.56	9.91	6037694	59452836.00
2018/04/10	9.92	10.01	9.64	9.85	5240176	51448896.00
2018/04/11	9.92	10.06	9.83	9.98	5350702	53462524.00
2018/04/12	10.03	10.14	9.83	9.90	5466128	54731348.00
2018/04/13	10.04	10.37	9.90	10.36	10437464	106209168.00
2018/04/16	10.32	10.76	10.09	10.76	14904953	156300560.00
2018/04/17	10.57	10.71	10.05	10.09	11006805	114696304.00
2018/04/18	10.18	10.55	9.83	10.47	10387531	106333448.00
2018/04/19	10.36	10.57	10.22	10.27	11176932	116294368.00
2018/04/20	10.22	10.27	9.92	9.93	6129899	61879744.00
2018/04/23	9.88	10.11	9.35	9.69	6227878	61137900.00
2018/04/24	9.76	10.08	9.61	10.06	5887091	58524740.00
2018/04/25	10.03	10.49	9.96	10.45	11103672	114852488.00
2018/04/26	10.43	10.72	10.29	10.54	13170625	138831280.00
2018/04/27	10.57	10.64	10.10	10.39	10471472	109034264.00
2018/05/02	10.36	10.36	9.87	9.99	6804740	68791840.00
2018/05/03	10.06	10.53	9.75	10.53	9794644	100334944.00
2018/05/04	10.43	10.61	10.39	10.47	6884571	72423024.00
2018/05/07	10.50	10.83	10.30	10.70	10505444	112274944.00
2018/05/08	10.70	10.82	10.50	10.79	10834293	116197712.00
2018/05/09	10.67	10.95	10.65	10.91	10764606	116534368.00
2018/05/10	10.89	10.96	10.73	10.86	7356695	79864720.00
2018/05/11	10.88	10.89	10.47	10.52	7715580	82047248.00
2018/05/14	10.48	10.57	10.24	10.35	6375915	66388180.00
2018/05/15	10.27	10.52	10.11	10.52	7033791	72606568.00
2018/05/16	10.37	10.43	10.14	10.20	5893042	60696476.00
2018/05/17	10.18	10.23	10.03	10.09	3816380	38737624.00
2018/05/18	10.07	10.21	10.01	10.12	3316493	33569000.00
2018/05/21	10.14	10.33	10.14	10.24	3781742	38908944.00
2018/05/22	10.24	10.28	10.03	10.15	4268820	43314448.00
2018/05/23	10.16	10.16	9.91	9.91	4114140	41411848.00
2018/05/24	9.92	10.03	9.76	9.77	3849520	38301564.00
2018/05/25	9.77	9.86	9.49	9.51	6185849	59779428.00
2018/05/28	9.54	9.62	9.29	9.29	3968517	37478184.00
2018/05/29	9.29	9.40	9.19	9.21	2959345	27601954.00
2018/05/30	9.07	9.15	8.67	8.75	5072184	45327488.00
2018/05/31	8.87	8.93	8.75	8.82	2902245	25768356.00
2018/06/01	8.79	8.88	8.70	8.75	2731000	24115402.00
2018/06/04	8.81	8.91	8.75	8.76	2416158	21389656.00
2018/06/05	8.82	9.03	8.77	9.02	3018685	27047440.00
2018/06/06	9.02	9.06	8.89	8.94	2043915	18351912.00
2018/06/07	8.96	9.08	8.87	8.88	2128702	19106670.00
2018/06/08	8.88	8.88	8.48	8.58	3138520	27235410.00
2018/06/11	8.65	8.65	8.42	8.46	2029591	17413446.00
2018/06/12	8.52	8.65	8.40	8.65	2120197	18181298.00
2018/06/13	8.60	8.64	8.17	8.20	2820638	23784912.00
2018/06/14	8.25	8.34	8.18	8.23	2518700	20883902.00
2018/06/15	8.27	8.32	7.94	7.99	3090028	25026876.00
2018/06/19	7.88	7.96	7.19	7.19	5861008	43395172.00
2018/06/20	7.06	7.33	6.99	7.22	4284237	30880830.00
2018/06/21	7.23	7.25	6.68	6.68	5538419	38666040.00
2018/06/22	6.68	6.95	6.59	6.92	4531540	31217692.00
2018/06/25	7.02	7.05	6.92	6.98	3312464	23255740.00
2018/06/26	6.88	7.28	6.79	7.14	3826157	27295728.00
2018/06/27	7.08	7.31	7.08	7.16	4908211	35506132.00
2018/06/28	7.20	7.27	7.05	7.06	3942577	28335724.00
2018/06/29	7.06	7.41	7.02	7.37	4441361	32333742.00
2018/07/02	7.31	7.39	7.05	7.18	4238577	30887358.00
2018/07/03	7.18	7.46	7.14	7.44	4327485	31774936.00
2018/07/04	7.42	7.42	7.14	7.22	3608485	26302490.00
2018/07/05	7.23	7.29	7.02	7.03	3380245	24252344.00
2018/07/06	7.01	7.35	6.99	7.24	4761284	34368268.00
2018/07/09	7.22	7.39	7.21	7.37	3914000	28786204.00
2018/07/10	7.36	7.40	7.22	7.36	3799987	27869616.00
2018/07/11	7.17	7.18	6.88	7.04	4779701	33854644.00
2018/07/12	7.04	7.29	7.04	7.25	5050165	36599388.00
2018/07/13	7.25	7.31	7.20	7.24	2848420	20725412.00
2018/07/16	7.23	7.35	7.19	7.27	2911621	21234336.00
2018/07/17	7.24	7.33	7.16	7.30	3414061	24862030.00
2018/07/18	7.29	7.45	7.29	7.35	5367007	39855824.00
2018/07/19	7.36	7.46	7.06	7.15	4388601	31706268.00
2018/07/20	7.10	7.39	7.07	7.38	5130197	37414496.00
2018/07/23	7.33	7.56	7.27	7.49	5538147	41392344.00
2018/07/24	7.44	7.63	7.41	7.59	6326021	47922524.00
2018/07/25	7.63	7.72	7.52	7.58	5651496	43079924.00
2018/07/26	7.58	7.71	7.49	7.65	5657670	43012096.00
2018/07/27	7.65	7.65	7.44	7.51	4370010	32964316.00
2018/07/30	7.45	7.51	7.29	7.35	3460660	25595208.00
2018/07/31	7.31	7.40	7.28	7.38	2368126	17467932.00
2018/08/01	7.38	7.44	7.21	7.25	2734376	20152980.00
2018/08/02	7.23	7.25	6.73	6.95	4561860	32055146.00
2018/08/03	6.91	7.01	6.84	6.86	2409337	16772400.00
2018/08/06	6.83	6.92	6.74	6.80	2402457	16437851.00
2018/08/07	6.89	7.01	6.80	7.00	2614240	18185508.00
2018/08/08	6.94	7.16	6.94	6.97	4072031	28783966.00
2018/08/09	7.01	7.30	6.89	7.25	5611888	40430292.00
2018/08/10	7.25	7.28	7.14	7.25	3342647	24213458.00
2018/08/13	7.14	7.98	7.09	7.98	7879629	60610036.00
2018/08/14	8.78	8.78	8.60	8.78	21273460	187340048.00
2018/08/15	8.85	8.90	7.98	7.99	34383288	289771648.00
2018/08/16	7.67	8.04	7.64	7.68	20024067	156228880.00
2018/08/17	7.77	7.80	7.34	7.35	13119121	99657992.00
2018/08/20	7.25	7.52	7.13	7.49	9248183	67643264.00
2018/08/21	7.42	7.53	7.31	7.48	8364773	62465920.00
2018/08/22	7.43	7.46	7.20	7.25	6360831	46642616.00
2018/08/23	7.32	7.46	7.25	7.37	8235736	60962812.00
2018/08/24	7.46	7.46	7.25	7.29	5733492	42359480.00
2018/08/27	7.36	7.55	7.29	7.55	8807960	65926040.00
2018/08/28	7.51	7.93	7.45	7.76	11704497	89844776.00
2018/08/29	7.70	7.73	7.59	7.70	6170900	47409700.00
2018/08/30	7.70	7.70	7.43	7.44	5101007	38675952.00
2018/08/31	7.40	7.55	7.33	7.35	3214840	23926674.00
2018/09/03	7.32	7.47	7.18	7.44	4107720	30101840.00
2018/09/04	7.49	7.66	7.43	7.59	6453458	48967192.00
2018/09/05	7.62	7.75	7.39	7.40	5402498	41119568.00
2018/09/06	7.45	7.64	7.37	7.46	4961425	37310100.00
2018/09/07	7.49	7.61	7.35	7.41	4811248	36136912.00
2018/09/10	7.45	7.46	7.17	7.18	3783966	27570764.00
2018/09/11	7.21	7.35	7.17	7.30	2559655	18688232.00
2018/09/12	7.29	7.46	7.28	7.38	2799735	20773912.00
2018/09/13	7.45	7.62	7.39	7.59	3661502	27530606.00
2018/09/14	7.62	7.62	7.44	7.44	2860038	21566574.00
2018/09/17	7.52	7.52	7.19	7.25	3251060	23863444.00
2018/09/18	7.27	7.43	7.21	7.39	3454760	25396714.00
2018/09/19	7.43	7.54	7.29	7.47	3840060	28701480.00
2018/09/20	7.47	7.52	7.39	7.50	3140183	23538016.00
2018/09/21	7.55	7.59	7.45	7.56	4592775	34737708.00
2018/09/25	7.53	7.59	7.47	7.52	2746240	20753994.00
2018/09/26	7.57	7.62	7.50	7.50	3785880	28719274.00
2018/09/27	7.51	7.55	7.38	7.39	3307235	24785824.00
2018/09/28	7.46	7.48	7.34	7.47	3155541	23530362.00
2018/10/08	7.34	7.41	7.20	7.21	3357069	24557656.00
2018/10/09	7.21	7.30	7.21	7.27	1872655	13631185.00
2018/10/10	7.32	7.32	7.16	7.22	2000959	14547885.00
2018/10/11	6.94	7.07	6.50	6.50	5505888	37183976.00
2018/10/12	6.47	6.61	5.98	6.45	5927055	37457876.00
2018/10/15	6.45	6.54	6.34	6.35	2064881	13399908.00
2018/10/16	6.40	6.52	6.24	6.27	1720847	10999409.00
2018/10/17	6.36	6.49	6.20	6.49	2065361	13226393.00
2018/10/18	6.42	6.75	6.27	6.67	4313368	28449022.00
2018/10/19	6.57	7.22	6.55	7.09	6152182	43035612.00
2018/10/22	7.07	7.55	7.06	7.37	6188856	45497888.00
2018/10/23	7.29	7.42	7.16	7.26	3151873	23059726.00
2018/10/24	7.27	7.36	7.17	7.29	1977766	14426471.00
2018/10/25	7.08	7.29	7.00	7.25	2594488	18591034.00
2018/10/26	7.37	7.50	7.20	7.30	2157900	15903100.00
2018/10/29	7.07	7.46	7.07	7.42	3142765	23299922.00
2018/10/30	7.43	7.52	7.23	7.38	2959567	21898814.00
2018/10/31	7.37	7.61	7.34	7.56	3998245	30191010.00
2018/11/01	7.62	7.92	7.57	7.89	7439988	58376940.00
2018/11/02	7.89	8.04	7.82	8.01	6460187	51491504.00
2018/11/05	7.91	8.37	7.91	8.09	6345217	51908736.00
2018/11/06	8.06	8.30	7.99	8.21	4325997	35483224.00
2018/11/07	8.17	8.54	8.15	8.39	5658387	47562008.00
2018/11/08	8.38	8.46	8.16	8.18	5053736	42107636.00
2018/11/09	8.26	8.37	8.07	8.07	3473041	28632236.00
2018/11/12	8.02	8.55	8.02	8.54	7030797	59121544.00
2018/11/13	8.47	8.57	8.39	8.48	5299289	45027240.00
2018/11/14	8.48	8.61	8.43	8.48	4598668	39328700.00
2018/11/15	8.47	8.66	8.43	8.55	4682925	40274556.00
2018/11/16	8.56	8.87	8.56	8.85	5026763	44255444.00
2018/11/19	8.79	8.86	8.68	8.85	3676564	32340698.00
2018/11/20	8.84	9.00	8.65	8.71	5505552	48702476.00
2018/11/21	8.67	9.00	8.60	8.99	5116154	45497824.00
2018/11/22	8.97	8.99	8.87	8.93	2469140	22117764.00
2018/11/23	8.90	8.95	8.42	8.46	5943483	51237908.00
2018/11/26	8.56	9.24	8.39	9.12	7706130	69565544.00
2018/11/27	9.27	9.32	8.82	8.82	6154890	55332316.00
2018/11/28	8.82	9.24	8.62	9.18	6304182	56815360.00
2018/11/29	9.22	9.26	8.79	8.90	5225108	47412312.00
2018/11/30	8.76	9.04	8.73	8.88	3078281	27439078.00
2018/12/03	9.05	9.31	8.63	8.75	9330977	82944168.00
2018/12/04	8.76	8.83	8.35	8.80	6107344	52595780.00
2018/12/05	8.56	8.85	8.48	8.81	3819907	33411000.00
2018/12/06	8.81	8.89	8.57	8.59	4305020	37623484.00
2018/12/07	8.59	9.12	8.59	9.12	8053749	72474320.00
2018/12/14	10.04	10.04	8.52	8.70	17113872	158952576.00
2018/12/17	8.27	8.70	8.27	8.49	10424045	88927280.00
2018/12/18	8.42	8.50	8.29	8.40	6458486	54360232.00
2018/12/19	8.40	8.67	8.40	8.45	4287163	36536420.00
2018/12/20	8.40	8.53	8.33	8.38	3678937	31134344.00
2018/12/21	8.33	8.74	8.28	8.68	3619550	31304484.00
2018/12/24	8.66	8.89	8.60	8.80	3254680	28718242.00
2018/12/25	8.66	9.14	8.60	9.09	5294778	47109232.00
2018/12/26	8.97	9.20	8.93	9.00	3179222	28797094.00
2018/12/27	9.08	9.16	8.94	8.95	2345294	21205912.00
2018/12/28	8.91	9.07	8.77	8.93	2623380	23491726.00
2019/01/02	9.04	9.07	8.94	9.06	1611191	14567104.00
2019/01/03	8.99	9.20	8.97	9.05	2125874	19308032.00
2019/01/04	8.92	9.18	8.90	9.11	2969307	26938280.00
2019/01/07	9.13	9.41	9.06	9.31	2949582	27416982.00
2019/01/08	9.24	9.37	9.23	9.35	2244660	20969388.00
2019/01/09	9.44	9.44	9.15	9.16	2951767	27566132.00
2019/01/10	9.11	9.46	9.11	9.40	3116674	29186504.00
2019/01/11	9.35	9.49	9.26	9.36	1759681	16491315.00
2019/01/14	9.34	9.40	9.03	9.13	2062278	19015272.00
2019/01/15	9.13	9.26	9.13	9.20	1529341	14069847.00
2019/01/16	9.25	9.41	9.23	9.38	2501901	23474492.00
2019/01/17	9.35	9.37	8.93	8.93	3808800	34693548.00
2019/01/18	8.90	9.06	8.77	8.98	2226955	19930818.00
2019/01/21	8.88	9.08	8.88	8.96	1480840	13354825.00
2019/01/22	8.90	9.17	8.90	9.16	2681531	24402368.00
2019/01/23	9.02	9.12	8.89	8.89	2235466	20146340.00
2019/01/24	8.95	8.98	8.77	8.94	1471181	13102210.00
2019/01/25	8.96	8.96	8.66	8.69	1908822	16872116.00
2019/01/28	8.69	9.27	8.69	9.02	4484272	40779768.00
2019/01/29	8.98	9.12	8.74	8.93	2345681	20914864.00
2019/01/30	8.93	8.93	8.68	8.72	2091896	18355734.00
2019/01/31	8.72	8.79	8.17	8.21	2137980	18197788.00
2019/02/01	8.28	8.51	8.28	8.45	1489347	12611788.00
2019/02/11	8.42	8.74	8.32	8.71	1385052	12040495.00
2019/02/12	8.71	8.89	8.69	8.86	2107250	18596448.00
2019/02/13	8.86	9.17	8.86	9.10	2877922	26191378.00
2019/02/14	9.12	9.20	9.06	9.13	1994520	18307050.00
2019/02/15	9.12	9.20	9.10	9.16	2286445	20998112.00
2019/02/18	9.18	9.36	9.18	9.33	2476944	23113262.00
2019/02/19	9.35	9.44	9.28	9.42	3409784	32069608.00
2019/02/20	9.42	9.56	9.31	9.54	2712696	25798032.00
2019/02/21	9.54	9.78	9.43	9.64	4769843	46290580.00
2019/02/22	9.67	9.81	9.53	9.69	2976820	28817492.00
2019/02/25	9.84	10.33	9.72	10.18	5781301	58300500.00
2019/02/26	10.18	10.80	10.01	10.58	8143265	85335128.00
2019/02/27	10.22	10.56	9.97	10.16	6900324	70906032.00
2019/02/28	10.00	10.32	10.00	10.13	2795735	28545796.00
2019/03/01	10.24	10.54	10.16	10.26	3780678	39115732.00
2019/03/04	10.26	10.75	10.15	10.26	5349162	55864964.00
2019/03/05	10.26	10.59	10.26	10.52	5242428	54874696.00
2019/03/06	10.57	10.87	10.49	10.68	6222358	66552412.00
2019/03/07	11.04	11.72	10.97	11.05	14151519	159624960.00
2019/03/08	10.94	11.45	10.56	10.82	10582309	117581160.00
2019/03/11	10.82	11.45	10.82	11.45	9573796	107219568.00
2019/03/12	11.70	11.76	11.23	11.55	12902732	148710624.00
2019/03/13	11.67	12.71	11.57	12.33	22512720	281426208.00
2019/03/14	11.57	11.92	11.09	11.09	18357165	207842784.00
2019/03/15	11.13	11.22	10.88	10.89	6997449	77340360.00
2019/03/18	10.79	11.38	10.79	11.34	6378687	71344456.00
2019/03/19	11.34	12.12	11.32	11.95	10037347	118968416.00
2019/03/20	11.95	12.25	11.62	11.95	7959647	94958896.00
2019/03/21	11.95	12.66	11.90	12.52	10445859	130054600.00
2019/03/22	12.77	13.07	12.59	12.94	10015378	128824824.00
2019/03/25	12.63	12.77	12.22	12.24	8642217	107967096.00
2019/03/26	12.39	12.42	11.69	11.74	6715021	80565488.00
2019/03/27	11.93	12.04	11.50	11.70	5337388	62842752.00
2019/03/28	11.71	12.17	11.55	11.59	5005120	59328460.00
2019/03/29	11.76	11.82	11.39	11.79	5345395	62558712.00
2019/04/01	11.79	12.22	11.73	12.20	7732405	93869208.00
2019/04/02	12.25	12.26	11.93	11.97	7626406	92085144.00
2019/04/03	11.85	11.96	11.62	11.91	6123817	72455208.00
2019/04/04	11.77	12.02	11.58	11.63	6469713	76057456.00
2019/04/08	11.68	11.75	10.97	11.19	8055241	91263608.00
2019/04/09	11.19	11.59	11.17	11.38	4031140	45989432.00
2019/04/10	11.37	11.37	11.07	11.18	3611924	40441712.00
2019/04/11	11.18	11.18	10.96	10.98	3341752	37014856.00
2019/04/12	10.99	11.07	10.82	10.99	2996781	32917410.00
2019/04/15	11.22	11.39	11.10	11.10	3712786	41821092.00
2019/04/16	11.08	11.26	10.88	11.26	3069954	34070296.00
2019/04/17	11.42	11.45	11.22	11.26	2822773	32025666.00
2019/04/18	11.26	11.26	11.07	11.10	2041313	22791906.00
2019/04/19	11.05	11.41	11.00	11.29	3249238	36640800.00
2019/04/22	11.29	11.29	11.08	11.17	2378180	26628102.00
2019/04/23	11.40	11.45	11.08	11.15	1953680	21955606.00
2019/04/24	11.14	11.25	10.99	11.13	2016500	22434330.00
2019/04/25	11.14	11.18	10.67	10.74	2519373	27669596.00
2019/04/26	10.71	11.05	10.67	10.77	3060721	33249254.00
2019/04/29	10.82	11.17	10.78	10.82	3346560	36645140.00
2019/04/30	10.80	10.85	10.58	10.75	2323217	24931470.00
2019/05/06	9.97	10.62	9.67	9.67	4619710	45639720.00
2019/05/07	9.62	9.83	9.60	9.73	2084898	20309086.00
2019/05/08	9.48	10.43	9.47	10.01	3516980	35803160.00
2019/05/09	10.01	10.25	9.89	9.91	2516112	25277982.00
2019/05/10	9.88	10.33	9.83	10.19	2672246	27115994.00
2019/05/13	10.02	10.14	9.96	9.97	1659730	16702781.00
2019/05/14	9.81	10.09	9.73	9.96	1157950	11587150.00
2019/05/15	9.96	10.12	9.96	10.04	1291620	13001817.00
2019/05/16	10.11	10.12	9.96	10.04	1687420	16980740.00
2019/05/17	10.17	10.31	9.91	9.93	3191702	32322740.00
2019/05/20	9.77	9.95	9.59	9.92	2437429	23808348.00
2019/05/21	9.92	10.07	9.71	9.95	1410480	14062009.00
2019/05/22	10.05	10.14	9.93	9.96	1920613	19367994.00
2019/05/23	10.09	10.09	9.55	9.71	2291713	22277530.00
2019/05/24	9.73	9.87	9.58	9.85	2776460	27016804.00
2019/05/27	9.81	10.05	9.72	10.02	1994363	19899486.00
2019/05/28	10.02	10.20	9.98	10.13	2647948	26862196.00
2019/05/29	10.04	10.32	10.04	10.10	2317606	23635832.00
2019/05/30	10.02	10.05	9.87	9.93	1604788	15974140.00
2019/05/31	9.89	10.05	9.82	9.89	1172840	11654273.00
2019/06/03	9.90	9.96	9.63	9.65	1443301	14068254.00
2019/06/04	9.65	9.88	9.62	9.70	1216209	11871374.00
2019/06/05	10.01	10.67	9.99	10.07	8166312	84508600.00
2019/06/06	9.83	10.07	9.62	9.65	5162793	50613548.00
2019/06/10	9.67	9.76	9.51	9.62	2438930	23618944.00
2019/06/11	9.62	9.85	9.52	9.84	2759512	26999548.00
2019/06/12	9.86	9.94	9.78	9.88	2467121	24380788.00
2019/06/13	9.87	10.32	9.82	10.14	4282137	43541212.00
2019/06/14	10.18	10.25	9.99	10.09	2965331	30031138.00
2019/06/17	10.16	10.16	9.97	10.02	1436960	14476352.00
2019/06/18	10.03	10.13	9.98	10.02	1157660	11655814.00
2019/06/19	10.13	10.23	10.07	10.11	2250062	22842242.00
2019/06/20	10.08	10.14	9.93	10.10	2373939	23931306.00
2019/06/21	10.15	10.34	10.11	10.23	2772139	28475800.00
2019/06/24	10.26	10.75	10.26	10.61	5846752	61886740.00
2019/06/25	10.67	10.67	10.19	10.30	3735256	38574764.00
2019/06/26	10.26	10.40	10.20	10.26	1735793	17851712.00
2019/06/27	10.29	10.39	10.20	10.28	1878773	19314022.00
2019/06/28	10.35	10.37	10.10	10.22	2221200	22678432.00
2019/07/01	10.36	10.69	10.28	10.62	5528206	58242956.00
2019/07/02	10.62	11.00	10.51	10.53	5765240	61967448.00
2019/07/03	10.56	10.91	10.35	10.89	7739373	82423144.00
2019/07/04	10.92	11.15	10.77	11.04	7773875	85393536.00
2019/07/05	11.00	12.14	11.00	11.85	18390485	214140304.00
2019/07/08	11.50	11.60	11.11	11.22	12519560	142027552.00
2019/07/09	11.08	11.37	10.66	10.86	8495707	93128848.00
2019/07/10	10.75	10.99	10.57	10.81	3744527	40503276.00
2019/07/11	10.90	10.98	10.72	10.97	3390348	36846412.00
2019/07/12	10.87	11.03	10.77	10.83	2408846	26227086.00
2019/07/15	10.88	11.33	10.66	11.11	4630989	51251052.00
2019/07/16	11.08	11.27	10.96	11.10	2534680	28077680.00
2019/07/17	11.12	11.20	10.82	10.87	3029821	33243072.00
2019/07/18	10.79	10.79	10.54	10.61	2330160	24813588.00
2019/07/19	10.63	10.80	10.62	10.70	1936220	20769376.00
2019/07/22	10.65	10.72	10.51	10.52	2198840	23344332.00
2019/07/23	10.56	10.91	10.55	10.86	1713603	18488978.00
2019/07/24	10.87	11.09	10.86	10.91	2421560	26637056.00
2019/07/25	10.78	10.99	10.78	10.87	2131918	23194698.00
2019/07/26	10.88	10.96	10.59	10.70	3590329	38421732.00
2019/07/29	10.70	10.75	10.41	10.50	2626300	27645178.00
2019/07/30	10.56	10.61	10.40	10.44	1976020	20756170.00
2019/07/31	10.47	10.49	10.36	10.38	1437200	14956790.00
2019/08/01	10.38	10.38	10.17	10.19	1958380	20014272.00
2019/08/02	9.98	9.98	9.66	9.88	2623985	25783766.00
2019/08/05	9.87	10.06	9.73	9.80	1479142	14695110.00
2019/08/06	9.51	9.63	9.28	9.58	2966390	28081446.00
2019/08/07	9.60	9.75	9.52	9.62	1548040	14919111.00
2019/08/08	9.74	9.74	9.60	9.64	1347722	13023251.00
2019/08/09	9.71	9.77	9.41	9.43	1833040	17478158.00
2019/08/12	9.45	9.62	9.40	9.59	1210880	11500870.00
2019/08/13	9.64	9.69	9.55	9.63	1121980	10792111.00
2019/08/14	9.70	9.84	9.66	9.69	1677378	16349348.00
2019/08/15	9.53	9.79	9.38	9.76	1531440	14712594.00
2019/08/16	9.69	9.81	9.69	9.78	1656592	16186927.00
2019/08/19	9.85	10.09	9.78	10.04	3065481	30578332.00
2019/08/20	10.06	10.13	9.84	10.04	2898660	28969332.00
2019/08/21	9.93	10.06	9.93	9.99	1150781	11514091.00
2019/08/22	9.97	10.08	9.92	10.06	1650029	16523232.00
2019/08/23	10.05	10.15	9.99	10.00	1420290	14296231.00
2019/08/26	9.85	10.36	9.78	10.33	3160129	31972894.00
2019/08/27	10.37	10.58	10.27	10.51	3304934	34588336.00
2019/08/28	10.46	10.64	10.40	10.57	2055616	21602984.00
2019/08/29	10.56	11.15	10.50	10.79	4043180	43887184.00
2019/08/30	10.98	11.08	10.60	10.75	3505296	38053988.00
2019/09/02	10.72	11.07	10.62	11.01	3832816	41936560.00
2019/09/03	11.08	11.15	10.96	11.08	2815680	31143408.00
2019/09/04	11.09	11.29	11.01	11.18	3620952	40402768.00
2019/09/05	11.20	11.30	11.13	11.17	3378427	37918268.00
2019/09/06	11.29	11.48	11.18	11.29	2707504	30617366.00
2019/09/09	11.40	11.77	11.40	11.54	4814860	55552344.00
2019/09/10	11.57	11.60	11.28	11.38	3918197	44701048.00
2019/09/11	11.40	11.65	11.22	11.29	4559320	52308864.00
2019/09/12	11.43	11.60	11.24	11.29	4059960	46126136.00
2019/09/16	11.58	11.60	11.11	11.12	5038986	56532548.00
2019/09/17	11.25	11.25	10.68	10.75	4898616	53317544.00
2019/09/18	10.87	10.88	10.55	10.61	4063005	43346684.00
2019/09/19	10.69	11.15	10.52	11.15	4855000	52597244.00
2019/09/20	11.87	11.88	10.95	11.00	10922037	123682560.00
2019/09/23	10.75	11.05	10.70	10.82	5284875	57171248.00
2019/09/24	10.82	10.88	10.64	10.68	3819170	41058048.00
2019/09/25	10.58	10.70	10.21	10.25	4421377	46023264.00
2019/09/26	10.31	10.53	10.10	10.23	3287822	33927448.00
2019/09/27	10.20	10.28	10.05	10.19	2800504	28521606.00
2019/09/30	10.20	10.25	9.98	10.01	2040897	20536784.00
2019/10/08	10.10	10.20	10.02	10.04	1997408	20231238.00
2019/10/09	9.92	10.10	9.91	10.04	2819840	28148384.00
2019/10/10	10.11	10.28	10.01	10.26	2265284	23087974.00
2019/10/11	10.29	10.47	10.20	10.36	2526685	26144914.00
2019/10/14	10.51	10.75	10.51	10.74	4514251	48221048.00
2019/10/15	10.65	10.67	10.36	10.38	3503480	36685060.00
2019/10/16	10.41	10.55	10.26	10.27	1952735	20290656.00
2019/10/17	10.67	10.73	10.34	10.53	3283902	34625912.00
2019/10/18	10.49	10.61	10.17	10.29	2343000	24230576.00
2019/10/21	10.19	10.33	10.03	10.25	1551716	15754530.00
2019/10/22	10.19	10.58	10.19	10.58	2497597	26075258.00
2019/10/23	10.49	10.70	10.48	10.54	2411128	25519434.00
2019/10/24	10.48	10.56	10.29	10.38	2154960	22414754.00
2019/10/25	10.47	10.48	10.32	10.42	1751540	18229158.00
2019/10/28	10.62	10.75	10.47	10.70	5589590	59485464.00
2019/10/29	10.71	10.74	10.48	10.50	4178800	44277768.00
2019/10/30	10.10	10.29	9.90	9.93	6736408	67792032.00
2019/10/31	9.92	10.05	9.61	9.68	5748348	56464948.00
2019/11/01	9.68	9.80	9.55	9.70	3696867	35832188.00
2019/11/04	9.73	9.82	9.62	9.65	2070660	20113810.00
2019/11/05	9.67	9.82	9.60	9.78	2536500	24643698.00
2019/11/06	9.83	9.83	9.61	9.73	1998000	19441944.00
2019/11/07	9.74	9.96	9.65	9.89	2483696	24513364.00
2019/11/08	9.92	10.07	9.92	10.00	2098656	21013100.00
2019/11/11	9.91	9.91	9.66	9.70	1924680	18822806.00
2019/11/12	9.65	9.77	9.48	9.61	2132576	20416436.00
2019/11/13	9.57	9.70	9.53	9.58	1308795	12565293.00
2019/11/14	9.61	9.65	9.46	9.52	2269422	21652184.00
2019/11/15	9.51	9.54	9.36	9.36	1938990	18325428.00
2019/11/18	9.45	9.45	9.24	9.33	1874920	17510118.00
2019/11/19	9.31	9.55	9.31	9.53	1618734	15316123.00
2019/11/20	9.50	9.58	9.39	9.50	1102556	10455592.00
2019/11/21	9.53	9.53	9.33	9.38	1214491	11403136.00
2019/11/22	9.43	9.52	9.22	9.30	1713760	16029577.00
2019/11/25	9.21	9.31	9.01	9.06	1778956	16192715.00
2019/11/26	9.04	9.14	9.01	9.03	1183213	10730959.00
2019/11/27	9.04	9.09	9.00	9.04	918060	8305267.00
2019/11/28	9.05	9.16	9.01	9.04	1001984	9099232.00
2019/11/29	9.06	9.10	9.02	9.06	1167089	10566848.00
2019/12/02	9.08	9.20	9.05	9.10	1206308	11007905.00
2019/12/03	9.07	9.21	9.07	9.18	1432200	13079759.00
2019/12/04	9.12	9.29	9.09	9.27	1283434	11836687.00
2019/12/05	9.25	9.73	9.25	9.54	3158491	30187144.00
2019/12/06	9.52	9.63	9.46	9.52	1418051	13478156.00
2019/12/09	9.53	9.67	9.44	9.64	1693700	16297094.00
2019/12/10	9.62	9.76	9.56	9.69	1751364	16916322.00
2019/12/11	9.69	9.80	9.56	9.61	1625100	15693498.00
2019/12/12	9.60	9.68	9.50	9.55	1475255	14144950.00
2019/12/13	9.60	9.80	9.56	9.79	2896858	28135760.00
2019/12/16	9.83	9.90	9.68	9.89	2945961	28918308.00
2019/12/17	10.16	10.44	10.05	10.05	8063000	82480960.00
2019/12/18	9.94	10.14	9.94	10.02	3448122	34690876.00
2019/12/19	9.96	10.18	9.95	10.11	2477432	25050716.00
2019/12/20	10.12	10.16	9.90	9.93	2018720	20189980.00
2019/12/23	9.89	9.92	9.62	9.64	2213581	21650594.00
2019/12/24	9.64	9.80	9.64	9.76	1275081	12409100.00
2019/12/25	9.73	9.85	9.72	9.77	1502880	14714307.00
2019/12/26	9.77	9.86	9.71	9.85	1626056	15915218.00
2019/12/27	9.85	10.02	9.80	9.87	1955706	19406592.00
2019/12/30	9.93	9.99	9.75	9.89	1644296	16219288.00
2019/12/31	9.87	9.97	9.81	9.87	1286525	12689836.00
2020/01/02	9.90	10.04	9.89	10.01	2371340	23678200.00
2020/01/03	10.00	10.16	10.00	10.16	3042834	30653870.00
2020/01/06	10.09	10.31	10.04	10.16	3171481	32277216.00
2020/01/07	10.21	10.22	10.11	10.20	2500283	25427058.00
2020/01/08	10.20	10.25	9.93	9.95	3026117	30502378.00
2020/01/09	10.01	10.30	10.01	10.29	4721118	48282472.00
2020/01/10	10.30	10.45	10.16	10.30	3590399	36969476.00
2020/01/13	10.29	10.55	10.27	10.55	4528666	47427616.00
2020/01/14	10.62	10.67	10.38	10.47	3159001	33025634.00
2020/01/15	10.45	10.52	10.32	10.44	2310084	24076974.00
2020/01/16	10.44	10.50	10.33	10.39	2003883	20843916.00
2020/01/17	10.38	10.55	10.38	10.46	2347722	24555778.00
数据来源:通达信
