002579 中京电子 日线 前复权
      日期	    开盘	    最高	    最低	    收盘	    成交量	    成交额
2013/09/02	5.50	6.07	5.50	5.94	12913310	120182080.00
2013/09/03	5.90	6.01	5.70	5.88	12812057	119241136.00
2013/09/04	5.84	6.37	5.76	6.32	26157438	253726944.00
2013/09/05	6.22	6.36	6.10	6.13	17486265	172162624.00
2013/09/06	6.06	6.10	5.86	6.00	13159668	124956768.00
2013/09/09	5.89	5.96	5.76	5.87	14007783	130081320.00
2013/09/10	5.84	5.91	5.61	5.72	13059406	119713256.00
2013/09/11	5.69	5.69	5.12	5.16	16755424	142920880.00
2013/09/12	5.18	5.30	5.14	5.24	9162195	76717240.00
2013/09/13	5.21	5.36	5.05	5.33	10085858	85149536.00
2013/09/16	5.30	5.53	5.20	5.44	12208959	105681400.00
2013/09/17	5.37	5.45	5.18	5.20	7808302	66260056.00
2013/09/18	5.20	5.44	5.12	5.34	7773972	66186496.00
2013/09/23	5.32	5.56	5.30	5.52	12679648	111101512.00
2013/09/24	5.64	5.71	5.32	5.40	11852819	103700168.00
2013/09/25	5.33	5.72	5.26	5.60	16525134	145402592.00
2013/09/26	5.53	5.63	5.28	5.30	9855203	86783680.00
2013/09/27	5.32	5.38	5.17	5.19	7819487	66129136.00
2013/09/30	5.19	5.34	5.10	5.30	5524874	46457600.00
2013/10/08	5.31	5.70	5.26	5.67	15195426	135484416.00
2013/10/09	5.68	5.85	5.55	5.73	17216209	157172176.00
2013/10/10	5.64	5.93	5.61	5.67	13445505	123312880.00
2013/10/11	5.70	6.23	5.70	5.98	20128667	192233568.00
2013/10/14	5.90	6.06	5.85	5.89	10938997	103009944.00
2013/10/15	5.90	5.93	5.66	5.76	9427767	86189128.00
2013/10/16	5.74	5.74	5.40	5.60	8428633	74976928.00
2013/10/17	5.60	5.68	5.37	5.45	5355811	47619136.00
2013/10/18	5.41	5.61	5.41	5.60	4519099	40003428.00
2013/10/21	5.64	5.86	5.64	5.84	8188764	75276168.00
2013/10/22	5.89	5.89	5.54	5.57	8134862	73702120.00
2013/10/23	5.60	5.61	5.10	5.10	9598932	80243888.00
2013/10/24	5.02	5.13	4.96	4.99	3714482	30157810.00
2013/10/25	5.05	5.08	4.64	4.70	5990516	46072540.00
2013/10/28	4.80	4.80	4.72	4.74	2430948	18666596.00
2013/10/29	4.74	4.80	4.24	4.46	4906590	35678776.00
2013/10/30	4.44	4.56	4.38	4.51	3110555	22578538.00
2013/10/31	4.51	4.51	4.37	4.42	2770137	19815274.00
2013/11/01	4.42	4.43	4.24	4.35	2669651	18755834.00
2014/02/24	4.82	4.82	4.82	4.82	115260	896722.81
2014/02/25	5.34	5.34	5.34	5.34	383920	3286355.25
2014/02/26	5.92	5.92	5.92	5.92	677845	6385300.00
2014/02/27	6.54	6.54	6.54	6.54	956544	9909796.00
2014/02/28	7.24	7.24	7.24	7.24	2543661	28997736.00
2014/03/03	8.00	8.00	8.00	8.00	2008794	25190276.00
2014/03/04	8.77	8.83	8.31	8.82	56586686	760510336.00
2014/03/05	8.37	8.54	8.10	8.36	32041245	418222080.00
2014/03/06	8.24	8.36	7.80	8.05	22507242	283407968.00
2014/03/07	8.06	8.30	7.68	7.80	22183380	276998048.00
2014/03/10	7.50	7.56	7.21	7.26	19823250	229974096.00
2014/03/11	7.19	7.35	7.05	7.35	13118486	149658736.00
2014/03/12	7.19	7.41	6.58	6.58	17639654	191153056.00
2014/03/13	6.52	6.72	6.44	6.65	13353152	139217584.00
2014/03/14	6.52	6.81	6.44	6.69	12306314	128961952.00
2014/03/17	6.66	6.94	6.52	6.94	14207644	152238064.00
2014/03/18	6.90	6.98	6.77	6.82	12337880	133566328.00
2014/03/19	6.72	7.03	6.72	7.00	15469982	169021808.00
2014/03/20	7.07	7.21	6.27	6.27	23346607	247417584.00
2014/03/21	6.28	6.42	6.06	6.38	12748244	127224296.00
2014/03/24	6.34	6.37	6.12	6.23	9017346	89345672.00
2014/03/25	6.19	6.42	6.19	6.28	8076851	80671288.00
2014/03/26	6.30	6.54	6.20	6.45	10557955	107325360.00
2014/03/27	6.38	6.39	5.98	6.00	10214699	100119056.00
2014/03/28	5.99	6.02	5.58	5.70	9321242	85610912.00
2014/03/31	5.67	5.73	5.52	5.58	7410221	66445296.00
2014/04/01	5.58	5.81	5.54	5.81	9074215	82394632.00
2014/04/02	5.77	5.78	5.63	5.66	5698518	51734816.00
2014/04/03	5.65	5.88	5.65	5.75	7727356	71208960.00
2014/04/04	5.72	5.86	5.71	5.85	5804869	53599480.00
2014/04/08	5.78	5.82	5.58	5.79	6792925	62007936.00
2014/04/09	5.79	6.02	5.76	6.01	10141458	95918392.00
2014/04/10	6.10	6.65	6.10	6.65	12173294	125223264.00
2014/04/11	7.02	7.35	6.96	7.12	43322460	488726080.00
2014/04/14	7.18	7.27	6.88	7.03	24243912	270447776.00
2014/04/15	6.98	7.08	6.64	6.72	20300600	219451104.00
2014/04/16	6.64	6.75	6.45	6.70	13691322	143112944.00
2014/04/17	6.68	7.21	6.61	7.02	24130645	264906800.00
2014/04/18	6.90	7.00	6.64	6.71	14658784	156610672.00
2014/04/21	6.60	6.68	6.37	6.40	10252333	105893592.00
2014/04/22	6.37	6.79	6.33	6.66	12466277	129989680.00
2014/04/23	6.65	6.76	6.37	6.38	9677396	99730944.00
2014/04/24	6.30	6.37	6.06	6.06	9203525	90372440.00
2014/04/25	5.91	6.00	5.62	5.62	9502901	87826576.00
2014/04/28	5.62	5.90	5.40	5.64	8892018	80371040.00
2014/04/29	5.54	5.84	5.50	5.78	5690176	52026264.00
2014/04/30	5.78	5.84	5.70	5.72	4612860	42292828.00
2014/05/05	5.72	5.94	5.64	5.92	6074053	56056340.00
2014/05/06	5.86	6.26	5.82	6.25	10860052	104949424.00
2014/05/07	6.22	6.22	5.90	5.95	7314020	70681368.00
2014/05/08	5.95	6.12	5.78	5.90	6010923	56979548.00
2014/05/09	5.92	6.52	5.84	6.52	19315863	196425184.00
2014/05/12	6.56	6.80	6.46	6.76	21282374	223511264.00
2014/05/13	6.65	6.74	6.48	6.58	10276122	107022896.00
2014/05/14	6.62	7.05	6.55	6.74	15328787	165389696.00
2014/05/15	6.57	6.68	6.34	6.60	9786501	100496504.00
2014/05/16	6.54	6.92	6.46	6.87	15324983	164354336.00
2014/05/19	6.84	6.84	6.39	6.80	9845424	103804744.00
2014/05/20	6.72	7.14	6.67	7.05	14846316	163713216.00
2014/05/21	6.98	7.48	6.86	7.45	18810280	213763984.00
2014/05/22	7.37	7.48	7.26	7.37	15389698	177328656.00
2014/05/23	7.36	7.48	7.06	7.26	11607392	132499072.00
2014/05/26	7.20	7.64	7.20	7.22	17751268	205877024.00
2014/05/27	7.34	7.63	7.22	7.28	14463996	167980256.00
2014/05/28	7.18	7.18	6.85	7.14	14995951	165906928.00
2014/05/29	7.10	7.27	6.95	7.09	9568840	107288624.00
2014/05/30	7.04	7.14	6.88	6.95	6629698	73057672.00
2014/06/03	6.96	7.26	6.94	7.14	7694635	86291048.00
2014/06/04	7.11	7.26	7.00	7.14	7061339	79587240.00
2014/06/05	7.18	7.25	6.97	7.07	7951811	88501632.00
2014/06/06	7.24	7.81	7.24	7.60	31048615	374211872.00
2014/06/09	7.38	7.42	7.26	7.33	20101910	231552192.00
2014/06/10	7.36	7.91	7.08	7.69	27005651	318423552.00
2014/06/11	7.54	7.74	7.44	7.62	16258064	193555312.00
2014/06/12	7.58	7.72	7.37	7.46	12101416	142795536.00
2014/06/13	7.38	7.93	7.31	7.72	21759973	262209456.00
2014/06/16	7.65	7.80	7.52	7.78	13968780	167536016.00
2014/06/17	7.58	7.58	6.98	7.06	18609017	211820224.00
2014/06/18	6.70	6.96	6.68	6.78	12886796	138753584.00
2014/06/19	6.79	6.90	6.30	6.50	7912018	83339160.00
2014/06/20	6.43	6.76	6.43	6.72	4770387	49610320.00
2014/06/23	6.68	7.08	6.68	7.02	8497030	92929912.00
2014/06/24	7.02	7.02	6.65	6.92	5101158	55642912.00
2014/06/25	6.92	7.28	6.92	7.10	7522357	84528400.00
2014/06/26	7.07	7.39	7.00	7.30	7600372	86526144.00
2014/06/27	7.25	7.49	7.21	7.42	8558393	99593272.00
2014/06/30	7.50	8.20	7.50	8.20	14785591	183501328.00
2014/07/01	8.65	8.78	8.27	8.60	20410503	272607968.00
2014/07/02	8.60	9.34	8.52	9.01	17001116	237034992.00
2014/07/03	8.86	9.94	8.81	9.94	20441078	297964736.00
2014/07/04	9.94	10.97	9.76	10.97	16815767	272819808.00
2014/07/07	11.64	11.65	9.88	11.21	23656971	406335008.00
2014/07/08	10.98	11.36	10.65	11.01	14741379	251557168.00
2014/07/09	10.94	11.14	10.25	10.25	15452067	255481136.00
2014/07/10	10.22	10.58	10.05	10.39	11705371	186701296.00
2014/07/11	10.39	10.55	10.22	10.43	8223796	132301576.00
2014/07/14	10.42	11.18	10.33	11.00	11521960	194690656.00
2014/07/15	10.90	11.45	10.72	10.88	9202241	157139184.00
2014/07/16	10.88	11.05	10.12	10.42	8376040	136418032.00
2014/07/17	10.30	10.72	9.95	10.68	6024837	96202656.00
2014/07/18	10.44	11.04	10.44	10.85	7057380	119015296.00
2014/07/21	10.92	11.21	10.67	10.85	5529089	93655784.00
2014/07/22	10.88	11.03	10.72	11.03	4899313	82581744.00
2014/07/23	11.17	11.53	10.74	10.89	8205133	140426560.00
2014/07/24	10.58	10.74	9.76	9.76	9510130	149753472.00
2014/07/25	9.62	9.90	9.52	9.90	4620752	69768712.00
2014/07/28	9.92	10.93	9.90	10.93	8439354	138335904.00
2014/07/29	11.22	11.42	10.84	11.38	9839995	169230736.00
2014/07/30	11.25	11.48	11.07	11.30	6003028	104690480.00
2014/07/31	11.35	11.62	11.16	11.30	5354737	93966728.00
2014/08/01	11.19	11.20	10.78	10.83	5530278	93716424.00
2014/08/04	10.96	11.18	10.80	10.98	3230441	55119156.00
2014/08/05	11.12	11.22	10.90	11.17	4213198	72459544.00
2014/08/06	11.23	11.24	10.73	10.90	5763902	97445800.00
2014/08/07	10.84	10.98	10.68	10.72	3697903	62104448.00
2014/08/08	10.86	11.55	10.76	11.26	8863599	154796720.00
2014/08/11	11.32	11.55	11.18	11.42	6834147	120268928.00
2014/08/12	11.54	12.60	11.51	12.60	11559407	220481232.00
2014/08/13	12.98	13.88	12.85	13.72	20075842	410052992.00
2014/08/14	13.38	13.82	13.02	13.42	11986460	245873568.00
2014/08/15	13.17	13.20	12.90	13.15	12738927	255581200.00
2014/08/18	13.24	14.30	13.24	14.02	15007649	318851328.00
2014/08/19	13.88	14.06	13.37	13.48	8510460	179543392.00
2014/08/20	13.37	13.78	12.98	13.06	8870938	181618048.00
2014/08/21	13.12	13.30	12.62	12.91	8121123	160436208.00
2014/08/22	13.28	13.42	12.12	12.32	16455774	318415168.00
2014/08/25	12.32	12.32	11.74	11.92	12794788	235429936.00
2014/08/26	11.90	12.28	11.78	12.02	8634756	160486512.00
2014/08/27	11.92	12.06	11.37	11.58	9837356	177292624.00
2014/08/28	11.12	12.72	10.82	12.41	18645122	342859072.00
2014/08/29	12.32	13.12	12.05	12.73	12230891	238721040.00
2014/09/01	12.72	12.88	12.32	12.62	7720538	150101216.00
2014/09/02	12.62	13.24	12.58	13.04	8600806	172575248.00
2014/09/03	13.00	13.38	12.82	13.00	7551700	151409312.00
2014/09/04	12.85	13.00	12.65	12.78	7179125	141746928.00
2014/09/05	12.78	13.18	12.78	13.08	7195222	144388320.00
2014/09/09	13.22	13.78	13.13	13.18	9691285	199257296.00
2014/09/10	13.04	13.05	12.68	12.79	8465799	167243552.00
2014/09/11	12.83	13.05	12.79	12.88	6002251	119540680.00
2014/09/12	12.89	13.28	12.77	13.24	7178287	144158192.00
2014/09/15	13.24	13.85	13.07	13.09	9283243	191610672.00
2014/09/16	13.04	13.07	12.56	12.56	7529703	148565680.00
2014/09/17	12.58	12.71	11.92	12.34	4322598	82300664.00
2014/12/22	11.07	11.07	11.07	11.07	236400	4049532.00
2014/12/23	9.93	9.93	9.93	9.93	115300	1777926.00
2014/12/24	8.90	9.62	8.90	9.12	27085663	382263296.00
2014/12/25	8.78	9.17	8.72	9.01	14451837	201479200.00
2014/12/26	8.97	9.00	8.79	8.84	8925543	123616200.00
2014/12/29	8.84	8.88	8.02	8.12	13183505	170286512.00
2014/12/30	8.12	8.22	7.74	7.81	9324394	116379296.00
2014/12/31	7.87	8.08	7.74	7.98	9704089	119968480.00
2015/01/05	7.97	7.97	7.73	7.91	7406952	91307920.00
2015/01/06	7.96	8.48	7.86	8.44	16364282	209759536.00
2015/01/07	8.32	8.40	8.08	8.20	10025776	128835664.00
2015/01/08	8.18	8.54	8.16	8.35	10626273	138682880.00
2015/01/09	8.35	8.54	8.22	8.25	7992693	104589008.00
2015/01/12	8.18	8.32	8.04	8.08	5309995	67674672.00
2015/01/13	8.11	8.44	8.06	8.40	8423457	109050264.00
2015/01/14	8.43	8.74	8.30	8.60	12227324	162968304.00
2015/01/15	8.78	8.78	8.43	8.46	6801209	90352408.00
2015/01/16	8.33	8.64	8.33	8.50	6640988	88181712.00
2015/01/19	8.29	8.80	8.12	8.32	9663357	128423192.00
2015/01/20	8.33	9.10	8.33	8.94	13873098	189414768.00
2015/01/21	8.86	9.37	8.86	9.12	14628490	207844576.00
2015/01/22	9.12	9.58	9.06	9.55	12551689	180994688.00
2015/01/23	9.55	9.56	9.19	9.22	9830432	142662320.00
2015/01/26	9.18	10.18	9.12	9.79	15017470	230411488.00
2015/01/27	9.68	10.30	9.68	9.92	11849333	182559456.00
2015/01/28	9.82	10.02	9.65	9.71	7037957	106766672.00
2015/01/29	9.71	9.85	9.43	9.46	5343484	79638720.00
2015/01/30	9.46	9.62	9.22	9.26	5477942	79722880.00
2015/02/02	9.26	9.42	9.00	9.22	3199234	46217388.00
2015/02/03	9.32	9.64	9.23	9.49	5655761	83321216.00
2015/02/04	9.50	9.68	9.30	9.32	5401491	79849664.00
2015/02/05	9.45	9.64	9.30	9.38	6430531	94721928.00
2015/02/06	9.40	9.45	8.81	8.82	5703841	80627968.00
2015/02/09	8.82	9.08	8.55	8.90	5216947	71505640.00
2015/02/10	8.90	9.12	8.76	9.12	5019167	70079568.00
2015/02/11	9.12	9.45	9.11	9.28	5082859	73731192.00
2015/02/12	9.24	9.52	9.18	9.48	6274221	91492056.00
2015/02/13	9.47	9.78	9.44	9.60	9137902	136063488.00
2015/02/16	9.64	9.97	9.56	9.97	11539347	176088832.00
2015/02/17	9.98	10.14	9.73	10.06	9667594	149518672.00
2015/02/25	10.06	10.20	9.84	9.90	7328496	113605544.00
2015/02/26	9.84	10.18	9.84	10.17	11476612	178886416.00
2015/02/27	10.32	10.45	10.18	10.30	10646142	169491936.00
2015/03/02	10.41	10.98	10.23	10.98	14556404	238605504.00
2015/03/03	10.98	11.45	10.84	10.97	18698857	322574944.00
2015/03/04	10.80	11.22	10.76	11.14	10503069	179300544.00
2015/03/05	11.26	12.25	11.14	11.72	18985431	341189120.00
2015/03/06	11.76	11.78	10.90	10.93	14745204	255728864.00
2015/03/09	10.76	10.94	10.45	10.84	6768470	112278360.00
2015/03/10	10.86	11.31	10.75	10.96	10788786	184695296.00
2015/03/11	11.63	12.09	11.07	12.09	17882554	321924416.00
2015/03/12	12.52	13.34	12.06	12.72	36924854	730384640.00
2015/03/13	12.58	13.10	12.26	12.60	17398446	337996832.00
2015/03/16	12.52	13.32	12.33	13.08	19759693	390626624.00
2015/03/17	12.85	13.12	12.62	12.80	15010552	296633952.00
2015/03/18	12.79	12.79	12.46	12.78	12642349	245806784.00
2015/03/19	12.72	13.04	12.53	12.87	11312549	223258576.00
2015/03/20	12.88	13.38	12.74	13.21	16357778	330285696.00
2015/03/23	13.13	13.42	12.94	13.13	12995784	261461776.00
2015/03/24	13.13	13.25	11.90	12.66	14521711	284769984.00
2015/03/25	12.58	12.58	12.04	12.48	17746610	337069952.00
2015/03/26	12.45	12.45	12.06	12.19	10699750	202471744.00
2015/03/27	12.28	12.52	12.26	12.48	7724411	148001136.00
2015/03/30	12.48	12.62	12.27	12.39	7812965	149309632.00
2015/03/31	12.40	12.69	12.19	12.52	8960869	172310240.00
2015/04/01	12.46	13.04	12.44	12.97	12805060	253287056.00
2015/04/02	12.98	13.26	12.75	13.16	12952190	259476624.00
2015/04/03	13.10	14.44	12.88	14.08	23012811	488160800.00
2015/04/21	13.98	14.52	12.98	14.27	21054679	451145312.00
2015/04/22	14.32	15.58	14.05	15.06	17247827	396219168.00
2015/04/23	15.12	15.52	14.65	14.83	14693907	338284320.00
2015/04/24	14.66	15.46	14.51	15.13	11700266	271510688.00
2015/04/27	15.20	15.52	14.59	14.63	11284370	258086640.00
2015/04/28	14.44	14.52	13.32	13.48	12413355	263868480.00
2015/04/29	13.60	14.02	13.47	13.78	6820798	144267008.00
2015/04/30	13.82	14.67	13.65	14.16	9071757	197211616.00
2015/05/04	14.26	14.64	14.05	14.27	7430162	163172976.00
2015/05/05	14.27	14.28	13.20	13.22	6731341	141397808.00
2015/05/06	13.34	13.58	12.83	13.11	6003001	122737064.00
2015/05/07	12.98	13.00	12.62	12.68	4825869	95198560.00
2015/05/08	12.92	13.45	12.76	13.44	7614573	153318080.00
2015/05/11	13.56	14.82	13.50	14.46	13119224	283987040.00
2015/05/12	14.38	15.01	14.32	14.98	12644920	286368160.00
2015/05/13	14.60	15.37	14.57	14.84	11490551	262168208.00
2015/05/14	14.90	16.32	14.86	15.82	15289486	362591680.00
2015/05/15	15.49	15.74	14.99	15.57	10019842	236792784.00
2015/05/18	15.46	16.45	15.44	16.08	10697767	263864704.00
2015/05/19	16.32	17.72	16.32	17.72	17088311	457282048.00
2015/05/20	18.32	18.45	17.36	18.00	18758809	516059904.00
2015/05/21	17.73	18.62	17.38	18.37	14682436	404724384.00
2015/05/22	18.51	18.69	17.61	18.10	11934371	330440576.00
2015/05/25	17.65	18.12	16.98	17.92	12069928	326408032.00
2015/05/26	18.32	19.69	18.09	18.78	14757829	425327552.00
2015/05/27	18.79	18.95	17.85	18.45	11910236	334476032.00
2015/05/28	18.77	19.32	17.58	17.58	14970628	427425504.00
2015/05/29	17.31	18.18	16.50	17.73	12955883	346896192.00
2015/06/01	17.64	19.54	17.64	19.54	13120682	378432352.00
2015/06/02	20.32	21.45	19.66	21.12	17682616	554492416.00
2015/06/03	20.72	22.98	20.51	22.97	13718702	450056160.00
2015/06/04	22.91	22.92	20.64	22.42	12108375	403612224.00
2015/06/05	22.42	22.98	21.92	22.54	10852553	370011872.00
2015/06/08	22.05	22.12	20.32	20.68	10259062	328956832.00
2015/06/09	20.50	20.98	19.75	20.25	8138532	252317472.00
2015/06/10	20.32	21.75	20.32	21.58	9014597	290101856.00
2015/06/11	21.90	22.57	21.59	22.05	10265445	345658208.00
2015/06/12	22.11	22.61	21.73	22.30	8462929	284986624.00
2015/06/15	22.41	22.52	21.56	21.58	7369897	245560688.00
2015/06/16	21.38	21.44	19.95	20.35	7862780	247772080.00
2015/06/17	20.55	20.64	18.65	20.33	7790635	234426672.00
2015/06/18	20.88	21.24	19.34	19.55	6106624	191231904.00
2015/06/19	19.48	19.48	17.56	17.56	6255376	175564208.00
2015/06/23	17.65	19.05	15.98	19.05	7515246	204002736.00
2015/06/24	19.24	20.04	18.68	19.45	7164362	212097504.00
2015/06/25	19.59	20.02	17.92	18.32	4694996	136127856.00
2015/06/26	17.07	17.92	16.46	16.46	5121192	88173888.00
2015/06/29	16.82	17.00	14.78	14.78	9373122	145877632.00
2015/06/30	13.27	15.62	13.27	15.47	14295753	209224288.00
2015/07/01	15.17	16.04	13.89	13.89	9200100	141262448.00
2015/07/02	14.07	14.07	12.47	12.47	7722913	101494200.00
2015/07/03	11.47	12.26	11.19	11.19	11256636	131543400.00
2015/07/06	12.34	12.34	10.04	10.04	13536783	152687712.00
2015/07/07	9.00	9.07	9.00	9.00	3874401	36148688.00
2015/07/14	9.93	9.93	9.93	9.93	221880	2276488.75
2015/07/15	10.96	10.96	10.17	10.33	29916033	331317312.00
2015/07/16	10.33	11.02	9.46	10.61	19966982	213547520.00
2015/07/17	10.66	11.70	10.62	11.70	15864530	182599056.00
2015/07/20	11.87	12.90	11.53	12.90	24044544	304000864.00
2015/07/21	12.57	13.63	12.28	13.23	20611441	276853120.00
2015/07/22	12.97	13.43	12.48	12.98	17212592	228758992.00
2015/07/23	12.87	13.48	12.87	13.32	13537399	183879296.00
2015/07/24	13.37	13.78	12.92	13.02	17274285	237532704.00
2015/07/27	12.67	13.05	11.69	11.69	12618206	160535248.00
2015/07/28	10.49	11.69	10.49	10.49	18502576	204532448.00
2015/07/29	10.97	11.35	10.17	11.25	12212587	134220112.00
2015/07/30	11.25	11.65	10.39	10.63	10866952	126426112.00
2015/07/31	10.43	10.90	10.18	10.39	7917192	86090480.00
2015/08/03	10.18	10.57	9.32	9.44	10091434	101862128.00
2015/08/04	9.63	10.42	9.38	10.42	11103962	113940624.00
2015/08/05	10.57	11.30	10.57	10.86	15863543	178773520.00
2015/08/06	10.58	11.15	10.38	10.95	11077425	124663072.00
2015/08/07	11.18	11.56	10.97	11.56	14858354	173269600.00
2015/08/10	11.60	12.48	11.37	12.25	18732183	228819344.00
2015/08/11	12.07	12.97	11.84	12.52	22438041	286473024.00
2015/08/12	12.17	12.46	11.87	11.87	14347778	178983056.00
2015/08/13	11.84	12.47	11.77	12.37	12895279	160579648.00
2015/08/14	12.48	12.94	12.34	12.62	16168662	208813040.00
2015/08/17	12.49	12.63	12.03	12.62	13598233	172755536.00
2015/08/18	12.67	13.07	11.33	11.33	19771528	252076480.00
2015/08/19	10.95	11.83	10.16	11.80	15502256	174343184.00
2015/08/20	11.41	12.00	10.95	11.02	11209901	132519944.00
2015/08/21	10.81	11.01	9.95	10.12	9065381	98314280.00
2015/08/24	9.63	9.72	9.08	9.08	5877300	56332568.00
2015/08/25	8.14	8.47	8.14	8.14	10123358	86160424.00
2015/08/26	7.68	8.51	7.31	7.32	14860938	122685576.00
2015/08/27	7.62	7.79	6.89	7.76	12647468	99198336.00
2015/08/28	7.90	8.57	7.85	8.57	15645020	132217472.00
2015/08/31	8.52	8.54	7.96	7.96	11443872	97856224.00
2015/09/01	8.09	8.09	7.13	7.13	11556046	89939896.00
2015/09/02	6.69	7.57	6.58	6.77	9999899	73804288.00
2015/09/07	6.97	7.48	6.97	7.29	12247392	93616472.00
2015/09/08	7.22	8.05	7.06	8.05	12519585	98831920.00
2015/09/09	8.17	8.77	8.03	8.57	17591579	154205328.00
2015/09/10	8.43	8.57	8.09	8.12	11844955	102401144.00
2015/09/11	8.18	8.43	8.12	8.34	9293929	80019672.00
2015/09/14	8.37	8.41	7.47	7.47	10479473	85085392.00
2015/09/15	7.06	7.33	6.69	6.69	9535365	69524080.00
2015/09/16	6.77	7.39	6.77	7.39	9964970	73956472.00
2015/09/17	7.52	7.99	7.40	7.41	15094386	120911344.00
2015/09/18	7.48	7.85	7.32	7.74	10372917	82200168.00
2015/09/21	7.58	8.55	7.47	8.39	16317491	136653232.00
2015/09/22	8.27	8.55	8.00	8.29	17175650	148029824.00
2015/09/23	8.04	8.55	7.97	8.35	13669614	117111504.00
2015/09/24	8.47	8.67	8.28	8.57	13467055	118944400.00
2015/09/25	8.49	8.56	7.69	7.91	12473776	105096248.00
2015/09/28	7.87	8.31	7.70	8.26	10628012	89362184.00
2015/09/29	8.05	8.17	7.79	7.95	7708877	64189048.00
2015/09/30	7.99	8.20	7.90	8.05	8197641	68804336.00
2015/10/08	8.42	8.65	8.23	8.56	13250320	116853408.00
2015/10/09	8.57	9.14	8.47	8.97	17943944	164233168.00
2015/10/12	9.08	9.70	8.94	9.63	19668153	190217968.00
2015/10/13	9.49	9.79	9.38	9.74	16006675	159006400.00
2015/10/14	9.61	9.84	9.35	9.38	14179387	141162592.00
2015/10/15	9.31	10.35	9.28	10.35	21393617	219876784.00
2015/10/16	10.57	10.85	10.22	10.73	29826212	322317216.00
2015/10/19	10.82	10.82	10.24	10.61	25892398	282727584.00
2015/10/20	10.61	11.07	10.53	10.96	22494013	251818832.00
2015/10/21	10.87	10.97	9.83	9.83	25293008	270327328.00
2015/10/22	9.90	10.41	9.67	10.34	16796530	174608256.00
2015/10/23	10.42	10.97	10.39	10.87	22589404	250186144.00
2015/10/26	11.03	11.12	10.62	10.86	18094204	202565056.00
2015/10/27	10.76	10.91	10.05	10.72	16568839	179567264.00
2015/10/28	10.66	11.55	10.60	11.20	28902619	331868704.00
2015/10/29	11.27	11.36	10.78	11.07	18013368	206308400.00
2015/10/30	11.02	11.08	10.54	10.74	13073112	146227600.00
2015/11/02	10.26	10.92	10.17	10.28	10551750	114847160.00
2015/11/03	10.27	10.56	10.05	10.34	9516983	101976672.00
2015/11/04	10.45	11.12	10.44	11.07	15481550	173154640.00
2015/11/05	11.07	11.22	10.79	11.06	19589767	222547952.00
2015/11/06	11.20	12.20	11.20	12.20	19671671	239397792.00
2015/11/09	12.54	13.12	12.27	12.78	44298121	574906624.00
2015/11/10	12.67	12.77	12.27	12.64	22713485	292944512.00
2015/11/11	12.28	13.47	12.27	13.09	28962437	386921888.00
2015/11/12	12.87	14.26	12.82	13.92	30308758	423571680.00
2015/11/13	13.48	13.78	12.74	12.97	22032654	300061568.00
2015/11/16	12.65	13.50	12.42	13.48	14782272	197715536.00
2015/11/17	13.67	13.95	13.01	13.07	19328791	266044512.00
2015/11/18	13.19	13.35	12.87	13.02	11075735	148786208.00
2015/11/19	13.06	14.36	13.03	14.36	32143061	459355680.00
2015/11/20	14.57	15.63	14.47	15.14	41210872	629730048.00
2015/11/23	14.87	14.92	14.14	14.22	23336653	348104256.00
2015/11/24	14.17	14.86	14.08	14.81	18047014	267941376.00
2015/11/25	14.69	15.00	14.47	14.92	18990259	286521056.00
2015/11/26	14.88	15.01	14.37	14.42	16245980	242343296.00
2015/11/27	14.25	14.63	12.95	13.13	15425154	218405424.00
2015/11/30	13.13	13.24	11.98	13.10	15958489	209254464.00
2015/12/01	13.15	13.58	12.93	13.26	12323252	168038688.00
2015/12/02	13.24	13.52	12.37	13.01	9090517	121409104.00
2015/12/03	13.03	13.87	12.96	13.71	10588223	145183904.00
2015/12/04	13.47	13.96	13.34	13.56	11427893	159988416.00
2015/12/07	13.65	13.87	13.41	13.77	9826333	137290176.00
2015/12/08	13.55	13.70	12.95	13.01	9525506	129300192.00
2015/12/09	12.87	12.99	12.47	12.63	8680114	113320104.00
2015/12/10	12.49	13.02	12.49	12.71	8954588	117432928.00
2015/12/11	12.69	12.82	12.47	12.67	6406808	83297216.00
2015/12/14	12.47	13.26	12.37	13.19	9154313	120368112.00
2015/12/15	13.17	14.17	13.08	13.56	13962383	194499456.00
2015/12/16	13.69	14.05	13.67	13.87	13008555	185084096.00
2015/12/17	14.07	14.26	13.88	14.05	13266087	191059456.00
2015/12/18	14.06	14.21	13.80	13.85	9808558	139980096.00
2015/12/21	13.89	14.06	13.70	14.05	7789788	110883648.00
2015/12/22	14.01	14.27	13.90	14.25	10999212	158956016.00
2015/12/23	14.17	14.72	14.12	14.33	16498406	243616048.00
2015/12/24	14.27	14.34	13.68	14.27	8834076	127153536.00
2015/12/25	14.47	15.64	14.37	15.40	26053535	402533248.00
2015/12/28	15.40	15.46	14.75	14.76	18332165	283327392.00
2015/12/29	14.77	15.07	14.68	15.02	8710901	132672832.00
2015/12/30	15.08	15.79	14.92	15.75	15091767	237585344.00
2015/12/31	15.78	16.09	15.34	15.36	14031865	224720976.00
2016/01/04	15.12	15.36	13.79	13.79	10334324	152770128.00
2016/01/05	12.55	13.55	12.38	12.88	14636625	194051072.00
2016/01/06	13.00	13.46	12.58	13.42	10951133	147052512.00
2016/01/07	13.07	13.11	12.05	12.05	2487800	31565628.00
2016/01/08	12.17	12.62	10.81	11.75	14069615	168990448.00
2016/01/11	11.47	11.47	10.54	10.54	10301882	114774656.00
2016/01/12	10.32	10.72	9.57	10.19	9741348	101962176.00
2016/01/13	10.32	10.44	9.14	9.14	10527789	106120208.00
2016/01/14	8.67	9.97	8.39	9.68	14603296	137037440.00
2016/01/15	9.52	9.67	8.68	8.83	13387668	126929640.00
2016/01/18	8.67	9.46	8.67	9.23	10679584	101083208.00
2016/01/19	9.25	10.06	9.09	9.79	13544196	133733520.00
2016/01/20	9.69	10.07	9.52	9.70	12498174	126435848.00
2016/01/21	9.50	10.12	9.19	9.46	12570709	126207344.00
2016/01/22	9.75	9.82	9.26	9.74	9825403	97461400.00
2016/01/25	9.88	10.13	9.72	9.93	8988476	92020536.00
2016/01/26	9.75	9.77	8.90	8.90	10665727	102845536.00
2016/01/27	9.08	9.10	7.99	8.67	10710030	94813160.00
2016/01/28	8.47	8.63	7.82	7.82	9790281	84412192.00
2016/01/29	7.83	8.54	7.67	8.42	8524363	72789504.00
2016/02/01	8.42	8.52	8.10	8.43	6502030	56279188.00
2016/02/02	8.52	9.05	8.49	9.00	7982199	73414208.00
2016/02/03	8.82	9.24	8.64	9.10	7457658	68613904.00
2016/02/04	9.10	9.39	9.07	9.30	8340459	80015504.00
2016/02/05	9.30	9.52	9.17	9.17	7620395	73763632.00
2016/02/15	8.69	9.55	8.67	9.42	7220081	68299664.00
2016/02/16	9.48	9.96	9.48	9.91	7809981	79177648.00
2016/02/17	9.89	10.02	9.58	9.96	10486284	106353168.00
2016/02/18	10.06	10.09	9.70	9.79	8974403	92221920.00
2016/02/19	9.69	10.10	9.69	9.99	9486989	97354496.00
2016/02/22	10.12	10.38	9.99	10.21	11570038	121951376.00
2016/02/23	10.23	10.25	9.87	10.08	7512104	77757016.00
2016/02/24	10.09	10.26	9.77	10.14	8557988	88463528.00
2016/02/25	10.05	10.11	9.09	9.09	12697226	123590208.00
2016/02/26	9.27	9.31	8.77	8.99	6833290	64206068.00
2016/02/29	8.98	8.98	8.06	8.14	9201869	78640224.00
2016/03/01	8.21	8.52	7.92	8.47	6945949	59629116.00
2016/03/02	8.40	9.07	8.39	9.02	8014190	72859984.00
2016/03/03	8.95	9.32	8.95	9.09	8724309	82454824.00
2016/03/04	9.01	9.12	8.23	8.50	9172761	82820208.00
2016/03/07	8.62	9.38	8.62	9.38	10983477	102305472.00
2016/03/08	9.37	10.03	8.77	9.86	26879730	264736016.00
2016/03/09	9.48	10.35	9.28	9.87	25888429	264339584.00
2016/03/10	9.67	10.17	9.27	9.68	20517339	207224992.00
2016/03/11	9.37	10.55	9.36	10.47	31035687	324014784.00
2016/03/14	10.61	11.38	10.27	11.00	36768537	407068640.00
2016/03/15	10.67	11.03	10.50	10.62	22131042	245232336.00
2016/03/16	10.71	10.87	10.01	10.21	18469083	197835680.00
2016/03/17	10.37	11.12	10.25	10.97	23611752	259059520.00
2016/03/18	11.08	11.84	10.85	11.63	29666632	344497568.00
2016/03/21	11.67	11.82	11.37	11.67	23093545	274601888.00
2016/03/22	11.43	11.71	11.37	11.47	15073869	178915152.00
2016/03/23	11.47	11.81	11.36	11.66	14329659	170905584.00
2016/03/24	11.63	11.63	11.07	11.10	14831759	173320368.00
2016/03/25	11.24	11.26	10.88	11.15	8825468	100834688.00
2016/03/28	11.22	11.44	10.88	10.91	12375770	142719936.00
2016/03/29	12.02	12.02	11.43	11.58	40360739	485573504.00
2016/03/30	11.47	12.77	11.37	12.77	39693477	491219872.00
2016/03/31	12.88	13.27	12.49	12.70	38437172	507174720.00
2016/04/01	12.48	12.65	12.16	12.46	21025291	266979376.00
2016/04/05	12.59	13.26	12.59	13.05	26318772	350765664.00
2016/04/06	13.04	13.43	12.83	13.12	24257374	325441984.00
2016/04/07	13.10	13.10	12.55	12.55	19520836	255258576.00
2016/04/08	12.40	13.00	12.21	12.82	17500448	226951584.00
2016/04/11	12.87	13.34	12.87	12.97	18314715	245738032.00
2016/04/12	12.92	12.96	12.49	12.70	11123166	144890544.00
2016/04/13	12.77	12.97	12.70	12.70	14513952	191089472.00
2016/04/14	12.75	12.97	12.65	12.96	13480564	177505744.00
2016/04/15	12.90	12.96	12.69	12.86	10702830	140793824.00
2016/04/18	12.71	12.86	12.37	12.49	9659831	124840184.00
2016/04/19	12.60	13.15	12.35	13.07	19386463	254411424.00
2016/04/20	12.98	12.99	11.73	11.98	20829434	265326368.00
2016/04/21	11.87	12.33	11.77	11.81	10335010	128298248.00
2016/04/22	11.67	11.97	11.45	11.91	10337272	124594720.00
2016/04/25	11.82	11.92	11.43	11.92	7892676	95275192.00
2016/04/26	11.94	12.37	11.83	12.31	13677348	170955200.00
2016/04/27	12.31	12.47	12.17	12.23	10212669	129102504.00
2016/04/28	12.22	12.70	12.21	12.56	13961796	178719456.00
2016/04/29	12.44	12.54	12.21	12.29	7790201	98901704.00
2016/05/03	12.31	13.05	12.30	13.03	19524462	256419808.00
2016/05/04	13.09	13.80	12.97	13.49	32696280	447578720.00
2016/05/05	13.50	13.55	13.13	13.33	18906220	258182944.00
2016/05/06	13.38	13.96	13.00	13.07	28193866	389768256.00
2016/05/09	12.78	12.92	12.18	12.31	15269888	197851648.00
2016/05/10	12.19	12.57	12.14	12.35	10388290	132066720.00
2016/05/11	12.47	12.54	11.90	11.92	10240959	128064552.00
2016/05/12	11.27	11.89	10.98	11.85	10989322	130421000.00
2016/05/13	11.75	12.23	11.58	11.95	9821799	121359016.00
2016/05/16	11.88	12.40	11.72	12.37	10177630	127227040.00
2016/05/17	12.39	12.47	12.08	12.19	10081850	126934248.00
2016/05/18	12.02	12.12	11.47	11.70	9074637	109709992.00
2016/05/19	11.74	12.44	11.74	12.07	13022416	162266160.00
2016/05/20	11.87	13.13	11.76	12.87	22590078	291508864.00
2016/05/23	12.77	13.46	12.71	13.40	27170403	367797472.00
2016/05/24	13.22	13.29	12.87	13.01	16008880	214005552.00
2016/05/25	13.22	13.53	12.99	13.14	18802805	256011040.00
2016/05/26	13.06	13.64	12.59	13.62	21277995	287880128.00
2016/05/27	13.59	14.02	13.24	13.25	27390905	383605856.00
2016/05/30	13.00	14.07	12.83	13.88	27775526	386657312.00
2016/05/31	13.66	14.44	13.57	14.34	34069350	493008960.00
2016/06/01	14.32	14.51	14.14	14.34	27466868	402412512.00
2016/06/02	14.34	14.93	14.06	14.89	31482833	465902784.00
2016/06/03	14.79	14.82	14.48	14.48	21531451	322343776.00
2016/06/06	14.54	14.60	14.20	14.50	15937155	234522080.00
2016/06/07	14.44	14.65	14.24	14.62	17258297	255234288.00
2016/06/08	14.55	14.74	14.32	14.43	14914042	221714224.00
2016/06/13	14.02	14.12	12.95	12.95	20786446	290646880.00
2016/06/14	12.86	13.32	12.85	13.26	13092970	176628544.00
2016/06/15	13.01	14.04	12.97	13.82	15996333	224550480.00
2016/06/16	13.85	14.14	13.68	13.90	16720969	238158608.00
2016/06/17	13.97	14.13	13.47	13.77	16542528	234970352.00
2016/06/20	13.79	14.90	13.79	14.71	30710797	454036448.00
2016/06/21	14.77	15.06	14.38	14.52	31733090	478865952.00
2016/06/22	14.52	15.29	14.45	15.28	29167419	445840224.00
2016/06/23	15.10	15.23	14.64	14.80	23023232	349419616.00
2016/06/24	14.70	14.93	13.70	14.56	22571470	334947136.00
2016/06/27	14.50	15.19	14.40	15.15	23444363	358832448.00
2016/06/28	15.05	15.13	14.75	15.05	18455637	281870464.00
2016/06/29	15.18	15.35	14.87	14.99	16451711	253345120.00
2016/06/30	15.05	15.69	14.90	15.38	25754992	403308544.00
2016/07/01	15.39	15.48	14.83	14.92	18202375	280956640.00
2016/07/04	14.75	15.22	14.59	15.08	13485424	206940016.00
2016/07/05	15.10	15.16	14.82	14.93	11670883	178296368.00
2016/07/06	14.88	15.07	14.82	14.92	9843729	150016576.00
2016/07/07	14.96	14.99	14.58	14.86	12901458	194397776.00
2016/07/08	14.90	15.10	14.61	14.91	12740320	193908656.00
2016/07/11	14.95	15.10	14.71	14.80	11043114	167645232.00
2016/07/12	14.73	14.85	14.31	14.73	12197960	181780160.00
2016/07/13	14.85	15.30	14.66	15.20	19459145	298872032.00
2016/07/14	15.15	15.15	14.78	14.98	12299047	187386144.00
2016/07/15	14.95	15.06	14.78	14.87	7006471	106363800.00
2016/07/18	14.88	15.13	14.71	14.98	9522379	145042256.00
2016/07/19	14.82	15.00	14.72	15.00	7404140	112279408.00
2016/07/20	14.96	15.16	14.75	15.05	13191232	201896880.00
2016/07/21	15.04	15.95	14.97	15.50	32395081	512389024.00
2016/07/22	15.32	15.77	15.20	15.64	20920938	329011840.00
2016/07/25	15.65	16.28	15.60	15.77	23502125	382484768.00
2016/07/26	15.61	16.00	15.59	15.76	14602788	234185408.00
2016/07/27	15.71	16.23	14.67	14.85	26305150	416337952.00
2016/07/28	14.78	14.85	14.20	14.57	13682842	202869312.00
2016/07/29	14.55	14.68	14.30	14.56	7618270	112900352.00
2016/08/01	14.56	14.65	13.70	13.97	10129363	144767088.00
2016/08/02	14.04	14.23	13.88	14.21	5199129	74456056.00
2016/08/03	14.10	14.23	13.98	14.00	5413583	77851512.00
2016/08/04	14.03	14.23	14.03	14.20	6141879	88798424.00
2016/08/05	14.20	14.33	13.96	13.96	6460465	93373144.00
2016/08/08	13.90	14.00	13.48	14.00	7402680	103896024.00
2016/08/09	13.92	14.19	13.92	14.17	6338198	91028848.00
2016/08/10	14.17	14.28	14.03	14.03	5707156	82455352.00
2016/08/11	13.98	14.08	13.55	13.60	6977008	98318984.00
2016/08/12	13.57	13.74	13.52	13.72	4914557	68496248.00
2016/08/15	13.72	14.25	13.68	14.18	9877622	141797904.00
2016/08/16	14.15	14.35	14.11	14.19	7050769	102221344.00
2016/08/17	14.19	14.28	14.00	14.21	6879360	99414192.00
2016/08/18	14.13	14.63	14.11	14.55	12532631	184150352.00
2016/08/19	14.50	14.60	14.33	14.60	8356800	123369584.00
2016/08/22	14.60	14.61	13.97	13.98	11644400	169204640.00
2016/08/23	13.83	14.08	13.72	13.83	6181289	87811544.00
2016/08/24	13.90	14.14	13.83	13.97	4817690	68666016.00
2016/08/25	13.83	13.90	13.49	13.72	7460127	103900248.00
2016/08/26	13.80	13.98	13.76	13.77	5205084	73658880.00
2016/08/29	13.66	13.96	13.64	13.81	4225937	59649752.00
2016/08/30	13.74	13.89	13.74	13.84	4039367	57051944.00
2016/08/31	13.84	13.85	13.65	13.78	4093637	57492628.00
2016/09/01	13.75	13.85	13.72	13.72	3815656	53672412.00
2016/09/02	13.75	13.76	13.23	13.37	7382412	101774376.00
2016/09/05	13.40	13.61	13.38	13.42	3835751	52881308.00
2016/09/06	13.43	13.74	13.21	13.66	6476039	89199192.00
2016/09/07	13.66	13.85	13.55	13.64	6769368	95128992.00
2016/09/08	13.56	13.75	13.56	13.72	3987407	55703364.00
2016/09/09	13.71	13.86	13.66	13.69	5561475	78299712.00
2016/09/12	13.48	13.49	12.90	12.92	7104897	95710840.00
2016/09/13	13.08	13.11	12.91	12.98	3388223	45100680.00
2016/09/14	12.98	13.13	12.85	12.96	3154558	41978460.00
2016/09/19	12.96	13.20	12.96	13.19	3344316	44911580.00
2016/09/20	13.15	13.25	12.98	13.09	2835674	37979944.00
2016/09/21	13.09	13.24	13.03	13.13	2504693	33751828.00
2016/09/22	13.19	13.58	13.19	13.54	7585204	104093504.00
2016/09/23	13.48	13.63	13.38	13.49	6227179	86029480.00
2016/09/26	13.40	13.47	13.05	13.07	4952826	67018104.00
2016/09/27	13.00	13.11	12.82	13.07	4290972	56868832.00
2016/09/28	13.17	13.17	12.98	12.98	3055145	40763948.00
2016/09/29	13.05	13.10	12.97	12.98	2793857	37252240.00
2016/09/30	12.97	13.07	12.91	13.04	2709684	36039980.00
2016/10/10	13.15	13.45	13.08	13.42	5170861	70357728.00
2016/10/11	13.41	13.56	13.40	13.52	6831126	94208808.00
2016/10/12	13.46	13.56	13.40	13.46	4190384	57647880.00
2016/10/13	13.46	13.54	13.36	13.42	4396257	60378364.00
2016/10/14	13.42	13.44	13.27	13.38	3812562	51988240.00
2016/10/17	13.38	13.44	13.10	13.12	4261683	57983472.00
2016/10/18	13.08	13.43	13.08	13.41	4051864	55076520.00
2016/10/19	13.44	13.49	13.26	13.34	4539668	62118372.00
2016/10/20	13.39	13.68	13.31	13.60	9884852	137088464.00
2016/10/21	13.57	13.68	13.40	13.59	6477429	89757936.00
2016/10/24	13.59	13.70	13.52	13.67	7593200	105765688.00
2016/10/25	13.64	13.66	13.53	13.60	4893332	67977544.00
2016/10/26	13.60	13.62	13.41	13.50	4206487	58031988.00
2016/10/27	13.46	13.55	13.42	13.47	3261493	44944092.00
2016/10/28	13.47	13.60	13.39	13.39	4235371	58404496.00
2016/10/31	13.32	13.33	13.07	13.30	4445104	60036408.00
2016/11/01	13.37	13.44	13.28	13.38	4025405	54951772.00
2016/11/02	13.39	13.55	13.31	13.42	5734032	78963264.00
2016/11/03	13.33	13.60	13.30	13.50	6161323	85070064.00
2016/11/04	13.55	13.63	13.44	13.52	4292890	59381032.00
2016/11/07	13.57	13.89	13.53	13.65	9169812	128574336.00
2016/11/08	13.66	13.86	13.66	13.73	7051028	99013176.00
2016/11/09	13.80	13.80	13.30	13.42	6356592	88071752.00
2016/11/10	13.52	13.88	13.52	13.85	10598949	148779312.00
2016/11/11	13.83	13.98	13.73	13.93	9980751	141347728.00
2016/11/14	13.98	14.26	13.89	13.93	13114444	188674432.00
2016/11/15	14.00	14.09	13.78	14.09	8528959	121387984.00
2016/11/16	14.14	14.18	13.98	13.99	5837376	83880872.00
2016/11/17	13.99	14.02	13.74	13.87	5058526	71555984.00
2016/11/18	13.85	13.92	13.71	13.76	4716483	66551140.00
2016/11/21	13.80	13.85	13.70	13.75	4615382	64890248.00
2016/11/22	13.77	13.91	13.75	13.91	5235046	74032064.00
2016/11/23	13.98	13.99	13.58	13.63	7370927	103625776.00
2016/11/24	13.63	13.72	13.40	13.44	5330056	73885352.00
2016/11/25	13.49	13.59	13.22	13.52	4088811	56156876.00
2016/11/28	13.56	13.72	13.45	13.56	4147101	57745852.00
2016/11/29	13.55	13.63	13.41	13.41	3420596	47330792.00
2016/11/30	13.40	13.50	13.24	13.34	3360632	45974908.00
2016/12/01	13.42	13.53	13.34	13.46	3891385	53520956.00
2016/12/02	13.46	13.61	13.31	13.38	6715228	92604952.00
2017/03/01	13.99	14.75	13.71	14.18	45178211	667384000.00
2017/03/02	13.76	13.96	13.31	13.40	28645352	399937248.00
2017/03/03	13.27	14.77	13.27	14.77	42764155	630710016.00
2017/03/06	15.10	15.58	14.77	15.28	59491322	920112960.00
2017/03/07	15.10	15.17	14.80	14.95	31633778	483156288.00
2017/03/08	14.91	15.06	14.47	14.57	21647090	324852000.00
2017/03/09	14.68	14.82	14.50	14.61	16445712	245910976.00
2017/03/10	14.50	14.74	14.31	14.70	17490233	259802800.00
2017/03/13	14.48	14.76	14.32	14.65	12214174	181882560.00
2017/03/14	14.60	14.77	14.24	14.25	14408935	212545264.00
2017/03/15	14.21	14.41	14.17	14.28	7333931	106859728.00
2017/03/16	14.28	14.54	14.23	14.46	11749751	172337168.00
2017/03/17	14.46	14.46	14.02	14.13	9137987	133350776.00
2017/03/20	14.10	14.20	13.71	14.01	11310062	160835008.00
2017/03/21	13.94	14.00	13.84	13.98	5680360	80793072.00
2017/03/22	13.93	13.99	13.78	13.99	5799956	82226584.00
2017/03/23	13.99	14.15	13.79	13.87	7181234	102496056.00
2017/03/24	13.83	13.94	13.57	13.68	8146150	113912736.00
2017/03/27	13.51	13.53	12.87	12.96	16478363	220797296.00
2017/03/28	12.95	13.07	12.85	12.97	5844142	77556496.00
2017/03/29	13.01	13.05	12.48	12.48	9378429	121586816.00
2017/03/30	12.49	12.60	12.07	12.09	6992781	87932424.00
2017/03/31	12.15	12.46	12.11	12.22	4627735	58121460.00
2017/04/05	12.24	12.46	12.18	12.43	5220553	65978372.00
2017/04/06	12.45	12.46	12.32	12.37	3619351	45875888.00
2017/04/07	12.37	12.50	12.32	12.34	4125218	52336952.00
2017/04/10	12.35	12.39	11.70	11.71	8980051	109615488.00
2017/04/11	11.68	11.99	11.60	11.88	5064307	61029128.00
2017/04/12	11.92	12.00	11.81	11.87	4104321	50040836.00
2017/04/13	11.87	11.87	11.71	11.80	2995605	36183544.00
2017/04/14	11.75	11.80	11.37	11.40	4652383	55173444.00
2017/04/17	11.40	11.58	11.33	11.50	4002237	46934060.00
2017/04/18	11.53	11.60	11.38	11.40	2997300	35374556.00
2017/04/19	11.40	11.40	10.90	11.06	4014387	45617400.00
2017/04/20	11.07	11.19	10.88	11.02	3106663	35140748.00
2017/04/21	10.93	11.05	10.70	10.80	3047765	34062568.00
2017/04/24	10.69	10.69	9.96	9.97	4514183	47657588.00
2017/04/25	10.05	10.13	9.70	9.88	3677461	37433720.00
2017/04/26	10.12	10.90	10.12	10.90	4545901	49960248.00
2017/04/27	11.20	11.45	10.90	11.10	14622584	167883520.00
2017/04/28	11.30	11.30	10.91	11.12	6744004	76484944.00
2017/05/02	11.19	11.19	10.95	11.18	4413449	50126928.00
2017/05/03	11.06	11.15	10.87	11.05	4758722	53734440.00
2017/05/04	11.04	11.06	10.85	10.98	3630850	40833000.00
2017/05/05	10.88	10.91	10.45	10.47	4019647	44249932.00
2017/05/08	10.51	10.70	10.41	10.48	3183106	34500476.00
2017/05/09	10.50	10.68	10.44	10.67	2542977	27609572.00
2017/05/10	10.64	10.69	10.37	10.44	3870402	42064852.00
2017/05/11	10.45	10.48	9.90	10.40	3261563	34332240.00
2017/05/12	10.39	10.65	10.22	10.51	4375901	47102960.00
2017/05/15	10.59	10.62	10.43	10.52	2404051	26023006.00
2017/05/16	10.50	10.89	10.31	10.87	4002134	43756184.00
2017/05/17	10.84	11.02	10.73	10.76	3952670	44115464.00
2017/05/18	10.71	10.79	10.56	10.79	3387011	37255280.00
2017/05/19	10.65	10.77	10.57	10.59	2027963	22200796.00
2017/05/22	10.55	10.66	10.25	10.45	2460048	26422194.00
2017/05/23	10.36	10.44	9.93	10.08	3086223	32283982.00
2017/05/24	10.06	10.31	9.86	10.31	2352086	24458478.00
2017/05/25	10.27	10.36	10.00	10.34	2747366	28977572.00
2017/05/26	10.40	10.66	10.40	10.42	3212175	34820704.00
2017/05/31	10.69	10.77	10.42	10.43	2337200	25408834.00
2017/06/01	10.35	10.43	10.04	10.04	2273600	23950022.00
2017/06/02	9.96	10.25	9.72	10.22	2942951	30287722.00
2017/06/05	10.22	10.30	10.11	10.19	1631901	17148944.00
2017/06/06	10.19	10.27	10.11	10.26	1496255	15726877.00
2017/06/07	10.24	10.54	10.20	10.52	3772792	40539120.00
2017/06/08	10.51	10.64	10.41	10.47	2976564	32168898.00
2017/06/09	10.42	10.51	10.20	10.50	1885205	20150358.00
2017/06/12	10.45	10.46	10.21	10.26	2004492	21282660.00
2017/06/13	10.31	10.49	10.21	10.39	1731802	18311580.00
2017/06/14	10.46	10.46	10.30	10.35	1877100	19837004.00
2017/06/15	10.51	11.41	10.51	11.41	7255376	82875424.00
2017/06/16	11.84	11.89	11.03	11.06	15765896	183440368.00
2017/06/19	10.88	11.23	10.88	11.14	6095902	68752848.00
2017/06/20	11.14	11.16	10.93	10.93	5876228	65950580.00
2017/06/21	10.90	10.98	10.83	10.96	3955105	43939280.00
2017/06/22	10.97	11.03	10.63	10.63	4254351	47041052.00
2017/06/23	10.61	10.77	10.56	10.74	3378442	36730824.00
2017/06/26	10.70	10.99	10.68	10.88	3213188	35506500.00
2017/06/27	10.88	10.98	10.83	10.86	2223117	24658410.00
2017/06/28	10.86	10.86	10.66	10.69	2499302	27292686.00
2017/06/29	10.66	10.84	10.66	10.74	1652260	18115540.00
2017/06/30	10.71	10.79	10.66	10.77	2177916	23782138.00
2017/07/03	10.80	10.93	10.79	10.89	2479424	27440810.00
2017/07/04	10.88	10.93	10.80	10.88	2126801	23486034.00
2017/07/05	10.90	10.93	10.81	10.92	3506422	38884332.00
2017/07/06	10.93	11.08	10.87	10.99	5203956	58160788.00
2017/07/07	11.00	11.03	10.84	10.92	3962909	44002972.00
2017/07/10	10.77	10.77	10.30	10.33	8544577	91056024.00
2017/07/11	10.20	10.31	10.12	10.15	3632750	37794180.00
2017/07/12	10.13	10.20	9.92	10.10	3101692	31801728.00
2017/07/13	10.10	10.17	9.96	10.13	2351888	24199836.00
2017/07/14	10.11	10.15	10.02	10.13	1627400	16743367.00
2017/07/17	10.11	10.11	9.31	9.54	4878439	47814280.00
2017/07/18	9.36	9.59	9.33	9.52	2635016	25473326.00
2017/07/19	9.49	9.62	9.42	9.60	1825287	17748868.00
2017/07/20	9.60	9.85	9.55	9.79	2516037	24976968.00
2017/07/21	9.79	9.81	9.69	9.72	1731900	17203642.00
2017/07/24	9.65	9.68	9.60	9.65	1977033	19445932.00
2017/07/25	9.62	9.67	9.52	9.57	1380174	13528486.00
2017/07/26	9.58	9.59	9.50	9.58	1296427	12629942.00
2017/07/27	9.53	9.89	9.53	9.82	2715650	27011390.00
2017/07/28	9.78	9.84	9.69	9.70	1874350	18634088.00
2017/07/31	9.70	9.77	9.58	9.59	3318636	32726992.00
2017/08/01	9.64	9.74	9.58	9.74	2496911	24621108.00
2017/08/02	9.70	9.80	9.55	9.57	1936425	19120628.00
2017/08/03	9.54	9.67	9.53	9.66	2536387	24888010.00
2017/08/04	9.63	9.76	9.61	9.70	2090200	20624194.00
2017/08/07	9.69	9.71	9.63	9.70	1579528	15584109.00
2017/08/08	9.69	9.70	9.60	9.64	1927879	18952266.00
2017/08/09	9.60	9.70	9.60	9.65	1492003	14694781.00
2017/08/10	9.65	9.68	9.41	9.46	2129592	20725026.00
2017/08/11	9.42	9.43	9.18	9.31	3538730	33480894.00
2017/08/14	9.30	9.52	9.21	9.48	1962145	18920674.00
2017/08/15	9.53	9.65	9.51	9.62	1590415	15534972.00
2017/08/16	9.60	9.78	9.55	9.71	2885505	28526802.00
2017/08/17	9.66	9.80	9.65	9.78	2685413	26683342.00
2017/08/18	9.70	9.95	9.70	9.78	2854902	28687114.00
2017/08/21	9.79	9.90	9.73	9.80	2139400	21389038.00
2017/08/22	9.82	9.88	9.71	9.78	1879152	18742608.00
2017/08/23	9.79	9.88	9.69	9.70	1535583	15299938.00
2017/08/24	9.70	9.72	9.53	9.54	1257502	12327485.00
2017/08/25	9.54	9.73	9.53	9.71	1514350	14879032.00
2017/08/28	9.70	9.86	9.60	9.83	3375873	33657784.00
2017/08/29	9.83	9.85	9.63	9.73	2275058	22596934.00
2017/08/30	9.72	9.78	9.66	9.71	1811792	17987498.00
2017/08/31	9.71	9.78	9.62	9.72	2368107	23402878.00
2017/09/01	9.72	9.90	9.66	9.83	3378925	33801996.00
2017/09/04	9.86	10.01	9.73	9.94	3308881	33436406.00
2017/09/05	9.90	10.25	9.88	10.06	5847692	60221884.00
2017/09/06	10.00	10.22	9.97	10.18	4971007	51392656.00
2017/09/07	10.19	10.42	10.08	10.14	6295809	65926524.00
2017/09/08	10.46	10.58	10.10	10.14	4366488	45597864.00
2017/09/11	10.02	10.14	9.97	10.02	4127716	42186020.00
2017/09/12	10.03	10.14	9.94	9.96	3017555	30845872.00
2017/09/13	9.97	10.04	9.88	9.99	1964552	19970340.00
2017/09/14	9.95	10.05	9.90	9.98	1954562	19909446.00
2017/09/15	9.98	10.04	9.87	9.91	1950551	19757690.00
2017/09/18	9.90	9.96	9.88	9.95	2020484	20444350.00
2017/09/19	9.91	9.99	9.82	9.84	2031042	20455496.00
2017/09/20	9.84	10.12	9.81	10.06	4084221	41639240.00
2017/09/21	10.08	10.22	9.92	9.95	4639825	47813392.00
2017/09/22	9.95	10.03	9.80	9.87	2467197	24862456.00
2017/09/25	9.86	10.03	9.80	9.83	2015463	20363164.00
2017/09/26	9.84	9.95	9.65	9.69	2116400	21004140.00
2017/09/27	9.76	10.29	9.67	9.99	3303724	33582452.00
2017/09/28	9.98	9.99	9.75	9.76	2538950	25564248.00
2017/09/29	9.77	9.87	9.77	9.81	1486192	14899334.00
2017/10/09	9.91	10.29	9.83	10.17	7444947	76634384.00
2017/10/10	10.15	10.19	10.03	10.18	4122528	42505704.00
2017/10/11	10.18	10.24	10.07	10.10	4057294	42002572.00
2017/10/12	10.14	10.20	9.95	10.10	3226860	33189274.00
2017/10/13	10.12	10.57	10.05	10.49	7578239	79829256.00
2017/10/16	10.31	10.35	10.00	10.05	7433970	76974720.00
2017/10/17	10.03	10.17	9.97	10.04	2402252	24641698.00
2017/10/18	10.04	10.12	9.79	9.79	3133790	31866392.00
2017/10/19	9.80	9.89	9.49	9.52	3674951	36042116.00
2017/10/20	9.52	9.64	9.42	9.60	1309467	12813998.00
2017/10/23	9.63	9.73	9.55	9.68	1712002	16829880.00
2017/10/24	9.70	9.70	9.58	9.64	1294889	12737910.00
2017/10/25	9.61	9.84	9.61	9.80	1715065	17071868.00
2017/10/26	9.80	9.81	9.69	9.71	1978982	19683470.00
2017/10/27	9.85	9.96	9.75	9.77	2769700	27864020.00
2017/10/30	9.66	9.71	9.41	9.64	2685823	26195730.00
2017/10/31	9.55	9.68	9.53	9.63	1173684	11503150.00
2017/11/01	9.69	9.71	9.57	9.65	2213790	21804522.00
2017/11/02	9.64	9.73	9.47	9.67	2768312	27141740.00
2017/11/03	9.55	9.63	9.50	9.51	1429116	13937167.00
2017/11/06	9.53	9.83	9.48	9.67	2591494	25623924.00
2017/11/07	9.60	9.65	9.48	9.59	2168050	21164078.00
2017/11/08	9.56	9.76	9.54	9.66	2605031	25694524.00
2017/11/09	9.75	9.75	9.62	9.66	1720821	16975878.00
2017/11/10	9.65	10.23	9.58	10.10	10192477	104039696.00
2017/11/13	10.04	10.13	9.88	10.06	5853841	59695972.00
2017/11/14	10.06	10.08	9.85	9.95	3112610	31673238.00
2017/11/15	9.95	10.15	9.90	10.00	3502753	35782192.00
2018/02/05	8.98	9.18	8.98	8.98	6169511	56661524.00
2018/02/06	8.79	9.07	8.06	8.06	6465795	55581648.00
2018/02/07	8.07	8.22	7.23	7.50	6385877	50041368.00
2018/02/13	7.75	8.06	7.58	7.79	3742555	29824912.00
2018/02/14	7.70	7.82	7.40	7.40	2300000	17998984.00
2018/02/22	7.46	8.16	7.46	7.95	3369349	27294252.00
2018/02/23	7.93	8.01	7.82	7.89	1924070	15611476.00
2018/02/26	7.91	8.30	7.91	8.08	2511028	20925558.00
2018/02/27	8.18	8.28	8.00	8.05	2704220	22495018.00
2018/02/28	8.00	8.20	7.98	8.13	2089697	17401304.00
2018/03/01	8.11	8.32	8.05	8.23	2407509	20238366.00
2018/03/02	8.17	8.49	8.17	8.32	2709596	23128200.00
2018/03/05	8.35	8.60	8.33	8.42	2689635	23247288.00
2018/03/06	8.45	8.56	8.35	8.52	2399184	20883856.00
2018/03/07	8.50	8.50	8.32	8.34	2290561	19673562.00
2018/03/08	8.35	8.44	8.34	8.39	1372295	11782340.00
2018/03/09	8.43	8.61	8.35	8.59	2840505	24867508.00
2018/03/12	8.82	9.00	8.70	8.71	3761300	33991032.00
2018/03/13	8.67	8.82	8.61	8.78	2212300	19738730.00
2018/03/14	8.84	8.89	8.62	8.63	2140502	19263224.00
2018/03/15	8.59	8.64	8.26	8.36	3506374	30225752.00
2018/03/16	8.36	8.50	8.36	8.39	2036785	17545878.00
2018/03/19	8.39	8.56	8.31	8.42	2080088	18002932.00
2018/03/20	8.27	8.54	8.27	8.53	2231612	19171004.00
2018/03/21	8.60	8.73	8.34	8.36	2161255	18903708.00
2018/03/22	8.35	8.56	8.33	8.34	1972617	17007574.00
2018/03/23	8.10	8.10	7.49	7.49	3836639	30584700.00
2018/03/26	7.10	7.79	7.10	7.75	2646695	20409846.00
2018/03/27	7.95	8.19	7.88	8.09	2906587	23942724.00
2018/03/28	7.90	8.18	7.90	8.14	2325802	19318194.00
2018/03/29	8.17	8.40	8.17	8.25	2650083	22537638.00
2018/03/30	8.28	8.55	8.28	8.44	3123152	26900104.00
2018/04/02	8.65	8.79	8.44	8.58	4531858	39905872.00
2018/04/03	8.50	8.53	8.24	8.38	3390632	29076000.00
2018/04/04	8.40	8.50	8.24	8.27	2427126	20803370.00
2018/04/09	8.27	8.34	8.01	8.26	2256472	18922894.00
2018/04/10	8.27	8.34	8.05	8.28	2376071	19978938.00
2018/04/11	8.32	8.49	8.24	8.40	2852007	24506984.00
2018/04/12	8.38	8.42	8.23	8.26	1992786	16957018.00
2018/04/13	8.28	8.40	8.20	8.25	1815300	15478350.00
2018/04/16	8.30	8.35	8.17	8.20	1658400	14027753.00
2018/04/17	8.22	8.28	7.83	7.89	2207039	18145798.00
2018/04/18	7.95	8.48	7.90	8.34	4087572	34254440.00
2018/04/19	8.34	8.75	8.30	8.71	8024851	70201696.00
2018/04/20	8.83	8.87	8.52	8.57	7210380	63836320.00
2018/04/23	8.44	9.29	8.44	9.18	12425438	113821944.00
2018/04/24	9.10	9.97	9.01	9.78	17191716	167680512.00
2018/04/25	9.90	10.00	9.47	9.68	12694437	126050360.00
2018/04/26	9.62	9.77	9.41	9.48	8281893	80790216.00
2018/04/27	9.52	9.60	9.25	9.32	6412172	61357340.00
2018/05/02	9.34	9.44	9.19	9.28	4788151	45347608.00
2018/05/03	9.39	9.72	9.22	9.69	7388790	71759600.00
2018/05/04	9.63	9.64	9.32	9.35	6016853	58401960.00
2018/05/07	9.30	9.47	9.10	9.38	6521514	61886428.00
2018/05/08	9.33	9.36	9.18	9.30	4981513	47175288.00
2018/05/09	9.32	9.45	9.24	9.28	3749582	35791408.00
2018/05/10	9.30	9.37	9.19	9.29	3153485	29838976.00
2018/05/11	9.30	9.33	9.08	9.13	3278770	30955350.00
2018/05/14	9.18	9.34	9.16	9.18	2660535	25112222.00
2018/05/15	9.27	9.27	9.04	9.25	2848602	26633844.00
2018/05/16	9.24	9.24	9.01	9.08	3240867	30106296.00
2018/05/17	9.14	9.18	8.91	8.96	2503881	23024148.00
2018/05/18	9.01	9.01	8.91	8.97	1666585	15257118.00
2018/05/21	9.10	9.33	9.02	9.32	4525752	42726076.00
2018/05/22	9.22	9.47	9.22	9.37	4622559	44134312.00
2018/05/23	9.37	9.45	9.28	9.30	3219678	30775570.00
2018/05/24	9.30	9.35	9.19	9.28	2220132	20964830.00
2018/05/25	9.30	9.42	9.25	9.28	3717830	35512692.00
2018/05/28	9.32	9.39	9.12	9.19	2383390	22610964.00
2018/05/29	9.12	9.12	8.76	8.78	3430068	31344396.00
2018/05/30	8.70	8.70	7.97	8.02	4036894	34543672.00
2018/05/31	8.17	8.45	8.08	8.27	2423030	20412514.00
2018/06/01	8.40	8.40	8.12	8.28	1884311	15941760.00
2018/06/04	8.46	8.59	8.35	8.46	1918156	16669311.00
2018/06/05	8.37	8.63	8.37	8.62	1981911	17403722.00
2018/06/06	8.63	8.80	8.56	8.74	2233623	19956526.00
2018/06/07	8.83	8.84	8.50	8.51	2397907	21370524.00
2018/06/08	8.51	8.85	8.51	8.78	3417644	30513462.00
2018/06/11	8.80	9.36	8.80	9.21	5371346	50393884.00
2018/06/12	9.25	9.29	8.82	9.13	4450408	41071952.00
2018/06/13	9.12	9.12	8.68	8.68	3129251	28392438.00
2018/06/14	8.68	8.84	8.48	8.84	2894639	25724528.00
2018/06/15	8.68	8.80	8.36	8.49	3200495	28030276.00
2018/06/19	8.40	8.40	7.62	7.73	3426590	28173376.00
2018/06/20	7.73	8.40	7.73	8.13	3183735	26356646.00
2018/06/21	8.12	8.29	7.98	8.02	2074840	17284460.00
2018/06/22	8.20	8.20	7.95	8.18	1945432	16197700.00
2018/06/25	8.22	8.34	8.06	8.21	1803340	15170555.00
2018/06/26	8.06	8.42	8.00	8.37	2397742	20319382.00
2018/06/27	8.36	8.40	8.22	8.31	1947361	16396616.00
2018/06/28	8.23	8.61	8.23	8.46	2969078	25294114.00
2018/06/29	8.40	8.81	8.35	8.75	3975700	34780920.00
2018/07/02	8.77	8.77	8.52	8.63	2995389	26163736.00
2018/07/03	8.66	8.86	8.50	8.77	2825237	24875896.00
2018/07/04	8.82	8.82	8.54	8.56	2202953	19280622.00
2018/07/05	8.58	8.73	8.49	8.52	2157450	18754924.00
2018/07/06	8.53	8.64	8.18	8.57	3289384	28246434.00
2018/07/09	8.60	8.77	8.57	8.75	2819155	24801538.00
2018/07/10	8.75	8.84	8.60	8.74	2197025	19338254.00
2018/07/11	8.61	8.62	8.22	8.48	3067673	26252232.00
2018/07/12	8.50	8.89	8.50	8.81	3992622	35315572.00
2018/07/13	8.78	9.05	8.75	8.97	4146563	37464428.00
2018/07/16	9.08	9.86	9.03	9.30	8129025	77491568.00
2018/07/17	9.32	9.55	9.21	9.44	6021065	57353248.00
2018/07/18	9.40	10.13	9.31	9.61	8541533	84373376.00
2018/07/19	9.50	9.70	9.31	9.45	5651348	54073720.00
2018/07/20	9.38	9.53	9.21	9.41	4429087	41976092.00
2018/07/23	9.41	9.50	9.31	9.42	3436735	32663136.00
2018/07/24	9.35	9.55	9.29	9.44	4065253	38758504.00
2018/07/25	9.50	10.08	9.39	9.83	8821629	86857128.00
2018/07/26	9.78	9.96	9.34	9.38	7586196	73714416.00
2018/07/27	9.24	9.29	9.02	9.14	4689898	43472108.00
2018/07/30	9.13	9.25	8.90	9.00	4587692	41778348.00
2018/07/31	9.02	9.06	8.91	9.05	2297533	20891106.00
2018/08/01	9.06	9.33	9.01	9.09	3389576	31431440.00
2018/08/02	9.05	9.05	8.44	8.61	4110373	36047364.00
2018/08/03	8.59	8.70	8.40	8.40	1715100	14865253.00
2018/08/06	8.45	8.60	8.25	8.54	2029175	17414380.00
2018/08/07	8.55	8.75	8.47	8.71	2224260	19449236.00
2018/08/08	8.68	8.75	8.38	8.40	2492570	21631538.00
2018/08/09	8.39	8.77	8.34	8.68	2514063	21987356.00
2018/08/10	8.65	8.80	8.62	8.73	2158550	18963884.00
2018/08/13	8.64	8.98	8.58	8.97	3269490	29158488.00
2018/08/14	9.06	9.17	8.91	9.15	4383161	40226336.00
2018/08/15	9.15	9.15	8.69	8.71	5209087	46860316.00
2018/08/16	8.60	8.73	8.40	8.54	3229911	28048190.00
2018/08/17	8.61	8.70	8.38	8.38	2717739	23415188.00
2018/08/20	8.29	8.61	8.29	8.58	2274227	19412874.00
2018/08/21	8.54	8.71	8.51	8.63	2240768	19564276.00
2018/08/22	8.62	8.67	8.48	8.54	1356582	11782389.00
2018/08/23	8.52	8.84	8.52	8.75	3312813	29274824.00
2018/08/24	8.75	8.87	8.73	8.80	2700525	24075762.00
2018/08/27	8.88	9.13	8.81	9.04	4063898	36952420.00
2018/08/28	8.98	9.10	8.90	8.94	3839400	34832360.00
2018/08/29	8.95	9.04	8.91	8.98	2482592	22538430.00
2018/08/30	8.98	9.03	8.79	8.89	2731358	24548484.00
2018/08/31	8.89	8.94	8.75	8.80	2229086	19929888.00
2018/09/03	8.72	8.93	8.53	8.93	2963250	26032636.00
2018/09/04	8.85	9.13	8.81	9.08	5775588	52768752.00
2018/09/05	9.07	9.12	8.96	8.99	3410382	31138858.00
2018/09/06	9.03	9.11	8.93	8.98	2705486	24681912.00
2018/09/07	8.98	9.15	8.80	8.89	3320129	30197858.00
2018/09/10	8.80	8.98	8.76	8.93	1984992	17747868.00
2018/09/11	8.89	9.12	8.80	9.09	3702749	33751988.00
2018/09/12	9.05	9.20	9.01	9.12	3021048	27848272.00
2018/09/13	9.19	9.24	9.04	9.15	2354100	21727482.00
2018/09/14	9.20	9.50	9.16	9.40	6353340	60170260.00
2018/09/17	9.32	9.49	9.10	9.36	4960932	46504580.00
2018/09/18	9.25	9.65	9.17	9.62	5645804	53764040.00
2018/09/19	9.56	9.71	9.45	9.57	5255352	50943464.00
2018/09/20	9.50	9.55	9.29	9.40	4241652	40270408.00
2018/09/21	9.43	9.52	9.35	9.49	3623105	34621368.00
2018/09/25	9.42	9.44	9.20	9.30	4036403	38106028.00
2018/09/26	9.30	9.49	9.23	9.40	4011665	37974368.00
2018/09/27	9.43	9.52	8.90	8.92	4949775	46174924.00
2018/09/28	8.96	9.14	8.85	9.12	4443998	40549180.00
2018/10/08	8.98	9.06	8.60	8.68	3580337	31981138.00
2018/10/09	8.71	8.82	8.60	8.66	2086979	18391970.00
2018/10/10	8.72	8.73	8.40	8.59	2393083	20735096.00
2018/10/11	8.23	8.23	7.72	7.72	4892300	39006552.00
2018/10/12	7.51	7.77	7.08	7.57	4640709	35038380.00
2018/10/15	7.58	7.84	7.45	7.65	3091432	24219950.00
2018/10/16	7.65	7.85	7.61	7.72	3069476	24108576.00
2018/10/17	7.80	7.88	7.48	7.73	2289163	17806682.00
2018/10/18	7.63	7.66	7.48	7.56	1754610	13446821.00
2018/10/19	7.48	7.84	7.43	7.82	2600079	20285618.00
2018/10/22	7.88	8.40	7.87	8.23	3622014	29926042.00
2018/10/23	8.38	8.40	8.11	8.13	3473313	29067306.00
2018/10/24	8.00	8.28	8.00	8.14	1824940	15034033.00
2018/10/25	7.90	8.27	7.80	8.24	2236589	18074804.00
2018/10/26	8.24	8.32	8.12	8.18	1984603	16523057.00
2018/10/29	8.17	8.29	8.10	8.18	1454943	12074056.00
2018/10/30	8.25	8.28	8.08	8.21	1630776	13518890.00
2018/10/31	8.25	8.40	8.22	8.28	1970922	16599190.00
2018/11/01	8.30	8.42	8.29	8.37	2903350	24531568.00
2018/11/02	8.40	8.50	8.38	8.49	3305965	28279278.00
2018/11/05	8.51	8.54	8.20	8.35	3421363	28883896.00
2018/11/06	8.33	8.36	8.12	8.30	1937367	16143420.00
2018/11/07	8.30	8.48	8.21	8.22	2199188	18623230.00
2018/11/08	8.35	8.39	8.25	8.29	2029864	17097190.00
2018/11/09	8.27	8.40	8.20	8.34	1968700	16484261.00
2018/11/12	8.32	8.51	8.21	8.51	2918266	24818132.00
2018/11/13	8.37	8.60	8.35	8.53	3160302	27140300.00
2018/11/14	8.48	8.63	8.45	8.48	2945959	25472056.00
2018/11/15	8.45	8.76	8.45	8.70	2885602	25238548.00
2018/11/16	8.72	8.87	8.70	8.86	3346406	29850026.00
2018/11/19	8.85	8.93	8.70	8.86	2510974	22403238.00
2018/11/20	8.86	8.92	8.55	8.62	2463944	21822364.00
2018/11/21	8.51	8.65	8.48	8.60	1455660	12615638.00
2018/11/22	8.59	8.71	8.54	8.67	1256400	10991622.00
2018/11/23	8.64	8.66	7.90	8.10	3102269	25907596.00
2018/11/26	8.06	8.24	8.03	8.14	1549949	12799630.00
2018/11/27	8.20	8.38	8.20	8.29	1458581	12242371.00
2018/11/28	8.26	8.78	8.22	8.73	3633951	31591070.00
2018/11/29	8.73	8.83	8.55	8.60	3287728	28922880.00
2018/11/30	8.59	8.64	8.31	8.49	2525419	21674920.00
2018/12/03	8.70	8.85	8.57	8.81	3348945	29681860.00
2018/12/04	8.80	8.86	8.72	8.84	2973109	26450814.00
2018/12/05	8.66	8.97	8.65	8.88	3314877	29525272.00
2018/12/06	8.79	8.98	8.70	8.77	3239709	28908346.00
2018/12/07	8.84	9.18	8.83	8.99	4940668	45063956.00
2018/12/10	8.90	9.05	8.85	8.85	2849755	25786734.00
2018/12/11	8.91	9.04	8.91	9.02	2861438	25989358.00
2018/12/12	9.04	9.10	8.81	8.86	2277099	20548468.00
2018/12/13	8.88	9.15	8.88	9.12	3181893	29058036.00
2018/12/14	9.12	9.19	8.67	8.69	3570561	31980580.00
2018/12/17	8.71	8.81	8.45	8.73	3097782	27119032.00
2018/12/18	8.67	8.75	8.42	8.57	3368490	29190490.00
2018/12/19	8.60	8.65	8.10	8.27	3962433	33356302.00
2018/12/20	8.27	8.36	8.17	8.25	2495322	20835926.00
2018/12/21	8.22	8.29	7.95	8.01	3388074	27743036.00
2018/12/24	8.10	8.42	8.06	8.38	3982974	33303112.00
2018/12/25	8.25	8.68	8.22	8.60	5270552	45106128.00
2018/12/26	8.56	8.73	8.46	8.48	3934827	34121624.00
2018/12/27	8.58	8.79	8.43	8.46	3942483	34374472.00
2018/12/28	8.48	8.58	8.25	8.49	2824695	24085460.00
2019/01/02	8.58	9.33	8.43	8.95	6716213	59917168.00
2019/01/03	9.00	9.69	8.91	9.18	13503060	126337440.00
2019/01/04	8.98	9.39	8.92	9.27	9003509	83298656.00
2019/01/07	9.27	9.58	9.12	9.43	10091715	95676616.00
2019/01/08	9.30	9.41	9.06	9.18	6783386	63244800.00
2019/01/09	9.18	10.11	9.13	10.11	25147816	250749280.00
2019/01/10	9.90	10.00	9.64	9.79	18262609	181073712.00
2019/01/11	9.71	9.97	9.55	9.65	12682121	124793352.00
2019/01/14	9.65	9.68	9.40	9.64	8269846	79426960.00
2019/01/15	9.53	9.65	9.36	9.61	9136624	87869360.00
2019/01/16	9.58	9.60	9.37	9.38	6789476	64914672.00
2019/01/17	9.36	9.38	9.02	9.09	10539408	97810184.00
2019/01/18	9.10	9.15	8.84	9.01	8735089	79380640.00
2019/01/21	9.09	9.26	9.01	9.16	6195007	57358340.00
2019/01/22	9.20	9.21	9.01	9.06	3813220	35053272.00
2019/01/23	9.11	9.35	9.00	9.35	8572105	79968496.00
2019/01/24	9.35	9.37	9.15	9.31	6923733	64953620.00
2019/01/25	9.25	9.31	9.06	9.08	5557271	51613748.00
2019/01/28	9.11	9.23	9.02	9.11	4101144	37900140.00
2019/01/29	9.09	9.16	8.40	8.51	6838189	60522532.00
2019/01/30	8.51	8.72	8.46	8.61	4782904	41722648.00
2019/01/31	8.65	8.82	8.20	8.54	5260745	45907572.00
2019/02/01	8.57	8.85	8.57	8.80	4506730	39895824.00
2019/02/11	8.79	9.25	8.76	9.25	7466416	68406912.00
2019/02/12	9.27	9.90	9.15	9.83	17589062	170621552.00
2019/02/13	10.06	10.26	9.78	10.13	23839994	243028592.00
2019/02/14	10.30	10.58	9.88	10.13	21412068	218772800.00
2019/02/15	10.02	10.23	9.88	9.88	14157043	143557776.00
2019/02/18	10.08	10.50	9.99	10.37	21756429	225920192.00
2019/02/19	10.54	11.42	10.18	11.31	45505296	501856448.00
2019/02/20	10.56	10.96	10.56	10.74	27782775	301588320.00
2019/02/21	10.60	11.08	10.31	10.51	24427748	264477664.00
2019/02/22	10.48	10.87	10.43	10.79	17806844	192744528.00
2019/02/25	11.36	11.87	10.90	11.47	29739867	342461408.00
2019/02/26	11.40	11.40	10.93	11.00	22975034	257598032.00
2019/02/27	10.90	11.22	10.81	11.07	13573787	151372352.00
2019/02/28	11.04	11.14	10.82	10.97	9482681	105109752.00
2019/03/01	10.98	11.08	10.60	10.83	10448010	113557536.00
2019/03/04	10.95	11.19	10.81	10.91	16712487	185878032.00
2019/03/05	10.94	11.36	10.78	11.33	19656177	222394960.00
2019/03/06	11.33	11.38	11.07	11.30	16379063	185098752.00
2019/03/07	11.20	11.72	11.12	11.62	21702423	249404864.00
2019/03/08	11.31	12.55	11.15	11.56	24135393	288164448.00
2019/03/11	11.61	12.28	11.61	12.22	21311454	257232000.00
2019/03/12	12.28	12.34	11.81	12.23	19211447	233988816.00
2019/03/13	12.11	12.11	11.52	11.58	14143106	168362752.00
2019/03/14	11.28	11.47	10.60	10.89	13336701	147179536.00
2019/03/15	10.80	10.99	10.66	10.84	8423954	92224992.00
2019/03/18	10.85	11.15	10.76	11.14	6655860	73537232.00
2019/03/19	11.06	11.35	10.98	11.17	6728206	75499616.00
2019/03/20	11.28	11.34	10.81	11.06	8289930	92622432.00
2019/03/21	11.09	11.24	10.99	11.11	8176723	92003648.00
2019/03/22	11.06	11.42	11.00	11.38	9742054	110186480.00
2019/03/25	11.18	11.65	11.08	11.58	11823337	137028800.00
2019/03/26	11.60	11.69	11.13	11.19	8592893	98470144.00
2019/03/27	11.25	11.30	10.82	11.09	6954661	77207736.00
2019/03/28	10.95	11.37	10.84	11.04	7204593	81237456.00
2019/03/29	11.01	11.25	10.78	11.23	7660615	85734200.00
2019/04/01	11.32	11.73	11.32	11.70	11973980	139380208.00
2019/04/02	11.80	11.84	11.53	11.78	11530446	135899840.00
2019/04/03	11.75	12.13	11.65	11.94	11962151	144323136.00
2019/04/04	11.96	12.11	11.76	11.77	11353257	136275584.00
2019/04/08	11.88	11.97	11.56	11.86	10580501	125702768.00
2019/04/09	11.80	12.03	11.62	11.86	7819727	93533456.00
2019/04/10	11.73	11.77	11.47	11.54	8373700	97876288.00
2019/04/11	11.59	11.62	11.00	11.05	8759796	99617608.00
2019/04/12	11.13	11.28	11.07	11.25	4716853	53132560.00
2019/04/15	11.33	11.66	11.20	11.29	7343012	85063720.00
2019/04/16	11.17	12.06	11.12	12.00	14475470	172038384.00
2019/04/17	12.36	12.39	11.78	12.18	17347612	210848192.00
2019/04/18	11.91	12.60	11.77	12.31	22966462	285360160.00
2019/04/19	12.00	12.31	11.85	12.09	11782474	142856784.00
2019/04/22	12.05	12.42	11.81	11.94	11707241	143547728.00
2019/04/23	11.89	12.05	11.60	11.75	7366865	87866336.00
2019/04/24	11.57	11.57	11.02	11.20	13008224	147294928.00
2019/04/25	11.15	11.28	10.30	10.41	10253744	112153376.00
2019/04/26	10.35	10.47	10.08	10.14	7954862	82635016.00
2019/04/29	10.16	10.23	9.54	9.67	8555753	84801408.00
2019/04/30	9.72	9.86	9.62	9.72	4319638	42553280.00
2019/05/06	9.49	9.49	8.74	8.74	7251520	66458548.00
2019/05/07	8.69	9.07	8.69	9.07	5947410	53375744.00
2019/05/08	8.84	9.18	8.76	8.94	5660911	51531352.00
2019/05/09	8.77	9.08	8.77	8.92	3605453	32687852.00
2019/05/10	9.12	9.30	8.68	9.22	8687536	79946592.00
2019/05/24	10.09	10.15	9.70	10.15	8252647	83766840.00
2019/05/27	10.10	10.56	9.80	10.36	19836790	205073360.00
2019/05/28	10.05	11.01	9.93	10.47	17261438	179595264.00
2019/05/29	10.28	10.73	10.18	10.32	12629926	133276976.00
2019/05/30	10.22	10.33	9.76	9.96	9622371	96686128.00
2019/05/31	9.90	10.15	9.83	10.11	6879319	69703184.00
2019/06/03	10.08	10.15	9.70	9.82	6789493	67904368.00
2019/06/04	9.90	10.01	9.30	9.49	6468627	62801848.00
2019/06/05	9.73	9.82	9.51	9.59	6587450	63727812.00
2019/06/06	9.65	9.65	9.12	9.16	6128458	57220500.00
2019/06/10	9.38	9.59	9.23	9.48	5905622	55711020.00
2019/06/11	10.01	10.15	9.70	9.90	9294389	92047992.00
2019/06/12	9.79	10.21	9.79	10.00	9652331	96762416.00
2019/06/13	9.94	10.14	9.79	9.88	6442077	63930004.00
2019/06/14	9.85	9.94	9.43	9.45	6031980	58356448.00
2019/06/17	9.46	9.58	9.36	9.44	2887246	27292424.00
2019/06/18	9.41	9.47	9.15	9.23	3779289	34892788.00
2019/06/19	9.44	10.15	9.42	9.73	10930920	107525336.00
2019/06/20	9.68	9.77	9.40	9.73	8059944	77414008.00
2019/06/21	9.90	10.04	9.70	9.92	7525701	74518480.00
2019/06/24	9.89	10.10	9.80	10.00	4904738	48775412.00
2019/06/25	9.91	10.03	9.81	9.96	4558899	45260520.00
2019/06/26	9.93	10.02	9.83	9.86	3613948	35912908.00
2019/06/27	9.86	10.27	9.86	10.16	9907678	100017024.00
2019/06/28	10.18	10.25	9.84	9.93	6148142	61317384.00
2019/07/01	10.28	10.92	10.16	10.92	22716259	241905664.00
2019/07/02	10.92	10.92	10.37	10.56	19885374	210539088.00
2019/07/03	10.42	10.55	10.18	10.31	8756475	90475736.00
2019/07/04	10.28	10.39	10.23	10.33	6985299	72097504.00
2019/07/05	10.34	10.42	10.08	10.15	6689487	68627080.00
2019/07/08	10.11	10.11	9.45	9.50	8137049	78814544.00
2019/07/09	9.50	9.60	9.25	9.58	4357940	41160536.00
2019/07/10	9.60	10.08	9.51	9.75	6998674	68141296.00
2019/07/11	9.85	9.86	9.53	9.58	5246087	50913780.00
2019/07/12	9.50	9.80	9.50	9.78	6062312	58724752.00
2019/07/15	9.70	9.91	9.51	9.85	5878960	57382356.00
2019/07/16	9.88	10.28	9.76	10.04	9486873	95155256.00
2019/07/17	10.04	10.78	10.00	10.51	18349622	190009872.00
2019/07/18	10.20	10.30	10.09	10.09	10494569	106797568.00
2019/07/19	10.15	10.23	9.92	9.95	6774823	68206544.00
2019/07/22	9.96	10.07	9.52	9.72	5060011	49385476.00
2019/07/23	9.60	10.04	9.58	9.96	5688333	56346924.00
2019/07/24	9.95	10.25	9.95	10.19	7382212	75012040.00
2019/07/25	10.19	10.52	10.15	10.42	12894541	133865936.00
2019/07/26	10.40	10.40	10.19	10.26	8598440	88338880.00
2019/07/29	10.27	10.66	10.27	10.49	12883164	135420464.00
2019/07/30	10.45	10.58	10.40	10.47	8922447	93403424.00
2019/07/31	10.48	10.54	10.26	10.30	7490611	77838360.00
2019/08/01	10.26	10.98	10.26	10.75	21419919	229809680.00
2019/08/02	10.46	10.79	10.21	10.78	16429146	172243840.00
2019/08/05	10.79	11.00	10.51	10.61	14871313	159782304.00
2019/08/06	10.25	10.49	9.81	10.44	11519103	117507048.00
2019/08/07	10.43	11.26	10.37	10.88	19795441	215005888.00
2019/08/08	10.77	11.13	10.75	10.81	14518841	158000000.00
2019/08/09	10.81	11.24	10.78	11.05	22743234	250486784.00
2019/08/12	11.10	11.68	10.87	11.55	27888320	315443392.00
2019/08/13	11.28	11.55	11.20	11.52	18054822	205624960.00
2019/08/14	11.76	11.86	11.23	11.23	20153480	232117968.00
2019/08/15	10.75	11.55	10.66	11.52	15398967	171226688.00
2019/08/16	11.36	11.68	11.19	11.23	13565969	155235552.00
2019/08/19	11.45	11.79	11.35	11.67	17650761	204649296.00
2019/08/20	11.75	12.12	11.63	11.79	18556472	219975984.00
2019/08/21	11.67	12.24	11.63	12.16	17113413	204949728.00
2019/08/22	12.08	12.16	11.78	12.08	16013343	191845456.00
2019/08/23	11.99	12.03	11.56	11.64	16207781	190411840.00
2019/08/26	11.29	11.88	11.26	11.69	10319580	119869184.00
2019/08/27	11.81	11.91	11.60	11.69	10734782	126221864.00
2019/08/28	11.72	11.76	11.41	11.46	9595510	110652080.00
2019/08/29	11.50	11.72	11.45	11.56	7716955	89416392.00
2019/08/30	11.59	11.88	11.07	11.17	12642539	146432048.00
2019/09/02	11.36	11.91	11.25	11.87	13881693	161851152.00
2019/09/03	11.85	12.05	11.69	11.95	12525871	148696736.00
2019/09/04	11.88	12.30	11.84	12.05	15523887	187073696.00
2019/09/05	12.15	12.97	12.13	12.41	25943895	324068576.00
2019/09/06	12.50	12.99	12.29	12.54	20867661	262718000.00
2019/09/09	12.76	13.16	12.54	12.99	21751184	280339840.00
2019/09/10	12.84	12.96	12.43	12.63	17885662	226355312.00
2019/09/11	12.75	12.79	12.50	12.61	11572799	146446304.00
2019/09/12	12.75	12.76	12.55	12.72	10501045	133097024.00
2019/09/16	12.76	13.31	12.52	13.22	20175122	261983408.00
2019/09/17	13.10	13.10	12.31	12.50	17010023	215736816.00
2019/09/18	12.57	12.70	12.32	12.57	9715811	121857176.00
2019/09/20	12.82	12.98	12.40	12.65	15722638	199732976.00
2019/09/23	12.42	12.50	12.05	12.30	13027163	159679536.00
2019/09/24	12.37	12.58	12.24	12.42	11512394	142728384.00
2019/09/25	12.38	12.38	11.69	11.80	12019020	143981040.00
2019/09/26	11.84	11.91	10.97	11.00	11065783	125476568.00
2019/09/27	11.12	11.54	11.06	11.33	8422968	95343480.00
2019/09/30	11.40	11.55	11.02	11.12	6567330	73756280.00
2019/10/08	11.16	11.26	10.95	11.15	5551430	61771096.00
2019/10/09	11.06	11.46	10.96	11.40	6249025	70400752.00
2019/10/10	11.38	12.02	11.35	11.95	10175221	119080544.00
2019/10/11	11.95	12.15	11.73	11.77	14507243	172821472.00
2019/10/14	11.86	11.94	11.65	11.81	11390259	134342000.00
2019/10/15	12.17	12.40	11.86	12.04	15937601	193502688.00
2019/10/16	12.06	12.30	11.91	12.04	10247667	124164944.00
2019/10/17	12.06	12.14	11.85	11.97	5810797	69697104.00
2019/10/18	12.00	12.16	11.69	11.72	6847108	81707608.00
2019/10/21	11.70	12.17	11.08	12.17	8020155	93980632.00
2019/10/22	12.15	12.36	12.07	12.33	9375896	114798608.00
2019/10/23	12.38	12.58	12.20	12.43	10940579	135902224.00
2019/10/24	12.62	12.73	12.13	12.35	12562567	156249008.00
2019/10/25	12.20	12.31	11.96	12.22	8123956	98659608.00
2019/10/28	12.06	12.76	11.92	12.71	13503077	168303936.00
2019/10/29	12.98	12.98	11.95	11.97	17501227	216731728.00
2019/10/30	11.80	12.14	11.63	11.82	10338777	123019512.00
2019/10/31	11.82	11.96	11.48	11.58	7672195	89916936.00
2019/11/01	11.50	11.82	11.47	11.71	6393399	74605648.00
2019/11/04	11.76	12.05	11.67	11.90	6448800	76902376.00
2019/11/05	11.96	12.02	11.76	11.94	4892042	58342836.00
2019/11/06	11.95	11.96	11.22	11.38	10379285	119488992.00
2019/11/07	11.35	11.55	11.31	11.43	4873808	55756728.00
2019/11/08	11.55	11.80	11.50	11.54	6794813	79222264.00
2019/11/11	11.50	11.50	11.03	11.20	5323334	59951980.00
2019/11/12	11.28	11.28	10.85	11.14	4989125	55087944.00
2019/11/13	11.08	11.14	10.93	11.01	4112736	45378368.00
2019/11/14	11.09	11.65	10.93	11.47	8498703	96054096.00
2019/11/15	11.35	11.70	11.21	11.35	8905047	102095840.00
2019/11/18	11.21	11.56	11.12	11.39	6214167	70840544.00
2019/11/19	11.39	11.72	11.15	11.68	9140490	105379888.00
2019/11/20	11.71	11.80	11.55	11.69	8583528	100254016.00
2019/11/21	11.65	11.75	11.41	11.50	7385757	85478696.00
2019/11/22	11.57	11.95	11.51	11.71	11264278	131889832.00
2019/11/25	11.70	11.70	11.20	11.33	7981120	90474680.00
2019/11/26	11.18	11.37	11.12	11.21	4474237	50270676.00
2019/11/27	11.14	11.42	11.10	11.30	5281772	59577084.00
2019/11/28	11.30	11.43	11.19	11.35	4057165	45941004.00
2019/11/29	11.43	11.85	11.31	11.85	13032698	152426128.00
2019/12/02	11.95	12.32	11.76	12.19	13048860	158160784.00
2019/12/03	12.06	12.50	12.06	12.43	13280639	163852384.00
2019/12/04	12.30	12.67	12.30	12.64	13944275	174843312.00
2019/12/05	12.61	12.94	12.50	12.73	16225454	206432784.00
2019/12/06	12.72	13.49	12.70	13.33	24359883	320085120.00
2019/12/09	13.42	13.53	13.14	13.23	16455007	219174880.00
2019/12/10	13.17	13.48	13.11	13.34	14901547	198431312.00
2019/12/11	13.33	13.75	13.17	13.48	16197216	218091136.00
2019/12/12	13.49	14.10	13.37	13.61	16911013	232482496.00
2019/12/13	13.64	13.78	13.44	13.62	11217730	152566576.00
2019/12/16	13.50	14.24	13.49	14.11	13205522	185160448.00
2019/12/17	14.23	14.28	13.91	14.09	13331292	188081472.00
2019/12/18	14.09	14.68	14.09	14.42	14179898	204288560.00
2019/12/19	14.70	14.74	14.15	14.22	8358787	119788920.00
2019/12/20	14.25	14.71	14.21	14.38	13181461	190347616.00
2019/12/23	14.09	14.10	13.68	13.69	15652843	216867344.00
2019/12/24	13.76	15.05	13.69	14.95	22185735	323487232.00
2019/12/25	14.93	15.03	14.61	14.93	15285769	226441584.00
2019/12/26	14.81	14.92	14.25	14.45	16368222	237446608.00
2019/12/27	14.75	15.12	14.15	14.30	20726499	304242944.00
2019/12/30	13.89	14.36	13.77	13.99	14851854	208241200.00
2019/12/31	14.00	14.27	13.78	13.92	8722604	121797056.00
2020/01/02	14.05	14.57	13.87	14.40	12075118	173033408.00
2020/01/03	14.48	14.67	14.25	14.46	9883808	142879728.00
2020/01/06	14.40	14.62	14.15	14.50	15085769	217308848.00
2020/01/07	14.57	14.66	14.14	14.26	15830026	225736912.00
2020/01/08	14.10	14.29	13.87	13.94	12151044	170676784.00
2020/01/09	14.10	14.34	14.02	14.15	10068136	142639440.00
2020/01/10	14.22	14.46	14.14	14.26	10835081	154849600.00
2020/01/13	14.28	15.07	14.28	14.95	20778366	305767360.00
2020/01/14	15.08	15.15	14.38	14.43	16276303	239726624.00
2020/01/15	14.38	14.81	14.31	14.57	10718465	156078112.00
2020/01/16	14.54	14.68	14.20	14.44	9933940	143106848.00
2020/01/17	14.50	15.05	14.49	14.71	15264030	226480848.00
数据来源:通达信
