002439 启明星辰 日线 前复权
      日期	    开盘	    最高	    最低	    收盘	    成交量	    成交额
2013/09/02	5.99	6.26	5.96	6.09	2074710	53122656.00
2013/09/03	6.06	6.23	6.04	6.19	1978726	50940312.00
2013/09/04	6.16	6.27	6.11	6.12	1996989	51497336.00
2013/09/05	6.09	6.41	5.95	6.40	3282843	84606256.00
2013/09/06	6.34	6.53	6.22	6.44	2920287	77705480.00
2013/09/09	6.31	6.39	5.99	6.11	5214987	133707816.00
2013/09/10	6.11	6.11	5.77	5.84	4463259	109874352.00
2013/09/11	5.84	5.87	5.43	5.66	4418304	103791568.00
2013/09/12	5.61	5.76	5.47	5.54	3071918	71777816.00
2013/09/13	5.54	5.85	5.43	5.78	3589096	85374056.00
2013/09/16	5.76	5.91	5.67	5.79	3271458	79057200.00
2013/09/17	5.79	5.89	5.70	5.82	2695417	65422600.00
2013/09/18	5.80	5.88	5.69	5.72	1688181	40535444.00
2013/09/23	5.89	6.31	5.89	6.31	7320772	187492240.00
2013/09/24	6.43	6.78	6.32	6.76	7686634	211798544.00
2013/09/25	6.74	6.74	6.56	6.63	3871871	106812128.00
2013/09/26	6.59	6.59	6.29	6.35	3530222	94532904.00
2013/09/27	6.35	6.48	6.29	6.37	1849206	49292064.00
2013/09/30	6.39	6.79	6.39	6.58	3663776	101136488.00
2013/10/08	6.62	7.19	6.56	6.91	4654242	133902768.00
2013/10/09	6.89	7.09	6.81	7.01	2571270	74462336.00
2013/10/10	7.00	7.00	6.61	6.67	3067763	86126856.00
2013/10/11	6.69	6.86	6.50	6.55	2438633	67320152.00
2013/10/14	6.58	6.99	6.44	6.99	3926910	110746440.00
2013/10/15	6.97	7.10	6.79	6.82	2280049	65637432.00
2013/10/16	6.76	6.79	6.34	6.36	3542889	95200128.00
2013/10/17	6.38	6.60	6.29	6.37	2148237	57670236.00
2013/10/18	6.35	6.82	6.35	6.79	3145694	87032976.00
2013/10/21	6.84	7.40	6.84	7.16	5652109	169128288.00
2013/10/22	7.12	7.32	7.05	7.24	3751438	112012400.00
2013/10/23	7.15	7.15	6.49	6.90	4361824	121857768.00
2013/10/24	6.83	6.91	6.69	6.84	1224010	34644708.00
2013/10/25	6.83	6.98	6.21	6.36	3059440	82298208.00
2013/10/28	6.36	6.46	5.81	5.85	4882715	122648680.00
2013/10/29	5.84	5.93	5.45	5.91	4127572	98795040.00
2013/10/30	5.81	6.10	5.74	6.05	3815729	95200384.00
2013/10/31	6.07	6.15	5.89	6.02	2241047	56180632.00
2013/11/01	5.94	5.98	5.79	5.92	1549030	38020176.00
2013/11/04	5.89	6.03	5.82	5.92	1556041	38730048.00
2013/11/05	5.86	6.09	5.69	6.05	1432522	35359636.00
2013/11/06	6.03	6.29	5.99	6.01	1964195	50511764.00
2013/11/07	5.99	6.03	5.76	5.76	1369574	33755728.00
2013/11/08	5.73	5.81	5.61	5.66	1364717	32435954.00
2013/11/11	5.70	5.82	5.56	5.76	1051298	25105212.00
2013/11/12	5.66	5.85	5.64	5.79	714780	17183838.00
2013/11/13	6.24	6.33	6.05	6.09	4526742	116611464.00
2013/11/14	6.10	6.72	6.03	6.72	5728600	153684464.00
2013/11/15	6.85	7.38	6.74	7.11	10093516	294874400.00
2013/11/18	7.19	7.43	6.97	7.11	9144560	273135744.00
2013/11/19	7.02	7.07	6.90	6.93	6232263	180474368.00
2013/11/20	6.94	7.20	6.90	6.98	5794391	169216864.00
2013/11/21	6.86	6.86	6.55	6.62	4978044	137867232.00
2013/11/22	6.66	6.76	6.57	6.63	2534890	70272872.00
2013/11/25	6.64	6.76	6.49	6.51	2728302	75262984.00
2013/11/26	6.53	6.82	6.52	6.67	4056558	112781064.00
2013/11/27	6.68	7.01	6.66	6.99	4873453	139564256.00
2013/11/28	7.00	7.13	6.87	6.89	3565568	103576768.00
2013/11/29	6.89	7.31	6.86	7.24	3834712	113854736.00
2013/12/02	6.90	6.91	6.49	6.49	5033297	138617552.00
2013/12/03	6.26	6.71	6.04	6.59	3833159	101401376.00
2013/12/04	6.54	6.72	6.41	6.47	3401298	92627160.00
2013/12/05	6.46	6.61	6.41	6.46	1792432	48575740.00
2013/12/06	6.41	6.54	6.41	6.53	1627810	44088172.00
2013/12/09	6.58	6.76	6.58	6.74	2625787	72975928.00
2013/12/10	6.74	6.86	6.61	6.86	2859038	80480608.00
2013/12/11	6.81	7.21	6.81	7.13	4845745	142067856.00
2013/12/12	7.06	7.26	6.94	7.21	3549143	105133920.00
2013/12/13	7.12	7.27	7.06	7.19	2273413	67785992.00
2013/12/16	7.16	7.27	6.91	7.25	3294766	96995568.00
2013/12/17	7.18	7.63	6.99	7.50	4153902	127502936.00
2013/12/18	7.43	7.54	7.24	7.43	2294990	70335264.00
2013/12/19	7.46	7.54	7.25	7.38	2150915	66167224.00
2013/12/20	7.36	7.43	7.06	7.35	2758401	83347552.00
2013/12/23	7.39	7.41	6.93	7.16	2489359	73480736.00
2013/12/24	7.16	7.91	7.07	7.91	7256641	234478528.00
2013/12/25	8.02	8.19	7.89	8.11	4410184	146436016.00
2013/12/26	8.06	8.22	7.76	7.87	4361293	145031568.00
2013/12/27	7.86	8.23	7.80	8.06	3263085	108179712.00
2013/12/30	8.04	8.36	7.94	7.99	3039187	101875352.00
2013/12/31	7.81	7.96	7.49	7.71	2914221	92816568.00
2014/01/02	7.70	8.11	7.61	7.99	1656608	54148216.00
2014/01/03	7.98	8.07	7.79	8.01	1680186	54903536.00
2014/01/06	8.01	8.35	7.74	7.91	3281268	109377552.00
2014/01/07	7.78	7.91	7.62	7.73	1867634	59943872.00
2014/01/08	7.73	8.53	7.71	8.53	5453608	186091760.00
2014/01/09	8.36	8.58	8.28	8.36	5309455	184516816.00
2014/01/10	8.35	8.39	7.49	7.49	7291317	233155632.00
2014/01/13	7.66	8.03	7.59	7.84	4010267	129574216.00
2014/01/14	7.75	7.99	7.74	7.89	2554763	82905744.00
2014/01/15	7.88	8.04	7.81	8.03	1970150	64463756.00
2014/01/16	8.04	8.53	7.89	7.89	3267864	110514224.00
2014/01/17	7.89	7.89	7.52	7.71	2990532	95038272.00
2014/01/20	7.69	7.84	7.61	7.79	1719915	55177784.00
2014/01/21	7.71	8.20	7.69	8.16	1943340	63736688.00
2014/01/22	8.37	8.49	8.13	8.25	4073795	139736944.00
2014/01/23	8.19	8.42	8.01	8.34	5081874	172881376.00
2014/01/24	8.28	8.86	8.15	8.71	6191449	221257856.00
2014/01/27	8.58	9.40	8.58	9.38	5818219	217463536.00
2014/01/28	9.25	9.39	9.02	9.34	3420712	130196056.00
2014/01/29	9.33	9.41	9.07	9.29	2421666	92382152.00
2014/01/30	9.28	9.36	8.91	9.24	2285058	85880672.00
2014/02/07	9.21	9.64	8.94	9.57	3672911	142413808.00
2014/02/10	9.56	9.73	9.36	9.58	3283010	128482600.00
2014/02/11	9.49	9.56	9.04	9.18	3385473	128588504.00
2014/02/12	9.21	9.31	8.94	9.31	2726330	102358848.00
2014/02/13	9.36	9.41	8.65	8.69	3456142	127137360.00
2014/02/14	8.61	8.83	8.43	8.83	3579406	127485560.00
2014/02/17	8.82	9.35	8.76	9.24	3413404	128034600.00
2014/02/18	9.24	9.30	8.96	9.08	3105434	116980296.00
2014/02/19	9.13	9.79	9.13	9.64	5807368	227313744.00
2014/02/20	9.60	9.60	9.07	9.14	3322235	125956376.00
2014/02/21	9.06	9.34	8.97	9.11	2403465	90671096.00
2014/02/24	9.09	9.23	8.82	9.18	2326514	85736664.00
2014/02/25	9.19	9.46	8.54	8.66	4357197	163369216.00
2014/02/26	8.49	8.78	8.19	8.56	2698482	94640584.00
2014/02/27	8.57	8.81	8.28	8.38	2364459	83006936.00
2014/02/28	9.24	9.24	8.73	9.08	5659167	209072352.00
2014/03/03	8.93	9.44	8.87	9.26	4055960	152581088.00
2014/03/04	9.11	9.11	8.75	9.00	2611118	95836640.00
2014/03/05	8.94	9.06	8.69	8.76	1858245	67644232.00
2014/03/06	8.69	8.74	8.38	8.53	1575124	55378724.00
2014/03/07	8.51	8.78	8.50	8.68	1196599	42550356.00
2014/03/10	8.66	8.66	8.41	8.48	2137815	74924152.00
2014/03/11	8.41	8.48	7.89	8.21	3380825	112766152.00
2014/03/12	8.11	8.14	7.74	8.00	2435698	79824648.00
2014/03/13	7.99	8.19	7.94	8.16	1313081	43724272.00
2014/03/14	8.04	8.47	8.04	8.26	1889002	64532356.00
2014/03/17	8.37	8.45	8.15	8.43	2183169	74743360.00
2014/03/18	8.43	8.86	8.35	8.64	2283560	81566176.00
2014/03/19	8.63	8.94	8.63	8.83	2517036	91243872.00
2014/03/20	8.83	8.86	7.98	7.98	3536402	123880544.00
2014/03/21	7.91	8.39	7.59	8.21	3154806	104045856.00
2014/03/24	8.61	8.65	8.20	8.24	3480748	121030472.00
2014/03/25	8.20	8.53	8.19	8.45	1368497	47520676.00
2014/03/26	8.45	8.51	8.31	8.47	1156658	40189796.00
2014/03/27	8.45	8.45	7.95	7.95	1529364	51726860.00
2014/03/28	7.95	8.06	7.14	7.24	2549604	79808856.00
2014/03/31	7.43	7.59	7.31	7.52	2786256	86066184.00
2014/04/01	7.51	8.13	7.51	8.07	2364583	77381312.00
2014/04/02	8.06	8.19	8.00	8.12	1465188	49058896.00
2014/04/03	8.21	8.21	7.96	7.99	1030672	34299828.00
2014/04/04	8.05	8.05	7.84	7.97	1251569	40996604.00
2014/04/08	7.93	7.97	7.66	7.96	1119097	36168844.00
2014/04/09	8.00	8.20	7.99	8.16	1189559	39884268.00
2014/04/10	8.23	8.80	8.11	8.51	3284240	114841808.00
2014/04/11	8.39	8.51	8.24	8.44	1524761	52632692.00
2014/04/14	8.43	8.68	8.29	8.62	1882451	65954532.00
2014/04/15	8.58	8.82	8.56	8.65	1842336	66216596.00
2014/04/16	8.65	8.86	8.44	8.52	1767817	63087020.00
2014/04/17	8.44	8.62	8.40	8.46	899183	31359072.00
2014/04/18	8.41	8.49	8.36	8.44	722290	25075056.00
2014/04/21	8.44	8.64	8.34	8.43	1282498	45082712.00
2014/04/22	8.37	8.45	8.07	8.24	926052	31439380.00
2014/04/23	8.21	8.33	8.13	8.14	602025	20335172.00
2014/04/24	8.13	8.13	7.91	8.01	764547	25326946.00
2014/04/25	7.86	8.03	7.79	7.81	888675	29033700.00
2014/04/28	7.81	7.86	7.23	7.27	1527954	46675708.00
2014/04/29	7.33	7.44	7.24	7.35	929410	28300886.00
2014/04/30	7.36	7.46	7.24	7.44	1200325	36620500.00
2014/05/05	7.42	7.44	7.25	7.41	693548	21199486.00
2014/05/06	7.41	7.73	7.36	7.54	1564002	49283820.00
2014/05/07	7.55	7.55	7.32	7.32	666775	20396766.00
2014/05/08	7.33	7.56	7.33	7.41	1008403	31054066.00
2014/05/09	7.41	7.46	6.94	7.00	1423299	41781400.00
2014/05/12	7.00	7.11	6.86	7.09	972116	28272492.00
2014/05/13	7.14	7.29	7.09	7.20	1247598	37246252.00
2014/05/14	7.14	7.25	7.05	7.21	1269719	18811426.00
2014/05/15	7.22	7.45	7.01	7.05	2423752	36164804.00
2014/05/16	7.01	7.11	6.81	7.08	2422633	34884340.00
2014/05/19	7.11	7.13	6.91	6.98	945475	13620883.00
2014/05/20	7.07	7.44	7.07	7.23	3540455	53130184.00
2014/05/21	7.26	7.67	7.26	7.64	5861819	90981120.00
2014/05/22	7.58	8.34	7.58	8.06	8916094	148213008.00
2014/05/23	8.26	8.76	8.07	8.71	16052702	276482336.00
2014/05/26	8.56	9.17	8.43	8.70	11120504	201392992.00
2014/05/27	8.85	8.97	8.61	8.76	6912336	124801776.00
2014/05/28	8.81	9.25	8.81	9.18	11455315	213642208.00
2014/05/29	9.16	9.60	9.01	9.26	12829550	244539440.00
2014/05/30	9.26	9.50	8.85	9.21	8386136	157716080.00
2014/06/03	9.05	9.06	8.66	8.98	5981945	109833000.00
2014/06/04	8.95	9.36	8.76	9.26	7199845	135243664.00
2014/06/05	9.21	9.22	8.98	9.21	4644753	86990056.00
2014/06/06	9.21	9.51	9.06	9.11	6502096	123939720.00
2014/06/09	8.86	9.04	8.77	8.81	4274578	77841704.00
2014/06/10	8.82	9.05	8.64	8.99	5996495	109558392.00
2014/06/11	9.01	9.16	8.90	9.05	5324627	98514528.00
2014/06/12	9.06	9.15	8.81	9.00	4708631	86677024.00
2014/06/13	8.98	9.40	8.86	9.23	7368724	138942208.00
2014/06/18	9.56	10.18	9.33	10.02	17575347	359579296.00
2014/06/19	9.66	9.94	9.05	9.46	10313960	201525648.00
2014/06/20	9.31	9.66	9.21	9.46	3148908	61103788.00
2014/06/23	9.59	9.75	9.47	9.59	4681625	92424840.00
2014/06/24	9.56	9.82	9.56	9.71	4114514	81774400.00
2014/06/25	9.72	9.73	9.43	9.55	2459267	48091072.00
2014/06/26	9.62	9.80	9.62	9.76	5015331	100099008.00
2014/06/27	9.83	10.76	9.69	10.56	10757805	228345136.00
2014/06/30	10.41	10.54	10.21	10.46	5012399	106374096.00
2014/07/01	10.46	10.86	10.20	10.76	5348374	115799488.00
2014/07/02	10.66	10.78	10.46	10.59	3494016	75744520.00
2014/07/03	10.50	10.58	10.31	10.36	3377330	71733928.00
2014/07/04	10.86	11.01	10.51	10.54	5200662	114319072.00
2014/07/07	10.39	10.74	10.32	10.63	2809124	60449072.00
2014/07/08	10.61	10.94	10.52	10.81	4503081	98942984.00
2014/07/09	10.72	10.74	10.15	10.18	5691344	121914568.00
2014/07/10	10.18	10.21	9.76	9.91	6421839	130390064.00
2014/07/11	9.94	10.00	9.75	9.91	3190525	64580644.00
2014/07/14	9.76	10.00	9.76	9.96	2639241	53422500.00
2014/07/15	9.95	10.01	9.35	9.37	6625903	130602968.00
2014/07/16	9.41	9.41	8.51	8.74	12159618	220199136.00
2014/07/17	8.71	8.72	8.35	8.46	6512295	113419056.00
2014/07/18	8.46	8.64	8.42	8.61	3865650	67999928.00
2014/07/21	8.56	8.85	8.51	8.79	3089840	55172240.00
2014/07/22	8.80	9.13	8.66	9.02	3958309	72902624.00
2014/07/23	9.04	9.04	8.62	8.84	3899282	70435504.00
2014/07/24	8.76	8.98	8.26	8.94	4040623	72431672.00
2014/07/25	8.96	9.31	8.86	9.23	4580684	85470792.00
2014/07/28	9.24	9.60	9.02	9.41	4442138	85074240.00
2014/07/29	9.41	9.59	9.22	9.26	5557711	106636040.00
2014/07/30	9.26	9.40	8.98	9.28	6323768	118908336.00
2014/07/31	9.21	9.24	9.03	9.10	4229131	78788288.00
2014/08/01	9.06	9.10	8.76	8.80	5098875	92950200.00
2014/08/04	9.60	9.71	9.04	9.18	9357026	177546144.00
2014/08/05	9.36	9.56	9.22	9.50	11715412	226334256.00
2014/08/06	9.50	9.97	9.26	9.80	10523780	210017088.00
2014/08/07	9.76	9.92	9.63	9.68	7332496	147054848.00
2014/08/08	9.71	9.90	9.67	9.85	6008180	120814720.00
2014/08/11	9.88	9.94	9.65	9.92	6659783	133667464.00
2014/08/12	9.91	10.01	9.78	9.92	4636398	94185480.00
2014/08/13	9.93	9.95	9.66	9.83	3791661	75992008.00
2014/08/14	9.85	9.96	9.77	9.84	5007243	101555584.00
2014/08/15	9.81	10.11	9.77	10.05	6302187	128392920.00
2014/08/18	10.06	10.42	10.06	10.39	5623209	118358008.00
2014/08/19	10.39	10.70	10.29	10.46	5050822	108213176.00
2014/08/20	10.37	10.38	10.01	10.06	5193179	107917064.00
2014/08/21	10.04	10.11	9.70	9.95	5351114	107991296.00
2014/08/22	9.87	9.99	9.84	9.96	2695239	54741016.00
2014/08/25	9.95	10.36	9.80	10.27	5131929	106418376.00
2014/08/26	10.20	10.26	9.85	9.86	3439020	70691952.00
2014/08/27	9.86	10.04	9.85	9.85	2575693	52376160.00
2014/08/28	9.77	9.98	9.77	9.94	3066430	61937228.00
2014/08/29	9.92	9.98	9.82	9.94	2626905	53316296.00
2014/09/01	9.93	10.44	9.92	10.44	6101545	128568408.00
2014/09/02	10.52	10.61	10.25	10.54	6304928	135044288.00
2014/09/03	10.56	11.26	10.56	10.88	7347868	164780192.00
2014/09/04	10.93	11.05	10.70	10.91	6351564	141474480.00
2014/09/05	10.96	10.97	10.71	10.82	4874127	107327672.00
2014/09/19	11.69	11.69	10.91	11.06	13673977	311537216.00
2014/09/22	11.09	12.14	11.06	11.95	15140687	362917216.00
2014/09/23	11.69	12.39	11.57	12.15	11493794	279741376.00
2014/09/24	12.07	12.30	11.91	11.92	7913330	194267280.00
2014/09/25	12.01	12.38	11.74	11.79	8668693	213326032.00
2014/09/26	11.66	11.66	11.36	11.44	7629261	178430096.00
2014/09/29	11.66	11.85	11.53	11.56	4949093	117459504.00
2014/09/30	11.59	11.91	11.57	11.86	5233270	125257512.00
2014/10/08	12.26	12.56	12.02	12.52	10454703	263258672.00
2014/10/09	12.61	12.71	12.19	12.38	8015633	201936432.00
2014/10/10	12.21	12.41	12.05	12.08	5196863	129052496.00
2014/10/13	12.07	12.07	11.45	11.76	6394108	152302720.00
2014/10/14	11.79	11.89	11.57	11.78	4662298	111512648.00
2014/10/15	11.76	11.76	11.56	11.66	3472184	82521616.00
2014/10/16	11.61	11.98	11.44	11.45	5087345	121313120.00
2014/10/17	11.38	11.41	11.04	11.36	6688564	153331472.00
2014/10/20	11.31	11.55	11.26	11.44	3902220	90960640.00
2014/10/21	11.31	11.51	11.20	11.24	3066070	70782224.00
2014/10/22	11.35	11.64	11.35	11.46	5345970	125267488.00
2014/10/23	11.49	11.56	10.96	11.06	4296260	98110696.00
2014/10/24	11.06	11.21	10.83	10.93	2699100	60729364.00
2014/10/27	10.91	11.11	10.70	11.04	2498576	55924144.00
2014/10/28	11.10	11.49	11.10	11.44	4266928	98828584.00
2014/10/29	11.54	11.76	11.45	11.63	4799795	114092592.00
2014/10/30	11.68	11.69	11.36	11.56	4331846	101980864.00
2014/10/31	11.57	11.65	11.19	11.31	3549449	82699952.00
2014/11/03	11.31	11.76	11.31	11.50	3511368	82486776.00
2014/11/04	11.50	11.50	11.19	11.21	4183215	96464464.00
2014/11/05	11.19	11.19	10.91	11.01	3204550	72282560.00
2014/11/06	11.15	11.25	10.92	11.09	2798716	63196912.00
2014/11/07	11.14	11.39	10.98	11.04	3381957	77368296.00
2014/11/10	11.01	11.51	10.54	11.21	7190651	161811600.00
2014/11/11	11.06	11.09	10.11	10.51	6474636	140699680.00
2014/11/12	10.44	10.70	10.33	10.55	2377916	51281928.00
2014/11/13	10.50	10.54	9.70	9.97	6643879	135764272.00
2014/11/14	9.86	10.01	9.77	9.98	2890622	58668056.00
2014/11/17	10.04	10.23	9.81	10.14	2137525	44373996.00
2014/11/18	10.14	10.58	10.14	10.46	4214244	89908640.00
2014/11/19	10.52	10.90	10.37	10.79	5111581	111742456.00
2014/11/20	10.76	10.76	10.45	10.57	3128461	67606656.00
2014/11/21	10.56	10.97	10.52	10.76	5289007	116906240.00
2014/11/24	10.76	10.86	10.49	10.71	6478245	141143120.00
2014/11/25	10.74	10.95	10.70	10.89	5271168	116877464.00
2014/11/26	10.92	11.48	10.79	11.36	10138024	233236640.00
2014/11/27	11.26	11.42	11.16	11.41	6194985	142665184.00
2014/11/28	11.44	12.28	11.32	12.11	12836560	310463936.00
2014/12/01	12.11	12.43	11.56	12.24	10246389	252494384.00
2014/12/02	12.12	13.49	12.06	13.11	18327010	485700864.00
2014/12/03	13.11	13.62	12.82	13.61	12534059	338598784.00
2014/12/04	13.42	13.96	13.31	13.41	11431210	314760064.00
2014/12/05	13.26	13.26	12.12	12.88	12905682	331773728.00
2015/03/12	14.19	14.19	14.19	14.19	285878	8250439.00
2015/03/13	15.64	15.64	15.64	15.64	46233	1467897.75
2015/03/16	17.23	17.23	17.23	17.23	6968213	243399680.00
2015/03/17	18.97	18.97	18.27	18.97	17391556	665724288.00
2015/03/18	19.76	20.89	19.10	20.89	28235819	1139853440.00
2015/03/19	21.16	21.17	19.56	20.36	25923188	1053714816.00
2015/03/20	19.98	21.71	19.82	21.11	23585724	995434624.00
2015/03/23	21.06	23.25	20.57	22.31	22788541	1019631936.00
2015/03/24	22.31	23.25	21.37	22.69	19688231	889710528.00
2015/03/25	22.51	22.73	21.77	22.03	13881557	623464768.00
2015/03/26	21.51	21.51	20.01	20.49	14578602	612632960.00
2015/03/27	20.21	20.91	20.21	20.75	7418149	308701408.00
2015/03/30	21.38	22.01	20.84	21.21	9782251	421748992.00
2015/03/31	21.51	22.17	20.86	21.52	10353660	454418368.00
2015/04/01	21.26	22.10	21.05	21.81	11811918	514488480.00
2015/04/02	21.90	24.02	21.71	24.02	17020717	779099072.00
2015/04/03	23.76	26.26	23.52	25.69	16460682	824852928.00
2015/04/07	25.65	27.20	25.12	25.91	14092482	738534208.00
2015/04/08	25.56	25.74	23.57	24.33	13387385	667898816.00
2015/04/09	23.96	26.36	22.28	25.94	13770251	679790720.00
2015/04/10	25.96	27.16	25.32	26.50	10820925	577084864.00
2015/04/13	26.05	27.66	25.70	25.92	8567617	454503648.00
2015/04/14	25.77	25.85	24.61	25.01	8885365	449212192.00
2015/04/15	24.67	24.70	22.61	22.61	10041800	476693888.00
2015/04/16	21.76	23.79	21.56	23.39	11657076	538978688.00
2015/04/17	23.41	23.84	22.60	22.96	8759769	408352160.00
2015/04/20	22.81	23.54	21.76	22.52	11439196	526830176.00
2015/04/21	22.74	24.79	22.52	24.79	18159524	884094336.00
2015/04/22	26.04	27.30	25.11	25.27	20971066	1111378688.00
2015/04/23	24.79	27.01	24.10	26.69	14938128	775030464.00
2015/04/24	25.92	28.56	25.76	27.85	15131676	843589120.00
2015/04/27	28.56	30.01	27.40	27.89	13259748	766759040.00
2015/04/28	27.44	28.19	25.51	25.81	11783002	626155968.00
2015/04/29	25.51	27.76	25.16	27.54	10699559	574626048.00
2015/04/30	27.26	28.10	26.26	26.64	9571738	527192192.00
2015/05/04	26.71	26.99	24.26	26.06	8053290	419593856.00
2015/05/05	25.32	26.05	24.65	25.12	7080002	358918688.00
2015/05/06	25.44	27.65	25.29	26.36	13021447	700569408.00
2015/05/07	25.76	26.01	24.76	25.36	11862323	609850112.00
2015/05/08	25.76	27.64	25.76	27.26	15193865	824395264.00
2015/05/11	27.26	30.01	26.81	30.01	17331110	1009446272.00
2015/05/12	31.76	33.04	30.35	33.04	14288218	914246848.00
2015/05/13	33.26	36.31	31.71	34.10	16121566	1105278080.00
2015/05/14	34.01	35.56	32.77	33.76	11928307	820507584.00
2015/05/15	33.86	33.91	32.04	33.26	9636625	642294976.00
2015/05/18	33.77	36.62	33.77	36.62	27242828	973461888.00
2015/05/19	37.79	40.30	37.59	40.30	30441967	1210012544.00
2015/05/20	42.73	44.35	41.89	44.35	17239323	748348736.00
2015/05/21	48.76	48.81	45.29	46.41	45647233	2165337344.00
2015/05/22	46.99	47.29	43.12	44.01	42060081	1881405312.00
2015/05/25	41.79	43.26	40.79	42.39	31061585	1313387776.00
2015/05/26	42.40	46.65	42.39	46.65	31355144	1420650624.00
2015/05/27	48.80	51.33	47.29	50.93	33949777	1691697792.00
2015/05/28	50.94	54.44	47.79	47.89	40259156	2067800192.00
2015/05/29	50.35	52.65	47.99	52.57	42809950	2194074368.00
2015/06/01	53.35	56.94	53.17	55.19	41558648	2293313280.00
2015/06/02	55.18	55.18	52.79	54.38	35089040	1888998272.00
2015/06/03	54.39	58.09	52.79	56.23	31582246	1780734464.00
2015/06/04	54.79	55.34	50.59	53.27	30988800	1638045312.00
2015/06/05	53.29	54.23	51.58	52.24	27909034	1469321088.00
2015/06/08	51.71	51.72	47.29	47.80	31892785	1552159104.00
2015/06/09	47.29	50.79	46.53	48.19	20725097	1011515904.00
2015/06/10	48.20	49.79	46.89	48.98	19744317	962758784.00
2015/06/11	48.98	51.79	47.95	50.99	27136322	1379114880.00
2015/06/12	51.78	55.97	51.35	55.43	39953077	2186546944.00
2015/06/15	56.09	56.21	49.87	50.04	33496267	1737593600.00
2015/06/16	47.79	47.79	45.02	45.02	30502594	1403988864.00
2015/06/17	44.09	47.79	40.79	46.83	29593815	1307468672.00
2015/06/18	45.91	46.29	42.13	42.22	20901807	924091968.00
2015/06/19	40.79	44.67	38.29	42.37	26236823	1090178176.00
2015/06/23	41.99	42.79	38.40	41.73	18566533	767956096.00
2015/06/24	42.29	43.34	40.64	41.79	18028911	760037248.00
2015/06/25	42.79	43.75	38.44	39.99	25606980	1086498688.00
2015/06/26	37.79	38.57	35.97	35.97	15808524	585417728.00
2015/06/29	35.29	36.49	32.35	32.35	16235150	542847936.00
2015/06/30	29.29	34.49	29.09	34.09	33816491	1072581312.00
2015/07/01	32.18	35.37	30.66	30.66	32605412	1103130112.00
2015/07/02	30.87	31.23	27.57	27.57	26654741	769907072.00
2015/07/03	24.79	27.98	24.79	24.79	32423978	832314624.00
2015/07/14	27.29	27.29	27.29	27.29	473905	13032388.00
2015/07/15	30.04	30.04	26.40	27.60	60464299	1758896128.00
2015/07/16	26.29	29.44	24.82	28.30	37149084	1025271616.00
2015/07/17	28.29	31.15	27.71	31.15	38168596	1149071744.00
2015/07/20	31.89	34.29	31.20	34.29	45485081	1524624768.00
2015/07/21	35.19	37.67	34.48	35.46	41324234	1495167616.00
2015/07/22	35.29	36.95	34.32	35.82	37485488	1337112320.00
2015/07/23	35.40	36.78	34.79	36.59	33183127	1197581824.00
2015/07/24	36.74	40.22	35.79	36.57	43185165	1657267712.00
2015/07/27	35.67	37.29	32.89	32.89	35299448	1246508928.00
2015/07/28	30.00	32.89	29.58	29.58	36570555	1112535296.00
2015/07/29	30.34	31.79	27.29	31.49	33650935	991319104.00
2015/07/30	31.19	31.53	28.47	29.09	25241043	776553664.00
2015/07/31	28.59	29.69	26.79	28.09	18147060	528466208.00
2015/08/03	26.79	27.69	25.26	25.26	22186001	576472768.00
2015/08/04	25.26	27.81	24.79	27.81	35446182	940101824.00
2015/08/05	28.58	29.62	27.45	28.14	36912277	1063574336.00
2015/08/06	26.97	28.43	26.79	27.79	20502644	569978944.00
2015/08/07	28.49	30.59	27.84	30.59	42811308	1273030912.00
2015/08/10	31.02	33.67	30.89	32.93	42489228	1378088192.00
2015/08/11	32.47	34.23	32.29	32.89	37224348	1230371584.00
2015/08/12	32.30	33.24	30.55	30.79	25439931	819980416.00
2015/08/13	31.04	32.19	29.94	32.13	23863900	751107840.00
2015/08/14	32.49	32.75	31.10	31.65	23576664	757256064.00
2015/08/17	30.97	31.49	30.19	31.21	22353264	695131584.00
2015/08/18	31.39	34.02	28.91	30.45	48415614	1571173120.00
2015/08/19	28.80	33.20	27.39	32.90	41045713	1257485952.00
2015/08/20	32.79	34.43	32.15	32.16	45385728	1512862592.00
2015/08/21	31.09	31.59	28.92	28.99	32073118	968306752.00
2015/08/24	26.19	27.54	26.07	26.07	16114015	426452704.00
2015/08/25	23.44	24.29	23.44	23.44	18206239	432273984.00
2015/08/26	23.44	23.78	21.08	21.08	40042551	887633152.00
2015/08/27	22.09	22.34	18.96	20.99	31360385	656598528.00
2015/08/28	21.57	23.11	20.89	23.11	35158250	775936128.00
2015/08/31	22.89	22.89	20.78	20.78	30342785	662585024.00
2015/09/01	19.78	19.99	18.68	18.68	20407208	392842752.00
2015/09/02	16.79	19.50	16.79	16.79	36438801	641393088.00
2015/09/07	17.29	18.44	17.09	17.94	31051204	563317568.00
2015/09/08	17.39	19.65	17.29	19.47	22808351	420652160.00
2015/09/09	20.32	21.44	20.29	21.44	23100636	493940640.00
2015/09/10	21.58	22.44	21.20	21.49	40909823	901195328.00
2015/09/11	21.27	23.66	21.10	23.66	43246978	999244736.00
2015/09/14	24.30	25.25	21.27	22.19	54859233	1302189440.00
2015/09/15	21.40	24.29	21.12	22.49	43627912	998384192.00
2015/09/16	22.67	24.76	22.62	24.76	44552683	1071430848.00
2015/09/17	27.06	27.08	24.79	24.89	59221362	1558278016.00
2015/09/18	25.59	25.69	22.88	24.57	42879023	1052462912.00
2015/09/21	23.94	26.79	23.59	26.64	36871385	954355776.00
2015/09/22	26.99	27.67	25.42	26.59	38979708	1033649856.00
2015/09/23	25.47	27.65	24.89	26.74	38810938	1052448448.00
2015/09/24	26.84	27.19	25.62	25.96	29134219	769993664.00
2015/09/25	25.81	25.89	23.36	23.59	24159363	599462080.00
2015/09/28	23.59	25.97	23.59	25.97	35346868	904137024.00
2015/09/29	25.76	26.48	25.17	25.97	39662242	1036080192.00
2015/09/30	25.97	26.29	24.44	25.09	21535158	548205760.00
2015/10/08	26.35	27.34	25.84	27.09	27119730	731784192.00
2015/10/09	27.58	28.53	27.09	27.75	27768176	780673408.00
2015/10/12	28.09	30.55	28.09	29.79	34050023	1021888576.00
2015/10/13	29.49	31.20	29.31	30.24	29201160	898584448.00
2015/10/14	29.94	30.72	29.29	29.50	23150270	693156608.00
2015/10/23	32.29	32.29	30.35	31.74	40592682	1281118976.00
2015/10/26	32.27	33.23	30.89	31.75	30563569	981846656.00
2015/10/27	31.19	31.95	29.59	31.54	24563673	758792128.00
2015/10/28	30.99	32.79	30.56	30.79	24717189	790647232.00
2015/10/29	31.65	31.75	29.79	31.40	22368797	695144896.00
2015/10/30	31.40	34.56	30.79	34.22	53448089	1794254336.00
2015/11/02	32.19	35.29	31.79	31.79	41674834	1411995776.00
2015/11/03	32.47	34.52	32.30	33.78	36140526	1215760768.00
2015/11/04	33.65	35.79	32.74	35.58	42241735	1458325120.00
2015/11/05	34.98	35.57	33.88	34.32	32563027	1134807424.00
2015/11/06	34.79	35.67	34.30	34.69	25157654	885834048.00
2015/11/09	33.99	35.78	33.29	35.23	28657729	1000511104.00
2015/11/10	34.79	36.47	34.31	35.02	24837385	885609856.00
2015/11/11	34.89	36.23	34.67	35.78	22653545	813403520.00
2015/11/12	35.80	36.67	34.64	35.29	22956169	821527040.00
2015/11/13	34.79	35.14	33.59	33.59	19609693	675601472.00
2015/11/16	32.80	35.56	32.80	34.89	16837351	584472640.00
2015/11/17	34.60	35.28	33.69	33.99	17942766	624282240.00
2015/11/18	34.31	35.04	33.41	33.64	17559231	608779904.00
2015/11/19	33.65	34.38	33.19	34.38	16731069	567751488.00
2015/11/20	34.53	35.36	33.79	35.00	19283377	671673600.00
2015/11/23	35.00	35.36	33.68	34.05	16848365	586787904.00
2015/11/24	33.74	35.56	33.49	35.33	20517160	715228096.00
2015/11/25	35.33	38.17	35.20	37.59	32154515	1201750528.00
2015/11/26	37.28	37.78	36.19	36.38	22304105	826796416.00
2015/11/27	36.38	37.08	32.74	33.18	24569121	857787392.00
2015/11/30	32.99	33.87	30.18	32.19	19740079	638087232.00
2015/12/01	32.29	32.59	30.29	31.09	18437038	583110976.00
2015/12/02	31.24	31.44	29.54	30.86	14197969	437050976.00
2015/12/03	31.14	32.33	30.96	32.29	14848660	475979552.00
2015/12/04	32.27	32.76	31.19	31.70	13318404	429779360.00
2015/12/07	31.86	32.81	31.69	32.19	13675603	444450624.00
2015/12/08	32.09	32.29	30.97	31.45	11809244	374801728.00
2015/12/09	31.03	32.19	30.99	31.73	17157749	546902400.00
2015/12/10	32.05	34.92	31.50	34.69	38097341	1288920448.00
2015/12/11	35.49	35.49	33.09	33.59	24824969	852357376.00
2015/12/14	32.98	34.29	32.53	34.05	16555511	557223744.00
2015/12/15	34.29	35.64	33.99	35.19	23874764	839191872.00
2015/12/16	35.36	35.36	34.17	34.39	18599144	645873088.00
2015/12/17	34.44	34.79	34.15	34.59	23898883	829153984.00
2015/12/18	34.46	34.46	32.67	33.00	21469930	722417280.00
2015/12/21	32.76	33.29	32.10	33.23	14880463	487781920.00
2015/12/22	33.07	33.71	32.64	33.40	14027100	469617280.00
2015/12/23	33.39	33.62	32.19	32.56	14913992	493714432.00
2015/12/24	32.57	32.65	31.25	31.99	14476632	464051872.00
2015/12/25	31.99	32.55	31.72	32.04	8844525	286100864.00
2015/12/28	32.27	33.09	31.99	32.03	14317632	467931296.00
2015/12/29	32.03	33.04	32.01	32.95	12069527	395726816.00
2015/12/30	33.02	33.79	32.56	33.05	17749953	593683648.00
2015/12/31	32.97	33.04	31.79	31.79	13411756	436170560.00
2016/01/04	31.64	32.09	28.59	28.59	13005685	385863328.00
2016/01/05	26.14	28.15	25.71	26.75	18882291	512915168.00
2016/01/06	27.30	27.48	26.02	26.98	12001253	324621120.00
2016/01/07	26.29	26.29	24.26	24.26	3952073	99370632.00
2016/01/08	24.77	25.19	21.81	23.81	17615615	428038016.00
2016/01/11	23.39	24.47	21.59	21.70	16026080	372118784.00
2016/01/12	21.73	23.21	21.71	22.72	18744034	427014976.00
2016/01/13	22.80	24.37	22.24	22.59	17962061	426362208.00
2016/01/14	21.50	24.87	21.45	24.87	23809821	574794752.00
2016/01/15	24.78	25.29	23.67	24.25	18487488	457683168.00
2016/01/18	23.39	25.49	23.39	25.08	14496961	365446656.00
2016/01/19	24.79	26.05	24.69	25.89	14054414	358585248.00
2016/01/20	25.89	26.15	24.69	25.21	10889536	280135360.00
2016/01/21	24.69	25.59	23.79	23.85	10758484	268492416.00
2016/01/22	24.16	24.55	23.13	23.99	8569129	206152848.00
2016/01/25	24.49	24.64	23.80	24.09	6116762	149681168.00
2016/01/26	23.69	23.78	21.66	22.04	11101492	252963392.00
2016/01/27	22.15	22.28	20.15	21.18	12720554	270203488.00
2016/01/28	21.02	21.02	19.69	19.81	8568573	176752144.00
2016/01/29	19.79	21.81	19.49	21.61	16529556	351380064.00
2016/02/01	21.54	21.54	20.67	21.04	11022432	233886048.00
2016/02/02	21.10	22.72	21.10	22.47	10627054	238749424.00
2016/02/03	21.79	22.99	21.70	22.66	9696524	219982864.00
2016/02/04	22.30	23.65	22.30	23.11	8030874	188252976.00
2016/02/05	23.13	23.38	22.54	22.71	6636251	153341680.00
2016/02/15	21.79	23.08	21.56	22.79	5818297	132359464.00
2016/02/16	22.95	24.79	22.95	24.41	10114771	245902224.00
2016/02/17	24.27	24.77	23.68	24.54	11032761	269642208.00
2016/02/18	24.70	25.54	24.31	24.60	14120062	354741664.00
2016/02/19	24.52	25.76	24.23	25.46	14518626	367304032.00
2016/02/22	25.56	25.75	24.93	25.47	13964826	356003040.00
2016/02/23	25.58	25.58	24.06	24.67	15566755	386792032.00
2016/02/24	24.56	24.77	23.62	24.38	8856431	217010160.00
2016/02/25	24.39	24.44	21.92	21.92	14622297	336859488.00
2016/02/26	22.08	22.37	20.82	21.54	9219337	202596432.00
2016/02/29	20.96	21.49	19.37	19.37	15308352	305538816.00
2016/03/01	19.38	20.04	18.39	19.68	14621425	284317344.00
2016/03/02	19.60	21.28	19.41	20.81	13651181	278758624.00
2016/03/03	20.69	22.91	20.64	21.80	21158508	468532896.00
2016/03/04	21.49	21.77	19.91	20.80	15219074	322193184.00
2016/03/07	20.95	22.29	20.95	21.52	10776516	235533632.00
2016/03/08	21.40	22.27	20.06	21.92	12326104	265346928.00
2016/03/09	21.19	22.29	20.97	21.33	8666823	189827872.00
2016/03/10	21.79	21.99	21.05	21.28	9487845	206543696.00
2016/03/11	20.89	21.26	20.49	20.77	7324637	153743680.00
2016/03/14	21.22	22.59	21.22	21.94	14792414	328354336.00
2016/03/15	21.87	22.09	21.42	21.52	8821943	193113872.00
2016/03/16	22.08	22.09	21.19	21.37	11485702	251405008.00
2016/03/17	21.54	22.54	21.37	22.37	21417549	476566400.00
2016/03/18	22.78	24.28	22.40	23.61	26672939	630553216.00
2016/03/21	24.09	24.37	23.44	24.23	21047400	508023456.00
2016/03/22	23.80	24.09	23.60	23.81	14824759	357120032.00
2016/03/23	23.67	24.73	23.59	24.20	17403087	423812960.00
2016/03/24	23.84	24.15	23.43	23.45	14555142	349236096.00
2016/06/21	24.92	25.26	21.78	22.55	40920250	966871616.00
2016/06/22	21.99	23.04	21.79	22.93	21224315	476402944.00
2016/06/23	22.59	23.46	22.39	23.10	17143574	399854720.00
2016/06/24	22.95	23.08	21.41	22.34	15939074	360676288.00
2016/06/27	22.29	24.24	22.09	23.78	25441036	600104000.00
2016/06/28	23.78	26.18	23.63	26.18	34497130	880918528.00
2016/06/29	26.71	26.71	25.25	25.64	31660356	821652800.00
2016/06/30	25.51	26.56	25.50	25.64	28019235	732874496.00
2016/07/01	25.81	26.37	25.59	25.64	16746407	437166848.00
2016/07/04	25.26	26.07	25.10	26.01	20361875	527130848.00
2016/07/05	25.99	26.17	25.46	25.66	17067555	442685696.00
2016/07/06	25.73	26.06	25.52	25.67	13336010	346098656.00
2016/07/07	25.67	25.92	24.61	24.94	26191651	660911040.00
2016/07/08	24.94	25.77	24.72	25.40	20139965	513387584.00
2016/07/11	25.42	25.88	25.05	25.12	20835062	535362112.00
2016/07/12	25.06	26.02	24.38	25.81	26481021	677906816.00
2016/07/13	25.89	26.11	25.43	25.77	20226848	525803104.00
2016/07/14	25.75	26.16	25.62	25.91	16211983	423708000.00
2016/07/15	26.16	26.22	25.39	25.46	12279808	317526240.00
2016/07/18	25.29	25.42	24.62	24.75	14646598	367815520.00
2016/07/19	24.74	24.97	24.49	24.95	8593854	214145536.00
2016/07/20	24.98	25.10	24.67	24.74	7668031	191874976.00
2016/07/21	24.74	25.11	24.51	24.70	9931371	248278928.00
2016/07/22	24.79	24.79	24.39	24.44	8613938	213197488.00
2016/07/25	24.41	24.55	24.05	24.09	9539438	232953200.00
2016/07/26	24.15	24.46	24.11	24.31	7718748	188953392.00
2016/07/27	24.40	24.41	22.01	22.22	23145784	537549760.00
2016/07/28	22.24	22.36	21.07	21.36	19166911	417690528.00
2016/07/29	21.37	21.75	21.28	21.39	9242817	200018240.00
2016/08/01	21.33	21.68	20.32	21.48	9992234	212228000.00
2016/08/02	21.51	22.04	21.38	21.51	9471613	206699360.00
2016/08/03	21.51	21.71	21.42	21.53	5564906	121100480.00
2016/08/04	21.46	21.89	21.41	21.72	6752037	147531856.00
2016/08/05	21.77	21.99	21.49	21.49	6687370	146714736.00
2016/08/08	21.39	21.88	21.31	21.85	7153712	156426464.00
2016/08/09	21.91	22.25	21.81	22.11	6844030	152027904.00
2016/08/10	22.12	22.20	21.94	22.13	7555953	168043952.00
2016/08/11	22.14	22.14	21.47	21.49	8824126	194060112.00
2016/08/12	21.44	22.11	21.44	22.11	9191046	202985328.00
2016/08/15	22.21	23.17	22.21	22.91	13745667	315920960.00
2016/08/16	22.86	23.09	22.63	22.91	9277556	213451552.00
2016/08/17	22.88	23.04	22.66	22.78	6251328	144048832.00
2016/08/18	22.91	22.99	22.57	22.70	6402327	147138064.00
2016/08/19	22.62	22.70	22.40	22.48	5198967	117897280.00
2016/08/22	22.70	23.26	22.47	22.49	8370962	192968752.00
2016/08/23	22.32	22.67	21.62	22.02	9028859	201053712.00
2016/08/24	22.03	22.37	21.85	22.15	5438173	121426856.00
2016/08/25	22.02	22.02	21.53	21.69	7423861	162350336.00
2016/08/26	21.80	22.34	21.77	21.82	8245430	182994432.00
2016/08/29	21.81	22.05	21.51	21.64	5991959	131493256.00
2016/08/30	21.64	21.83	21.59	21.67	4986729	109122792.00
2016/08/31	21.71	21.79	21.51	21.72	4851481	105829104.00
2016/09/01	21.75	21.82	21.55	21.57	5413520	118341920.00
2016/09/02	21.56	21.63	21.21	21.27	5229242	112843552.00
2016/09/05	21.28	21.50	21.13	21.21	3988385	85870256.00
2016/09/06	21.29	21.87	20.96	21.79	7977058	172637920.00
2016/09/07	21.81	21.91	21.66	21.76	7333994	161000128.00
2016/09/08	21.89	22.10	21.75	21.84	7067197	156239088.00
2016/09/09	21.84	21.92	21.44	21.44	5686128	123981288.00
2016/09/12	21.06	21.07	20.41	20.48	10435102	218065968.00
2016/09/13	20.60	20.72	20.16	20.25	8622012	177426368.00
2016/09/14	20.21	20.68	20.04	20.20	7660875	157449568.00
2016/09/19	20.21	20.58	20.21	20.22	6764580	139002832.00
2016/09/20	20.40	20.89	20.36	20.85	11541065	241647296.00
2016/09/21	20.76	21.40	20.76	20.98	7504289	159643376.00
2016/09/22	21.12	21.23	20.71	20.74	8527544	179512016.00
2016/09/23	20.72	20.92	20.67	20.85	5826058	122234792.00
2016/09/26	20.86	21.01	20.39	20.45	5129034	107166480.00
2016/09/27	20.39	20.70	20.29	20.62	3997264	82555832.00
2016/09/28	20.79	20.79	20.43	20.47	4491143	93403728.00
2016/09/29	20.44	20.61	20.41	20.44	3007497	62233520.00
2016/09/30	20.47	20.56	20.24	20.31	4163983	85615496.00
2016/10/10	20.68	22.36	20.68	22.36	21972703	487395712.00
2016/10/11	23.38	23.38	22.31	23.13	53172687	1236421632.00
2016/10/12	22.91	23.90	22.81	23.12	35161103	826915648.00
2016/10/13	22.91	23.56	22.91	23.31	26736354	625107712.00
2016/10/14	23.11	23.19	22.60	22.96	19085991	439642016.00
2016/10/17	23.10	23.30	22.74	22.97	17968256	417300384.00
2016/10/18	22.86	23.46	22.56	23.32	21585524	502197280.00
2016/10/19	23.48	23.67	23.10	23.58	20219964	476376192.00
2016/10/27	24.00	24.31	22.81	22.96	22269747	526557792.00
2016/10/28	22.76	23.39	22.50	22.52	12127885	280197248.00
2016/10/31	22.51	23.16	22.13	23.13	12117841	278854368.00
2016/11/01	23.16	23.20	22.90	23.09	8332027	193690128.00
2016/11/02	23.11	23.26	22.52	22.58	8804637	202207120.00
2016/11/03	22.51	23.15	22.51	22.71	9815496	226316032.00
2016/11/04	22.67	23.16	22.67	23.11	9752666	226017600.00
2016/11/07	23.17	23.58	23.12	23.25	12284482	288552064.00
2016/11/08	23.57	23.77	23.13	23.26	12251943	289311680.00
2016/11/09	23.27	23.51	22.55	22.97	12818333	297264768.00
2016/11/10	23.21	23.66	23.03	23.45	12628455	297564640.00
2016/11/11	23.33	23.40	23.04	23.23	10592380	247363120.00
2016/11/14	23.41	24.79	23.36	24.23	24412864	593628032.00
2016/11/15	24.25	24.26	23.83	24.20	11651125	281923168.00
2016/11/16	24.21	25.01	23.99	24.05	23553724	583953792.00
2016/11/17	23.84	23.91	23.26	23.32	14070359	333196352.00
2016/11/18	23.25	23.42	22.81	22.90	8555921	199033808.00
2016/11/21	22.86	23.19	22.81	23.03	6389938	147977184.00
2016/11/22	23.03	23.28	22.77	23.26	7807022	181112432.00
2016/11/23	23.36	23.44	22.91	22.96	7295142	170003936.00
2016/11/24	22.86	22.96	22.61	22.63	6269530	143760832.00
2016/11/25	22.67	22.97	22.16	22.96	7501103	171182784.00
2016/11/28	23.05	23.09	22.57	22.58	7853973	179964672.00
2016/11/29	22.57	22.76	22.31	22.34	6288310	143020544.00
2016/11/30	22.31	23.13	22.27	22.68	9255453	213046848.00
2016/12/01	22.68	22.79	22.48	22.69	3709733	84794256.00
2016/12/02	22.72	22.79	22.21	22.31	6179767	139613024.00
2016/12/05	22.11	22.51	21.91	22.13	4005049	89877328.00
2016/12/06	22.21	22.48	22.00	22.02	3644012	81560792.00
2016/12/07	22.06	22.25	21.69	22.13	4007133	88876384.00
2016/12/08	22.20	22.21	21.73	21.75	4844154	106940144.00
2016/12/09	21.71	21.78	21.16	21.20	7876137	169753568.00
2016/12/12	21.16	21.16	19.98	20.10	11421917	236512384.00
2016/12/13	20.05	20.31	19.88	20.12	4768021	96901688.00
2016/12/14	20.12	20.25	19.69	20.07	6790171	137060272.00
2016/12/15	19.93	20.76	19.83	20.67	7640905	158113200.00
2016/12/16	20.51	20.91	20.44	20.69	5470257	114301248.00
2016/12/19	20.51	20.79	20.50	20.56	2570627	53478152.00
2016/12/20	20.52	20.66	20.16	20.29	4071044	83706984.00
2016/12/21	20.41	20.56	20.37	20.49	2325840	48056516.00
2016/12/22	20.50	20.90	20.32	20.87	4731993	98864520.00
2016/12/23	20.74	20.87	20.43	20.78	4205143	87732024.00
2016/12/26	20.81	21.16	20.47	21.04	4524985	94759360.00
2016/12/27	20.97	21.37	20.91	21.24	4982228	106690560.00
2016/12/28	21.38	21.50	20.99	21.01	3352522	71375040.00
2016/12/29	20.96	21.26	20.67	20.73	4026213	85235224.00
2016/12/30	20.74	20.90	20.43	20.60	2844461	59155712.00
2017/01/03	20.58	20.88	20.55	20.64	2601683	54269748.00
2017/01/04	20.61	21.16	20.54	21.11	5923669	124797408.00
2017/01/05	21.08	21.15	20.83	20.89	3401835	71897232.00
2017/01/06	21.01	21.01	20.34	20.40	4039868	84008128.00
2017/01/09	20.36	20.40	20.04	20.34	4622203	94319416.00
2017/01/10	20.31	20.48	20.14	20.30	2693741	55278744.00
2017/01/11	20.22	20.34	20.16	20.19	3601652	73657968.00
2017/01/12	20.21	20.36	19.94	20.11	3849217	78233728.00
2017/01/13	20.06	20.08	19.76	19.83	3752658	75312712.00
2017/01/16	19.81	19.97	18.16	19.10	5754569	112464088.00
2017/01/17	19.11	20.31	18.94	20.06	8348407	166299008.00
2017/01/18	20.04	20.22	19.77	19.85	2839153	57034452.00
2017/01/19	19.82	20.09	19.43	19.78	2802404	56026996.00
2017/01/20	19.78	20.56	19.71	20.31	6582726	135208480.00
2017/01/23	20.30	20.79	20.21	20.23	5268835	109048744.00
2017/01/24	20.11	20.29	20.02	20.11	2581750	52381464.00
2017/01/25	20.06	20.81	20.06	20.21	6418195	132668568.00
2017/01/26	20.32	20.40	20.17	20.33	2596888	53201336.00
2017/02/03	20.33	20.36	20.11	20.14	2401873	48962356.00
2017/02/06	20.15	20.79	20.15	20.76	6716234	139472800.00
2017/02/07	20.71	20.86	20.50	20.75	5325802	111227640.00
2017/02/08	20.66	21.06	20.53	20.94	5370273	112883096.00
2017/02/09	20.93	21.20	20.83	21.00	5393539	114526032.00
2017/02/10	20.92	20.99	20.62	20.67	4898430	102514496.00
2017/02/13	20.62	20.91	20.57	20.79	3251914	68050736.00
2017/02/14	20.78	20.80	20.37	20.50	4582620	94888944.00
2017/02/15	20.50	20.62	20.21	20.29	5030639	103780416.00
2017/02/16	20.29	20.54	20.21	20.36	2941695	60597344.00
2017/02/17	20.34	21.00	20.32	20.74	9484404	198135712.00
2017/02/20	20.61	21.26	20.54	21.15	10339942	218569680.00
2017/02/21	21.15	21.49	20.94	21.20	9387480	201118992.00
2017/02/22	21.11	21.37	21.01	21.04	5385675	114736168.00
2017/02/23	21.10	21.25	20.95	21.11	4654783	99098184.00
2017/02/24	21.15	21.35	20.93	21.31	5493069	117543632.00
2017/02/27	21.31	21.68	21.21	21.31	6339248	137121872.00
2017/02/28	21.42	21.51	21.03	21.35	4334661	92631360.00
2017/03/01	21.37	21.41	21.05	21.11	4803883	102814824.00
2017/03/02	21.11	21.25	20.91	21.20	4689442	99689928.00
2017/03/03	21.19	21.80	21.01	21.78	11161240	241150672.00
2017/03/06	21.70	22.21	21.57	22.08	11785169	261189472.00
2017/03/07	22.21	22.24	21.95	22.05	7857450	174787616.00
2017/03/08	22.17	22.35	21.82	21.89	7128803	158605232.00
2017/03/09	21.82	22.08	21.64	21.99	6021391	132887440.00
2017/03/10	21.91	21.97	21.53	21.53	5962331	130896864.00
2017/03/13	21.45	21.79	21.30	21.78	6331950	138058320.00
2017/03/14	21.87	22.08	21.52	21.61	5246573	115300104.00
2017/03/15	21.57	22.07	21.41	21.92	6236710	136952864.00
2017/03/16	22.04	22.09	21.77	21.95	7530108	166518656.00
2017/03/17	21.91	22.09	21.32	21.42	8730756	191568848.00
2017/03/20	21.41	21.49	20.78	20.99	10444963	221918064.00
2017/03/21	20.86	21.09	20.78	20.93	6809637	143785968.00
2017/03/22	20.81	20.90	20.36	20.38	8606483	178342464.00
2017/03/23	20.44	20.61	20.28	20.54	6598691	136432096.00
2017/03/24	20.45	20.66	20.45	20.55	5456881	113271672.00
2017/03/27	20.64	20.91	20.52	20.64	5332150	111401872.00
2017/03/28	20.58	20.75	20.36	20.37	4344186	89892992.00
2017/03/29	20.43	20.49	20.10	20.11	4737297	96696432.00
2017/03/30	20.02	20.18	19.41	19.51	10163977	201829808.00
2017/03/31	19.51	19.75	19.32	19.63	5255533	103629104.00
2017/04/05	19.63	20.07	19.63	20.00	5348497	107562328.00
2017/04/06	20.01	20.15	19.91	20.01	4913160	99321568.00
2017/04/07	19.98	20.08	19.76	19.95	4601600	92424616.00
2017/04/10	19.85	19.85	19.09	19.23	9693604	190420128.00
2017/04/11	19.20	19.46	18.81	19.35	10148842	196142336.00
2017/04/12	19.36	19.40	18.99	19.00	6302095	122139264.00
2017/04/13	18.98	19.31	18.90	19.13	4737276	91516080.00
2017/04/14	19.11	19.29	18.89	19.23	4724848	90743992.00
2017/04/17	19.19	19.33	18.96	19.11	4750367	91746552.00
2017/04/18	19.16	19.26	18.60	18.60	6230230	119008248.00
2017/04/19	18.60	18.72	18.30	18.53	5483088	102334584.00
2017/04/20	18.67	19.11	18.41	18.97	9218628	175130352.00
2017/04/21	18.97	19.25	18.81	18.86	4226462	81226896.00
2017/04/24	18.86	19.16	18.52	18.97	7714306	147908736.00
2017/04/25	18.90	19.33	18.82	18.92	7183744	138604880.00
2017/04/26	19.00	19.01	18.61	18.69	5345112	101212256.00
2017/04/27	18.65	19.04	18.33	18.83	7811881	147629456.00
2017/05/02	17.81	18.21	16.93	16.93	24612393	425274560.00
2017/05/03	16.81	17.23	16.80	16.97	15641063	268705664.00
2017/05/04	16.96	17.26	16.56	16.69	10326153	176509328.00
2017/05/05	16.76	16.80	16.53	16.66	6727931	113432328.00
2017/05/08	16.67	17.02	16.57	16.74	7939184	135130208.00
2017/05/09	16.62	17.00	16.61	16.82	4592064	78114680.00
2017/05/10	16.92	17.17	16.82	16.85	5977668	102919624.00
2017/05/11	16.81	17.31	16.72	17.29	7787325	134071544.00
2017/05/12	17.20	17.37	16.98	17.19	5447013	94565048.00
2017/05/15	18.93	18.93	18.93	18.93	6461585	123545504.00
2017/05/16	19.18	19.18	18.19	18.98	25340640	478821024.00
2017/05/17	18.59	18.99	18.44	18.75	14092386	266912960.00
2017/05/18	18.40	19.06	18.22	18.28	10381718	195249488.00
2017/05/19	18.22	18.39	17.51	17.76	10958352	198092384.00
2017/05/22	17.66	18.00	17.16	17.35	6599888	117511368.00
2017/05/23	17.41	17.64	16.53	16.70	8483318	146183936.00
2017/05/24	16.70	17.06	16.61	16.81	5532258	94084632.00
2017/05/25	16.86	17.02	16.51	16.92	6650848	113258584.00
2017/05/26	16.98	18.00	16.98	17.70	14577304	258429216.00
2017/05/31	17.81	18.26	17.55	17.97	8715343	156926496.00
2017/06/01	17.91	17.91	17.41	17.57	6333161	112721816.00
2017/06/02	17.56	18.00	17.39	17.84	5405168	96690960.00
2017/06/05	18.06	18.51	17.87	17.88	8307116	152726464.00
2017/06/06	17.82	18.23	17.82	18.10	6137780	111886552.00
2017/06/07	18.02	18.58	18.02	18.55	10268012	190185344.00
2017/06/08	18.56	18.76	18.26	18.42	5774127	107401736.00
2017/06/09	18.46	19.68	18.23	19.02	9829668	186780800.00
2017/06/12	19.89	20.81	18.61	18.82	23991347	473128640.00
2017/06/13	18.72	18.92	18.13	18.67	12002867	224096432.00
2017/06/14	18.56	18.98	18.56	18.72	7657985	144459552.00
2017/06/15	18.70	19.36	18.61	19.26	9496551	182963296.00
2017/06/16	19.25	19.77	19.18	19.28	8797089	171899632.00
2017/06/19	19.04	19.04	18.76	18.90	10641377	201815648.00
2017/06/20	18.90	19.50	18.90	19.11	7482895	144993472.00
2017/06/21	19.24	19.61	19.11	19.36	6572436	127954824.00
2017/06/22	19.37	19.40	18.73	18.82	5469674	105023632.00
2017/06/23	18.81	18.84	18.21	18.84	6551436	122073552.00
2017/06/26	18.71	18.76	18.47	18.71	7502738	140042848.00
2017/06/27	18.70	18.79	18.51	18.63	3370876	63041452.00
2017/06/28	18.87	19.06	18.41	18.54	7005407	131727168.00
2017/06/29	18.66	18.76	18.41	18.59	6023277	112503240.00
2017/06/30	18.59	18.60	18.35	18.51	4091170	75963352.00
2017/07/03	18.53	19.20	18.45	19.09	8945005	170111568.00
2017/07/04	19.00	19.60	18.91	19.55	12662065	245875696.00
2017/07/05	19.55	20.07	19.35	20.07	17187671	341427936.00
2017/07/06	19.74	19.96	19.31	19.71	16854190	331935392.00
2017/07/07	19.46	19.72	19.30	19.51	9283045	181751248.00
2017/07/10	19.44	19.50	19.23	19.30	4262986	82895576.00
2017/07/11	19.26	19.45	18.51	18.60	7590686	144674304.00
2017/07/12	18.56	18.79	17.93	18.14	8569142	156820896.00
2017/07/13	18.18	18.24	17.95	18.04	4631607	84115776.00
2017/07/14	18.02	18.30	17.96	18.15	4158366	75804040.00
2017/07/17	18.04	18.14	16.91	16.96	7553869	132124096.00
2017/07/18	16.99	17.56	16.98	17.47	5174029	89844176.00
2017/07/19	17.41	17.76	17.30	17.71	3667799	64690448.00
2017/07/20	17.76	17.88	17.50	17.60	2703924	48002612.00
2017/07/21	17.60	17.87	17.60	17.80	3145152	56116700.00
2017/07/24	17.65	17.79	17.49	17.61	2702395	47863020.00
2017/07/25	17.49	17.66	17.34	17.37	3653668	64202800.00
2017/07/26	17.37	17.79	17.37	17.72	3377550	59580356.00
2017/07/27	17.72	19.39	17.72	19.29	17721522	334879008.00
2017/07/28	19.29	19.47	18.82	19.29	10998185	212727456.00
2017/07/31	19.09	19.40	18.97	19.26	4901758	94553904.00
2017/08/01	19.17	19.23	18.95	19.09	4007402	76776896.00
2017/08/02	19.09	19.17	18.71	18.73	4919118	93423232.00
2017/08/03	18.79	19.91	18.77	18.99	15027240	293103136.00
2017/08/04	19.15	19.66	19.11	19.11	10457105	203699696.00
2017/08/07	19.21	19.93	19.21	19.71	10817805	213621568.00
2017/08/08	19.71	20.21	19.31	20.03	14030812	280239296.00
2017/08/09	19.81	19.90	19.49	19.54	8976187	177073088.00
2017/08/10	19.51	19.81	19.21	19.31	7531477	147798752.00
2017/08/11	19.19	19.70	19.04	19.38	8589374	167574736.00
2017/08/14	19.44	21.09	19.44	20.63	18833397	388274720.00
2017/08/15	20.61	21.41	20.43	21.05	20018369	423542144.00
2017/08/16	21.16	21.41	20.63	21.21	13198300	280754016.00
2017/08/17	20.91	22.25	20.84	22.06	23255934	508218304.00
2017/08/18	21.91	22.23	21.46	21.49	12220753	266942096.00
2017/08/21	21.60	21.60	20.91	21.26	13461592	286044512.00
2017/08/22	21.14	21.60	20.97	21.29	9631246	206176016.00
2017/08/23	21.21	21.64	21.03	21.14	8981025	192943920.00
2017/08/24	20.96	21.23	20.31	20.41	11839704	246031680.00
2017/08/25	20.60	21.06	20.60	20.91	9228105	192912176.00
2017/08/28	20.99	21.70	20.91	20.99	13299808	284920960.00
2017/08/29	21.00	21.54	20.71	20.80	10008002	211592640.00
2017/08/30	20.86	21.24	20.51	20.61	9956952	207595424.00
2017/08/31	20.70	21.54	20.66	21.53	13796965	293396480.00
2017/09/01	21.54	22.17	21.21	21.99	20023247	435970496.00
2017/09/04	21.96	22.76	21.73	22.03	18822136	421032384.00
2017/09/05	22.06	22.43	21.84	22.16	11433416	254540720.00
2017/09/06	22.09	22.86	21.99	22.66	14002308	317097440.00
2017/09/07	22.67	23.00	21.67	21.76	17124906	381929152.00
2017/09/08	21.72	21.99	21.62	21.94	7751504	169582336.00
2017/09/11	21.95	22.04	21.60	21.81	8050670	175659008.00
2017/09/12	21.75	22.41	21.55	22.22	10732291	237668032.00
2017/09/13	22.29	23.01	21.99	22.16	12478135	281270464.00
2017/09/14	21.93	22.28	21.76	21.87	7814922	172211296.00
2017/09/15	21.91	21.95	21.37	21.62	7911973	171861760.00
2017/09/18	21.62	22.07	21.26	21.94	9949412	216777424.00
2017/09/19	21.99	21.99	21.52	21.61	4123775	89866008.00
2017/09/20	21.60	21.60	21.08	21.26	8339902	178066672.00
2017/09/21	21.13	21.51	20.83	20.85	5294800	112567320.00
2017/09/22	20.91	21.13	20.53	21.04	5699743	119402744.00
2017/09/25	20.96	21.58	20.65	21.06	9285486	198534528.00
2017/09/26	20.91	21.27	20.91	21.04	5009321	105940432.00
2017/09/27	21.04	21.71	21.04	21.41	6056872	130473080.00
2017/09/28	21.41	22.13	21.33	21.94	10722283	235595360.00
2017/09/29	21.96	22.21	21.73	22.05	7202203	159014208.00
2017/10/09	22.31	22.65	21.61	22.11	11425859	253416304.00
2017/10/10	22.11	22.36	21.61	22.09	9552198	210591216.00
2017/10/11	21.91	23.13	21.69	22.67	17780203	401770688.00
2017/10/12	22.50	22.97	22.29	22.84	12585261	285485472.00
2017/10/13	22.91	23.12	22.06	22.23	9665712	217052496.00
2017/10/16	22.12	22.43	21.31	21.46	7414373	162568512.00
2017/10/17	21.41	21.65	21.21	21.25	3505967	75439592.00
2017/10/18	21.25	21.57	20.97	21.06	3723121	79557768.00
2017/10/19	21.21	21.40	20.57	20.99	5625345	117902680.00
2017/10/20	20.99	21.23	20.74	21.13	3161088	66909536.00
2017/10/23	21.12	21.59	21.01	21.44	4041680	86740824.00
2017/10/24	21.54	21.54	20.92	21.32	3142496	67018524.00
2017/10/25	21.80	22.51	21.63	22.43	14329438	319035136.00
2017/10/26	22.46	22.62	22.03	22.36	9437361	211760960.00
2017/10/27	22.29	22.86	22.14	22.67	13204508	299489728.00
2017/10/30	22.58	23.23	21.91	22.89	17406634	396830720.00
2017/10/31	22.72	23.91	22.63	23.85	23220034	547362688.00
2017/11/01	23.93	24.10	23.57	23.92	14217668	340367744.00
2017/11/02	23.93	24.24	23.01	23.08	17145629	405139168.00
2017/11/03	23.56	24.00	22.75	23.18	14330510	336058496.00
2017/11/06	23.14	24.70	22.62	24.61	18289357	436387616.00
2017/11/07	24.71	25.77	24.12	24.57	27345052	683757056.00
2017/11/08	24.71	25.57	24.24	25.44	25394081	635495360.00
2017/11/09	24.91	26.68	24.74	25.74	29937408	778137792.00
2017/11/10	25.41	26.19	25.20	25.21	20681840	532019296.00
2017/11/13	25.41	26.38	24.72	26.30	20846211	537217792.00
2017/11/14	26.21	26.56	25.74	25.90	14330105	375693632.00
2017/11/15	25.61	25.71	24.14	24.40	19001327	472052096.00
2017/11/16	24.41	24.88	24.24	24.59	9704916	239861808.00
2017/11/17	24.66	25.09	23.31	23.76	11892166	291580480.00
2017/11/20	23.92	24.89	22.93	24.81	15108483	363644608.00
2017/11/21	24.58	25.06	24.30	24.83	10513458	260696624.00
2017/11/22	24.83	25.66	24.41	24.63	14894745	374356768.00
2017/11/23	24.51	24.51	23.66	23.70	12325196	296234656.00
2017/11/24	23.58	23.76	23.14	23.26	7895509	185842576.00
2017/11/27	23.17	23.71	22.80	22.80	8435632	197848896.00
2017/11/28	22.88	23.88	22.86	23.80	12652887	298796128.00
2017/11/29	23.81	24.35	23.61	24.27	11215119	270489472.00
2017/11/30	24.05	24.29	23.14	23.33	10068606	238682688.00
2017/12/01	23.17	24.36	23.17	24.27	10928936	262478192.00
2017/12/04	24.27	25.00	24.07	24.29	15373183	379372928.00
2017/12/05	24.05	24.20	22.98	23.20	13397625	314955520.00
2017/12/06	23.17	23.38	21.63	22.51	19782005	443807904.00
2017/12/07	22.21	22.73	22.12	22.31	6541183	147731120.00
2017/12/08	22.21	23.13	22.21	22.88	9100947	208274928.00
2017/12/11	23.51	24.51	23.51	23.82	16251280	391795008.00
2017/12/12	24.41	24.51	23.85	23.92	10114592	244930544.00
2017/12/13	24.29	24.49	23.73	24.07	9190421	221708528.00
2017/12/14	24.04	25.20	23.94	25.17	20710206	514729632.00
2017/12/15	25.01	25.18	24.47	24.95	14283587	356835776.00
2017/12/18	24.92	25.11	24.30	24.70	8052156	199798400.00
2017/12/19	24.41	24.87	24.30	24.81	7841574	193353856.00
2017/12/20	24.71	24.72	23.67	23.91	10715780	258933552.00
2017/12/21	23.91	24.44	23.54	24.24	8426904	203945616.00
2017/12/22	24.19	24.74	24.01	24.06	7813728	191041984.00
2017/12/25	24.39	24.84	23.61	24.11	10749899	261728288.00
2017/12/26	23.95	24.27	23.47	24.12	7346815	175766880.00
2017/12/27	24.21	24.21	23.52	23.54	5917765	140929408.00
2017/12/28	23.47	23.67	22.83	23.18	9468954	220034128.00
2017/12/29	23.02	23.44	22.84	23.26	6473703	150282928.00
2018/01/02	23.31	23.39	22.81	23.03	6135350	141847488.00
2018/01/03	23.09	23.58	22.86	23.35	10705786	249781584.00
2018/01/04	23.36	23.74	22.98	23.10	9900714	232398160.00
2018/01/05	23.06	23.21	22.09	22.13	20679037	465451424.00
2018/01/08	22.21	22.30	21.58	22.26	12337001	270955616.00
2018/01/09	22.36	22.36	21.97	22.07	5856699	130116312.00
2018/01/10	21.92	22.56	21.61	22.46	10081426	223904416.00
2018/01/11	22.22	23.24	22.13	22.84	12676638	289645440.00
2018/01/12	22.91	23.04	22.34	22.42	6565992	149579712.00
2018/01/15	22.71	22.71	21.01	21.16	10926540	237478928.00
2018/01/16	21.08	21.31	19.06	19.77	25468052	515006272.00
2018/01/17	19.77	20.68	19.48	20.45	16108587	324604576.00
2018/01/18	20.31	20.51	19.91	19.98	7234888	146682816.00
2018/01/19	20.08	21.19	20.01	20.81	13543824	281270272.00
2018/01/22	20.92	22.21	20.92	21.36	16256554	349556800.00
2018/01/23	21.11	21.38	20.92	21.24	10323605	218836800.00
2018/01/24	21.11	21.81	20.98	21.75	11532752	249682176.00
2018/01/25	21.81	22.51	21.66	21.75	14023099	310409120.00
2018/01/26	21.53	22.13	21.51	21.70	7569020	165285536.00
2018/01/29	21.76	21.84	20.22	20.35	17344480	362373824.00
2018/01/30	20.41	21.11	20.39	20.87	8836449	185324160.00
2018/01/31	20.90	21.73	20.21	21.36	13432666	283978592.00
2018/02/01	21.38	21.64	19.90	21.00	15430020	324452224.00
2018/02/02	20.81	21.32	20.24	20.51	10256214	213628528.00
2018/02/05	20.05	20.79	19.91	20.51	7889427	162405824.00
2018/02/06	20.06	20.54	19.18	19.46	10544904	209664336.00
2018/02/07	19.79	20.46	19.08	19.94	12017718	239761264.00
2018/02/08	20.04	20.64	19.81	20.31	8764909	178787776.00
2018/02/09	19.61	20.54	19.41	19.84	12706608	255981488.00
2018/02/12	20.10	21.29	20.01	21.07	13196800	274518208.00
2018/02/13	21.35	22.11	21.11	21.32	15544657	337978688.00
2018/02/14	21.33	21.65	21.03	21.36	5228508	112184928.00
2018/02/22	21.63	22.00	21.42	21.98	9226907	201810640.00
2018/02/23	21.96	22.20	21.39	21.61	7922745	172436848.00
2018/02/26	21.82	22.35	21.58	22.23	12947955	286927552.00
2018/02/27	22.28	23.18	22.14	22.83	16266216	372599552.00
2018/02/28	22.74	23.57	22.46	23.20	15647719	363715072.00
2018/03/01	23.06	24.91	22.92	24.31	21880003	527996384.00
2018/03/02	24.26	25.01	23.68	23.71	17578289	427259520.00
2018/03/05	23.89	24.46	23.58	24.16	15457786	372228032.00
2018/03/06	24.21	24.88	23.71	23.95	19225456	470302944.00
2018/03/07	23.77	24.19	23.39	23.63	13917904	330873600.00
2018/03/08	23.65	24.11	23.42	23.82	11767334	280326336.00
2018/03/09	23.84	25.26	23.62	24.77	24562978	606981440.00
2018/03/12	25.07	25.85	24.91	25.73	24308490	620763648.00
2018/03/13	25.51	25.78	25.08	25.19	13053734	332020256.00
2018/03/14	25.02	25.20	24.02	24.23	15818169	391521728.00
2018/03/15	23.99	24.20	23.53	24.13	16402594	392781184.00
2018/03/16	24.16	24.32	23.76	23.76	10681399	258363568.00
2018/03/19	23.90	24.68	23.82	24.02	13793926	337035808.00
2018/03/20	23.71	24.21	23.27	24.03	11161439	265582448.00
2018/03/21	24.31	24.61	23.78	23.81	12579133	306149760.00
2018/03/22	23.73	24.46	23.41	24.14	11857316	285384448.00
2018/03/23	23.23	24.18	22.60	22.86	17315358	405780160.00
2018/03/26	22.71	24.81	22.51	24.64	18888196	451948768.00
2018/03/27	24.83	25.68	24.83	25.60	27772276	704621952.00
2018/03/28	25.07	25.50	24.82	25.00	22628534	570622784.00
2018/03/29	24.99	26.25	24.90	25.24	23824714	610312000.00
2018/03/30	25.48	27.60	25.29	27.27	39678146	1054756800.00
2018/04/02	27.31	28.64	27.01	27.54	41251821	1149457024.00
2018/04/03	27.11	27.44	26.50	27.40	24005497	648331136.00
2018/04/04	27.48	27.71	26.07	26.27	22165828	597454400.00
2018/04/09	26.42	27.31	25.90	26.66	24390699	653795456.00
2018/04/10	26.55	26.69	25.53	26.32	24028304	628054848.00
2018/04/11	26.44	27.16	26.33	26.47	17296177	463158816.00
2018/04/12	26.32	26.89	26.09	26.11	13379017	355840928.00
2018/04/13	26.28	27.21	26.27	26.65	18139810	487265600.00
2018/04/16	26.76	28.00	26.76	27.59	30635961	841589952.00
2018/04/17	27.80	28.38	25.91	26.18	30757319	836974080.00
2018/04/18	26.30	28.76	25.62	28.57	36715654	1009618432.00
2018/04/19	28.50	30.05	28.36	29.00	44752229	1308527872.00
2018/04/20	28.46	29.18	27.91	28.48	29276987	836100928.00
2018/04/23	28.91	28.91	25.68	26.29	39220163	1065539456.00
2018/04/24	26.21	27.03	25.61	26.94	22207178	590538368.00
2018/04/25	26.49	27.51	26.25	26.40	22438596	604368448.00
2018/04/26	26.29	27.01	25.42	26.63	19965509	528111520.00
2018/04/27	26.63	26.85	25.74	26.21	16541666	437181184.00
2018/05/02	25.91	26.28	24.29	24.80	28130017	707286400.00
2018/05/03	23.71	24.71	22.31	24.31	46866989	1088284160.00
2018/05/04	23.58	24.59	23.50	24.26	21779676	526022560.00
2018/05/07	24.38	25.05	24.01	24.93	14957663	370945152.00
2018/05/08	24.97	24.99	24.41	24.80	14410435	356819424.00
2018/05/09	24.81	24.81	24.33	24.55	8815323	217275920.00
2018/05/10	24.59	24.81	23.82	24.21	10598199	259500560.00
2018/05/11	24.33	24.46	23.45	23.45	10638826	254775776.00
2018/05/14	23.43	24.33	23.43	23.89	12754787	306425600.00
2018/05/15	23.99	24.06	22.98	24.02	15027546	353944672.00
2018/05/16	23.92	24.35	23.56	23.72	12611928	303265856.00
2018/05/17	23.59	23.94	23.06	23.28	8987815	211026880.00
2018/05/18	23.31	23.53	22.95	23.49	9008772	210422192.00
2018/05/21	23.72	24.51	23.72	24.35	17739757	428337472.00
2018/05/22	24.31	24.83	23.94	24.69	15170899	370620416.00
2018/05/23	24.48	25.04	24.39	24.59	15151967	375650336.00
2018/05/24	24.58	25.19	24.58	25.00	12386159	309790816.00
2018/05/25	24.87	24.95	24.18	24.22	9333012	228496544.00
2018/05/28	24.28	24.35	23.30	23.40	9998727	238442016.00
2018/05/29	23.53	24.12	23.44	23.70	8872552	211919984.00
2018/05/30	23.14	24.24	22.98	23.56	12876405	308188000.00
2018/05/31	23.87	24.14	23.51	24.04	8624482	205726480.00
2018/06/01	23.96	24.64	23.87	24.33	14502478	353232896.00
2018/06/04	24.56	24.62	22.74	23.16	16312772	384177024.00
2018/06/05	23.26	24.01	23.22	23.97	11431334	270589568.00
2018/06/06	24.11	24.35	23.44	23.59	11413779	273566368.00
2018/06/07	23.69	24.09	23.47	23.64	7063410	168344880.00
2018/06/08	23.56	23.83	23.06	23.76	8905783	209832128.00
2018/06/11	23.74	24.12	23.26	23.41	9011082	213950320.00
2018/06/12	23.44	23.73	22.84	23.56	9271139	216586400.00
2018/06/13	23.56	23.74	23.06	23.08	6595521	154450688.00
2018/06/14	22.92	23.00	20.77	20.78	41159059	874496128.00
2018/06/15	20.36	21.12	19.50	20.71	19205095	393754912.00
2018/06/19	20.14	20.77	19.21	20.26	13720333	277472544.00
2018/06/20	20.15	20.90	19.86	20.58	10391979	213195008.00
2018/06/21	20.63	20.71	19.23	19.24	13534614	268562656.00
2018/06/22	19.00	19.90	18.76	19.52	9253476	180982720.00
2018/06/25	19.96	20.44	19.41	19.61	11165467	223025056.00
2018/06/26	19.26	20.56	19.04	20.37	15279321	307578432.00
2018/06/27	20.42	20.56	19.95	20.15	8693483	175890896.00
2018/06/28	20.14	20.55	19.76	19.98	9248241	186811584.00
2018/06/29	20.06	21.31	19.86	21.18	15260481	316939968.00
2018/07/02	21.15	21.36	20.61	20.79	10556333	221478928.00
2018/07/03	20.84	21.71	20.61	21.47	12775129	271064544.00
2018/07/04	21.26	21.36	20.48	20.70	9637907	201428512.00
2018/07/05	20.59	20.88	19.95	20.01	8465878	172568096.00
2018/07/06	20.14	20.90	20.02	20.38	10429243	214092928.00
2018/07/09	20.54	21.24	20.49	21.18	11348786	237996912.00
2018/07/10	21.34	21.35	20.86	21.26	8670578	183694912.00
2018/07/11	20.76	20.89	19.95	20.48	11407066	233232064.00
2018/07/12	20.54	21.29	20.42	21.16	12036930	253365424.00
2018/07/13	21.26	21.44	20.88	21.13	10444592	221827136.00
2018/07/16	21.14	21.54	20.80	21.16	9880121	209118384.00
2018/07/17	21.16	21.16	20.46	20.87	10179805	211619088.00
2018/07/18	20.95	20.99	20.57	20.57	6224292	129509048.00
2018/07/19	20.50	20.74	19.98	20.10	6460950	131230280.00
2018/07/20	19.99	20.74	19.99	20.62	7861423	161484560.00
2018/07/23	20.81	21.52	20.65	21.41	13143522	280387520.00
2018/07/24	21.31	22.13	21.06	21.78	13728064	299101792.00
2018/07/25	21.76	22.38	21.68	21.80	13122194	289908800.00
2018/07/26	21.99	22.25	21.44	21.54	8955818	195051872.00
2018/07/27	21.52	21.60	21.08	21.24	5437990	116156440.00
2018/07/30	21.31	21.47	20.47	20.68	9711598	202833792.00
2018/07/31	20.66	20.75	20.16	20.28	8704987	177423344.00
2018/08/01	20.38	20.63	20.08	20.09	7408990	150868592.00
2018/08/02	20.09	20.09	18.12	18.72	22982565	430018816.00
2018/08/03	18.46	18.59	16.84	16.84	31687162	551890752.00
2018/08/06	16.65	16.80	15.76	16.66	16636667	273912192.00
2018/08/07	16.55	17.00	16.33	16.86	11149389	187655200.00
2018/08/08	16.88	16.90	16.04	16.09	14197659	232616672.00
2018/08/09	16.11	17.38	16.11	17.12	18541940	314856064.00
2018/08/10	17.11	17.56	17.01	17.47	12936140	225340048.00
2018/08/13	17.17	18.44	16.99	18.24	15536723	279267360.00
2018/08/14	18.16	18.17	17.77	17.87	7808397	140613472.00
2018/08/15	17.87	18.17	17.18	17.49	9121873	161131392.00
2018/08/16	17.18	17.82	16.99	17.19	7634203	133361664.00
2018/08/17	17.40	17.79	17.26	17.28	11250193	197688928.00
2018/08/20	17.02	17.61	16.66	17.56	9788954	168491120.00
2018/08/21	17.65	17.66	17.20	17.55	8550714	149554464.00
2018/08/22	17.57	17.57	17.01	17.05	7043946	121562128.00
2018/08/23	17.03	17.64	17.03	17.45	10345421	180869744.00
2018/08/24	17.51	17.74	17.37	17.56	7775924	137234512.00
2018/08/27	17.57	18.51	17.57	18.42	10901639	199576720.00
2018/08/28	18.64	18.73	18.26	18.42	7801879	144174848.00
2018/08/29	18.55	19.21	18.14	18.56	10233739	190858304.00
2018/08/30	18.64	18.74	18.21	18.55	7498474	138985584.00
2018/08/31	18.46	18.56	18.03	18.06	8623240	157580416.00
2018/09/03	18.09	18.56	17.67	18.51	7300554	132584200.00
2018/09/04	18.49	19.39	18.38	19.10	12016672	227423328.00
2018/09/05	18.97	19.57	18.66	18.69	9572090	183277584.00
2018/09/06	18.60	19.34	18.60	18.98	9440057	180052000.00
2018/09/07	18.98	19.27	18.32	18.66	9350703	176571152.00
2018/09/10	18.58	18.90	18.34	18.51	6203736	115495176.00
2018/09/11	18.41	18.81	18.27	18.59	4090959	76039472.00
2018/09/12	18.65	18.80	18.14	18.30	4580920	84870616.00
2018/09/13	18.52	18.78	18.23	18.77	5584375	103798168.00
2018/09/14	18.66	18.88	18.31	18.40	4981788	92597504.00
2018/09/17	18.36	18.52	17.66	17.70	6240734	112335936.00
2018/09/18	17.71	18.52	17.65	18.51	7462574	135095968.00
2018/09/19	18.51	18.99	18.21	18.64	6944311	129894720.00
2018/09/20	18.56	18.79	18.48	18.70	4026798	75161040.00
2018/09/21	18.66	19.01	18.51	18.88	5741226	108312064.00
2018/09/25	18.81	19.14	18.66	18.91	5327435	101195952.00
2018/09/26	19.01	19.06	18.69	18.87	5197162	98387056.00
2018/09/27	18.87	19.14	18.25	18.27	4848811	90489904.00
2018/09/28	18.44	18.82	17.66	18.82	11306538	203351632.00
2018/10/08	18.30	18.30	17.66	17.74	6150855	110472080.00
2018/10/09	17.86	17.96	17.43	17.54	5294958	93648808.00
2018/10/10	17.60	17.73	17.17	17.40	4201033	73536056.00
2018/10/11	16.86	16.86	15.96	16.21	8100461	132978520.00
2018/10/12	16.26	16.61	15.28	16.41	8134251	129913264.00
2018/10/15	16.82	17.60	16.82	17.27	11560758	201027088.00
2018/10/16	17.51	17.95	17.16	17.29	9643887	169112000.00
2018/10/17	17.46	18.44	17.46	18.25	9607868	173844080.00
2018/10/18	18.11	18.54	17.69	17.86	5728605	103755528.00
2018/10/19	17.66	19.46	17.47	19.25	13121572	245172896.00
2018/10/22	19.36	20.33	19.07	19.95	14745053	290915360.00
2018/10/23	19.91	19.92	19.12	19.25	8479472	165068320.00
2018/10/24	19.31	19.51	18.72	18.99	7321676	139273872.00
2018/10/25	18.26	19.26	18.23	19.14	8452040	158209328.00
2018/10/26	19.17	19.34	18.56	18.75	6228728	117908240.00
2018/10/29	18.75	19.33	18.49	18.67	6253781	119008472.00
2018/10/30	18.93	19.53	18.34	19.40	9195163	176187728.00
2018/10/31	19.41	19.75	19.18	19.46	7083075	138066688.00
2018/11/01	19.80	20.22	19.22	19.31	9054829	179392192.00
2018/11/02	19.86	21.06	19.76	20.97	15943815	326755776.00
2018/11/05	20.96	21.13	20.28	20.89	11464538	237224592.00
2018/11/06	20.76	20.84	19.99	20.33	8860577	179493680.00
2018/11/07	20.40	21.00	20.40	20.46	8642640	178885952.00
2018/11/08	20.56	20.86	20.08	20.20	5645310	115461712.00
2018/11/09	19.97	21.03	19.96	20.56	5111079	105470544.00
2018/11/12	20.48	21.53	20.45	21.30	11518830	244769472.00
2018/11/13	21.01	21.43	20.99	21.14	7477721	159006464.00
2018/11/14	21.11	21.33	20.58	20.63	6574463	137256384.00
2018/11/15	20.39	20.81	20.04	20.81	10348038	211491152.00
2018/11/16	20.88	20.89	20.23	20.36	9686326	199657056.00
2018/11/19	20.40	20.56	20.08	20.37	6161511	125656848.00
2018/11/20	20.21	20.39	19.66	19.66	7109097	141852496.00
2018/11/21	19.39	19.65	19.17	19.45	7478196	145206992.00
2018/11/22	19.51	20.08	19.51	20.00	6472737	129233928.00
2018/11/23	19.98	20.06	19.07	19.36	6236356	121936848.00
2018/11/26	19.32	20.42	19.27	20.16	7904044	158589392.00
2018/11/27	20.16	20.81	20.16	20.34	6539703	134316672.00
2018/11/28	20.26	20.81	20.06	20.62	4679953	95999160.00
2018/11/29	20.66	20.93	20.08	20.13	4905343	100964192.00
2018/11/30	20.05	20.53	19.93	20.52	3659101	74033888.00
2018/12/03	21.16	21.65	20.83	20.92	8758429	186001872.00
2018/12/04	20.92	21.19	20.51	20.75	4809269	100294256.00
2018/12/05	20.48	21.64	20.35	21.35	10990708	234432048.00
2018/12/06	21.26	21.58	20.75	21.35	6914355	147150384.00
2018/12/07	21.26	21.74	21.18	21.41	4746402	102130288.00
2018/12/10	21.33	21.91	21.12	21.14	6128624	132042224.00
2018/12/11	21.26	21.61	20.97	21.21	3781079	80618072.00
2018/12/12	21.34	21.53	20.81	20.93	3548066	74932072.00
2018/12/13	21.06	21.86	20.85	21.70	7018473	151379520.00
2018/12/14	21.60	21.80	20.81	20.96	6626576	140963552.00
2018/12/17	20.90	21.20	20.61	20.66	4890533	101905944.00
2018/12/18	20.46	21.16	20.29	21.05	5346552	110846232.00
2018/12/19	21.05	21.05	19.98	20.06	5411284	110279352.00
2018/12/20	20.16	20.43	19.79	20.16	4774379	96262056.00
2018/12/21	19.89	20.51	19.89	20.36	3030520	61682532.00
2018/12/24	20.48	21.75	20.21	21.44	6544210	139297632.00
2018/12/25	21.40	21.86	20.95	21.46	7960621	170229184.00
2018/12/26	21.54	21.56	21.07	21.15	3575940	76371288.00
2018/12/27	21.36	21.46	20.45	20.66	5372302	112750120.00
2018/12/28	20.81	20.81	20.19	20.52	4033120	82305096.00
2019/01/02	20.46	21.20	20.06	20.92	6272453	130423776.00
2019/01/03	20.76	21.57	20.56	21.03	7021242	149259984.00
2019/01/04	20.87	21.52	20.81	21.50	8196479	174878816.00
2019/01/07	21.56	23.29	21.39	23.04	16362329	370996224.00
2019/01/08	22.80	23.50	22.66	22.99	9329993	215888384.00
2019/01/09	22.99	23.82	22.78	22.97	9679483	225609232.00
2019/01/10	23.05	23.60	22.80	23.11	7427861	172591216.00
2019/01/11	23.07	23.69	22.78	23.32	7952344	185116128.00
2019/01/14	23.37	23.45	22.82	22.89	6223106	143481904.00
2019/01/15	23.13	23.41	22.64	22.81	11139976	255642736.00
2019/01/16	22.94	23.62	22.66	22.81	10454873	242284384.00
2019/01/17	22.85	23.05	22.04	22.61	6825498	154426384.00
2019/01/18	22.72	23.28	22.33	23.26	6983435	160570448.00
2019/01/21	23.66	23.74	22.56	22.84	9650717	222636640.00
2019/01/22	22.92	23.20	22.36	22.64	4206434	95704888.00
2019/01/23	22.43	22.81	22.33	22.71	3860841	87247904.00
2019/01/24	22.57	23.66	22.57	23.38	9272765	216885712.00
2019/01/25	23.46	23.60	23.09	23.26	6028768	141316288.00
2019/01/28	23.36	23.66	22.87	22.98	6155987	143807056.00
2019/01/29	23.08	23.11	22.37	23.01	5378167	122440632.00
2019/01/30	22.83	22.93	22.39	22.45	3493498	79272048.00
2019/01/31	22.45	22.83	21.94	21.96	5729852	128076280.00
2019/02/01	22.09	23.71	22.09	23.57	8903951	207458864.00
2019/02/11	23.64	24.45	23.64	24.32	7722919	186906592.00
2019/02/12	24.59	24.62	24.07	24.31	6860614	167105664.00
2019/02/13	24.31	24.57	24.01	24.52	9051376	220437232.00
2019/02/14	24.36	25.21	24.16	24.57	8930465	220559088.00
2019/02/15	24.59	24.73	24.10	24.10	6520942	159535408.00
2019/02/18	24.41	25.44	24.36	25.40	8832750	220818784.00
2019/02/19	25.42	25.91	24.97	25.55	9210848	235042848.00
2019/02/20	25.22	25.91	25.02	25.31	7228956	184379856.00
2019/02/21	25.71	25.76	24.91	25.16	10357816	263148320.00
2019/02/22	25.14	25.61	24.87	25.59	8592859	217406048.00
2019/02/25	25.84	28.11	25.84	26.66	19792322	530815552.00
2019/02/26	26.57	26.73	25.71	26.06	11816644	310283840.00
2019/02/27	26.04	26.25	24.72	24.95	15389920	392358144.00
2019/02/28	25.01	26.36	24.86	25.76	13606525	350114112.00
2019/03/01	25.99	26.76	25.27	25.81	10139934	263210112.00
2019/03/04	25.97	27.46	25.62	26.43	17983143	479287808.00
2019/03/05	26.29	27.64	26.14	27.63	14033028	380665856.00
2019/03/06	28.01	29.76	27.81	28.41	25585100	733458560.00
2019/03/07	27.93	29.28	27.66	29.21	17697935	506271360.00
2019/03/08	28.53	31.86	28.16	29.45	28250963	846884928.00
2019/03/11	30.16	31.16	29.26	30.93	25570169	780597632.00
2019/03/12	31.24	31.66	29.76	31.66	29709500	910986496.00
2019/03/13	31.12	31.14	28.49	28.49	30541979	905001920.00
2019/03/14	28.11	28.46	26.97	27.63	17141903	475227968.00
2019/03/15	27.73	28.17	27.06	27.50	12493027	346333664.00
2019/03/18	27.56	28.22	27.31	28.04	9673409	269678784.00
2019/03/19	28.12	29.25	28.04	28.76	11705856	337201472.00
2019/03/20	28.85	28.86	27.58	28.11	10466058	294206624.00
2019/03/21	28.16	28.95	27.65	28.61	11490198	328002048.00
2019/03/22	28.41	28.56	27.46	27.99	13094442	366571296.00
2019/03/25	28.01	29.10	27.76	28.34	13316215	380105568.00
2019/03/26	28.74	30.28	27.96	28.31	27538709	804096640.00
2019/03/27	28.31	29.24	27.96	28.94	14363667	414067968.00
2019/03/28	28.92	29.58	28.18	28.56	10431380	302880384.00
2019/03/29	28.47	29.55	28.11	29.44	11993051	350010496.00
2019/04/01	29.45	30.88	29.41	30.66	16747166	510072544.00
2019/04/02	30.60	31.06	29.98	30.04	12848678	391605248.00
2019/04/03	29.97	30.06	28.86	29.44	13813839	405754080.00
2019/04/04	30.02	30.64	29.63	29.76	13225768	398226304.00
2019/04/08	29.62	29.92	27.43	28.18	21383888	607840064.00
2019/04/09	27.96	28.58	27.34	28.01	10567159	296580192.00
2019/04/10	27.96	27.99	26.77	27.45	12805795	350865344.00
2019/04/11	27.66	27.79	26.86	27.00	8037419	219208560.00
2019/04/12	27.03	27.26	26.56	26.98	6179631	166188688.00
2019/04/15	27.93	28.14	26.75	26.98	14156554	389160256.00
2019/04/16	26.72	27.55	25.89	27.46	10892101	292633760.00
2019/04/17	27.44	27.86	27.16	27.27	8085847	222679328.00
2019/04/18	27.32	27.40	26.86	26.94	4694874	127320320.00
2019/04/19	27.31	27.51	26.89	27.31	7021115	191469424.00
2019/04/22	27.56	28.64	27.35	28.26	15412935	435120224.00
2019/04/23	28.56	29.25	28.07	28.52	13336080	382239456.00
2019/04/24	28.86	29.16	27.88	28.73	11506392	329137184.00
2019/04/25	28.28	29.07	28.16	28.40	11987057	343382112.00
2019/04/26	28.39	28.70	27.76	27.87	10488292	297026080.00
2019/04/29	27.62	27.62	25.32	26.71	18229151	481249152.00
2019/04/30	26.57	27.12	25.44	26.23	11431444	299831712.00
2019/05/06	25.41	25.41	23.60	24.41	15579726	379483936.00
2019/05/07	24.43	24.69	23.79	24.63	9040482	219217392.00
2019/05/08	24.03	25.25	23.84	24.51	7502000	184991936.00
2019/05/09	24.21	25.12	23.67	24.98	10589310	259292464.00
2019/05/10	25.51	26.70	25.01	26.67	12170980	317356640.00
2019/05/13	26.46	27.42	26.32	26.72	10049527	271447232.00
2019/05/14	26.44	27.09	25.76	25.80	8510668	223871168.00
2019/05/15	25.99	26.24	25.49	25.66	9131857	235746464.00
2019/05/16	25.76	25.90	24.96	25.24	8949140	226392944.00
2019/05/17	25.36	25.61	23.86	24.34	11779648	290044896.00
2019/05/20	24.34	24.44	23.71	24.16	7321511	176591216.00
2019/05/21	24.13	25.17	23.91	24.62	8310764	204433952.00
2019/05/22	24.74	25.52	24.63	25.42	9980143	252874624.00
2019/05/23	25.06	25.15	24.16	24.58	8917139	219809216.00
2019/05/24	24.38	24.74	23.65	23.75	8541374	204894384.00
2019/05/27	23.82	24.95	23.47	24.72	9278303	226053680.00
2019/05/28	24.86	25.21	24.61	24.86	6994050	174250336.00
2019/05/29	24.61	24.80	24.32	24.53	5380785	132127624.00
2019/05/30	24.45	24.92	24.08	24.92	5296602	130188232.00
2019/05/31	24.76	24.94	24.09	24.28	5737247	140789776.00
2019/06/03	24.28	24.51	23.96	24.32	6833422	165909520.00
2019/06/04	24.26	24.41	23.68	23.84	4016205	96642728.00
2019/06/05	24.12	24.45	23.88	24.00	4330711	104941384.00
2019/06/06	24.00	24.70	23.75	23.98	7257004	175707952.00
2019/06/10	24.22	24.67	23.98	24.53	4155422	101429776.00
2019/06/11	24.54	25.35	24.28	25.29	8291108	207648656.00
2019/06/12	25.38	25.59	25.00	25.24	5974178	151108384.00
2019/06/13	25.35	25.55	24.84	24.95	5245231	131521456.00
2019/06/14	25.54	25.88	24.75	24.88	7965041	201681648.00
2019/06/17	24.78	25.52	24.64	25.05	6277901	157897488.00
2019/06/18	24.98	25.68	24.91	25.52	6892040	175299280.00
2019/06/19	26.05	26.30	25.62	25.71	9140208	237400784.00
2019/06/20	25.64	26.56	25.60	26.30	8601876	224665216.00
2019/06/21	26.50	27.20	26.47	26.48	10179178	272110848.00
2019/06/24	27.50	27.80	26.66	26.93	10411063	283886496.00
2019/06/25	26.77	26.77	25.90	26.36	9474059	249116352.00
2019/06/26	26.39	26.82	26.16	26.82	5195345	138028896.00
2019/06/27	26.88	27.08	26.57	26.75	6532394	175371248.00
2019/06/28	26.79	27.17	26.28	26.90	5722166	152595808.00
2019/07/01	27.99	28.18	27.61	27.88	9742816	271901888.00
2019/07/02	27.89	28.33	27.66	28.07	7848136	220133184.00
2019/07/03	27.90	28.11	27.32	27.78	5233201	145152896.00
2019/07/04	27.96	28.10	27.36	27.62	4242702	117721320.00
2019/07/05	27.81	28.07	27.38	27.94	5089192	141820496.00
2019/07/08	28.08	28.08	26.74	26.97	6884466	186750544.00
2019/07/09	27.06	27.27	26.66	27.05	4248772	114905992.00
2019/07/10	27.27	27.42	26.90	27.02	2817277	76542056.00
2019/07/11	27.16	27.77	26.92	27.13	4147179	113155112.00
2019/07/12	27.35	27.36	26.67	26.87	3790605	102093568.00
2019/07/15	26.78	28.45	26.51	28.12	8518648	236971360.00
2019/07/16	28.10	28.36	27.85	27.96	3528728	99066384.00
2019/07/17	28.00	28.28	27.80	27.82	3220132	90167784.00
2019/07/18	27.80	27.80	27.20	27.22	4013218	110010344.00
2019/07/19	27.42	27.70	27.20	27.32	3227268	88526640.00
2019/07/22	27.35	27.78	26.93	27.32	6104971	167522672.00
2019/07/23	27.31	27.88	27.21	27.81	3680573	101746888.00
2019/07/24	27.89	28.60	27.89	28.37	6316205	179108480.00
2019/07/25	28.45	29.42	28.25	29.07	8402947	243283936.00
2019/07/26	29.01	29.08	28.35	28.90	5413140	155432592.00
2019/07/29	28.86	29.05	28.50	28.75	3224327	92776184.00
2019/07/30	28.79	29.36	28.76	29.03	4751389	138552080.00
2019/07/31	29.08	29.30	28.68	28.88	4242030	122688552.00
2019/08/01	28.62	29.20	28.45	28.93	4242323	122712936.00
2019/08/02	28.22	28.86	28.19	28.57	6312566	180601904.00
2019/08/05	28.71	29.27	28.06	28.19	6251770	178872848.00
2019/08/06	27.70	28.46	26.96	27.82	10814313	300461152.00
2019/08/07	28.24	28.51	27.42	27.54	6824291	190962080.00
2019/08/08	27.96	28.21	27.33	28.05	5492000	153159600.00
2019/08/09	28.14	28.39	27.40	27.40	5338840	148301296.00
2019/08/12	27.50	27.65	26.71	27.44	8615489	234779968.00
2019/08/13	27.43	27.43	26.05	26.51	12079048	321704320.00
2019/08/14	26.93	27.95	26.91	27.15	10847174	296874336.00
2019/08/15	26.70	28.04	26.41	27.96	12578835	343457792.00
2019/08/16	27.96	29.07	27.96	28.61	13155941	377047328.00
2019/08/19	28.99	30.19	28.96	29.99	17674543	523669696.00
2019/08/20	30.03	30.46	29.70	29.85	8456681	253313392.00
2019/08/21	29.65	30.09	29.50	29.90	6645907	198181184.00
2019/08/22	30.08	30.18	29.55	29.96	7069853	211249152.00
2019/08/23	29.94	30.38	29.57	29.91	5513940	165125360.00
2019/08/26	29.41	29.83	29.31	29.63	8019603	236859264.00
2019/08/27	29.99	30.46	29.55	29.88	12044272	361322432.00
2019/08/28	29.69	30.88	29.06	29.31	16618939	497144352.00
2019/08/29	29.45	31.13	29.45	30.50	19299765	587741952.00
2019/08/30	30.99	31.07	29.33	29.52	15677594	472493472.00
2019/09/02	29.20	31.82	28.94	31.45	20827398	641349824.00
2019/09/03	31.55	31.98	31.04	31.92	14980879	472790720.00
2019/09/04	31.85	32.58	31.60	32.06	15480766	495422560.00
2019/09/05	32.25	35.27	32.25	33.70	27072208	920354688.00
2019/09/06	34.13	35.13	33.80	34.32	15881559	546489920.00
2019/09/09	34.85	36.27	34.33	36.03	18806062	662529664.00
2019/09/10	36.10	36.15	34.11	34.34	19979101	693847616.00
2019/09/11	34.61	35.30	34.03	34.48	12191832	421595232.00
2019/09/12	34.46	34.66	33.82	34.40	8272664	283217824.00
2019/09/16	34.52	35.85	34.20	34.69	15324130	534824512.00
2019/09/17	34.80	34.80	33.13	33.70	13552311	456568320.00
2019/09/18	33.72	33.87	32.84	33.71	9720465	325409696.00
2019/09/19	33.89	34.29	33.39	34.04	8394118	284506016.00
2019/09/20	34.23	34.36	33.34	33.98	10661352	359179360.00
2019/09/23	33.77	33.85	32.88	33.70	10577132	352315552.00
2019/09/24	33.88	35.10	33.64	34.10	14376282	494920608.00
2019/09/25	33.82	34.36	32.99	33.67	9674468	325079360.00
2019/09/26	33.40	33.76	32.10	32.25	11580243	379548416.00
2019/09/27	32.33	33.16	32.30	32.52	7593168	249277792.00
2019/09/30	33.20	34.10	31.40	31.98	13313440	432995936.00
2019/10/08	32.05	32.40	31.29	31.34	7242300	230356752.00
2019/10/09	31.31	31.99	31.05	31.75	8727906	275000672.00
2019/10/10	31.88	32.86	31.65	32.67	7069399	228634224.00
2019/10/11	32.70	32.95	32.34	32.53	6905070	225665152.00
2019/10/14	33.40	33.69	32.81	33.40	7247053	241825136.00
2019/10/15	33.30	33.30	32.50	32.52	5076717	166406816.00
2019/10/16	32.60	33.06	32.11	32.60	4692334	153164048.00
2019/10/17	32.70	33.45	32.56	33.26	4935261	163542384.00
2019/10/18	33.43	33.55	32.41	32.50	6173909	203630576.00
2019/10/21	32.50	32.98	31.56	32.72	5962266	193246432.00
2019/10/22	32.94	34.10	32.76	33.74	9132352	306902848.00
2019/10/23	33.76	34.28	33.33	33.95	6799273	229831152.00
2019/10/24	33.71	33.71	32.89	33.53	7295369	243008688.00
2019/10/25	33.00	33.64	31.10	33.22	14007066	453603584.00
2019/10/28	35.79	35.79	33.65	34.60	17331993	597812672.00
2019/10/29	34.33	34.49	32.98	33.30	11645716	393196320.00
2019/10/30	33.29	33.61	32.61	33.27	6339985	210769104.00
2019/10/31	33.50	33.93	32.85	33.04	4851933	161776320.00
2019/11/01	32.81	33.25	32.50	33.07	4034415	132917424.00
2019/11/04	33.00	34.16	32.86	33.38	5257926	176693600.00
2019/11/05	33.60	34.00	33.30	33.47	6390337	214858656.00
2019/11/06	33.48	33.76	32.70	32.90	5824180	193588192.00
2019/11/07	33.03	33.63	32.90	33.10	4338654	144476304.00
2019/11/08	33.46	34.34	33.39	33.76	8233533	279226656.00
2019/11/11	33.60	33.90	32.56	32.71	9474224	313488352.00
2019/11/12	33.00	33.02	32.12	32.55	4489880	145749824.00
2019/11/13	32.50	32.83	32.28	32.62	4127843	134364080.00
2019/11/14	32.99	33.75	32.57	33.55	5796351	192995184.00
2019/11/15	33.70	34.40	33.46	33.75	6780292	230144160.00
2019/11/18	33.75	34.58	33.70	34.10	7275296	248870272.00
2019/11/19	34.24	34.45	33.78	34.41	7169561	245271408.00
2019/11/20	34.65	34.95	34.10	34.77	7953311	275983872.00
2019/11/21	34.41	34.45	33.77	34.24	6810280	232086288.00
2019/11/22	34.19	34.86	33.01	33.41	9073242	306869632.00
2019/11/25	33.57	33.57	30.95	31.61	15155560	481254240.00
2019/11/26	31.85	32.34	31.22	31.41	10686801	337443456.00
2019/11/27	31.42	31.52	30.88	30.96	5716951	178058304.00
2019/11/28	30.88	31.09	30.39	30.45	6052182	185358224.00
2019/11/29	30.40	31.09	30.30	30.80	6035571	185424144.00
2019/12/02	30.86	31.30	30.42	30.84	5307993	163702992.00
2019/12/03	30.70	31.13	30.41	31.00	5126835	157805168.00
2019/12/04	30.74	31.19	30.56	30.65	5935153	182510240.00
2019/12/05	30.70	31.31	30.64	31.20	5858866	182094432.00
2019/12/06	31.32	31.35	30.45	30.88	9185811	282480256.00
2019/12/09	31.02	31.38	30.45	31.31	11683128	361725536.00
2019/12/10	31.15	31.20	30.53	31.04	7567068	234156720.00
2019/12/11	31.10	32.77	31.10	32.48	15526576	501159136.00
2019/12/12	32.62	33.47	32.27	33.18	8938046	294100800.00
2019/12/13	33.80	33.85	32.85	33.45	7456740	248119472.00
2019/12/16	33.40	34.21	33.32	34.12	9059577	306854496.00
2019/12/17	34.00	34.81	33.70	34.14	8814201	302009696.00
2019/12/18	34.32	35.15	34.08	34.47	7869596	272916544.00
2019/12/19	34.89	35.81	34.36	35.10	8112145	283735840.00
2019/12/20	34.92	35.25	34.48	34.51	8036643	279706784.00
2019/12/23	34.70	34.88	33.80	34.22	6047306	208188080.00
2019/12/24	34.25	34.81	33.68	34.50	5472633	187671744.00
2019/12/25	34.60	35.30	34.40	34.73	5932615	206479632.00
2019/12/26	34.70	34.98	34.06	34.33	4596956	157974928.00
2019/12/27	34.14	34.66	33.30	33.75	9443561	321208416.00
2019/12/30	33.69	34.68	33.18	34.31	8913258	304223168.00
2019/12/31	34.25	34.60	33.53	33.80	6418577	217467296.00
2020/01/02	34.03	35.98	33.71	35.02	13104355	459238304.00
2020/01/03	35.33	35.76	34.88	35.43	7763396	274046240.00
2020/01/06	35.38	37.70	35.10	37.00	14339589	528288768.00
2020/01/07	36.70	37.42	36.30	37.22	8520739	314192512.00
2020/01/08	36.99	37.77	36.66	36.80	8405981	312374848.00
2020/01/09	37.00	37.65	36.69	37.20	7031475	260871888.00
2020/01/10	37.07	38.25	36.80	37.40	7830516	292847680.00
2020/01/13	37.39	38.11	37.01	37.98	6479408	244193264.00
2020/01/14	38.90	38.97	36.88	36.88	9931790	372530464.00
2020/01/15	36.95	37.68	36.73	37.16	6938917	257678128.00
2020/01/16	37.43	38.13	37.01	37.26	7523079	281732960.00
2020/01/17	37.29	39.18	37.21	38.48	10773490	414261568.00
数据来源:通达信
