300709 精研科技 日线 前复权
      日期	    开盘	    最高	    最低	    收盘	    成交量	    成交额
2017/10/19	45.82	55.11	45.82	55.11	10455	574758.13
2017/10/20	60.68	60.68	60.68	60.68	2884	176789.20
2017/10/23	66.81	66.81	66.81	66.81	7368	496824.25
2017/10/24	73.55	73.55	73.55	73.55	10998	815721.69
2017/10/25	80.97	80.97	80.97	80.97	43429	3543372.00
2017/10/26	89.13	89.13	89.13	89.13	123049	11043648.00
2017/10/27	97.38	98.11	94.74	98.11	8764723	858243328.00
2017/10/30	93.98	98.13	90.31	90.39	9125813	862963456.00
2017/10/31	91.91	93.91	90.38	92.53	5926090	549895104.00
2017/11/01	91.38	101.38	88.39	97.24	8518963	809739840.00
2017/11/02	95.88	99.08	94.38	94.38	6010166	583632192.00
2017/11/03	94.88	95.96	88.96	92.52	5701440	528864000.00
2017/11/06	95.88	101.38	95.88	96.23	6833711	671386304.00
2017/11/07	95.23	105.92	94.36	105.92	8037985	820791040.00
2017/11/08	110.38	111.98	104.01	104.08	9841159	1070239296.00
2017/11/09	102.38	106.84	100.89	105.17	6644360	694545216.00
2017/11/10	103.99	107.38	102.23	102.30	5608033	589067776.00
2017/11/13	101.88	105.59	101.88	103.57	4257617	444446080.00
2017/11/14	104.83	109.05	101.49	106.68	6577284	696962432.00
2017/11/15	104.98	105.37	95.95	95.98	6606067	658585408.00
2017/11/16	94.66	96.75	90.38	91.38	3804385	357372608.00
2017/11/17	90.66	91.88	82.18	82.18	4410211	381096512.00
2017/11/20	82.37	85.98	80.58	85.21	2923115	247887520.00
2017/11/21	84.28	85.18	76.63	82.61	4359799	354931968.00
2017/11/22	81.68	83.93	79.49	82.79	2798864	231745264.00
2017/11/23	81.18	83.76	80.38	80.74	2201164	182398208.00
2017/11/24	78.40	81.78	77.88	78.10	1956059	157495872.00
2017/11/27	77.51	80.67	77.51	78.22	1719337	136965696.00
2017/11/28	78.86	83.95	78.86	83.77	2987049	245784832.00
2017/11/29	82.89	83.18	79.63	81.83	2383747	195533648.00
2017/11/30	81.46	83.98	81.29	81.76	1722224	143290624.00
2017/12/01	81.48	83.75	81.48	82.52	1721128	143784320.00
2017/12/04	83.38	86.18	78.18	78.91	2877516	237842960.00
2017/12/05	77.58	79.88	70.96	72.46	2805840	211657712.00
2017/12/06	72.48	75.78	72.48	75.38	2145124	160547712.00
2017/12/07	74.49	76.73	73.99	75.29	1299430	99232032.00
2017/12/08	76.18	79.34	76.18	78.16	1929194	152107712.00
2017/12/11	78.04	79.21	77.38	78.43	1026035	80677384.00
2017/12/12	78.03	79.22	77.05	77.45	1265583	99448688.00
2017/12/13	77.45	78.86	76.98	78.45	837775	66016372.00
2017/12/14	78.63	79.26	76.99	78.23	890057	70030560.00
2017/12/15	78.37	79.04	73.74	74.65	1375365	106022304.00
2017/12/18	75.06	76.28	72.90	74.38	847983	63818860.00
2017/12/19	74.38	75.38	73.18	74.30	829198	62168676.00
2017/12/20	73.98	74.68	71.38	71.72	992491	72253120.00
2017/12/21	71.05	73.82	71.05	73.10	1040241	76446192.00
2017/12/22	72.96	73.83	72.18	72.22	741416	54562476.00
2017/12/25	70.95	71.85	67.51	69.88	1724295	120264144.00
2017/12/26	69.38	74.08	68.92	72.53	1637359	118936040.00
2017/12/27	72.84	73.48	71.08	71.53	1415999	103070048.00
2017/12/28	71.38	74.76	70.98	72.51	1494624	110402832.00
2017/12/29	71.38	73.06	71.18	71.71	1142621	82725544.00
2018/01/02	72.07	72.86	71.39	71.89	771586	55953688.00
2018/01/03	71.98	71.98	69.79	71.38	1215847	86736912.00
2018/01/04	71.17	72.88	70.36	72.13	1525400	109712360.00
2018/01/05	71.96	72.60	70.29	70.29	1046984	75136408.00
2018/01/08	70.37	71.68	69.87	70.58	912979	65001600.00
2018/01/09	70.69	70.86	70.01	70.79	681526	48518440.00
2018/01/10	70.81	72.98	70.38	71.39	1681463	121725704.00
2018/01/11	70.93	73.38	69.88	71.98	2027424	147207616.00
2018/01/12	72.15	78.26	71.81	75.63	3282875	248277584.00
2018/01/15	74.38	75.16	72.60	73.72	2121332	157500912.00
2018/01/16	73.93	77.37	73.93	75.56	1975669	150497264.00
2018/01/17	75.69	78.04	73.38	76.92	2210257	169217600.00
2018/01/18	76.76	76.76	74.39	74.48	1445773	109944432.00
2018/01/19	74.67	75.88	72.10	72.29	1620203	120690000.00
2018/01/22	72.21	72.21	68.06	69.23	1609784	112742648.00
2018/01/23	69.23	70.86	68.90	69.48	936974	66003168.00
2018/01/24	69.63	71.18	69.11	70.53	1168673	82880352.00
2018/01/25	70.65	71.28	69.83	69.88	1187304	84493112.00
2018/01/26	69.84	70.15	67.44	67.48	1639292	113507400.00
2018/01/29	67.49	67.87	65.68	66.93	1251115	83873248.00
2018/01/30	66.86	66.86	65.38	65.65	791751	52645412.00
2018/01/31	65.05	65.44	60.20	61.03	1776245	111403152.00
2018/02/01	61.03	61.58	57.16	57.96	1335001	79855264.00
2018/02/02	57.18	59.17	55.74	57.46	1091785	63492328.00
2018/02/05	57.43	57.43	55.49	55.53	780285	44398136.00
2018/02/06	54.33	54.93	50.18	50.28	1194613	63880808.00
2018/02/07	51.88	52.38	49.48	51.46	1124281	58624604.00
2018/02/08	51.46	52.63	51.27	52.47	870362	45925280.00
2018/02/09	50.38	51.73	49.39	50.58	838175	42921636.00
2018/02/12	51.58	53.24	51.38	52.78	863177	45901576.00
2018/02/13	52.88	53.44	51.86	52.08	819747	43555564.00
2018/02/14	51.88	56.96	51.88	55.02	1449756	80095608.00
2018/02/22	55.38	56.01	54.44	55.88	1081495	60432472.00
2018/02/23	55.48	55.78	54.44	55.15	846137	47104104.00
2018/02/26	55.51	57.68	55.51	57.43	1456251	83674320.00
2018/02/27	57.48	59.04	56.66	57.58	1508920	88441696.00
2018/02/28	56.63	56.82	55.49	55.88	883054	50174204.00
2018/03/01	55.38	58.08	54.98	58.08	991555	57479396.00
2018/03/02	57.81	58.13	56.38	56.88	1066541	61624764.00
2018/03/05	57.07	58.05	55.44	57.95	1466411	84275272.00
2018/03/06	57.53	60.28	57.53	58.79	1998660	119684048.00
2018/03/07	58.56	60.06	58.48	59.33	1454148	87131536.00
2018/03/08	58.89	61.88	58.89	61.50	2123522	130718184.00
2018/03/09	61.58	62.87	60.93	62.67	2237586	139845920.00
2018/03/12	63.58	64.73	62.38	62.75	1803681	115392408.00
2018/03/13	62.45	62.68	60.69	61.12	1438582	89307048.00
2018/03/14	61.03	62.03	60.52	60.52	928157	57496476.00
2018/03/15	60.04	60.04	56.16	58.03	1687031	99095904.00
2018/03/16	58.34	58.96	57.88	58.40	769039	45328976.00
2018/03/19	58.29	59.86	57.63	59.19	1064663	63740680.00
2018/03/20	58.38	61.66	58.17	61.22	1258284	76566456.00
2018/03/21	61.17	61.87	59.38	59.40	1780979	109461248.00
2018/03/22	59.37	61.18	59.37	60.18	1317422	80349656.00
2018/03/23	57.67	57.68	54.10	54.10	1802774	101822592.00
2018/03/26	52.38	55.22	49.65	55.18	1453736	77393008.00
2018/03/27	55.24	57.96	55.24	57.06	1687622	96953512.00
2018/03/28	56.06	58.14	55.39	57.38	1643080	95405496.00
2018/03/29	57.41	58.68	56.88	58.18	1233499	72159736.00
2018/03/30	58.94	60.68	58.38	60.41	2006506	121062496.00
2018/04/02	61.68	62.17	59.71	60.86	1920221	118027160.00
2018/04/03	59.73	63.26	58.39	63.24	2519560	155256112.00
2018/04/04	63.85	63.85	61.40	61.40	1893795	119506800.00
2018/04/09	60.86	61.36	59.18	60.77	1638380	99904248.00
2018/04/10	54.71	55.77	54.63	54.63	2961356	164375424.00
2018/04/11	54.43	54.87	52.26	54.46	2484634	135167392.00
2018/04/12	53.88	55.77	53.88	55.36	2271184	126664440.00
2018/04/13	56.04	56.18	54.69	55.37	1465210	82189432.00
2018/04/16	55.83	55.83	54.26	54.88	1491847	83230240.00
2018/04/17	54.38	55.23	52.45	52.64	1714609	93549048.00
2018/04/18	52.88	54.27	51.39	54.17	1308000	70005016.00
2018/04/19	53.81	55.67	53.38	55.13	1275400	71016928.00
2018/04/20	54.38	55.07	52.18	52.28	1180965	63888472.00
2018/04/23	52.38	53.31	50.41	51.58	931259	48976756.00
2018/04/24	50.48	52.51	50.38	52.12	1285922	67234712.00
2018/04/25	51.93	51.93	49.62	49.68	2385258	122006880.00
2018/04/26	49.56	49.56	47.03	47.11	1823328	88860600.00
2018/04/27	47.18	47.97	47.18	47.28	871868	41922672.00
2018/05/02	47.58	48.04	45.38	46.08	708884	33653376.00
2018/05/03	45.98	48.38	45.98	48.01	1012252	48438532.00
2018/05/04	48.18	48.35	47.11	47.60	752800	36320068.00
2018/05/07	48.18	48.36	47.31	48.08	864100	42049332.00
2018/05/08	47.88	48.88	47.86	48.39	836700	41003720.00
2018/05/09	48.20	49.16	48.19	49.00	919630	45411696.00
2018/05/10	49.19	49.26	48.31	48.76	892600	43958292.00
2018/05/11	48.74	48.95	47.74	47.90	800665	39067696.00
2018/05/14	47.88	48.43	47.18	47.57	555001	26885142.00
2018/05/15	47.39	48.37	47.20	48.32	708158	34315548.00
2018/05/16	48.38	48.86	48.00	48.18	681571	33343332.00
2018/05/17	48.13	48.33	47.44	47.85	551106	26697514.00
2018/05/18	47.39	52.10	47.39	49.86	2199939	111482216.00
2018/05/21	49.40	51.16	49.39	50.65	1459042	74550688.00
2018/05/22	50.38	51.18	49.90	50.99	1441583	73908320.00
2018/05/23	50.99	51.30	50.25	50.68	1226818	62978880.00
2018/05/24	50.48	50.87	50.19	50.40	758265	38762848.00
2018/05/25	50.05	51.17	50.05	50.88	1177863	60506196.00
2018/05/28	51.33	51.33	48.24	48.40	1176403	59422212.00
2018/05/29	48.38	49.99	47.98	49.13	882149	43976472.00
2018/05/30	47.80	48.36	45.41	45.53	1176240	55649748.00
2018/05/31	45.70	46.80	45.70	46.11	567884	26654436.00
2018/06/01	46.64	50.78	46.36	48.35	2044532	101152144.00
2018/06/04	48.48	51.88	48.48	51.05	2147019	109227328.00
2018/06/05	51.27	51.74	49.68	51.10	1705287	87206632.00
2018/06/06	50.68	52.44	50.46	51.12	1799083	93856688.00
2018/06/07	51.82	51.98	49.41	49.60	1366826	69495744.00
2018/06/08	48.38	50.68	48.38	50.38	1161243	58229208.00
2018/06/11	50.23	51.30	49.39	49.78	863100	43873112.00
2018/06/12	49.82	50.71	48.38	50.54	1098200	55491308.00
2018/06/13	50.30	50.97	49.88	50.11	1073484	54749608.00
2018/06/14	50.81	54.18	50.44	52.12	3015391	159258224.00
2018/06/15	51.97	51.97	49.02	50.45	1985479	100622112.00
2018/06/19	47.90	48.39	45.39	45.39	1248100	58260548.00
2018/06/20	44.39	45.86	43.39	45.12	1182836	53065728.00
2018/06/21	44.73	45.34	40.60	40.60	1825832	77434464.00
2018/06/22	40.49	40.74	38.69	40.39	1016431	40724788.00
2018/06/25	40.77	41.24	39.59	39.69	838799	34028228.00
2018/06/26	38.90	40.77	38.71	40.51	784448	31487908.00
2018/06/27	40.18	41.39	40.18	41.06	832632	34099376.00
2018/06/28	40.87	41.68	40.44	40.57	681100	28063298.00
2018/06/29	41.28	42.27	40.00	41.82	1077486	44793228.00
2018/07/02	42.32	42.66	41.22	41.62	1084884	45574504.00
2018/07/03	41.69	42.67	41.04	42.67	921054	38854712.00
2018/07/04	42.48	42.48	39.60	39.91	970670	39916096.00
2018/07/05	40.00	40.59	38.77	38.88	640988	25574130.00
2018/07/06	39.29	40.29	38.60	39.43	738837	29198328.00
2018/07/09	39.49	40.29	39.47	40.26	568199	22756156.00
2018/07/10	40.38	41.90	40.04	41.47	885729	36563140.00
2018/07/11	41.89	44.97	41.49	43.05	2640998	115354672.00
2018/07/12	41.91	43.88	41.91	43.47	1979054	85027840.00
2018/07/13	41.78	42.12	40.42	40.93	2407049	99329304.00
2018/07/16	40.89	40.89	39.93	40.41	848855	34349816.00
2018/07/17	40.18	40.87	39.95	40.79	681591	27719508.00
2018/07/18	40.79	41.39	40.76	40.88	939804	38679056.00
2018/07/19	40.69	40.92	39.52	39.71	742819	29812264.00
2018/07/20	39.20	40.55	39.09	40.27	499521	19994624.00
2018/07/23	39.97	40.32	39.51	40.19	510003	20457092.00
2018/07/24	40.20	41.69	39.90	41.54	1221818	50145768.00
2018/07/25	40.98	41.38	40.60	40.63	1004817	41262652.00
2018/07/26	40.77	40.80	39.77	40.13	785385	31603106.00
2018/07/27	41.69	41.69	40.20	40.31	944280	38719196.00
2018/07/30	39.09	40.11	38.89	39.10	610000	24068632.00
2018/07/31	39.07	39.57	39.00	39.37	296400	11688826.00
2018/08/01	39.45	39.67	38.77	38.84	377682	14837906.00
2018/08/02	38.64	39.09	34.95	35.89	907108	33266238.00
2018/08/03	36.01	36.38	34.89	34.89	444268	15804838.00
2018/08/06	34.88	34.88	33.55	33.61	514774	17639246.00
2018/08/07	33.68	34.67	33.51	34.59	472984	16261462.00
2018/08/08	34.28	34.57	32.38	32.80	633496	21313558.00
2018/08/09	32.39	34.19	32.39	33.84	617365	20864818.00
2018/08/10	33.69	35.51	33.69	34.88	850233	29557146.00
2018/08/13	33.90	35.04	33.89	35.04	645749	22300438.00
2018/08/14	35.64	36.30	34.44	34.95	555084	19683980.00
2018/08/15	34.61	34.89	33.67	33.89	508600	17478396.00
2018/08/16	33.39	34.27	33.04	33.97	480650	16317399.00
2018/08/17	34.15	34.39	33.19	33.39	440884	14941160.00
2018/08/20	33.19	33.58	32.49	33.34	438064	14512471.00
2018/08/21	33.62	33.62	32.42	33.53	472335	15757829.00
2018/08/22	33.55	33.55	32.62	32.68	407300	13439546.00
2018/08/23	32.99	33.38	32.64	33.14	391649	13001219.00
2018/08/24	33.79	36.39	33.79	33.91	1131149	39173488.00
2018/08/27	33.04	34.26	32.88	34.11	1107933	37193020.00
2018/08/28	33.88	34.05	33.54	33.69	622452	21058098.00
2018/08/29	33.70	34.08	33.44	33.54	458068	15513010.00
2018/08/30	33.64	33.83	32.49	32.49	472749	15692215.00
2018/08/31	32.38	32.64	31.54	31.74	479868	15401255.00
2018/09/03	31.84	31.84	30.71	31.24	485157	15128971.00
2018/09/04	31.38	31.74	31.02	31.43	331133	10455180.00
2018/09/05	31.52	31.70	31.05	31.10	348884	10977908.00
2018/09/06	30.80	31.29	30.69	30.97	341833	10638982.00
2018/09/07	31.22	31.67	30.82	31.27	488041	15347399.00
2018/09/10	31.48	31.49	30.04	30.04	402465	12427130.00
2018/09/11	29.89	30.51	29.69	30.22	321262	9691874.00
2018/09/12	30.24	30.42	29.88	30.31	290857	8806521.00
2018/09/13	30.29	30.87	30.08	30.58	303103	9254710.00
2018/09/14	30.26	31.55	30.26	30.85	651743	20224316.00
2018/09/17	30.84	30.84	29.69	29.69	390465	11725543.00
2018/09/18	29.60	30.24	29.57	30.09	327065	9822200.00
2018/09/19	30.09	30.54	29.71	30.30	425365	12871672.00
2018/09/20	30.22	30.45	29.91	30.05	287624	8695419.00
2018/09/21	30.24	30.44	29.91	30.34	367416	11136099.00
2018/09/25	30.31	30.59	30.04	30.39	260168	7916329.00
2018/09/26	30.39	30.57	30.10	30.29	381292	11617376.00
2018/09/27	30.20	30.20	28.94	28.94	502312	14951231.00
2018/09/28	28.79	29.65	28.79	29.37	248565	7330042.00
2018/10/08	29.29	29.80	28.42	28.47	414200	11942624.00
2018/10/09	29.16	29.16	28.47	28.61	250500	7207812.00
2018/10/10	28.64	29.38	28.50	29.37	387100	11281055.00
2018/10/11	28.22	28.67	26.42	26.42	681984	18592298.00
2018/10/12	26.39	26.39	24.13	25.39	621808	15752869.00
2018/10/15	25.36	25.99	25.07	25.07	345484	8903644.00
2018/10/16	25.06	25.97	24.47	24.95	397484	10116351.00
2018/10/17	25.36	25.48	24.71	25.37	434500	11005788.00
2018/10/18	25.88	25.88	24.92	24.97	429749	10923302.00
2018/10/19	24.47	25.63	24.02	25.59	420384	10558837.00
2018/10/22	25.64	26.96	25.58	26.77	621027	16524884.00
2018/10/23	26.86	26.87	25.97	26.16	443184	11756425.00
2018/10/24	26.16	26.67	25.99	26.33	270965	7165850.00
2018/10/25	25.78	25.78	25.15	25.59	314200	8017104.00
2018/10/26	25.45	26.28	25.45	25.86	401468	10466400.00
2018/10/29	26.16	26.16	25.47	25.51	397555	10309476.00
2018/10/30	25.47	25.89	25.30	25.80	458300	11840228.00
2018/10/31	25.97	26.26	25.74	26.09	665600	17412568.00
2018/11/01	26.34	26.64	26.16	26.25	848336	22478638.00
2018/11/02	26.66	26.97	26.41	26.88	1024050	27386374.00
2018/11/05	27.03	27.49	26.50	26.83	1369449	37149160.00
2018/11/06	26.29	26.59	25.87	26.34	668600	17556176.00
2018/11/07	26.30	26.87	26.20	26.51	580100	15466266.00
2018/11/08	26.59	26.79	26.17	26.24	568965	15147694.00
2018/11/09	26.03	26.54	25.83	26.26	312365	8235358.50
2018/11/12	26.26	27.55	26.13	27.37	890508	24220054.00
2018/11/13	26.99	29.74	26.96	28.92	1859728	53017308.00
2018/11/14	29.05	29.05	28.19	28.33	1033258	29480498.00
2018/11/15	28.88	31.17	28.62	31.17	2273322	68649312.00
2018/11/16	32.27	32.77	31.05	31.08	2949545	94269832.00
2018/11/19	30.96	30.97	30.19	30.97	1378100	42270980.00
2018/11/20	30.55	31.26	29.87	29.87	1111300	34189192.00
2018/11/21	29.81	29.86	29.27	29.70	785249	23289344.00
2018/11/22	30.09	31.04	29.89	30.54	1351249	41389628.00
2018/11/23	30.40	30.67	28.09	28.51	1067400	31601688.00
2018/11/26	27.94	29.39	27.68	27.92	755250	21441332.00
2018/11/27	28.20	28.49	27.72	27.94	534563	15094458.00
2018/11/28	27.89	28.83	27.50	28.79	787732	22318724.00
2018/11/29	28.74	28.98	27.29	27.36	853842	24180246.00
2018/11/30	27.44	27.65	26.47	27.52	642750	17517144.00
2018/12/03	28.20	28.60	27.96	28.40	766649	21787614.00
2018/12/04	28.56	28.56	27.95	28.49	757649	21479466.00
2018/12/05	27.89	28.38	27.69	27.90	577399	16193055.00
2018/12/06	27.82	28.23	27.40	27.40	469800	13075829.00
2018/12/07	27.41	27.77	26.97	27.18	387300	10629903.00
2018/12/10	26.93	27.07	26.48	26.63	345708	9279345.00
2018/12/11	26.69	26.98	26.52	26.75	266900	7171812.50
2018/12/12	27.01	27.01	26.63	26.72	257500	6927205.50
2018/12/13	26.89	27.26	26.50	27.22	481635	13054441.00
2018/12/14	27.29	27.29	26.15	26.24	410103	11017377.00
2018/12/17	26.24	26.65	25.70	26.58	481373	12684479.00
2018/12/18	26.39	26.64	26.19	26.45	267817	7108959.50
2018/12/19	26.65	27.33	26.35	26.74	461946	12465987.00
2018/12/20	26.81	26.81	25.87	26.44	477570	12596464.00
2018/12/21	26.39	26.65	26.19	26.40	273063	7240198.00
2018/12/24	26.20	27.32	26.20	27.08	418725	11335363.00
2018/12/25	26.91	27.06	25.96	26.82	498839	13255187.00
2018/12/26	27.07	27.50	26.87	27.02	520000	14191898.00
2018/12/27	27.41	27.64	26.51	26.51	459052	12426995.00
2018/12/28	26.49	26.71	26.14	26.28	312263	8281041.50
2017/10/19	46.33	55.62	46.33	55.62	10455	574758.13
2017/10/20	61.19	61.19	61.19	61.19	2884	176789.20
2017/10/23	67.32	67.32	67.32	67.32	7368	496824.25
2017/10/24	74.06	74.06	74.06	74.06	10998	815721.69
2017/10/25	81.48	81.48	81.48	81.48	43429	3543372.00
2017/10/26	89.64	89.64	89.64	89.64	123049	11043648.00
2017/10/27	97.89	98.62	95.25	98.62	8764723	858243328.00
2017/10/30	94.49	98.64	90.82	90.90	9125813	862963456.00
2017/10/31	92.42	94.42	90.89	93.04	5926090	549895104.00
2017/11/01	91.89	101.89	88.90	97.75	8518963	809739840.00
2017/11/02	96.39	99.59	94.89	94.89	6010166	583632192.00
2017/11/03	95.39	96.47	89.47	93.03	5701440	528864000.00
2017/11/06	96.39	101.89	96.39	96.74	6833711	671386304.00
2017/11/07	95.74	106.43	94.87	106.43	8037985	820791040.00
2017/11/08	110.89	112.49	104.52	104.59	9841159	1070239296.00
2017/11/09	102.89	107.35	101.40	105.68	6644360	694545216.00
2017/11/10	104.50	107.89	102.74	102.81	5608033	589067776.00
2017/11/13	102.39	106.10	102.39	104.08	4257617	444446080.00
2017/11/14	105.34	109.56	102.00	107.19	6577284	696962432.00
2017/11/15	105.49	105.88	96.46	96.49	6606067	658585408.00
2017/11/16	95.17	97.26	90.89	91.89	3804385	357372608.00
2017/11/17	91.17	92.39	82.69	82.69	4410211	381096512.00
2017/11/20	82.88	86.49	81.09	85.72	2923115	247887520.00
2017/11/21	84.79	85.69	77.14	83.12	4359799	354931968.00
2017/11/22	82.19	84.44	80.00	83.30	2798864	231745264.00
2017/11/23	81.69	84.27	80.89	81.25	2201164	182398208.00
2017/11/24	78.91	82.29	78.39	78.61	1956059	157495872.00
2017/11/27	78.02	81.18	78.02	78.73	1719337	136965696.00
2017/11/28	79.37	84.46	79.37	84.28	2987049	245784832.00
2017/11/29	83.40	83.69	80.14	82.34	2383747	195533648.00
2017/11/30	81.97	84.49	81.80	82.27	1722224	143290624.00
2017/12/01	81.99	84.26	81.99	83.03	1721128	143784320.00
2017/12/04	83.89	86.69	78.69	79.42	2877516	237842960.00
2017/12/05	78.09	80.39	71.47	72.97	2805840	211657712.00
2017/12/06	72.99	76.29	72.99	75.89	2145124	160547712.00
2017/12/07	75.00	77.24	74.50	75.80	1299430	99232032.00
2017/12/08	76.69	79.85	76.69	78.67	1929194	152107712.00
2017/12/11	78.55	79.72	77.89	78.94	1026035	80677384.00
2017/12/12	78.54	79.73	77.56	77.96	1265583	99448688.00
2017/12/13	77.96	79.37	77.49	78.96	837775	66016372.00
2017/12/14	79.14	79.77	77.50	78.74	890057	70030560.00
2017/12/15	78.88	79.55	74.25	75.16	1375365	106022304.00
2017/12/18	75.57	76.79	73.41	74.89	847983	63818860.00
2017/12/19	74.89	75.89	73.69	74.81	829198	62168676.00
2017/12/20	74.49	75.19	71.89	72.23	992491	72253120.00
2017/12/21	71.56	74.33	71.56	73.61	1040241	76446192.00
2017/12/22	73.47	74.34	72.69	72.73	741416	54562476.00
2017/12/25	71.46	72.36	68.02	70.39	1724295	120264144.00
2017/12/26	69.89	74.59	69.43	73.04	1637359	118936040.00
2017/12/27	73.35	73.99	71.59	72.04	1415999	103070048.00
2017/12/28	71.89	75.27	71.49	73.02	1494624	110402832.00
2017/12/29	71.89	73.57	71.69	72.22	1142621	82725544.00
2018/01/02	72.58	73.37	71.90	72.40	771586	55953688.00
2018/01/03	72.49	72.49	70.30	71.89	1215847	86736912.00
2018/01/04	71.68	73.39	70.87	72.64	1525400	109712360.00
2018/01/05	72.47	73.11	70.80	70.80	1046984	75136408.00
2018/01/08	70.88	72.19	70.38	71.09	912979	65001600.00
2018/01/09	71.20	71.37	70.52	71.30	681526	48518440.00
2018/01/10	71.32	73.49	70.89	71.90	1681463	121725704.00
2018/01/11	71.44	73.89	70.39	72.49	2027424	147207616.00
2018/01/12	72.66	78.77	72.32	76.14	3282875	248277584.00
2018/01/15	74.89	75.67	73.11	74.23	2121332	157500912.00
2018/01/16	74.44	77.88	74.44	76.07	1975669	150497264.00
2018/01/17	76.20	78.55	73.89	77.43	2210257	169217600.00
2018/01/18	77.27	77.27	74.90	74.99	1445773	109944432.00
2018/01/19	75.18	76.39	72.61	72.80	1620203	120690000.00
2018/01/22	72.72	72.72	68.57	69.74	1609784	112742648.00
2018/01/23	69.74	71.37	69.41	69.99	936974	66003168.00
2018/01/24	70.14	71.69	69.62	71.04	1168673	82880352.00
2018/01/25	71.16	71.79	70.34	70.39	1187304	84493112.00
2018/01/26	70.35	70.66	67.95	67.99	1639292	113507400.00
2018/01/29	68.00	68.38	66.19	67.44	1251115	83873248.00
2018/01/30	67.37	67.37	65.89	66.16	791751	52645412.00
2018/01/31	65.56	65.95	60.71	61.54	1776245	111403152.00
2018/02/01	61.54	62.09	57.67	58.47	1335001	79855264.00
2018/02/02	57.69	59.68	56.25	57.97	1091785	63492328.00
2018/02/05	57.94	57.94	56.00	56.04	780285	44398136.00
2018/02/06	54.84	55.44	50.69	50.79	1194613	63880808.00
2018/02/07	52.39	52.89	49.99	51.97	1124281	58624604.00
2018/02/08	51.97	53.14	51.78	52.98	870362	45925280.00
2018/02/09	50.89	52.24	49.90	51.09	838175	42921636.00
2018/02/12	52.09	53.75	51.89	53.29	863177	45901576.00
2018/02/13	53.39	53.95	52.37	52.59	819747	43555564.00
2018/02/14	52.39	57.47	52.39	55.53	1449756	80095608.00
2018/02/22	55.89	56.52	54.95	56.39	1081495	60432472.00
2018/02/23	55.99	56.29	54.95	55.66	846137	47104104.00
2018/02/26	56.02	58.19	56.02	57.94	1456251	83674320.00
2018/02/27	57.99	59.55	57.17	58.09	1508920	88441696.00
2018/02/28	57.14	57.33	56.00	56.39	883054	50174204.00
2018/03/01	55.89	58.59	55.49	58.59	991555	57479396.00
2018/03/02	58.32	58.64	56.89	57.39	1066541	61624764.00
2018/03/05	57.58	58.56	55.95	58.46	1466411	84275272.00
2018/03/06	58.04	60.79	58.04	59.30	1998660	119684048.00
2018/03/07	59.07	60.57	58.99	59.84	1454148	87131536.00
2018/03/08	59.40	62.39	59.40	62.01	2123522	130718184.00
2018/03/09	62.09	63.38	61.44	63.18	2237586	139845920.00
2018/03/12	64.09	65.24	62.89	63.26	1803681	115392408.00
2018/03/13	62.96	63.19	61.20	61.63	1438582	89307048.00
2018/03/14	61.54	62.54	61.03	61.03	928157	57496476.00
2018/03/15	60.55	60.55	56.67	58.54	1687031	99095904.00
2018/03/16	58.85	59.47	58.39	58.91	769039	45328976.00
2018/03/19	58.80	60.37	58.14	59.70	1064663	63740680.00
2018/03/20	58.89	62.17	58.68	61.73	1258284	76566456.00
2018/03/21	61.68	62.38	59.89	59.91	1780979	109461248.00
2018/03/22	59.88	61.69	59.88	60.69	1317422	80349656.00
2018/03/23	58.18	58.19	54.61	54.61	1802774	101822592.00
2018/03/26	52.89	55.73	50.16	55.69	1453736	77393008.00
2018/03/27	55.75	58.47	55.75	57.57	1687622	96953512.00
2018/03/28	56.57	58.65	55.90	57.89	1643080	95405496.00
2018/03/29	57.92	59.19	57.39	58.69	1233499	72159736.00
2018/03/30	59.45	61.19	58.89	60.92	2006506	121062496.00
2018/04/02	62.19	62.68	60.22	61.37	1920221	118027160.00
2018/04/03	60.24	63.77	58.90	63.75	2519560	155256112.00
2018/04/04	64.36	64.36	61.91	61.91	1893795	119506800.00
2018/04/09	61.37	61.87	59.69	61.28	1638380	99904248.00
2018/04/10	55.22	56.28	55.14	55.14	2961356	164375424.00
2018/04/11	54.94	55.38	52.77	54.97	2484634	135167392.00
2018/04/12	54.39	56.28	54.39	55.87	2271184	126664440.00
2018/04/13	56.55	56.69	55.20	55.88	1465210	82189432.00
2018/04/16	56.34	56.34	54.77	55.39	1491847	83230240.00
2018/04/17	54.89	55.74	52.96	53.15	1714609	93549048.00
2018/04/18	53.39	54.78	51.90	54.68	1308000	70005016.00
2018/04/19	54.32	56.18	53.89	55.64	1275400	71016928.00
2018/04/20	54.89	55.58	52.69	52.79	1180965	63888472.00
2018/04/23	52.89	53.82	50.92	52.09	931259	48976756.00
2018/04/24	50.99	53.02	50.89	52.63	1285922	67234712.00
2018/04/25	52.44	52.44	50.13	50.19	2385258	122006880.00
2018/04/26	50.07	50.07	47.54	47.62	1823328	88860600.00
2018/04/27	47.69	48.48	47.69	47.79	871868	41922672.00
2018/05/02	48.09	48.55	45.89	46.59	708884	33653376.00
2018/05/03	46.49	48.89	46.49	48.52	1012252	48438532.00
2018/05/04	48.69	48.86	47.62	48.11	752800	36320068.00
2018/05/07	48.69	48.87	47.82	48.59	864100	42049332.00
2018/05/08	48.39	49.39	48.37	48.90	836700	41003720.00
2018/05/09	48.71	49.67	48.70	49.51	919630	45411696.00
2018/05/10	49.70	49.77	48.82	49.27	892600	43958292.00
2018/05/11	49.25	49.46	48.25	48.41	800665	39067696.00
2018/05/14	48.39	48.94	47.69	48.08	555001	26885142.00
2018/05/15	47.90	48.88	47.71	48.83	708158	34315548.00
2018/05/16	48.89	49.37	48.51	48.69	681571	33343332.00
2018/05/17	48.64	48.84	47.95	48.36	551106	26697514.00
2018/05/18	47.90	52.61	47.90	50.37	2199939	111482216.00
2018/05/21	49.91	51.67	49.90	51.16	1459042	74550688.00
2018/05/22	50.89	51.69	50.41	51.50	1441583	73908320.00
2018/05/23	51.50	51.81	50.76	51.19	1226818	62978880.00
2018/05/24	50.99	51.38	50.70	50.91	758265	38762848.00
2018/05/25	50.56	51.68	50.56	51.39	1177863	60506196.00
2018/05/28	51.84	51.84	48.75	48.91	1176403	59422212.00
2018/05/29	48.89	50.50	48.49	49.64	882149	43976472.00
2018/05/30	48.31	48.87	45.92	46.04	1176240	55649748.00
2018/05/31	46.21	47.31	46.21	46.62	567884	26654436.00
2018/06/01	47.15	51.29	46.87	48.86	2044532	101152144.00
2018/06/04	48.99	52.39	48.99	51.56	2147019	109227328.00
2018/06/05	51.78	52.25	50.19	51.61	1705287	87206632.00
2018/06/06	51.19	52.95	50.97	51.63	1799083	93856688.00
2018/06/07	52.33	52.49	49.92	50.11	1366826	69495744.00
2018/06/08	48.89	51.19	48.89	50.89	1161243	58229208.00
2018/06/11	50.74	51.81	49.90	50.29	863100	43873112.00
2018/06/12	50.33	51.22	48.89	51.05	1098200	55491308.00
2018/06/13	50.81	51.48	50.39	50.62	1073484	54749608.00
2018/06/14	51.32	54.69	50.95	52.63	3015391	159258224.00
2018/06/15	51.97	51.97	49.02	50.45	1985479	100622112.00
2018/06/19	47.90	48.39	45.39	45.39	1248100	58260548.00
2018/06/20	44.39	45.86	43.39	45.12	1182836	53065728.00
2018/06/21	44.73	45.34	40.60	40.60	1825832	77434464.00
2018/06/22	40.49	40.74	38.69	40.39	1016431	40724788.00
2018/06/25	40.77	41.24	39.59	39.69	838799	34028228.00
2018/06/26	38.90	40.77	38.71	40.51	784448	31487908.00
2018/06/27	40.18	41.39	40.18	41.06	832632	34099376.00
2018/06/28	40.87	41.68	40.44	40.57	681100	28063298.00
2018/06/29	41.28	42.27	40.00	41.82	1077486	44793228.00
2018/07/02	42.32	42.66	41.22	41.62	1084884	45574504.00
2018/07/03	41.69	42.67	41.04	42.67	921054	38854712.00
2018/07/04	42.48	42.48	39.60	39.91	970670	39916096.00
2018/07/05	40.00	40.59	38.77	38.88	640988	25574130.00
2018/07/06	39.29	40.29	38.60	39.43	738837	29198328.00
2018/07/09	39.49	40.29	39.47	40.26	568199	22756156.00
2018/07/10	40.38	41.90	40.04	41.47	885729	36563140.00
2018/07/11	41.89	44.97	41.49	43.05	2640998	115354672.00
2018/07/12	41.91	43.88	41.91	43.47	1979054	85027840.00
2018/07/13	41.78	42.12	40.42	40.93	2407049	99329304.00
2018/07/16	40.89	40.89	39.93	40.41	848855	34349816.00
2018/07/17	40.18	40.87	39.95	40.79	681591	27719508.00
2018/07/18	40.79	41.39	40.76	40.88	939804	38679056.00
2018/07/19	40.69	40.92	39.52	39.71	742819	29812264.00
2018/07/20	39.20	40.55	39.09	40.27	499521	19994624.00
2018/07/23	39.97	40.32	39.51	40.19	510003	20457092.00
2018/07/24	40.20	41.69	39.90	41.54	1221818	50145768.00
2018/07/25	40.98	41.38	40.60	40.63	1004817	41262652.00
2018/07/26	40.77	40.80	39.77	40.13	785385	31603106.00
2018/07/27	41.69	41.69	40.20	40.31	944280	38719196.00
2018/07/30	39.09	40.11	38.89	39.10	610000	24068632.00
2018/07/31	39.07	39.57	39.00	39.37	296400	11688826.00
2018/08/01	39.45	39.67	38.77	38.84	377682	14837906.00
2018/08/02	38.64	39.09	34.95	35.89	907108	33266238.00
2018/08/03	36.01	36.38	34.89	34.89	444268	15804838.00
2018/08/06	34.88	34.88	33.55	33.61	514774	17639246.00
2018/08/07	33.68	34.67	33.51	34.59	472984	16261462.00
2018/08/08	34.28	34.57	32.38	32.80	633496	21313558.00
2018/08/09	32.39	34.19	32.39	33.84	617365	20864818.00
2018/08/10	33.69	35.51	33.69	34.88	850233	29557146.00
2018/08/13	33.90	35.04	33.89	35.04	645749	22300438.00
2018/08/14	35.64	36.30	34.44	34.95	555084	19683980.00
2018/08/15	34.61	34.89	33.67	33.89	508600	17478396.00
2018/08/16	33.39	34.27	33.04	33.97	480650	16317399.00
2018/08/17	34.15	34.39	33.19	33.39	440884	14941160.00
2018/08/20	33.19	33.58	32.49	33.34	438064	14512471.00
2018/08/21	33.62	33.62	32.42	33.53	472335	15757829.00
2018/08/22	33.55	33.55	32.62	32.68	407300	13439546.00
2018/08/23	32.99	33.38	32.64	33.14	391649	13001219.00
2018/08/24	33.79	36.39	33.79	33.91	1131149	39173488.00
2018/08/27	33.04	34.26	32.88	34.11	1107933	37193020.00
2018/08/28	33.88	34.05	33.54	33.69	622452	21058098.00
2018/08/29	33.70	34.08	33.44	33.54	458068	15513010.00
2018/08/30	33.64	33.83	32.49	32.49	472749	15692215.00
2018/08/31	32.38	32.64	31.54	31.74	479868	15401255.00
2018/09/03	31.84	31.84	30.71	31.24	485157	15128971.00
2018/09/04	31.38	31.74	31.02	31.43	331133	10455180.00
2018/09/05	31.52	31.70	31.05	31.10	348884	10977908.00
2018/09/06	30.80	31.29	30.69	30.97	341833	10638982.00
2018/09/07	31.22	31.67	30.82	31.27	488041	15347399.00
2018/09/10	31.48	31.49	30.04	30.04	402465	12427130.00
2018/09/11	29.89	30.51	29.69	30.22	321262	9691874.00
2018/09/12	30.24	30.42	29.88	30.31	290857	8806521.00
2018/09/13	30.29	30.87	30.08	30.58	303103	9254710.00
2018/09/14	30.26	31.55	30.26	30.85	651743	20224316.00
2018/09/17	30.84	30.84	29.69	29.69	390465	11725543.00
2018/09/18	29.60	30.24	29.57	30.09	327065	9822200.00
2018/09/19	30.09	30.54	29.71	30.30	425365	12871672.00
2018/09/20	30.22	30.45	29.91	30.05	287624	8695419.00
2018/09/21	30.24	30.44	29.91	30.34	367416	11136099.00
2018/09/25	30.31	30.59	30.04	30.39	260168	7916329.00
2018/09/26	30.39	30.57	30.10	30.29	381292	11617376.00
2018/09/27	30.20	30.20	28.94	28.94	502312	14951231.00
2018/09/28	28.79	29.65	28.79	29.37	248565	7330042.00
2018/10/08	29.29	29.80	28.42	28.47	414200	11942624.00
2018/10/09	29.16	29.16	28.47	28.61	250500	7207812.00
2018/10/10	28.64	29.38	28.50	29.37	387100	11281055.00
2018/10/11	28.22	28.67	26.42	26.42	681984	18592298.00
2018/10/12	26.39	26.39	24.13	25.39	621808	15752869.00
2018/10/15	25.36	25.99	25.07	25.07	345484	8903644.00
2018/10/16	25.06	25.97	24.47	24.95	397484	10116351.00
2018/10/17	25.36	25.48	24.71	25.37	434500	11005788.00
2018/10/18	25.88	25.88	24.92	24.97	429749	10923302.00
2018/10/19	24.47	25.63	24.02	25.59	420384	10558837.00
2018/10/22	25.64	26.96	25.58	26.77	621027	16524884.00
2018/10/23	26.86	26.87	25.97	26.16	443184	11756425.00
2018/10/24	26.16	26.67	25.99	26.33	270965	7165850.00
2018/10/25	25.78	25.78	25.15	25.59	314200	8017104.00
2018/10/26	25.45	26.28	25.45	25.86	401468	10466400.00
2018/10/29	26.16	26.16	25.47	25.51	397555	10309476.00
2018/10/30	25.47	25.89	25.30	25.80	458300	11840228.00
2018/10/31	25.97	26.26	25.74	26.09	665600	17412568.00
2018/11/01	26.34	26.64	26.16	26.25	848336	22478638.00
2018/11/02	26.66	26.97	26.41	26.88	1024050	27386374.00
2018/11/05	27.03	27.49	26.50	26.83	1369449	37149160.00
2018/11/06	26.29	26.59	25.87	26.34	668600	17556176.00
2018/11/07	26.30	26.87	26.20	26.51	580100	15466266.00
2018/11/08	26.59	26.79	26.17	26.24	568965	15147694.00
2018/11/09	26.03	26.54	25.83	26.26	312365	8235358.50
2018/11/12	26.26	27.55	26.13	27.37	890508	24220054.00
2018/11/13	26.99	29.74	26.96	28.92	1859728	53017308.00
2018/11/14	29.05	29.05	28.19	28.33	1033258	29480498.00
2018/11/15	28.88	31.17	28.62	31.17	2273322	68649312.00
2018/11/16	32.27	32.77	31.05	31.08	2949545	94269832.00
2018/11/19	30.96	30.97	30.19	30.97	1378100	42270980.00
2018/11/20	30.55	31.26	29.87	29.87	1111300	34189192.00
2018/11/21	29.81	29.86	29.27	29.70	785249	23289344.00
2018/11/22	30.09	31.04	29.89	30.54	1351249	41389628.00
2018/11/23	30.40	30.67	28.09	28.51	1067400	31601688.00
2018/11/26	27.94	29.39	27.68	27.92	755250	21441332.00
2018/11/27	28.20	28.49	27.72	27.94	534563	15094458.00
2018/11/28	27.89	28.83	27.50	28.79	787732	22318724.00
2018/11/29	28.74	28.98	27.29	27.36	853842	24180246.00
2018/11/30	27.44	27.65	26.47	27.52	642750	17517144.00
2018/12/03	28.20	28.60	27.96	28.40	766649	21787614.00
2018/12/04	28.56	28.56	27.95	28.49	757649	21479466.00
2018/12/05	27.89	28.38	27.69	27.90	577399	16193055.00
2018/12/06	27.82	28.23	27.40	27.40	469800	13075829.00
2018/12/07	27.41	27.77	26.97	27.18	387300	10629903.00
2018/12/10	26.93	27.07	26.48	26.63	345708	9279345.00
2018/12/11	26.69	26.98	26.52	26.75	266900	7171812.50
2018/12/12	27.01	27.01	26.63	26.72	257500	6927205.50
2018/12/13	26.89	27.26	26.50	27.22	481635	13054441.00
2018/12/14	27.29	27.29	26.15	26.24	410103	11017377.00
2018/12/17	26.24	26.65	25.70	26.58	481373	12684479.00
2018/12/18	26.39	26.64	26.19	26.45	267817	7108959.50
2018/12/19	26.65	27.33	26.35	26.74	461946	12465987.00
2018/12/20	26.81	26.81	25.87	26.44	477570	12596464.00
2018/12/21	26.39	26.65	26.19	26.40	273063	7240198.00
2018/12/24	26.20	27.32	26.20	27.08	418725	11335363.00
2018/12/25	26.91	27.06	25.96	26.82	498839	13255187.00
2018/12/26	27.07	27.50	26.87	27.02	520000	14191898.00
2018/12/27	27.41	27.64	26.51	26.51	459052	12426995.00
2018/12/28	26.49	26.71	26.14	26.28	312263	8281041.50
2019/01/02	26.27	26.55	26.09	26.11	225968	5968141.50
2019/01/03	26.19	26.54	25.94	26.06	293975	7728752.00
2019/01/04	25.90	26.48	25.43	26.47	450584	11813771.00
2019/01/07	26.65	27.03	26.53	26.90	414078	11157789.00
2019/01/08	26.84	27.56	26.84	27.07	414179	11306279.00
2019/01/09	27.29	27.36	26.69	26.74	603873	16444827.00
2019/01/10	27.04	27.08	26.44	26.46	399531	10745894.00
2019/01/11	26.45	27.03	26.40	27.03	443935	11903974.00
2019/01/14	27.03	27.70	26.79	27.70	876133	23983954.00
2019/01/15	27.61	27.64	27.25	27.32	857213	23599086.00
2019/01/16	27.42	27.42	26.78	27.19	637600	17353736.00
2019/01/17	27.14	27.15	26.28	26.30	576889	15449387.00
2019/01/18	26.29	26.44	25.85	26.29	479900	12613853.00
2019/01/21	26.28	26.88	26.10	26.65	380784	10190959.00
2019/01/22	26.57	26.78	26.20	26.35	332572	8846725.00
2019/01/23	26.20	26.58	26.19	26.44	266372	7055990.00
2019/01/24	26.47	26.99	26.46	26.76	361013	9708977.00
2019/01/25	26.67	26.87	26.42	26.49	331075	8875538.00
2019/01/28	26.60	26.85	26.19	26.19	284570	7584169.00
2019/01/29	26.19	26.24	24.76	24.94	480040	12183403.00
2019/01/30	24.94	25.24	24.49	24.55	311700	7761151.00
2019/01/31	24.57	24.88	23.89	23.99	489385	11957038.00
2019/02/01	24.17	24.62	24.02	24.56	323500	7952569.00
2019/02/11	24.55	25.42	24.55	25.39	327554	8260434.00
2019/02/12	25.50	25.85	25.14	25.67	466413	12009742.00
2019/02/13	25.87	28.25	25.87	28.25	1090437	30751504.00
2019/02/14	28.89	31.09	28.88	29.15	3594349	107211880.00
2019/02/15	28.79	29.25	28.37	28.37	2107865	60654572.00
2019/02/18	28.21	30.09	28.21	29.98	2382190	69883912.00
2019/02/19	30.48	30.48	29.07	29.59	1932724	57509172.00
2019/02/20	29.59	29.77	28.64	28.78	1358406	39582808.00
2019/02/21	28.83	29.84	28.61	28.93	1265578	37080632.00
2019/02/22	28.40	30.09	28.40	29.79	1994913	59000408.00
2019/02/25	30.99	32.78	30.31	32.78	2762847	87179376.00
2019/02/26	33.89	34.49	32.48	32.48	3759090	126265424.00
2019/02/27	31.89	32.08	31.21	31.48	1915167	60859844.00
2019/02/28	31.44	31.84	30.89	31.00	953215	29934478.00
2019/03/01	30.83	31.77	30.83	31.54	704736	22163888.00
2019/03/04	31.84	32.39	31.52	31.79	1303564	41802892.00
2019/03/05	31.49	32.49	31.19	32.49	993820	32046778.00
2019/03/06	32.61	33.78	32.41	33.01	1610181	53228552.00
2019/03/07	32.91	33.55	32.55	33.17	1558628	51763640.00
2019/03/08	32.68	32.68	30.41	30.89	1674061	53469096.00
2019/03/11	31.00	32.39	31.00	32.30	1089312	34645700.00
2019/03/12	32.40	34.68	32.40	34.59	3031678	103091784.00
2019/03/13	34.59	34.59	32.47	32.69	1571484	52691224.00
2019/03/14	32.59	33.31	31.59	31.60	1166436	37781776.00
2019/03/15	31.70	33.38	31.60	33.34	1265701	41265012.00
2019/03/18	32.99	35.20	32.99	35.01	2163118	74107880.00
2019/03/19	35.89	38.52	35.89	38.22	5402560	205394368.00
2019/03/20	38.01	41.90	37.71	39.44	4240200	168820816.00
2019/03/21	39.29	39.79	37.90	38.31	1815990	70702112.00
2019/03/22	40.27	42.15	38.07	42.15	3909847	158860912.00
2019/03/25	42.22	46.38	42.22	46.38	3246915	148228672.00
2019/03/26	45.90	47.83	41.79	41.90	3107775	138587024.00
2019/03/27	43.69	45.39	41.91	42.91	2896478	126145328.00
2019/03/28	44.33	44.47	40.09	40.30	2488310	105653720.00
2019/03/29	41.86	44.29	41.09	44.09	2484394	106451520.00
2019/04/01	44.30	48.51	44.30	48.51	2645238	126674696.00
2019/04/02	49.54	49.69	46.39	48.03	3298189	156863824.00
2019/04/03	48.22	52.84	47.36	52.59	3678762	189959584.00
2019/04/04	51.40	52.39	49.90	51.19	1985716	101542248.00
2019/04/08	51.20	51.86	46.77	46.95	2212018	107228784.00
2019/04/09	48.36	48.36	46.23	47.08	1725597	80980840.00
2019/04/10	46.69	46.99	45.15	45.98	1042310	48195540.00
2019/04/11	45.87	45.87	44.01	44.78	1555747	70245904.00
2019/04/12	45.44	46.29	44.39	44.91	928116	42179024.00
2019/04/15	45.86	46.02	43.49	43.52	1403103	62633088.00
2019/04/16	42.89	44.99	42.51	43.84	1253694	54967172.00
2019/04/17	44.39	47.09	43.77	46.09	2715888	123600728.00
2019/04/18	45.29	48.39	44.58	47.07	2061961	97210616.00
2019/04/19	46.88	47.77	45.79	46.81	1060836	49519444.00
2019/04/22	46.24	47.08	44.92	46.84	1149813	53201008.00
2019/04/23	45.95	47.96	45.94	46.85	1114483	52680136.00
2019/04/24	46.85	47.89	46.09	46.89	611269	28742764.00
2019/04/25	47.38	49.33	46.89	47.94	2045356	99232096.00
2019/04/26	46.88	48.67	44.60	44.63	1147451	53503208.00
2019/04/29	44.76	46.39	43.89	44.18	1210866	54807968.00
2019/04/30	43.79	45.89	42.09	44.24	1255136	54874716.00
2019/05/06	42.75	42.75	39.81	39.81	1280754	52539636.00
2019/05/07	40.78	42.39	39.89	41.16	910550	37546996.00
2019/05/08	40.00	42.05	39.36	40.42	1171626	47535052.00
2019/05/09	40.71	40.87	39.70	40.11	604384	24350094.00
2019/05/10	40.68	41.41	39.17	41.08	1315481	53900240.00
2019/05/13	40.43	41.61	39.89	40.36	472609	19317798.00
2019/05/14	39.39	41.17	39.28	40.57	465115	18855900.00
2019/05/15	41.58	41.58	39.99	40.56	503092	20421856.00
2019/05/16	40.10	40.64	39.43	39.76	491971	19752134.00
2019/05/17	39.79	40.28	35.77	38.19	596408	23406066.00
2019/05/20	37.24	37.74	34.89	36.16	904494	32725392.00
2019/05/21	34.19	39.34	34.19	39.24	1319997	50596984.00
2019/05/22	39.97	40.99	39.19	40.30	871389	35147472.00
2019/05/23	40.30	43.84	39.60	42.16	1694222	71929808.00
2019/05/24	42.12	43.49	41.94	43.16	819438	35229848.00
2019/05/27	43.98	45.08	42.28	43.69	953124	41950864.00
2019/05/28	43.38	45.15	43.24	44.23	788356	34737968.00
2019/05/29	43.70	45.86	43.70	45.12	855185	38460372.00
2019/05/30	45.01	46.55	43.94	45.59	701482	31983934.00
2019/05/31	45.68	47.55	45.68	47.09	988080	46475488.00
2019/06/03	46.66	47.85	46.14	46.70	804623	37835960.00
2019/06/04	46.68	47.16	45.29	46.61	694576	32109350.00
2019/06/05	46.61	47.68	44.81	45.46	511718	23318592.00
2019/06/06	45.12	46.87	44.06	45.82	995540	45104392.00
2019/06/10	44.30	47.20	44.30	45.14	582499	26202676.00
2019/06/11	45.90	47.98	44.50	47.98	878049	41433556.00
2019/06/12	47.99	48.85	46.82	47.49	622101	29694558.00
2019/06/13	47.49	47.99	45.80	47.30	605514	28268988.00
2019/06/14	47.21	47.21	45.27	45.95	373600	17120414.00
2019/06/17	45.95	46.41	44.00	45.32	331108	14889943.00
2019/06/18	45.60	45.60	44.42	44.96	291620	13045371.00
2019/06/19	46.92	46.92	44.01	45.39	326895	14834146.00
2019/06/20	44.50	46.00	44.08	45.12	406307	18378698.00
2019/06/21	45.57	48.48	44.96	47.90	815027	38531640.00
2019/06/24	47.76	48.76	47.03	47.70	323601	15436141.00
2019/06/25	46.91	47.87	46.30	47.28	378000	17760280.00
2019/06/26	46.48	48.20	46.48	46.94	317991	15013153.00
2019/06/27	47.50	49.50	46.50	48.00	808662	39217680.00
2019/06/28	48.60	48.69	47.32	48.34	417665	20041658.00
2019/07/01	48.50	50.50	48.34	48.73	1207630	59007616.00
2019/07/02	48.68	50.94	47.50	50.69	796834	39635224.00
2019/07/03	50.54	51.89	49.61	50.32	1106623	56239320.00
2019/07/04	50.12	51.88	50.01	50.57	487500	24788722.00
2019/07/05	51.10	52.70	50.36	52.40	582984	30071726.00
2019/07/08	52.45	52.80	49.85	51.41	576405	29167842.00
2019/07/09	51.10	51.45	50.16	51.05	250311	12735952.00
2019/07/10	50.50	56.16	50.30	55.43	2439101	133623976.00
2019/07/11	55.82	55.88	53.00	54.91	812031	44276592.00
2019/07/12	54.22	57.46	54.22	55.77	897187	50229320.00
2019/07/15	54.78	55.30	50.19	51.99	1909422	100461104.00
2019/07/16	51.97	52.46	50.60	51.85	867987	44595964.00
2019/07/17	51.85	55.09	51.00	53.98	816854	43353684.00
2019/07/18	53.75	53.90	51.65	52.65	812117	42431404.00
2019/07/19	52.70	53.29	51.90	52.98	451567	23802554.00
2019/07/22	53.00	54.20	50.31	50.80	646000	32960278.00
2019/07/23	50.00	51.70	50.00	50.76	413200	21068532.00
2019/07/24	51.00	52.52	50.06	51.66	624001	32334242.00
2019/07/25	51.60	53.90	51.02	53.80	765400	40590636.00
2019/07/26	53.00	53.79	52.11	53.03	801437	42381804.00
2019/07/29	54.60	54.60	51.40	51.43	453306	23622304.00
2019/07/30	51.43	52.30	50.67	51.26	682700	34972152.00
2019/07/31	51.30	51.40	50.70	51.13	296500	15141159.00
2019/08/01	51.00	51.62	50.50	50.87	439410	22346062.00
2019/08/02	49.14	50.69	48.88	50.34	635600	31669048.00
2019/08/05	50.94	51.58	49.38	50.50	457900	23284256.00
2019/08/06	49.33	50.32	48.01	49.91	551500	27318426.00
2019/08/07	50.94	50.94	49.41	49.75	405300	20255422.00
2019/08/08	50.37	50.48	49.87	50.30	250000	12545432.00
2019/08/09	50.30	55.33	50.30	55.33	3548606	191739440.00
2019/08/12	57.04	60.86	56.51	59.73	2808988	164546128.00
2019/08/13	58.00	61.60	58.00	60.70	1655906	100109352.00
2019/08/14	63.00	63.85	60.13	61.39	1946525	120316016.00
2019/08/15	59.54	67.53	59.54	67.53	2724607	175421264.00
2019/08/16	68.00	70.50	65.55	67.53	1939629	131040584.00
2019/08/19	69.09	69.09	66.10	68.00	1949727	131810112.00
2019/08/20	68.19	72.90	65.50	66.00	2726687	186179008.00
2019/08/21	66.86	69.80	65.00	68.90	2712577	182503792.00
2019/08/22	67.60	71.29	67.23	69.80	1806503	125148936.00
2019/08/23	71.21	75.50	71.00	72.87	2534487	184828384.00
2019/08/26	72.36	74.32	70.81	72.10	1993613	144677440.00
2019/08/27	72.13	73.88	69.82	70.72	1922139	137476352.00
2019/08/28	70.72	71.59	69.00	69.23	1477050	103106616.00
2019/08/29	70.13	71.73	68.26	69.58	1425649	100078832.00
2019/08/30	70.25	71.30	66.00	68.54	2030605	140571840.00
2019/09/02	68.31	70.06	67.04	69.36	1751768	120955544.00
2019/09/03	68.66	70.49	68.00	69.25	1709670	117762936.00
2019/09/04	69.27	74.00	69.27	71.67	3162388	228434240.00
2019/09/05	71.60	74.48	70.49	73.10	2516399	182545008.00
2019/09/06	72.00	73.47	69.82	71.95	1483848	105753752.00
2019/09/09	72.10	72.10	70.10	71.44	1684136	119502032.00
2019/09/10	71.85	73.80	70.13	70.56	1458532	104196680.00
2019/09/11	71.03	74.99	70.23	71.63	2565816	185715824.00
2019/09/12	70.51	74.57	68.71	70.02	1679001	118156712.00
2019/09/16	70.00	72.50	67.01	72.18	2629900	184508816.00
2019/09/17	70.09	72.00	64.96	64.96	3055848	204942528.00
2019/09/18	65.13	68.49	64.90	67.59	2295968	153058640.00
2019/09/19	66.71	67.89	65.90	67.30	1610345	107810144.00
2019/09/20	68.70	68.70	60.57	63.00	5997799	380244864.00
2019/09/23	62.70	65.39	61.85	64.17	4043856	259497840.00
2019/09/24	65.90	65.90	62.31	62.50	2810984	177851888.00
2019/09/25	62.89	62.98	60.67	61.62	2138823	133040632.00
2019/09/26	61.74	62.45	58.31	59.00	1765662	105534872.00
2019/09/27	58.68	60.16	58.34	58.60	1590027	93923576.00
2019/09/30	58.30	60.82	57.50	58.31	1571170	92134168.00
2019/10/08	58.00	59.60	57.40	57.93	1767581	103266512.00
2019/10/09	56.49	59.11	56.14	58.75	1403652	81180104.00
2019/10/10	58.50	60.19	58.03	59.86	1732777	102563272.00
2019/10/11	59.80	59.98	57.56	57.94	2022778	118031224.00
2019/10/14	58.31	63.70	58.31	60.96	3104003	191376736.00
2019/10/15	60.42	61.38	58.18	58.59	1682846	99917696.00
2019/10/16	59.19	59.70	57.45	57.88	1577153	91855944.00
2019/10/17	58.49	58.69	57.30	58.05	1090784	63126420.00
2019/10/18	57.92	58.55	56.29	56.43	1476055	84389584.00
2019/10/21	56.42	57.60	55.00	57.22	1327721	74869472.00
2019/10/22	57.60	59.58	57.12	58.90	1643277	96547648.00
2019/10/23	59.29	59.40	56.50	56.90	1451800	83601728.00
2019/10/24	57.22	57.60	55.51	56.38	974800	55042176.00
2019/10/25	56.49	61.82	56.09	60.82	2853402	169592208.00
2019/10/28	61.00	61.00	58.00	59.78	2701684	159774720.00
2019/10/29	61.00	62.38	59.30	59.77	3064641	186384992.00
2019/10/30	59.28	60.92	58.64	60.65	2166128	129230064.00
2019/10/31	60.17	61.86	59.81	59.81	1951351	118692216.00
2019/11/01	59.30	60.98	59.12	60.29	1427405	85793312.00
2019/11/04	60.38	66.16	60.38	64.79	3318169	209232128.00
2019/11/05	64.69	66.10	64.00	65.70	2261825	147314736.00
2019/11/06	66.45	66.87	65.17	65.90	1941381	127843440.00
2019/11/07	63.50	65.97	62.90	65.53	2182017	140264144.00
2019/11/08	65.56	71.46	65.50	70.17	3195566	220752192.00
2019/11/11	69.92	72.50	68.68	70.30	2333019	164206208.00
2019/11/12	69.33	71.20	65.20	68.27	2819700	191134496.00
2019/11/13	68.97	72.65	67.06	71.65	3364700	237708768.00
2019/11/14	71.40	75.71	71.40	74.60	4003254	294582624.00
2019/11/15	80.00	82.06	78.33	82.06	6572076	529985088.00
2019/11/18	87.50	90.00	79.30	80.70	7384438	625624512.00
2019/11/19	82.93	86.73	80.70	84.00	5366430	447565792.00
2019/11/20	82.52	84.77	80.33	82.01	4395535	360924544.00
2019/11/21	81.99	82.00	79.00	79.95	3012951	241952640.00
2019/11/22	80.78	81.98	76.80	79.40	3531106	279900608.00
2019/11/25	77.98	81.48	75.70	78.35	2477800	193519888.00
2019/11/26	79.00	80.50	76.17	77.76	2388555	187836176.00
2019/11/27	76.81	82.28	76.20	80.38	2269871	181314480.00
2019/11/28	79.86	81.00	78.06	78.82	1511243	119402200.00
2019/11/29	79.79	80.07	78.02	79.08	1134854	89586640.00
2019/12/02	79.42	81.25	78.00	80.50	1618354	129833512.00
2019/12/03	80.04	84.49	79.09	83.20	2453810	203288192.00
2019/12/04	82.52	83.58	82.08	83.31	1554944	128808336.00
2019/12/05	82.94	84.95	82.79	84.95	1763052	147526096.00
2019/12/06	85.84	89.68	84.19	89.20	2844252	248957152.00
2019/12/09	89.50	94.58	88.97	91.60	3611094	330891232.00
2019/12/10	90.00	94.58	89.04	92.72	2270500	208401920.00
2019/12/11	93.50	98.73	91.50	98.15	4217536	404213792.00
2019/12/12	96.41	103.00	95.08	98.38	3243405	321851392.00
2019/12/13	100.00	100.50	96.60	99.44	1811036	178092000.00
2019/12/16	99.81	103.88	97.94	100.89	2457109	248001744.00
2019/12/17	100.89	109.62	100.52	107.30	3998257	424795296.00
2019/12/18	105.57	108.89	104.60	106.14	2421123	256521072.00
2019/12/19	107.00	107.00	101.17	103.13	2429584	251414144.00
2019/12/20	104.33	105.88	100.01	103.18	1259500	130088264.00
2019/12/23	98.52	102.96	98.52	100.80	2092300	210550736.00
2019/12/24	101.57	109.60	100.42	108.50	2026706	213187056.00
2019/12/25	112.99	113.48	100.60	102.25	6328123	662744960.00
2019/12/26	101.10	106.93	101.00	105.00	2965563	311036384.00
2019/12/27	104.66	107.00	99.77	99.98	2476946	254670096.00
2019/12/30	100.50	102.79	96.85	101.20	2128276	214409136.00
2019/12/31	101.16	101.90	96.83	97.65	2592107	255242304.00
2020/01/02	98.00	104.70	97.23	102.60	2645210	267730544.00
2020/01/03	102.94	107.07	99.88	101.08	2398538	247110016.00
2020/01/06	101.92	104.00	97.80	101.00	1689974	171336064.00
2020/01/07	101.00	101.98	98.87	100.66	1783977	179187376.00
2020/01/08	99.40	101.49	98.50	99.40	1958951	195493440.00
2020/01/09	99.40	103.83	99.40	103.30	2202942	225782160.00
2020/01/10	102.57	107.53	100.48	105.50	2751321	286636800.00
2020/01/13	105.68	115.00	105.04	112.90	2511451	278434016.00
2020/01/14	114.00	116.66	111.00	113.14	2079831	236447968.00
2020/01/15	113.02	114.80	108.40	113.12	1656416	184895440.00
2020/01/16	113.13	124.00	112.35	123.98	2966243	350532096.00
2020/01/17	123.14	123.14	114.00	116.70	3300969	388021504.00
数据来源:通达信
