300659 中孚信息 日线 前复权
      日期	    开盘	    最高	    最低	    收盘	    成交量	    成交额
2017/05/26	9.38	11.31	9.38	11.31	3907	68121.50
2017/05/31	12.46	12.46	12.46	12.46	3759	76495.65
2017/06/01	13.74	13.74	13.74	13.74	4052	90724.28
2017/06/02	15.14	15.14	15.14	15.14	4583	112879.29
2017/06/05	16.68	16.68	16.68	16.68	12296	333098.63
2017/06/06	18.37	18.37	18.37	18.37	10700	318860.00
2017/06/07	20.23	20.23	20.23	20.23	36607	1199977.50
2017/06/08	22.28	22.28	22.28	22.28	33883	1221821.00
2017/06/09	24.54	24.54	24.54	24.54	130874	5191771.50
2017/06/12	24.74	26.18	24.13	24.96	11909053	488660608.00
2017/06/13	23.69	25.99	23.18	25.19	9460251	370093632.00
2017/06/14	24.34	24.43	22.65	22.65	7381467	277806432.00
2017/06/15	22.68	23.98	22.68	23.04	5961333	224763264.00
2017/06/16	23.05	23.90	22.48	23.82	6393622	241391184.00
2017/06/19	23.59	23.78	22.89	23.45	4330944	163289456.00
2017/06/20	23.44	25.82	23.31	24.36	8340309	333297984.00
2017/06/21	23.66	23.91	22.99	23.58	5587832	211600944.00
2017/06/22	23.40	23.89	22.48	22.49	4894587	182861040.00
2017/06/23	22.28	22.61	20.86	21.49	4819184	169536672.00
2017/06/26	21.39	21.74	21.06	21.62	2119612	73716072.00
2017/06/27	21.62	22.14	21.42	21.44	2430323	85620192.00
2017/06/28	21.59	21.93	21.31	21.54	2447290	85683624.00
2017/06/29	21.68	21.72	21.23	21.32	2297073	79607016.00
2017/06/30	21.09	22.11	20.79	21.63	3288709	114439040.00
2017/07/03	21.49	22.53	21.37	22.31	2956029	105693608.00
2017/07/04	22.18	22.54	22.06	22.49	2632731	94944992.00
2017/07/05	22.62	24.74	22.62	24.19	7080266	272189088.00
2017/07/06	23.88	25.04	23.59	24.93	5716167	223010096.00
2017/07/07	25.06	25.73	24.20	24.73	4979987	200631648.00
2017/07/10	24.21	24.37	22.23	22.32	5524631	206763600.00
2017/07/11	22.34	22.53	21.71	21.73	2880309	102946664.00
2017/07/12	21.68	22.43	21.35	22.38	3147163	111373072.00
2017/07/13	22.18	22.18	21.21	21.44	2637814	92221232.00
2017/07/14	21.29	21.76	20.94	21.15	2111609	73003904.00
2017/07/17	20.78	20.78	19.01	19.01	2829735	89447520.00
2017/07/18	18.37	19.29	18.13	18.84	2287992	69341648.00
2017/07/19	18.84	18.93	18.32	18.71	1734883	52337864.00
2017/07/20	18.61	19.28	18.38	18.38	1994000	60894608.00
2017/07/21	18.24	18.62	17.94	17.94	1519212	45035440.00
2017/07/24	17.86	18.83	17.76	18.57	1684053	49997612.00
2017/07/25	18.39	18.99	18.37	18.65	1578170	48008292.00
2017/07/26	18.66	19.08	18.31	18.57	1430323	43383048.00
2017/07/27	18.60	19.86	18.38	19.78	2799583	87621320.00
2017/07/28	19.65	19.78	19.18	19.31	1809503	57135556.00
2017/07/31	19.39	19.74	19.19	19.38	1288983	40706160.00
2017/08/01	19.31	19.49	18.88	19.37	1709145	53082996.00
2017/08/02	19.29	19.31	18.84	18.88	1354868	41848152.00
2017/08/03	19.05	19.43	18.72	18.98	1431380	44274008.00
2017/08/04	19.12	19.17	18.21	18.32	1365208	41257784.00
2017/08/07	18.48	18.74	18.44	18.53	846942	25539346.00
2017/08/08	18.62	18.65	17.89	18.60	1188705	35436976.00
2017/08/09	18.50	18.66	18.28	18.34	800595	24000644.00
2017/08/10	18.42	18.54	18.12	18.24	897214	26699140.00
2017/08/11	18.09	18.49	18.06	18.14	836810	24778720.00
2017/08/14	18.33	18.93	18.15	18.81	1346209	40815640.00
2017/08/15	18.74	19.31	18.69	19.28	1802856	55720072.00
2017/08/16	19.12	20.04	19.02	19.71	2738659	87342048.00
2017/08/17	19.62	20.24	19.44	19.65	2171950	69654368.00
2017/08/18	19.53	19.99	19.19	19.31	1809645	57279740.00
2017/08/21	19.46	20.11	19.39	20.04	2021617	65012376.00
2017/08/22	20.06	20.87	20.01	20.04	2757182	91172192.00
2017/08/23	19.82	21.29	19.60	20.94	4285474	142285216.00
2017/08/24	20.99	23.06	20.98	22.47	8273505	303444128.00
2017/08/25	22.06	23.94	21.81	23.44	7835233	287874688.00
2017/08/28	23.26	24.06	22.68	23.41	7273475	274186560.00
2017/08/29	22.93	23.49	22.31	22.45	5994136	221760784.00
2017/08/30	22.43	22.63	21.59	21.83	3852153	137508656.00
2017/08/31	21.85	23.40	21.85	23.34	5333623	196203920.00
2017/09/01	24.40	25.70	24.18	25.70	3619288	148103728.00
2017/09/04	27.17	28.29	25.71	26.32	11068125	485239840.00
2017/09/05	26.56	28.98	26.00	28.98	10358650	466058464.00
2017/09/06	28.98	29.04	26.05	26.87	9369408	411074496.00
2017/09/07	27.26	28.20	25.68	25.91	8566320	373622560.00
2017/09/08	24.77	25.29	23.91	24.26	6638715	264142400.00
2017/09/11	24.18	25.06	24.06	24.54	4351172	173302560.00
2017/09/12	24.35	24.85	23.69	24.53	4499337	176680944.00
2017/09/13	24.21	25.04	24.19	24.76	3487352	138882384.00
2017/09/14	24.50	25.24	24.17	24.30	3403824	136149008.00
2017/09/15	24.29	24.49	23.05	23.09	3400119	130461784.00
2017/09/18	23.13	23.59	22.64	23.49	2417600	90766248.00
2017/09/19	23.42	24.43	23.28	24.11	2848335	110494056.00
2017/09/20	23.71	25.05	23.71	24.73	3667161	145751904.00
2017/09/21	24.55	24.84	23.74	23.79	2968261	116586336.00
2017/09/22	23.53	25.56	23.53	25.09	4909669	196882080.00
2017/09/25	24.84	26.21	24.34	25.90	5391948	222000960.00
2017/09/26	25.39	25.63	23.31	23.63	4214598	164459568.00
2017/09/27	23.40	24.43	23.40	24.18	2460776	95681080.00
2017/09/28	24.06	25.68	23.98	24.97	3434987	138052096.00
2017/09/29	24.78	25.37	24.24	24.54	2482765	99092256.00
2017/10/09	24.69	25.22	24.47	24.66	2038957	81777000.00
2017/10/10	24.37	25.89	24.28	25.89	4094173	167565536.00
2017/10/11	25.37	25.60	24.49	24.58	3048488	123047688.00
2017/10/12	24.43	24.90	23.51	24.90	2801488	110588784.00
2017/10/13	24.65	25.43	24.24	25.19	2775407	111672088.00
2017/10/16	24.12	24.12	22.65	22.65	4463011	166146448.00
2017/10/17	22.63	22.95	22.31	22.74	1473595	54113920.00
2017/10/18	22.78	22.94	21.38	21.43	1896906	67986696.00
2017/10/19	21.41	21.60	20.92	21.29	1100091	37805888.00
2017/10/20	21.31	21.69	21.06	21.53	846928	29466898.00
2017/10/23	21.68	22.06	21.51	21.81	851331	29911820.00
2017/10/24	21.82	21.82	21.07	21.43	951507	33025908.00
2017/10/25	21.44	22.08	21.33	21.91	1248506	43938908.00
2017/10/26	21.78	22.49	21.68	22.21	1500921	53707044.00
2017/10/27	22.44	24.46	22.05	23.61	4553886	172408000.00
2017/10/30	22.93	23.18	21.22	21.54	3376841	121310072.00
2017/10/31	21.31	21.81	21.09	21.43	1719897	59483036.00
2017/11/01	21.42	22.23	21.31	22.01	1692991	59994612.00
2017/11/02	22.06	22.59	21.89	22.24	1758928	63542364.00
2017/11/03	22.68	24.37	22.55	22.89	3109154	116913632.00
2017/11/06	22.63	23.68	22.63	23.30	2539747	95228440.00
2017/11/07	23.68	24.96	23.62	24.34	4257310	167531568.00
2017/11/08	23.91	25.56	23.49	25.19	5448286	215755984.00
2017/11/09	25.41	27.11	25.39	25.81	7390816	311563072.00
2017/11/10	24.68	25.26	24.45	24.67	4482257	179769072.00
2017/11/13	24.12	25.06	24.04	24.88	3371623	133695048.00
2018/04/24	27.39	27.39	27.39	27.39	660248	29202770.00
2018/04/25	30.15	30.15	30.15	30.15	477423	23226628.00
2018/04/26	33.19	33.19	33.19	33.19	294583	15766082.00
2018/04/27	36.54	36.54	31.86	32.22	11691831	655846208.00
2018/05/02	32.56	32.56	28.97	28.97	5280625	253683920.00
2018/05/03	28.06	29.93	27.57	29.09	6258693	287884928.00
2018/05/04	29.48	31.66	29.00	29.07	7664149	372557696.00
2018/05/07	27.96	29.71	27.87	29.24	5318672	246443520.00
2018/05/08	30.06	30.37	28.23	28.64	4292932	201087168.00
2018/05/09	28.18	29.41	27.59	29.26	4230793	195410976.00
2018/05/10	28.91	29.31	28.43	28.43	2858982	133033008.00
2018/05/11	28.49	28.84	27.60	27.74	2683463	122254360.00
2018/05/14	27.91	27.97	26.02	26.23	2413618	105329016.00
2018/05/15	26.22	27.03	26.06	27.00	2319969	99487672.00
2018/05/16	26.69	27.35	26.43	26.74	2038158	88427576.00
2018/05/17	26.98	27.43	26.37	27.15	2247969	98136200.00
2018/05/18	27.05	27.20	25.18	26.40	2811284	118860536.00
2018/05/21	26.40	27.22	25.91	27.18	2476507	106800064.00
2018/05/22	26.98	28.21	26.93	27.95	3129915	140381840.00
2018/05/23	27.37	28.18	27.06	27.45	2134068	95117256.00
2018/05/24	27.12	29.74	27.12	27.56	4031633	183317136.00
2018/05/25	27.59	27.59	25.99	26.76	2020390	87577320.00
2018/05/28	26.50	26.96	25.53	25.59	1471300	62710368.00
2018/05/29	25.50	26.99	25.28	25.89	1806308	76814000.00
2018/05/30	25.18	25.18	23.28	23.28	2194600	86295224.00
2018/05/31	23.75	24.30	23.08	23.92	1440740	55213840.00
2018/06/01	23.78	24.36	22.59	22.96	1175005	44563728.00
2018/06/04	23.34	23.88	22.73	23.49	948926	35859980.00
2018/06/05	23.62	25.06	23.62	24.87	1798089	71297464.00
2018/06/06	24.74	25.79	24.54	25.56	1898807	77982984.00
2018/06/07	25.30	26.10	24.41	25.63	4325820	110266616.00
2018/06/08	24.99	25.49	24.35	25.25	3203771	80258280.00
2018/06/11	24.90	26.85	24.40	25.89	5257957	138233888.00
2018/06/12	25.51	26.25	24.03	26.20	4868237	123575672.00
2018/06/13	25.96	28.83	25.91	27.32	10535400	294298432.00
2018/06/14	27.10	27.45	25.38	26.16	5748792	152128496.00
2018/06/15	26.30	26.48	23.53	23.53	5035238	124218528.00
2018/06/19	22.31	22.31	21.17	21.17	2273791	49322264.00
2018/06/20	20.13	21.55	19.50	20.70	3162157	65648884.00
2018/06/21	20.89	20.89	19.75	19.90	2991313	60424004.00
2018/06/22	19.90	21.10	19.90	21.10	2158165	44652076.00
2018/06/25	21.34	21.34	20.23	20.51	1869084	39204120.00
2018/06/26	19.87	21.34	19.68	20.96	2257299	46985544.00
2018/06/27	21.14	21.60	20.51	20.70	1821623	38553584.00
2018/06/28	20.51	21.65	20.48	20.61	2379075	50416228.00
2018/06/29	20.48	21.77	20.48	21.50	2535019	54232768.00
2018/07/02	21.90	22.04	20.93	21.26	1960839	42277232.00
2018/07/03	21.30	22.44	21.00	22.33	3420009	74340936.00
2018/07/04	22.29	22.29	20.09	20.20	3925130	82611832.00
2018/07/05	20.19	20.95	19.61	19.90	2087256	42603144.00
2018/07/06	20.00	20.80	19.61	20.15	2135644	43304848.00
2018/07/09	20.15	20.73	20.15	20.67	2132811	43963020.00
2018/07/10	20.93	21.60	20.35	21.21	2708045	56854920.00
2018/07/11	20.54	20.74	19.68	20.25	2085620	42241804.00
2018/07/12	20.15	21.26	20.11	20.89	3001128	62931144.00
2018/07/13	21.01	21.55	20.91	20.98	2715680	57797264.00
2018/07/16	20.30	20.45	19.67	20.38	2125480	43007832.00
2018/07/17	20.41	20.72	20.11	20.72	2051780	42285348.00
2018/07/18	21.01	22.18	21.00	21.33	4301219	93171672.00
2018/07/19	21.53	21.68	20.71	21.53	2519829	53824732.00
2018/07/20	21.54	21.60	20.81	21.38	1491800	31916080.00
2018/07/23	21.58	22.15	21.02	21.40	1867900	40698408.00
2018/07/24	21.30	21.89	21.03	21.89	1335029	28676510.00
2018/07/25	21.65	22.30	21.53	21.66	1655051	36432692.00
2018/07/26	21.46	21.80	21.20	21.35	1088911	23367064.00
2018/07/27	21.21	21.59	20.71	21.20	1621420	34477672.00
2018/07/30	21.20	21.20	20.36	20.60	897232	18627762.00
2018/07/31	20.70	21.69	20.14	21.38	2344082	49751396.00
2018/08/01	21.39	22.10	21.08	21.40	2671161	57927236.00
2018/08/02	21.29	21.29	19.78	20.80	1850810	38471832.00
2018/08/03	20.69	21.17	20.13	20.27	714860	14895712.00
2018/08/06	19.61	20.31	18.23	18.66	1218192	23807962.00
2018/08/07	18.88	19.29	18.60	19.01	865965	16554160.00
2018/08/08	18.92	19.37	18.71	18.73	736705	14109931.00
2018/08/09	18.68	20.09	18.49	19.63	1626759	31906444.00
2018/08/10	19.63	20.10	19.38	19.67	1069736	21226206.00
2018/08/13	19.37	20.19	19.15	20.03	1491211	29594826.00
2018/08/14	20.12	20.42	19.58	19.69	1041537	20846250.00
2018/08/15	19.45	19.76	19.25	19.30	755040	14768992.00
2018/08/16	19.01	19.37	18.70	18.96	791663	15200546.00
2018/08/17	19.03	19.44	17.96	17.96	1402008	26042872.00
2018/08/20	17.99	18.25	16.42	17.45	1831768	31977130.00
2018/08/21	17.45	18.20	16.67	17.87	2329883	41129412.00
2018/08/22	17.59	18.23	17.48	17.59	1229931	22062800.00
2018/08/23	18.70	19.36	18.70	19.36	1203380	23183588.00
2018/08/24	21.31	21.31	20.92	21.31	5611379	120063232.00
2018/08/27	21.32	22.25	20.41	21.25	9850662	210660016.00
2018/08/28	20.60	21.41	20.16	20.29	6141948	127630256.00
2018/08/29	20.12	21.29	19.71	20.90	4922249	102116896.00
2018/08/30	20.45	20.83	20.20	20.30	2790580	57410956.00
2018/08/31	20.02	21.90	20.02	20.50	5477421	115548072.00
2018/09/03	20.18	22.56	20.04	22.56	5651712	122199664.00
2018/09/04	24.01	24.83	24.01	24.83	3888111	96360504.00
2018/09/05	27.32	27.32	23.89	25.55	16776125	438642208.00
2018/09/06	25.08	25.85	23.13	23.52	12641643	311288992.00
2018/09/07	23.52	23.81	21.93	22.47	8091620	188253120.00
2018/09/10	22.45	22.82	21.04	21.45	5682066	124205240.00
2018/09/11	21.60	22.06	21.06	21.53	5076674	109965376.00
2018/09/12	21.51	21.97	21.15	21.56	3858872	83563600.00
2018/09/13	21.84	23.73	21.63	23.73	7699534	174841312.00
2018/09/14	24.40	24.40	22.29	22.31	6533256	151376400.00
2018/09/17	22.67	23.86	21.91	22.76	4892705	111699976.00
2018/09/18	22.10	24.39	22.10	23.75	6562394	153614400.00
2018/09/19	23.60	24.14	22.92	23.74	4957094	117385224.00
2018/09/20	23.55	24.15	22.72	22.77	2941663	68945440.00
2018/09/21	22.63	23.58	21.92	22.39	4206702	96522592.00
2018/09/25	22.23	23.59	22.15	22.90	3818162	87649960.00
2018/09/26	22.63	23.29	22.30	22.60	3219279	73026608.00
2018/09/27	22.76	22.76	21.41	21.48	2561602	56435940.00
2018/09/28	21.60	22.08	21.43	21.74	1551710	33983108.00
2018/10/08	21.50	21.50	19.56	19.56	2674580	53853932.00
2018/10/09	19.11	19.87	18.62	19.03	2784402	53454776.00
2018/10/10	19.07	19.48	18.91	18.99	1832598	35334560.00
2018/10/11	18.03	18.30	17.08	17.08	2855104	50117356.00
2018/10/12	16.30	16.90	15.45	16.40	3533970	57629872.00
2018/10/15	16.43	17.42	16.20	16.75	4645409	79288784.00
2018/10/16	16.95	17.88	16.43	16.78	3395793	58579032.00
2018/10/17	17.23	17.41	15.90	16.97	3211139	54269060.00
2018/10/18	16.76	16.90	15.90	15.93	2239442	36546264.00
2018/10/19	15.20	16.79	15.15	16.57	2735371	44502900.00
2018/10/22	16.78	17.67	16.25	17.40	3142197	54740764.00
2018/10/23	17.26	17.75	16.56	16.77	2609431	44881908.00
2018/10/24	16.62	17.78	16.62	16.98	2686982	46622592.00
2018/10/25	15.76	16.48	15.76	16.11	2794320	45138808.00
2018/10/26	16.37	16.78	16.10	16.24	1692536	27879516.00
2018/10/29	16.62	16.67	16.10	16.33	1717321	28519928.00
2018/10/30	16.25	16.68	15.75	16.48	2010948	33034720.00
2018/10/31	16.60	17.25	16.35	16.74	2135806	36029008.00
2018/11/01	17.13	18.25	17.00	17.65	4432351	78444784.00
2018/11/02	17.88	19.36	17.86	19.13	5738545	107418672.00
2018/11/05	19.10	19.71	18.02	19.04	3877913	74065288.00
2018/11/06	18.72	19.29	18.48	18.81	1908820	36112704.00
2018/11/07	18.88	19.25	18.76	18.94	2006442	38346840.00
2018/11/08	19.00	19.17	18.67	18.94	1883688	35787120.00
2018/11/09	18.88	19.28	18.48	18.75	1584574	30012634.00
2018/11/12	18.72	19.70	18.43	19.45	2513712	48450140.00
2018/11/13	19.32	20.13	19.02	19.71	2747143	54303132.00
2018/11/14	19.89	19.90	19.40	19.42	929558	18334944.00
2018/11/15	19.42	20.11	19.42	20.08	1677635	33375310.00
2018/11/16	20.30	22.10	19.83	21.60	3327614	70867424.00
2018/11/19	21.40	22.04	20.95	21.56	1884436	40688184.00
2018/11/20	21.41	21.90	20.86	20.86	1218534	26144238.00
2018/11/21	20.77	20.77	20.11	20.65	1281039	26408694.00
2018/11/22	20.85	20.90	20.43	20.54	1124515	23332262.00
2018/11/23	20.69	21.36	20.50	20.51	1974535	41403596.00
2018/11/26	20.12	20.65	19.91	20.05	1327100	26968368.00
2018/11/27	20.35	21.24	20.27	21.18	1243684	26079362.00
2018/11/28	21.20	21.40	20.64	21.28	1398652	29717864.00
2018/11/29	21.15	22.45	21.15	21.63	1662344	36436444.00
2018/11/30	21.48	22.46	21.04	22.46	2403209	53264756.00
2018/12/03	22.50	23.49	22.50	22.60	2629515	60821356.00
2018/12/04	22.28	22.64	20.40	21.80	3086319	67409208.00
2018/12/05	21.27	23.38	21.04	23.01	2746525	61736896.00
2018/12/06	22.89	23.90	22.40	22.43	2407652	55569336.00
2018/12/07	22.43	22.85	22.43	22.64	1413560	32207954.00
2018/12/10	22.55	23.15	22.10	22.82	1320860	30416600.00
2018/12/11	22.55	23.09	22.50	22.88	800420	18346138.00
2018/12/12	22.78	22.87	22.15	22.18	846158	19051556.00
2018/12/13	22.43	23.06	22.40	22.68	1447260	33166974.00
2018/12/14	22.45	22.46	20.90	21.56	1752760	38551968.00
2018/12/17	21.49	22.05	21.49	21.86	914114	20084080.00
2018/12/18	22.15	23.20	21.91	22.76	2022601	45787080.00
2018/12/20	20.47	20.47	20.47	20.47	67500	1388475.00
2018/12/21	18.41	19.18	18.41	18.98	6139351	114731536.00
2018/12/24	18.43	19.48	18.41	19.11	3781987	71938720.00
2018/12/25	18.92	20.67	18.90	20.05	2519521	50257548.00
2018/12/26	20.40	20.70	19.45	19.76	2152860	43217000.00
2018/12/27	20.30	20.53	19.78	19.83	2101932	42504748.00
2018/12/28	20.10	20.21	18.91	19.69	2229482	43892412.00
2017/05/26	15.32	18.40	15.32	18.40	3907	68121.50
2017/05/31	20.25	20.25	20.25	20.25	3759	76495.65
2017/06/01	22.29	22.29	22.29	22.29	4052	90724.28
2017/06/02	24.53	24.53	24.53	24.53	4583	112879.29
2017/06/05	26.99	26.99	26.99	26.99	12296	333098.63
2017/06/06	29.70	29.70	29.70	29.70	10700	318860.00
2017/06/07	32.68	32.68	32.68	32.68	36607	1199977.50
2017/06/08	35.96	35.96	35.96	35.96	33883	1221821.00
2017/06/09	39.57	39.57	39.57	39.57	130874	5191771.50
2017/06/12	39.90	42.20	38.91	40.25	11909053	488660608.00
2017/06/13	38.21	41.89	37.40	40.62	9460251	370093632.00
2017/06/14	39.26	39.40	36.55	36.55	7381467	277806432.00
2017/06/15	36.59	38.67	36.59	37.18	5961333	224763264.00
2017/06/16	37.19	38.55	36.27	38.42	6393622	241391184.00
2017/06/19	38.05	38.35	36.94	37.83	4330944	163289456.00
2017/06/20	37.81	41.62	37.61	39.28	8340309	333297984.00
2017/06/21	38.16	38.57	37.10	38.03	5587832	211600944.00
2017/06/22	37.75	38.53	36.28	36.30	4894587	182861040.00
2017/06/23	35.96	36.49	33.68	34.70	4819184	169536672.00
2017/06/26	34.54	35.10	34.01	34.90	2119612	73716072.00
2017/06/27	34.90	35.74	34.58	34.62	2430323	85620192.00
2017/06/28	34.85	35.39	34.40	34.78	2447290	85683624.00
2017/06/29	35.00	35.06	34.27	34.42	2297073	79607016.00
2017/06/30	34.05	35.68	33.57	34.92	3288709	114439040.00
2017/07/03	34.69	36.36	34.50	36.00	2956029	105693608.00
2017/07/04	35.80	36.38	35.60	36.29	2632731	94944992.00
2017/07/05	36.50	39.90	36.50	39.02	7080266	272189088.00
2017/07/06	38.52	40.37	38.06	40.20	5716167	223010096.00
2017/07/07	40.40	41.48	39.03	39.87	4979987	200631648.00
2017/07/10	39.04	39.30	35.87	36.02	5524631	206763600.00
2017/07/11	36.05	36.35	35.05	35.08	2880309	102946664.00
2017/07/12	35.00	36.19	34.47	36.12	3147163	111373072.00
2017/07/13	35.80	35.80	34.25	34.61	2637814	92221232.00
2017/07/14	34.38	35.12	33.81	34.15	2111609	73003904.00
2017/07/17	33.55	33.55	30.73	30.73	2829735	89447520.00
2017/07/18	29.70	31.18	29.31	30.45	2287992	69341648.00
2017/07/19	30.45	30.60	29.62	30.25	1734883	52337864.00
2017/07/20	30.08	31.16	29.71	29.71	1994000	60894608.00
2017/07/21	29.50	30.10	29.01	29.01	1519212	45035440.00
2017/07/24	28.89	30.44	28.73	30.02	1684053	49997612.00
2017/07/25	29.74	30.69	29.70	30.15	1578170	48008292.00
2017/07/26	30.16	30.84	29.60	30.02	1430323	43383048.00
2017/07/27	30.07	32.09	29.72	31.95	2799583	87621320.00
2017/07/28	31.75	31.96	31.00	31.20	1809503	57135556.00
2017/07/31	31.34	31.90	31.01	31.32	1288983	40706160.00
2017/08/01	31.21	31.49	30.52	31.30	1709145	53082996.00
2017/08/02	31.18	31.20	30.46	30.52	1354868	41848152.00
2017/08/03	30.79	31.39	30.26	30.67	1431380	44274008.00
2017/08/04	30.90	30.98	29.45	29.62	1365208	41257784.00
2017/08/07	29.87	30.30	29.82	29.96	846942	25539346.00
2017/08/08	30.10	30.15	28.94	30.07	1188705	35436976.00
2017/08/09	29.91	30.16	29.55	29.66	800595	24000644.00
2017/08/10	29.78	29.98	29.30	29.50	897214	26699140.00
2017/08/11	29.26	29.89	29.21	29.34	836810	24778720.00
2017/08/14	29.64	30.60	29.35	30.40	1346209	40815640.00
2017/08/15	30.30	31.20	30.21	31.16	1802856	55720072.00
2017/08/16	30.90	32.38	30.74	31.84	2738659	87342048.00
2017/08/17	31.70	32.69	31.41	31.75	2171950	69654368.00
2017/08/18	31.55	32.30	31.02	31.20	1809645	57279740.00
2017/08/21	31.45	32.49	31.33	32.37	2021617	65012376.00
2017/08/22	32.40	33.70	32.32	32.37	2757182	91172192.00
2017/08/23	32.02	34.37	31.67	33.82	4285474	142285216.00
2017/08/24	33.90	37.21	33.88	36.26	8273505	303444128.00
2017/08/25	35.61	38.62	35.20	37.82	7835233	287874688.00
2017/08/28	37.52	38.80	36.60	37.77	7273475	274186560.00
2017/08/29	36.99	37.89	36.01	36.23	5994136	221760784.00
2017/08/30	36.19	36.52	34.85	35.23	3852153	137508656.00
2017/08/31	35.27	37.75	35.27	37.65	5333623	196203920.00
2017/09/01	39.35	41.43	39.00	41.43	3619288	148103728.00
2017/09/04	43.78	45.58	41.44	42.42	11068125	485239840.00
2017/09/05	42.80	46.67	41.91	46.67	10358650	466058464.00
2017/09/06	46.67	46.78	41.99	43.30	9369408	411074496.00
2017/09/07	43.92	45.43	41.40	41.76	8566320	373622560.00
2017/09/08	39.94	40.78	38.56	39.12	6638715	264142400.00
2017/09/11	39.00	40.40	38.81	39.58	4351172	173302560.00
2017/09/12	39.27	40.07	38.21	39.55	4499337	176680944.00
2017/09/13	39.05	40.37	39.01	39.92	3487352	138882384.00
2017/09/14	39.51	40.69	38.98	39.19	3403824	136149008.00
2017/09/15	39.18	39.49	37.19	37.25	3400119	130461784.00
2017/09/18	37.31	38.06	36.53	37.89	2417600	90766248.00
2017/09/19	37.78	39.40	37.55	38.89	2848335	110494056.00
2017/09/20	38.25	40.39	38.25	39.88	3667161	145751904.00
2017/09/21	39.59	40.05	38.29	38.38	2968261	116586336.00
2017/09/22	37.96	41.20	37.96	40.45	4909669	196882080.00
2017/09/25	40.06	42.25	39.25	41.75	5391948	222000960.00
2017/09/26	40.94	41.32	37.61	38.11	4214598	164459568.00
2017/09/27	37.75	39.39	37.75	38.99	2460776	95681080.00
2017/09/28	38.81	41.39	38.68	40.26	3434987	138052096.00
2017/09/29	39.95	40.90	39.10	39.57	2482765	99092256.00
2017/10/09	39.82	40.66	39.46	39.76	2038957	81777000.00
2017/10/10	39.30	41.74	39.16	41.74	4094173	167565536.00
2017/10/11	40.90	41.27	39.50	39.63	3048488	123047688.00
2017/10/12	39.40	40.15	37.92	40.15	2801488	110588784.00
2017/10/13	39.75	40.99	39.10	40.62	2775407	111672088.00
2017/10/16	38.90	38.90	36.55	36.55	4463011	166146448.00
2017/10/17	36.51	37.03	36.01	36.70	1473595	54113920.00
2017/10/18	36.76	37.02	34.52	34.60	1896906	67986696.00
2017/10/19	34.56	34.87	33.78	34.37	1100091	37805888.00
2017/10/20	34.40	35.01	34.00	34.76	846928	29466898.00
2017/10/23	34.99	35.60	34.73	35.21	851331	29911820.00
2017/10/24	35.22	35.22	34.02	34.60	951507	33025908.00
2017/10/25	34.62	35.64	34.43	35.36	1248506	43938908.00
2017/10/26	35.15	36.30	35.00	35.85	1500921	53707044.00
2017/10/27	36.22	39.45	35.59	38.08	4553886	172408000.00
2017/10/30	37.00	37.40	34.26	34.77	3376841	121310072.00
2017/10/31	34.40	35.20	34.06	34.60	1719897	59483036.00
2017/11/01	34.58	35.88	34.40	35.52	1692991	59994612.00
2017/11/02	35.60	36.45	35.33	35.90	1758928	63542364.00
2017/11/03	36.60	39.30	36.39	36.94	3109154	116913632.00
2017/11/06	36.51	38.20	36.51	37.59	2539747	95228440.00
2017/11/07	38.19	40.25	38.10	39.26	4257310	167531568.00
2017/11/08	38.56	41.20	37.90	40.61	5448286	215755984.00
2017/11/09	40.96	43.69	40.94	41.61	7390816	311563072.00
2017/11/10	39.80	40.73	39.43	39.78	4482257	179769072.00
2017/11/13	38.90	40.41	38.78	40.11	3371623	133695048.00
2018/04/24	44.13	44.13	44.13	44.13	660248	29202770.00
2018/04/25	48.55	48.55	48.55	48.55	477423	23226628.00
2018/04/26	53.42	53.42	53.42	53.42	294583	15766082.00
2018/04/27	58.77	58.77	51.29	51.86	11691831	655846208.00
2018/05/02	52.40	52.40	46.66	46.66	5280625	253683920.00
2018/05/03	45.20	48.20	44.42	46.85	6258693	287884928.00
2018/05/04	47.48	50.96	46.71	46.82	7664149	372557696.00
2018/05/07	45.05	47.84	44.90	47.10	5318672	246443520.00
2018/05/08	48.40	48.90	45.48	46.13	4292932	201087168.00
2018/05/09	45.40	47.36	44.45	47.12	4230793	195410976.00
2018/05/10	46.57	47.20	45.80	45.80	2858982	133033008.00
2018/05/11	45.90	46.46	44.47	44.69	2683463	122254360.00
2018/05/14	44.96	45.06	41.94	42.27	2413618	105329016.00
2018/05/15	42.26	43.56	42.00	43.51	2319969	99487672.00
2018/05/16	43.01	44.07	42.60	43.09	2038158	88427576.00
2018/05/17	43.48	44.19	42.50	43.75	2247969	98136200.00
2018/05/18	43.59	43.83	40.60	42.55	2811284	118860536.00
2018/05/21	42.55	43.86	41.77	43.79	2476507	106800064.00
2018/05/22	43.48	45.45	43.40	45.03	3129915	140381840.00
2018/05/23	44.10	45.40	43.60	44.23	2134068	95117256.00
2018/05/24	43.70	47.90	43.70	44.40	4031633	183317136.00
2018/05/25	44.45	44.45	41.90	43.12	2020390	87577320.00
2018/05/28	42.71	43.45	41.16	41.25	1471300	62710368.00
2018/05/29	41.11	43.49	40.75	41.73	1806308	76814000.00
2018/05/30	40.60	40.60	37.55	37.55	2194600	86295224.00
2018/05/31	38.31	39.19	37.23	38.58	1440740	55213840.00
2018/06/01	38.35	39.29	36.45	37.04	1175005	44563728.00
2018/06/04	37.66	38.52	36.68	37.90	948926	35859980.00
2018/06/05	38.10	40.40	38.10	40.10	1798089	71297464.00
2018/06/06	39.90	41.58	39.58	41.20	1898807	77982984.00
2018/06/07	25.30	26.10	24.41	25.63	4325820	110266616.00
2018/06/08	24.99	25.49	24.35	25.25	3203771	80258280.00
2018/06/11	24.90	26.85	24.40	25.89	5257957	138233888.00
2018/06/12	25.51	26.25	24.03	26.20	4868237	123575672.00
2018/06/13	25.96	28.83	25.91	27.32	10535400	294298432.00
2018/06/14	27.10	27.45	25.38	26.16	5748792	152128496.00
2018/06/15	26.30	26.48	23.53	23.53	5035238	124218528.00
2018/06/19	22.31	22.31	21.17	21.17	2273791	49322264.00
2018/06/20	20.13	21.55	19.50	20.70	3162157	65648884.00
2018/06/21	20.89	20.89	19.75	19.90	2991313	60424004.00
2018/06/22	19.90	21.10	19.90	21.10	2158165	44652076.00
2018/06/25	21.34	21.34	20.23	20.51	1869084	39204120.00
2018/06/26	19.87	21.34	19.68	20.96	2257299	46985544.00
2018/06/27	21.14	21.60	20.51	20.70	1821623	38553584.00
2018/06/28	20.51	21.65	20.48	20.61	2379075	50416228.00
2018/06/29	20.48	21.77	20.48	21.50	2535019	54232768.00
2018/07/02	21.90	22.04	20.93	21.26	1960839	42277232.00
2018/07/03	21.30	22.44	21.00	22.33	3420009	74340936.00
2018/07/04	22.29	22.29	20.09	20.20	3925130	82611832.00
2018/07/05	20.19	20.95	19.61	19.90	2087256	42603144.00
2018/07/06	20.00	20.80	19.61	20.15	2135644	43304848.00
2018/07/09	20.15	20.73	20.15	20.67	2132811	43963020.00
2018/07/10	20.93	21.60	20.35	21.21	2708045	56854920.00
2018/07/11	20.54	20.74	19.68	20.25	2085620	42241804.00
2018/07/12	20.15	21.26	20.11	20.89	3001128	62931144.00
2018/07/13	21.01	21.55	20.91	20.98	2715680	57797264.00
2018/07/16	20.30	20.45	19.67	20.38	2125480	43007832.00
2018/07/17	20.41	20.72	20.11	20.72	2051780	42285348.00
2018/07/18	21.01	22.18	21.00	21.33	4301219	93171672.00
2018/07/19	21.53	21.68	20.71	21.53	2519829	53824732.00
2018/07/20	21.54	21.60	20.81	21.38	1491800	31916080.00
2018/07/23	21.58	22.15	21.02	21.40	1867900	40698408.00
2018/07/24	21.30	21.89	21.03	21.89	1335029	28676510.00
2018/07/25	21.65	22.30	21.53	21.66	1655051	36432692.00
2018/07/26	21.46	21.80	21.20	21.35	1088911	23367064.00
2018/07/27	21.21	21.59	20.71	21.20	1621420	34477672.00
2018/07/30	21.20	21.20	20.36	20.60	897232	18627762.00
2018/07/31	20.70	21.69	20.14	21.38	2344082	49751396.00
2018/08/01	21.39	22.10	21.08	21.40	2671161	57927236.00
2018/08/02	21.29	21.29	19.78	20.80	1850810	38471832.00
2018/08/03	20.69	21.17	20.13	20.27	714860	14895712.00
2018/08/06	19.61	20.31	18.23	18.66	1218192	23807962.00
2018/08/07	18.88	19.29	18.60	19.01	865965	16554160.00
2018/08/08	18.92	19.37	18.71	18.73	736705	14109931.00
2018/08/09	18.68	20.09	18.49	19.63	1626759	31906444.00
2018/08/10	19.63	20.10	19.38	19.67	1069736	21226206.00
2018/08/13	19.37	20.19	19.15	20.03	1491211	29594826.00
2018/08/14	20.12	20.42	19.58	19.69	1041537	20846250.00
2018/08/15	19.45	19.76	19.25	19.30	755040	14768992.00
2018/08/16	19.01	19.37	18.70	18.96	791663	15200546.00
2018/08/17	19.03	19.44	17.96	17.96	1402008	26042872.00
2018/08/20	17.99	18.25	16.42	17.45	1831768	31977130.00
2018/08/21	17.45	18.20	16.67	17.87	2329883	41129412.00
2018/08/22	17.59	18.23	17.48	17.59	1229931	22062800.00
2018/08/23	18.70	19.36	18.70	19.36	1203380	23183588.00
2018/08/24	21.31	21.31	20.92	21.31	5611379	120063232.00
2018/08/27	21.32	22.25	20.41	21.25	9850662	210660016.00
2018/08/28	20.60	21.41	20.16	20.29	6141948	127630256.00
2018/08/29	20.12	21.29	19.71	20.90	4922249	102116896.00
2018/08/30	20.45	20.83	20.20	20.30	2790580	57410956.00
2018/08/31	20.02	21.90	20.02	20.50	5477421	115548072.00
2018/09/03	20.18	22.56	20.04	22.56	5651712	122199664.00
2018/09/04	24.01	24.83	24.01	24.83	3888111	96360504.00
2018/09/05	27.32	27.32	23.89	25.55	16776125	438642208.00
2018/09/06	25.08	25.85	23.13	23.52	12641643	311288992.00
2018/09/07	23.52	23.81	21.93	22.47	8091620	188253120.00
2018/09/10	22.45	22.82	21.04	21.45	5682066	124205240.00
2018/09/11	21.60	22.06	21.06	21.53	5076674	109965376.00
2018/09/12	21.51	21.97	21.15	21.56	3858872	83563600.00
2018/09/13	21.84	23.73	21.63	23.73	7699534	174841312.00
2018/09/14	24.40	24.40	22.29	22.31	6533256	151376400.00
2018/09/17	22.67	23.86	21.91	22.76	4892705	111699976.00
2018/09/18	22.10	24.39	22.10	23.75	6562394	153614400.00
2018/09/19	23.60	24.14	22.92	23.74	4957094	117385224.00
2018/09/20	23.55	24.15	22.72	22.77	2941663	68945440.00
2018/09/21	22.63	23.58	21.92	22.39	4206702	96522592.00
2018/09/25	22.23	23.59	22.15	22.90	3818162	87649960.00
2018/09/26	22.63	23.29	22.30	22.60	3219279	73026608.00
2018/09/27	22.76	22.76	21.41	21.48	2561602	56435940.00
2018/09/28	21.60	22.08	21.43	21.74	1551710	33983108.00
2018/10/08	21.50	21.50	19.56	19.56	2674580	53853932.00
2018/10/09	19.11	19.87	18.62	19.03	2784402	53454776.00
2018/10/10	19.07	19.48	18.91	18.99	1832598	35334560.00
2018/10/11	18.03	18.30	17.08	17.08	2855104	50117356.00
2018/10/12	16.30	16.90	15.45	16.40	3533970	57629872.00
2018/10/15	16.43	17.42	16.20	16.75	4645409	79288784.00
2018/10/16	16.95	17.88	16.43	16.78	3395793	58579032.00
2018/10/17	17.23	17.41	15.90	16.97	3211139	54269060.00
2018/10/18	16.76	16.90	15.90	15.93	2239442	36546264.00
2018/10/19	15.20	16.79	15.15	16.57	2735371	44502900.00
2018/10/22	16.78	17.67	16.25	17.40	3142197	54740764.00
2018/10/23	17.26	17.75	16.56	16.77	2609431	44881908.00
2018/10/24	16.62	17.78	16.62	16.98	2686982	46622592.00
2018/10/25	15.76	16.48	15.76	16.11	2794320	45138808.00
2018/10/26	16.37	16.78	16.10	16.24	1692536	27879516.00
2018/10/29	16.62	16.67	16.10	16.33	1717321	28519928.00
2018/10/30	16.25	16.68	15.75	16.48	2010948	33034720.00
2018/10/31	16.60	17.25	16.35	16.74	2135806	36029008.00
2018/11/01	17.13	18.25	17.00	17.65	4432351	78444784.00
2018/11/02	17.88	19.36	17.86	19.13	5738545	107418672.00
2018/11/05	19.10	19.71	18.02	19.04	3877913	74065288.00
2018/11/06	18.72	19.29	18.48	18.81	1908820	36112704.00
2018/11/07	18.88	19.25	18.76	18.94	2006442	38346840.00
2018/11/08	19.00	19.17	18.67	18.94	1883688	35787120.00
2018/11/09	18.88	19.28	18.48	18.75	1584574	30012634.00
2018/11/12	18.72	19.70	18.43	19.45	2513712	48450140.00
2018/11/13	19.32	20.13	19.02	19.71	2747143	54303132.00
2018/11/14	19.89	19.90	19.40	19.42	929558	18334944.00
2018/11/15	19.42	20.11	19.42	20.08	1677635	33375310.00
2018/11/16	20.30	22.10	19.83	21.60	3327614	70867424.00
2018/11/19	21.40	22.04	20.95	21.56	1884436	40688184.00
2018/11/20	21.41	21.90	20.86	20.86	1218534	26144238.00
2018/11/21	20.77	20.77	20.11	20.65	1281039	26408694.00
2018/11/22	20.85	20.90	20.43	20.54	1124515	23332262.00
2018/11/23	20.69	21.36	20.50	20.51	1974535	41403596.00
2018/11/26	20.12	20.65	19.91	20.05	1327161	26968368.00
2018/11/27	20.35	21.24	20.27	21.18	1243684	26079362.00
2018/11/28	21.20	21.40	20.64	21.28	1398652	29717864.00
2018/11/29	21.15	22.45	21.15	21.63	1662344	36436444.00
2018/11/30	21.48	22.46	21.04	22.46	2403209	53264756.00
2018/12/03	22.50	23.49	22.50	22.60	2629515	60821356.00
2018/12/04	22.28	22.64	20.40	21.80	3086319	67409208.00
2018/12/05	21.27	23.38	21.04	23.01	2746525	61736896.00
2018/12/06	22.89	23.90	22.40	22.43	2407652	55569336.00
2018/12/07	22.43	22.85	22.43	22.64	1413560	32207954.00
2018/12/10	22.55	23.15	22.10	22.82	1320860	30416600.00
2018/12/11	22.55	23.09	22.50	22.88	800420	18346138.00
2018/12/12	22.78	22.87	22.15	22.18	846158	19051556.00
2018/12/13	22.43	23.06	22.40	22.68	1447260	33166974.00
2018/12/14	22.45	22.46	20.90	21.56	1752760	38551968.00
2018/12/17	21.49	22.05	21.49	21.86	914114	20084080.00
2018/12/18	22.15	23.20	21.91	22.76	2022601	45787080.00
2018/12/20	20.47	20.47	20.47	20.47	67500	1388475.00
2018/12/21	18.41	19.18	18.41	18.98	6139351	114731536.00
2018/12/24	18.43	19.48	18.41	19.11	3781987	71938720.00
2018/12/25	18.92	20.67	18.90	20.05	2519521	50257548.00
2018/12/26	20.40	20.70	19.45	19.76	2152860	43217000.00
2018/12/27	20.30	20.53	19.78	19.83	2101932	42504748.00
2018/12/28	20.10	20.21	18.91	19.69	2229482	43892412.00
2019/01/02	19.67	20.09	18.77	19.12	1536626	29779984.00
2019/01/03	19.58	19.68	18.91	19.05	1341830	26040344.00
2019/01/04	18.54	20.26	18.54	19.77	2580300	51198224.00
2019/01/07	19.95	20.88	19.86	20.82	2338262	47849016.00
2019/01/08	20.79	21.28	20.31	20.97	1733225	36400676.00
2019/01/09	21.91	22.90	20.40	20.85	3598378	76664008.00
2019/01/10	20.83	21.08	20.15	20.68	2666294	54898592.00
2019/01/11	20.66	20.68	20.01	20.15	1748600	35503880.00
2019/01/14	20.15	20.16	19.08	19.22	1667516	32794340.00
2019/01/15	19.47	19.55	19.11	19.45	1563500	30409944.00
2019/01/16	19.45	21.41	19.44	20.42	3181954	65682224.00
2019/01/17	20.10	20.12	18.91	19.18	2974265	58340408.00
2019/01/18	19.18	19.38	18.90	19.18	1093282	21024524.00
2019/01/21	19.09	19.70	19.09	19.40	911560	17835890.00
2019/01/22	19.42	20.12	19.20	20.05	1695447	33716372.00
2019/01/23	19.91	19.94	19.50	19.76	876422	17347262.00
2019/01/24	19.88	20.69	19.35	20.11	2495991	50478852.00
2019/01/25	20.12	20.32	19.45	19.52	1482535	29586102.00
2019/01/28	19.69	20.46	19.30	19.85	1577760	31784102.00
2019/01/29	19.25	20.28	18.90	19.90	1276711	25131942.00
2019/01/30	19.60	19.90	19.08	19.11	1065159	20744930.00
2019/01/31	19.10	19.24	17.63	17.90	1402280	25653528.00
2019/02/01	18.11	18.45	17.84	18.31	1111957	20384392.00
2019/02/11	18.41	19.42	18.29	19.36	1663496	31845504.00
2019/02/12	19.70	20.30	19.34	19.58	1762575	35033360.00
2019/02/13	19.40	20.90	19.38	20.41	3583014	73249952.00
2019/02/14	20.76	21.20	20.45	20.65	2407045	50348080.00
2019/02/15	20.68	21.35	20.55	20.98	2805229	59127064.00
2019/02/18	21.21	22.08	21.21	21.75	2267520	49402624.00
2019/02/19	22.05	23.94	21.51	23.94	4667263	109392464.00
2019/02/20	24.40	24.60	23.12	23.45	4238869	100591760.00
2019/02/21	23.52	24.02	22.90	23.60	2530340	59686176.00
2019/02/22	23.00	25.26	23.00	25.15	3165588	76724304.00
2019/02/25	26.20	27.68	26.20	27.68	6140198	167863200.00
2019/02/26	27.90	29.81	27.82	28.35	5295099	152549664.00
2019/02/27	28.34	30.10	26.52	26.96	4877571	139983008.00
2019/02/28	28.00	29.67	27.40	27.90	3561276	101550504.00
2019/03/01	28.36	29.84	27.94	29.20	2719951	78622984.00
2019/03/04	29.14	31.06	28.90	29.90	2983787	89826544.00
2019/03/05	30.48	31.02	28.71	30.54	3147522	94667720.00
2019/03/06	30.38	30.38	28.62	28.99	3626500	105985872.00
2019/03/07	29.30	31.90	29.17	31.90	5903453	183764688.00
2019/03/08	31.93	35.10	30.51	33.10	7225532	243978496.00
2019/03/11	33.13	35.42	29.80	33.28	5746792	185901616.00
2019/03/12	33.85	36.48	32.50	35.56	5743008	198578224.00
2019/03/13	34.78	34.78	31.99	31.99	5083060	169094896.00
2019/03/14	31.08	31.08	28.78	28.79	6799606	198289904.00
2019/03/15	29.05	29.50	28.40	29.05	2064981	60145904.00
2019/03/18	28.98	29.28	27.70	29.28	2973337	84664544.00
2019/03/19	29.20	31.50	28.90	30.35	4455401	136491104.00
2019/03/20	29.88	30.60	28.28	29.94	2382135	70349368.00
2019/03/21	30.00	30.42	29.10	29.74	2474153	74352464.00
2019/03/22	29.72	29.77	28.55	29.26	1823509	53155004.00
2019/03/25	28.46	29.87	28.00	28.90	2062505	60319040.00
2019/03/26	28.97	30.45	28.97	29.39	2742262	81742880.00
2019/03/27	29.60	29.60	28.40	28.96	1752816	50870828.00
2019/03/28	28.67	30.06	28.64	29.85	2685011	79512496.00
2019/03/29	29.32	31.88	29.32	31.62	2886391	89197464.00
2019/04/01	32.10	34.20	32.05	33.80	4712017	157296320.00
2019/04/02	33.90	35.06	32.92	34.09	4015710	137421104.00
2019/04/03	33.90	35.88	33.80	34.80	2148116	75502064.00
2019/04/04	34.80	35.69	33.74	34.43	2603048	90049664.00
2019/04/08	35.46	35.58	31.90	32.62	3413511	113197464.00
2019/04/09	33.42	33.80	32.12	32.40	2149671	70871160.00
2019/04/10	32.53	33.10	31.75	32.33	1936271	63022644.00
2019/04/11	31.70	32.80	31.42	31.90	2649365	85393560.00
2019/04/12	31.71	34.50	31.56	33.26	3334988	111233064.00
2019/04/15	33.92	34.25	32.30	32.70	2070333	68966984.00
2019/04/16	32.70	33.32	31.52	33.06	1427481	46488692.00
2019/04/17	32.73	33.29	31.80	32.51	1651427	53611992.00
2019/04/18	32.49	32.79	31.89	32.10	1073603	34647400.00
2019/04/19	32.21	34.35	31.99	33.70	2274212	76443456.00
2019/04/22	33.70	34.90	32.91	34.01	1901656	64510900.00
2019/04/23	34.75	35.88	33.22	33.30	1866337	63847036.00
2019/04/24	32.72	33.45	30.40	32.85	2764274	88167128.00
2019/04/25	32.66	35.55	32.48	34.10	4104894	140575696.00
2019/04/26	34.70	37.52	34.10	37.52	3746805	137489568.00
2019/04/29	41.28	41.28	33.76	33.76	6221747	237727056.00
2019/04/30	34.20	37.15	34.20	36.14	3478592	125589632.00
2019/05/06	32.62	35.60	32.52	33.35	2675028	90275136.00
2019/05/07	33.74	33.89	31.91	32.31	1733157	57088080.00
2019/05/08	31.85	35.20	30.98	34.35	2705350	88207912.00
2019/05/09	31.58	34.10	31.53	32.37	1638162	54131524.00
2019/05/10	32.92	35.62	32.92	35.62	4362965	153549104.00
2019/05/13	36.14	37.87	35.10	37.29	4781215	173570560.00
2019/05/14	36.18	37.29	35.96	36.40	2756348	100579416.00
2019/05/15	36.38	36.73	35.60	36.73	1956917	70664104.00
2019/05/16	37.12	37.20	35.03	35.40	2205314	79247680.00
2019/05/17	35.60	36.40	34.75	35.30	3284825	116089216.00
2019/05/20	34.99	36.63	34.99	36.10	2879231	104001192.00
2019/05/21	35.10	37.79	35.07	37.75	2462475	90562200.00
2019/05/22	37.48	41.53	36.65	41.53	4093739	162091248.00
2019/05/23	41.70	41.99	37.85	39.80	3257621	129975816.00
2019/05/24	39.40	39.48	38.00	38.37	1630152	62828184.00
2019/05/27	38.13	40.95	38.00	40.28	2332534	92249328.00
2019/05/28	39.92	40.40	38.63	39.10	1836908	72273240.00
2019/05/29	38.00	38.87	37.52	38.19	1853420	70524640.00
2019/05/30	38.00	38.00	36.60	37.49	1087806	40408980.00
2019/05/31	37.48	38.42	37.24	37.99	1514576	57321120.00
2019/06/03	38.15	38.27	36.11	37.31	1717666	63864280.00
2019/06/04	36.48	37.67	34.28	36.10	1639396	59190208.00
2019/06/05	36.30	36.75	35.12	35.80	1036880	36924712.00
2019/06/06	35.21	38.38	35.00	35.20	2549888	92895904.00
2019/06/10	35.50	36.40	35.04	35.50	1121776	40238600.00
2019/06/11	35.50	39.05	35.50	39.05	3017979	113378904.00
2019/06/12	40.19	40.19	38.60	38.87	1623365	64232916.00
2019/06/13	39.02	40.20	38.00	39.29	1818680	70628232.00
2019/06/14	39.30	41.30	39.00	39.42	1411799	56949464.00
2019/06/17	38.50	39.48	37.82	39.38	1044900	40667036.00
2019/06/18	38.88	39.38	37.70	38.93	1174443	45128128.00
2019/06/19	40.00	40.77	38.00	38.20	1186662	46069292.00
2019/06/20	38.60	38.68	37.73	38.50	1491340	57008772.00
2019/06/21	38.42	40.15	38.04	38.66	1969519	77181984.00
2019/06/24	38.99	40.25	38.58	38.96	1121390	43989004.00
2019/06/25	38.50	39.18	37.05	37.71	1100037	41516660.00
2019/06/26	37.44	37.80	36.38	36.68	1167785	42991748.00
2019/06/27	36.84	37.33	36.41	36.88	1015900	37381632.00
2019/06/28	36.62	36.99	36.10	36.35	1132203	41334300.00
2019/07/01	37.20	39.40	37.15	39.00	2641810	101769536.00
2019/07/02	39.04	39.36	38.36	39.11	1089010	42368832.00
2019/07/03	39.04	39.10	37.11	38.00	1362295	51593696.00
2019/07/04	37.75	38.44	37.37	37.85	796980	30158848.00
2019/07/05	38.20	38.25	36.80	37.65	1014097	37779792.00
2019/07/08	37.78	37.78	35.25	35.89	1189667	43442360.00
2019/07/09	36.02	37.12	35.92	36.97	1108216	40757360.00
2019/07/10	36.60	37.60	36.60	37.23	981034	36510084.00
2019/07/11	37.80	38.15	35.80	35.92	1474400	53658996.00
2019/07/12	35.82	35.82	34.00	34.94	2174220	75223712.00
2019/07/15	34.33	36.34	34.03	35.70	1519677	53895772.00
2019/07/16	35.95	36.65	35.42	36.29	1143260	41357692.00
2019/07/17	36.33	37.19	36.00	36.70	1012386	37260060.00
2019/07/18	36.90	36.90	35.40	35.68	868484	31200538.00
2019/07/19	35.97	36.66	35.50	35.68	405791	14559579.00
2019/07/22	36.00	36.00	34.16	34.32	734147	25513600.00
2019/07/23	34.31	35.20	34.00	35.20	340083	11827894.00
2019/07/24	35.20	35.48	34.00	34.45	723648	25129398.00
2019/07/25	34.05	34.87	34.03	34.62	869110	29984506.00
2019/07/26	34.62	34.97	33.84	34.20	1031684	35356828.00
2019/07/29	34.80	34.80	33.88	34.20	522188	17892276.00
2019/07/30	34.04	34.75	33.80	34.37	764639	26217622.00
2019/07/31	34.69	34.69	33.86	34.56	976048	33463994.00
2019/08/01	34.10	36.00	34.10	35.68	1585672	56353724.00
2019/08/02	34.80	35.95	34.50	35.69	920927	32505102.00
2019/08/05	35.69	36.22	35.03	35.31	889069	31778522.00
2019/08/06	35.00	35.20	31.78	33.98	1139510	38357420.00
2019/08/07	33.99	34.00	32.20	32.45	1116023	36514768.00
2019/08/08	32.75	33.79	32.50	33.49	1486653	49592392.00
2019/08/09	33.88	35.10	33.69	34.44	1492380	51513404.00
2019/08/12	34.44	35.02	34.12	34.88	952340	32964604.00
2019/08/13	34.93	36.57	34.88	35.90	1657506	59536848.00
2019/08/14	36.00	38.50	35.89	38.38	2509413	93473512.00
2019/08/15	37.59	38.50	35.02	37.80	1939985	72384864.00
2019/08/16	37.84	41.58	37.84	41.58	3481125	141765088.00
2019/08/19	41.89	45.45	41.89	43.35	5603116	242801072.00
2019/08/20	43.33	43.50	41.66	42.60	2098822	89076064.00
2019/08/21	41.92	43.59	41.16	42.82	2441933	103395496.00
2019/08/22	42.34	43.00	41.40	42.60	1356780	57124072.00
2019/08/23	42.64	42.90	41.60	42.08	826549	34687468.00
2019/08/26	41.31	44.45	41.31	43.06	1615234	69529840.00
2019/08/27	43.58	45.45	43.49	44.01	1650440	73590832.00
2019/08/28	43.54	46.25	43.42	45.52	1504915	67650464.00
2019/08/29	45.89	50.07	45.01	50.07	2311052	112173888.00
2019/08/30	51.50	55.08	48.10	50.58	4355520	230212480.00
2019/09/02	52.10	54.22	47.02	53.72	5541104	278489856.00
2019/09/03	51.99	55.90	51.10	52.50	3232135	173152624.00
2019/09/04	52.00	53.00	49.50	51.66	2623596	133927152.00
2019/09/05	51.59	54.50	49.89	51.84	4186282	215117360.00
2019/09/06	51.30	52.32	47.05	49.00	4163375	206330336.00
2019/09/09	49.98	52.36	49.69	52.11	4535133	231610256.00
2019/09/10	53.45	53.56	48.80	49.71	5048266	255742192.00
2019/09/11	50.00	53.45	48.51	51.58	5223873	268910688.00
2019/09/12	50.55	52.15	49.02	51.30	2780380	140602480.00
2019/09/16	51.30	53.13	49.55	51.68	2220377	113797808.00
2019/09/17	50.65	51.58	48.40	49.11	2602171	128655592.00
2019/09/18	49.21	49.60	47.22	47.50	2065851	98900256.00
2019/09/19	48.04	48.49	46.90	48.10	2078133	99297280.00
2019/09/20	48.21	50.55	47.86	48.72	3523068	171852560.00
2019/09/23	47.00	51.70	46.80	51.65	5157704	256236256.00
2019/09/24	51.51	52.40	50.53	51.70	2852187	147060096.00
2019/09/25	51.45	51.60	49.00	49.20	2537700	126769760.00
2019/09/26	49.25	50.50	47.00	48.31	2340012	113862704.00
2019/09/27	48.34	53.14	47.50	53.14	3010223	156069744.00
2019/09/30	54.14	56.00	52.00	56.00	3085493	166940848.00
2019/10/08	54.00	55.50	50.40	51.00	3288777	171169696.00
2019/10/09	51.30	51.30	49.01	50.85	1400861	70377432.00
2019/10/10	50.85	55.94	50.30	55.94	2346913	126622560.00
2019/10/11	56.70	60.50	56.61	58.79	4063655	236834176.00
2019/10/14	59.33	59.67	56.90	58.29	2838582	164893280.00
2019/10/15	57.80	57.93	54.88	55.95	2184735	122036880.00
2019/10/16	56.53	56.66	55.11	55.36	1433173	79770752.00
2019/10/17	55.00	57.33	53.62	55.20	2137971	118477048.00
2019/10/18	54.50	55.39	53.01	54.50	1270079	69019232.00
2019/10/21	54.46	55.99	53.70	54.91	1473109	80567608.00
2019/10/22	55.07	57.44	54.23	56.80	1270620	71754640.00
2019/10/23	56.58	58.30	55.67	56.24	1137561	64718420.00
2019/10/24	56.00	56.86	53.82	54.70	1628427	89317536.00
2019/10/25	55.51	59.10	54.00	57.84	1991209	113521240.00
2019/10/28	59.85	59.98	56.00	58.09	2323001	133722016.00
2019/10/29	58.00	58.00	54.08	56.80	2017873	112845112.00
2019/10/30	56.00	56.00	54.44	55.58	1069640	59414972.00
2019/10/31	55.52	57.00	54.60	55.16	1046730	58077248.00
2019/11/01	54.61	56.38	54.06	55.50	846405	46895424.00
2019/11/04	55.88	56.94	55.00	55.91	1025998	57645248.00
2019/11/05	56.94	56.94	54.88	55.15	976092	53998160.00
2019/11/06	55.47	55.83	52.00	53.18	1572051	84657672.00
2019/11/07	53.36	55.20	52.65	53.62	1535146	82981352.00
2019/11/08	54.18	55.27	52.31	52.38	1533952	82492208.00
2019/11/11	51.00	53.44	50.06	51.80	2058882	107779152.00
2019/11/12	51.00	52.40	50.30	51.99	1165679	60247380.00
2019/11/13	51.64	51.91	50.27	51.06	1273975	64838140.00
2019/11/14	51.10	53.31	50.20	52.29	1367384	70532704.00
2019/11/15	52.25	57.49	50.88	55.00	3291217	181028640.00
2019/11/18	55.00	55.20	51.60	53.50	2251367	119407448.00
2019/11/19	53.47	54.28	52.64	54.06	920263	49479880.00
2019/11/20	53.79	58.33	53.09	56.78	2439485	137758896.00
2019/11/21	56.53	56.53	54.42	55.49	1034473	57261612.00
2019/11/22	55.01	55.99	52.70	54.01	1186728	64231088.00
2019/11/25	54.00	54.48	50.85	51.90	1250635	64659424.00
2019/11/26	50.66	52.50	50.66	52.39	641329	33366492.00
2019/11/27	52.80	53.36	51.71	52.00	574933	30113060.00
2019/11/28	52.58	52.74	50.50	50.80	926500	47648904.00
2019/11/29	50.88	52.48	50.88	51.49	639160	33056818.00
2019/12/02	52.30	55.32	51.20	54.69	1787060	96771992.00
2019/12/03	54.48	55.48	53.51	55.00	1254303	68659696.00
2019/12/04	55.07	55.65	54.07	55.14	1075237	58955420.00
2019/12/05	55.14	57.37	54.68	57.37	1515581	84863224.00
2019/12/06	57.14	57.14	55.10	56.49	1306562	72989352.00
2019/12/09	56.39	58.66	55.81	58.60	1743149	100502488.00
2019/12/10	57.20	60.46	56.18	60.28	1781205	103476072.00
2019/12/11	59.79	60.80	58.82	59.25	1176595	70150016.00
2019/12/12	59.34	60.98	58.67	58.78	1915969	114791904.00
2019/12/13	59.03	60.00	57.91	59.25	1400449	82840496.00
2019/12/16	58.99	65.18	57.88	65.18	1671354	106236952.00
2019/12/17	68.74	71.00	66.66	70.50	3920301	270358176.00
2019/12/18	69.24	69.33	66.50	67.35	3151414	213252240.00
2019/12/19	66.26	68.05	65.70	67.34	1820837	122391112.00
2019/12/20	67.33	68.29	63.35	63.75	3286182	214176624.00
2019/12/23	63.00	63.61	57.38	58.98	4122225	244172032.00
2019/12/24	58.97	60.50	57.38	60.32	1667025	98280944.00
2019/12/25	59.63	62.96	59.11	61.00	1630766	100071936.00
2019/12/26	60.87	61.79	59.19	60.48	1352222	81692080.00
2019/12/27	60.48	60.95	58.75	60.00	1447684	86185800.00
2019/12/30	59.84	64.38	56.71	64.19	3206337	196316080.00
2019/12/31	63.00	64.80	61.81	63.97	1879819	119011528.00
2020/01/02	64.89	64.89	61.18	62.51	2590196	162033792.00
2020/01/03	62.78	62.78	59.53	60.10	2364180	143500096.00
2020/01/06	59.60	61.00	59.24	60.00	1278748	77070848.00
2020/01/07	60.00	62.77	59.60	61.44	1801194	110763064.00
2020/01/08	61.33	62.62	60.50	60.80	1244898	76483784.00
2020/01/09	61.50	66.88	60.81	66.88	2513451	162745024.00
2020/01/10	68.18	70.45	65.54	66.20	2676385	180819232.00
2020/01/13	66.18	67.75	63.88	66.86	1824714	120051024.00
2020/01/14	67.00	69.99	65.41	67.88	2586829	175526160.00
2020/01/15	67.43	70.20	67.21	69.80	1506155	103705440.00
2020/01/16	69.93	74.46	68.00	72.57	1780353	128326256.00
2020/01/17	75.00	79.83	74.00	78.55	3982901	310402208.00
数据来源:通达信
