300735 光弘科技 日线 前复权
      日期	    开盘	    最高	    最低	    收盘	    成交量	    成交额
2017/12/29	8.84	10.68	8.84	10.68	33887	484928.94
2018/01/02	11.79	11.79	11.79	11.79	19418	307386.94
2018/01/03	13.01	13.01	13.01	13.01	32190	560427.88
2018/01/04	14.35	14.35	14.35	14.35	25690	491963.50
2018/01/05	15.82	15.82	15.82	15.82	67027	1412258.88
2018/01/08	17.45	17.45	17.45	17.45	79299	1838150.88
2018/01/09	19.23	19.23	19.23	19.23	78137	1992493.50
2018/01/10	21.19	21.19	20.62	21.19	7504048	210429072.00
2018/01/11	21.57	23.31	21.46	22.42	49000454	1446810496.00
2018/01/12	21.17	21.87	20.62	21.09	31957053	894626688.00
2018/01/15	20.56	21.85	20.56	20.85	26351875	740620288.00
2018/01/16	19.62	21.07	18.85	20.20	24045689	637059136.00
2018/01/17	20.20	21.67	19.92	21.18	27203081	752985600.00
2018/01/18	20.92	20.92	19.45	19.52	22899474	607957760.00
2018/01/19	19.15	20.11	19.14	19.51	15441766	402941632.00
2018/01/22	18.85	19.00	17.82	18.06	17034921	413814496.00
2018/01/23	18.28	18.48	17.93	18.37	11907438	288424992.00
2018/01/24	18.31	19.02	18.16	18.52	14220071	352726944.00
2018/01/25	18.52	19.47	18.14	18.76	15520814	391665408.00
2018/01/26	18.38	18.69	17.98	18.04	12313671	297495264.00
2018/01/29	17.95	18.85	17.79	18.82	15258971	373308544.00
2018/01/30	18.77	19.15	18.34	18.54	10280864	254976240.00
2018/01/31	18.15	18.19	16.69	16.77	14016482	324140192.00
2018/02/01	16.81	17.14	16.27	16.45	9010007	199551968.00
2018/02/02	16.38	17.29	16.15	17.00	10393597	231906144.00
2018/02/05	16.23	16.74	15.28	15.45	10550034	224898544.00
2018/02/06	14.62	15.15	13.86	13.86	10650395	204864432.00
2018/02/07	14.36	14.48	13.15	14.18	10738483	201461744.00
2018/02/08	13.85	14.52	13.85	14.30	7010719	134115824.00
2018/02/09	13.85	14.22	13.46	13.68	7382503	136333632.00
2018/02/12	14.00	14.48	13.81	14.32	7513961	142613264.00
2018/02/13	14.32	14.48	13.81	13.81	6863960	129413416.00
2018/02/14	13.82	14.06	13.39	13.52	4786538	87705976.00
2018/02/22	13.77	13.95	13.62	13.88	3958264	73010952.00
2018/02/23	13.91	14.38	13.83	14.35	7132803	134612992.00
2018/02/26	14.81	15.37	14.54	14.99	10729074	214027792.00
2018/02/27	15.04	15.35	14.86	15.16	9605011	193799232.00
2018/02/28	14.91	14.98	14.62	14.77	7745697	152861392.00
2018/03/01	14.72	15.05	14.54	14.96	6715809	133339624.00
2018/03/02	14.77	16.38	14.69	15.53	13672593	284331776.00
2018/03/05	15.90	16.50	15.77	16.22	13530619	290987328.00
2018/03/06	16.02	16.71	15.87	16.16	13290797	287711232.00
2018/03/07	16.01	16.42	15.92	16.12	9087558	195799712.00
2018/03/08	16.12	17.07	16.05	16.89	16031063	355835712.00
2018/03/09	16.69	17.22	16.62	17.22	14597628	328429728.00
2018/03/12	17.52	17.81	16.94	17.15	14569782	335785664.00
2018/03/13	16.95	17.12	16.32	16.39	11927332	264058320.00
2018/03/14	16.33	17.06	16.32	16.75	11930623	266747264.00
2018/03/15	16.23	16.36	15.15	15.78	12648534	265765024.00
2018/03/16	15.84	16.00	15.52	15.55	6516013	137367952.00
2018/03/19	15.42	17.14	15.42	17.14	18634916	418387360.00
2018/03/20	17.31	18.75	17.15	17.96	31840468	757376064.00
2018/03/21	17.63	18.25	17.10	17.18	21492124	505426784.00
2018/03/22	17.28	17.76	17.18	17.33	13700658	318115584.00
2018/03/23	16.15	16.59	15.56	15.56	14881501	315996544.00
2018/03/26	15.01	16.04	14.23	15.98	10787203	218784320.00
2018/03/27	16.05	17.60	16.05	16.96	15284050	341770496.00
2018/03/28	16.54	17.59	16.37	17.15	16213398	367965088.00
2018/03/29	17.45	17.62	16.71	16.97	11077656	251963264.00
2018/03/30	17.15	17.84	17.08	17.62	16100359	375317248.00
2018/04/02	17.66	18.84	17.32	17.90	20804530	497863520.00
2018/04/03	17.31	18.96	17.15	18.91	21181786	509246176.00
2018/04/04	19.21	19.42	17.96	17.98	19093391	469589824.00
2018/04/09	17.68	18.80	17.60	18.74	15083557	367872320.00
2018/04/10	18.19	18.45	16.85	17.45	18375626	431950208.00
2018/04/11	17.52	18.06	17.27	17.76	10661617	250879088.00
2018/04/12	17.75	18.05	17.36	17.68	10654564	250830224.00
2018/04/13	17.78	18.62	17.73	17.77	12169991	292415264.00
2018/04/16	17.39	17.48	16.94	17.28	8453471	193344688.00
2018/04/17	17.32	17.86	17.02	17.05	8781808	203388944.00
2018/04/18	17.31	17.42	15.78	16.83	11477283	251813376.00
2018/04/19	16.83	16.83	16.14	16.14	8515153	186990064.00
2018/04/20	15.84	16.00	14.98	15.00	9238576	190637904.00
2018/04/23	15.17	15.46	14.98	15.31	4877034	99052704.00
2018/04/24	15.30	15.93	15.23	15.92	5818189	121518096.00
2018/04/25	15.78	16.50	15.78	15.95	6833678	147041872.00
2018/04/26	15.74	15.88	15.06	15.08	7072631	144753200.00
2018/04/27	15.17	15.42	15.02	15.19	3392299	68916824.00
2018/05/02	15.23	15.45	14.48	14.66	4517895	89575904.00
2018/05/03	14.81	15.67	14.54	15.45	5395194	108685720.00
2018/05/04	15.33	15.61	15.09	15.15	3737417	76297224.00
2018/05/07	15.35	15.70	15.34	15.61	4868916	100755872.00
2018/05/08	15.59	15.95	15.47	15.69	5247666	109720888.00
2018/05/09	15.62	15.85	15.55	15.81	3967991	83087712.00
2018/05/10	15.81	15.85	15.54	15.80	4193282	87774392.00
2018/05/11	15.78	15.85	15.19	15.25	4341713	89489336.00
2018/05/14	15.32	15.77	15.32	15.56	4730524	98213768.00
2018/05/15	15.46	16.08	15.46	16.04	7100478	149528912.00
2018/05/16	15.77	16.85	15.77	16.12	11087446	241993392.00
2018/05/17	16.00	16.11	15.75	16.05	6059662	128313184.00
2018/05/18	16.05	16.11	15.55	15.90	5056366	106552552.00
2018/05/21	16.20	16.49	16.02	16.40	7998024	173483616.00
2018/05/22	16.42	18.08	16.40	17.49	26812757	622907520.00
2018/05/23	17.11	17.48	16.96	17.07	15770439	358907808.00
2018/05/24	16.97	17.55	16.88	17.37	12866811	295002976.00
2018/05/25	17.29	17.97	17.22	17.28	11844631	277086144.00
2018/05/28	17.65	17.88	16.82	16.83	11976257	276869120.00
2018/05/29	16.90	18.55	16.58	17.35	19332788	452924192.00
2018/05/30	16.68	16.81	15.58	15.58	14337621	306410784.00
2018/05/31	15.53	15.88	15.07	15.81	8669967	180392576.00
2018/06/01	15.67	16.42	15.42	15.91	8596277	182571168.00
2018/06/04	15.96	17.31	15.93	16.63	11601106	256334464.00
2018/06/05	16.54	17.23	16.51	17.15	12638745	284305408.00
2018/06/06	17.04	17.83	17.00	17.34	14592186	337437280.00
2018/06/07	17.31	17.66	16.85	17.45	11995961	274113888.00
2018/06/08	17.29	17.98	16.94	17.45	14987440	348578912.00
2018/06/11	17.35	18.08	17.02	17.76	16659645	392104608.00
2018/06/12	17.58	17.68	16.85	17.50	12536846	289186016.00
2018/06/13	17.23	18.42	17.19	17.25	18012278	426024896.00
2018/06/14	16.77	18.06	16.42	17.92	19749852	456869824.00
2018/06/15	17.76	17.98	16.15	16.34	20831872	479116832.00
2018/06/19	15.38	16.14	14.67	14.67	12520477	254812704.00
2018/06/20	14.67	15.35	14.62	15.07	8453496	168878304.00
2018/06/21	14.95	15.22	13.52	13.52	11720285	222095104.00
2018/06/22	13.28	13.97	13.16	13.65	6799320	123571424.00
2018/06/25	13.85	13.98	13.42	13.42	5854385	107578728.00
2018/06/26	12.99	13.76	12.95	13.72	6529327	118157168.00
2018/06/27	13.79	14.30	13.72	13.91	7289923	135831152.00
2018/06/28	14.04	14.44	13.88	13.99	7082138	132373136.00
2018/06/29	13.92	14.50	13.82	14.43	7860508	148024896.00
2018/07/02	14.40	14.58	13.72	13.96	7205869	135114528.00
2018/07/03	13.92	14.54	13.81	14.50	7230382	135826976.00
2018/07/04	14.35	14.37	13.23	13.62	7737130	141849840.00
2018/07/05	13.75	13.88	13.31	13.38	4243749	76344016.00
2018/07/06	13.38	13.83	12.91	13.48	6066823	108174584.00
2018/07/09	13.68	13.96	13.62	13.92	4640919	84757632.00
2018/07/10	13.92	14.21	13.85	14.17	6005339	111434192.00
2018/07/11	13.83	13.83	13.05	13.49	6862088	122567648.00
2018/07/12	13.69	14.23	13.69	14.15	8438779	156577344.00
2018/07/13	14.25	14.25	13.95	14.18	6638600	123694760.00
2018/07/16	14.54	14.75	14.23	14.35	8683636	166416624.00
2018/07/17	14.22	14.55	14.00	14.54	6463692	122385528.00
2018/07/18	14.73	14.81	14.23	14.26	8045114	154446272.00
2018/07/19	14.12	14.30	13.83	14.02	4474679	83075488.00
2018/07/20	13.88	14.22	13.70	14.09	4152829	76920720.00
2018/07/23	14.09	14.25	13.95	14.17	3864744	71963248.00
2018/07/24	14.27	14.42	14.13	14.36	4817502	90956032.00
2018/07/25	14.39	14.54	14.08	14.12	4652904	87760080.00
2018/07/26	14.08	14.19	13.55	13.57	5029482	91559568.00
2018/07/27	13.50	13.72	13.45	13.52	2404543	43172648.00
2018/07/30	13.38	13.54	13.10	13.18	2904064	51026004.00
2018/07/31	13.15	13.35	13.15	13.29	1760006	30867912.00
2018/08/01	13.31	13.53	13.12	13.41	3543503	62525736.00
2018/08/02	13.40	14.08	13.25	13.93	10536641	191532640.00
2018/08/03	13.65	13.80	13.25	13.31	5771749	103181952.00
2018/08/06	13.05	13.19	11.96	12.00	6274478	102255176.00
2018/08/07	11.95	12.22	11.45	12.17	4687910	74195248.00
2018/08/08	12.02	12.06	11.23	11.28	5048819	77962424.00
2018/08/09	11.22	11.80	11.10	11.60	3963041	61066876.00
2018/08/10	11.62	12.02	11.55	11.93	3779246	59465384.00
2018/08/13	11.75	12.25	11.60	12.25	4361850	69498000.00
2018/08/14	12.22	12.31	12.03	12.08	2725429	43766804.00
2018/08/15	12.03	12.19	11.61	11.75	2582764	40690872.00
2018/08/16	11.45	12.04	11.40	11.69	2830427	44292112.00
2018/08/17	11.86	11.95	11.48	11.51	2733150	42510488.00
2018/08/20	11.50	11.92	11.48	11.92	3258359	50588668.00
2018/08/21	11.96	12.20	11.75	12.17	4648877	74085224.00
2018/08/22	12.08	12.15	11.83	11.85	2952453	46825792.00
2018/08/23	11.88	12.17	11.82	12.08	3862346	61536668.00
2018/08/24	11.98	12.02	11.77	11.78	2906900	45841224.00
2018/08/27	11.79	12.20	11.79	12.19	4418900	70843040.00
2018/08/28	12.15	12.44	12.05	12.15	4398700	71207392.00
2018/08/29	12.11	12.19	12.01	12.18	2529964	40646908.00
2018/08/30	12.15	12.23	11.71	11.73	2830064	44736196.00
2018/08/31	11.57	11.87	11.52	11.66	2431951	37749480.00
2018/09/03	11.65	11.81	11.00	11.38	3132921	46920644.00
2018/09/04	11.40	11.65	11.28	11.55	2465178	37708744.00
2018/09/05	11.59	11.80	11.43	11.46	3096559	47813164.00
2018/09/06	11.38	11.67	11.32	11.42	2499122	38097244.00
2018/09/07	11.45	11.68	11.19	11.31	2602435	39549404.00
2018/09/10	11.18	11.31	10.85	10.87	2583041	37819344.00
2018/09/11	10.87	11.08	10.81	11.02	2347761	34106616.00
2018/09/12	10.98	11.11	10.89	11.03	2070652	30282470.00
2018/09/13	11.16	11.31	11.04	11.22	2846069	42234320.00
2018/09/14	11.38	11.38	10.98	11.00	2042049	30256304.00
2018/09/17	10.96	10.96	10.65	10.65	1827471	26189872.00
2018/09/18	10.60	10.92	10.60	10.91	1900092	27216584.00
2018/09/19	10.85	11.15	10.85	11.00	2664870	38946264.00
2018/09/20	11.02	11.09	10.88	10.90	2034564	29635824.00
2018/09/21	10.99	11.13	10.87	11.06	2105600	30810526.00
2018/09/25	11.00	11.22	10.97	11.21	2707464	39987988.00
2018/09/26	11.23	11.26	11.04	11.21	3223369	47728596.00
2018/09/27	11.23	11.23	10.71	10.72	3204998	46526896.00
2018/09/28	10.76	11.03	10.74	10.99	2246203	32547468.00
2018/10/08	10.69	10.82	10.42	10.43	2324081	32866118.00
2018/10/09	10.46	10.64	10.39	10.54	1660802	23199522.00
2018/10/10	10.47	11.55	10.47	11.08	5026294	73621872.00
2018/10/11	10.62	10.65	9.95	10.04	4666626	64060768.00
2018/10/12	10.14	10.58	9.82	10.42	4399889	59951304.00
2018/10/15	10.44	10.88	10.37	10.58	5026663	71089848.00
2018/10/16	10.60	10.73	10.32	10.45	3763781	52686176.00
2018/10/17	10.70	10.90	10.45	10.88	5206856	74237616.00
2018/10/18	10.77	10.88	10.46	10.74	4034577	57192732.00
2018/10/19	10.46	11.35	10.37	11.27	8206029	120938712.00
2018/10/22	11.19	11.93	11.18	11.75	10648934	163140272.00
2018/10/23	11.65	11.73	11.32	11.47	6542324	99710848.00
2018/10/24	11.40	11.62	11.01	11.31	4650510	70153712.00
2018/10/25	10.77	11.02	10.65	10.93	4851396	69793576.00
2018/10/26	11.09	11.31	11.02	11.16	4080386	60523408.00
2018/10/29	11.18	11.23	10.81	10.85	2858407	41778172.00
2018/10/30	10.81	11.12	10.59	11.05	3508091	50793408.00
2018/10/31	11.08	11.44	11.06	11.30	4497774	67420928.00
2018/11/01	11.38	11.62	11.27	11.42	6161800	93515392.00
2018/11/02	11.61	11.67	11.42	11.66	6526900	100101184.00
2018/11/05	11.77	11.91	11.35	11.52	7443815	114598288.00
2018/11/06	11.37	11.48	11.14	11.35	4519597	67507336.00
2018/11/07	11.39	11.67	11.27	11.51	5829430	88698576.00
2018/11/08	11.61	11.61	11.21	11.22	3928903	59416984.00
2018/11/09	11.14	11.48	11.08	11.28	3553032	53550592.00
2018/11/12	11.25	11.89	11.23	11.85	7409034	114613856.00
2018/11/13	11.65	11.89	11.55	11.83	8155038	127019440.00
2018/11/14	11.77	11.84	11.63	11.68	5437451	84635776.00
2018/11/15	11.74	12.14	11.71	12.10	8864053	140405744.00
2018/11/16	12.22	12.23	11.94	11.99	6119974	97474864.00
2018/11/19	12.04	12.06	11.68	11.89	4787470	74955584.00
2018/11/20	11.78	11.98	11.61	11.68	4306905	67187728.00
2018/11/21	11.55	11.81	11.50	11.77	2964507	45866696.00
2018/11/22	11.78	11.83	11.55	11.62	2802980	43337912.00
2018/11/23	11.63	11.72	10.54	10.76	5303338	78324968.00
2018/11/26	10.91	10.96	10.75	10.80	2338598	33704024.00
2018/11/27	10.91	11.13	10.90	10.98	2435461	35528984.00
2018/11/28	10.98	11.27	10.82	11.22	3112256	45902008.00
2018/11/29	11.33	11.38	10.78	10.78	2803000	41289716.00
2018/11/30	10.73	11.00	10.62	10.96	2265521	32621712.00
2018/12/03	11.28	11.42	11.12	11.38	4273574	64165764.00
2018/12/04	11.38	11.42	11.27	11.38	3248074	48913028.00
2018/12/05	11.14	11.26	11.01	11.16	2680700	39601076.00
2018/12/06	11.09	11.18	10.85	10.86	2733323	39899024.00
2018/12/07	10.86	11.10	10.85	10.91	2023000	29416962.00
2018/12/10	10.70	11.03	10.70	10.95	1965624	28441310.00
2018/12/11	11.06	11.24	10.95	11.24	3301339	48779140.00
2018/12/12	11.24	11.28	10.97	11.00	2694446	39609672.00
2018/12/13	11.00	12.06	11.00	11.62	9145733	139786208.00
2018/12/14	11.67	12.23	11.47	11.76	13633175	213562656.00
2018/12/17	11.52	12.07	11.42	11.82	9330938	145750448.00
2018/12/18	11.62	11.75	11.38	11.53	5738649	87955008.00
2018/12/19	11.74	12.71	11.74	12.38	26746867	443587360.00
2018/12/20	12.02	12.49	11.96	12.35	18615791	300769504.00
2018/12/21	12.16	12.62	12.08	12.39	12397432	202719344.00
2018/12/24	12.48	12.92	12.37	12.82	14967685	252315152.00
2018/12/25	12.53	13.19	12.10	13.01	15883820	266930896.00
2018/12/26	12.78	13.08	12.34	12.37	11540985	193371744.00
2018/12/27	12.58	12.83	12.15	12.15	9355985	155356544.00
2018/12/28	12.12	12.35	11.86	12.06	7138343	114814400.00
2017/12/29	8.99	10.84	8.99	10.84	33887	484928.94
2018/01/02	11.95	11.95	11.95	11.95	19418	307386.94
2018/01/03	13.16	13.16	13.16	13.16	32190	560427.88
2018/01/04	14.50	14.50	14.50	14.50	25690	491963.50
2018/01/05	15.98	15.98	15.98	15.98	67027	1412258.88
2018/01/08	17.60	17.60	17.60	17.60	79299	1838150.88
2018/01/09	19.38	19.38	19.38	19.38	78137	1992493.50
2018/01/10	21.35	21.35	20.78	21.35	7504048	210429072.00
2018/01/11	21.72	23.46	21.62	22.57	49000454	1446810496.00
2018/01/12	21.32	22.02	20.77	21.25	31957053	894626688.00
2018/01/15	20.72	22.00	20.72	21.00	26351875	740620288.00
2018/01/16	19.77	21.22	19.00	20.35	24045689	637059136.00
2018/01/17	20.35	21.82	20.08	21.33	27203081	752985600.00
2018/01/18	21.08	21.08	19.61	19.68	22899474	607957760.00
2018/01/19	19.31	20.26	19.29	19.66	15441766	402941632.00
2018/01/22	19.01	19.15	17.97	18.22	17034921	413814496.00
2018/01/23	18.44	18.63	18.08	18.52	11907438	288424992.00
2018/01/24	18.46	19.18	18.32	18.68	14220071	352726944.00
2018/01/25	18.68	19.62	18.29	18.92	15520814	391665408.00
2018/01/26	18.54	18.85	18.14	18.19	12313671	297495264.00
2018/01/29	18.10	19.00	17.95	18.97	15258971	373308544.00
2018/01/30	18.92	19.30	18.49	18.69	10280864	254976240.00
2018/01/31	18.31	18.35	16.85	16.92	14016482	324140192.00
2018/02/01	16.96	17.29	16.42	16.60	9010007	199551968.00
2018/02/02	16.54	17.45	16.31	17.15	10393597	231906144.00
2018/02/05	16.38	16.89	15.44	15.60	10550034	224898544.00
2018/02/06	14.77	15.31	14.02	14.02	10650395	204864432.00
2018/02/07	14.52	14.64	13.31	14.33	10738483	201461744.00
2018/02/08	14.00	14.68	14.00	14.45	7010719	134115824.00
2018/02/09	14.00	14.38	13.62	13.84	7382503	136333632.00
2018/02/12	14.15	14.63	13.96	14.47	7513961	142613264.00
2018/02/13	14.48	14.63	13.96	13.96	6863960	129413416.00
2018/02/14	13.98	14.22	13.55	13.68	4786538	87705976.00
2018/02/22	13.92	14.10	13.77	14.04	3958264	73010952.00
2018/02/23	14.06	14.53	13.98	14.50	7132803	134612992.00
2018/02/26	14.96	15.52	14.69	15.15	10729074	214027792.00
2018/02/27	15.19	15.51	15.02	15.32	9605011	193799232.00
2018/02/28	15.06	15.13	14.77	14.92	7745697	152861392.00
2018/03/01	14.88	15.20	14.69	15.12	6715809	133339624.00
2018/03/02	14.92	16.54	14.85	15.68	13672593	284331776.00
2018/03/05	16.05	16.65	15.92	16.38	13530619	290987328.00
2018/03/06	16.17	16.86	16.02	16.32	13290797	287711232.00
2018/03/07	16.16	16.58	16.08	16.27	9087558	195799712.00
2018/03/08	16.28	17.22	16.21	17.05	16031063	355835712.00
2018/03/09	16.85	17.37	16.77	17.37	14597628	328429728.00
2018/03/12	17.68	17.96	17.09	17.31	14569782	335785664.00
2018/03/13	17.10	17.27	16.47	16.55	11927332	264058320.00
2018/03/14	16.48	17.22	16.47	16.91	11930623	266747264.00
2018/03/15	16.38	16.52	15.31	15.93	12648534	265765024.00
2018/03/16	15.99	16.15	15.68	15.70	6516013	137367952.00
2018/03/19	15.58	17.29	15.58	17.29	18634916	418387360.00
2018/03/20	17.46	18.91	17.31	18.12	31840468	757376064.00
2018/03/21	17.78	18.41	17.25	17.34	21492124	505426784.00
2018/03/22	17.43	17.92	17.34	17.48	13700658	318115584.00
2018/03/23	16.31	16.75	15.72	15.72	14881501	315996544.00
2018/03/26	15.16	16.19	14.38	16.14	10787203	218784320.00
2018/03/27	16.21	17.75	16.21	17.12	15284050	341770496.00
2018/03/28	16.69	17.75	16.52	17.31	16213398	367965088.00
2018/03/29	17.61	17.77	16.86	17.12	11077656	251963264.00
2018/03/30	17.30	17.99	17.23	17.77	16100359	375317248.00
2018/04/02	17.82	18.99	17.48	18.05	20804530	497863520.00
2018/04/03	17.46	19.12	17.31	19.06	21181786	509246176.00
2018/04/04	19.36	19.58	18.12	18.13	19093391	469589824.00
2018/04/09	17.83	18.95	17.75	18.89	15083557	367872320.00
2018/04/10	18.35	18.60	17.00	17.61	18375626	431950208.00
2018/04/11	17.67	18.22	17.42	17.92	10661617	250879088.00
2018/04/12	17.90	18.21	17.52	17.84	10654564	250830224.00
2018/04/13	17.93	18.78	17.88	17.92	12169991	292415264.00
2018/04/16	17.55	17.64	17.09	17.44	8453471	193344688.00
2018/04/17	17.47	18.02	17.17	17.20	8781808	203388944.00
2018/04/18	17.46	17.58	15.94	16.98	11477283	251813376.00
2018/04/19	16.98	16.98	16.29	16.29	8515153	186990064.00
2018/04/20	15.99	16.15	15.14	15.15	9238576	190637904.00
2018/04/23	15.32	15.62	15.14	15.46	4877034	99052704.00
2018/04/24	15.45	16.08	15.38	16.07	5818189	121518096.00
2018/04/25	15.94	16.65	15.94	16.11	6833678	147041872.00
2018/04/26	15.89	16.04	15.22	15.23	7072631	144753200.00
2018/04/27	15.32	15.58	15.17	15.35	3392299	68916824.00
2018/05/02	15.38	15.61	14.64	14.82	4517895	89575904.00
2018/05/03	14.96	15.82	14.69	15.61	5395194	108685720.00
2018/05/04	15.48	15.76	15.25	15.31	3737417	76297224.00
2018/05/07	15.51	15.85	15.49	15.76	4868916	100755872.00
2018/05/08	15.75	16.10	15.62	15.85	5247666	109720888.00
2018/05/09	15.77	16.01	15.70	15.96	3967991	83087712.00
2018/05/10	15.96	16.01	15.69	15.95	4193282	87774392.00
2018/05/11	15.93	16.01	15.35	15.41	4341713	89489336.00
2018/05/14	15.48	15.92	15.48	15.72	4730524	98213768.00
2018/05/15	15.62	16.24	15.62	16.19	7100478	149528912.00
2018/05/16	15.92	17.00	15.92	16.28	11087446	241993392.00
2018/05/17	16.15	16.26	15.90	16.21	6059662	128313184.00
2018/05/18	16.20	16.26	15.70	16.05	5056366	106552552.00
2018/05/21	16.35	16.65	16.18	16.55	7998024	173483616.00
2018/05/22	16.58	18.23	16.55	17.65	26812757	622907520.00
2018/05/23	17.26	17.64	17.12	17.22	15770439	358907808.00
2018/05/24	17.12	17.71	17.04	17.52	12866811	295002976.00
2018/05/25	17.45	18.12	17.38	17.44	11844631	277086144.00
2018/05/28	17.81	18.04	16.98	16.98	11976257	276869120.00
2018/05/29	17.05	18.71	16.73	17.50	19332788	452924192.00
2018/05/30	16.83	16.96	15.73	15.73	14337621	306410784.00
2018/05/31	15.68	16.04	15.22	15.96	8669967	180392576.00
2018/06/01	15.82	16.58	15.57	16.06	8596277	182571168.00
2018/06/04	16.12	17.46	16.08	16.78	11601106	256334464.00
2018/06/05	16.69	17.38	16.66	17.31	12638745	284305408.00
2018/06/06	17.19	17.98	17.15	17.49	14592186	337437280.00
2018/06/07	17.46	17.82	17.00	17.60	11995961	274113888.00
2018/06/08	17.45	18.13	17.09	17.60	14987440	348578912.00
2018/06/11	17.50	18.23	17.18	17.92	16659645	392104608.00
2018/06/12	17.74	17.83	17.00	17.65	12536846	289186016.00
2018/06/13	17.38	18.57	17.35	17.40	18012278	426024896.00
2018/06/14	16.92	18.22	16.57	18.08	19749852	456869824.00
2018/06/15	17.92	18.14	16.31	16.49	20831872	479116832.00
2018/06/19	15.54	16.29	14.82	14.82	12520477	254812704.00
2018/06/20	14.82	15.50	14.78	15.22	8453496	168878304.00
2018/06/21	15.10	15.38	13.68	13.68	11720285	222095104.00
2018/06/22	13.44	14.12	13.32	13.81	6799320	123571424.00
2018/06/25	14.00	14.13	13.58	13.58	5854385	107578728.00
2018/06/26	13.15	13.92	13.10	13.88	6529327	118157168.00
2018/06/27	13.95	14.45	13.87	14.06	7289923	135831152.00
2018/06/28	14.04	14.44	13.88	13.99	7082138	132373136.00
2018/06/29	13.92	14.50	13.82	14.43	7860508	148024896.00
2018/07/02	14.40	14.58	13.72	13.96	7205869	135114528.00
2018/07/03	13.92	14.54	13.81	14.50	7230382	135826976.00
2018/07/04	14.35	14.37	13.23	13.62	7737130	141849840.00
2018/07/05	13.75	13.88	13.31	13.38	4243749	76344016.00
2018/07/06	13.38	13.83	12.91	13.48	6066823	108174584.00
2018/07/09	13.68	13.96	13.62	13.92	4640919	84757632.00
2018/07/10	13.92	14.21	13.85	14.17	6005339	111434192.00
2018/07/11	13.83	13.83	13.05	13.49	6862088	122567648.00
2018/07/12	13.69	14.23	13.69	14.15	8438779	156577344.00
2018/07/13	14.25	14.25	13.95	14.18	6638600	123694760.00
2018/07/16	14.54	14.75	14.23	14.35	8683636	166416624.00
2018/07/17	14.22	14.55	14.00	14.54	6463692	122385528.00
2018/07/18	14.73	14.81	14.23	14.26	8045114	154446272.00
2018/07/19	14.12	14.30	13.83	14.02	4474679	83075488.00
2018/07/20	13.88	14.22	13.70	14.09	4152829	76920720.00
2018/07/23	14.09	14.25	13.95	14.17	3864744	71963248.00
2018/07/24	14.27	14.42	14.13	14.36	4817502	90956032.00
2018/07/25	14.39	14.54	14.08	14.12	4652904	87760080.00
2018/07/26	14.08	14.19	13.55	13.57	5029482	91559568.00
2018/07/27	13.50	13.72	13.45	13.52	2404543	43172648.00
2018/07/30	13.38	13.54	13.10	13.18	2904064	51026004.00
2018/07/31	13.15	13.35	13.15	13.29	1760006	30867912.00
2018/08/01	13.31	13.53	13.12	13.41	3543503	62525736.00
2018/08/02	13.40	14.08	13.25	13.93	10536641	191532640.00
2018/08/03	13.65	13.80	13.25	13.31	5771749	103181952.00
2018/08/06	13.05	13.19	11.96	12.00	6274478	102255176.00
2018/08/07	11.95	12.22	11.45	12.17	4687910	74195248.00
2018/08/08	12.02	12.06	11.23	11.28	5048819	77962424.00
2018/08/09	11.22	11.80	11.10	11.60	3963041	61066876.00
2018/08/10	11.62	12.02	11.55	11.93	3779246	59465384.00
2018/08/13	11.75	12.25	11.60	12.25	4361850	69498000.00
2018/08/14	12.22	12.31	12.03	12.08	2725429	43766804.00
2018/08/15	12.03	12.19	11.61	11.75	2582764	40690872.00
2018/08/16	11.45	12.04	11.40	11.69	2830427	44292112.00
2018/08/17	11.86	11.95	11.48	11.51	2733150	42510488.00
2018/08/20	11.50	11.92	11.48	11.92	3258359	50588668.00
2018/08/21	11.96	12.20	11.75	12.17	4648877	74085224.00
2018/08/22	12.08	12.15	11.83	11.85	2952453	46825792.00
2018/08/23	11.88	12.17	11.82	12.08	3862346	61536668.00
2018/08/24	11.98	12.02	11.77	11.78	2906900	45841224.00
2018/08/27	11.79	12.20	11.79	12.19	4418900	70843040.00
2018/08/28	12.15	12.44	12.05	12.15	4398700	71207392.00
2018/08/29	12.11	12.19	12.01	12.18	2529964	40646908.00
2018/08/30	12.15	12.23	11.71	11.73	2830064	44736196.00
2018/08/31	11.57	11.87	11.52	11.66	2431951	37749480.00
2018/09/03	11.65	11.81	11.00	11.38	3132921	46920644.00
2018/09/04	11.40	11.65	11.28	11.55	2465178	37708744.00
2018/09/05	11.59	11.80	11.43	11.46	3096559	47813164.00
2018/09/06	11.38	11.67	11.32	11.42	2499122	38097244.00
2018/09/07	11.45	11.68	11.19	11.31	2602435	39549404.00
2018/09/10	11.18	11.31	10.85	10.87	2583041	37819344.00
2018/09/11	10.87	11.08	10.81	11.02	2347761	34106616.00
2018/09/12	10.98	11.11	10.89	11.03	2070652	30282470.00
2018/09/13	11.16	11.31	11.04	11.22	2846069	42234320.00
2018/09/14	11.38	11.38	10.98	11.00	2042049	30256304.00
2018/09/17	10.96	10.96	10.65	10.65	1827471	26189872.00
2018/09/18	10.60	10.92	10.60	10.91	1900092	27216584.00
2018/09/19	10.85	11.15	10.85	11.00	2664870	38946264.00
2018/09/20	11.02	11.09	10.88	10.90	2034564	29635824.00
2018/09/21	10.99	11.13	10.87	11.06	2105600	30810526.00
2018/09/25	11.00	11.22	10.97	11.21	2707464	39987988.00
2018/09/26	11.23	11.26	11.04	11.21	3223369	47728596.00
2018/09/27	11.23	11.23	10.71	10.72	3204998	46526896.00
2018/09/28	10.76	11.03	10.74	10.99	2246203	32547468.00
2018/10/08	10.69	10.82	10.42	10.43	2324081	32866118.00
2018/10/09	10.46	10.64	10.39	10.54	1660802	23199522.00
2018/10/10	10.47	11.55	10.47	11.08	5026294	73621872.00
2018/10/11	10.62	10.65	9.95	10.04	4666626	64060768.00
2018/10/12	10.14	10.58	9.82	10.42	4399889	59951304.00
2018/10/15	10.44	10.88	10.37	10.58	5026663	71089848.00
2018/10/16	10.60	10.73	10.32	10.45	3763781	52686176.00
2018/10/17	10.70	10.90	10.45	10.88	5206856	74237616.00
2018/10/18	10.77	10.88	10.46	10.74	4034577	57192732.00
2018/10/19	10.46	11.35	10.37	11.27	8206029	120938712.00
2018/10/22	11.19	11.93	11.18	11.75	10648934	163140272.00
2018/10/23	11.65	11.73	11.32	11.47	6542324	99710848.00
2018/10/24	11.40	11.62	11.01	11.31	4650510	70153712.00
2018/10/25	10.77	11.02	10.65	10.93	4851396	69793576.00
2018/10/26	11.09	11.31	11.02	11.16	4080386	60523408.00
2018/10/29	11.18	11.23	10.81	10.85	2858407	41778172.00
2018/10/30	10.81	11.12	10.59	11.05	3508091	50793408.00
2018/10/31	11.08	11.44	11.06	11.30	4497774	67420928.00
2018/11/01	11.38	11.62	11.27	11.42	6161800	93515392.00
2018/11/02	11.61	11.67	11.42	11.66	6526900	100101184.00
2018/11/05	11.77	11.91	11.35	11.52	7443815	114598288.00
2018/11/06	11.37	11.48	11.14	11.35	4519597	67507336.00
2018/11/07	11.39	11.67	11.27	11.51	5829430	88698576.00
2018/11/08	11.61	11.61	11.21	11.22	3928903	59416984.00
2018/11/09	11.14	11.48	11.08	11.28	3553032	53550592.00
2018/11/12	11.25	11.89	11.23	11.85	7409034	114613856.00
2018/11/13	11.65	11.89	11.55	11.83	8155038	127019440.00
2018/11/14	11.77	11.84	11.63	11.68	5437451	84635776.00
2018/11/15	11.74	12.14	11.71	12.10	8864053	140405744.00
2018/11/16	12.22	12.23	11.94	11.99	6119974	97474864.00
2018/11/19	12.04	12.06	11.68	11.89	4787470	74955584.00
2018/11/20	11.78	11.98	11.61	11.68	4306905	67187728.00
2018/11/21	11.55	11.81	11.50	11.77	2964507	45866696.00
2018/11/22	11.78	11.83	11.55	11.62	2802980	43337912.00
2018/11/23	11.63	11.72	10.54	10.76	5303338	78324968.00
2018/11/26	10.91	10.96	10.75	10.80	2338598	33704024.00
2018/11/27	10.91	11.13	10.90	10.98	2435461	35528984.00
2018/11/28	10.98	11.27	10.82	11.22	3112256	45902008.00
2018/11/29	11.33	11.38	10.78	10.78	2803000	41289716.00
2018/11/30	10.73	11.00	10.62	10.96	2265521	32621712.00
2018/12/03	11.28	11.42	11.12	11.38	4273574	64165764.00
2018/12/04	11.38	11.42	11.27	11.38	3248074	48913028.00
2018/12/05	11.14	11.26	11.01	11.16	2680700	39601076.00
2018/12/06	11.09	11.18	10.85	10.86	2733323	39899024.00
2018/12/07	10.86	11.10	10.85	10.91	2023000	29416962.00
2018/12/10	10.70	11.03	10.70	10.95	1965624	28441310.00
2018/12/11	11.06	11.24	10.95	11.24	3301339	48779140.00
2018/12/12	11.24	11.28	10.97	11.00	2694446	39609672.00
2018/12/13	11.00	12.06	11.00	11.62	9145733	139786208.00
2018/12/14	11.67	12.23	11.47	11.76	13633175	213562656.00
2018/12/17	11.52	12.07	11.42	11.82	9330938	145750448.00
2018/12/18	11.62	11.75	11.38	11.53	5738649	87955008.00
2018/12/19	11.74	12.71	11.74	12.38	26746867	443587360.00
2018/12/20	12.02	12.49	11.96	12.35	18615791	300769504.00
2018/12/21	12.16	12.62	12.08	12.39	12397432	202719344.00
2018/12/24	12.48	12.92	12.37	12.82	14967685	252315152.00
2018/12/25	12.53	13.19	12.10	13.01	15883820	266930896.00
2018/12/26	12.78	13.08	12.34	12.37	11540985	193371744.00
2018/12/27	12.58	12.83	12.15	12.15	9355985	155356544.00
2018/12/28	12.12	12.35	11.86	12.06	7138343	114814400.00
2019/01/02	12.22	12.65	12.11	12.48	8990415	148228480.00
2019/01/03	12.29	12.38	11.63	11.67	7990400	126517832.00
2019/01/04	11.40	12.02	11.35	11.94	5910486	92064960.00
2019/01/07	12.12	12.69	12.08	12.52	9140500	150410384.00
2019/01/08	12.52	13.20	12.38	13.00	13098933	221822304.00
2019/01/09	12.92	13.19	12.68	12.69	9661432	165246800.00
2019/01/10	12.80	13.62	12.73	13.14	11621227	203019808.00
2019/01/11	13.12	13.46	12.95	13.17	7963750	138819616.00
2019/01/14	13.27	13.27	12.76	12.97	5647787	96552776.00
2019/01/15	12.86	13.12	12.78	13.05	4713892	80940696.00
2019/01/16	13.08	13.17	12.69	12.71	4813900	82186896.00
2019/01/17	12.67	13.02	12.60	12.73	4094900	69626440.00
2019/01/18	12.68	12.90	12.37	12.76	4155714	69257784.00
2019/01/21	13.65	14.04	13.23	13.58	13252023	237720832.00
2019/01/22	13.62	13.88	13.32	13.65	8241604	147987344.00
2019/01/23	13.59	13.67	13.37	13.62	5806681	103930832.00
2019/01/24	13.65	14.60	13.47	14.38	11209263	209413920.00
2019/01/25	14.25	14.65	14.05	14.28	8336044	158199392.00
2019/01/28	14.46	14.58	13.88	14.12	6182915	115647192.00
2019/01/29	14.00	14.42	13.55	14.28	6821531	126150520.00
2019/01/30	14.12	14.32	13.88	13.88	4276423	79823096.00
2019/01/31	13.81	14.35	13.78	14.04	5799689	108573104.00
2019/02/01	14.26	14.48	14.14	14.47	5551475	105220576.00
2019/02/11	14.52	14.99	14.34	14.81	6864678	133005808.00
2019/02/12	14.71	14.88	14.55	14.73	5205568	101019552.00
2019/02/13	14.68	15.15	14.68	15.07	8447481	166706704.00
2019/02/14	14.92	14.98	14.52	14.72	6360138	123589616.00
2019/02/15	14.62	14.82	14.54	14.65	3977802	77063192.00
2019/02/18	14.77	15.17	14.41	15.17	9055393	176506208.00
2019/02/19	15.00	15.11	14.62	14.80	6126070	120195176.00
2019/02/20	14.69	14.69	14.26	14.53	6804158	129905928.00
2019/02/21	14.58	15.22	14.48	14.56	8745338	171296064.00
2019/02/22	14.51	15.15	14.38	15.14	8521332	167378080.00
2019/02/25	15.55	16.66	15.42	16.34	12347970	259156688.00
2019/02/26	15.92	16.14	15.62	15.66	9742096	203782720.00
2019/02/27	15.62	15.92	15.18	15.45	7395960	151911280.00
2019/02/28	15.57	15.64	15.30	15.62	5278481	107787856.00
2019/03/01	15.62	15.87	15.35	15.82	5366061	110312528.00
2019/03/04	16.06	16.83	16.02	16.30	11655842	252901728.00
2019/03/05	16.28	17.43	16.08	17.29	9913126	221885568.00
2019/03/06	17.39	17.61	16.92	17.18	9313836	210148320.00
2019/03/07	17.14	17.79	16.81	17.55	9887498	226683808.00
2019/03/08	17.15	18.75	16.86	17.72	11487856	271533440.00
2019/03/11	17.77	19.46	17.77	19.32	12127671	299794944.00
2019/03/12	19.23	21.28	18.92	21.22	16180733	427811872.00
2019/03/13	20.92	20.92	19.07	19.34	13947912	365361312.00
2019/03/14	19.00	19.77	18.32	19.51	11729405	292044352.00
2019/03/15	19.45	20.08	18.65	19.30	9752926	251457504.00
2019/03/18	19.01	19.55	18.81	19.54	6101551	154825264.00
2019/03/19	19.52	19.84	19.08	19.23	6605743	168735744.00
2019/03/20	19.10	19.25	18.25	18.65	10120398	248475712.00
2019/03/21	18.66	19.15	18.62	18.70	6735499	167107888.00
2019/03/22	18.85	19.11	18.46	18.98	6419926	159088912.00
2019/03/25	18.68	19.02	18.31	18.54	5342707	131002760.00
2019/03/26	18.69	19.38	18.51	18.61	7305331	181812624.00
2019/03/27	18.90	19.14	18.46	18.88	5845737	144653280.00
2019/03/28	18.66	18.96	18.15	18.43	6349537	154906432.00
2019/03/29	18.23	18.96	17.81	18.91	7540339	182797360.00
2019/04/01	19.08	20.45	19.07	20.03	9060795	235903424.00
2019/04/02	20.21	20.21	19.56	19.76	6019314	157381280.00
2019/04/03	19.62	20.16	19.50	19.78	4428987	115558112.00
2019/04/04	19.92	19.95	18.96	19.50	7066261	179766816.00
2019/04/08	19.40	19.49	18.30	18.67	6533232	161548304.00
2019/04/09	18.68	20.28	18.46	20.18	11386662	295128032.00
2019/04/10	19.82	19.85	18.92	19.14	9841056	250419200.00
2019/04/11	20.38	20.98	19.62	20.04	15484009	412511648.00
2019/04/12	20.54	21.69	20.25	20.34	11893717	325480928.00
2019/04/15	20.62	21.95	20.62	21.07	12959812	363678848.00
2019/04/16	21.18	23.20	20.60	23.20	18256117	533928512.00
2019/04/17	23.31	23.31	22.00	22.38	14966145	442016128.00
2019/04/18	22.00	22.28	21.38	21.57	9227446	265548224.00
2019/04/19	21.43	21.78	21.03	21.52	6633012	186931312.00
2019/04/22	21.32	22.04	21.15	21.32	6050435	171287696.00
2019/04/23	21.23	21.63	20.85	21.04	5112714	142524880.00
2019/04/24	21.26	21.68	20.92	21.68	5776034	162252032.00
2019/04/25	21.54	21.56	19.48	19.49	14078608	375548032.00
2019/04/26	19.16	19.46	18.82	19.00	8455321	212934736.00
2019/04/29	19.08	19.32	18.44	19.09	6283483	156889312.00
2019/04/30	19.13	19.22	18.78	19.17	3858017	96497264.00
2019/05/06	18.35	18.74	17.23	17.23	6638271	155131184.00
2019/05/07	17.35	17.44	16.54	16.92	6237103	140041504.00
2019/05/08	16.46	17.33	16.37	16.85	4691054	104802328.00
2019/05/09	16.92	17.45	16.73	16.98	6452439	146066640.00
2019/05/10	17.08	18.08	16.85	17.96	9111683	210356544.00
2019/05/13	17.62	17.69	17.12	17.31	5695464	130640464.00
2019/05/14	17.17	18.35	17.14	18.12	8022119	189367792.00
2019/05/15	18.35	18.38	17.92	18.24	5812654	138806576.00
2019/05/16	18.11	18.12	17.24	17.54	9076345	209183824.00
2019/05/17	17.56	18.12	16.93	17.02	6743587	156535360.00
2019/05/20	16.95	18.02	16.92	17.99	11990355	277164896.00
2019/05/21	17.85	19.82	17.85	19.38	21129340	532564352.00
2019/05/22	19.44	20.36	19.02	19.58	16452254	426636480.00
2019/05/23	19.00	19.00	17.60	17.60	16278220	386457312.00
2019/05/24	16.95	17.34	15.86	16.83	13594467	294498592.00
2019/05/27	16.54	17.58	16.38	17.51	8949084	200849920.00
2019/05/28	17.31	17.67	17.13	17.14	8775014	152050528.00
2019/05/29	16.63	17.11	16.34	16.82	8651449	145300688.00
2019/05/30	16.87	16.88	16.00	16.34	8405656	137754160.00
2019/05/31	16.40	17.13	16.30	16.79	9153529	154027072.00
2019/06/03	16.82	17.34	16.55	16.93	9414791	159684096.00
2019/06/04	17.00	17.18	16.06	16.19	10186015	168329408.00
2019/06/05	16.44	16.65	16.17	16.58	9450518	155624432.00
2019/06/06	16.39	16.43	15.21	15.41	9999476	157148192.00
2019/06/10	15.42	16.45	15.22	16.34	10511036	168681504.00
2019/06/11	16.55	16.71	15.90	16.62	10697990	175361232.00
2019/06/12	16.43	16.86	16.30	16.36	7599375	125812600.00
2019/06/13	16.06	16.69	16.01	16.41	6149894	101352480.00
2019/06/14	16.37	16.52	15.63	15.65	7073054	112894704.00
2019/06/17	15.65	16.10	15.60	15.88	4597772	73057056.00
2019/06/18	15.88	16.04	15.65	15.81	4377395	69331048.00
2019/06/19	16.41	17.39	16.41	17.18	18786100	317896480.00
2019/06/20	16.79	17.34	16.76	17.18	13271279	226260848.00
2019/06/21	17.34	17.54	17.09	17.26	9456697	163622576.00
2019/06/24	17.15	17.20	16.82	16.91	5364696	91136976.00
2019/06/25	16.81	16.91	16.14	16.59	7380239	121802248.00
2019/06/26	16.55	17.07	16.41	16.79	7750635	130553544.00
2019/06/27	17.13	17.66	17.05	17.48	14005858	243972176.00
2019/06/28	17.40	17.43	16.88	17.08	7285072	124512040.00
2019/07/01	18.79	18.79	18.52	18.79	18808349	353004032.00
2019/07/02	19.18	19.67	18.41	18.45	31361941	597826432.00
2019/07/03	18.00	19.40	17.80	19.18	20525018	383175776.00
2019/07/04	18.95	19.15	18.48	18.57	11150859	209169696.00
2019/07/05	18.48	19.08	18.31	18.99	8611021	162098816.00
2019/07/08	18.90	18.92	18.01	18.17	9914801	183802016.00
2019/07/09	18.20	18.57	17.92	18.40	7334720	134247248.00
2019/07/10	18.68	18.94	18.20	18.40	7436099	137903120.00
2019/07/11	18.66	18.85	18.00	18.80	8530322	158241488.00
2019/07/12	19.60	19.60	18.80	18.81	15047126	287569152.00
2019/07/15	18.50	19.95	18.23	19.58	17417626	335375200.00
2019/07/16	19.39	20.12	19.30	19.62	13901594	274303744.00
2019/07/17	19.70	19.95	19.43	19.72	8911237	175276128.00
2019/07/18	19.42	19.60	18.98	19.16	9557433	183903056.00
2019/07/19	19.31	19.58	18.77	18.79	9601062	183350912.00
2019/07/22	18.80	19.11	18.19	18.70	8766139	164639184.00
2019/07/23	19.01	19.78	19.01	19.66	13606629	265017648.00
2019/07/24	19.66	21.46	19.58	20.77	22700452	467097088.00
2019/07/25	20.69	21.35	20.55	20.85	17384345	363160416.00
2019/07/26	20.94	21.89	20.61	21.49	17798737	378230048.00
2019/07/29	21.60	23.64	21.60	23.64	24002467	546248512.00
2019/07/30	24.00	24.70	23.20	23.48	32374476	776086208.00
2019/07/31	23.49	24.28	23.23	24.28	24320434	580548224.00
2019/08/01	24.05	24.49	23.53	24.40	19484339	466776448.00
2019/08/02	23.47	23.76	22.69	23.23	21427544	499411584.00
2019/08/05	23.25	24.15	23.00	23.48	18454591	436528160.00
2019/08/06	22.95	25.45	22.70	25.19	28088368	677956672.00
2019/08/07	25.00	25.10	24.12	24.30	21385742	524872832.00
2019/08/08	24.16	24.90	23.81	24.60	18581093	452757152.00
2019/08/09	25.04	26.58	24.52	24.70	24913107	632186560.00
2019/08/12	24.56	26.25	24.02	26.20	23383147	589145792.00
2019/08/13	25.60	26.24	25.45	25.93	15491074	399291456.00
2019/08/14	26.50	26.89	25.33	25.53	20939737	547939712.00
2019/08/15	24.30	25.66	24.01	25.29	17841057	441716128.00
2019/08/16	25.03	27.18	24.81	26.26	22095061	576589504.00
2019/08/19	26.70	28.89	26.40	28.46	30315963	849494528.00
2019/08/20	28.02	28.65	27.82	28.15	18576728	523919488.00
2019/08/21	28.19	30.58	27.75	30.18	25066352	732512448.00
2019/08/22	29.70	31.18	29.48	30.70	20842066	627333120.00
2019/08/23	30.99	30.99	29.72	30.04	15339193	464027648.00
2019/08/26	29.52	30.61	28.80	29.94	18483407	548086528.00
2019/08/27	29.99	30.32	29.21	29.72	18283717	544207104.00
2019/08/28	29.32	29.92	28.51	29.09	17845133	520083104.00
2019/08/29	29.15	30.35	29.00	29.91	17972405	536169600.00
2019/08/30	30.04	30.30	26.92	26.92	33035689	931324032.00
2019/09/02	26.46	28.28	26.46	27.90	19747162	542064576.00
2019/09/03	28.01	28.78	27.81	28.35	17589715	497335264.00
2019/09/04	28.53	28.83	27.70	28.47	16685712	472195360.00
2019/09/05	28.94	30.96	28.39	29.55	24856042	733952448.00
2019/09/06	29.75	30.45	28.53	29.15	17684507	521171200.00
2019/09/09	29.40	32.07	28.85	32.07	27979982	856557504.00
2019/09/10	31.80	32.08	30.00	30.88	21394662	662911872.00
2019/09/11	30.78	32.43	30.75	30.99	19302333	607530560.00
2019/09/12	30.99	31.16	30.13	30.33	10282076	312919456.00
2019/09/16	30.49	31.48	29.87	31.01	12790840	393324416.00
2019/09/17	30.80	30.97	29.85	30.03	11010516	333503040.00
2019/09/18	30.14	30.45	28.88	29.76	13067404	386552256.00
2019/09/19	29.88	30.55	29.76	30.44	10682029	323040480.00
2019/09/20	30.65	31.63	29.88	31.15	18213525	564525568.00
2019/09/23	30.60	30.78	29.80	30.40	12585791	380262976.00
2019/09/24	30.60	32.38	30.17	31.43	20163404	632480192.00
2019/09/25	31.08	31.38	29.93	30.23	13682405	417461216.00
2019/09/26	30.21	30.21	27.21	27.21	20495860	575623104.00
2019/09/27	26.91	28.07	26.91	27.19	14213018	388772544.00
2019/09/30	27.26	27.37	25.88	26.44	10831110	286979072.00
2019/10/08	26.60	26.97	25.70	25.86	9982199	262212608.00
2019/10/09	25.69	26.57	25.24	26.55	9385891	244989808.00
2019/10/10	26.45	28.33	26.32	28.26	16401794	455262144.00
2019/10/11	28.02	28.85	27.72	28.47	13336986	379725120.00
2019/10/14	28.10	28.20	27.42	28.07	17237865	480734432.00
2019/10/15	27.66	27.80	25.87	26.45	14561553	388831168.00
2019/10/16	26.87	27.26	26.36	26.39	8698492	233051328.00
2019/10/17	26.48	27.14	25.89	26.84	9488561	253629168.00
2019/10/18	27.10	27.19	26.23	26.39	7985732	213382928.00
2019/10/21	26.32	26.50	25.25	26.20	7113118	184413440.00
2019/10/22	26.25	26.94	26.13	26.77	7559796	201215184.00
2019/10/23	26.77	27.06	26.25	26.53	7032893	187616128.00
2019/10/24	26.53	26.57	25.36	26.30	8507927	221079488.00
2019/10/25	26.30	26.75	25.75	26.59	7457212	196926192.00
2019/10/28	26.62	27.25	26.44	27.00	11340407	305137600.00
2019/10/29	27.20	27.20	25.79	25.80	10306425	270686304.00
2019/10/30	25.55	26.18	25.25	25.40	6249078	160267296.00
2019/10/31	25.41	25.95	25.41	25.73	6285898	161693936.00
2019/11/01	25.50	25.94	25.40	25.67	5204106	133931184.00
2019/11/04	25.95	26.30	25.71	25.80	8903129	231362608.00
2019/11/05	26.01	26.35	25.60	26.34	9047581	235239376.00
2019/11/06	26.30	26.30	24.81	25.11	12187804	311101984.00
2019/11/07	25.00	25.07	24.30	24.69	8592694	212083584.00
2019/11/08	24.81	25.36	24.72	24.72	8847254	221828256.00
2019/11/11	24.50	24.63	23.78	23.81	8081197	194944720.00
2019/11/12	23.76	24.39	23.15	24.11	8112909	192972144.00
2019/11/13	23.96	24.18	23.31	23.61	8202184	194312656.00
2019/11/14	23.64	24.48	23.40	24.40	10848908	260449344.00
2019/11/15	24.28	26.17	24.16	25.44	21677843	549284480.00
2019/11/18	25.78	26.41	25.51	25.93	17057561	441052768.00
2019/11/19	26.10	27.16	25.70	27.02	21004487	561414144.00
2019/11/20	26.90	27.20	26.56	26.82	14079147	377470464.00
2019/11/21	26.38	26.41	25.63	26.19	10842462	282790560.00
2019/11/22	26.44	26.77	25.19	25.36	14133506	366028704.00
2019/11/25	25.49	25.50	23.83	23.96	11838929	287852704.00
2019/11/26	24.46	26.36	24.46	26.36	28643886	744637632.00
2019/11/27	25.88	27.34	25.80	27.01	28574213	760203968.00
2019/11/28	27.12	27.15	26.00	26.32	17967583	474277504.00
2019/11/29	26.40	26.79	26.19	26.65	15082960	399945920.00
2019/12/02	26.60	27.97	26.48	27.66	21113773	579805120.00
2019/12/03	27.40	27.87	27.02	27.85	14975444	411275584.00
2019/12/04	27.49	27.54	26.88	27.24	13360824	363711296.00
2019/12/05	27.43	28.20	27.11	27.68	20847747	578264960.00
2019/12/06	27.51	27.65	27.11	27.60	15234890	417569088.00
2019/12/09	28.05	28.05	27.25	27.37	12556029	345669056.00
2019/12/10	27.22	27.47	26.68	27.39	13564579	366746496.00
2019/12/11	27.34	27.69	26.86	26.89	11648527	316630624.00
2019/12/12	26.88	27.58	26.82	27.41	12777511	348468000.00
2019/12/13	27.75	27.83	26.92	27.21	13837648	376498080.00
2019/12/16	27.30	28.77	27.11	28.56	23125725	649050368.00
2019/12/17	28.56	28.86	28.36	28.62	19292737	551701632.00
2019/12/18	28.80	28.85	28.30	28.51	14544112	415434912.00
2019/12/19	28.31	28.78	27.85	28.33	11750844	331609344.00
2019/12/20	28.47	29.32	27.88	28.92	18648874	535737888.00
2019/12/23	28.61	28.80	27.52	27.69	16138541	450492160.00
2019/12/24	26.72	26.72	25.00	26.33	19326817	504730560.00
2019/12/25	26.10	26.71	26.03	26.18	8834315	232715776.00
2019/12/26	26.03	26.40	25.85	26.20	7418645	193708864.00
2019/12/27	26.07	26.40	25.71	25.72	7426910	193863248.00
2019/12/30	25.53	26.19	24.92	26.06	7461073	191066848.00
2019/12/31	25.92	26.28	25.81	26.08	3977657	103665688.00
2020/01/02	26.22	26.77	26.01	26.77	9829259	260337664.00
2020/01/03	26.77	26.95	26.30	26.34	8746474	232120816.00
2020/01/06	26.00	26.65	25.78	26.49	9613912	252650128.00
2020/01/07	26.38	26.59	26.20	26.29	7703604	202792336.00
2020/01/08	26.10	26.25	25.38	25.54	10359410	267231344.00
2020/01/09	25.78	26.52	25.74	26.34	10312629	269253888.00
2020/01/10	26.60	27.44	26.60	27.09	15962306	431847232.00
2020/01/13	27.00	27.50	26.40	27.29	13001709	351382816.00
2020/01/14	27.29	28.13	27.29	27.83	15631179	433874592.00
2020/01/15	27.60	27.97	27.38	27.59	8674999	239388848.00
2020/01/16	27.69	27.95	27.30	27.70	8872787	244931024.00
2020/01/17	27.68	27.91	27.46	27.63	8475483	234877888.00
数据来源:通达信
