300628 亿联网络 日线 前复权
      日期	    开盘	    最高	    最低	    收盘	    成交量	    成交额
2017/03/17	12.08	14.74	12.08	14.74	5300	669256.00
2017/03/20	16.33	16.33	16.33	16.33	2000	280900.00
2017/03/21	18.09	18.09	18.09	18.09	1300	200850.00
2017/03/22	20.02	20.02	20.02	20.02	700	118965.00
2017/03/23	22.14	22.14	22.14	22.14	1900	355205.00
2017/03/24	24.48	24.48	24.48	24.48	6900	1418985.00
2017/03/27	27.05	27.05	27.05	27.05	6900	1560918.00
2017/03/28	29.88	29.88	29.88	29.88	5500	1368620.00
2017/03/29	32.99	32.99	32.99	32.99	8900	2436108.00
2017/03/30	36.41	36.41	36.41	36.41	143050	43070924.00
2017/03/31	40.18	40.18	40.18	40.18	300910	99661392.00
2017/04/05	44.32	44.32	40.57	42.10	9932831	3488990720.00
2017/04/06	42.90	46.03	42.28	43.65	5199925	1883940864.00
2017/04/07	42.97	44.53	42.03	42.15	3589324	1268593280.00
2017/04/10	41.15	41.15	38.77	38.83	3585652	1183636224.00
2017/04/11	38.29	39.37	37.11	38.20	3734659	1177319040.00
2017/04/12	37.40	38.03	36.07	36.40	3396381	1035687488.00
2017/04/13	36.59	38.34	36.59	36.99	2320626	719618496.00
2017/04/14	36.43	38.53	35.86	37.65	1954212	606406208.00
2017/04/17	36.28	38.14	35.65	36.53	1863000	568682688.00
2017/04/18	36.28	37.78	36.28	36.90	1296684	398386528.00
2017/04/19	36.86	40.66	36.86	39.25	2315785	742286528.00
2017/04/20	39.26	40.44	38.44	39.80	1985420	645382464.00
2017/04/21	39.39	39.69	38.65	38.75	1028402	330725760.00
2017/04/24	38.54	38.75	36.53	37.77	1372785	427281216.00
2017/04/25	37.89	40.81	37.28	40.04	1982732	646374848.00
2017/04/26	39.78	40.52	38.65	39.28	1708663	557699008.00
2017/04/27	39.78	43.33	39.44	43.33	3340151	1135545344.00
2017/04/28	42.76	43.77	42.46	43.09	1648974	584785280.00
2017/05/02	43.11	43.63	41.53	41.81	1439931	500594240.00
2017/05/03	41.64	42.34	37.50	39.02	3962356	1279700480.00
2017/05/04	38.15	38.96	37.34	37.75	1596621	501997696.00
2017/05/05	37.40	38.46	37.28	37.54	1013976	317586272.00
2017/05/08	37.36	38.37	37.28	37.29	987714	308490304.00
2017/05/09	36.90	38.17	36.65	38.12	1042650	323053728.00
2017/05/10	38.14	39.10	37.04	37.15	1288397	407307360.00
2017/05/11	37.03	39.72	36.90	39.28	1933119	617583424.00
2017/05/12	39.15	39.37	37.48	38.05	1526387	479694208.00
2017/05/15	38.09	38.11	36.96	37.29	921849	284213440.00
2017/05/16	37.29	39.00	37.00	39.00	1180144	368071872.00
2017/05/17	38.88	41.11	38.86	39.40	1585630	519221248.00
2017/05/18	39.00	39.61	37.48	37.90	1335339	420293920.00
2017/05/19	37.75	38.28	37.42	37.91	840885	260885968.00
2017/05/22	37.88	37.97	36.06	36.38	1381799	419038848.00
2017/05/23	36.06	36.99	35.00	36.08	1260322	374820096.00
2017/05/24	35.88	36.84	35.66	36.63	881307	263771488.00
2017/05/25	36.62	36.62	35.00	36.00	1205395	354268096.00
2017/05/26	35.92	36.35	35.21	35.58	697047	205075552.00
2017/05/31	36.63	37.47	35.81	35.86	1192353	360720768.00
2017/06/01	35.25	36.06	35.13	35.14	769549	224360608.00
2017/06/02	35.13	36.06	34.38	35.70	937752	271276512.00
2017/06/05	36.06	36.97	35.78	36.13	902129	269694368.00
2017/06/06	35.88	36.25	35.51	36.14	536757	158490256.00
2017/06/07	36.00	37.65	35.97	37.32	1240113	377385344.00
2017/06/08	37.25	37.58	36.56	36.99	1021108	310350784.00
2017/06/09	36.99	37.30	36.78	37.23	583305	177656608.00
2017/06/12	36.88	36.88	35.83	36.22	882374	262642592.00
2017/06/13	36.13	36.96	36.00	36.72	607381	183059056.00
2017/06/14	36.69	39.94	36.65	38.66	2019481	638469632.00
2017/06/15	38.50	39.36	38.42	38.72	1205180	384631968.00
2017/06/16	39.00	39.34	38.65	39.00	763001	244072944.00
2017/06/19	39.23	39.32	38.39	38.60	753984	239573072.00
2017/06/20	38.75	39.23	38.00	38.10	717323	227865376.00
2017/06/21	38.13	38.60	37.82	38.54	561948	175797536.00
2017/06/22	38.50	39.11	37.88	37.90	727755	229920144.00
2017/06/23	37.69	39.17	37.69	39.09	1081414	342697312.00
2017/06/26	39.03	39.30	38.54	39.09	998535	318858080.00
2017/06/27	39.03	40.23	38.56	38.67	1190177	383709440.00
2017/06/28	38.39	38.47	37.16	37.25	1234242	381139872.00
2017/06/29	37.25	37.50	36.75	36.91	851487	258857920.00
2017/06/30	36.75	37.19	36.60	37.00	668875	203246416.00
2017/07/03	36.94	37.59	36.75	37.34	660909	202354176.00
2017/07/04	37.38	37.61	36.89	37.39	501510	153273280.00
2017/07/05	37.38	37.38	35.75	36.21	1681538	500569504.00
2017/07/06	36.24	36.32	35.75	36.10	722144	213563424.00
2017/07/07	36.19	38.48	36.19	38.45	2160383	668835520.00
2017/07/10	38.05	38.23	37.06	37.24	1098145	337959712.00
2017/07/11	37.96	38.21	36.38	36.62	1621007	492298752.00
2017/07/12	36.53	37.00	35.88	36.95	866737	259064144.00
2017/07/13	36.75	36.94	35.98	36.13	665028	197973424.00
2017/07/14	36.13	36.69	35.96	36.13	607007	181142160.00
2017/07/17	35.81	35.81	32.88	32.96	1527008	426839584.00
2017/07/18	32.91	33.55	32.75	33.25	639704	174725792.00
2017/07/19	33.00	33.13	31.32	32.74	1062206	282583680.00
2017/07/20	32.53	33.08	32.38	32.44	677777	183005024.00
2017/07/21	32.62	32.62	31.74	31.92	592007	156513792.00
2017/07/24	31.69	32.28	30.90	32.05	970751	251845008.00
2017/07/25	31.91	32.55	31.63	32.40	589500	156835840.00
2017/07/26	32.51	33.37	32.33	32.73	629921	171099328.00
2017/07/27	32.88	34.81	32.51	34.59	1198828	336373376.00
2017/07/28	34.38	34.69	33.86	33.86	627559	177052816.00
2017/07/31	33.74	33.81	33.38	33.67	494073	136700800.00
2017/08/01	33.74	35.25	33.74	34.49	737625	210659520.00
2017/08/02	34.27	34.62	33.69	33.77	500400	140589120.00
2017/08/03	33.66	34.45	33.63	33.94	506622	142050960.00
2017/08/04	34.01	35.00	33.94	34.13	540114	153009552.00
2017/08/07	33.88	34.55	32.13	32.13	1123021	307265184.00
2017/08/08	32.01	32.23	31.31	31.97	883088	230641552.00
2017/08/09	32.00	32.35	31.75	31.81	437072	115436216.00
2017/08/10	31.75	32.12	31.24	31.65	514995	134352672.00
2017/08/11	31.57	32.09	31.21	31.73	507945	133311088.00
2017/08/14	31.59	32.33	31.59	32.23	500418	132469656.00
2017/08/15	32.25	32.31	31.23	31.38	896648	234094544.00
2017/08/16	31.38	33.25	31.25	32.76	1254451	336134272.00
2017/08/17	32.61	33.38	32.20	32.97	848136	229041456.00
2017/08/18	32.75	32.75	32.38	32.43	334600	89834064.00
2017/08/21	32.71	33.16	32.38	33.00	353400	95869856.00
2017/08/22	33.10	33.62	32.96	33.14	519396	142571504.00
2017/08/23	33.00	33.49	32.75	33.11	314125	85727864.00
2017/08/24	33.00	33.31	32.55	32.63	385563	104669208.00
2017/08/25	32.63	34.29	32.63	34.20	882411	244197872.00
2017/08/28	34.63	35.82	34.14	34.16	2079764	594600128.00
2017/08/29	34.50	35.25	34.25	34.85	1363985	390124608.00
2017/08/30	34.86	34.94	34.41	34.43	739679	210670784.00
2017/08/31	34.63	36.37	34.51	35.46	1662296	485375808.00
2017/09/01	35.53	36.44	35.25	36.44	1238188	365308864.00
2017/09/04	36.56	37.25	35.91	36.27	1162453	349647168.00
2017/09/05	36.11	36.51	35.78	36.50	782286	232952992.00
2017/09/06	36.50	38.44	36.36	38.34	1612589	498872448.00
2017/09/07	38.75	38.97	37.81	37.92	1110483	348802272.00
2017/09/08	37.74	38.48	37.12	38.19	1122938	347344192.00
2017/09/11	38.25	39.25	37.87	39.25	1274388	404857280.00
2017/09/12	38.83	38.95	37.76	37.76	1177584	369729696.00
2017/09/13	37.75	38.03	37.31	38.00	611140	189082464.00
2017/09/14	37.93	38.36	37.38	38.21	636569	198023808.00
2017/09/15	38.06	38.21	37.25	37.41	462497	143031152.00
2017/09/18	37.25	37.87	37.00	37.78	474626	146229488.00
2017/09/19	37.75	37.75	36.49	36.64	898442	273383552.00
2017/09/20	36.50	36.50	36.00	36.47	682931	203756352.00
2017/09/21	36.28	37.06	35.89	35.97	615155	184567952.00
2017/09/22	36.25	36.94	35.63	36.82	822189	245777856.00
2017/09/25	36.88	37.01	36.51	36.56	635861	191726720.00
2017/09/26	36.56	36.87	36.26	36.73	624232	187450336.00
2017/09/27	36.75	36.94	35.90	36.56	579625	173589680.00
2017/09/28	36.65	36.70	36.00	36.08	655481	196168320.00
2017/09/29	36.46	39.49	36.21	37.46	4159238	647808256.00
2017/10/09	37.70	37.70	35.73	36.14	2521212	376409216.00
2017/10/10	35.80	36.12	35.00	36.00	2100248	306978208.00
2017/10/11	35.98	36.25	35.25	35.40	1371990	201425312.00
2017/10/12	35.23	35.28	34.13	34.38	1806994	258117168.00
2017/10/13	34.50	35.15	34.15	34.73	1202730	172145984.00
2017/10/16	34.95	35.75	34.17	34.56	1594466	229705840.00
2017/10/17	34.53	35.33	34.53	34.83	1093574	157435472.00
2017/10/18	34.85	35.37	34.40	34.44	1063000	152408480.00
2017/10/19	34.46	34.46	33.46	33.57	1227200	170693008.00
2017/10/20	33.46	34.22	33.46	34.13	683284	95499304.00
2017/10/23	34.13	34.39	33.88	34.25	637278	89661776.00
2017/10/24	34.31	36.00	34.31	35.39	1928288	280939200.00
2017/10/25	35.28	35.69	35.00	35.56	1060864	154427184.00
2017/10/26	36.03	36.38	35.57	35.75	1455630	215061536.00
2017/10/27	35.75	37.04	35.65	36.79	2046045	306257792.00
2017/10/30	36.75	37.14	35.11	35.24	2270900	337290496.00
2017/10/31	35.26	35.87	35.25	35.81	1413236	206833728.00
2017/11/01	35.70	37.70	35.53	37.50	3008214	457337984.00
2017/11/02	37.23	37.40	36.45	36.79	2085197	316436480.00
2017/11/03	36.74	37.15	36.45	36.74	1250254	188757776.00
2017/11/06	37.02	37.24	35.88	36.26	1893320	283202464.00
2017/11/07	36.13	36.25	34.95	35.37	2084046	303305312.00
2017/11/08	35.30	35.79	35.13	35.14	1573277	228613696.00
2017/11/09	35.15	35.86	35.00	35.79	1701055	248457520.00
2017/11/10	35.79	35.87	35.25	35.62	1382118	202031488.00
2017/11/13	35.66	38.03	35.55	37.99	3588767	546839168.00
2017/11/14	37.95	38.63	37.20	37.38	3053135	473408128.00
2017/11/15	37.43	38.65	37.10	38.00	2714917	422444480.00
2017/11/16	37.53	37.81	36.90	37.34	2038976	312398400.00
2017/11/17	37.28	37.50	34.75	34.75	3091724	454474112.00
2017/11/20	34.35	35.24	34.00	35.13	1326167	189370272.00
2017/11/21	35.08	35.60	34.78	35.12	1088908	157386640.00
2017/11/22	35.14	35.45	34.07	34.40	1121867	160659104.00
2017/11/23	34.41	34.47	32.25	32.31	2123398	290118240.00
2017/11/24	32.32	32.71	32.26	32.38	871734	116695272.00
2017/11/27	31.83	32.20	31.20	31.39	1107600	144384384.00
2017/11/28	31.65	32.50	31.53	32.47	914226	120787160.00
2017/11/29	32.47	32.47	31.60	32.03	683832	90156952.00
2017/11/30	32.13	33.16	32.03	32.62	1032656	139639344.00
2017/12/01	32.38	32.83	32.08	32.75	709546	95172480.00
2017/12/04	32.75	32.75	31.27	31.31	1229908	161003072.00
2017/12/05	31.32	31.74	30.75	31.00	779158	100643832.00
2017/12/06	31.14	31.69	31.03	31.68	705500	91576624.00
2017/12/07	31.58	32.11	31.30	31.89	686848	89978264.00
2017/12/08	31.87	32.50	31.80	32.25	665400	88622760.00
2017/12/11	32.48	32.66	32.08	32.45	738498	98883248.00
2017/12/12	32.38	32.38	31.78	31.79	555200	73378744.00
2017/12/13	31.79	32.25	31.72	31.95	516700	68226200.00
2017/12/14	32.00	32.12	31.38	31.57	614234	80052448.00
2017/12/15	31.60	31.98	31.43	31.53	565000	73964896.00
2017/12/18	31.26	31.70	31.26	31.38	431650	55948756.00
2017/12/19	31.28	31.74	31.28	31.60	328700	42863524.00
2017/12/20	31.78	32.73	31.78	32.47	1207974	161808048.00
2017/12/21	32.50	33.10	32.25	32.72	836075	113177408.00
2017/12/22	32.62	33.16	32.45	32.88	599950	81250192.00
2017/12/25	32.97	33.04	32.10	32.31	473654	63363524.00
2017/12/26	32.25	32.90	32.13	32.75	523300	70454416.00
2017/12/27	32.73	32.87	32.32	32.33	503400	67529056.00
2017/12/28	32.40	32.87	31.88	32.23	1073036	142941648.00
2017/12/29	32.27	32.58	32.00	32.33	842200	112225200.00
2018/01/02	32.48	32.74	32.33	32.68	572975	76960520.00
2018/01/03	32.56	33.00	32.55	33.00	815711	110246288.00
2018/01/04	32.91	32.97	32.66	32.69	537904	72682288.00
2018/01/05	32.68	32.97	32.62	32.69	564700	76325560.00
2018/01/08	32.68	32.68	31.55	31.75	1135764	149208064.00
2018/01/09	31.75	31.93	31.42	31.52	720275	93699328.00
2018/01/10	31.45	31.70	31.12	31.39	641576	82708624.00
2018/01/11	31.29	31.90	31.06	31.75	593921	77508920.00
2018/01/12	31.84	32.06	31.61	31.67	527045	69140296.00
2018/01/15	31.55	31.55	29.36	29.40	1866191	233156960.00
2018/01/16	28.99	29.93	28.80	29.00	954640	115785360.00
2018/01/17	28.89	29.90	28.71	29.33	1094855	132750704.00
2018/01/18	29.55	29.72	29.13	29.26	1011478	122834976.00
2018/01/19	28.90	29.23	28.90	29.04	804944	96763328.00
2018/01/22	29.34	29.35	28.14	29.04	1050005	124692912.00
2018/01/23	28.92	29.19	28.67	28.90	691311	82796792.00
2018/01/24	28.92	30.25	28.63	29.96	1328617	162710544.00
2018/01/25	29.75	30.38	29.35	29.48	1060970	131255872.00
2018/01/26	29.50	29.64	28.99	29.02	757200	91766848.00
2018/01/29	28.88	29.00	28.43	28.53	773812	91642680.00
2018/01/30	28.40	28.90	28.39	28.70	474167	56338028.00
2018/01/31	28.56	28.56	27.42	27.42	1031048	119229640.00
2018/02/01	27.35	27.70	25.65	26.10	1157483	127763632.00
2018/02/02	26.07	26.19	25.13	25.23	925873	98989552.00
2018/02/05	24.88	25.25	24.00	25.21	929722	95602000.00
2018/02/06	24.75	24.90	23.88	23.88	1004108	101643888.00
2018/02/07	24.60	24.71	23.70	24.28	910951	92012144.00
2018/02/08	24.06	24.71	24.06	24.41	591225	60398988.00
2018/02/09	23.70	24.32	23.60	23.84	795434	79136704.00
2018/02/12	24.07	25.63	24.06	25.23	1061849	110454776.00
2018/02/13	25.40	27.50	25.26	26.99	1695494	186982368.00
2018/02/14	26.80	27.01	26.14	26.83	654545	72146288.00
2018/02/22	27.03	27.32	26.56	26.89	450623	50273216.00
2018/02/23	26.75	27.14	26.25	27.02	581535	64379048.00
2018/02/26	27.25	28.40	26.89	28.22	1007661	115961936.00
2018/02/27	28.25	28.70	27.73	27.73	863541	100597080.00
2018/02/28	27.68	28.55	27.28	27.93	1012175	117943840.00
2018/03/01	27.93	28.58	27.58	28.50	1025171	120177528.00
2018/03/02	28.23	29.00	28.13	28.48	751275	89010552.00
2018/03/05	28.52	29.36	28.40	29.34	1006467	120698768.00
2018/03/06	29.35	32.37	29.34	31.33	3211205	420163424.00
2018/03/07	31.17	32.01	30.75	30.75	1511370	195349120.00
2018/03/08	31.23	31.53	30.43	30.57	974247	124041640.00
2018/03/09	30.65	32.35	30.48	32.29	2222575	290700864.00
2018/03/12	32.38	33.20	32.33	32.80	2157040	291205472.00
2018/03/13	32.75	32.82	32.00	32.38	1104190	147516528.00
2018/03/14	31.99	32.30	31.47	31.50	1114291	147034448.00
2018/03/15	31.50	32.06	30.65	31.64	1092060	141400912.00
2018/03/16	31.46	32.24	31.38	31.50	704000	92556000.00
2018/03/19	31.43	33.08	31.38	32.27	1107706	148796688.00
2018/03/20	32.19	33.15	32.00	32.57	1159400	155916224.00
2018/03/21	32.75	32.80	30.92	30.92	1168400	153574496.00
2018/03/22	31.02	32.63	31.02	32.30	1498224	197066544.00
2018/03/23	31.23	31.23	28.97	28.97	2008500	249806816.00
2018/03/26	28.01	28.97	27.22	28.89	1981691	230679760.00
2018/03/27	29.25	31.05	29.25	30.63	1528935	191303600.00
2018/03/28	29.88	30.66	29.75	29.96	757700	94394768.00
2018/03/29	30.25	30.35	28.91	29.12	1360554	165241424.00
2018/03/30	29.30	31.09	29.30	30.86	1837196	231487680.00
2018/04/02	31.25	32.35	30.98	31.23	1660302	216179664.00
2018/04/03	30.61	31.22	29.43	30.18	1718718	214205008.00
2018/04/04	30.75	32.85	30.75	31.46	2985582	394084480.00
2018/04/09	31.47	31.63	30.19	30.90	1711280	217829872.00
2018/04/10	31.60	33.44	31.38	33.23	3157859	426921312.00
2018/04/11	33.25	33.65	32.88	33.30	1810838	249048048.00
2018/04/12	33.40	34.68	33.20	33.53	2150998	301776960.00
2018/04/13	33.73	34.10	33.17	33.74	1022546	141591936.00
2018/04/16	33.38	36.55	33.25	35.75	2445235	357114176.00
2018/04/17	36.00	36.10	33.55	33.71	2048343	293099456.00
2018/04/18	33.50	34.69	32.36	33.94	1663915	229099232.00
2018/04/19	33.75	36.50	33.72	35.21	1734321	253155152.00
2018/04/20	35.00	35.06	33.10	33.15	2086458	289276608.00
2018/04/23	33.26	33.79	32.15	32.95	1085591	145622848.00
2018/04/24	33.15	34.43	32.85	34.13	1042821	145437008.00
2018/04/25	35.99	36.96	34.52	34.75	2477146	360184896.00
2018/04/26	34.70	35.67	34.47	34.50	1193935	172024560.00
2018/04/27	34.83	35.12	33.53	34.80	1018904	144583072.00
2018/05/02	34.63	35.63	33.80	34.33	1035531	147942768.00
2018/05/03	34.33	35.06	33.40	34.96	947806	133517304.00
2018/05/04	34.97	35.08	33.70	33.77	1064546	150381920.00
2018/05/07	33.94	34.72	33.22	34.49	1074017	151204784.00
2018/05/08	34.36	34.83	33.98	34.70	843103	119355336.00
2018/05/09	34.72	35.71	34.55	35.35	1130527	163748416.00
2018/05/10	35.26	35.61	34.72	35.28	817584	118118048.00
2018/05/11	35.43	35.58	34.00	34.30	1106035	158141488.00
2018/05/14	34.03	35.09	34.03	34.76	879735	126128472.00
2018/05/15	34.75	35.43	34.63	35.40	758941	109387568.00
2018/05/16	35.13	35.40	34.75	34.77	820182	117996648.00
2018/05/17	34.82	35.00	34.50	34.64	693175	98908304.00
2018/05/18	34.71	34.85	33.93	34.40	822385	115839664.00
2018/05/21	34.81	36.00	34.73	35.81	1729757	252860032.00
2018/05/22	35.71	36.88	35.59	36.48	1956412	293139936.00
2018/05/23	36.57	37.79	36.50	37.18	1851064	283689280.00
2018/05/24	37.45	37.75	36.75	36.95	1236992	188865616.00
2018/05/25	36.79	37.22	34.91	35.20	2015998	295837120.00
2018/05/28	34.95	35.24	33.00	33.96	3045152	210746112.00
2018/05/29	34.15	35.60	33.65	34.78	2691156	190759872.00
2018/05/30	33.65	34.24	32.80	33.21	2618848	178089296.00
2018/05/31	33.81	34.07	32.31	32.96	2250744	151370944.00
2018/06/01	32.65	33.55	32.02	32.61	1593860	106517560.00
2018/06/04	32.94	32.94	31.73	32.62	1359259	89617280.00
2018/06/05	32.59	33.77	32.41	33.72	1644112	111759912.00
2018/06/06	33.52	34.72	33.40	34.29	1753577	122320736.00
2018/06/07	34.33	34.40	33.27	33.29	1325082	90917352.00
2018/06/08	33.05	33.74	32.86	33.30	917370	62183640.00
2018/06/11	33.60	33.60	32.48	32.64	975595	65233692.00
2018/06/12	32.70	33.21	30.93	32.40	2237988	144918528.00
2018/06/13	32.14	32.73	31.23	32.10	1733083	112929952.00
2018/06/14	31.68	32.39	31.61	32.09	1050879	68432368.00
2018/06/15	32.05	32.09	31.50	32.01	1323010	85837040.00
2018/06/19	31.38	31.38	28.75	28.75	2931101	178155232.00
2018/06/20	28.69	30.11	28.42	29.90	1659116	100033216.00
2018/06/21	29.95	30.22	29.02	29.41	1148380	69212456.00
2018/06/22	29.64	30.28	29.10	30.17	1174521	71278568.00
2018/06/25	30.40	30.80	30.11	30.41	970763	60189716.00
2018/06/26	30.15	31.53	29.51	31.32	1546740	97872456.00
2018/06/27	31.35	31.64	31.04	31.30	1101997	70345576.00
2018/06/28	31.38	31.92	31.09	31.29	880010	56614208.00
2018/06/29	31.33	32.65	31.33	32.36	1233640	80834656.00
2018/07/02	32.36	32.40	31.58	31.89	1049371	68323152.00
2018/07/03	31.98	33.05	31.46	32.98	1645485	108395312.00
2018/07/04	32.75	32.80	30.91	31.55	1377733	89734304.00
2018/07/05	31.41	31.99	30.80	30.85	1109321	70855512.00
2018/07/06	31.31	31.84	29.98	31.05	1478289	93590000.00
2018/07/09	31.05	32.30	31.05	32.21	975885	63423332.00
2018/07/10	32.20	33.05	31.99	32.94	1295198	85948936.00
2018/07/11	31.80	31.80	30.00	31.03	2819357	177176960.00
2018/07/12	31.05	32.85	31.03	32.22	2372667	154785504.00
2018/07/13	32.27	33.84	32.26	33.81	2947115	199262384.00
2018/07/16	34.15	34.47	33.40	33.57	1630701	112401880.00
2018/07/17	33.57	34.65	33.57	34.05	1883510	131227912.00
2018/07/18	33.89	35.59	33.89	34.36	2613872	186460480.00
2018/07/19	34.27	35.25	34.03	34.21	1543850	108302272.00
2018/07/20	34.20	35.06	33.58	34.89	1494435	104560080.00
2018/07/23	34.85	35.51	34.28	35.19	1469374	104455568.00
2018/07/24	34.90	35.14	34.18	34.41	2003666	140697024.00
2018/07/25	34.50	35.28	34.26	34.52	1554453	110327968.00
2018/07/26	34.53	34.88	33.04	33.15	2303510	156721088.00
2018/07/27	33.15	33.65	32.66	33.20	1437101	97272296.00
2018/07/30	33.25	33.70	32.28	32.30	1288304	85687792.00
2018/07/31	32.25	32.49	31.16	31.73	1364731	88355240.00
2018/08/01	31.90	32.35	31.18	31.20	1182139	76445096.00
2018/08/02	31.27	31.28	29.41	30.05	1873412	114541208.00
2018/08/03	30.06	30.24	29.33	29.58	1237527	75171608.00
2018/08/06	29.39	29.90	28.58	28.62	1856827	110700576.00
2018/08/07	28.90	29.80	28.61	29.70	3028056	179766528.00
2018/08/08	29.62	30.11	28.95	29.17	1352943	81479880.00
2018/08/09	29.18	30.66	28.85	30.23	1910475	117778688.00
2018/08/10	30.19	30.69	30.18	30.46	1230058	76450576.00
2018/08/13	30.01	31.64	29.95	31.19	2206694	139297184.00
2018/08/14	30.98	31.35	30.74	30.88	1221909	77335608.00
2018/08/15	30.87	31.10	29.71	30.06	1368837	84304808.00
2018/08/16	29.82	30.59	29.48	30.08	1090555	67315208.00
2018/08/17	30.21	30.85	29.40	29.54	1170200	71818976.00
2018/08/20	29.40	30.44	29.25	30.38	1280878	77857616.00
2018/08/21	30.35	30.90	30.11	30.80	1014220	63432008.00
2018/08/22	30.81	30.82	29.88	30.10	853871	52730572.00
2018/08/23	30.24	31.00	30.09	30.86	1319649	82472744.00
2018/08/24	30.80	30.80	30.12	30.30	1099243	68102488.00
2018/08/27	30.40	31.50	29.79	31.10	1697724	106682472.00
2018/08/28	31.09	31.35	30.61	30.82	1124901	70884272.00
2018/08/29	30.49	30.84	30.35	30.39	502693	31264932.00
2018/08/30	30.33	30.63	29.18	29.38	1548875	93621912.00
2018/08/31	29.34	30.20	29.34	29.60	1054066	64091356.00
2018/09/03	29.40	30.40	29.40	29.96	919480	56158660.00
2018/09/04	29.80	30.58	29.70	30.39	1032884	63741064.00
2018/09/05	30.39	30.49	29.65	29.73	769847	47109468.00
2018/09/06	29.70	30.00	29.27	29.43	956241	57659960.00
2018/09/07	29.70	29.83	28.66	28.90	888559	52867956.00
2018/09/10	28.75	29.12	28.17	28.27	885147	51785324.00
2018/09/11	28.21	29.07	28.21	28.70	859228	50351700.00
2018/09/12	28.60	29.14	28.59	28.84	646737	38068148.00
2018/09/13	29.16	30.00	29.15	29.62	1275922	76915888.00
2018/09/14	29.67	29.74	29.30	29.43	679987	40927932.00
2018/09/17	29.32	29.38	28.61	28.88	875564	51724488.00
2018/09/18	28.88	29.05	27.60	28.61	1648891	95128816.00
2018/09/19	28.20	29.12	27.62	28.60	1554265	89858416.00
2018/09/20	28.47	28.85	28.15	28.19	770766	44684272.00
2018/09/21	28.19	29.09	28.13	29.03	1192384	70024056.00
2018/09/25	29.08	30.38	28.79	29.99	1755929	106684920.00
2018/09/26	30.12	30.29	29.80	30.03	1044274	64088640.00
2018/09/27	30.02	30.37	29.74	29.81	885724	54277324.00
2018/09/28	29.90	30.05	29.19	29.94	629478	38252336.00
2018/10/08	29.40	29.40	28.43	28.46	1406698	82795616.00
2018/10/09	28.44	29.09	28.44	28.86	750809	44235600.00
2018/10/10	28.85	29.50	28.75	29.38	775800	46412096.00
2018/10/11	28.44	29.25	27.80	27.93	1390434	80835744.00
2018/10/12	28.39	28.93	28.03	28.83	1176349	68827368.00
2018/10/15	28.97	29.99	28.93	29.14	1528351	92031080.00
2018/10/16	29.10	29.64	28.41	28.75	1205324	71747416.00
2018/10/17	29.03	29.75	28.44	29.55	1315091	78444056.00
2018/10/18	29.48	29.73	28.91	29.35	951927	57033724.00
2018/10/19	28.71	30.40	28.65	30.29	1855590	112778232.00
2018/10/22	30.63	32.43	30.61	31.94	2401702	154543808.00
2018/10/23	31.76	32.10	31.15	31.70	1269800	81703768.00
2018/10/24	31.49	32.05	31.21	31.95	1355590	87661880.00
2018/10/25	31.16	31.95	30.95	31.80	1369389	87897080.00
2018/10/26	31.99	32.38	30.62	31.05	1684799	107280848.00
2018/10/29	31.35	32.65	30.46	31.90	3037717	197459760.00
2018/10/30	32.00	33.00	31.25	32.70	2079720	137438704.00
2018/10/31	32.33	33.20	32.23	32.90	1869943	124916728.00
2018/11/01	33.19	33.34	32.42	32.71	1923788	129169888.00
2018/11/02	33.71	35.83	33.71	35.10	4321870	304829280.00
2018/11/05	34.95	35.30	34.00	34.68	2183223	153954832.00
2018/11/06	34.66	34.74	33.89	34.55	1388592	96741432.00
2018/11/07	34.55	34.88	33.98	34.40	1540650	107823064.00
2018/11/08	34.65	35.05	33.89	34.02	1235155	86654776.00
2018/11/09	33.83	35.00	33.75	34.40	1324827	92727088.00
2018/11/12	34.19	35.95	34.19	35.73	1735741	124835848.00
2018/11/13	35.40	36.43	35.24	35.70	1914272	140026816.00
2018/11/14	35.56	36.45	35.16	35.91	1345015	97903944.00
2018/11/15	35.60	36.20	35.31	35.80	1141732	82852032.00
2018/11/16	35.72	36.57	35.51	35.54	1493017	109418808.00
2018/11/19	35.41	35.75	33.93	34.78	1895280	133077616.00
2018/11/20	34.55	35.29	34.03	34.15	1488610	104371664.00
2018/11/21	33.96	34.61	33.93	34.24	825800	57491744.00
2018/11/22	34.25	34.53	33.90	34.09	535700	37259916.00
2018/11/23	34.16	34.38	32.74	33.10	1413238	95580712.00
2018/11/26	33.09	33.33	32.49	33.16	720000	48375328.00
2018/11/27	33.54	33.94	33.34	33.75	871732	59696220.00
2018/11/28	33.75	34.19	33.52	34.09	772458	53455332.00
2018/11/29	34.39	34.39	32.91	32.91	887170	60593640.00
2018/11/30	32.91	33.39	32.40	33.37	639700	42920252.00
2018/12/03	34.50	35.83	34.50	35.66	2343549	168808560.00
2018/12/04	35.65	36.05	35.43	35.91	1403960	102440104.00
2018/12/05	35.53	36.04	35.20	35.65	1257034	90899632.00
2018/12/06	35.19	35.35	34.28	34.66	1189545	83930032.00
2018/12/07	34.79	35.57	34.76	35.06	729121	52109300.00
2018/12/10	35.25	36.00	34.90	35.84	1406790	102375000.00
2018/12/11	35.68	36.27	35.44	36.25	1337534	97878984.00
2018/12/12	36.26	36.40	35.83	36.04	1039377	76249888.00
2018/12/13	36.21	36.88	36.00	36.41	1208865	89603464.00
2018/12/14	36.35	37.35	36.04	36.47	1672196	124943608.00
2018/12/17	36.01	36.79	35.15	35.85	1301062	94498920.00
2018/12/18	35.91	36.34	35.40	35.96	793467	57976512.00
2018/12/19	36.38	36.65	35.79	35.95	927407	68332344.00
2018/12/20	35.42	36.36	35.42	36.21	719177	52672124.00
2018/12/21	36.40	36.88	36.06	36.55	837496	62072012.00
2018/12/24	36.57	37.03	36.00	36.97	1133371	83981760.00
2018/12/25	36.46	37.24	36.36	37.16	1541735	115236688.00
2018/12/26	37.29	37.99	36.99	37.59	1288522	98497496.00
2018/12/27	37.98	38.84	37.60	38.23	1570926	122422784.00
2018/12/28	38.28	38.50	37.35	38.23	1725697	133176288.00
2017/03/17	52.60	63.24	52.60	63.24	5300	669256.00
2017/03/20	69.63	69.63	69.63	69.63	2000	280900.00
2017/03/21	76.65	76.65	76.65	76.65	1300	200850.00
2017/03/22	84.38	84.38	84.38	84.38	700	118965.00
2017/03/23	92.88	92.88	92.88	92.88	1900	355205.00
2017/03/24	102.23	102.23	102.23	102.23	6900	1418985.00
2017/03/27	112.51	112.51	112.51	112.51	6900	1560918.00
2017/03/28	123.82	123.82	123.82	123.82	5500	1368620.00
2017/03/29	136.26	136.26	136.26	136.26	8900	2436108.00
2017/03/30	149.95	149.95	149.95	149.95	143050	43070924.00
2017/03/31	165.00	165.00	165.00	165.00	300910	99661392.00
2017/04/05	181.56	181.56	166.56	172.71	9932831	3488990720.00
2017/04/06	175.90	188.40	173.41	178.91	5199925	1883940864.00
2017/04/07	176.19	182.40	172.41	172.90	3589324	1268593280.00
2017/04/10	168.90	168.90	159.40	159.60	3585652	1183636224.00
2017/04/11	157.45	161.80	152.75	157.12	3734659	1177319040.00
2017/04/12	153.90	156.40	148.58	149.90	3396381	1035687488.00
2017/04/13	150.65	157.65	150.65	152.25	2320626	719618496.00
2017/04/14	150.00	158.40	147.75	154.90	1954212	606406208.00
2017/04/17	149.40	156.87	146.90	150.40	1863000	568682688.00
2017/04/18	149.40	155.40	149.40	151.90	1296684	398386528.00
2017/04/19	151.73	166.94	151.73	161.30	2315785	742286528.00
2017/04/20	161.35	166.06	158.06	163.50	1985420	645382464.00
2017/04/21	161.85	163.05	158.91	159.30	1028402	330725760.00
2017/04/24	158.48	159.30	150.40	155.40	1372785	427281216.00
2017/04/25	155.87	167.54	153.41	164.46	1982732	646374848.00
2017/04/26	163.41	166.40	158.89	161.40	1708663	557699008.00
2017/04/27	163.40	177.60	162.04	177.60	3340151	1135545344.00
2017/04/28	175.34	179.38	174.12	176.66	1648974	584785280.00
2017/05/02	176.75	178.80	170.41	171.53	1439931	500594240.00
2017/05/03	170.85	173.65	154.32	160.38	3962356	1279700480.00
2017/05/04	156.89	160.13	153.65	155.29	1596621	501997696.00
2017/05/05	153.91	158.15	153.44	154.46	1013976	317586272.00
2017/05/08	153.73	157.80	153.40	153.47	987714	308490304.00
2017/05/09	151.90	156.97	150.90	156.78	1042650	323053728.00
2017/05/10	156.86	160.70	152.46	152.90	1288397	407307360.00
2017/05/11	152.40	163.18	151.90	161.40	1933119	617583424.00
2017/05/12	160.00	160.90	153.30	155.60	1526387	479694208.00
2017/05/15	155.75	155.85	151.23	152.55	921849	284213440.00
2017/05/16	152.57	159.40	151.39	159.40	1180144	368071872.00
2017/05/17	158.90	167.84	158.85	161.00	1585630	519221248.00
2017/05/18	159.40	161.84	153.33	154.99	1335339	420293920.00
2017/05/19	154.39	156.53	153.07	155.03	840885	260885968.00
2017/05/22	154.90	155.29	147.65	148.91	1381799	419038848.00
2017/05/23	147.65	151.34	143.40	147.73	1260322	374820096.00
2017/05/24	146.91	150.74	146.05	149.90	881307	263771488.00
2017/05/25	149.90	149.90	143.40	147.40	1205395	354268096.00
2017/05/26	147.07	148.80	144.25	145.71	697047	205075552.00
2017/05/31	149.90	153.27	146.66	146.85	1192353	360720768.00
2017/06/01	144.41	147.65	143.90	143.95	769549	224360608.00
2017/06/02	143.90	147.65	140.92	146.22	937752	271276512.00
2017/06/05	147.66	151.29	146.51	147.93	902129	269694368.00
2017/06/06	146.90	148.40	145.45	147.94	536757	158490256.00
2017/06/07	147.40	154.00	147.29	152.68	1240113	377385344.00
2017/06/08	152.39	153.72	149.65	151.35	1021108	310350784.00
2017/06/09	151.35	152.59	150.50	152.30	583305	177656608.00
2017/06/12	150.90	150.90	146.70	148.29	882374	262642592.00
2017/06/13	147.90	151.23	147.40	150.28	607381	183059056.00
2017/06/14	150.15	163.15	149.99	158.04	2019481	638469632.00
2017/06/15	157.40	160.84	157.07	158.27	1205180	384631968.00
2017/06/16	159.40	160.74	158.00	159.41	763001	244072944.00
2017/06/19	160.30	160.69	156.95	157.79	753984	239573072.00
2017/06/20	158.41	160.30	155.40	155.80	717323	227865376.00
2017/06/21	155.91	157.79	154.67	157.55	561948	175797536.00
2017/06/22	157.40	159.84	154.90	154.99	727755	229920144.00
2017/06/23	154.15	160.09	154.15	159.75	1081414	342697312.00
2017/06/26	159.54	160.60	157.55	159.78	998535	318858080.00
2017/06/27	159.51	164.30	157.65	158.10	1190177	383709440.00
2017/06/28	156.95	157.28	152.05	152.42	1234242	381139872.00
2017/06/29	152.40	153.40	150.40	151.03	851487	258857920.00
2017/06/30	150.40	152.15	149.80	151.38	668875	203246416.00
2017/07/03	151.15	153.74	150.42	152.75	660909	202354176.00
2017/07/04	152.90	153.84	150.97	152.95	501510	153273280.00
2017/07/05	152.90	152.90	146.40	148.23	1681538	500569504.00
2017/07/06	148.36	148.68	146.40	147.78	722144	213563424.00
2017/07/07	148.15	157.30	148.15	157.22	2160383	668835520.00
2017/07/10	155.60	156.30	151.65	152.38	1098145	337959712.00
2017/07/11	155.23	156.23	148.90	149.88	1621007	492298752.00
2017/07/12	149.52	151.40	146.90	151.20	866737	259064144.00
2017/07/13	150.40	151.17	147.30	147.91	665028	197973424.00
2017/07/14	147.92	150.15	147.23	147.90	607007	181142160.00
2017/07/17	146.65	146.65	134.90	135.23	1527008	426839584.00
2017/07/18	135.04	137.60	134.40	136.40	639704	174725792.00
2017/07/19	135.40	135.90	128.68	134.37	1062206	282583680.00
2017/07/20	133.52	135.70	132.90	133.16	677777	183005024.00
2017/07/21	133.89	133.89	130.34	131.10	592007	156513792.00
2017/07/24	130.15	132.54	127.00	131.60	970751	251845008.00
2017/07/25	131.05	133.62	129.91	132.99	589500	156835840.00
2017/07/26	133.45	136.89	132.74	134.34	629921	171099328.00
2017/07/27	134.90	142.65	133.43	141.76	1198828	336373376.00
2017/07/28	140.93	142.15	138.84	138.85	627559	177052816.00
2017/07/31	138.35	138.65	136.90	138.08	494073	136700800.00
2017/08/01	138.37	144.40	138.37	141.36	737625	210659520.00
2017/08/02	140.46	141.89	138.15	138.46	500400	140589120.00
2017/08/03	138.05	141.19	137.93	139.16	506622	142050960.00
2017/08/04	139.45	143.40	139.17	139.91	540114	153009552.00
2017/08/07	138.90	141.59	131.90	131.90	1123021	307265184.00
2017/08/08	131.45	132.30	128.63	131.28	883088	230641552.00
2017/08/09	131.41	132.79	130.40	130.64	437072	115436216.00
2017/08/10	130.41	131.88	128.35	130.00	514995	134352672.00
2017/08/11	129.70	131.76	128.24	130.30	507945	133311088.00
2017/08/14	129.75	132.73	129.75	132.33	500418	132469656.00
2017/08/15	132.40	132.64	128.34	128.90	896648	234094544.00
2017/08/16	128.90	136.39	128.40	134.45	1254451	336134272.00
2017/08/17	133.85	136.90	132.20	135.29	848136	229041456.00
2017/08/18	134.40	134.40	132.91	133.12	334600	89834064.00
2017/08/21	134.25	136.04	132.91	135.42	353400	95869856.00
2017/08/22	135.80	137.87	135.25	135.96	519396	142571504.00
2017/08/23	135.40	137.34	134.40	135.84	314125	85727864.00
2017/08/24	135.40	136.65	133.60	133.93	385563	104669208.00
2017/08/25	133.91	140.56	133.91	140.20	882411	244197872.00
2017/08/28	141.90	146.69	139.95	140.05	2079764	594600128.00
2017/08/29	141.40	144.38	140.40	142.79	1363985	390124608.00
2017/08/30	142.83	143.15	141.05	141.10	739679	210670784.00
2017/08/31	141.90	148.88	141.45	145.25	1662296	485375808.00
2017/09/01	145.50	149.15	144.41	149.15	1238188	365308864.00
2017/09/04	149.65	152.40	147.04	148.47	1162453	349647168.00
2017/09/05	147.85	149.45	146.54	149.40	782286	232952992.00
2017/09/06	149.40	157.15	148.83	156.77	1612589	498872448.00
2017/09/07	158.40	159.27	154.66	155.07	1110483	348802272.00
2017/09/08	154.38	157.30	151.89	156.15	1122938	347344192.00
2017/09/11	156.40	160.39	154.89	160.39	1274388	404857280.00
2017/09/12	158.70	159.20	154.45	154.45	1177584	369729696.00
2017/09/13	154.40	155.50	152.66	155.40	611140	189082464.00
2017/09/14	155.12	156.84	152.90	156.23	636569	198023808.00
2017/09/15	155.66	156.23	152.40	153.05	462497	143031152.00
2017/09/18	152.40	154.90	151.41	154.54	474626	146229488.00
2017/09/19	154.40	154.40	149.34	149.97	898442	273383552.00
2017/09/20	149.39	149.40	147.40	149.26	682931	203756352.00
2017/09/21	148.50	151.63	146.96	147.29	615155	184567952.00
2017/09/22	148.41	151.15	145.90	150.68	822189	245777856.00
2017/09/25	150.90	151.45	149.45	149.62	635861	191726720.00
2017/09/26	149.62	150.90	148.45	150.33	624232	187450336.00
2017/09/27	150.40	151.15	147.00	149.65	579625	173589680.00
2017/09/28	149.99	150.19	147.40	147.70	655481	196168320.00
2017/09/29	74.32	80.39	73.82	76.32	4159238	647808256.00
2017/10/09	76.80	76.80	72.85	73.69	2521212	376409216.00
2017/10/10	73.00	73.64	71.40	73.41	2100248	306978208.00
2017/10/11	73.35	73.89	71.90	72.19	1371990	201425312.00
2017/10/12	71.85	71.95	69.65	70.15	1806994	258117168.00
2017/10/13	70.40	71.69	69.71	70.86	1202730	172145984.00
2017/10/16	71.30	72.89	69.73	70.52	1594466	229705840.00
2017/10/17	70.46	72.05	70.46	71.05	1093574	157435472.00
2017/10/18	71.10	72.14	70.20	70.28	1063000	152408480.00
2017/10/19	70.32	70.32	68.32	68.53	1227200	170693008.00
2017/10/20	68.32	69.85	68.32	69.66	683284	95499304.00
2017/10/23	69.66	70.19	69.17	69.90	637278	89661776.00
2017/10/24	70.02	73.40	70.01	72.17	1928288	280939200.00
2017/10/25	71.95	72.79	71.40	72.53	1060864	154427184.00
2017/10/26	73.45	74.15	72.53	72.90	1455630	215061536.00
2017/10/27	72.90	75.49	72.69	74.98	2046045	306257792.00
2017/10/30	74.90	75.68	71.63	71.88	2270900	337290496.00
2017/10/31	71.91	73.15	71.90	73.03	1413236	206833728.00
2017/11/01	72.80	76.80	72.45	76.40	3008214	457337984.00
2017/11/02	75.85	76.20	74.31	74.98	2085197	316436480.00
2017/11/03	74.88	75.70	74.30	74.89	1250254	188757776.00
2017/11/06	75.43	75.88	73.15	73.92	1893320	283202464.00
2017/11/07	73.66	73.89	71.29	72.14	2084046	303305312.00
2017/11/08	72.01	72.97	71.65	71.68	1573277	228613696.00
2017/11/09	71.69	73.13	71.40	72.98	1701055	248457520.00
2017/11/10	72.99	73.15	71.90	72.65	1382118	202031488.00
2017/11/13	72.73	77.45	72.49	77.38	3588767	546839168.00
2017/11/14	77.30	78.65	75.80	76.15	3053135	473408128.00
2017/11/15	76.25	78.70	75.60	77.41	2714917	422444480.00
2017/11/16	76.46	77.02	75.20	76.08	2038976	312398400.00
2017/11/17	75.95	76.40	70.90	70.90	3091724	454474112.00
2017/11/20	70.10	71.88	69.40	71.66	1326167	189370272.00
2017/11/21	71.55	72.60	70.96	71.64	1088908	157386640.00
2017/11/22	71.69	72.30	69.55	70.20	1121867	160659104.00
2017/11/23	70.22	70.34	65.90	66.03	2123398	290118240.00
2017/11/24	66.04	66.82	65.91	66.15	871734	116695272.00
2017/11/27	65.06	65.80	63.80	64.17	1107600	144384384.00
2017/11/28	64.71	66.40	64.46	66.35	914226	120787160.00
2017/11/29	66.34	66.34	64.60	65.47	683832	90156952.00
2017/11/30	65.65	67.71	65.47	66.65	1032656	139639344.00
2017/12/01	66.16	67.05	65.56	66.90	709546	95172480.00
2017/12/04	66.90	66.90	63.93	64.01	1229908	161003072.00
2017/12/05	64.05	64.87	62.90	63.40	779158	100643832.00
2017/12/06	63.69	64.78	63.45	64.75	705500	91576624.00
2017/12/07	64.55	65.63	63.99	65.19	686848	89978264.00
2017/12/08	65.15	66.39	65.00	65.90	665400	88622760.00
2017/12/11	66.35	66.71	65.56	66.29	738498	98883248.00
2017/12/12	66.15	66.15	64.95	64.98	555200	73378744.00
2017/12/13	64.98	65.89	64.84	65.30	516700	68226200.00
2017/12/14	65.40	65.64	64.16	64.54	614234	80052448.00
2017/12/15	64.60	65.35	64.27	64.45	565000	73964896.00
2017/12/18	63.92	64.80	63.92	64.16	431650	55948756.00
2017/12/19	63.96	64.89	63.96	64.60	328700	42863524.00
2017/12/20	64.95	66.85	64.95	66.35	1207974	161808048.00
2017/12/21	66.41	67.61	65.91	66.84	836075	113177408.00
2017/12/22	66.65	67.72	66.30	67.15	599950	81250192.00
2017/12/25	67.34	67.49	65.61	66.03	473654	63363524.00
2017/12/26	65.90	67.20	65.66	66.90	523300	70454416.00
2017/12/27	66.85	67.13	66.03	66.05	503400	67529056.00
2017/12/28	66.20	67.14	65.16	65.86	1073036	142941648.00
2017/12/29	65.94	66.56	65.41	66.05	842200	112225200.00
2018/01/02	66.36	66.89	66.05	66.76	572975	76960520.00
2018/01/03	66.53	67.40	66.49	67.39	815711	110246288.00
2018/01/04	67.22	67.35	66.71	66.79	537904	72682288.00
2018/01/05	66.75	67.34	66.64	66.77	564700	76325560.00
2018/01/08	66.75	66.75	64.50	64.91	1135764	149208064.00
2018/01/09	64.91	65.27	64.24	64.45	720275	93699328.00
2018/01/10	64.30	64.80	63.64	64.17	641576	82708624.00
2018/01/11	63.99	65.20	63.51	64.90	593921	77508920.00
2018/01/12	65.08	65.53	64.62	64.74	527045	69140296.00
2018/01/15	64.51	64.51	60.12	60.20	1866191	233156960.00
2018/01/16	59.39	61.25	59.00	59.40	954640	115785360.00
2018/01/17	59.19	61.19	58.83	60.05	1094855	132750704.00
2018/01/18	60.50	60.85	59.65	59.93	1011478	122834976.00
2018/01/19	59.21	59.87	59.21	59.49	804944	96763328.00
2018/01/22	60.08	60.10	57.68	59.49	1050005	124692912.00
2018/01/23	59.24	59.78	58.74	59.19	691311	82796792.00
2018/01/24	59.25	61.89	58.65	61.33	1328617	162710544.00
2018/01/25	60.91	62.15	60.10	60.35	1060970	131255872.00
2018/01/26	60.40	60.67	59.39	59.44	757200	91766848.00
2018/01/29	59.15	59.39	58.25	58.45	773812	91642680.00
2018/01/30	58.20	59.20	58.18	58.80	474167	56338028.00
2018/01/31	58.51	58.51	56.23	56.23	1031048	119229640.00
2018/02/01	56.09	56.80	52.70	53.59	1157483	127763632.00
2018/02/02	53.54	53.79	51.65	51.85	925873	98989552.00
2018/02/05	51.15	51.89	49.40	51.83	929722	95602000.00
2018/02/06	50.90	51.19	49.16	49.16	1004108	101643888.00
2018/02/07	50.60	50.82	48.80	49.95	910951	92012144.00
2018/02/08	49.53	50.82	49.53	50.22	591225	60398988.00
2018/02/09	48.80	50.04	48.59	49.08	795434	79136704.00
2018/02/12	49.54	52.65	49.53	51.87	1061849	110454776.00
2018/02/13	52.20	56.40	51.92	55.39	1695494	186982368.00
2018/02/14	54.99	55.43	53.69	55.05	654545	72146288.00
2018/02/22	55.45	56.04	54.52	55.18	450623	50273216.00
2018/02/23	54.90	55.68	53.91	55.44	581535	64379048.00
2018/02/26	55.91	58.20	55.19	57.84	1007661	115961936.00
2018/02/27	57.90	58.80	56.85	56.87	863541	100597080.00
2018/02/28	56.75	58.49	55.95	57.25	1012175	117943840.00
2018/03/01	57.25	58.56	56.55	58.41	1025171	120177528.00
2018/03/02	57.87	59.40	57.66	58.35	751275	89010552.00
2018/03/05	58.44	60.12	58.21	60.08	1006467	120698768.00
2018/03/06	60.10	66.15	60.08	64.06	3211205	420163424.00
2018/03/07	63.73	65.42	62.89	62.90	1511370	195349120.00
2018/03/08	63.87	64.45	62.25	62.54	974247	124041640.00
2018/03/09	62.70	66.10	62.35	65.98	2222575	290700864.00
2018/03/12	66.15	67.80	66.05	66.99	2157040	291205472.00
2018/03/13	66.90	67.04	65.41	66.15	1104190	147516528.00
2018/03/14	65.39	66.00	64.34	64.40	1114291	147034448.00
2018/03/15	64.40	65.53	62.71	64.69	1092060	141400912.00
2018/03/16	64.32	65.88	64.16	64.41	704000	92556000.00
2018/03/19	64.26	67.55	64.16	65.94	1107706	148796688.00
2018/03/20	65.78	67.69	65.40	66.54	1159400	155916224.00
2018/03/21	66.89	67.00	63.24	63.25	1168400	153574496.00
2018/03/22	63.44	66.65	63.44	66.00	1498224	197066544.00
2018/03/23	63.85	63.85	59.34	59.34	2008500	249806816.00
2018/03/26	57.43	59.34	55.84	59.18	1981691	230679760.00
2018/03/27	59.90	63.49	59.90	62.65	1528935	191303600.00
2018/03/28	61.15	62.73	60.90	61.31	757700	94394768.00
2018/03/29	61.90	62.10	59.22	59.65	1360554	165241424.00
2018/03/30	60.00	63.59	60.00	63.12	1837196	231487680.00
2018/04/02	63.89	66.09	63.35	63.86	1660302	216179664.00
2018/04/03	62.62	63.85	60.26	61.77	1718718	214205008.00
2018/04/04	62.90	67.10	62.89	64.32	2985582	394084480.00
2018/04/09	64.33	64.67	61.78	63.20	1711280	217829872.00
2018/04/10	64.59	68.28	64.15	67.85	3157859	426921312.00
2018/04/11	67.90	68.69	67.17	68.00	1810838	249048048.00
2018/04/12	68.20	70.75	67.80	68.46	2150998	301776960.00
2018/04/13	68.85	69.60	67.74	68.89	1022546	141591936.00
2018/04/16	68.15	74.50	67.90	72.90	2445235	357114176.00
2018/04/17	73.40	73.60	68.49	68.82	2048343	293099456.00
2018/04/18	68.40	70.78	66.12	69.28	1663915	229099232.00
2018/04/19	68.90	74.40	68.84	71.82	1734321	253155152.00
2018/04/20	71.40	71.51	67.59	67.71	2086458	289276608.00
2018/04/23	67.92	68.98	65.70	67.30	1085591	145622848.00
2018/04/24	67.70	70.25	67.10	69.66	1042821	145437008.00
2018/04/25	73.37	75.32	70.44	70.89	2477146	360184896.00
2018/04/26	70.80	72.74	70.35	70.41	1193935	172024560.00
2018/04/27	71.06	71.65	68.45	70.99	1018904	144583072.00
2018/05/02	70.65	72.65	69.00	70.05	1035531	147942768.00
2018/05/03	70.05	71.51	68.19	71.33	947806	133517304.00
2018/05/04	71.34	71.55	68.80	68.95	1064546	150381920.00
2018/05/07	69.29	70.84	67.85	70.37	1074017	151204784.00
2018/05/08	70.13	71.05	69.35	70.80	843103	119355336.00
2018/05/09	70.85	72.82	70.50	72.10	1130527	163748416.00
2018/05/10	71.91	72.62	70.84	71.95	817584	118118048.00
2018/05/11	72.25	72.56	69.40	70.00	1106035	158141488.00
2018/05/14	69.47	71.58	69.47	70.93	879735	126128472.00
2018/05/15	70.90	72.25	70.66	72.20	758941	109387568.00
2018/05/16	71.65	72.19	70.90	70.95	820182	117996648.00
2018/05/17	71.04	71.40	70.40	70.68	693175	98908304.00
2018/05/18	70.83	71.10	69.25	70.20	822385	115839664.00
2018/05/21	71.02	73.40	70.86	73.02	1729757	252860032.00
2018/05/22	72.82	75.15	72.58	74.37	1956412	293139936.00
2018/05/23	74.54	76.99	74.40	75.77	1851064	283689280.00
2018/05/24	76.29	76.89	74.90	75.29	1236992	188865616.00
2018/05/25	74.98	75.84	71.23	71.80	2015998	295837120.00
2018/05/28	34.95	35.24	33.00	33.96	3045152	210746112.00
2018/05/29	34.15	35.60	33.65	34.78	2691156	190759872.00
2018/05/30	33.65	34.24	32.80	33.21	2618848	178089296.00
2018/05/31	33.81	34.07	32.31	32.96	2250744	151370944.00
2018/06/01	32.65	33.55	32.02	32.61	1593860	106517560.00
2018/06/04	32.94	32.94	31.73	32.62	1359259	89617280.00
2018/06/05	32.59	33.77	32.41	33.72	1644112	111759912.00
2018/06/06	33.52	34.72	33.40	34.29	1753577	122320736.00
2018/06/07	34.33	34.40	33.27	33.29	1325082	90917352.00
2018/06/08	33.05	33.74	32.86	33.30	917370	62183640.00
2018/06/11	33.60	33.60	32.48	32.64	975595	65233692.00
2018/06/12	32.70	33.21	30.93	32.40	2237988	144918528.00
2018/06/13	32.14	32.73	31.23	32.10	1733083	112929952.00
2018/06/14	31.68	32.39	31.61	32.09	1050879	68432368.00
2018/06/15	32.05	32.09	31.50	32.01	1323010	85837040.00
2018/06/19	31.38	31.38	28.75	28.75	2931101	178155232.00
2018/06/20	28.69	30.11	28.42	29.90	1659116	100033216.00
2018/06/21	29.95	30.22	29.02	29.41	1148380	69212456.00
2018/06/22	29.64	30.28	29.10	30.17	1174521	71278568.00
2018/06/25	30.40	30.80	30.11	30.41	970763	60189716.00
2018/06/26	30.15	31.53	29.51	31.32	1546740	97872456.00
2018/06/27	31.35	31.64	31.04	31.30	1101997	70345576.00
2018/06/28	31.38	31.92	31.09	31.29	880010	56614208.00
2018/06/29	31.33	32.65	31.33	32.36	1233640	80834656.00
2018/07/02	32.36	32.40	31.58	31.89	1049371	68323152.00
2018/07/03	31.98	33.05	31.46	32.98	1645485	108395312.00
2018/07/04	32.75	32.80	30.91	31.55	1377733	89734304.00
2018/07/05	31.41	31.99	30.80	30.85	1109321	70855512.00
2018/07/06	31.31	31.84	29.98	31.05	1478289	93590000.00
2018/07/09	31.05	32.30	31.05	32.21	975885	63423332.00
2018/07/10	32.20	33.05	31.99	32.94	1295198	85948936.00
2018/07/11	31.80	31.80	30.00	31.03	2819357	177176960.00
2018/07/12	31.05	32.85	31.03	32.22	2372667	154785504.00
2018/07/13	32.27	33.84	32.26	33.81	2947115	199262384.00
2018/07/16	34.15	34.47	33.40	33.57	1630701	112401880.00
2018/07/17	33.57	34.65	33.57	34.05	1883510	131227912.00
2018/07/18	33.89	35.59	33.89	34.36	2613872	186460480.00
2018/07/19	34.27	35.25	34.03	34.21	1543850	108302272.00
2018/07/20	34.20	35.06	33.58	34.89	1494435	104560080.00
2018/07/23	34.85	35.51	34.28	35.19	1469374	104455568.00
2018/07/24	34.90	35.14	34.18	34.41	2003666	140697024.00
2018/07/25	34.50	35.28	34.26	34.52	1554453	110327968.00
2018/07/26	34.53	34.88	33.04	33.15	2303510	156721088.00
2018/07/27	33.15	33.65	32.66	33.20	1437101	97272296.00
2018/07/30	33.25	33.70	32.28	32.30	1288304	85687792.00
2018/07/31	32.25	32.49	31.16	31.73	1364731	88355240.00
2018/08/01	31.90	32.35	31.18	31.20	1182139	76445096.00
2018/08/02	31.27	31.28	29.41	30.05	1873412	114541208.00
2018/08/03	30.06	30.24	29.33	29.58	1237527	75171608.00
2018/08/06	29.39	29.90	28.58	28.62	1856827	110700576.00
2018/08/07	28.90	29.80	28.61	29.70	3028056	179766528.00
2018/08/08	29.62	30.11	28.95	29.17	1352943	81479880.00
2018/08/09	29.18	30.66	28.85	30.23	1910475	117778688.00
2018/08/10	30.19	30.69	30.18	30.46	1230058	76450576.00
2018/08/13	30.01	31.64	29.95	31.19	2206694	139297184.00
2018/08/14	30.98	31.35	30.74	30.88	1221909	77335608.00
2018/08/15	30.87	31.10	29.71	30.06	1368837	84304808.00
2018/08/16	29.82	30.59	29.48	30.08	1090555	67315208.00
2018/08/17	30.21	30.85	29.40	29.54	1170200	71818976.00
2018/08/20	29.40	30.44	29.25	30.38	1280878	77857616.00
2018/08/21	30.35	30.90	30.11	30.80	1014220	63432008.00
2018/08/22	30.81	30.82	29.88	30.10	853871	52730572.00
2018/08/23	30.24	31.00	30.09	30.86	1319649	82472744.00
2018/08/24	30.80	30.80	30.12	30.30	1099243	68102488.00
2018/08/27	30.40	31.50	29.79	31.10	1697724	106682472.00
2018/08/28	31.09	31.35	30.61	30.82	1124901	70884272.00
2018/08/29	30.49	30.84	30.35	30.39	502693	31264932.00
2018/08/30	30.33	30.63	29.18	29.38	1548875	93621912.00
2018/08/31	29.34	30.20	29.34	29.60	1054066	64091356.00
2018/09/03	29.40	30.40	29.40	29.96	919480	56158660.00
2018/09/04	29.80	30.58	29.70	30.39	1032884	63741064.00
2018/09/05	30.39	30.49	29.65	29.73	769847	47109468.00
2018/09/06	29.70	30.00	29.27	29.43	956241	57659960.00
2018/09/07	29.70	29.83	28.66	28.90	888559	52867956.00
2018/09/10	28.75	29.12	28.17	28.27	885147	51785324.00
2018/09/11	28.21	29.07	28.21	28.70	859228	50351700.00
2018/09/12	28.60	29.14	28.59	28.84	646737	38068148.00
2018/09/13	29.16	30.00	29.15	29.62	1275922	76915888.00
2018/09/14	29.67	29.74	29.30	29.43	679987	40927932.00
2018/09/17	29.32	29.38	28.61	28.88	875564	51724488.00
2018/09/18	28.88	29.05	27.60	28.61	1648891	95128816.00
2018/09/19	28.20	29.12	27.62	28.60	1554265	89858416.00
2018/09/20	28.47	28.85	28.15	28.19	770766	44684272.00
2018/09/21	28.19	29.09	28.13	29.03	1192384	70024056.00
2018/09/25	29.08	30.38	28.79	29.99	1755929	106684920.00
2018/09/26	30.12	30.29	29.80	30.03	1044274	64088640.00
2018/09/27	30.02	30.37	29.74	29.81	885724	54277324.00
2018/09/28	29.90	30.05	29.19	29.94	629478	38252336.00
2018/10/08	29.40	29.40	28.43	28.46	1406698	82795616.00
2018/10/09	28.44	29.09	28.44	28.86	750809	44235600.00
2018/10/10	28.85	29.50	28.75	29.38	775800	46412096.00
2018/10/11	28.44	29.25	27.80	27.93	1390434	80835744.00
2018/10/12	28.39	28.93	28.03	28.83	1176349	68827368.00
2018/10/15	28.97	29.99	28.93	29.14	1528351	92031080.00
2018/10/16	29.10	29.64	28.41	28.75	1205324	71747416.00
2018/10/17	29.03	29.75	28.44	29.55	1315091	78444056.00
2018/10/18	29.48	29.73	28.91	29.35	951927	57033724.00
2018/10/19	28.71	30.40	28.65	30.29	1855590	112778232.00
2018/10/22	30.63	32.43	30.61	31.94	2401702	154543808.00
2018/10/23	31.76	32.10	31.15	31.70	1269800	81703768.00
2018/10/24	31.49	32.05	31.21	31.95	1355590	87661880.00
2018/10/25	31.16	31.95	30.95	31.80	1369389	87897080.00
2018/10/26	31.99	32.38	30.62	31.05	1684799	107280848.00
2018/10/29	31.35	32.65	30.46	31.90	3037717	197459760.00
2018/10/30	32.00	33.00	31.25	32.70	2079720	137438704.00
2018/10/31	32.33	33.20	32.23	32.90	1869943	124916728.00
2018/11/01	33.19	33.34	32.42	32.71	1923788	129169888.00
2018/11/02	33.71	35.83	33.71	35.10	4321870	304829280.00
2018/11/05	34.95	35.30	34.00	34.68	2183223	153954832.00
2018/11/06	34.66	34.74	33.89	34.55	1388592	96741432.00
2018/11/07	34.55	34.88	33.98	34.40	1540650	107823064.00
2018/11/08	34.65	35.05	33.89	34.02	1235155	86654776.00
2018/11/09	33.83	35.00	33.75	34.40	1324827	92727088.00
2018/11/12	34.19	35.95	34.19	35.73	1735741	124835848.00
2018/11/13	35.40	36.43	35.24	35.70	1914272	140026816.00
2018/11/14	35.56	36.45	35.16	35.91	1345015	97903944.00
2018/11/15	35.60	36.20	35.31	35.80	1141732	82852032.00
2018/11/16	35.72	36.57	35.51	35.54	1493017	109418808.00
2018/11/19	35.41	35.75	33.93	34.78	1895280	133077616.00
2018/11/20	34.55	35.29	34.03	34.15	1488610	104371664.00
2018/11/21	33.96	34.61	33.93	34.24	825800	57491744.00
2018/11/22	34.25	34.53	33.90	34.09	535700	37259916.00
2018/11/23	34.16	34.38	32.74	33.10	1413238	95580712.00
2018/11/26	33.09	33.33	32.49	33.16	720078	48375328.00
2018/11/27	33.54	33.94	33.34	33.75	871732	59696220.00
2018/11/28	33.75	34.19	33.52	34.09	772458	53455332.00
2018/11/29	34.39	34.39	32.91	32.91	887170	60593640.00
2018/11/30	32.91	33.39	32.40	33.37	639700	42920252.00
2018/12/03	34.50	35.83	34.50	35.66	2343549	168808560.00
2018/12/04	35.65	36.05	35.43	35.91	1403960	102440104.00
2018/12/05	35.53	36.04	35.20	35.65	1257034	90899632.00
2018/12/06	35.19	35.35	34.28	34.66	1189545	83930032.00
2018/12/07	34.79	35.57	34.76	35.06	729121	52109300.00
2018/12/10	35.25	36.00	34.90	35.84	1406790	102375000.00
2018/12/11	35.68	36.27	35.44	36.25	1337534	97878984.00
2018/12/12	36.26	36.40	35.83	36.04	1039377	76249888.00
2018/12/13	36.21	36.88	36.00	36.41	1208865	89603464.00
2018/12/14	36.35	37.35	36.04	36.47	1672196	124943608.00
2018/12/17	36.01	36.79	35.15	35.85	1301062	94498920.00
2018/12/18	35.91	36.34	35.40	35.96	793467	57976512.00
2018/12/19	36.38	36.65	35.79	35.95	927407	68332344.00
2018/12/20	35.42	36.36	35.42	36.21	719177	52672124.00
2018/12/21	36.40	36.88	36.06	36.55	837496	62072012.00
2018/12/24	36.57	37.03	36.00	36.97	1133371	83981760.00
2018/12/25	36.46	37.24	36.36	37.16	1541735	115236688.00
2018/12/26	37.29	37.99	36.99	37.59	1288522	98497496.00
2018/12/27	37.98	38.84	37.60	38.23	1570926	122422784.00
2018/12/28	38.28	38.50	37.35	38.23	1725697	133176288.00
2019/01/02	37.78	38.79	37.07	38.41	1185789	91697840.00
2019/01/03	37.90	38.58	37.43	37.76	1103813	85106800.00
2019/01/04	37.54	38.39	37.30	37.39	1054000	80745040.00
2019/01/07	37.39	39.09	37.32	39.09	1514862	118474112.00
2019/01/08	39.08	39.28	38.33	38.64	1164234	91454280.00
2019/01/09	38.90	38.90	37.65	37.76	1286084	100309584.00
2019/01/10	37.76	38.27	37.16	37.92	1008244	77409632.00
2019/01/11	37.92	38.62	37.67	38.35	726399	56515080.00
2019/01/14	38.33	38.50	37.10	37.94	973570	74922344.00
2019/01/15	37.90	38.49	37.56	38.34	666977	51705444.00
2019/01/16	38.39	38.65	37.90	37.99	818581	63695092.00
2019/01/17	37.54	38.05	34.16	36.18	4750820	349092352.00
2019/01/18	37.05	38.18	36.66	37.53	1687096	127845712.00
2019/01/21	37.68	37.89	36.83	37.10	1268019	96342976.00
2019/01/22	37.65	38.06	37.16	37.48	770569	58944384.00
2019/01/23	37.23	37.71	36.64	37.03	893135	66932692.00
2019/01/24	37.08	37.23	35.60	35.89	1580919	115724224.00
2019/01/25	35.95	37.68	35.89	36.96	1265200	94908872.00
2019/01/28	36.94	38.24	36.91	37.90	1388287	106777968.00
2019/01/29	38.09	38.09	36.41	37.64	927161	70348176.00
2019/01/30	37.20	37.39	36.36	36.40	1023125	76658568.00
2019/01/31	36.51	38.58	36.51	37.84	1173313	90275648.00
2019/02/01	37.83	38.72	37.83	38.46	1097155	85546296.00
2019/02/11	38.49	39.58	38.15	39.30	1468270	116301608.00
2019/02/12	39.65	39.99	39.15	39.74	1010428	81166176.00
2019/02/13	39.70	41.10	39.51	40.60	1275832	104688880.00
2019/02/14	40.12	40.38	39.70	40.11	877035	71278088.00
2019/02/15	40.11	40.75	39.66	40.05	689873	56454304.00
2019/02/18	39.83	41.05	39.83	40.91	1183700	97592992.00
2019/02/19	40.92	41.22	40.40	40.93	858641	71098208.00
2019/02/20	41.03	41.15	40.04	40.35	790940	64854620.00
2019/02/21	40.35	42.84	40.15	41.25	2069780	176284896.00
2019/02/22	41.10	42.40	40.86	42.01	1535188	128985056.00
2019/02/25	42.40	44.30	42.40	43.91	2138506	189003504.00
2019/02/26	43.44	45.15	43.41	43.77	2155271	192740672.00
2019/02/27	43.64	44.37	42.65	43.05	1107726	97990464.00
2019/02/28	43.34	45.04	43.05	43.89	1875299	168488464.00
2019/03/01	44.00	45.90	44.00	45.10	1298820	118438880.00
2019/03/04	45.56	49.39	45.56	49.33	2949546	287376992.00
2019/03/05	48.41	50.70	48.40	49.00	2129360	211274848.00
2019/03/06	49.40	50.40	48.05	49.02	1473142	146454192.00
2019/03/07	48.90	49.69	47.25	47.57	2073904	202243824.00
2019/03/08	46.74	48.57	46.72	46.92	1781548	172212752.00
2019/03/11	48.40	50.40	47.05	49.86	2000565	197356016.00
2019/03/12	49.97	50.84	48.90	50.16	1918544	193111664.00
2019/03/13	50.15	50.15	48.00	48.51	1461005	144083312.00
2019/03/14	48.59	49.82	46.85	47.60	1672559	164427520.00
2019/03/15	47.74	48.70	47.16	48.65	1092211	106348672.00
2019/03/18	48.30	48.99	47.56	48.72	1222428	119284440.00
2019/03/19	48.90	50.95	48.66	49.55	1564770	157959120.00
2019/03/20	49.40	50.80	47.58	49.35	1325002	131463344.00
2019/03/21	48.55	49.35	48.45	48.84	1031446	101950240.00
2019/03/22	48.84	48.98	47.40	48.10	1087550	105472904.00
2019/03/25	47.76	48.69	47.05	48.06	971217	94542520.00
2019/03/26	48.34	48.54	45.90	46.37	1394873	132211120.00
2019/03/27	46.85	46.90	45.59	46.65	851353	79972168.00
2019/03/28	46.82	47.68	46.50	46.75	958419	91774456.00
2019/03/29	47.15	48.30	46.36	48.15	1394918	133708208.00
2019/04/01	48.40	49.54	48.30	49.30	1470036	145680432.00
2019/04/02	49.81	49.81	47.51	47.65	2087573	203653504.00
2019/04/03	47.95	48.17	46.58	47.38	1388635	132417744.00
2019/04/04	47.65	48.15	47.27	47.85	1273588	123198592.00
2019/04/08	47.87	47.99	45.59	46.66	1407603	132423800.00
2019/04/09	46.60	48.60	45.90	48.56	1469612	141508592.00
2019/04/10	48.34	48.34	47.15	47.31	989866	95288008.00
2019/04/11	47.80	48.19	46.70	47.20	1139579	109494888.00
2019/04/12	47.01	47.50	46.05	47.33	836987	79007120.00
2019/04/15	47.69	48.10	46.25	46.26	1050629	100532272.00
2019/04/16	46.35	48.20	45.29	48.15	1487335	140878560.00
2019/04/17	47.84	50.80	47.35	49.20	2173168	218584224.00
2019/04/18	49.40	49.86	48.40	49.15	1021801	101886720.00
2019/04/19	51.90	54.13	51.90	54.13	3826916	418171040.00
2019/04/22	54.25	54.25	49.16	49.55	3444829	355852320.00
2019/04/23	50.40	50.65	48.91	49.18	1589502	160110080.00
2019/04/24	50.66	51.65	49.42	49.99	1977414	201928320.00
2019/04/25	50.28	52.85	50.15	51.05	2648509	276462720.00
2019/04/26	51.55	53.15	51.05	52.51	2090982	221186752.00
2019/04/29	52.55	55.30	52.40	52.62	1930786	208988048.00
2019/04/30	52.16	53.73	51.65	53.60	1240232	131752048.00
2019/05/06	50.99	50.99	48.20	48.65	2708557	270854272.00
2019/05/07	49.35	50.39	48.40	50.13	1674409	167374912.00
2019/05/08	48.90	51.14	48.42	49.33	1498591	151951312.00
2019/05/09	48.90	49.79	47.01	47.35	1669737	161975360.00
2019/05/10	48.00	50.98	47.41	50.90	2353779	236036976.00
2019/05/13	50.15	50.15	46.85	47.40	2957781	287025088.00
2019/05/14	46.90	47.58	45.65	47.20	1595746	151428640.00
2019/05/15	47.20	47.89	46.48	47.44	1698972	162571680.00
2019/05/16	47.64	47.64	46.30	46.40	1142369	107961608.00
2019/05/17	46.55	47.00	43.45	44.10	2207499	200725264.00
2019/05/20	44.20	44.65	42.19	44.00	2691341	236960400.00
2019/05/21	44.26	44.79	43.58	43.87	1844339	165014592.00
2019/05/22	43.87	44.25	42.94	43.45	1168692	103496872.00
2019/05/23	43.88	43.88	41.90	42.00	1233108	106376592.00
2019/05/24	41.83	42.99	41.76	42.35	1005123	86736608.00
2019/05/27	42.19	43.66	41.34	43.46	1434436	123306544.00
2019/05/28	43.55	43.71	42.60	42.85	1165596	102161760.00
2019/05/29	42.41	43.65	42.35	43.28	733783	64309504.00
2019/05/30	42.91	44.14	42.44	43.90	983020	86336584.00
2019/05/31	43.66	45.00	43.65	43.98	830318	74565392.00
2019/06/03	43.85	44.80	43.65	44.15	731757	65734076.00
2019/06/04	44.39	44.50	42.34	43.10	1253176	109962208.00
2019/06/05	43.41	44.75	43.41	43.90	1177673	105223376.00
2019/06/06	44.34	44.59	43.40	43.40	1141320	101657056.00
2019/06/10	42.83	45.05	42.83	44.35	1247708	111793936.00
2019/06/11	44.41	45.65	43.43	45.64	1556915	141607552.00
2019/06/12	45.15	45.50	44.66	44.75	1337334	121959728.00
2019/06/13	44.78	45.07	44.24	44.63	750386	67930176.00
2019/06/14	44.63	44.89	43.70	43.73	635139	56830856.00
2019/06/17	44.10	44.23	43.65	44.11	542098	48276768.00
2019/06/18	43.98	44.65	43.44	44.25	752454	67409816.00
2019/06/19	45.90	48.09	45.90	46.38	2015264	191681712.00
2019/06/20	46.42	47.73	45.91	47.62	1372064	130733816.00
2019/06/21	48.63	49.65	47.93	49.06	1428759	141249632.00
2019/06/24	49.05	50.34	48.90	49.33	1201975	121034056.00
2019/06/25	49.16	49.80	48.66	49.20	1213206	120734992.00
2019/06/26	49.40	50.07	48.90	50.04	973250	97839984.00
2019/06/27	49.90	53.24	49.66	52.29	1918185	200648400.00
2019/06/28	52.01	53.15	51.93	52.94	1069138	113776288.00
2019/07/01	54.40	58.29	54.35	58.29	3248329	375656256.00
2019/07/02	58.40	58.65	57.00	57.90	2362391	276059392.00
2019/07/03	58.08	59.08	55.95	56.62	1622272	187076016.00
2019/07/04	56.91	57.60	55.43	55.90	1697381	192635408.00
2019/07/05	56.40	56.54	54.50	55.84	1728787	193598096.00
2019/07/08	56.12	56.13	53.25	53.70	1580953	172182800.00
2019/07/09	53.12	54.88	52.51	53.20	2615892	139918880.00
2019/07/10	54.99	55.26	52.40	52.61	3372783	181261040.00
2019/07/11	53.50	55.54	53.50	54.18	3942498	214413920.00
2019/07/12	54.66	56.30	53.03	55.25	3051115	168022928.00
2019/07/15	55.25	57.32	54.23	56.88	3844014	215801984.00
2019/07/16	56.88	57.30	55.98	57.30	2490927	141532800.00
2019/07/17	57.12	57.12	56.01	56.60	1714556	96839376.00
2019/07/18	56.01	56.75	53.96	54.75	2430614	133581200.00
2019/07/19	54.80	56.41	54.47	54.57	2597928	143714288.00
2019/07/22	54.79	56.50	54.30	55.43	2905480	161231392.00
2019/07/23	54.94	55.38	53.39	54.87	2562295	139548608.00
2019/07/24	55.34	56.29	55.03	55.40	2467413	137395680.00
2019/07/25	55.41	59.00	55.35	58.00	4052932	232906848.00
2019/07/26	58.28	58.28	56.64	56.91	2490362	142341264.00
2019/07/29	57.04	59.36	56.45	59.12	3928055	230134624.00
2019/07/30	58.71	59.93	58.58	59.28	2569900	151900320.00
2019/07/31	59.02	60.60	58.63	59.99	2660929	159452016.00
2019/08/01	59.37	60.12	57.90	59.93	2490625	147516336.00
2019/08/02	57.90	57.96	54.20	56.47	6310370	355540224.00
2019/08/05	56.30	57.60	55.35	56.44	2954660	167702688.00
2019/08/06	53.00	56.19	53.00	55.56	3463650	191250688.00
2019/08/07	56.60	56.60	54.21	54.67	2748793	151000992.00
2019/08/08	54.25	55.65	54.25	54.80	1947490	107092600.00
2019/08/09	55.00	56.46	54.38	54.76	2795208	154887280.00
2019/08/12	54.58	56.55	54.36	56.48	2420195	134890304.00
2019/08/13	55.90	58.30	55.70	57.25	2956643	169486064.00
2019/08/14	58.50	59.33	57.58	58.40	3289552	192587104.00
2019/08/15	57.00	58.88	55.18	58.55	3719486	214465920.00
2019/08/16	58.92	59.48	57.89	58.75	2830956	166660576.00
2019/08/19	59.62	64.10	59.33	64.00	5871487	365710656.00
2019/08/20	64.49	64.49	61.75	62.48	4502409	282444576.00
2019/08/21	62.80	64.30	61.85	64.02	4138001	261204048.00
2019/08/22	63.50	64.40	62.01	63.30	3250560	204768256.00
2019/08/23	63.20	64.39	62.62	63.38	2743938	174713392.00
2019/08/26	61.70	62.50	60.40	62.08	4708417	290102880.00
2019/08/27	62.80	63.14	61.65	62.32	3224344	201306864.00
2019/08/28	62.39	63.58	62.01	62.70	2636091	165978512.00
2019/08/29	63.19	65.10	62.26	64.27	3684886	235859120.00
2019/08/30	64.50	64.90	61.70	62.10	4461424	279885472.00
2019/09/02	61.46	63.76	61.42	62.88	3092766	194788320.00
2019/09/03	63.16	64.93	63.02	64.77	3939272	252822304.00
2019/09/04	64.80	66.40	64.22	65.52	4166326	272857696.00
2019/09/05	66.35	66.44	64.72	64.87	4854148	316437472.00
2019/09/06	64.66	65.25	63.00	63.82	3730524	238376224.00
2019/09/09	64.59	65.88	63.73	65.71	3995941	259779632.00
2019/09/10	65.50	67.68	65.15	66.20	4331665	288272448.00
2019/09/11	67.00	67.00	64.06	64.65	3253870	212206528.00
2019/09/12	65.01	66.25	64.00	65.93	3170193	207441600.00
2019/09/16	66.30	67.30	65.11	66.82	2840700	189241184.00
2019/09/17	66.89	66.89	65.28	65.57	2395013	157856032.00
2019/09/18	65.57	66.50	65.00	65.75	2142878	140708096.00
2019/09/19	66.19	66.29	65.35	66.12	1819278	119825784.00
2019/09/20	66.23	69.58	66.10	67.93	5836385	397271104.00
2019/09/23	67.00	67.00	61.14	65.20	9551578	609223232.00
2019/09/24	63.77	65.54	63.67	64.69	4893893	315991008.00
2019/09/25	64.80	65.44	62.75	64.28	3790521	243009184.00
2019/09/26	64.90	64.90	62.09	62.65	3711601	234229248.00
2019/09/27	63.00	63.21	61.04	61.55	3754742	232604704.00
2019/09/30	61.95	62.76	60.08	60.69	2668184	163343120.00
2019/10/08	60.84	62.18	60.82	61.63	3275551	201678896.00
2019/10/09	61.15	62.73	60.55	62.15	2701206	167375104.00
2019/10/10	62.15	64.00	61.83	63.67	2423655	153603680.00
2019/10/11	63.94	69.45	63.21	68.70	6741314	453185280.00
2019/10/14	68.85	69.80	67.48	68.20	4319336	294708032.00
2019/10/15	68.18	69.28	67.51	68.40	2863362	196251984.00
2019/10/16	69.03	71.30	67.70	70.00	4824589	335898048.00
2019/10/17	69.99	70.93	69.01	69.73	2344484	163485856.00
2019/10/18	70.10	70.80	68.31	68.80	2480299	172426048.00
2019/10/21	69.17	70.18	68.18	69.14	2934181	203624000.00
2019/10/22	69.17	72.60	69.17	71.98	4104813	293830656.00
2019/10/23	71.91	72.48	70.50	70.80	2695162	191675920.00
2019/10/24	71.30	71.76	70.51	71.30	1909444	135988848.00
2019/10/25	71.36	72.26	70.88	71.92	1717283	123349872.00
2019/10/28	72.50	74.54	71.71	72.60	3090282	225169328.00
2019/10/29	73.22	73.32	71.88	72.31	2364324	171733056.00
2019/10/30	71.96	74.10	71.96	73.56	2193204	160740992.00
2019/10/31	73.79	74.21	71.58	72.47	2977928	216253744.00
2019/11/01	72.13	73.16	69.90	72.03	3170270	227350160.00
2019/11/04	72.50	73.78	71.66	72.63	2799650	204317136.00
2019/11/05	72.86	73.86	72.00	72.34	2320394	168069312.00
2019/11/06	72.43	72.85	70.71	70.87	2979735	212496544.00
2019/11/07	71.43	72.20	71.00	71.60	2269615	162571616.00
2019/11/08	71.82	72.25	70.35	70.68	2388910	169851248.00
2019/11/11	70.00	70.98	69.48	69.60	2027800	142191488.00
2019/11/12	69.56	69.97	68.08	69.78	2099972	145318784.00
2019/11/13	69.78	70.66	69.02	70.46	1759000	123191400.00
2019/11/14	70.97	71.08	69.21	69.91	2038416	142589776.00
2019/11/15	70.34	70.40	67.69	67.95	3214428	219646944.00
2019/11/18	68.47	68.63	67.40	68.19	2335405	159041552.00
2019/11/19	68.63	72.89	68.60	72.33	4877828	349837216.00
2019/11/20	72.50	73.23	71.81	72.75	2653981	192581248.00
2019/11/21	71.60	72.88	71.60	72.60	1573900	113674040.00
2019/11/22	72.96	73.10	69.50	69.69	2570253	182390224.00
2019/11/25	69.94	70.98	65.78	67.50	5471899	369789472.00
2019/11/26	68.49	71.96	68.01	71.71	6677841	473029248.00
2019/11/27	70.80	71.45	68.28	68.82	4119451	285613280.00
2019/11/28	68.44	69.49	68.15	68.76	1872552	128636984.00
2019/11/29	69.19	69.29	67.84	69.13	2077837	142346016.00
2019/12/02	69.76	71.30	68.01	70.20	2573910	180629280.00
2019/12/03	70.20	70.20	68.51	69.45	2016636	139217936.00
2019/12/04	69.27	70.45	68.44	69.97	2085876	145032560.00
2019/12/05	70.29	73.69	70.25	73.66	4735055	346243616.00
2019/12/06	73.89	74.98	73.08	74.97	3365996	249630512.00
2019/12/09	74.90	76.21	74.20	74.86	2439768	183431856.00
2019/12/10	74.74	75.31	74.10	75.19	2223071	166275888.00
2019/12/11	75.19	75.88	74.15	74.65	1678730	125216640.00
2019/12/12	75.17	75.45	74.21	74.49	1910926	142970112.00
2019/12/13	75.50	76.60	73.60	74.50	3558107	265532352.00
2019/12/16	74.70	75.50	74.16	75.21	2953413	221109456.00
2019/12/17	75.20	76.08	74.58	74.93	3304932	248146384.00
2019/12/18	75.00	75.13	72.60	72.92	3480069	255376656.00
2019/12/19	72.96	73.78	72.28	72.59	1949393	142100928.00
2019/12/20	72.78	72.99	72.00	72.30	1756902	127347280.00
2019/12/23	72.05	73.02	70.80	71.84	2318768	166432368.00
2019/12/24	71.45	72.20	70.58	72.13	2001965	142958800.00
2019/12/25	71.63	73.99	71.62	72.84	2243465	163834064.00
2019/12/26	73.00	74.36	72.82	73.98	2483559	183393808.00
2019/12/27	73.59	74.85	73.07	73.18	2462681	182326032.00
2019/12/30	72.40	73.18	70.81	72.68	2059332	148703392.00
2019/12/31	72.68	74.29	72.06	72.41	1532208	111742720.00
2020/01/02	73.13	74.48	72.50	74.01	2780388	205325392.00
2020/01/03	74.60	74.69	71.10	71.26	5151436	372124224.00
2020/01/06	69.88	73.86	69.60	72.26	3819440	277407776.00
2020/01/07	73.15	74.30	71.96	74.15	3114010	228814144.00
2020/01/08	73.83	74.50	72.48	73.20	2897861	212434368.00
2020/01/09	73.60	76.99	73.40	76.88	4772402	362425760.00
2020/01/10	77.38	79.00	75.88	76.80	2852084	219463952.00
2020/01/13	75.53	79.52	75.53	79.10	3178907	248991728.00
2020/01/14	80.21	82.26	79.68	80.40	3792241	307269792.00
2020/01/15	81.18	81.98	79.40	81.50	2605765	211438080.00
2020/01/16	81.24	83.76	81.24	82.70	2431332	201256832.00
2020/01/17	82.71	83.49	81.50	81.86	2291867	188298736.00
数据来源:通达信
