603803 瑞斯康达 日线 前复权
      日期	    开盘	    最高	    最低	    收盘	    成交量	    成交额
2017/04/20	16.04	19.34	16.04	19.34	22200	438342.00
2017/04/21	21.32	21.32	21.32	21.32	9670	210226.00
2017/04/24	23.49	23.49	23.49	23.49	15970	381843.00
2017/04/25	25.88	25.88	25.88	25.88	32735	860931.00
2017/04/26	28.51	28.51	28.51	28.51	83513	2416031.00
2017/04/27	31.40	31.40	29.16	31.40	20539132	631743360.00
2017/04/28	33.38	34.58	33.08	34.58	24147498	832294976.00
2017/05/02	33.15	33.36	31.46	32.36	23737601	776815104.00
2017/05/03	32.48	35.64	32.22	35.64	25794087	914041024.00
2017/05/04	34.08	37.44	32.08	36.01	29815973	1040277440.00
2017/05/05	33.98	35.04	32.37	32.37	17994262	610781888.00
2017/05/08	31.18	31.88	29.11	29.43	12391444	383818848.00
2017/05/09	29.13	30.81	29.08	30.07	9306417	284279232.00
2017/05/10	29.88	30.63	27.61	27.81	11004126	325536576.00
2017/05/11	27.34	28.75	26.36	28.21	9728629	269858752.00
2017/05/12	27.90	29.47	27.70	29.12	10461815	304286112.00
2017/05/15	28.66	29.07	28.28	28.35	7766417	225795088.00
2017/05/16	28.08	29.27	26.58	29.08	9178495	263464640.00
2017/05/17	29.03	29.83	28.60	28.63	9042610	266477472.00
2017/05/18	28.09	28.28	26.97	27.06	7749051	217175872.00
2017/05/19	27.18	27.43	26.39	26.62	4837597	131821408.00
2017/05/22	26.45	26.88	24.47	24.96	7570094	196005408.00
2017/05/23	24.59	25.06	23.40	23.44	6349880	155493168.00
2017/05/24	23.56	24.16	23.25	23.97	5229785	126731104.00
2017/05/25	23.86	24.08	22.78	23.75	5887180	140674016.00
2017/05/26	23.81	24.83	23.74	24.39	6761769	167039664.00
2017/05/31	25.57	26.25	24.33	24.39	7791733	200941104.00
2017/06/01	24.03	24.22	22.28	22.38	6034505	143563104.00
2017/06/02	22.26	23.43	21.98	23.24	4334293	100746088.00
2017/06/05	23.58	24.11	23.44	23.51	5258024	127156304.00
2017/06/06	23.35	23.55	23.04	23.45	3555503	84207256.00
2017/06/07	23.25	24.30	23.25	24.18	5988972	146016784.00
2017/06/08	24.08	24.22	23.43	23.71	5286787	128099664.00
2017/06/09	23.57	23.72	23.06	23.51	3048012	72522336.00
2017/06/12	23.08	23.08	22.13	22.24	4392529	100932384.00
2017/06/13	22.20	22.84	22.20	22.74	2817227	64995916.00
2017/06/14	22.59	22.76	22.37	22.50	2230567	51156320.00
2017/06/15	22.65	23.56	22.48	23.52	5817916	137750528.00
2017/06/16	23.45	23.68	23.10	23.24	3197852	75883128.00
2017/06/19	23.18	23.47	23.11	23.30	2090607	49545300.00
2017/06/20	23.48	23.53	23.20	23.30	2823630	67173392.00
2017/06/21	23.29	23.51	23.03	23.34	2938619	69628064.00
2017/06/22	23.32	23.47	22.49	22.50	3009655	70412512.00
2017/06/23	22.48	22.68	21.91	22.53	2903705	65998436.00
2017/06/26	22.47	22.97	22.36	22.84	2147527	49656288.00
2017/06/27	22.85	23.06	22.60	22.75	1732169	40330304.00
2017/06/28	22.73	22.73	22.20	22.32	2042625	46504644.00
2017/06/29	22.44	22.66	22.31	22.56	2046881	46951272.00
2017/06/30	22.38	22.93	22.30	22.75	2221498	51345872.00
2017/07/03	22.83	23.08	22.60	22.97	2258696	52678680.00
2017/07/04	22.98	23.77	22.82	23.69	4608730	109503368.00
2017/07/05	23.58	24.50	23.49	24.12	6723170	164910352.00
2017/07/06	24.00	24.29	23.53	23.94	4841899	117737328.00
2017/07/07	23.82	24.56	23.82	24.32	5482814	135598704.00
2017/07/10	24.06	24.06	23.19	23.45	4663386	111521152.00
2017/07/11	23.26	23.52	22.73	22.80	2955882	69430512.00
2017/07/12	22.80	23.04	22.45	23.03	2264142	52399112.00
2017/07/13	22.89	22.98	22.48	22.56	1930135	44618520.00
2017/07/14	22.60	22.86	22.39	22.51	1327029	30487938.00
2017/07/17	22.35	22.36	20.22	20.22	4908221	103632920.00
2017/07/18	19.63	20.23	19.46	19.92	3093064	62627504.00
2017/07/19	19.87	20.00	19.60	19.98	2314230	46925184.00
2017/07/20	20.00	20.45	19.90	20.16	2637190	54466736.00
2017/07/21	20.27	20.30	19.61	19.69	2067364	41952720.00
2017/07/24	19.46	19.81	19.16	19.62	2653948	52839856.00
2017/07/25	19.64	19.65	19.34	19.50	1544166	30738592.00
2017/07/26	19.40	19.58	19.16	19.25	1671479	32982188.00
2017/07/27	19.24	20.38	19.18	20.32	4851068	99191440.00
2017/07/28	20.17	20.30	19.88	19.98	2192730	45022636.00
2017/07/31	20.07	20.14	19.88	19.97	1151649	23491656.00
2017/08/01	19.99	20.08	19.73	19.94	1584640	32177496.00
2017/08/02	19.96	19.98	19.48	19.50	1931930	38762904.00
2017/08/03	19.44	19.93	19.44	19.74	1409972	28415844.00
2017/08/04	19.65	19.77	19.45	19.47	1492564	29833552.00
2017/08/07	19.48	19.67	19.47	19.57	1047400	20953004.00
2017/08/08	19.58	19.64	19.38	19.58	1275389	25438962.00
2017/08/09	19.58	19.62	19.50	19.55	897580	17933596.00
2017/08/10	19.56	19.62	19.28	19.31	1507946	29900584.00
2017/08/11	19.27	19.28	18.88	18.88	1859195	36145604.00
2017/08/14	18.83	20.32	18.80	19.94	4308770	86062896.00
2017/08/15	20.27	20.85	19.92	20.52	6800300	141766192.00
2017/08/16	20.58	20.58	20.00	20.29	3503919	72488360.00
2017/08/17	20.18	20.35	19.99	20.26	2712862	55884032.00
2017/08/18	20.05	20.14	19.91	19.95	1727677	35258928.00
2017/08/21	19.95	20.43	19.95	20.33	2517216	52064712.00
2017/08/22	20.09	20.56	20.09	20.31	2436560	50505936.00
2017/08/23	20.28	20.28	19.77	19.93	2487116	50775748.00
2017/08/24	19.95	20.26	19.80	19.89	2167812	44317688.00
2017/08/25	19.56	21.89	19.24	20.68	7825291	162866864.00
2017/08/28	21.08	21.42	20.43	21.12	7240842	154882576.00
2017/08/29	20.98	21.78	20.71	21.29	7441008	160639904.00
2017/08/30	21.00	23.28	20.91	22.39	11099444	254183104.00
2017/08/31	22.15	23.02	22.09	22.75	8802760	202499328.00
2017/09/01	22.75	22.75	22.04	22.14	5421726	123030896.00
2017/09/04	22.06	22.09	21.48	21.65	4191600	92838200.00
2017/09/05	21.48	22.29	21.48	22.18	3961898	88782368.00
2017/09/06	21.90	22.02	21.58	21.80	3554034	78773280.00
2017/09/07	21.75	22.13	21.53	21.58	3470145	77217344.00
2017/09/08	21.49	21.71	20.98	21.29	3137322	68359912.00
2017/09/11	21.20	21.85	21.20	21.78	2660315	58644540.00
2017/09/12	21.83	21.84	21.18	21.18	3254030	71008232.00
2017/09/13	21.14	21.31	21.08	21.20	1612739	34881072.00
2017/09/14	21.17	21.36	20.88	20.90	2279112	49004080.00
2017/09/15	20.90	21.07	20.73	20.82	1509048	32130344.00
2017/09/18	20.79	21.03	20.76	20.93	1248715	26565764.00
2017/09/19	20.95	21.29	20.93	21.16	2012865	43401672.00
2017/09/20	21.14	21.78	21.14	21.77	3754252	82557360.00
2017/09/21	21.80	22.04	21.38	21.41	3337658	73874552.00
2017/09/22	21.19	23.59	21.03	23.59	12452687	288511616.00
2017/09/25	23.88	25.16	23.60	23.84	19375245	481109184.00
2017/09/26	23.15	23.43	22.18	22.63	9998695	229977008.00
2017/09/27	22.31	24.94	22.04	24.94	13403180	324374976.00
2017/09/28	24.94	26.17	24.28	24.95	19445107	497776704.00
2017/09/29	24.88	26.25	24.58	25.27	14957025	387184960.00
2017/10/09	25.31	26.03	24.63	24.86	11692503	300165248.00
2017/10/10	24.54	25.18	23.88	25.11	9175705	227530192.00
2017/10/11	24.60	24.73	23.43	23.60	8863131	217308624.00
2017/10/12	23.61	24.50	23.61	23.96	6843258	167821312.00
2017/10/13	23.84	24.35	23.23	24.27	6097713	148582944.00
2017/10/16	24.03	24.23	23.01	23.23	4919306	118209864.00
2017/10/17	23.05	23.93	23.04	23.53	3865215	92756200.00
2017/10/18	23.56	24.45	23.33	23.80	5928146	144640064.00
2017/10/19	23.33	23.61	22.59	22.64	4806586	112592448.00
2017/10/20	22.58	23.03	22.41	22.92	2229115	51726024.00
2017/10/23	22.89	23.07	22.80	23.01	2492155	58250884.00
2017/10/24	23.03	23.05	22.10	22.58	3319981	76082864.00
2017/10/25	22.54	22.88	22.49	22.82	2186481	50632796.00
2017/10/26	23.03	24.03	22.93	23.82	7059211	169779184.00
2017/10/27	23.63	23.93	23.35	23.59	3675508	88221536.00
2017/10/30	23.16	23.37	21.63	21.81	4804935	108631400.00
2017/10/31	21.61	22.14	21.61	21.98	2470870	55138312.00
2017/11/01	21.79	22.33	21.79	21.99	2650739	59610488.00
2017/11/02	21.81	22.05	20.89	21.07	4272163	92116352.00
2017/11/03	21.18	21.23	20.48	20.80	2810204	59552480.00
2017/11/06	20.91	21.36	20.54	21.28	2518549	54044060.00
2017/11/07	21.19	21.22	20.78	21.03	2496774	53322480.00
2017/11/08	21.17	21.48	21.04	21.10	2800685	60781416.00
2017/11/09	21.12	21.43	21.00	21.32	2036985	44123712.00
2017/11/10	21.38	22.34	21.20	22.00	5202447	116364320.00
2017/11/13	21.91	22.02	21.62	21.78	3120999	69278952.00
2017/11/14	21.65	21.69	21.05	21.12	3227097	70052488.00
2017/11/15	21.00	21.76	20.83	21.56	2763012	60349176.00
2017/11/16	21.33	21.58	20.43	20.68	2870194	61599560.00
2017/11/17	20.67	20.84	19.13	19.27	3664765	73804096.00
2017/11/20	19.30	19.55	18.58	19.51	1820267	35624732.00
2017/11/21	19.48	19.99	19.17	19.45	1823995	36537780.00
2017/11/22	19.20	19.77	19.20	19.36	1540760	30548488.00
2017/11/23	19.26	19.57	19.00	19.05	1442352	28398982.00
2017/11/24	19.07	19.38	18.88	19.17	1431952	28037548.00
2017/11/27	19.13	19.13	18.68	18.69	1546200	29791732.00
2017/11/28	18.69	19.02	18.69	18.93	867400	16751525.00
2017/11/29	18.96	18.97	18.31	18.49	1837500	34790028.00
2017/11/30	18.67	18.86	18.41	18.60	1038515	19803752.00
2017/12/01	18.60	18.95	18.40	18.88	1381512	26452436.00
2017/12/04	18.98	18.98	18.08	18.31	1358790	25719694.00
2017/12/05	18.31	18.38	17.39	17.55	1905427	34742072.00
2017/12/06	17.28	17.88	17.28	17.80	1164562	21047114.00
2017/12/07	17.79	18.04	17.71	17.90	1039685	19031368.00
2017/12/08	17.87	18.76	17.75	18.30	1727442	32370200.00
2017/12/11	18.18	18.67	18.14	18.41	1075165	20246510.00
2017/12/12	18.37	18.48	17.71	17.80	1377445	25373860.00
2017/12/13	17.90	18.16	17.76	18.08	948410	17496606.00
2017/12/14	18.14	18.14	17.90	18.01	836915	15400423.00
2017/12/15	18.01	18.10	17.77	17.98	1061324	19480340.00
2017/12/18	18.05	18.11	17.73	17.84	786240	14411266.00
2017/12/19	17.91	18.05	17.75	17.98	1005770	18438420.00
2017/12/20	17.97	17.97	17.41	17.51	1198270	21614542.00
2017/12/21	17.36	17.93	16.73	17.77	1951525	34857628.00
2017/12/22	17.60	17.77	17.35	17.38	1044743	18737532.00
2017/12/25	17.38	17.56	16.79	17.03	1050138	18379676.00
2017/12/26	17.08	17.78	16.88	17.59	1493022	26705576.00
2017/12/27	17.55	17.89	17.42	17.73	1689180	30578674.00
2017/12/28	17.48	18.19	17.46	17.80	1865269	34204960.00
2017/12/29	17.70	18.27	17.70	18.17	2034163	37658796.00
2018/01/02	18.28	18.34	17.94	18.15	1501300	27761888.00
2018/01/03	18.13	18.35	17.96	18.18	1628734	30223474.00
2018/01/04	18.18	18.18	17.88	17.95	1160550	21362446.00
2018/01/05	17.95	18.02	17.79	17.82	1106670	20258308.00
2018/01/08	17.82	17.87	17.44	17.63	1389203	24975572.00
2018/01/09	17.76	17.77	17.48	17.54	915100	16472272.00
2018/01/10	17.59	17.59	16.96	17.17	1410461	24946060.00
2018/01/11	17.09	18.25	17.08	18.17	3625071	66443520.00
2018/01/12	18.08	18.58	17.88	18.01	2820716	52534232.00
2018/01/15	17.86	17.99	17.18	17.21	1867937	33261730.00
2018/01/16	17.11	17.69	17.11	17.46	1323644	23673752.00
2018/01/17	17.57	18.32	17.39	18.03	2708316	49489920.00
2018/01/18	17.92	18.21	17.72	18.13	2361643	43332944.00
2018/01/19	18.11	18.27	17.78	17.83	2039355	37572952.00
2018/01/22	17.95	17.95	17.41	17.78	1275255	23056560.00
2018/01/23	17.73	17.88	17.61	17.76	1066172	19357352.00
2018/01/24	17.66	17.88	17.60	17.81	1200570	21861270.00
2018/01/25	17.76	18.03	17.52	17.54	1491611	27200504.00
2018/01/26	17.54	17.73	17.38	17.70	1420987	25512160.00
2018/01/29	17.56	17.60	17.08	17.18	1626003	28778802.00
2018/01/30	17.18	17.29	16.89	16.92	1008370	17625852.00
2018/01/31	16.88	16.88	16.06	16.14	1976201	33207388.00
2018/02/01	16.15	16.28	14.81	15.17	1688379	26860944.00
2018/02/02	15.14	15.33	14.45	14.90	910900	13990432.00
2018/02/05	14.60	15.17	14.57	14.82	626270	9607939.00
2018/02/06	14.72	14.73	13.58	13.74	1441581	21263550.00
2018/02/07	14.23	14.43	13.70	14.11	1098983	15920713.00
2018/02/08	14.11	14.67	14.02	14.51	992664	14761676.00
2018/02/09	14.08	14.27	13.80	13.98	1110200	16016974.00
2018/02/12	14.06	14.45	14.06	14.28	735200	10824294.00
2018/02/13	14.28	14.60	14.28	14.42	991947	14782362.00
2018/02/14	14.43	14.53	14.09	14.12	911345	13329981.00
2018/02/22	14.25	14.58	14.16	14.52	902949	13386868.00
2018/02/23	14.52	14.58	14.34	14.44	784697	11671269.00
2018/02/26	14.58	14.95	14.57	14.91	1279607	19457506.00
2018/02/27	14.91	15.26	14.79	14.97	1422189	21950070.00
2018/02/28	14.86	15.73	14.64	15.28	1966957	30649268.00
2018/03/01	15.28	16.85	14.99	16.85	4720512	77264664.00
2018/03/02	17.18	17.68	16.28	16.40	7872604	138396432.00
2018/03/05	16.21	17.38	16.11	17.00	5224763	89426376.00
2018/03/06	16.67	17.07	16.44	16.61	3458192	59245368.00
2018/03/07	16.58	16.76	16.18	16.23	1837596	30982512.00
2018/03/08	16.07	16.66	16.07	16.40	1758993	29534884.00
2018/03/09	16.36	17.08	16.24	16.98	3707743	63692964.00
2018/03/12	17.18	17.45	16.97	17.12	4013583	70725488.00
2018/03/13	17.08	17.09	16.68	16.71	2564346	44314264.00
2018/03/14	16.63	16.88	16.03	16.22	2478745	41731176.00
2018/03/15	16.17	16.24	15.64	15.92	2200000	35842492.00
2018/03/16	15.92	16.25	15.84	16.02	1124245	18545078.00
2018/03/19	16.21	16.40	15.91	16.25	1524600	25395290.00
2018/03/20	16.07	16.18	15.66	16.11	1539900	25169624.00
2018/03/21	16.14	16.56	16.11	16.27	2149279	36038920.00
2018/03/22	16.28	17.16	15.98	17.07	4536633	78054664.00
2018/03/23	16.48	16.48	15.32	15.32	3739870	60690340.00
2018/03/26	14.64	15.52	14.34	15.46	1874470	28960498.00
2018/03/27	15.57	16.03	15.55	15.80	2350100	38230412.00
2018/03/28	15.51	16.22	15.46	15.81	2043036	33243156.00
2018/03/29	17.43	17.43	17.43	17.43	1489420	26586148.00
2018/03/30	19.22	19.22	19.22	19.22	1538515	30216436.00
2018/04/02	21.18	21.18	21.18	21.18	1887744	40775272.00
2018/04/03	23.34	23.34	22.81	23.34	32295411	764865536.00
2018/04/11	20.96	23.18	20.96	21.97	28858586	633027200.00
2018/04/12	20.72	21.03	19.73	19.73	19418414	401463168.00
2018/04/13	19.14	19.65	18.68	18.82	13166500	257630656.00
2018/04/16	18.80	19.07	18.45	19.00	9579655	184840128.00
2018/04/17	18.68	18.87	17.75	17.94	10727773	200022688.00
2018/04/18	18.08	18.68	17.58	18.59	10651470	198438784.00
2018/04/19	18.36	18.76	18.00	18.68	10232460	193264144.00
2018/04/20	18.18	18.45	16.82	16.99	9568570	173397792.00
2018/04/23	15.79	16.36	15.62	16.00	13380053	219192688.00
2018/04/24	15.73	16.69	15.73	16.55	11117155	186392624.00
2018/04/25	16.37	17.44	16.36	17.00	11527111	200636880.00
2018/04/26	16.38	16.54	15.26	15.26	15230830	247926240.00
2018/04/27	15.03	15.85	15.03	15.79	8887011	142049984.00
2018/05/02	15.91	16.07	15.13	15.38	6889695	109796800.00
2018/05/03	15.60	16.34	15.18	16.03	9461225	153025440.00
2018/05/04	15.98	15.98	15.37	15.50	7319630	117486816.00
2018/05/07	15.57	16.03	15.50	15.95	7039880	114568296.00
2018/05/08	15.90	16.32	15.78	16.22	8969608	148427568.00
2018/05/09	16.16	16.75	16.10	16.53	9432920	159500160.00
2018/05/10	16.45	16.54	16.15	16.52	7308595	122339496.00
2018/05/11	16.60	16.60	15.98	16.01	5538185	92042640.00
2018/05/14	16.14	16.36	15.79	15.92	5035592	83309664.00
2018/05/15	15.79	16.18	15.58	16.14	4927166	80174816.00
2018/05/16	15.99	16.10	15.83	15.87	4044870	66202884.00
2018/05/17	15.78	16.11	15.68	16.00	3607916	59034264.00
2018/05/18	16.21	16.75	16.20	16.42	11423428	192691120.00
2018/05/21	16.43	16.75	16.38	16.73	12403578	211077200.00
2018/05/22	16.64	17.22	16.39	17.17	16102250	277974400.00
2018/05/23	16.85	17.57	16.75	16.99	16329873	287484352.00
2018/05/24	16.88	17.25	16.80	17.19	7988716	139670144.00
2018/05/25	17.16	17.17	16.58	16.74	8262547	142717568.00
2018/05/28	16.66	18.46	16.60	17.29	16087495	288094528.00
2018/05/29	16.90	17.13	16.59	16.86	9836850	169586192.00
2018/05/30	16.44	16.46	15.13	15.23	10186600	163942080.00
2018/05/31	15.39	15.54	15.20	15.50	5234741	82906944.00
2018/06/01	15.16	15.53	14.84	15.19	4335094	67915368.00
2018/06/04	15.23	15.55	15.23	15.38	3249800	51437192.00
2018/06/05	15.38	15.90	15.38	15.85	4361561	70204520.00
2018/06/06	15.88	16.16	15.63	16.04	5170254	84579872.00
2018/06/07	16.06	16.11	15.65	15.68	4143325	67202480.00
2018/06/08	15.87	16.07	15.66	15.76	4818500	78419200.00
2018/06/11	15.48	15.66	15.30	15.44	3329100	52785792.00
2018/06/12	15.37	15.92	15.04	15.86	4627954	73900696.00
2018/06/13	15.71	15.80	15.23	15.24	3822200	61000096.00
2018/06/14	15.24	15.51	15.10	15.30	2270500	35837376.00
2018/06/15	15.41	15.41	13.88	14.58	5955400	89616216.00
2018/06/19	13.98	14.26	13.08	13.12	5234804	73388728.00
2018/06/20	13.11	13.44	12.94	13.23	3487365	47470832.00
2018/06/21	13.03	13.26	11.87	12.06	5758000	74469048.00
2018/06/22	12.00	12.27	11.58	12.23	3427625	42842736.00
2018/06/25	12.30	12.38	12.14	12.16	2839200	36041528.00
2018/06/26	11.83	12.62	11.83	12.56	3245570	41494376.00
2018/06/27	12.51	12.91	12.38	12.71	2796000	36576344.00
2018/06/28	12.77	12.77	12.07	12.26	2575270	32455772.00
2018/06/29	12.19	12.86	12.19	12.83	3432170	43900104.00
2018/07/02	12.72	13.02	12.37	12.52	2896500	37149992.00
2018/07/03	12.48	13.20	12.38	13.17	4381170	56911472.00
2018/07/04	13.14	13.14	12.66	12.70	3763472	48815464.00
2018/07/05	12.63	12.93	12.38	12.39	2693000	34306592.00
2018/07/06	12.42	12.77	12.09	12.58	3231701	40885508.00
2018/07/09	12.68	12.98	12.58	12.85	3381703	43697364.00
2018/07/10	12.79	13.06	12.69	13.05	3953001	51503040.00
2018/07/11	12.88	12.88	12.03	12.40	4083884	51417848.00
2018/07/12	12.42	13.08	12.42	12.97	5133379	66822744.00
2018/07/13	13.01	13.07	12.81	12.87	3166327	41263840.00
2018/07/16	12.96	13.15	12.84	13.06	4117084	54138252.00
2018/07/17	12.98	13.16	12.71	12.96	3688912	48085324.00
2018/07/18	12.91	13.18	12.85	12.89	4915952	64622672.00
2018/07/19	12.68	12.85	12.36	12.43	5243647	66524288.00
2018/07/20	12.46	12.93	12.36	12.79	4612420	59144504.00
2018/07/23	12.70	12.88	12.68	12.78	4071370	52548452.00
2018/07/24	12.88	13.04	12.71	13.01	8899233	115875544.00
2018/07/25	13.02	13.26	12.92	13.07	9131849	120568168.00
2018/07/26	13.08	13.11	12.74	12.83	7211945	93703600.00
2018/07/27	12.82	12.82	12.46	12.49	6109920	77478272.00
2018/07/30	12.48	12.53	11.88	12.01	5859320	71793864.00
2018/07/31	11.91	12.05	11.91	12.03	2714925	32880248.00
2018/08/01	11.79	11.79	10.83	10.84	10606390	119226856.00
2018/08/02	10.70	10.72	10.09	10.34	6222205	65221524.00
2018/08/03	10.31	10.42	10.23	10.27	3198270	33431060.00
2018/08/06	10.22	10.31	9.93	9.98	2470140	25264220.00
2018/08/07	10.03	10.31	9.84	10.29	3106440	31834992.00
2018/08/08	10.27	10.30	10.00	10.05	2597170	26712792.00
2018/08/09	10.05	10.52	9.99	10.39	3869202	40552184.00
2018/08/10	10.36	10.45	10.27	10.45	2793640	29291538.00
2018/08/13	10.27	10.81	10.18	10.77	5964212	63845756.00
2018/08/14	10.68	10.77	10.54	10.59	3193690	34290136.00
2018/08/15	10.50	10.70	10.38	10.40	3264759	34799232.00
2018/08/16	10.18	10.65	10.09	10.41	3525977	37412048.00
2018/08/17	10.48	10.71	10.23	10.46	4851557	51452740.00
2018/08/20	10.38	10.73	10.24	10.68	4756370	50653600.00
2018/08/21	10.60	10.96	10.45	10.78	7077387	76682576.00
2018/08/22	10.68	10.73	10.22	10.33	4893400	51930804.00
2018/08/23	10.35	10.51	10.18	10.23	6044470	63312324.00
2018/08/24	9.99	10.34	9.90	10.17	5048040	51792160.00
2018/08/27	10.29	11.14	10.19	10.64	10884035	117576688.00
2018/08/28	10.69	11.25	10.67	10.89	11587398	128210952.00
2018/08/29	10.89	11.14	10.61	10.74	8091104	88498536.00
2018/08/30	10.75	10.93	10.20	10.20	6854400	72682416.00
2018/08/31	10.19	10.44	10.16	10.22	5691396	59263344.00
2018/09/03	10.16	10.17	9.68	9.91	6091660	60734160.00
2018/09/04	9.89	10.08	9.84	10.04	3324020	33553080.00
2018/09/05	10.01	10.28	9.54	9.59	9754940	97328912.00
2018/09/06	9.56	9.72	9.49	9.64	5409890	52720100.00
2018/09/07	9.64	9.85	9.53	9.72	5459270	53580408.00
2018/09/10	9.84	9.87	9.40	9.48	4014500	39003920.00
2018/09/11	9.48	9.68	9.36	9.59	4685298	45184832.00
2018/09/12	9.58	9.83	9.53	9.63	5233419	51205892.00
2018/09/13	9.70	9.98	9.64	9.87	6925610	68727072.00
2018/09/14	9.85	9.86	9.58	9.58	5006998	49255608.00
2018/09/17	9.58	9.59	8.88	9.21	3835210	36505664.00
2018/09/18	9.16	9.63	9.16	9.60	5108310	48798608.00
2018/09/19	9.68	9.83	9.55	9.68	4385988	42933036.00
2018/09/20	9.67	9.90	9.65	9.71	4614888	45609440.00
2018/09/21	9.71	9.77	9.49	9.77	5080669	49665096.00
2018/09/25	9.71	9.72	9.55	9.59	3722922	36270184.00
2018/09/26	9.61	9.66	9.51	9.58	3457910	33546324.00
2018/09/27	9.53	9.60	9.24	9.24	4357900	41454476.00
2018/09/28	9.25	9.33	9.21	9.29	2304890	21634338.00
2018/10/08	9.04	9.11	8.79	8.87	3312127	30059940.00
2018/10/09	8.95	8.97	8.82	8.89	1919800	17288390.00
2018/10/10	8.89	9.03	8.81	8.97	2495603	22587600.00
2018/10/11	8.66	8.66	8.06	8.06	5476369	46106608.00
2018/10/12	7.92	8.07	7.41	7.74	4374369	34336692.00
2018/10/15	7.79	7.94	7.58	7.63	2696220	21363820.00
2018/10/16	7.64	7.79	7.50	7.57	2444570	19000908.00
2018/10/17	7.69	7.76	7.53	7.75	3164300	24687102.00
2018/10/18	7.68	7.70	7.45	7.48	3271110	25153648.00
2018/10/19	7.32	7.73	7.29	7.68	3884080	29846740.00
2018/10/22	7.78	8.17	7.72	8.08	5903080	47787496.00
2018/10/23	8.01	8.09	7.83	7.91	3876610	31363828.00
2018/10/24	7.90	8.07	7.88	7.96	3095408	25057588.00
2018/10/25	7.66	7.92	7.63	7.89	3715313	29210566.00
2018/10/26	8.17	8.28	7.94	8.04	4899475	40255056.00
2018/10/29	8.12	8.21	7.89	7.91	3976561	32525106.00
2018/10/30	7.88	8.07	7.75	8.02	3543975	28475592.00
2018/10/31	8.03	8.21	8.01	8.12	3513028	28966696.00
2018/11/01	8.15	8.39	8.14	8.27	5106046	42925436.00
2018/11/02	8.39	8.55	8.34	8.53	5919078	50726712.00
2018/11/05	8.54	8.80	8.45	8.69	7438592	65328272.00
2018/11/06	8.64	8.70	8.41	8.60	4449987	38487916.00
2018/11/07	8.79	8.88	8.62	8.63	5741723	50793168.00
2018/11/08	8.70	8.76	8.41	8.47	4455712	38725668.00
2018/11/09	8.58	9.33	8.47	9.33	10735874	98832544.00
2018/11/12	9.67	10.24	9.56	9.86	24109313	239305856.00
2018/11/13	9.68	9.84	9.49	9.74	15609795	152348736.00
2018/11/14	9.61	9.70	9.50	9.58	9252025	89863552.00
2018/11/15	9.53	9.73	9.52	9.72	9364339	91296024.00
2018/11/16	9.75	10.08	9.69	10.00	13040422	130879880.00
2018/11/19	10.16	10.17	9.75	9.82	10298334	103369912.00
2018/11/20	9.60	9.62	9.10	9.14	10309949	98123424.00
2018/11/21	9.19	9.42	9.15	9.33	5515803	51767020.00
2018/11/22	9.32	9.48	9.26	9.30	3922893	37162416.00
2018/11/23	9.25	9.29	8.78	8.84	5010304	45746464.00
2018/11/26	8.78	9.09	8.76	9.09	4996301	45378812.00
2018/11/27	9.16	9.63	9.08	9.57	10409523	99019152.00
2018/11/28	9.64	10.07	9.28	9.80	14700813	144746016.00
2018/11/29	9.72	9.84	9.18	9.19	9930526	95890304.00
2018/11/30	9.10	9.54	8.97	9.54	7779282	72922944.00
2018/12/03	9.82	9.98	9.64	9.87	12663599	126045552.00
2018/12/04	9.81	10.38	9.73	10.02	13965695	142131280.00
2018/12/05	9.74	10.06	9.58	10.03	9616676	95556800.00
2018/12/06	9.88	9.88	9.54	9.56	8434700	82463168.00
2018/12/07	9.62	10.03	9.58	9.71	7625856	75743216.00
2018/12/10	9.50	10.02	9.45	9.68	6462635	63755712.00
2018/12/11	9.70	10.66	9.63	10.66	30281566	318151936.00
2018/12/12	10.54	10.54	10.19	10.27	20407901	213301040.00
2018/12/13	10.33	11.23	10.26	10.88	27924471	303340000.00
2018/12/14	10.74	11.08	10.56	11.05	21400600	234371584.00
2018/12/17	11.05	11.05	10.60	10.93	12754626	139447248.00
2018/12/18	10.68	10.86	10.39	10.48	11668707	124929472.00
2018/12/19	10.48	10.78	10.25	10.30	10134038	107900240.00
2018/12/20	10.27	10.77	10.22	10.73	11260148	119843056.00
2018/12/21	10.70	10.88	10.36	10.55	11054410	118685208.00
2018/12/24	10.57	11.08	10.51	10.99	15735741	173055488.00
2018/12/25	10.78	11.46	10.54	11.24	20813972	231233728.00
2018/12/26	11.08	11.32	10.58	10.64	16253559	179988464.00
2018/12/27	10.81	10.98	10.38	10.42	11006103	118903352.00
2018/12/28	10.44	10.47	9.92	10.01	10090826	103818696.00
2019/01/02	10.11	10.36	9.98	10.19	8154010	84032280.00
2019/01/03	10.13	10.20	9.38	9.40	13434368	131371800.00
2019/01/04	9.38	9.74	9.23	9.74	8762964	84782560.00
2019/01/07	9.88	10.23	9.74	10.06	8937667	90465376.00
2019/01/08	10.00	10.36	9.91	10.07	8682137	88955632.00
2019/01/09	10.04	10.87	9.92	10.54	18291505	194697536.00
2019/01/10	10.45	10.89	10.33	10.85	15848580	170652288.00
2019/01/11	10.77	11.18	10.58	10.69	15940201	174741392.00
2019/01/14	10.73	11.73	10.61	11.70	23669411	266114512.00
2019/01/15	11.26	11.66	11.09	11.41	21672433	248792816.00
2019/01/16	11.34	11.57	10.90	10.92	14663279	165120032.00
2019/01/17	10.98	11.04	10.69	10.87	10571195	116151376.00
2019/01/18	10.79	10.94	10.41	10.57	10101665	108410744.00
2019/01/21	10.57	11.23	10.48	11.00	12496303	137719888.00
2019/01/22	10.98	11.09	10.70	10.79	7279346	79803872.00
2019/01/23	10.83	10.87	10.60	10.81	5161400	55844380.00
2019/01/24	10.85	11.03	10.65	10.87	8464500	93331744.00
2019/01/25	10.78	10.86	10.39	10.51	6617700	71409728.00
2019/01/28	10.51	10.67	10.11	10.24	5732900	60126612.00
2019/01/29	10.26	10.33	9.85	10.16	4810970	49104300.00
2019/01/30	10.10	10.24	9.76	9.78	4461900	44971844.00
2019/01/31	9.85	10.11	9.81	9.94	5332738	53775584.00
2019/02/01	10.12	10.33	9.96	10.30	4055434	41758816.00
2019/02/11	10.33	10.95	10.33	10.84	7410570	80240520.00
2019/02/12	10.86	11.05	10.73	10.91	8556400	94009504.00
2019/02/13	10.87	11.21	10.81	11.11	11286257	126262936.00
2019/02/14	11.07	11.09	10.78	10.99	7910257	87648224.00
2019/02/15	10.99	11.10	10.75	10.80	7949202	87879872.00
2019/02/18	10.79	11.34	10.79	11.24	12738902	143208880.00
2019/02/19	11.30	11.44	10.91	11.05	12045793	135608112.00
2019/02/20	11.15	11.74	11.06	11.52	19009591	219378784.00
2019/02/21	11.43	12.11	11.23	11.48	22955652	270339968.00
2019/02/22	11.46	11.98	11.35	11.84	16188137	191956880.00
2019/02/25	12.14	12.40	11.89	12.33	21712630	266495504.00
2019/02/26	11.92	11.98	11.44	11.60	26339258	311477824.00
2019/02/27	11.48	11.61	11.17	11.30	13732968	158057472.00
2019/02/28	11.21	11.45	11.19	11.30	6830513	78015512.00
2019/03/01	11.35	11.40	11.13	11.32	6588618	74808704.00
2019/03/04	11.44	12.46	11.44	12.46	33894223	417757792.00
2019/03/05	12.46	13.55	12.35	13.25	41586423	536267200.00
2019/03/06	13.07	14.14	12.94	13.84	38331708	526154272.00
2019/03/07	13.70	14.57	13.39	13.95	31481107	444490592.00
2019/03/08	13.28	13.86	12.90	12.95	21184946	286184160.00
2019/03/11	13.33	13.97	12.97	13.89	23263134	318768384.00
2019/03/12	14.20	14.43	13.45	13.69	24381608	340017504.00
2019/03/13	13.68	13.68	12.93	13.13	16113668	215272000.00
2019/03/14	12.88	13.00	12.28	12.55	12121260	153876352.00
2019/03/15	12.63	12.94	12.57	12.68	9286068	119254952.00
2019/03/18	12.68	12.94	12.59	12.91	8116242	104940664.00
2019/03/19	12.87	13.12	12.77	12.88	7529510	98105696.00
2019/03/20	12.86	12.86	12.30	12.64	9217900	117022376.00
2019/03/21	12.64	12.88	12.59	12.70	10416823	134097456.00
2019/03/22	12.69	13.28	12.60	13.26	13291147	173071184.00
2019/03/25	12.94	13.17	12.81	12.88	10095209	132468960.00
2019/03/26	12.93	13.04	12.33	12.38	8198670	104695544.00
2019/03/27	12.46	12.53	11.38	12.07	7369745	89681496.00
2019/03/28	12.04	12.55	11.89	12.21	7931300	98447256.00
2019/03/29	12.51	12.66	12.19	12.65	10255384	129229488.00
2019/04/01	12.70	13.40	12.70	13.31	16032190	212182624.00
2019/04/02	13.24	13.32	13.01	13.05	11235134	149410256.00
2019/04/03	13.06	13.19	12.82	13.09	8625600	113237192.00
2019/04/04	13.19	13.20	12.89	12.96	7739753	101541368.00
2019/04/08	13.03	13.08	12.29	12.38	9767634	124483376.00
2019/04/09	12.39	12.88	12.39	12.71	7063400	90336832.00
2019/04/10	12.64	12.68	12.38	12.55	5536089	69968952.00
2019/04/11	12.70	12.70	12.18	12.19	5134100	64146888.00
2019/04/12	12.20	12.31	12.11	12.26	3844725	47401252.00
2019/04/15	12.43	12.72	12.20	12.21	5387581	68150384.00
2019/04/16	12.22	13.17	11.95	13.10	15124944	194571648.00
2019/04/17	13.10	13.24	12.79	12.89	11955448	156461824.00
2019/04/18	12.89	13.21	12.70	13.10	12424693	163242816.00
2019/04/19	13.06	13.13	12.72	13.10	8560577	112025536.00
2019/04/22	13.16	13.46	12.81	12.89	9891401	131663392.00
2019/04/23	12.76	12.88	12.31	12.44	7635948	96692768.00
2019/04/24	12.45	12.66	12.30	12.64	5888200	74376168.00
2019/04/25	12.64	13.36	12.56	12.68	15581192	203801888.00
2019/04/26	12.58	13.83	12.40	13.34	26389266	356144064.00
2019/04/29	13.32	13.63	12.08	12.23	23404397	303717632.00
2019/04/30	11.67	11.86	11.41	11.72	14964619	176244960.00
2019/05/06	11.00	11.24	10.54	10.54	10521948	115181888.00
2019/05/07	10.64	10.92	10.48	10.71	6039598	65263292.00
2019/05/08	10.43	10.92	10.28	10.63	5958005	64369248.00
2019/05/09	10.48	10.97	10.43	10.76	5050043	54924000.00
2019/05/10	10.86	11.38	10.62	11.24	8361067	93727832.00
2019/05/13	11.03	11.36	11.00	11.11	5207618	58898108.00
2019/05/14	10.93	11.46	10.89	11.24	6041218	68639904.00
2019/05/15	11.38	11.46	11.22	11.36	5691100	65195104.00
2019/05/16	11.47	11.83	11.46	11.50	7575662	88912176.00
2019/05/17	11.48	11.76	11.13	11.19	7113772	82711680.00
2019/05/20	11.34	11.71	10.98	11.61	6996711	80653008.00
2019/05/21	11.55	11.82	11.37	11.65	6581976	77118072.00
2019/05/22	11.66	11.96	11.54	11.73	6558405	77946704.00
2019/05/23	11.76	11.82	11.11	11.27	5752147	66293776.00
2019/05/24	11.18	11.37	10.85	10.87	4747600	53116948.00
2019/05/27	10.89	11.53	10.80	11.49	6492527	74179216.00
2019/05/28	11.41	11.78	11.40	11.63	6938182	81454168.00
2019/05/29	11.62	11.91	11.54	11.68	6236472	73987728.00
2019/05/30	11.76	11.90	11.44	11.88	7722181	91430928.00
2019/05/31	11.79	12.03	11.54	11.73	6599314	78631320.00
2019/06/03	11.63	12.18	11.50	12.00	9139453	109261776.00
2019/06/04	11.96	12.50	11.88	12.16	13401496	165397616.00
2019/06/05	12.16	12.73	12.04	12.48	11735591	147019440.00
2019/06/06	12.58	12.59	11.56	11.72	9631311	115709520.00
2019/06/10	11.72	12.90	11.72	12.90	8203594	104744272.00
2019/06/11	13.27	13.48	12.55	13.28	25061845	330336480.00
2019/06/12	13.07	13.66	12.91	13.16	16848619	225570336.00
2019/06/13	12.99	13.38	12.83	13.07	9851800	129802784.00
2019/06/14	13.07	13.15	12.57	12.58	10063200	129584976.00
2019/06/17	12.61	12.92	12.38	12.89	7397684	95465304.00
2019/06/18	12.86	12.86	12.44	12.55	7005670	89104504.00
2019/06/19	12.87	13.25	12.74	12.77	9965172	130602640.00
2019/06/20	12.64	13.06	12.48	13.06	9842031	127222304.00
2019/06/21	13.13	13.36	12.94	13.10	10790277	142988112.00
2019/06/24	13.03	13.24	12.74	12.92	6269006	81625568.00
2019/06/25	12.82	12.85	12.52	12.79	5148212	66003196.00
2019/06/26	12.76	13.23	12.67	13.17	8234334	108589152.00
2019/06/27	13.14	13.46	13.07	13.28	11773445	157603264.00
2019/06/28	13.25	13.26	12.80	12.96	5523107	71535960.00
2019/07/01	13.26	13.78	13.16	13.40	13562259	183140000.00
2019/07/02	13.35	14.50	13.30	13.83	20431488	284542240.00
2019/07/03	13.66	14.20	13.23	13.45	13673108	186258384.00
2019/07/04	13.57	13.59	13.04	13.14	8869200	117435808.00
2019/07/05	13.10	13.33	13.05	13.28	5578895	73627872.00
2019/07/08	13.18	13.18	12.23	12.31	10622440	133508416.00
2019/07/09	12.26	12.48	12.03	12.39	5190600	63750548.00
2019/07/10	12.41	12.65	12.12	12.32	4264118	52853560.00
2019/07/11	12.42	12.50	12.00	12.02	4694770	57256508.00
2019/07/12	12.04	12.30	11.80	12.17	4419198	53478768.00
2019/07/15	12.17	12.53	12.05	12.50	4641600	57402920.00
2019/07/16	12.49	12.65	12.37	12.52	3919426	49086892.00
2019/07/17	12.50	12.66	12.39	12.45	3664407	46048096.00
2019/07/18	12.32	12.70	12.07	12.46	5460300	67763568.00
2019/07/19	12.43	12.60	12.23	12.33	4205900	52269688.00
2019/07/22	12.38	12.39	11.88	11.99	4340945	52383416.00
2019/07/23	11.97	12.26	11.91	12.15	2793000	33897556.00
2019/07/24	12.18	12.48	12.18	12.39	3931697	48714912.00
2019/07/25	12.43	12.61	12.35	12.47	3984829	49806512.00
2019/07/26	12.42	12.55	12.31	12.54	3182175	39700700.00
2019/07/29	12.50	12.75	12.46	12.75	5177066	65358012.00
2019/07/30	12.70	12.85	12.62	12.71	5541419	70545304.00
2019/07/31	12.68	12.87	12.56	12.79	4416800	56355844.00
2019/08/01	12.75	12.79	12.57	12.71	3744782	47425776.00
2019/08/02	12.31	12.47	12.15	12.34	4899404	60352840.00
2019/08/05	12.26	13.57	12.24	13.57	14478681	192102112.00
2019/08/06	13.28	13.28	12.50	13.13	22025405	285047648.00
2019/08/07	13.05	13.36	12.73	12.77	13712177	178770192.00
2019/08/08	12.98	13.28	12.75	13.12	12706711	165504656.00
2019/08/09	13.29	13.44	12.71	12.85	11876991	154070272.00
2019/08/12	12.86	13.49	12.77	13.46	15054165	198181344.00
2019/08/13	13.18	14.21	13.10	13.69	21061960	288777344.00
2019/08/14	14.05	14.47	13.68	13.76	22465410	313908672.00
2019/08/15	13.22	14.18	13.16	14.15	19614053	266853072.00
2019/08/16	14.00	14.69	13.96	14.29	23005551	331337024.00
2019/08/19	14.52	15.48	14.27	15.26	29586557	440720096.00
2019/08/20	15.15	15.24	14.85	14.90	22233810	334219872.00
2019/08/21	14.83	15.15	14.74	14.97	13939445	208295600.00
2019/08/22	15.00	15.04	14.53	14.68	14679483	216415264.00
2019/08/23	14.60	14.88	14.15	14.23	15924305	229578688.00
2019/08/26	13.80	14.16	13.79	13.97	10750626	150322960.00
2019/08/27	14.10	14.34	13.90	14.16	10526447	148831520.00
2019/08/28	14.12	14.28	13.91	14.15	8086268	114082592.00
2019/08/29	14.15	14.26	13.87	13.95	8792477	123918944.00
2019/08/30	14.12	14.23	13.38	13.43	13486985	186115152.00
2019/09/02	13.42	13.87	13.32	13.81	9369676	128414112.00
2019/09/03	13.84	14.15	13.78	14.09	8624230	120907896.00
2019/09/04	14.03	14.20	13.81	14.13	8556859	119774056.00
2019/09/05	14.20	14.72	14.20	14.40	17521075	253040944.00
2019/09/06	14.50	14.79	14.35	14.52	11014479	160476080.00
2019/09/09	14.72	15.44	14.58	15.24	20210509	305070560.00
2019/09/10	15.30	15.73	14.93	15.42	18061092	275789952.00
2019/09/11	15.49	15.53	14.87	14.91	13353243	201293664.00
2019/09/12	15.00	15.23	14.81	15.02	9281538	139672512.00
2019/09/16	14.99	15.18	14.84	14.98	9548896	143350672.00
2019/09/17	14.88	15.02	14.32	14.55	10732429	156535504.00
2019/09/18	14.60	14.69	14.31	14.36	6268011	90647288.00
2019/09/19	14.44	14.66	14.33	14.65	7767500	112863704.00
2019/09/20	14.66	15.11	14.51	15.05	12385062	184268688.00
2019/09/23	14.86	14.97	14.50	14.84	7496135	110149456.00
2019/09/24	14.75	15.24	14.75	15.23	12699292	191657008.00
2019/09/25	15.11	15.36	14.70	15.14	12356640	186230000.00
2019/09/26	15.03	15.16	13.66	13.70	16770757	237515264.00
2019/09/27	13.60	14.06	13.60	13.71	7061940	97771424.00
2019/09/30	13.84	13.84	13.16	13.44	7264516	98067616.00
2019/10/08	13.25	13.58	13.21	13.21	6061064	80994552.00
2019/10/09	13.16	13.44	13.08	13.30	4815002	63956568.00
2019/10/10	13.36	13.47	13.27	13.47	6056875	81062096.00
2019/10/11	13.50	13.98	13.10	13.56	8600577	116178080.00
2019/10/14	13.69	13.85	13.61	13.69	6925425	94946344.00
2019/10/15	13.67	13.67	13.30	13.43	4536253	60992100.00
2019/10/16	13.56	13.56	13.31	13.33	3011100	40477920.00
2019/10/17	13.29	13.43	13.18	13.30	2844056	37921704.00
2019/10/18	13.35	13.59	13.16	13.30	4898881	65704600.00
2019/10/21	13.27	13.27	12.66	12.83	5147800	66057780.00
2019/10/22	12.75	13.05	12.75	12.98	3269748	42310980.00
2019/10/23	13.02	13.10	12.81	12.89	2683085	34791912.00
2019/10/24	12.99	13.22	12.86	13.20	3289828	42868744.00
2019/10/25	12.79	12.86	12.36	12.77	7301396	92429584.00
2019/10/28	12.80	13.45	12.77	13.37	7723730	102524352.00
2019/10/29	13.28	13.49	13.15	13.17	4827837	64157012.00
2019/10/30	13.17	13.29	12.80	13.19	3840221	50452768.00
2019/10/31	13.27	13.50	12.86	12.96	4350916	57122744.00
2019/11/01	12.88	13.14	12.81	13.04	3583787	46642328.00
2019/11/04	13.04	13.40	13.00	13.35	4746593	62981328.00
2019/11/05	13.30	13.38	13.16	13.36	3283461	43631928.00
2019/11/06	13.34	13.36	13.02	13.14	3456059	45548736.00
2019/11/07	13.15	13.24	13.00	13.11	2208630	28981736.00
2019/11/08	13.20	13.34	13.13	13.13	3665409	48593440.00
2019/11/11	13.15	13.15	12.45	12.59	4600170	58547288.00
2019/11/12	12.59	12.65	12.22	12.44	2924300	36191176.00
2019/11/13	12.42	12.43	12.15	12.27	2583917	31634358.00
2019/11/14	12.27	12.37	12.12	12.28	2977246	36521032.00
2019/11/15	12.26	12.39	11.98	12.19	3511287	42896920.00
2019/11/18	12.10	12.45	12.10	12.33	2528350	31190808.00
2019/11/19	12.33	12.60	12.31	12.58	3361714	42055320.00
2019/11/20	12.53	12.67	12.36	12.39	2529634	31638188.00
2019/11/21	12.37	12.53	12.33	12.51	2051006	25563222.00
2019/11/22	12.41	12.65	12.31	12.39	2857829	35639844.00
2019/11/25	12.39	12.44	12.14	12.22	2572239	31570980.00
2019/11/26	12.20	12.34	12.16	12.20	1302460	15938004.00
2019/11/27	12.20	12.38	12.15	12.24	2040555	25078804.00
2019/11/28	12.31	12.42	12.24	12.36	1887772	23282644.00
2019/11/29	12.28	12.53	12.10	12.50	2576674	31871158.00
2019/12/02	12.50	12.56	12.36	12.44	1951832	24313030.00
2019/12/03	12.48	12.69	12.35	12.68	3548299	44588064.00
2019/12/04	12.54	12.76	12.51	12.73	2931131	37112644.00
2019/12/05	12.70	12.89	12.70	12.89	3949969	50582568.00
2019/12/06	12.88	12.95	12.70	12.89	3901809	50093288.00
2019/12/09	13.00	13.06	12.85	12.98	3692220	47860740.00
2019/12/10	12.99	12.99	12.75	12.95	3373156	43441864.00
2019/12/11	12.97	13.07	12.70	12.82	3002064	38642908.00
2019/12/12	12.82	13.12	12.78	12.99	5465593	71144896.00
2019/12/13	13.10	13.12	12.91	13.03	3651400	47477044.00
2019/12/16	13.10	13.38	13.03	13.30	5124447	67845880.00
2019/12/17	13.30	13.49	13.26	13.37	7149600	95623616.00
2019/12/18	13.44	13.54	13.33	13.33	4944878	66319196.00
2019/12/19	13.34	13.63	13.34	13.40	4304381	57965344.00
2019/12/20	13.41	13.49	13.04	13.05	5560009	73406784.00
2019/12/23	13.00	13.00	12.61	12.69	4468752	57226968.00
2019/12/24	12.74	12.80	12.63	12.75	3085700	39237376.00
2019/12/25	12.75	12.98	12.62	12.91	3553805	45707988.00
2019/12/26	12.91	13.02	12.78	13.00	3105424	40134400.00
2019/12/27	12.98	13.14	12.81	12.81	3798643	49405696.00
2019/12/30	12.83	12.84	12.41	12.81	4043062	51236976.00
2019/12/31	12.84	12.98	12.70	12.90	2801348	36053480.00
2020/01/02	13.01	13.22	12.92	13.19	5236262	68700896.00
2020/01/03	13.22	13.36	13.13	13.27	4917551	65220936.00
2020/01/06	13.29	13.58	13.15	13.38	7007195	93696776.00
2020/01/07	13.38	13.48	13.27	13.47	4663706	62438752.00
2020/01/08	13.48	13.65	13.18	13.18	6860089	91878584.00
2020/01/09	13.43	13.80	13.28	13.61	9070344	122924256.00
2020/01/10	13.80	13.80	13.38	13.41	6331837	85620720.00
2020/01/13	13.41	13.64	13.28	13.62	6901286	93250752.00
2020/01/14	13.69	13.75	13.47	13.50	6037765	82065424.00
2020/01/15	13.52	13.62	13.35	13.60	4754673	64142104.00
2020/01/16	13.58	13.65	13.39	13.40	4219700	56883768.00
2020/01/17	13.47	13.55	13.30	13.31	3950814	53016720.00
2020/01/20	13.36	13.85	13.23	13.85	11356395	155114912.00
2020/01/21	13.85	14.09	13.66	13.99	11033844	153516544.00
2020/01/22	13.82	14.39	13.68	14.30	12013518	168875424.00
2020/01/23	14.03	14.59	13.41	13.75	13973478	196203424.00
数据来源:通达信
