002902 铭普光磁 日线 前复权
      日期	    开盘	    最高	    最低	    收盘	    成交量	    成交额
2017/09/29	11.17	13.43	11.17	13.43	16391	329721.84
2017/10/09	14.79	14.79	14.79	14.79	5472	122518.08
2017/10/10	16.29	16.29	16.29	16.29	7108	175070.05
2017/10/11	17.93	17.93	17.93	17.93	6100	165249.00
2017/10/12	19.73	19.73	19.73	19.73	9100	271180.00
2017/10/13	21.72	21.72	21.72	21.72	22290	730666.19
2017/10/16	23.91	23.91	23.91	23.91	35876	1293688.50
2017/10/17	26.31	26.31	26.31	26.31	74884	2970648.25
2017/10/18	28.96	28.96	28.96	28.96	107712	4700551.50
2017/10/19	31.87	31.87	31.87	31.87	506245	24299760.00
2017/10/24	33.84	35.07	33.21	35.07	17233732	899492224.00
2017/10/25	33.12	38.59	32.53	38.53	22769496	1207308672.00
2017/10/26	36.67	36.93	34.67	34.67	15621845	833391616.00
2017/10/27	33.55	36.20	33.07	34.09	13674143	712657920.00
2017/10/30	32.53	33.46	30.67	30.67	11871425	565164160.00
2017/10/31	29.78	30.77	29.27	30.25	8660249	392100736.00
2017/11/01	30.63	31.85	30.50	30.92	10309377	483255776.00
2017/11/02	30.39	32.06	29.53	31.60	10800724	502871648.00
2017/11/03	31.04	31.51	30.24	31.00	7579438	352611808.00
2017/11/06	31.57	33.20	31.40	31.66	9607495	465853440.00
2017/11/07	31.71	32.93	30.20	32.76	11731105	554206720.00
2017/11/08	32.45	36.05	32.32	36.05	9226867	486603648.00
2017/11/09	35.87	38.72	34.40	36.60	19760057	1074909696.00
2017/11/10	35.87	40.27	35.54	39.07	20982401	1217515520.00
2017/11/13	38.26	40.38	37.61	38.85	16766814	984089088.00
2017/11/14	38.00	38.60	36.99	37.43	11869410	673540480.00
2017/11/15	37.00	38.50	36.57	37.29	10177768	576737024.00
2017/11/16	36.52	36.85	33.55	33.55	10230672	546301696.00
2017/11/17	32.10	32.53	30.18	30.18	9713805	452841216.00
2017/11/20	29.32	30.45	28.07	30.17	6708546	298460064.00
2017/11/21	29.84	32.20	29.51	31.60	9810281	456035168.00
2017/11/22	30.93	31.79	29.53	30.47	7611307	352405984.00
2017/11/23	30.40	31.06	29.67	29.67	5820764	266250880.00
2017/11/24	29.35	30.59	26.72	26.75	7710077	335117728.00
2017/11/27	26.27	26.27	24.47	24.83	7088217	270234752.00
2017/11/28	25.01	25.84	24.87	25.59	4961908	190062368.00
2017/11/29	25.59	25.59	23.93	24.81	5928969	220048128.00
2017/11/30	24.97	25.75	24.75	25.19	5053747	192706560.00
2017/12/01	24.87	26.25	24.31	25.79	6184839	238408304.00
2017/12/04	25.30	25.45	23.20	23.20	6649920	241733280.00
2017/12/05	22.89	23.78	22.60	23.20	4174194	146831440.00
2017/12/06	22.93	24.67	22.93	24.50	6321874	229548448.00
2017/12/07	24.27	25.66	23.78	24.97	7338909	274137376.00
2017/12/08	24.80	26.67	24.61	25.69	7946775	308798112.00
2017/12/11	25.27	26.11	25.27	25.58	4980316	191924704.00
2017/12/12	25.45	25.67	24.21	24.22	5625418	210181552.00
2017/12/13	24.05	26.40	24.02	25.87	7830388	302124544.00
2017/12/14	25.73	26.46	25.20	26.40	7710410	300639424.00
2017/12/15	25.99	26.99	25.67	25.83	6534941	259146976.00
2017/12/18	26.25	27.93	25.94	26.29	6147238	247626992.00
2017/12/19	25.93	27.52	25.93	27.19	6970192	282723584.00
2017/12/20	26.91	27.17	26.17	26.45	5275692	212009024.00
2017/12/21	26.07	27.52	26.07	26.90	6774673	275569824.00
2017/12/22	26.62	27.05	26.07	26.19	4848522	193269824.00
2017/12/25	26.19	26.19	24.02	25.14	5401539	202683104.00
2017/12/26	25.20	26.93	25.12	26.65	7369153	291562176.00
2017/12/27	26.46	27.33	26.00	26.77	7878402	317286816.00
2017/12/28	26.26	28.05	26.07	27.43	7696221	314459232.00
2017/12/29	27.11	28.85	26.87	28.21	10224898	431885312.00
2018/01/02	27.87	28.33	27.55	28.06	5656268	237880080.00
2018/01/03	28.13	28.13	26.93	27.29	5794425	239646416.00
2018/01/04	27.07	27.59	26.73	26.87	4172059	170227328.00
2018/01/05	26.87	27.40	26.40	26.49	3768119	152199456.00
2018/01/08	26.40	26.64	25.47	26.48	4244249	166306624.00
2018/01/09	26.28	27.87	26.21	27.67	7440224	306235808.00
2018/01/10	27.53	27.53	26.32	26.75	4848462	196955920.00
2018/01/11	26.40	29.43	26.39	28.13	9987848	426684128.00
2018/01/12	27.93	28.19	27.01	27.70	6419791	266346192.00
2018/01/15	27.40	27.51	26.32	26.73	4492898	181120896.00
2018/01/16	26.47	27.85	26.45	27.53	5475597	225889136.00
2018/01/17	28.01	29.49	27.67	28.53	9152469	393975456.00
2018/01/18	28.17	28.37	27.68	27.81	4880118	205591392.00
2018/01/19	28.31	30.53	28.27	28.30	9226961	404557600.00
2018/01/22	28.28	29.49	26.94	29.25	8167314	351473024.00
2018/01/23	29.25	30.20	28.44	29.01	7112910	313012352.00
2018/01/24	28.53	29.67	28.20	29.63	6344065	277775456.00
2018/01/25	29.37	30.67	29.21	29.56	7872028	356500320.00
2018/01/26	29.07	29.45	28.28	28.35	5291441	229346624.00
2018/01/29	28.11	28.60	27.02	27.31	4652388	194263152.00
2018/01/30	27.00	27.49	25.94	26.15	4291184	172392032.00
2018/01/31	25.88	26.19	23.83	23.85	4644716	173567072.00
2018/02/01	23.87	24.27	22.60	22.84	3655230	128506984.00
2018/02/02	22.87	23.33	21.74	22.74	2289107	78574704.00
2018/02/05	21.87	23.17	21.87	22.12	2071552	70366264.00
2018/02/06	21.33	21.47	19.89	19.89	3272391	102155136.00
2018/02/07	20.45	20.55	18.74	20.13	3070963	92367232.00
2018/02/08	19.90	21.08	19.89	20.51	3018857	93941744.00
2018/02/09	19.58	20.00	18.88	19.15	2570776	75772776.00
2018/02/12	19.50	20.02	19.29	19.83	2053935	61319340.00
2018/02/13	20.01	20.19	19.53	19.57	1991596	59638856.00
2018/02/14	19.61	19.87	19.47	19.59	1287124	38257476.00
2018/02/22	19.83	20.27	19.75	20.08	1603219	48577112.00
2018/02/23	19.95	20.77	19.95	20.67	2280105	70150080.00
2018/02/26	21.27	21.60	20.89	21.43	3278658	105299280.00
2018/02/27	21.44	22.13	21.22	21.41	3510574	114634272.00
2018/02/28	21.03	22.12	20.61	21.49	3692642	118451520.00
2018/03/01	21.20	21.86	21.01	21.71	3161302	102928600.00
2018/03/02	21.47	22.39	21.41	21.43	3091340	102137792.00
2018/03/05	21.43	22.10	21.20	22.05	3013757	99100272.00
2018/03/06	21.93	22.81	21.87	22.35	4147926	140148224.00
2018/03/07	22.20	22.33	21.90	22.13	2531830	84547144.00
2018/03/08	22.03	22.77	22.03	22.74	3437665	117031736.00
2018/03/09	22.55	23.77	22.55	23.60	5038405	177691904.00
2018/03/12	23.87	24.19	23.33	23.99	5078989	181506608.00
2018/03/13	23.77	23.80	22.97	23.03	3415405	120561392.00
2018/03/14	22.73	23.53	22.68	22.73	2601247	90635104.00
2018/03/15	22.58	22.95	20.59	21.40	4299345	139187408.00
2018/03/16	21.25	22.42	21.25	21.55	2999406	98903424.00
2018/03/19	21.53	22.59	21.53	22.35	3592780	120561288.00
2018/03/20	22.27	23.95	22.24	23.20	5264841	182416576.00
2018/03/21	23.28	23.63	22.53	22.81	4635270	162328784.00
2018/03/22	22.98	23.81	22.98	23.64	5332688	188817648.00
2018/03/23	22.20	23.06	21.26	21.26	4703506	156698176.00
2018/03/26	20.64	22.00	19.80	21.99	3582811	113069184.00
2018/03/27	21.59	23.75	21.59	23.42	6372635	218239040.00
2018/03/28	22.86	23.79	22.67	23.53	5692671	200203936.00
2018/03/29	23.51	23.85	23.07	23.50	4059704	143681216.00
2018/03/30	23.85	25.37	23.34	24.58	7517645	276876896.00
2018/04/02	24.81	25.57	24.29	25.53	7942306	298808352.00
2018/04/03	24.87	25.32	24.57	25.08	5147894	193563872.00
2018/04/04	25.03	25.60	24.13	24.31	5470582	206289328.00
2018/04/09	23.98	26.75	23.87	26.75	12475983	491890432.00
2018/04/10	26.29	26.48	24.99	25.77	9267708	360786432.00
2018/04/11	25.66	26.93	25.35	26.39	7373493	291105280.00
2018/04/12	26.00	26.91	25.54	25.65	5219095	205469360.00
2018/04/13	25.87	26.17	24.91	24.91	3601489	138752032.00
2018/04/16	25.17	25.47	24.55	25.09	2585221	97474576.00
2018/04/17	26.73	27.61	25.80	26.09	14213958	579009216.00
2018/04/18	27.32	27.61	25.09	26.87	13353319	536107200.00
2018/04/19	25.91	26.33	25.20	25.30	10720377	414922624.00
2018/04/20	24.74	24.79	22.76	22.76	7335309	260325408.00
2018/04/23	21.57	22.42	20.97	21.43	5267414	172906128.00
2018/04/24	21.15	22.00	21.02	21.87	3823927	124957056.00
2018/04/25	21.83	22.61	21.67	22.11	3768456	126424432.00
2018/04/26	22.13	22.97	21.45	21.80	3829843	128743992.00
2018/04/27	21.99	22.27	21.03	21.22	2586634	83942480.00
2018/05/02	21.23	21.53	20.01	20.33	2538352	78977008.00
2018/05/03	20.54	21.20	20.20	21.12	2849561	89506008.00
2018/05/04	21.09	21.65	20.87	21.39	2679544	86421552.00
2018/05/07	21.27	22.19	21.27	22.00	2375676	77987848.00
2018/05/08	21.85	22.09	21.75	21.99	1916486	63287648.00
2018/05/09	21.99	22.15	21.73	22.10	1784915	59176236.00
2018/05/10	23.12	24.33	23.10	23.21	9018431	323343008.00
2018/05/11	22.55	22.87	22.09	22.11	5547719	187079952.00
2018/05/14	22.48	23.09	22.20	22.28	3654742	124411752.00
2018/05/15	21.73	22.23	21.33	22.17	3185607	104813816.00
2018/05/16	21.87	22.06	21.57	21.70	2026649	66733572.00
2018/05/17	21.72	22.23	21.70	22.02	2103300	69912456.00
2018/05/18	21.95	22.67	21.88	22.67	3591604	120977304.00
2018/05/21	22.97	23.35	22.26	23.03	3963393	137082432.00
2018/05/22	22.91	24.64	22.73	23.97	6747811	242150880.00
2018/05/23	23.71	25.17	23.21	24.50	8637175	317953120.00
2018/05/24	23.90	24.31	23.67	23.89	4234708	153091952.00
2018/05/25	23.91	24.70	23.47	24.17	4583534	166643072.00
2018/05/28	24.17	25.96	23.69	23.87	4750224	175402528.00
2018/05/29	23.45	24.93	22.97	24.55	5204183	189161424.00
2018/05/30	23.36	25.95	22.63	24.63	8475134	313610240.00
2018/05/31	24.51	25.97	24.15	25.91	9777958	374450784.00
2018/06/01	25.30	25.77	23.67	24.87	6819505	255666000.00
2018/06/04	25.17	25.88	24.17	25.63	6908709	263332160.00
2018/06/05	27.30	28.20	25.37	25.85	13563932	545156032.00
2018/06/06	24.93	25.45	24.22	25.45	9985065	372020896.00
2018/06/07	24.83	24.95	23.90	23.97	6371627	233342560.00
2018/06/08	24.10	24.58	23.81	24.33	4073349	148494160.00
2018/06/11	23.94	23.97	23.07	23.17	4079876	143910064.00
2018/06/12	23.29	23.50	22.46	22.97	3047140	104915904.00
2018/06/13	22.63	23.25	22.00	22.07	2913498	99152520.00
2018/06/14	21.83	22.46	21.83	22.20	2186588	72832928.00
2018/06/15	22.28	22.40	21.05	21.05	3089121	99703792.00
2018/06/19	20.27	20.27	18.95	18.95	3076973	90434904.00
2018/06/20	18.94	19.51	18.63	19.22	2451737	70412296.00
2018/06/21	19.17	19.49	17.42	17.54	2775600	76571248.00
2018/06/22	17.43	19.30	17.31	19.30	4667312	131243864.00
2018/06/25	19.30	20.17	19.30	19.57	4633149	137374736.00
2018/06/26	19.05	20.01	18.97	19.91	2903262	85846664.00
2018/06/27	19.77	20.55	19.71	20.23	2990574	90295064.00
2018/06/28	20.25	21.63	20.20	21.11	6626508	208674544.00
2018/06/29	21.23	21.23	20.17	20.94	5312040	165261152.00
2018/07/02	20.73	20.73	19.65	20.17	3368423	103223600.00
2018/07/03	20.25	20.97	19.95	20.97	3402521	105525800.00
2018/07/04	20.79	20.79	18.97	19.67	3110487	93714544.00
2018/07/05	19.40	20.13	18.81	18.95	1979699	58248656.00
2018/07/06	19.28	20.33	18.93	19.30	2639802	77524032.00
2018/07/09	19.64	20.01	19.49	20.01	2223502	66275648.00
2018/07/10	20.03	21.20	19.75	20.86	4543418	139544656.00
2018/07/11	20.31	21.95	20.04	21.90	8377138	266878224.00
2018/07/12	21.83	22.43	21.38	21.89	8011289	262299968.00
2018/07/13	19.99	20.97	19.99	20.84	6606445	204027040.00
2018/07/16	20.66	21.49	20.31	20.94	4375099	137576160.00
2018/07/17	20.55	20.87	20.23	20.58	2835708	87426032.00
2018/07/18	20.63	22.33	20.63	21.22	5816215	185288048.00
2018/07/19	21.03	21.22	20.63	20.78	3135999	98422640.00
2018/07/20	20.50	21.46	20.22	21.09	3824368	120538464.00
2018/07/23	20.83	20.87	19.67	20.17	3871620	118054904.00
2018/07/24	20.16	20.67	20.01	20.58	2527314	77527160.00
2018/07/25	20.55	20.83	20.17	20.23	2047387	62992752.00
2018/07/26	20.29	20.47	18.97	19.25	2596200	76504192.00
2018/07/27	19.23	19.61	18.97	19.26	1304211	38041324.00
2018/07/30	19.31	19.49	18.30	18.56	1765170	49702928.00
2018/07/31	18.54	19.00	18.38	19.00	1189430	33535120.00
2018/08/01	19.00	19.51	18.50	18.51	1678739	47848172.00
2018/08/02	18.50	18.75	17.50	18.04	1562950	42550636.00
2018/08/03	18.05	18.29	17.53	17.75	935900	25075988.00
2018/08/06	17.39	17.83	16.66	16.73	1175460	30505008.00
2018/08/07	16.66	17.41	16.57	17.39	1389105	35596416.00
2018/08/08	17.39	17.42	16.63	16.69	1183839	30211488.00
2018/08/09	16.73	17.42	16.59	17.24	1572802	40646032.00
2018/08/10	17.36	18.13	17.19	17.63	2005004	52983368.00
2018/08/13	17.35	18.25	16.77	17.96	2151608	57370512.00
2018/08/14	17.77	18.07	17.65	17.79	1381100	36977156.00
2018/08/15	17.77	17.98	17.26	17.26	1202600	31914760.00
2018/08/16	17.26	17.85	16.84	17.47	1480708	38961708.00
2018/08/17	17.52	17.85	16.65	16.78	1542510	39795516.00
2018/08/20	16.69	17.35	16.63	17.31	1424557	36393108.00
2018/08/21	17.35	17.67	17.03	17.51	2148193	56263564.00
2018/08/22	17.37	17.45	16.83	16.85	1526619	39183692.00
2018/08/23	16.91	17.37	16.70	17.29	1683104	43467900.00
2018/08/24	17.15	17.40	16.97	17.00	1134000	29254096.00
2018/08/27	17.22	18.71	16.91	17.93	5099182	139283040.00
2018/08/28	17.70	18.09	17.58	17.69	3559602	94947640.00
2018/08/29	17.69	17.89	17.44	17.49	1832950	48574812.00
2018/08/30	17.40	17.58	16.87	16.89	1790100	45971392.00
2018/08/31	16.89	17.19	16.25	16.25	1555300	39248628.00
2018/09/03	16.03	16.29	14.67	15.22	2319900	53264512.00
2018/09/04	15.22	15.53	15.16	15.37	1308504	30206912.00
2018/09/05	15.04	15.69	15.04	15.11	1555200	36074892.00
2018/09/06	15.12	15.46	14.97	15.27	1191202	27372196.00
2018/09/07	15.18	15.53	14.89	15.11	1212272	27777734.00
2018/09/10	15.05	15.05	13.97	14.03	1762076	38222344.00
2018/09/11	14.02	14.54	14.02	14.45	1647202	35551328.00
2018/09/12	14.63	14.77	14.41	14.61	1399476	30812754.00
2018/09/13	14.89	14.95	14.63	14.89	1351352	30099528.00
2018/09/14	14.93	14.93	14.17	14.29	1260202	27575614.00
2018/09/17	14.01	14.55	14.01	14.28	1009900	21830422.00
2018/09/18	14.25	14.53	14.04	14.45	1164652	25071580.00
2018/09/19	14.30	14.70	14.18	14.51	1639757	35658764.00
2018/09/20	14.49	15.29	14.35	14.67	2169775	48243932.00
2018/09/21	14.53	14.63	14.26	14.57	1759600	38158240.00
2018/09/25	14.50	14.53	14.23	14.30	1111302	23950364.00
2018/09/26	14.31	14.48	14.17	14.33	1294172	27921904.00
2018/09/27	14.25	14.36	13.37	13.45	2292602	47576868.00
2018/09/28	13.45	13.59	13.17	13.37	1439929	29009564.00
2018/10/08	13.07	13.12	12.69	12.77	1296776	25171864.00
2018/10/09	12.95	13.23	12.71	13.03	1876131	36799836.00
2018/10/10	12.98	13.54	12.98	13.17	2204100	43776600.00
2018/10/11	11.85	12.36	11.85	11.85	2649200	47732528.00
2018/10/12	11.49	11.49	10.67	11.03	2943636	48753516.00
2018/10/15	11.00	11.75	11.00	11.07	1736169	29487730.00
2018/10/16	11.08	11.37	11.04	11.17	1363700	22964430.00
2018/10/17	11.29	11.41	10.79	11.28	1502336	25328784.00
2018/10/18	11.30	11.30	10.70	10.77	1208200	19873376.00
2018/10/19	10.69	11.15	10.46	11.10	1443794	23744682.00
2018/10/22	11.29	11.73	11.10	11.63	2004906	34708092.00
2018/10/23	11.59	11.60	11.23	11.30	1610942	27642392.00
2018/10/24	11.19	11.48	11.19	11.34	1095070	18719266.00
2018/10/25	10.87	10.92	10.58	10.91	1689700	27381864.00
2018/10/26	11.03	12.01	10.99	12.01	2591743	45301532.00
2018/10/29	12.63	13.21	12.42	13.21	7713982	150309120.00
2018/10/30	13.37	14.26	12.38	13.11	10989823	217092304.00
2018/10/31	12.70	13.84	12.57	13.51	9118806	181615312.00
2018/11/01	13.17	14.29	13.01	13.11	6646224	132569288.00
2018/11/02	13.27	13.83	12.77	13.55	7468824	148705808.00
2018/11/05	13.29	13.57	13.21	13.43	5899533	118649576.00
2018/11/06	13.31	13.35	12.87	13.07	3454131	67773760.00
2018/11/07	13.03	13.74	12.89	13.46	6737431	135343104.00
2018/11/08	13.53	13.53	13.22	13.52	4235803	85227424.00
2018/11/09	13.47	14.09	13.33	13.53	6242636	128986408.00
2018/11/12	13.15	13.83	12.79	13.83	4906700	98536144.00
2018/11/13	13.57	13.95	13.40	13.79	5079200	104586416.00
2018/11/14	13.83	14.74	13.57	14.25	8021410	171009040.00
2018/11/15	14.10	14.55	13.98	14.50	5992559	128825400.00
2018/11/16	14.28	14.61	14.23	14.56	4867564	105694560.00
2018/11/19	14.56	14.95	14.30	14.32	3704300	80690496.00
2018/11/20	14.05	14.19	13.41	13.57	3291298	68584648.00
2018/11/21	13.30	13.57	13.17	13.45	1952898	39301712.00
2018/11/22	13.47	13.67	13.07	13.11	2512324	50535568.00
2018/11/23	13.14	13.39	12.45	12.51	2478822	48436208.00
2018/11/26	12.51	12.71	12.38	12.63	1678324	31693148.00
2018/11/27	12.69	13.21	12.63	13.03	2383260	46364688.00
2018/11/28	12.93	13.47	12.87	13.28	3058424	60839928.00
2018/11/29	13.37	13.54	12.17	12.35	2695800	52615436.00
2018/11/30	12.43	12.86	12.01	12.81	2238224	42531188.00
2018/12/03	13.33	14.10	13.10	14.10	5876427	123455208.00
2018/12/04	14.03	14.63	13.77	14.54	9117801	195414336.00
2018/12/05	13.97	14.40	13.85	14.13	4648334	99045000.00
2018/12/06	14.27	14.49	12.97	13.27	5382900	112280000.00
2018/12/07	13.97	14.61	13.97	14.61	2514200	54866804.00
2018/12/10	15.70	16.07	14.90	15.73	15513888	365684416.00
2018/12/11	15.11	17.31	15.11	17.31	16063594	388957440.00
2018/12/12	16.44	16.87	15.82	15.97	12184752	299581632.00
2018/12/13	16.05	16.81	15.87	16.33	10395069	256864720.00
2018/12/14	15.90	15.91	15.30	15.31	6559163	153492000.00
2018/12/17	15.21	15.35	14.72	15.31	4492290	101236888.00
2018/12/18	15.27	15.95	15.13	15.64	6455214	152275664.00
2018/12/19	15.77	16.31	15.30	15.87	6865807	164985744.00
2018/12/20	15.57	15.81	15.30	15.65	4492030	105015016.00
2018/12/21	15.43	16.68	15.31	15.95	6560250	158733280.00
2018/12/24	16.23	17.47	16.04	16.90	9231239	233379136.00
2018/12/25	16.43	18.35	15.21	17.47	11614532	293240000.00
2018/12/26	17.03	17.30	16.27	16.41	8747645	221454704.00
2018/12/27	16.53	16.76	16.10	16.12	5180589	127801016.00
2018/12/28	16.11	16.29	15.64	15.74	4516169	107986688.00
2019/01/02	15.74	16.25	15.34	16.17	4561601	109268256.00
2019/01/03	16.02	16.06	14.55	14.55	6349391	143862816.00
2019/01/04	14.08	14.81	13.83	14.67	4440700	96005360.00
2019/01/07	14.73	15.27	14.73	14.97	4107400	92832016.00
2019/01/08	15.27	15.61	15.02	15.09	4189215	96164552.00
2019/01/09	14.77	15.56	14.49	15.21	5309700	120965872.00
2019/01/10	15.16	15.55	14.97	15.45	5186050	119276720.00
2019/01/11	15.57	16.47	15.37	15.61	5267752	125042512.00
2019/01/14	15.43	15.68	14.83	15.25	3525031	80265928.00
2019/01/15	15.01	15.57	14.91	15.25	2913627	66845660.00
2019/01/16	15.17	15.39	15.05	15.06	2346126	53663928.00
2019/01/17	14.97	15.17	14.51	14.52	3101500	68715064.00
2019/01/18	14.50	14.71	14.14	14.42	2202302	47716924.00
2019/01/21	14.38	14.81	14.35	14.73	2817602	62174164.00
2019/01/22	14.71	14.87	14.59	14.82	2069100	45959484.00
2019/01/23	14.81	14.81	14.30	14.60	1789300	38946900.00
2019/01/24	14.63	14.82	14.51	14.79	2102302	46539608.00
2019/01/25	14.75	14.81	14.02	14.04	2196749	47677844.00
2019/01/28	14.45	14.45	14.15	14.17	1461900	31375876.00
2019/01/29	14.15	14.48	12.78	13.63	2327833	47140600.00
2019/01/30	13.61	13.70	13.02	13.13	1454429	29222738.00
2019/01/31	13.13	13.27	12.17	12.57	2066952	39746472.00
2019/02/01	12.63	13.17	12.57	13.16	1475126	28805772.00
2019/02/11	13.19	13.79	13.19	13.61	1893898	38723200.00
2019/02/12	13.61	13.93	13.45	13.63	2320578	47754980.00
2019/02/13	13.70	14.09	13.61	13.92	3155825	66003636.00
2019/02/14	13.89	14.13	13.71	13.97	2680025	56174476.00
2019/02/15	13.94	15.30	13.80	14.49	4892578	106330096.00
2019/02/18	14.48	14.93	14.30	14.89	4997683	110153480.00
2019/02/19	14.81	14.99	14.64	14.97	4450180	99148184.00
2019/02/20	15.30	16.34	15.29	15.49	8790024	207433280.00
2019/02/21	15.11	15.89	14.96	15.40	7743453	179584752.00
2019/02/22	15.17	15.53	15.03	15.50	5719755	131897648.00
2019/02/25	15.93	16.25	15.53	16.13	7859226	187704800.00
2019/02/26	16.19	17.47	15.74	16.66	11908140	298459936.00
2019/02/27	16.50	16.88	15.97	16.14	6514982	160418944.00
2019/02/28	16.15	16.35	15.63	15.94	4039493	97029168.00
2019/03/01	15.94	16.43	15.74	16.43	4456237	107829800.00
2019/03/04	16.63	16.84	16.40	16.50	6168128	154300272.00
2019/03/05	16.31	16.93	16.23	16.87	5836690	145146144.00
2019/03/06	16.78	17.96	16.73	17.43	9244911	238728128.00
2019/03/07	17.25	18.13	16.89	17.71	9927277	262572736.00
2019/03/08	17.18	17.53	16.30	16.30	6686408	170520304.00
2019/03/11	16.33	16.94	16.33	16.91	4197197	105171680.00
2019/03/12	17.05	17.42	16.94	17.27	5942708	153497728.00
2019/03/13	18.83	19.01	18.17	19.01	9776287	275417344.00
2019/03/14	19.30	20.55	18.46	19.91	18711836	546509824.00
2019/03/15	19.33	21.10	18.70	20.27	13092127	385845152.00
2019/03/18	19.77	20.29	19.35	20.29	8012052	238294800.00
2019/03/19	20.29	20.42	19.54	19.67	7596364	226256656.00
2019/03/20	19.58	19.58	18.63	19.09	6012458	172054272.00
2019/03/21	19.09	19.40	18.82	19.06	4951394	142645840.00
2019/03/22	19.01	19.29	18.67	19.27	4288737	122140352.00
2019/03/25	18.75	19.40	18.50	18.83	3500368	100098912.00
2019/03/26	19.21	19.22	18.06	18.23	3802873	106861800.00
2019/03/27	18.30	18.42	17.17	17.84	4157363	110823128.00
2019/03/28	17.75	18.63	17.57	17.86	3806016	104122992.00
2019/03/29	17.94	18.50	17.30	18.29	3977707	107497168.00
2019/04/01	18.63	19.09	18.30	19.00	4342627	122997792.00
2019/04/02	19.03	19.05	18.58	18.65	4441349	125512328.00
2019/04/03	18.63	18.63	18.17	18.40	3294262	90824040.00
2019/04/04	18.37	18.49	18.17	18.29	2494300	68531040.00
2019/04/08	18.31	19.09	18.30	18.43	3769525	105446000.00
2019/04/09	18.84	20.10	18.84	19.56	9095443	266963440.00
2019/04/10	18.97	19.25	18.67	18.93	4835643	137610528.00
2019/04/11	18.61	18.90	17.83	17.84	4695200	128443304.00
2019/04/12	17.78	18.23	17.71	17.95	1880318	50786040.00
2019/04/15	18.27	18.60	17.87	17.87	2356278	64757604.00
2019/04/16	17.87	19.30	17.45	19.04	5227914	144853872.00
2019/04/17	19.01	19.27	18.57	18.73	4512947	127806872.00
2019/04/18	18.87	19.13	18.64	18.95	3673515	104229800.00
2019/04/19	18.73	18.97	18.02	18.62	3382666	94462456.00
2019/04/22	18.73	19.23	18.45	18.75	4340908	123351552.00
2019/04/23	18.82	18.82	17.97	18.03	3031215	83195784.00
2019/04/24	17.91	18.56	17.91	18.41	2225815	61187660.00
2019/04/25	18.44	19.22	18.02	18.13	4639024	131079176.00
2019/04/26	17.53	18.83	17.53	18.13	4026928	111314768.00
2019/04/29	18.08	18.47	16.57	16.57	4013216	104082776.00
2019/04/30	16.57	17.37	16.54	17.08	2096781	53644340.00
2019/05/06	16.37	16.77	15.37	15.37	3168330	76218376.00
2019/05/07	15.51	16.07	15.43	15.83	2277690	54062364.00
2019/05/08	15.32	16.03	15.32	15.62	2027880	47921772.00
2019/05/09	15.49	16.07	15.43	15.64	2206884	52421064.00
2019/05/10	15.82	16.42	15.21	16.35	3248283	78158488.00
2019/05/13	16.16	16.47	15.90	16.07	2084528	50603208.00
2019/05/14	15.81	16.30	15.69	16.05	2041763	49211492.00
2019/05/15	16.23	16.41	16.07	16.27	2267390	55324276.00
2019/05/16	15.83	15.83	15.03	15.28	5661745	130101600.00
2019/05/17	15.21	16.81	14.91	15.43	5447647	128502448.00
2019/05/20	15.79	16.60	15.37	16.31	5146553	122997224.00
2019/05/21	15.98	17.26	15.83	17.09	7447977	188120656.00
2019/05/22	16.83	17.39	16.57	16.69	5238030	133079016.00
2019/05/23	16.45	16.84	16.31	16.63	2986500	74252280.00
2019/05/24	16.39	16.83	16.20	16.21	2471554	61624776.00
2019/05/27	16.33	16.75	14.97	16.69	3523520	85332984.00
2019/05/28	16.63	16.78	16.28	16.31	2930111	72675448.00
2019/05/29	16.30	17.95	16.10	17.95	3983139	104576848.00
2019/05/30	18.90	19.75	18.72	19.75	17431086	509823808.00
2019/05/31	19.97	21.73	19.40	21.73	15829738	496473280.00
2019/06/03	22.56	23.90	19.65	23.90	27480707	900210176.00
2019/06/04	24.30	26.29	24.30	26.29	24792586	956437184.00
2019/06/05	26.36	28.93	26.29	28.93	24277330	1026514304.00
2019/06/06	28.55	28.55	26.03	26.03	25007552	1005859648.00
2019/06/10	26.63	28.28	25.17	25.25	27457450	1116603264.00
2019/06/11	24.75	27.78	24.75	27.78	23820327	946170048.00
2019/06/12	28.66	30.56	27.09	28.82	46611343	1357682560.00
2019/06/13	29.19	30.58	27.94	29.60	38029064	1115781376.00
2019/06/14	29.00	29.40	26.64	26.64	26454869	735838080.00
2019/06/17	25.90	26.40	24.35	25.01	26542872	662806592.00
2019/06/18	24.41	25.11	23.71	24.05	20340215	494902272.00
2019/06/19	24.50	25.69	24.05	24.20	25614630	635755136.00
2019/06/20	23.71	23.97	22.22	23.72	27982066	648136000.00
2019/06/21	23.76	24.86	23.45	24.28	25644750	618092224.00
2019/06/24	23.88	26.71	23.35	26.71	33074611	836371264.00
2019/06/25	26.50	26.50	24.85	24.85	25107345	640138560.00
2019/06/26	24.81	27.18	23.80	25.61	28361194	729566848.00
2019/06/27	24.80	28.17	24.36	28.17	40419574	1106886016.00
2019/06/28	28.00	28.00	25.45	26.70	33069774	883228160.00
2019/07/01	27.56	29.00	26.89	27.90	33392619	920495296.00
2019/07/02	27.06	28.48	26.90	26.90	21035642	579902336.00
2019/07/03	26.40	26.40	24.98	25.24	17369857	443027072.00
2019/07/04	25.23	25.55	24.60	24.80	10161856	254850272.00
2019/07/05	24.83	25.45	24.82	25.33	9123840	230413040.00
2019/07/08	24.23	24.95	23.21	23.77	10914418	262649984.00
2019/07/09	24.01	24.46	23.80	24.05	8544481	206442672.00
2019/07/10	24.30	26.46	24.11	26.46	23960077	615360128.00
2019/07/11	27.10	27.10	25.75	26.14	22736633	598099520.00
2019/07/12	25.79	25.96	24.80	24.80	15193109	383493888.00
2019/07/15	24.45	26.98	24.30	26.00	19267885	501823168.00
2019/07/16	26.00	27.47	25.65	26.73	24564709	661434368.00
2019/07/17	26.43	27.33	26.00	26.00	18451603	488148512.00
2019/07/18	26.11	27.45	26.11	26.82	22804410	611223808.00
2019/07/19	26.51	28.80	25.88	27.46	25536491	690879552.00
2019/07/22	26.78	27.13	24.76	25.90	16226031	421598496.00
2019/07/23	25.65	27.76	25.65	27.35	22896582	620762304.00
2019/07/24	27.44	29.99	27.11	29.11	33928082	972524608.00
2019/07/25	28.58	29.40	28.30	28.60	22050331	632865856.00
2019/07/26	28.40	29.78	28.33	28.34	21911400	637319168.00
2019/07/29	28.00	29.68	28.00	29.37	21583016	626719232.00
2019/07/30	29.11	29.60	28.70	29.20	17042530	494435712.00
2019/07/31	29.11	29.95	28.88	29.40	19710132	580336960.00
2019/08/01	28.60	29.30	28.50	29.12	14787412	426469728.00
2019/08/02	28.20	28.69	27.20	27.70	17029064	476048448.00
2019/08/05	27.60	28.50	27.37	27.76	12341139	345454464.00
2019/08/06	26.50	26.95	25.11	26.68	15997077	419040672.00
2019/08/07	27.07	27.16	26.39	26.61	10371630	278261952.00
2019/08/08	26.87	27.41	25.88	27.28	12227566	327570304.00
2019/08/09	27.21	27.45	26.06	26.10	11477093	306499360.00
2019/08/12	26.20	27.15	26.01	27.08	9969131	264535600.00
2019/08/13	26.80	28.35	26.28	27.91	17805373	489459488.00
2019/08/14	28.16	28.66	27.31	27.80	14780911	413587744.00
2019/08/15	26.59	27.83	26.39	27.52	9499722	258078096.00
2019/08/16	27.50	29.98	27.10	28.80	22933901	662146688.00
2019/08/19	29.20	30.50	28.85	29.78	24557237	731180480.00
2019/08/20	29.65	31.99	29.03	29.28	27982934	852946944.00
2019/08/21	29.88	30.54	28.89	30.45	23685409	707152896.00
2019/08/22	30.11	31.00	29.70	29.95	17531038	529147552.00
2019/08/23	29.58	29.79	28.40	28.65	16101393	466183552.00
2019/08/26	27.55	28.48	27.46	28.15	9571353	268134528.00
2019/08/27	28.29	28.92	28.09	28.43	11755314	335058496.00
2019/08/28	28.42	28.64	27.80	28.35	8882034	250430208.00
2019/08/29	28.25	28.56	27.80	27.98	9548167	268341264.00
2019/08/30	27.97	28.20	26.69	26.85	12232347	334882944.00
2019/09/02	26.94	27.70	26.80	27.55	8113839	221449888.00
2019/09/03	27.55	28.49	27.42	28.40	12758188	359449248.00
2019/09/04	28.40	28.40	27.71	28.17	9003277	252618048.00
2019/09/05	28.67	29.80	28.08	29.28	21642458	627509760.00
2019/09/06	29.28	30.36	28.77	29.31	19515483	578056256.00
2019/09/09	29.90	31.39	29.42	31.10	25397989	773828992.00
2019/09/10	30.50	30.97	29.63	29.81	18945782	569912000.00
2019/09/11	30.40	30.40	28.93	29.00	12299098	360374528.00
2019/09/12	28.88	29.69	28.88	29.31	10220269	300107968.00
2019/09/16	29.50	29.88	28.96	29.78	9877892	291706304.00
2019/09/17	29.71	29.71	28.01	29.26	9824713	284629920.00
2019/09/18	29.30	32.19	29.12	32.19	29879630	923064832.00
2019/09/19	33.70	35.00	32.21	32.42	41175132	1380627712.00
2019/09/20	31.79	35.00	31.53	33.42	32536062	1089718272.00
2019/09/23	32.35	32.60	31.12	31.45	21533364	684157760.00
2019/09/24	31.44	32.28	31.20	32.05	17270404	548629696.00
2019/09/25	31.59	31.59	30.10	30.51	13957050	428838560.00
2019/09/26	30.61	31.33	30.00	31.02	13793252	423538240.00
2019/09/27	30.80	32.50	30.19	32.06	16299487	517721152.00
2019/09/30	31.80	32.70	30.55	30.85	10261683	324588064.00
2019/10/08	30.75	32.20	30.57	31.80	10517208	331898048.00
2019/10/09	31.54	33.51	31.14	33.25	18838243	614091136.00
2019/10/10	33.23	33.48	32.52	33.38	15578469	514256608.00
2019/10/11	33.30	33.30	31.73	31.79	16392480	528178912.00
2019/10/14	32.01	33.85	32.01	33.43	18339932	606296384.00
2019/10/15	33.00	33.20	31.80	32.36	12932495	418660384.00
2019/10/16	32.60	32.77	31.12	31.17	12610906	399263744.00
2019/10/17	31.06	31.77	30.52	31.60	8937313	280685024.00
2019/10/18	31.61	31.97	30.80	31.84	7752500	243683024.00
2019/10/21	31.66	31.66	30.66	31.32	6115256	190276752.00
2019/10/22	31.40	32.19	31.40	32.13	8737013	279111968.00
2019/10/23	32.20	32.23	30.71	30.95	9723579	305677568.00
2019/10/24	30.85	30.85	27.86	27.86	18414262	531628800.00
2019/10/25	26.90	27.27	25.88	27.00	10550461	283410752.00
2019/10/28	27.09	27.69	26.75	27.40	7936412	216918208.00
2019/10/29	27.60	27.60	26.30	26.30	8939100	238081408.00
2019/10/30	24.66	25.76	24.66	25.19	8879900	224346976.00
2019/10/31	25.27	25.65	23.33	24.50	10372100	255447440.00
2019/11/01	24.41	24.88	24.00	24.64	6840501	167756960.00
2019/11/04	24.80	24.97	24.51	24.70	5192455	128485760.00
2019/11/05	24.70	25.06	24.19	24.52	5875300	144489424.00
2019/11/06	24.40	24.70	23.80	24.05	5937801	143254640.00
2019/11/07	23.96	24.34	23.56	24.11	4458751	107253200.00
2019/11/08	24.16	24.48	23.91	23.95	5282450	127886480.00
2019/11/11	23.70	23.71	23.02	23.08	4744450	110637600.00
2019/11/12	23.15	23.45	23.03	23.34	4122600	95870624.00
2019/11/13	23.45	23.45	22.78	22.95	4487400	103155048.00
2019/11/14	23.03	23.47	22.43	23.46	6565328	151233648.00
2019/11/15	23.29	24.69	22.80	23.83	10554600	249956944.00
2019/11/18	23.45	24.29	23.36	23.99	6806955	163406160.00
2019/11/19	24.03	24.60	23.79	24.54	7802917	190063280.00
2019/11/20	24.67	24.67	24.01	24.01	6182256	149605120.00
2019/11/21	23.74	24.00	23.60	23.84	3457608	82263304.00
2019/11/22	23.85	24.09	23.13	23.16	4628550	108893296.00
2019/11/25	23.20	23.35	22.00	22.23	5373959	120839864.00
2019/11/26	22.28	22.62	21.77	21.78	4869034	107817304.00
2019/11/27	21.80	21.99	21.62	21.86	4547909	99195680.00
2019/11/28	21.73	21.96	21.15	21.36	4985450	107085104.00
2019/11/29	21.63	21.63	21.00	21.25	3426150	72546464.00
2019/12/02	21.25	21.49	21.14	21.37	3379350	72019584.00
2019/12/03	21.48	21.95	21.20	21.95	5360750	115796608.00
2019/12/04	21.68	21.88	21.60	21.75	3746900	81455032.00
2019/12/05	21.82	22.55	21.72	22.45	7415150	164866448.00
2019/12/06	22.58	22.58	22.08	22.47	5572550	124404896.00
2019/12/09	22.46	22.65	22.30	22.36	4032416	90626776.00
2019/12/10	22.25	22.57	22.08	22.53	4665453	104095304.00
2019/12/11	22.77	24.78	22.77	24.04	18499586	446584544.00
2019/12/12	22.68	23.59	22.50	23.07	12800380	296041312.00
2019/12/13	23.09	23.29	22.57	22.66	9554640	217754544.00
2019/12/16	22.71	23.22	22.65	23.20	9379183	214770272.00
2019/12/17	23.30	23.99	23.11	23.73	12311150	291667200.00
2019/12/18	23.65	24.32	23.45	24.24	11952819	287216672.00
2019/12/19	24.44	24.44	23.65	24.08	7812466	187211536.00
2019/12/20	24.08	25.00	23.80	24.40	10945553	266596304.00
2019/12/23	24.15	24.15	23.05	23.10	7625750	180190352.00
2019/12/24	23.02	23.73	23.02	23.59	4506619	105537296.00
2019/12/25	23.66	23.93	23.38	23.73	4980200	118130160.00
2019/12/26	23.95	24.16	23.64	23.89	5742945	137352288.00
2019/12/27	24.17	24.25	23.45	23.52	5815805	138819296.00
2019/12/30	23.52	23.52	22.46	23.24	4399850	101531480.00
2019/12/31	23.47	23.57	23.05	23.20	3330005	77571888.00
2020/01/02	23.30	23.94	23.30	23.85	6037788	143189216.00
2020/01/03	24.14	24.65	23.91	24.39	11574553	281681632.00
2020/01/06	23.99	24.72	23.80	24.48	10949435	266647584.00
2020/01/07	24.44	24.98	24.36	24.81	9020050	223497344.00
2020/01/08	24.63	24.63	23.75	23.81	8899888	215151200.00
2020/01/09	24.00	24.84	23.99	24.65	9183632	224742368.00
2020/01/10	24.89	24.93	24.31	24.58	6875403	169159280.00
2020/01/22	26.97	26.97	25.20	25.57	18144353	472601984.00
2020/01/23	25.70	25.86	23.10	23.39	12186174	295535328.00
数据来源:通达信
