002936 郑州银行 日线 前复权
      日期	    开盘	    最高	    最低	    收盘	    成交量	    成交额
2018/09/19	5.36	6.46	5.36	6.46	1665069	10973811.00
2018/09/20	7.12	7.12	7.12	7.12	1280027	9305796.00
2018/09/21	7.85	7.85	7.85	7.85	5819906	46559248.00
2018/09/25	7.87	7.94	7.28	7.33	272932092	2069654016.00
2018/09/26	7.07	7.42	6.97	7.24	196596943	1439734400.00
2018/09/27	7.09	7.13	6.69	6.76	182966091	1289596032.00
2018/09/28	6.66	6.87	6.66	6.72	92218152	637237376.00
2018/10/08	6.60	6.60	6.16	6.21	91759363	601290880.00
2018/10/09	6.25	6.27	6.01	6.10	65842296	413378432.00
2018/10/10	6.11	6.13	5.97	6.03	48760348	301995584.00
2018/10/11	5.73	5.80	5.41	5.45	98550720	562531072.00
2018/10/12	5.40	5.70	5.35	5.63	100639437	578427520.00
2018/10/15	5.62	5.62	5.44	5.46	51240037	289468416.00
2018/10/16	5.45	5.54	5.31	5.36	39784433	222211312.00
2018/10/17	5.44	5.48	5.13	5.27	65150010	353693600.00
2018/10/18	5.20	5.20	5.01	5.03	46411249	243128368.00
2018/10/19	4.93	5.14	4.88	5.12	56467012	293421344.00
2018/10/22	5.11	5.64	5.07	5.57	125504964	697763712.00
2018/10/23	5.49	5.53	5.29	5.33	83144911	460834880.00
2018/10/24	5.28	5.85	5.28	5.52	140661630	807105728.00
2018/10/25	5.29	5.69	5.25	5.66	111266197	623450368.00
2018/10/26	5.64	5.65	5.51	5.56	67563600	386570272.00
2018/10/29	5.52	5.62	5.36	5.38	48264760	270261920.00
2018/10/30	5.40	5.68	5.35	5.54	80161661	455622368.00
2018/10/31	5.53	5.82	5.46	5.67	113931973	662088576.00
2018/11/01	5.62	5.77	5.57	5.58	84099446	487654080.00
2018/11/02	5.65	5.80	5.59	5.71	90851877	529780672.00
2018/11/05	5.68	5.79	5.58	5.67	69755822	406695616.00
2018/11/06	5.60	5.63	5.44	5.52	64491138	365216544.00
2018/11/07	5.50	5.55	5.45	5.46	36876348	208270336.00
2018/11/08	5.51	5.53	5.42	5.42	32437413	182335872.00
2018/11/09	5.40	5.40	5.30	5.30	34154067	187240864.00
2018/11/12	5.30	5.38	5.28	5.37	28169447	154726992.00
2018/11/13	5.32	5.48	5.30	5.46	54982791	305372224.00
2018/11/14	5.43	5.49	5.40	5.41	41576983	232601008.00
2018/11/15	5.40	5.49	5.38	5.49	43707075	244989840.00
2018/11/16	5.50	5.62	5.44	5.55	70657878	401754048.00
2018/11/19	5.54	5.71	5.52	5.71	99451949	576611392.00
2018/11/20	5.65	5.66	5.46	5.48	67442629	385523968.00
2018/11/21	5.40	5.48	5.37	5.46	31756431	177319296.00
2018/11/22	5.46	5.48	5.37	5.39	33415410	185717136.00
2018/11/23	5.40	5.41	5.20	5.22	40667592	221335104.00
2018/11/26	5.22	5.28	5.21	5.23	18595287	100299056.00
2018/11/27	5.25	5.27	5.17	5.21	19451705	104521184.00
2018/11/28	5.20	5.26	5.16	5.25	20579339	110596776.00
2018/11/29	5.27	5.28	5.09	5.12	26922677	144084736.00
2018/11/30	5.12	5.15	5.06	5.14	19342123	101796328.00
2018/12/03	5.24	5.27	5.19	5.24	38263917	206219456.00
2018/12/04	5.22	5.25	5.20	5.25	21743507	116903464.00
2018/12/05	5.17	5.20	5.14	5.18	19852731	105634696.00
2018/12/06	5.15	5.18	5.10	5.11	19919743	105252720.00
2018/12/07	5.11	5.14	5.10	5.11	11205988	59010532.00
2018/12/10	5.07	5.08	5.02	5.03	16690320	86681584.00
2018/12/11	5.03	5.13	5.01	5.09	17532183	91549728.00
2018/12/12	5.09	5.12	5.06	5.08	12077047	63284264.00
2018/12/13	5.08	5.18	5.05	5.15	27994151	147880544.00
2018/12/14	5.12	5.13	5.04	5.04	19356100	101282192.00
2018/12/17	5.03	5.09	5.01	5.05	11621844	60351292.00
2018/12/18	5.02	5.05	5.00	5.02	11183721	57829952.00
2018/12/19	5.03	5.04	4.98	4.99	11559205	59525360.00
2018/12/20	4.98	5.00	4.93	4.99	14311220	73244672.00
2018/12/21	4.97	4.99	4.94	4.98	12613203	64444912.00
2018/12/24	4.96	4.99	4.94	4.99	10956319	56108468.00
2018/12/25	4.95	4.95	4.87	4.93	20311260	102707272.00
2018/12/26	4.92	4.94	4.89	4.90	10226816	51769244.00
2018/12/27	5.00	5.02	4.87	4.88	16266183	82905760.00
2018/12/28	4.88	4.96	4.88	4.92	13889275	70358616.00
2019/01/02	4.93	4.94	4.87	4.89	11883364	59941864.00
2019/01/03	4.89	4.97	4.88	4.90	14694434	74556656.00
2019/01/04	4.86	5.13	4.83	5.08	52034501	269312224.00
2019/01/07	5.10	5.10	5.02	5.05	35450562	184252608.00
2019/01/08	5.03	5.05	4.99	5.01	18335626	94694104.00
2019/01/09	5.03	5.09	5.01	5.03	28276872	147070656.00
2019/01/10	5.02	5.03	4.96	4.97	20119752	103294856.00
2019/01/11	4.96	5.05	4.95	5.03	22217712	114539912.00
2019/01/14	5.04	5.07	4.96	4.97	20332332	104633216.00
2019/01/15	4.96	5.04	4.95	5.03	24012599	123705536.00
2019/01/16	5.02	5.02	4.97	4.99	14359999	73863376.00
2019/01/17	5.00	5.02	4.96	4.97	14777975	75963024.00
2019/01/18	4.97	5.05	4.97	5.03	32052935	165792848.00
2019/01/21	5.02	5.05	4.98	5.00	21567246	111337664.00
2019/01/22	5.00	5.00	4.95	4.96	14456813	74085144.00
2019/01/23	4.96	5.01	4.95	4.96	11179607	57240836.00
2019/01/24	4.96	4.99	4.95	4.98	14541850	74506560.00
2019/01/25	4.97	5.04	4.97	4.99	25123679	129664760.00
2019/01/28	4.91	4.91	4.76	4.77	64253917	319142464.00
2019/01/29	4.74	4.75	4.62	4.67	23069018	111473456.00
2019/01/30	4.66	4.70	4.63	4.63	13114781	63069248.00
2019/01/31	4.64	4.69	4.58	4.59	18600270	89088608.00
2019/02/01	4.61	4.67	4.60	4.66	12751159	61056152.00
2019/02/11	4.66	4.72	4.65	4.72	19055712	92208136.00
2019/02/12	4.73	4.75	4.70	4.74	22465164	109604160.00
2019/02/13	4.74	4.83	4.71	4.82	39207328	193164576.00
2019/02/14	4.79	4.82	4.78	4.79	21650529	107106576.00
2019/02/15	4.79	4.80	4.76	4.77	16498116	81324968.00
2019/02/18	4.79	4.88	4.79	4.87	37735984	188218560.00
2019/02/19	4.86	4.99	4.84	4.91	57756675	292489472.00
2019/02/20	4.88	4.90	4.86	4.88	25899518	130171736.00
2019/02/21	4.87	4.91	4.83	4.84	29775118	149428368.00
2019/02/22	4.84	5.10	4.82	5.03	67356754	343578976.00
2019/02/25	5.11	5.55	5.05	5.55	198003625	1085036288.00
2019/02/26	5.65	5.68	5.35	5.38	159806793	901485568.00
2019/02/27	5.33	5.93	5.32	5.86	248554112	1466029952.00
2019/02/28	5.80	5.97	5.61	5.69	144668247	855501824.00
2019/03/01	5.66	5.78	5.47	5.76	105407285	607675520.00
2019/03/04	5.78	6.35	5.71	6.26	249884907	1569580288.00
2019/03/05	6.06	6.29	6.03	6.23	166205760	1047664192.00
2019/03/06	6.15	6.63	6.12	6.46	172064471	1126449152.00
2019/03/07	6.44	7.12	6.33	7.08	226471349	1584941568.00
2019/03/08	6.64	6.83	6.36	6.36	177015963	1187596544.00
2019/03/11	6.21	6.38	6.03	6.34	87241132	554229824.00
2019/03/12	6.37	6.52	6.23	6.31	87782633	572701184.00
2019/03/13	6.27	6.28	5.97	6.01	72812554	454107264.00
2019/03/14	5.97	6.08	5.75	5.84	67591988	408183328.00
2019/03/15	5.90	5.95	5.81	5.87	47704931	288355968.00
2019/03/18	5.88	6.17	5.77	6.11	67200524	415225152.00
2019/03/19	6.09	6.15	5.97	6.03	47986444	298286880.00
2019/03/20	6.00	6.18	5.96	6.14	64222669	399534336.00
2019/03/21	6.13	6.25	6.06	6.12	67726838	426633024.00
2019/03/22	6.09	6.10	5.91	5.97	50687291	311090816.00
2019/03/25	5.85	5.87	5.74	5.75	47842085	285243360.00
2019/03/26	5.77	5.80	5.58	5.62	33947674	197973648.00
2019/03/27	5.65	5.70	5.61	5.69	24667620	143342592.00
2019/03/28	5.64	5.69	5.55	5.57	26358741	151602288.00
2019/03/29	5.57	5.92	5.57	5.86	66996261	398038016.00
2019/04/01	5.85	6.00	5.81	5.97	60682645	369339008.00
2019/04/02	5.98	6.01	5.89	5.90	53160986	323547296.00
2019/04/03	5.85	5.96	5.81	5.95	43460416	262353328.00
2019/04/04	5.97	6.10	5.93	6.00	58837503	362902848.00
2019/04/08	5.99	6.10	5.84	5.90	59790462	366012608.00
2019/04/09	5.85	5.89	5.79	5.83	32802010	196005872.00
2019/04/10	5.81	5.84	5.76	5.81	22653283	134697040.00
2019/04/11	5.80	5.84	5.71	5.71	23572686	139405696.00
2019/04/12	5.69	5.74	5.66	5.71	16013912	93650592.00
2019/04/15	5.77	5.84	5.67	5.67	29468414	174945392.00
2019/04/16	5.65	5.86	5.57	5.84	50297817	297386880.00
2019/04/17	5.82	5.92	5.79	5.81	39812877	238895024.00
2019/04/18	5.82	5.85	5.76	5.77	20481690	121844776.00
2019/04/19	5.77	5.82	5.73	5.79	19553295	115921912.00
2019/04/22	5.79	5.81	5.66	5.68	21060386	123843720.00
2019/04/23	5.70	5.73	5.60	5.66	20659050	120180472.00
2019/04/24	5.66	5.69	5.61	5.68	14725837	85459360.00
2019/04/25	5.64	5.73	5.52	5.53	23230580	134487056.00
2019/04/26	5.50	5.53	5.43	5.43	18887793	105942856.00
2019/04/29	5.45	5.46	5.24	5.25	20667072	113462120.00
2019/04/30	5.25	5.31	5.25	5.29	12908602	70077368.00
2019/05/06	5.21	5.42	5.02	5.20	35638243	190863520.00
2019/05/07	5.20	5.31	5.10	5.29	25615524	137355248.00
2019/05/08	5.18	5.26	5.15	5.18	19610214	104878072.00
2019/05/09	5.15	5.18	5.11	5.12	11851785	62760852.00
2019/05/10	5.14	5.25	5.11	5.25	23016324	123204608.00
2019/05/13	5.20	5.21	5.14	5.15	13325816	70911464.00
2019/05/14	5.10	5.20	5.08	5.15	14475650	76562248.00
2019/05/15	5.16	5.22	5.15	5.21	12661899	67549576.00
2019/05/16	5.19	5.23	5.18	5.23	11416291	61118032.00
2019/05/17	5.22	5.23	4.95	5.00	22812555	119702048.00
2019/05/20	4.95	4.99	4.88	4.95	12775222	64914388.00
2019/05/21	4.95	5.03	4.93	5.01	11605848	59740492.00
2019/05/22	5.02	5.02	4.94	4.95	8533830	43739116.00
2019/05/23	4.93	4.97	4.90	4.91	8896700	45100428.00
2019/05/24	4.91	5.09	4.89	4.97	17024464	87608168.00
2019/05/27	4.93	5.06	4.91	5.02	15970045	82077472.00
2019/05/28	5.00	5.03	4.97	4.99	10063843	51906524.00
2019/05/29	5.00	5.07	4.96	5.03	10712231	55365728.00
2019/05/30	5.02	5.02	4.94	4.98	9273330	47456100.00
2019/05/31	4.99	5.06	4.97	5.00	12517615	64560028.00
2019/06/03	4.99	5.04	4.94	4.95	12825644	65770844.00
2019/06/04	4.96	4.99	4.93	4.94	12311600	62809880.00
2019/06/05	4.97	5.04	4.96	4.99	14759537	75941896.00
2019/06/06	4.99	5.00	4.91	4.91	12841700	65349796.00
2019/06/10	4.92	4.98	4.91	4.96	8730304	44508036.00
2019/06/11	4.97	5.16	4.94	5.14	28412125	148216736.00
2019/06/12	5.12	5.12	5.05	5.08	15407866	80579544.00
2019/06/13	5.06	5.10	5.02	5.07	11735925	61110632.00
2019/06/14	5.09	5.11	4.97	4.97	16744131	86977480.00
2019/06/17	4.99	5.06	4.97	5.04	10284300	53299956.00
2019/06/18	5.03	5.06	5.01	5.05	7993415	41441220.00
2019/06/19	5.15	5.18	5.07	5.07	16470396	84185000.00
2019/06/20	5.07	5.29	5.06	5.23	34458708	179259856.00
2019/06/21	5.20	5.26	5.19	5.24	21013845	109757016.00
2019/06/24	5.24	5.24	5.17	5.20	10668800	55477404.00
2019/06/25	5.19	5.20	5.09	5.14	13045424	66936784.00
2019/06/26	5.12	5.15	5.09	5.12	7300752	37410392.00
2019/06/27	5.13	5.17	5.12	5.13	8107746	41678984.00
2019/06/28	5.13	5.13	5.06	5.08	9395218	47749148.00
2019/07/01	5.14	5.17	5.12	5.17	12967883	66760944.00
2019/07/02	5.17	5.18	5.13	5.17	9285600	47827440.00
2019/07/03	5.16	5.16	5.11	5.13	7511391	38490788.00
2019/07/04	5.13	5.15	5.11	5.12	7161736	36728296.00
2019/07/05	5.14	5.14	5.10	5.12	5446810	27890228.00
2019/07/08	5.11	5.11	4.96	4.97	18303600	91925808.00
2019/07/09	4.97	4.99	4.95	4.97	7308600	36291256.00
2019/07/10	4.97	4.98	4.93	4.94	5849200	28942444.00
2019/07/11	4.97	4.99	4.93	4.94	5346642	26511152.00
2019/07/12	4.95	5.00	4.91	4.98	8383264	41663828.00
2019/07/15	4.97	5.04	4.93	5.01	10390443	51826956.00
2019/07/16	5.02	5.03	5.00	5.02	6070800	30457164.00
2019/07/17	5.02	5.03	5.00	5.01	6033200	30245072.00
2019/07/18	5.02	5.02	4.96	4.97	6143100	30572546.00
2019/07/19	4.98	5.03	4.97	4.99	6988417	34942096.00
2019/07/22	5.01	5.01	4.91	4.93	7879600	38904216.00
2019/07/23	4.93	4.95	4.91	4.94	4757707	23471920.00
2019/07/24	4.94	4.99	4.94	4.96	6009100	29836470.00
2019/07/25	4.95	4.98	4.93	4.97	6527243	32352654.00
2019/07/26	4.95	4.96	4.93	4.95	4737272	23447688.00
2019/07/29	4.96	4.98	4.94	4.95	5657493	28030016.00
2019/07/30	4.95	5.02	4.95	4.98	10381392	51725808.00
2019/07/31	4.97	4.98	4.94	4.96	7005400	34692700.00
2019/08/01	4.96	4.96	4.92	4.94	4642055	22927130.00
2019/08/02	4.90	4.91	4.85	4.87	8679725	42261052.00
2019/08/05	4.87	4.89	4.80	4.80	8141213	39354560.00
2019/08/06	4.76	4.76	4.60	4.67	13324440	62219484.00
2019/08/07	4.69	4.70	4.65	4.66	5311700	24838748.00
2019/08/08	4.67	4.85	4.66	4.76	13908270	66198588.00
2019/08/09	4.76	4.76	4.66	4.67	9298404	43855376.00
2019/08/12	4.69	4.73	4.67	4.73	5599299	26348842.00
2019/08/13	4.71	4.74	4.69	4.70	4681100	22031892.00
2019/08/14	4.73	4.75	4.70	4.71	5535186	26113520.00
2019/08/15	4.65	4.70	4.61	4.69	6030094	28063490.00
2019/08/16	4.69	4.73	4.67	4.70	5486984	25796646.00
2019/08/19	4.71	4.81	4.67	4.79	14990717	71160080.00
2019/08/20	4.78	4.80	4.74	4.76	10855328	51766832.00
2019/08/21	4.76	4.77	4.73	4.75	5888209	27954988.00
2019/08/22	4.75	4.76	4.72	4.74	5262906	24902390.00
2019/08/23	4.74	4.77	4.72	4.75	5507090	26134514.00
2019/08/26	4.70	4.70	4.65	4.68	8369511	39132000.00
2019/08/27	4.69	4.76	4.68	4.73	8432961	39902716.00
2019/08/28	4.73	4.75	4.72	4.74	6337100	30000718.00
2019/08/29	4.75	4.76	4.71	4.73	5379529	25449374.00
2019/08/30	4.75	4.76	4.68	4.68	7104300	33496912.00
2019/09/02	4.68	4.75	4.67	4.74	6687740	31570722.00
2019/09/03	4.74	4.75	4.72	4.74	6416954	30371000.00
2019/09/04	4.74	4.88	4.73	4.83	22639032	109046376.00
2019/09/05	4.86	5.06	4.85	4.96	40288798	199907184.00
2019/09/06	4.99	4.99	4.91	4.97	22238771	110127992.00
2019/09/09	5.08	5.08	4.96	4.99	23091890	115490568.00
2019/09/10	4.98	4.98	4.90	4.93	15348849	75596952.00
2019/09/11	4.94	4.95	4.91	4.92	10698150	52727552.00
2019/09/12	4.92	4.95	4.90	4.95	9629699	47435928.00
2019/09/16	4.94	4.95	4.89	4.90	11227092	55121412.00
2019/09/17	4.89	4.89	4.79	4.82	12115600	58588680.00
2019/09/18	4.81	4.83	4.81	4.81	5674175	27341146.00
2019/09/19	4.83	4.83	4.79	4.82	9083444	43672948.00
2019/09/20	4.83	4.83	4.78	4.79	12312462	59038796.00
2019/09/23	4.79	4.80	4.70	4.73	12548462	59319332.00
2019/09/24	4.73	4.76	4.71	4.73	8091021	38300248.00
2019/09/25	4.72	4.77	4.70	4.73	9500727	44912188.00
2019/09/26	4.73	4.80	4.71	4.75	18199772	86549040.00
2019/09/27	4.73	4.75	4.72	4.73	9568271	45269196.00
2019/09/30	4.73	4.74	4.68	4.68	8655221	40747100.00
2019/10/08	4.68	4.72	4.67	4.70	9580605	44982628.00
2019/10/09	4.68	4.82	4.66	4.78	20292370	96598384.00
2019/10/10	4.76	4.79	4.72	4.77	10991199	52244648.00
2019/10/11	4.76	4.84	4.72	4.82	32170172	154103312.00
2019/10/14	4.82	5.03	4.82	4.93	61919231	306177856.00
2019/10/15	4.91	4.91	4.86	4.89	28067026	137183232.00
2019/10/16	4.91	4.97	4.80	4.83	34834393	170085600.00
2019/10/17	4.84	4.85	4.80	4.83	12396174	59810692.00
2019/10/18	4.84	4.85	4.74	4.75	17151373	82124904.00
2019/10/21	4.75	4.79	4.71	4.76	12860729	61066928.00
2019/10/22	4.76	4.77	4.73	4.75	11294450	53599508.00
2019/10/23	4.75	4.78	4.73	4.74	13150131	62449608.00
2019/10/24	4.75	4.83	4.73	4.79	28023196	134214640.00
2019/10/25	4.79	4.79	4.73	4.77	18555794	88266904.00
2019/10/28	4.76	4.79	4.73	4.79	15775056	75155848.00
2019/10/29	4.79	4.79	4.74	4.74	13644816	64934208.00
2019/10/30	4.74	4.75	4.69	4.70	14505743	68435568.00
2019/10/31	4.72	4.72	4.66	4.67	13671636	63942124.00
2019/11/01	4.66	4.73	4.66	4.72	10987545	51611616.00
2019/11/04	4.71	4.74	4.70	4.71	12095500	57030676.00
2019/11/05	4.70	4.78	4.68	4.75	22721397	107683016.00
2019/11/06	4.74	4.76	4.69	4.72	15479947	73111192.00
2019/11/07	4.72	4.74	4.70	4.71	11996375	56560284.00
2019/11/08	4.73	4.75	4.68	4.69	12223033	57558776.00
2019/11/11	4.68	4.69	4.60	4.60	15281362	70849728.00
2019/11/12	4.60	4.62	4.57	4.59	10712680	49196036.00
2019/11/13	4.59	4.60	4.52	4.54	11282206	51325492.00
2019/11/14	4.53	4.54	4.47	4.49	17800989	80093640.00
2019/11/15	4.48	4.49	4.44	4.44	13367700	59664436.00
2019/11/18	4.46	4.48	4.43	4.47	11530957	51447240.00
2019/11/19	4.46	4.50	4.45	4.50	9756639	43701776.00
2019/11/20	4.49	4.51	4.46	4.48	9147409	40988140.00
2019/11/21	4.47	4.47	4.45	4.46	6543484	29190406.00
2019/11/22	4.48	4.50	4.45	4.47	7771264	34741624.00
2019/11/25	4.48	4.52	4.46	4.51	13416017	60378620.00
2019/11/26	4.51	4.52	4.48	4.48	7725100	34698308.00
2019/11/27	4.48	4.49	4.45	4.46	6198953	27712038.00
2019/11/28	4.46	4.48	4.44	4.46	6290800	28032698.00
2019/11/29	4.46	4.48	4.45	4.47	6702269	29904996.00
2019/12/02	4.46	4.47	4.45	4.46	5568185	24819386.00
2019/12/03	4.45	4.46	4.43	4.45	6196174	27531590.00
2019/12/04	4.44	4.46	4.43	4.45	5419761	24105606.00
2019/12/05	4.47	4.52	4.46	4.52	14221555	63944636.00
2019/12/06	4.52	4.53	4.50	4.53	8714973	39343804.00
2019/12/09	4.53	4.54	4.50	4.53	10491042	47391056.00
2019/12/10	4.53	4.53	4.50	4.53	10421200	47050264.00
2019/12/11	4.53	4.56	4.50	4.56	14100447	64008424.00
2019/12/12	4.56	4.56	4.51	4.52	8813800	39987156.00
2019/12/13	4.53	4.59	4.53	4.56	25709898	117349248.00
2019/12/16	4.58	4.60	4.54	4.59	17570910	80382672.00
2019/12/17	4.58	4.75	4.57	4.70	40324469	188714992.00
2019/12/18	4.69	4.73	4.66	4.69	26006241	121944184.00
2019/12/19	4.69	4.75	4.67	4.69	25734568	121059424.00
2019/12/20	4.68	4.77	4.67	4.69	37701784	177881296.00
2019/12/23	4.70	4.71	4.55	4.56	25411911	117901136.00
2019/12/24	4.58	4.60	4.57	4.59	12218725	55995320.00
2019/12/25	4.59	4.61	4.55	4.56	17085300	78103120.00
2019/12/26	4.57	4.60	4.56	4.59	12602213	57637508.00
2019/12/27	4.58	4.65	4.57	4.59	21419178	98688488.00
2019/12/30	4.57	4.63	4.53	4.63	22213707	101905760.00
2019/12/31	4.63	4.65	4.61	4.65	14889473	68883864.00
2020/01/02	4.70	4.73	4.68	4.69	30532268	143524528.00
2020/01/03	4.69	4.69	4.65	4.67	14546731	67923304.00
2020/01/06	4.65	4.70	4.63	4.67	24836989	115916384.00
2020/01/07	4.66	4.69	4.66	4.69	17455393	81601280.00
2020/01/08	4.68	4.68	4.62	4.62	19644636	91336856.00
2020/01/09	4.65	4.66	4.62	4.64	11817219	54833360.00
2020/01/10	4.64	4.65	4.60	4.63	11259487	52030996.00
2020/01/13	4.61	4.65	4.60	4.65	11352188	52447504.00
2020/01/14	4.65	4.66	4.62	4.64	10306326	47822332.00
2020/01/15	4.63	4.63	4.58	4.58	11578200	53296852.00
2020/01/16	4.59	4.61	4.56	4.56	8872226	40596008.00
2020/01/17	4.56	4.58	4.54	4.55	9707009	44321196.00
2020/01/20	4.55	4.57	4.53	4.56	10029887	45652840.00
2020/01/21	4.55	4.56	4.50	4.50	12519313	56576888.00
2020/01/22	4.50	4.52	4.48	4.50	11565334	52009604.00
2020/01/23	4.49	4.50	4.42	4.43	19794835	88219432.00
数据来源:通达信
