300451 创业慧康 日线 前复权
      日期	    开盘	    最高	    最低	    收盘	    成交量	    成交额
2015/05/14	1.75	2.13	1.75	2.13	5700	110531.00
2015/05/15	2.35	2.35	2.35	2.35	3100	68851.00
2015/05/18	2.60	2.60	2.60	2.60	501	12239.43
2015/05/19	2.87	2.87	2.87	2.87	800	21496.00
2015/05/20	3.17	3.17	3.17	3.17	500	14780.00
2015/05/21	3.50	3.50	3.50	3.50	500	16260.00
2015/05/22	3.86	3.86	3.86	3.86	600	21462.00
2015/05/25	4.26	4.26	4.26	4.26	1500	59025.00
2015/05/26	4.69	4.69	4.69	4.69	2500	108225.00
2015/05/27	5.17	5.17	5.17	5.17	375	17857.50
2015/05/28	5.70	5.70	5.70	5.70	5400	282852.00
2015/05/29	6.29	6.29	6.29	6.29	9300	535866.00
2015/06/01	6.93	6.93	6.93	6.93	2343	148499.34
2015/06/02	7.63	7.63	7.63	7.63	7427	517810.44
2015/06/03	8.40	8.40	8.40	8.40	9200	705548.00
2015/06/04	9.26	9.26	9.26	9.26	17000	1434120.00
2015/06/05	10.19	10.19	10.19	10.19	14100	1308480.00
2015/06/08	11.23	11.23	11.23	11.23	31700	3235936.00
2015/06/09	12.36	12.36	12.36	12.36	65200	7321308.00
2015/06/10	13.61	13.61	13.61	13.61	43950	5428704.00
2015/06/11	14.98	14.98	14.98	14.98	21500	2921205.00
2015/06/12	16.49	16.49	16.49	16.49	20700	3093822.00
2015/06/15	18.15	18.15	18.15	18.15	99750	16399898.00
2015/06/16	19.98	19.98	19.98	19.98	566174	102392568.00
2015/06/17	21.99	21.99	21.99	21.99	712135	141672144.00
2015/06/18	24.20	24.20	24.20	24.20	530682	116129144.00
2015/06/19	21.77	26.63	21.77	26.63	12724962	2775076608.00
2015/06/23	25.33	29.30	25.33	29.30	5118794	1276219904.00
2015/06/24	28.99	29.76	26.57	27.49	3377554	857571008.00
2015/06/25	26.19	28.88	24.73	24.73	2451486	596936256.00
2015/06/26	23.44	24.22	22.25	22.25	2142171	443269184.00
2015/06/29	20.66	21.33	20.01	20.01	2667098	486397760.00
2015/06/30	18.55	21.28	18.00	20.99	2913472	512532064.00
2015/07/01	19.99	22.64	19.33	20.55	3025499	576723008.00
2015/07/02	19.55	20.33	18.48	18.48	1897016	326490944.00
2015/07/03	16.88	19.79	16.62	16.67	2789320	451013312.00
2015/07/06	18.35	18.35	14.99	14.99	1390369	206274720.00
2015/07/07	13.59	13.88	13.48	13.48	191000	23428094.00
2015/07/08	12.12	12.14	12.12	12.12	4692000	516683264.00
2015/07/09	11.90	13.34	11.90	13.34	971438	115744792.00
2015/07/10	14.69	14.69	14.69	14.69	181799	24222898.00
2015/07/13	16.17	16.17	15.55	16.17	519316	75899672.00
2015/07/14	17.80	17.80	17.80	17.80	98026	15803752.00
2015/07/15	17.66	19.22	16.88	17.67	2014421	327778848.00
2015/07/16	16.33	19.44	15.89	16.99	1408466	228461168.00
2015/07/17	16.99	18.71	16.11	18.71	963557	153891856.00
2015/07/20	18.62	20.59	18.61	20.59	1060894	191755936.00
2015/07/21	20.20	21.99	19.76	21.14	700808	135173152.00
2015/07/22	20.88	21.60	20.33	21.27	383209	72865624.00
2015/07/23	20.78	23.41	20.78	23.41	626454	128013464.00
2015/07/24	24.10	25.77	22.79	23.55	1491014	334450368.00
2015/07/27	22.31	23.33	21.18	21.18	1204587	240211072.00
2015/07/28	19.05	22.02	19.05	19.05	1354864	240912880.00
2015/07/29	19.55	20.52	17.91	20.44	1075610	187915680.00
2015/07/30	19.88	20.44	18.44	18.48	903105	162512064.00
2015/07/31	17.66	18.44	16.62	17.18	639535	101278880.00
2015/08/03	16.88	18.64	16.33	17.08	625192	98911880.00
2015/08/04	17.16	18.80	16.92	18.80	707588	114754936.00
2015/08/05	18.42	19.22	18.07	18.34	661088	111607176.00
2015/08/06	17.77	19.21	17.44	18.75	569139	96666488.00
2015/08/07	18.75	20.64	18.29	20.44	1109994	199414672.00
2015/08/10	20.22	21.94	20.22	21.58	623286	119924880.00
2015/08/11	21.55	21.77	20.66	20.99	539248	103583256.00
2015/08/12	20.54	21.66	18.88	18.88	898356	161092208.00
2015/08/13	18.33	19.43	17.58	19.27	1352899	222398224.00
2015/08/14	18.89	19.58	18.58	19.00	767497	132143312.00
2015/08/17	18.94	18.94	17.56	17.76	534969	87017856.00
2015/08/18	17.71	18.33	16.31	16.46	472401	75001576.00
2015/08/19	16.52	18.07	16.33	17.93	541343	83882688.00
2015/08/20	17.55	18.35	17.22	17.39	500803	80788648.00
2015/08/21	16.80	17.31	16.22	16.24	351703	53026772.00
2015/08/24	14.66	15.43	14.61	14.61	136900	18273720.00
2015/08/25	13.13	14.09	13.13	13.13	421555	50856900.00
2015/08/26	13.24	13.83	11.81	11.81	691904	79403000.00
2015/08/27	12.11	12.64	10.62	11.87	805952	83221000.00
2015/08/28	11.88	12.94	11.23	12.75	759959	82272824.00
2015/08/31	12.75	12.75	11.46	11.46	636761	67977344.00
2015/09/01	10.61	10.94	10.31	10.31	337732	31938182.00
2015/09/02	9.26	10.99	9.26	9.26	761384	67253104.00
2015/09/07	9.38	10.07	9.28	9.55	636705	55916120.00
2015/09/08	9.44	10.33	9.11	10.31	708844	63417224.00
2015/09/09	10.33	11.24	10.22	10.93	820340	80480400.00
2015/09/10	10.55	10.74	10.22	10.33	583786	55436840.00
2015/09/11	10.31	10.83	10.22	10.43	488859	46733496.00
2015/09/14	10.45	10.64	9.37	9.37	440104	39390176.00
2015/09/15	8.79	9.11	8.42	8.42	539544	42464636.00
2015/09/16	8.55	9.28	8.42	9.28	685783	55110700.00
2015/09/17	9.12	10.02	9.06	9.29	775178	67580176.00
2015/09/18	9.39	9.83	9.23	9.76	549306	47899080.00
2015/09/21	9.55	10.75	9.33	10.75	546244	50752508.00
2015/09/22	11.44	11.83	11.11	11.83	1256787	134677648.00
2015/09/23	11.66	12.44	11.50	12.04	1459735	157785184.00
2015/09/24	11.77	12.76	10.99	11.44	1090293	119249872.00
2015/09/25	11.66	11.88	10.66	10.91	974861	99189360.00
2015/09/28	10.92	12.01	10.88	12.01	895539	93851488.00
2015/09/29	11.55	12.33	11.55	12.09	990631	107798312.00
2015/09/30	12.03	12.27	11.44	11.76	534200	57430912.00
2015/10/08	12.33	12.81	12.11	12.43	750351	85252152.00
2015/10/09	12.44	13.68	12.27	13.68	952217	113077288.00
2015/10/12	13.99	15.06	13.62	15.05	1332217	176053600.00
2015/10/13	14.88	16.51	14.62	16.15	1605446	230482048.00
2015/10/14	15.99	17.72	15.99	17.19	973430	149814864.00
2015/10/15	16.88	17.64	16.79	17.21	1102917	171428704.00
2015/10/16	17.11	17.56	16.89	17.22	944325	147164672.00
2015/10/19	17.44	18.95	16.69	18.95	1391861	222705008.00
2015/10/20	18.99	19.76	18.33	18.90	1214591	209011312.00
2015/10/21	18.61	18.98	17.00	17.27	1306090	211539792.00
2015/10/22	17.22	18.72	17.22	18.03	1396118	228121408.00
2015/10/23	18.05	19.33	17.88	18.12	1523225	255790864.00
2015/10/26	18.10	18.12	16.61	17.33	1643198	255077232.00
2015/10/27	17.04	19.07	16.62	19.07	1543608	250485616.00
2015/10/28	19.11	19.22	17.43	17.81	1342689	222694368.00
2015/10/29	17.94	18.63	17.77	18.04	921822	151816064.00
2015/10/30	17.98	19.85	17.66	19.85	1524213	265940592.00
2015/11/02	19.34	21.85	19.28	20.66	2196775	410791072.00
2015/11/03	20.38	21.36	19.78	20.40	1029721	191157264.00
2015/11/04	20.55	21.80	19.22	21.46	1253158	240155648.00
2015/11/05	21.11	21.88	20.44	20.95	1471360	282708288.00
2015/11/06	20.77	21.88	20.69	21.67	1311464	254462352.00
2015/11/09	21.38	23.84	21.32	22.87	1695502	349456384.00
2015/11/10	22.55	23.77	22.11	22.98	1335736	276707552.00
2015/11/11	22.88	25.29	22.33	25.29	1621498	353808480.00
2015/11/12	25.22	27.21	24.55	26.99	1591581	367313568.00
2015/11/13	26.22	26.54	24.28	24.28	1278619	288142784.00
2015/11/16	21.99	24.11	21.87	23.40	1252000	260535648.00
2015/11/17	23.66	24.33	21.78	22.22	1603305	335743712.00
2015/11/18	22.22	22.49	20.45	20.56	1628679	310288832.00
2015/11/19	20.88	22.63	20.72	22.63	1621135	317575008.00
2015/11/20	22.94	23.37	21.77	22.44	1763297	360900096.00
2015/11/23	22.49	22.49	21.02	21.33	1138258	222938000.00
2015/11/24	21.02	23.47	21.01	23.47	1943170	402622560.00
2015/11/25	23.66	24.27	22.99	23.66	1816768	390295616.00
2015/11/26	23.64	25.44	23.44	24.33	1599815	354322656.00
2015/11/27	24.21	25.33	22.89	23.11	1623937	354334496.00
2015/11/30	23.55	25.43	23.11	25.43	1924059	425132416.00
2015/12/01	25.94	26.72	22.87	23.32	2316033	520156896.00
2015/12/02	22.77	22.87	20.98	22.15	1665744	328016928.00
2015/12/03	22.00	23.15	21.55	22.68	1325871	270638880.00
2015/12/04	22.86	23.83	22.11	22.93	1379807	287637888.00
2015/12/07	22.55	23.77	21.88	23.04	1103228	227929584.00
2015/12/08	22.77	25.35	22.58	25.35	1952114	427313152.00
2015/12/09	24.68	25.09	22.93	23.71	1608359	349610976.00
2015/12/10	23.56	23.94	22.66	23.28	1051114	221816128.00
2015/12/11	22.87	23.54	22.11	22.15	1002096	205978608.00
2015/12/14	21.33	22.44	20.22	22.13	1065593	205697808.00
2015/12/15	22.06	22.49	21.78	22.05	814292	163122208.00
2015/12/16	22.22	23.43	22.22	22.77	866812	179687792.00
2015/12/17	22.96	23.65	22.81	23.43	986820	207086576.00
2015/12/18	23.43	23.77	22.45	22.51	944584	195755440.00
2015/12/21	22.33	22.67	21.94	22.20	578025	116050176.00
2015/12/22	22.39	23.08	22.11	22.62	827508	169227040.00
2015/12/23	22.61	22.84	22.06	22.06	931255	188908976.00
2015/12/24	22.08	22.62	21.72	22.39	747342	149918752.00
2015/12/25	22.41	22.72	21.27	21.55	917715	182534704.00
2015/12/28	21.60	22.09	20.77	20.77	983710	190258448.00
2015/12/29	20.81	20.95	19.94	20.47	715839	131708176.00
2015/12/30	20.46	20.86	20.33	20.70	502992	93630040.00
2015/12/31	20.55	20.69	19.11	19.35	880971	158088784.00
2016/01/04	19.36	19.64	17.40	17.40	671883	110963904.00
2016/01/05	16.33	18.22	16.33	17.93	1165570	186427344.00
2016/01/06	17.60	18.22	17.03	18.22	1125809	181366272.00
2016/01/07	17.72	17.72	16.38	16.38	228000	34969500.00
2016/01/08	16.99	17.22	15.44	16.33	897493	135482320.00
2016/01/11	16.22	17.21	15.66	15.82	1089897	162627392.00
2016/01/12	15.88	16.79	15.88	16.46	897262	133614592.00
2016/01/13	16.54	16.55	15.00	15.02	1046479	148888656.00
2016/01/14	14.22	15.90	13.88	15.63	1021937	139541632.00
2016/01/15	15.44	15.63	14.38	14.53	806105	109392336.00
2016/01/18	14.20	15.50	13.91	15.07	1170374	156869600.00
2016/01/19	14.78	15.94	14.53	15.61	1519658	208245408.00
2016/01/20	15.33	15.66	14.88	15.10	1180256	163427344.00
2016/01/21	14.90	15.63	14.62	14.62	1051317	144250256.00
2016/01/22	14.80	15.22	14.34	15.02	798302	107075448.00
2016/01/25	15.33	16.03	15.15	15.63	1183560	167781424.00
2016/01/26	15.33	15.97	14.11	14.27	1324553	183986544.00
2016/01/27	14.22	14.55	12.88	14.27	1089265	135125120.00
2016/01/28	14.01	14.01	12.83	12.86	741947	90040264.00
2016/01/29	12.55	13.65	12.52	13.34	792879	95055904.00
2016/02/01	13.26	13.31	12.55	12.77	840143	97952760.00
2016/02/02	12.87	13.57	12.77	13.44	973565	117926080.00
2016/02/03	13.13	13.51	12.83	13.44	1372830	162766944.00
2016/02/04	13.55	14.32	13.44	14.02	1391502	176903408.00
2016/02/05	14.21	14.33	13.87	14.04	840333	107415672.00
2016/02/15	13.38	13.86	13.02	13.76	657367	79872184.00
2016/02/16	13.88	14.66	13.82	14.63	872612	114138960.00
2016/02/17	14.55	15.17	14.44	15.13	1113176	148745824.00
2016/02/18	15.27	15.99	14.99	15.35	1242116	173909056.00
2016/02/19	15.22	15.60	14.99	15.33	734145	102013808.00
2016/02/22	15.55	15.77	15.04	15.52	826927	114877944.00
2016/02/23	15.42	15.49	14.43	14.83	1016811	137769056.00
2016/02/24	14.68	15.12	13.89	14.11	971158	126139848.00
2016/02/25	14.04	14.22	12.68	12.69	1015723	122512224.00
2016/02/26	12.80	13.09	11.66	12.05	1232997	136885728.00
2016/02/29	12.03	12.03	10.83	10.83	801050	80307008.00
2016/03/01	10.67	11.11	10.11	10.59	1143998	111261064.00
2016/03/02	10.77	11.66	10.67	11.66	1554243	161640896.00
2016/03/03	11.85	12.56	11.83	12.09	2216299	245364096.00
2016/03/04	11.88	12.10	11.00	11.23	1480883	153785696.00
2016/03/07	11.55	12.36	11.42	12.36	2651941	295909856.00
2016/03/08	12.31	12.38	11.17	12.25	2531564	271199744.00
2016/03/09	11.77	12.16	11.33	11.61	1378214	146987632.00
2016/03/10	11.44	11.88	11.24	11.34	1200901	126786776.00
2016/03/11	11.03	11.72	10.79	11.71	1342985	138939248.00
2016/03/14	11.97	12.89	11.97	12.77	2527875	290730176.00
2016/03/15	12.55	12.99	12.38	12.38	1839191	211567040.00
2016/03/16	12.77	12.99	11.99	12.27	1309756	147626768.00
2016/03/17	12.38	13.50	12.27	13.21	1914653	225218544.00
2016/03/18	13.38	14.08	13.11	13.77	2021275	251904816.00
2016/03/21	13.99	14.26	13.71	14.11	1973019	250121024.00
2016/03/22	13.88	13.99	13.71	13.74	1454531	182342336.00
2016/03/23	13.72	14.26	13.55	14.17	1548636	196903392.00
2016/03/24	13.99	14.56	13.58	14.07	1992576	254699424.00
2016/03/25	13.99	15.44	13.99	15.12	2407722	326111136.00
2016/03/28	15.66	15.88	14.57	14.70	2977821	413922016.00
2016/03/29	14.38	15.14	13.91	14.99	2390160	314909984.00
2016/03/30	14.93	15.86	14.77	15.77	2432372	338876416.00
2016/03/31	15.88	17.36	15.54	17.36	3267456	487824864.00
2016/04/01	17.42	17.53	16.56	16.98	2478945	383783040.00
2016/04/05	16.90	18.54	16.48	17.61	2260083	356803936.00
2016/04/06	17.10	18.01	16.89	17.94	2246742	355280256.00
2016/04/07	17.88	19.20	17.49	18.31	2564253	426789408.00
2016/04/08	17.83	18.46	17.12	17.77	2093293	336836512.00
2016/04/11	17.90	18.10	17.36	17.49	1593303	255830480.00
2016/04/12	17.46	17.66	15.99	16.33	2039271	308233216.00
2016/04/13	16.49	16.87	16.16	16.43	1660576	249467392.00
2016/04/14	16.52	16.77	16.32	16.70	1053554	158201792.00
2016/04/15	16.70	16.86	16.35	16.44	772415	115552736.00
2016/04/18	16.44	17.09	16.33	16.72	1354127	206161440.00
2016/04/19	16.95	17.11	16.67	16.79	1192542	182405968.00
2016/04/20	16.77	16.83	15.10	15.14	2044226	290417376.00
2016/04/21	14.99	15.02	14.08	14.09	1545116	204207328.00
2016/04/22	13.80	14.88	13.38	14.75	1318583	173210656.00
2016/04/25	14.55	14.61	13.94	14.42	822324	106954952.00
2016/04/26	14.33	14.90	14.22	14.66	815919	108233960.00
2016/04/27	14.55	14.66	14.22	14.27	880755	115611408.00
2016/04/28	14.16	14.99	14.11	14.88	1019393	134345888.00
2016/04/29	14.76	14.88	14.47	14.48	898886	119142816.00
2016/05/03	14.55	15.17	14.11	15.17	1589118	211727168.00
2016/05/04	14.90	15.31	14.89	15.10	1125012	153939808.00
2016/05/05	15.09	15.98	15.03	15.87	1559283	219911392.00
2016/05/06	15.77	16.18	14.88	14.88	1666079	233865120.00
2016/05/09	14.46	14.55	13.44	13.86	984373	125619152.00
2016/05/10	13.85	14.06	13.62	13.74	665543	83697240.00
2016/05/11	13.72	13.98	12.36	12.75	1397107	164718912.00
2016/05/12	12.33	13.11	11.88	13.00	1017550	114738848.00
2016/05/13	12.72	13.22	12.56	12.88	829299	97050976.00
2016/05/16	12.55	13.05	12.33	13.03	849812	98633816.00
2016/05/17	13.16	14.31	12.98	13.88	1463617	180942624.00
2016/05/18	13.77	13.77	12.48	12.67	1337079	158382480.00
2016/05/19	12.65	13.87	12.61	13.26	1505407	182986816.00
2016/05/20	12.92	14.60	12.89	14.60	2281068	293160128.00
2016/05/23	15.21	15.61	14.62	15.41	2713348	369354528.00
2016/05/24	15.00	15.40	14.40	14.70	6725905	300309696.00
2016/05/25	14.75	16.18	14.75	15.70	10729390	512785440.00
2016/05/26	15.23	15.37	14.30	15.36	9082169	407133312.00
2016/05/27	14.94	15.24	14.69	14.70	5064431	228765968.00
2016/08/25	16.18	16.18	15.93	16.18	6919261	337987776.00
2016/08/26	16.73	17.35	15.90	16.17	15976636	806170496.00
2016/08/29	16.57	17.23	16.27	16.29	9513568	477524416.00
2016/08/30	16.50	16.51	14.72	14.84	9711456	446638240.00
2016/08/31	14.82	14.82	14.10	14.44	5538123	240495440.00
2016/09/01	14.44	14.61	14.27	14.34	3454976	150752704.00
2016/09/02	14.37	14.52	14.10	14.11	3303711	143027856.00
2016/09/05	13.96	14.31	13.96	14.00	2739172	117194344.00
2016/09/06	13.99	14.04	13.57	13.98	3491545	145434976.00
2016/09/07	13.98	14.04	13.75	13.78	2655900	111651944.00
2016/09/08	13.78	14.06	13.74	13.93	2298562	96624944.00
2016/09/09	13.93	13.93	13.59	13.61	2465829	101973832.00
2016/09/12	13.23	13.28	12.73	12.73	2655314	104675784.00
2016/09/13	12.92	12.96	12.49	12.56	2071375	79274184.00
2016/09/14	12.54	12.55	12.23	12.44	1640118	61657244.00
2016/09/19	12.57	12.63	12.48	12.57	1680027	63766856.00
2016/09/20	12.51	13.06	12.51	12.94	2485480	96641256.00
2016/09/21	12.90	13.02	12.74	12.84	1473251	57246444.00
2016/09/22	12.90	12.97	12.73	12.75	1161700	45037588.00
2016/09/23	12.81	12.84	12.57	12.59	1064812	40949172.00
2016/09/26	12.47	13.24	12.17	12.19	2217251	84541800.00
2016/09/27	12.19	12.35	11.57	11.88	3720690	133154384.00
2016/09/28	11.88	11.89	11.58	11.62	2307926	81415896.00
2016/09/29	11.60	11.66	11.52	11.53	2167726	75995024.00
2016/09/30	11.52	11.68	11.50	11.62	1261418	44306084.00
2016/10/10	11.73	12.80	11.73	12.80	3537274	131688056.00
2016/10/11	13.09	13.33	12.96	13.12	5316785	210852848.00
2016/10/12	13.10	13.10	12.90	12.98	2980994	116910144.00
2016/10/13	12.92	13.44	12.90	13.07	3079979	122748672.00
2016/10/14	12.90	13.07	12.57	13.04	2626399	101743528.00
2016/10/17	14.02	14.35	13.47	13.58	8658466	362220128.00
2016/10/18	13.53	13.53	13.07	13.46	4208145	169458496.00
2016/10/19	13.44	13.73	13.33	13.53	3436380	140296864.00
2016/10/20	13.44	14.03	13.33	13.93	4927025	203933984.00
2016/10/21	13.93	13.93	13.42	13.49	3013036	123555648.00
2016/10/24	13.47	13.62	13.38	13.50	2208736	89982096.00
2016/10/25	13.52	13.52	13.20	13.24	2451501	98847424.00
2016/10/26	13.23	13.40	13.05	13.14	2131630	85163456.00
2016/11/04	14.17	14.46	13.93	14.46	2690341	116373720.00
2016/11/07	15.56	15.56	13.88	14.01	9658391	426209408.00
2016/11/08	13.89	13.90	13.59	13.82	4654380	193597600.00
2016/11/09	13.82	14.23	13.57	13.67	4680007	196502464.00
2016/11/10	13.72	13.88	13.57	13.67	3558351	147063072.00
2016/11/11	13.60	13.68	13.41	13.52	3043430	124111640.00
2016/11/14	13.38	13.80	13.38	13.63	3357420	137927168.00
2016/11/15	13.63	13.63	13.34	13.59	2467193	100442632.00
2016/11/16	13.70	13.97	13.59	13.69	3863858	160910160.00
2016/11/17	13.67	14.23	13.36	14.15	6443275	270301504.00
2016/11/18	14.04	14.23	13.80	13.87	3790799	159744640.00
2016/11/21	13.68	14.01	13.60	13.72	2559411	106009992.00
2016/11/22	13.73	13.91	13.67	13.87	2790379	116322176.00
2016/11/23	13.87	13.87	13.57	13.59	2672834	110577904.00
2016/11/24	13.53	13.64	13.16	13.18	2413797	97547656.00
2016/11/25	13.16	13.84	12.73	13.51	3129464	126239784.00
2016/11/28	13.46	13.52	13.25	13.25	1635965	65994660.00
2016/11/29	13.17	13.33	13.00	13.01	1776328	70506328.00
2016/11/30	12.92	13.33	12.90	13.01	1858090	73493496.00
2016/12/01	13.13	13.26	13.00	13.01	1264100	50046600.00
2016/12/02	13.05	13.08	12.73	12.73	1541291	60048828.00
2016/12/05	12.56	12.83	12.43	12.67	1073238	41220384.00
2016/12/06	12.63	12.82	12.53	12.57	1091575	41767324.00
2016/12/07	12.75	12.76	12.58	12.64	1102945	42160428.00
2016/12/08	12.64	12.77	12.54	12.74	1672928	64112124.00
2016/12/09	12.74	13.04	12.57	12.94	2357520	91090904.00
2016/12/12	12.83	12.90	11.67	11.87	2145316	79656648.00
2016/12/13	11.86	11.87	11.48	11.72	1314165	46567328.00
2016/12/14	11.83	11.83	11.55	11.57	977915	34389780.00
2016/12/15	11.57	11.86	11.57	11.68	1119966	39657664.00
2016/12/16	11.67	11.86	11.58	11.80	902229	32095772.00
2016/12/19	11.72	11.85	11.63	11.66	846974	30013986.00
2016/12/20	11.63	11.73	11.57	11.65	626490	22076132.00
2016/12/21	11.71	11.80	11.63	11.73	716786	25412450.00
2016/12/22	11.83	12.91	11.70	12.91	2838854	108045824.00
2016/12/23	13.10	13.33	12.65	12.65	5411206	213435152.00
2016/12/26	12.57	13.22	12.28	12.88	4380300	170943552.00
2016/12/27	12.88	13.10	12.52	12.58	2958555	114526544.00
2016/12/28	12.56	12.83	12.32	12.39	1836069	69174448.00
2016/12/29	12.40	12.62	12.35	12.37	1390401	52375664.00
2016/12/30	12.24	12.54	11.97	12.20	1945515	71986224.00
2017/01/03	12.41	12.86	12.36	12.37	2120430	80529496.00
2017/01/04	12.37	12.80	12.22	12.71	2405330	91056304.00
2017/01/05	12.69	12.90	12.57	12.75	2151771	83083688.00
2017/01/06	12.58	12.88	12.50	12.65	2146163	82352296.00
2017/01/09	12.65	12.84	12.52	12.73	1204785	46375648.00
2017/01/10	12.73	12.86	12.54	12.57	989115	37929544.00
2017/01/11	12.56	12.66	12.14	12.17	1551584	57892388.00
2017/01/12	12.07	12.20	11.85	11.86	1029750	37441024.00
2017/01/13	11.87	12.06	11.73	11.79	1093467	39403624.00
2017/01/16	11.73	11.79	11.07	11.30	1738788	59834392.00
2017/01/17	11.30	11.66	11.04	11.65	1541586	53178980.00
2017/01/18	11.53	11.53	11.23	11.23	1250073	43095172.00
2017/01/19	11.23	11.36	11.13	11.23	606554	20656002.00
2017/01/20	11.23	11.62	11.20	11.49	1007425	34976496.00
2017/01/23	11.47	11.89	11.41	11.89	1723324	61194104.00
2017/01/24	11.90	12.50	11.67	12.23	1890468	68760648.00
2017/01/25	12.23	13.46	11.95	12.19	2722918	101615128.00
2017/01/26	12.57	12.57	12.03	12.08	1289258	47420184.00
2017/02/03	12.15	12.15	11.77	11.83	808482	29078686.00
2017/02/06	11.83	12.23	11.83	12.12	1093847	39941020.00
2017/02/07	12.23	12.23	11.91	11.93	862915	31331654.00
2017/02/08	11.93	12.17	11.93	12.16	960295	35061472.00
2017/02/09	12.06	12.19	12.06	12.13	1244080	45597736.00
2017/02/10	12.13	12.13	11.85	11.87	1567500	56793384.00
2017/02/13	11.74	11.98	11.70	11.73	1947670	69651552.00
2017/02/14	11.83	11.83	11.57	11.71	1265131	44533940.00
2017/02/15	11.67	11.75	11.58	11.61	875860	30943682.00
2017/02/16	11.61	11.61	11.39	11.51	1398002	48561264.00
2017/02/17	11.44	11.66	11.37	11.41	1061218	36867088.00
2017/02/20	11.42	11.63	11.33	11.63	1026942	35700956.00
2017/02/21	11.65	11.86	11.52	11.79	1780150	63227808.00
2017/02/22	11.77	11.86	11.63	11.72	826229	29286616.00
2017/02/23	11.80	12.00	11.67	11.90	1922112	69200936.00
2017/02/24	11.87	11.93	11.80	11.88	1074364	38600588.00
2017/02/27	11.88	11.90	11.57	11.60	1333881	47365896.00
2017/02/28	11.62	11.73	11.52	11.65	1018813	35783736.00
2017/03/01	11.64	11.74	11.56	11.65	1059154	37397664.00
2017/03/02	11.65	11.97	11.65	11.84	2209302	79086184.00
2017/03/03	11.77	11.95	11.77	11.90	1543813	55409312.00
2017/03/06	11.89	12.16	11.82	12.14	2169939	79129704.00
2017/03/07	12.07	12.12	11.86	12.09	2058940	74719376.00
2017/03/08	12.07	12.08	11.93	11.93	2139602	77488912.00
2017/03/09	11.98	12.05	11.77	11.85	1252515	45113192.00
2017/03/10	11.85	11.99	11.80	11.83	937366	33637352.00
2017/03/13	11.74	11.84	11.61	11.75	1916989	67848944.00
2017/03/14	11.84	11.87	11.62	11.62	1864297	66007516.00
2017/03/15	11.62	11.69	11.50	11.61	1148812	40250052.00
2017/03/16	11.62	11.74	11.57	11.70	1404267	49597596.00
2017/03/17	11.73	11.85	11.61	11.61	1557732	55295728.00
2017/03/20	11.59	11.82	11.43	11.78	1816587	63735596.00
2017/03/21	11.70	11.73	11.59	11.65	1027283	36210772.00
2017/03/22	11.57	11.60	11.45	11.49	1023173	35670304.00
2017/03/23	11.46	11.67	11.40	11.59	975838	34098860.00
2017/03/24	11.58	11.69	11.47	11.63	961528	33828796.00
2017/03/27	11.73	11.73	11.46	11.46	1565343	55030880.00
2017/03/28	11.67	12.26	11.53	11.85	3947483	142604464.00
2017/03/29	11.86	12.16	11.67	12.05	3915788	142145808.00
2017/03/30	12.05	12.05	11.32	11.35	3818929	134605296.00
2017/03/31	11.36	11.38	10.96	11.15	2771560	93476800.00
2017/04/05	11.17	11.49	11.04	11.43	1732601	59293200.00
2017/04/06	11.47	11.57	11.25	11.28	1463974	50130252.00
2017/04/07	11.28	11.40	11.24	11.28	834047	28554022.00
2017/04/10	11.31	11.38	10.79	10.83	2139496	71478864.00
2017/04/11	10.83	11.07	10.74	10.98	1117557	36858620.00
2017/04/12	11.01	11.03	10.80	10.80	949036	31235502.00
2017/04/13	10.81	11.06	10.73	10.78	1324703	43593672.00
2017/04/14	10.87	10.87	10.62	10.63	990111	32107328.00
2017/04/17	10.63	10.70	10.49	10.55	834762	26777760.00
2017/04/18	10.53	10.63	10.26	10.27	864664	27375548.00
2017/04/19	10.25	10.28	9.83	9.99	1376323	41493700.00
2017/04/20	10.06	10.06	9.69	9.76	1148033	34121872.00
2017/04/21	9.76	9.93	9.76	9.87	1029879	30722204.00
2017/04/24	9.84	9.90	9.40	9.41	1069409	30916334.00
2017/04/25	9.28	9.85	9.28	9.68	1220483	35751040.00
2017/04/26	9.83	9.83	9.57	9.74	693271	20486710.00
2017/04/27	9.80	9.94	9.61	9.88	947197	28088356.00
2017/04/28	9.92	10.00	9.84	9.94	619050	18508982.00
2017/05/02	9.87	10.59	9.87	10.42	1872169	58540024.00
2017/05/03	10.33	10.43	10.16	10.21	948855	29425592.00
2017/05/04	10.17	10.29	10.05	10.13	870017	26756408.00
2017/05/05	10.60	11.05	10.46	10.48	2818990	91094976.00
2017/05/08	10.47	10.56	10.16	10.23	1553906	48843640.00
2017/05/09	10.20	10.43	10.07	10.33	1009915	31421404.00
2017/05/10	10.37	10.48	9.98	10.04	1169601	36167968.00
2017/05/11	9.95	10.02	9.46	9.81	1180865	34619960.00
2017/05/12	9.80	9.85	9.56	9.65	863832	25170902.00
2017/05/15	9.64	10.43	9.64	10.06	1398714	42456308.00
2017/05/16	10.04	10.22	9.80	10.19	1238310	37334276.00
2017/05/17	10.17	10.33	10.11	10.12	1114687	34329572.00
2017/05/18	10.10	10.46	9.93	10.24	1489794	46356652.00
2017/05/19	10.25	10.50	10.17	10.40	1230277	38413868.00
2017/05/22	10.43	10.43	10.15	10.17	1091776	33755076.00
2017/05/23	10.07	10.18	9.68	9.69	1116852	33134376.00
2017/05/24	9.66	9.83	9.50	9.73	1130613	32993324.00
2017/05/25	9.77	9.82	9.50	9.72	881924	25723818.00
2017/05/26	9.70	9.81	9.66	9.72	552624	16234582.00
2017/05/31	9.86	9.93	9.67	9.71	758133	22531978.00
2017/06/01	9.62	9.70	9.23	9.27	1296400	36805792.00
2017/06/02	9.21	9.50	9.13	9.40	788746	22130542.00
2017/06/05	9.48	9.55	9.37	9.44	778203	22251230.00
2017/06/06	9.44	9.51	9.37	9.49	781232	22362972.00
2017/06/07	9.46	9.77	9.46	9.74	1256964	36739768.00
2017/06/08	9.77	10.18	9.70	10.04	1967836	59589664.00
2017/06/09	9.99	10.39	9.95	10.38	2158568	66381148.00
2017/06/12	10.24	10.55	10.06	10.17	1873949	58495120.00
2017/06/13	10.09	10.75	10.09	10.75	2521620	80004240.00
2017/06/14	10.60	10.78	10.51	10.57	1121461	35917664.00
2017/06/15	10.52	10.75	10.45	10.62	1141171	36663760.00
2017/06/16	10.60	10.85	10.36	10.39	1080192	34136188.00
2017/06/19	10.60	10.60	10.30	10.48	689870	21679522.00
2017/06/20	10.49	10.59	10.43	10.47	1011666	32133268.00
2017/06/21	10.46	10.74	10.44	10.73	1922062	61797736.00
2017/06/22	10.70	10.73	10.12	10.13	1525537	47988720.00
2017/06/23	10.33	10.33	10.10	10.24	671055	20649920.00
2017/06/26	10.26	10.43	10.15	10.39	773427	24140508.00
2017/06/27	10.42	10.46	10.23	10.33	595710	18571908.00
2017/06/28	10.32	10.36	10.21	10.25	536157	16635363.00
2017/06/29	10.21	10.35	10.20	10.25	546685	16979860.00
2017/06/30	10.15	10.23	9.97	10.06	832618	25294040.00
2017/07/03	10.15	10.17	9.93	10.16	999196	30349568.00
2017/07/04	10.14	10.23	10.09	10.22	886634	27214292.00
2017/07/05	10.18	10.53	10.18	10.53	1512164	47763532.00
2017/07/06	10.53	10.60	10.38	10.45	1068850	33830560.00
2017/07/07	10.57	10.60	10.40	10.46	1189661	37767232.00
2017/07/10	10.53	10.53	10.17	10.23	1457939	45109736.00
2017/07/11	10.18	10.37	10.15	10.26	1221700	37795692.00
2017/07/12	10.20	10.29	9.95	10.16	1029421	31349546.00
2017/07/13	10.16	10.17	9.99	10.05	941469	28578006.00
2017/07/14	10.08	10.18	10.01	10.17	988791	30204010.00
2017/07/17	10.03	10.03	9.15	9.22	2405571	68299432.00
2017/07/18	9.22	9.33	9.04	9.25	905836	25160304.00
2017/07/19	9.28	9.28	9.03	9.07	1639735	44994904.00
2017/07/20	9.07	9.19	9.07	9.11	919018	25371208.00
2017/07/21	9.09	9.16	9.05	9.05	723900	19884888.00
2017/07/24	9.02	9.11	8.90	9.11	988937	26929162.00
2017/07/25	9.10	9.14	9.03	9.09	609887	16752140.00
2017/07/26	9.13	9.19	9.04	9.04	496500	13644712.00
2017/07/27	9.05	9.76	8.94	9.63	2266254	64638504.00
2017/07/28	9.56	9.59	9.39	9.42	1292549	37047056.00
2017/07/31	9.40	9.52	9.27	9.46	838971	23899654.00
2017/08/01	9.46	9.56	9.39	9.47	705345	20150954.00
2017/08/02	9.56	9.56	9.36	9.37	812900	23243080.00
2017/08/03	9.37	9.73	9.29	9.53	1109655	32099530.00
2017/08/04	9.51	9.58	9.45	9.45	621800	17892952.00
2017/08/07	9.45	9.71	9.45	9.51	625200	18110268.00
2017/08/08	9.45	9.67	9.32	9.67	1089877	31529796.00
2017/08/09	9.60	9.77	9.57	9.64	827801	24128542.00
2017/08/10	9.53	9.65	9.49	9.53	921779	26565890.00
2017/08/11	9.44	9.50	9.29	9.32	891114	25234306.00
2017/08/14	9.32	9.69	9.32	9.60	1255480	36267980.00
2017/08/15	9.67	9.82	9.52	9.68	1187150	34688384.00
2017/08/16	9.75	9.99	9.54	9.95	2181757	64668644.00
2017/08/17	9.93	10.26	9.79	10.04	2202038	66485480.00
2017/08/18	9.94	10.01	9.74	9.75	1411100	42047192.00
2017/08/21	9.77	9.93	9.77	9.80	984564	29249576.00
2017/08/22	9.81	9.89	9.64	9.68	944800	27857238.00
2017/08/23	9.76	9.85	9.70	9.75	783342	23152788.00
2017/08/24	9.75	9.82	9.60	9.62	849267	24810286.00
2017/08/25	9.68	9.80	9.63	9.73	615277	18060210.00
2017/08/28	9.79	10.03	9.79	9.92	1423041	42780212.00
2017/08/29	9.97	9.99	9.74	9.83	1074838	31934484.00
2017/08/30	9.74	9.91	9.74	9.77	837356	24802680.00
2017/08/31	9.85	9.86	9.75	9.80	839907	24846426.00
2017/09/01	9.81	10.14	9.77	10.06	2158210	64958080.00
2017/09/04	10.03	10.46	10.01	10.24	2725647	84456144.00
2017/09/05	10.26	10.36	10.04	10.16	1573195	48180300.00
2017/09/06	10.02	10.52	10.02	10.47	2755506	85766752.00
2017/09/07	10.41	10.93	10.41	10.70	5728691	184505600.00
2017/09/08	10.64	10.70	10.44	10.60	2825716	90157600.00
2017/09/11	10.67	10.67	10.38	10.47	2119253	67054380.00
2017/09/12	10.46	10.53	10.27	10.32	1849475	57865728.00
2017/09/13	10.32	10.40	10.17	10.28	1187128	36711424.00
2017/09/14	10.25	10.32	10.09	10.16	1312153	40322236.00
2017/09/15	10.19	10.23	9.92	9.97	1591175	48174184.00
2017/09/18	9.97	10.09	9.89	10.06	1106015	33380380.00
2017/09/19	10.10	10.11	9.84	9.85	1294475	38901220.00
2017/09/20	9.86	9.97	9.84	9.89	1442188	43109556.00
2017/09/21	9.97	10.09	9.75	9.75	1848968	55425344.00
2017/09/22	9.66	9.75	9.51	9.64	1380100	40029924.00
2017/09/25	9.60	9.71	9.57	9.64	906407	26404862.00
2017/09/26	9.57	9.67	9.40	9.50	1202727	34495856.00
2017/10/09	9.63	9.92	9.63	9.82	1707193	50473584.00
2017/10/10	9.77	10.10	9.77	10.10	2198315	66247000.00
2017/10/11	10.43	10.57	9.96	10.02	3288008	101658456.00
2017/10/12	9.92	9.97	9.77	9.85	1490480	44385828.00
2017/10/13	9.87	9.98	9.80	9.89	1892038	56525684.00
2017/10/16	9.93	9.93	9.33	9.36	3028463	87517792.00
2017/10/17	9.37	9.42	9.33	9.39	1290342	36547228.00
2017/10/18	9.46	9.46	9.23	9.23	973700	27452284.00
2017/10/19	9.24	9.84	9.22	9.48	2769985	79701104.00
2017/10/20	9.34	9.49	9.33	9.46	958800	27236078.00
2017/10/23	9.46	9.53	9.39	9.42	1021594	29078108.00
2017/10/24	9.42	9.50	9.25	9.32	944800	26697464.00
2017/10/25	9.32	9.46	9.32	9.42	830094	23600676.00
2017/10/26	9.42	9.49	9.33	9.46	1088190	30937980.00
2017/10/27	9.46	9.51	9.34	9.37	773250	21978376.00
2017/10/30	9.44	9.44	8.93	8.98	1528401	41766768.00
2017/10/31	8.98	9.05	8.95	9.01	834450	22683032.00
2017/11/01	9.03	9.07	8.93	8.99	874238	23830556.00
2017/11/02	8.96	9.03	8.94	8.94	776048	21053104.00
2017/11/03	8.90	8.99	8.77	8.90	863100	23157404.00
2017/11/06	8.90	9.37	8.80	9.17	1477258	40474524.00
2017/11/07	9.28	9.59	9.23	9.37	2835710	80648256.00
2017/11/08	9.27	9.33	9.17	9.20	1869203	52101012.00
2017/11/09	9.15	9.25	9.11	9.21	1046809	29070426.00
2017/11/10	9.23	9.28	8.97	9.08	1100000	30286164.00
2017/11/13	9.06	9.17	9.02	9.13	1137062	31314134.00
2017/11/14	9.13	9.20	8.91	8.98	1316052	36065640.00
2017/11/15	8.94	9.05	8.87	8.99	974658	26389492.00
2017/11/16	8.93	8.98	8.87	8.90	881570	23772584.00
2017/11/17	8.93	8.94	8.35	8.50	2023254	52375136.00
2017/11/20	8.57	8.57	8.30	8.51	881450	22440106.00
2017/11/21	8.52	8.58	8.39	8.51	741732	19000530.00
2017/11/22	8.49	8.54	8.40	8.42	732300	18735652.00
2017/11/23	8.44	8.44	8.27	8.27	865450	21842784.00
2017/11/24	8.28	8.43	8.20	8.32	829358	20971788.00
2017/11/27	8.42	8.42	7.97	7.98	904700	22351408.00
2017/11/28	7.98	8.12	7.95	8.05	866931	21043956.00
2017/11/29	8.06	8.06	7.79	7.89	963527	23020228.00
2017/11/30	7.96	8.43	7.90	8.05	2069828	51111936.00
2017/12/01	7.94	8.20	7.94	8.11	1137445	27875850.00
2017/12/04	8.14	8.14	7.93	7.94	751054	18153608.00
2017/12/05	7.94	7.95	7.60	7.62	1066427	24944902.00
2017/12/06	7.60	7.73	7.51	7.72	781213	18071328.00
2017/12/07	7.72	7.72	7.61	7.67	495501	11479172.00
2017/12/08	7.65	7.85	7.65	7.81	888949	20936630.00
2017/12/11	8.10	8.25	8.05	8.17	2198487	54255224.00
2017/12/12	8.13	8.13	7.90	7.91	1532821	37048944.00
2017/12/13	7.95	8.03	7.90	7.99	808083	19492076.00
2017/12/14	8.03	8.03	7.87	7.93	839150	20197596.00
2017/12/15	7.93	7.99	7.80	7.85	655853	15632739.00
2017/12/18	7.84	7.95	7.77	7.84	917913	21839008.00
2017/12/19	7.83	7.93	7.75	7.79	1823470	43253268.00
2017/12/20	7.79	7.79	7.34	7.39	2494495	56454096.00
2017/12/21	7.34	7.40	7.14	7.27	1424000	31358156.00
2017/12/22	7.27	7.30	7.10	7.10	1609149	34983688.00
2017/12/25	7.13	7.15	6.74	6.76	1841049	38516720.00
2017/12/26	6.77	6.93	6.74	6.89	1456995	30330514.00
2017/12/27	6.93	7.00	6.81	6.93	1346044	28145376.00
2017/12/28	6.87	7.12	6.77	7.00	1960521	41735176.00
2017/12/29	7.06	7.16	6.88	7.14	1278222	27287514.00
2018/01/02	7.65	7.86	7.65	7.86	2327158	55196952.00
2018/01/03	7.87	8.23	7.86	7.91	6768964	164416752.00
2018/01/04	8.08	8.08	7.71	7.79	3515599	83082616.00
2018/01/05	7.75	7.92	7.75	7.80	2030911	48106092.00
2018/01/08	7.80	7.85	7.70	7.80	1758000	41304468.00
2018/01/09	7.86	7.86	7.71	7.80	1216229	28593794.00
2018/01/10	7.80	8.06	7.70	8.00	2429188	57864912.00
2018/01/11	8.03	8.76	7.97	8.48	5874961	148382592.00
2018/01/12	8.35	8.59	8.35	8.47	2582950	65971816.00
2018/01/15	8.50	8.52	7.87	7.90	2870590	70787616.00
2018/01/16	7.84	8.16	7.84	8.12	1985790	48472136.00
2018/01/17	8.12	8.12	7.88	8.00	1668440	40303824.00
2018/01/18	7.99	8.17	7.87	8.08	2069400	50032488.00
2018/01/19	8.06	8.42	8.01	8.34	2252383	56602736.00
2018/01/22	8.42	8.75	8.34	8.66	3875744	100673648.00
2018/01/23	8.60	8.71	8.50	8.62	2149750	55815116.00
2018/01/24	8.57	8.66	8.40	8.58	2260171	58195352.00
2018/01/25	8.52	8.69	8.43	8.43	2054540	52982656.00
2018/01/26	8.36	8.76	8.32	8.66	2726781	70825600.00
2018/01/29	8.60	8.70	8.42	8.45	1984523	51155776.00
2018/01/30	8.49	8.49	8.25	8.26	1785100	44831620.00
2018/01/31	8.10	8.10	7.60	7.81	3208100	76087040.00
2018/02/01	7.81	7.98	7.53	7.60	2460880	57596320.00
2018/02/02	7.64	7.64	7.11	7.31	3493820	77460272.00
2018/02/05	7.32	7.65	7.20	7.57	2415168	55072828.00
2018/02/06	8.10	8.33	8.06	8.33	10205192	255983136.00
2018/02/07	8.77	9.10	8.10	8.60	22652908	585306752.00
2018/02/08	8.40	9.47	8.36	9.23	18954021	515738752.00
2018/02/09	8.80	9.38	8.80	8.90	15705266	432530752.00
2018/02/12	9.13	9.80	9.02	9.80	12203184	348444288.00
2018/02/13	10.20	10.20	9.53	9.55	15757608	468735392.00
2018/02/14	9.53	10.05	9.43	9.94	12727495	374493856.00
2018/02/22	9.93	10.82	9.77	10.67	15143899	467320864.00
2018/02/23	10.44	10.67	10.34	10.61	11511487	364999552.00
2018/02/26	10.67	10.92	10.50	10.64	15981074	515728896.00
2018/02/27	10.59	11.03	10.47	10.54	15408486	497358048.00
2018/02/28	10.17	10.30	9.70	9.98	15106750	457868736.00
2018/03/01	10.05	10.36	10.01	10.22	13105014	402546848.00
2018/03/02	10.02	10.36	9.87	9.93	10809929	329917408.00
2018/03/05	10.01	10.83	10.00	10.75	16195750	510834112.00
2018/03/06	10.60	11.13	10.53	10.73	15699818	510739392.00
2018/03/07	10.74	11.77	10.63	11.23	15919674	540346304.00
2018/03/08	11.13	11.37	10.93	11.30	11442869	384472768.00
2018/03/09	11.22	11.60	11.14	11.41	12146946	416631840.00
2018/03/12	11.47	11.86	11.29	11.36	12197738	423171584.00
2018/03/13	11.24	11.55	11.04	11.06	9696202	331202400.00
2018/03/14	11.06	11.18	10.77	10.77	8598771	285133120.00
2018/03/15	10.68	11.01	10.50	10.93	8877738	288152800.00
2018/03/16	10.86	11.03	10.74	10.76	5550385	182234448.00
2018/03/19	10.80	11.15	10.53	10.86	8188689	269846880.00
2018/03/20	10.60	10.69	10.10	10.43	10302968	323526528.00
2018/03/21	10.47	10.59	10.13	10.17	9893309	310810176.00
2018/03/22	10.14	10.45	10.09	10.19	7735899	239476432.00
2018/03/23	9.77	9.89	9.17	9.26	11443300	331763232.00
2018/03/26	9.30	9.80	9.25	9.80	8261630	238948016.00
2018/03/27	10.01	10.46	9.97	10.20	11065377	340441248.00
2018/03/28	10.03	10.90	9.94	10.48	10787709	342959104.00
2018/03/29	10.38	10.82	10.38	10.56	7542595	240681488.00
2018/03/30	10.76	11.19	10.58	11.08	11326902	373282624.00
2018/04/02	11.10	11.52	10.96	11.27	12640296	428713376.00
2018/04/03	10.96	11.45	10.94	11.26	9263219	311932736.00
2018/04/04	11.33	11.35	10.64	10.72	8981873	295895008.00
2018/04/09	10.78	11.30	10.60	11.19	9651948	320330688.00
2018/04/10	11.10	11.17	10.61	10.75	8183648	268213984.00
2018/04/11	10.86	11.84	10.80	11.49	19098380	664518400.00
2018/04/12	11.40	11.78	11.24	11.57	16892834	588279744.00
2018/04/13	12.26	12.43	11.22	11.24	15956251	570126208.00
2018/04/16	10.94	12.01	10.94	11.96	15230241	533668736.00
2018/04/17	11.96	12.26	11.29	11.30	13053802	461121536.00
2018/04/18	11.47	12.10	11.03	11.95	13425598	468419488.00
2018/04/19	11.80	12.69	11.78	12.14	15480761	571710400.00
2018/04/20	11.96	12.41	11.62	11.98	11141602	404078240.00
2018/04/23	11.93	12.05	10.78	11.10	13295168	453387072.00
2018/04/24	11.10	12.22	10.94	12.22	16119915	573924608.00
2018/04/25	12.33	12.76	12.13	12.75	18199078	684113024.00
2018/04/26	12.45	12.56	12.04	12.13	12542683	465580992.00
2018/04/27	12.20	12.23	11.50	11.82	12367324	441541760.00
2018/05/02	11.77	11.93	11.25	11.53	9069138	316720928.00
2018/05/03	11.43	11.91	11.07	11.84	9671634	334861088.00
2018/05/04	11.68	11.69	11.33	11.43	7508229	260181120.00
2018/05/07	11.43	12.01	11.37	11.90	9592485	340203296.00
2018/05/08	11.87	11.90	11.53	11.79	7370752	260653744.00
2018/05/09	11.68	11.90	11.60	11.68	5901630	209012768.00
2018/05/10	11.73	11.73	11.36	11.51	6415621	223184800.00
2018/05/11	11.55	11.56	11.13	11.16	5584990	189906784.00
2018/05/14	11.04	11.38	10.87	11.03	5772526	193539952.00
2018/05/15	11.12	11.48	11.10	11.46	6952073	236663200.00
2018/05/16	11.32	11.65	11.32	11.42	5951268	206595968.00
2018/05/17	11.40	11.52	11.12	11.16	4506342	153215712.00
2018/05/18	11.10	11.16	10.52	10.78	8620979	281433024.00
2018/05/21	10.84	11.26	10.70	11.07	6841562	227751664.00
2018/05/22	11.14	11.45	11.10	11.23	7547414	256674336.00
2018/05/23	11.20	11.45	11.02	11.26	6496590	221884592.00
2018/05/24	11.26	11.45	11.20	11.24	5356597	183333616.00
2018/05/25	11.09	11.16	10.59	10.63	7469137	244069152.00
2018/05/28	10.63	10.72	10.31	10.37	5499917	174258432.00
2018/05/29	10.39	10.67	9.98	10.13	12127584	188751472.00
2018/05/30	9.90	10.41	9.71	9.99	13665158	208763184.00
2018/05/31	10.14	10.21	9.60	9.91	10743972	160025952.00
2018/06/01	9.83	9.89	9.01	9.19	14306270	202367104.00
2018/06/04	9.25	9.36	8.75	9.07	12937417	176139920.00
2018/06/05	9.13	9.85	9.09	9.78	16703107	238758880.00
2018/06/06	9.66	10.03	9.59	9.93	15852101	235456096.00
2018/06/07	9.93	9.99	9.68	9.69	8426082	124300680.00
2018/06/08	9.69	9.97	9.61	9.95	9510324	140709840.00
2018/06/11	9.82	10.25	9.75	9.94	12869701	194029648.00
2018/06/12	9.89	9.99	9.47	9.82	8544101	125343072.00
2018/06/13	9.80	10.07	9.61	9.63	7298512	107631872.00
2018/06/14	10.47	10.47	9.85	9.85	20575814	313668448.00
2018/06/15	9.87	10.12	9.30	9.45	12914614	187499744.00
2018/06/19	8.97	9.19	8.50	8.52	12444500	164598352.00
2018/06/20	8.51	8.90	8.37	8.84	10004564	130889720.00
2018/06/21	8.77	8.85	8.43	8.52	8712800	113134176.00
2018/06/22	8.45	8.92	8.35	8.87	10182700	134024016.00
2018/06/25	8.92	9.09	8.77	8.79	8198644	110305920.00
2018/06/26	8.56	9.42	8.52	9.29	11200906	153136032.00
2018/06/27	9.29	10.06	9.14	9.75	16530464	238524512.00
2018/06/28	9.65	9.90	9.59	9.60	9216500	135101136.00
2018/06/29	9.63	10.43	9.45	10.37	20772983	314577952.00
2018/07/02	10.29	10.59	10.10	10.32	13880097	216157312.00
2018/07/03	10.24	11.35	10.19	11.35	24814247	405980032.00
2018/07/04	11.10	11.39	10.80	10.92	19472337	325255968.00
2018/07/05	10.85	11.39	10.50	10.85	18116219	300330656.00
2018/07/06	10.93	11.43	10.70	10.92	22551519	377505568.00
2018/07/09	10.78	11.20	10.71	11.07	17507218	288364640.00
2018/07/10	11.00	11.00	10.20	10.55	28403839	448744672.00
2018/07/11	10.25	10.42	9.96	10.28	14717257	225974368.00
2018/07/12	10.23	10.89	10.23	10.71	18926237	302270688.00
2018/07/13	10.63	10.81	10.41	10.53	12733985	202916720.00
2018/07/16	10.64	10.95	10.34	10.83	17421073	280410624.00
2018/07/17	10.73	10.87	10.51	10.83	11502954	185276288.00
2018/07/18	10.84	10.95	10.57	10.57	12360300	200718944.00
2018/07/19	10.55	10.67	10.21	10.40	10805004	169553904.00
2018/07/20	10.33	10.93	10.31	10.91	19894982	320515008.00
2018/07/23	10.93	11.15	10.80	11.01	19200900	316419104.00
2018/07/24	10.96	11.19	10.75	11.10	16784520	277917312.00
2018/07/25	11.11	11.32	10.83	10.88	17367539	288858112.00
2018/07/26	10.77	10.81	10.25	10.27	16940242	266328080.00
2018/07/27	10.18	10.29	9.92	9.94	10685140	161655984.00
2018/07/30	9.90	10.03	9.65	9.72	7622266	112612296.00
2018/07/31	9.71	9.85	9.53	9.63	5706199	83330672.00
2018/08/01	9.70	9.95	9.57	9.59	8654195	127355848.00
2018/08/02	9.53	9.53	9.05	9.29	9874816	137811216.00
2018/08/03	9.35	9.58	9.25	9.29	8745960	123734920.00
2018/08/06	9.28	9.53	9.22	9.46	10478852	148643488.00
2018/08/07	9.52	10.41	9.51	10.41	23364308	355469792.00
2018/08/08	10.40	10.55	9.99	10.07	19159072	296320192.00
2018/08/09	10.05	11.00	10.01	10.65	25199663	400590208.00
2018/08/10	10.55	10.99	10.51	10.97	24418179	396241632.00
2018/08/13	10.70	11.51	10.65	11.30	26529824	444033312.00
2018/08/14	11.17	11.29	10.80	10.95	18517322	306333248.00
2018/08/15	11.01	11.43	10.85	11.03	22081069	370021216.00
2018/08/16	10.63	11.35	10.51	11.01	20227444	334284448.00
2018/08/17	11.20	11.27	10.49	10.57	16231771	265040640.00
2018/08/20	10.74	11.63	10.57	11.33	25719647	429971456.00
2018/08/21	11.23	11.66	11.17	11.50	27070720	465614720.00
2018/08/22	11.39	11.53	11.04	11.23	17476076	295880928.00
2018/08/23	11.17	11.61	11.11	11.30	19221724	330058208.00
2018/08/24	11.21	11.23	10.83	10.93	16847546	279014240.00
2018/08/27	10.97	11.63	10.87	11.54	22926892	390094496.00
2018/08/28	11.44	11.72	11.38	11.57	16766282	290634272.00
2018/08/29	11.48	11.63	11.23	11.51	11146152	191348960.00
2018/08/30	11.53	11.56	11.08	11.14	12526176	211793024.00
2018/08/31	11.03	11.29	10.98	11.00	8390568	140725488.00
2018/09/03	10.95	11.29	10.53	11.27	12981422	212328096.00
2018/09/04	11.13	12.40	11.13	12.40	40085323	716641344.00
2018/09/05	12.40	12.69	12.21	12.34	38484582	720495488.00
2018/09/06	12.39	12.68	12.21	12.49	27172154	509040512.00
2018/09/07	12.35	12.67	11.65	11.83	30863134	563113920.00
2018/09/10	11.77	11.93	11.21	11.47	21737234	378359936.00
2018/09/11	11.45	11.75	11.40	11.53	12843682	223475312.00
2018/09/12	11.53	11.69	11.21	11.26	14083953	242061552.00
2018/09/13	11.42	11.81	11.07	11.77	17591625	303618752.00
2018/09/14	11.69	11.76	11.27	11.35	14657808	253545616.00
2018/09/17	11.06	11.52	10.85	11.35	9538434	160897312.00
2018/09/18	11.29	11.75	11.18	11.71	12107560	209847600.00
2018/09/19	11.57	12.69	11.57	12.22	26142996	479289184.00
2018/09/20	12.15	12.26	12.01	12.10	10880462	198214736.00
2018/09/21	12.21	12.34	12.03	12.23	13292816	243714608.00
2018/09/25	12.11	12.61	12.11	12.29	12111892	226134944.00
2018/09/26	12.21	12.32	11.84	12.08	15816825	285497856.00
2018/09/27	12.01	12.15	11.80	11.87	9723502	174791248.00
2018/09/28	11.93	11.99	11.30	11.67	12578247	219124288.00
2018/10/08	11.24	11.47	11.05	11.13	9724479	164582768.00
2018/10/09	11.19	11.37	10.65	10.87	9929669	163514288.00
2018/10/10	11.01	11.39	10.87	11.20	11988224	201756480.00
2018/10/11	10.79	11.42	10.46	10.77	15094709	248385504.00
2018/10/12	10.75	11.38	10.72	11.26	12791165	213270368.00
2018/10/15	11.35	11.57	11.13	11.25	12638602	216154272.00
2018/10/16	11.18	11.55	11.00	11.29	11938833	202732896.00
2018/10/17	11.43	12.21	11.23	11.97	19805851	349436480.00
2018/10/18	11.89	12.25	11.71	11.98	18561418	335519232.00
2018/10/19	11.65	13.18	11.57	12.95	33927816	646187584.00
2018/10/22	13.23	13.86	12.83	13.30	39713330	789974528.00
2018/10/23	13.03	13.53	12.95	13.36	24188551	482562496.00
2018/10/24	13.13	13.36	12.63	12.94	21721695	422719552.00
2018/10/25	12.40	13.35	12.25	13.27	23458600	448588608.00
2018/10/26	13.20	13.35	12.75	13.08	18588611	366005120.00
2018/10/29	12.99	12.99	12.28	12.28	15639854	296029248.00
2018/10/30	12.32	12.61	11.71	12.23	21073066	384649024.00
2018/10/31	12.17	12.55	11.89	12.26	16787115	309333504.00
2018/11/01	12.47	13.00	12.24	12.58	22291455	423167872.00
2018/11/02	12.97	12.97	12.43	12.80	21425361	408982688.00
2018/11/05	12.64	13.54	12.57	13.48	28270518	556660608.00
2018/11/06	13.30	13.61	12.99	13.57	18593851	370826880.00
2018/11/07	13.44	13.73	13.02	13.02	21347889	428265408.00
2018/11/08	13.02	13.14	12.70	12.77	14091231	273494208.00
2018/11/09	12.70	13.59	12.66	13.22	22825176	455521248.00
2018/11/12	13.13	14.03	13.05	13.88	25978762	532546464.00
2018/11/13	13.59	14.09	13.57	13.69	22183985	460120960.00
2018/11/14	13.40	13.67	13.24	13.30	16258838	327765248.00
2018/11/15	13.29	13.77	13.10	13.75	17446646	353716512.00
2018/11/16	13.57	13.73	13.23	13.35	18359563	371639424.00
2018/11/19	13.15	13.25	12.79	12.92	16212122	315770240.00
2018/11/20	12.81	13.16	12.67	12.93	12727572	248254208.00
2018/11/21	12.17	12.30	11.63	11.63	31465005	559459200.00
2018/11/22	11.57	12.19	11.57	11.87	18282991	328233472.00
2018/11/23	11.82	12.00	11.61	11.66	11522887	204461856.00
2018/11/26	11.66	11.81	11.32	11.49	10495462	182549568.00
2018/11/27	11.63	11.89	11.59	11.78	9360923	165618336.00
2018/11/28	11.80	11.95	11.53	11.90	9371245	166029568.00
2018/11/29	12.00	12.07	11.43	11.52	7451602	131428544.00
2018/11/30	11.37	11.60	10.97	11.45	9174233	156157136.00
2018/12/03	11.83	11.95	11.63	11.77	10062159	178785600.00
2018/12/04	11.73	11.89	11.67	11.84	6088574	107761160.00
2018/12/05	11.64	11.87	11.46	11.67	6313341	110869728.00
2018/12/06	11.63	11.63	10.95	10.95	11507500	194139088.00
2018/12/07	10.97	11.30	10.74	11.23	13452745	222575328.00
2018/12/10	11.17	11.97	11.17	11.90	17479986	309772128.00
2018/12/11	11.81	12.07	11.81	12.05	10033545	180349424.00
2018/12/12	12.08	12.08	11.77	11.84	5991100	107354024.00
2018/12/13	11.87	12.22	11.85	12.08	8638863	156749936.00
2018/12/14	12.05	12.12	11.71	11.81	4948099	88481896.00
2018/12/17	11.73	11.93	11.65	11.82	5066306	89915128.00
2018/12/18	11.68	12.22	11.67	12.15	10682798	193950016.00
2018/12/19	12.14	12.14	11.74	11.75	6520808	116282664.00
2018/12/20	11.74	11.84	11.38	11.52	8325548	144894384.00
2018/12/21	11.65	12.47	11.65	12.28	19665163	358755520.00
2018/12/24	12.17	12.67	12.09	12.51	14658188	272963616.00
2018/12/25	12.43	12.75	12.31	12.63	13744502	259179248.00
2018/12/26	12.80	13.13	12.63	12.67	14119545	273002848.00
2018/12/27	12.84	13.07	12.56	12.59	10940352	211173056.00
2018/12/28	12.70	12.87	12.40	12.73	10618568	202386352.00
2019/01/02	12.74	13.03	12.39	12.71	9011907	172750224.00
2019/01/03	12.67	12.93	12.47	12.57	8099335	154729648.00
2019/01/04	12.45	13.10	12.39	13.05	10847585	209549856.00
2019/01/07	13.10	13.27	12.83	13.04	13874002	271335488.00
2019/01/08	12.95	12.95	12.53	12.74	7722247	148182496.00
2019/01/09	12.71	12.99	12.58	12.60	7825530	150769424.00
2019/01/10	12.63	12.63	11.76	11.81	18706875	339656032.00
2019/01/11	11.81	12.13	11.33	12.10	18016243	318133312.00
2019/01/14	12.00	12.09	11.72	11.76	8202358	146230416.00
2019/01/15	11.73	11.97	11.67	11.91	5787800	103059832.00
2019/01/16	11.91	12.31	11.87	11.97	9523850	173846512.00
2019/01/17	11.89	11.89	11.55	11.73	8366035	147019808.00
2019/01/18	11.65	11.79	11.41	11.71	6585199	115158072.00
2019/01/21	11.77	12.14	11.75	12.00	7309009	131961872.00
2019/01/22	12.01	12.10	11.68	11.90	6465000	115209376.00
2019/01/23	11.78	11.99	11.58	11.76	4793031	85119896.00
2019/01/24	11.80	11.97	11.61	11.77	5895217	104576944.00
2019/01/25	11.73	11.77	11.48	11.59	6203500	108323520.00
2019/01/28	11.50	11.65	11.42	11.44	4886729	84783552.00
2019/01/29	11.49	11.68	11.24	11.62	7223941	124623872.00
2019/01/30	11.61	12.07	11.55	11.73	9024299	161779648.00
2019/01/31	11.73	11.89	11.37	11.48	4339000	76080192.00
2019/02/01	11.54	12.05	11.54	11.97	7473012	133743696.00
2019/02/11	11.99	12.71	11.93	12.62	11507702	215694768.00
2019/02/12	12.63	12.76	12.49	12.73	7123564	135191200.00
2019/02/13	12.70	13.03	12.53	12.81	13005451	251046704.00
2019/02/14	12.77	12.95	12.70	12.81	6274618	121044880.00
2019/02/15	12.77	12.87	12.63	12.70	6260931	120022968.00
2019/02/18	12.77	13.15	12.54	13.11	12849919	248714976.00
2019/02/19	13.03	13.21	12.77	13.03	12896904	251787104.00
2019/02/20	13.01	13.01	12.57	12.74	7579315	145298720.00
2019/02/21	12.77	12.93	12.44	12.49	11299061	216242368.00
2019/02/22	12.44	13.05	12.34	13.05	10811924	208577072.00
2019/02/25	13.22	14.27	13.08	13.96	22843287	472593120.00
2019/02/26	13.93	14.37	13.56	13.60	16823302	350879360.00
2019/02/27	13.57	14.07	13.44	13.80	13255417	273495680.00
2019/02/28	13.77	13.95	13.51	13.73	9687791	199877024.00
2019/03/01	13.73	13.89	13.25	13.49	12376257	249731616.00
2019/03/04	13.62	14.35	13.49	14.09	22475939	470591648.00
2019/03/05	13.97	14.53	13.89	14.36	19736932	421808864.00
2019/03/06	14.43	14.52	13.70	14.03	18897534	397106208.00
2019/03/07	13.90	14.47	13.77	14.14	23381707	496927520.00
2019/03/08	13.58	14.30	13.30	13.50	19262827	399100000.00
2019/03/11	13.67	14.04	13.09	13.97	18595209	380863328.00
2019/03/12	14.03	14.97	14.03	14.63	27954269	612358528.00
2019/03/13	14.46	15.45	14.28	14.49	26135311	586027520.00
2019/03/14	14.43	14.69	13.19	13.80	17427220	362542368.00
2019/03/15	13.89	14.40	13.70	13.95	16505693	348707744.00
2019/03/18	13.95	13.97	13.44	13.97	13963026	288033248.00
2019/03/19	13.87	14.76	13.80	14.55	19352904	417933760.00
2019/03/20	14.59	15.17	13.89	14.97	19615782	428210208.00
2019/03/21	14.96	16.41	14.70	15.86	29412965	690603520.00
2019/03/22	16.10	16.23	15.31	15.82	23642049	559499200.00
2019/03/25	15.53	17.29	15.53	16.53	25929675	649321984.00
2019/03/26	16.63	17.11	16.11	16.43	19760746	494107968.00
2019/03/27	16.53	16.60	15.76	16.11	15476609	375254528.00
2019/03/28	16.05	16.34	15.60	15.71	10605359	254682800.00
2019/03/29	15.76	16.73	15.65	16.70	14709219	360908064.00
2019/04/01	16.87	17.38	16.51	17.16	18008538	459673184.00
2019/04/02	17.07	18.39	16.97	18.03	20931762	562486784.00
2019/04/03	17.97	18.63	17.66	17.88	12619493	342606752.00
2019/04/04	18.00	18.29	17.47	17.67	12005783	320364512.00
2019/04/08	17.99	17.99	17.08	17.55	12243398	319464576.00
2019/04/09	17.30	17.88	17.04	17.25	11532974	302311744.00
2019/04/10	17.08	17.47	16.84	17.18	8160340	210418224.00
2019/04/11	17.19	17.25	16.25	16.29	13378162	333486080.00
2019/04/12	16.37	16.80	16.19	16.68	9141486	226857056.00
2019/04/15	16.91	16.95	16.20	16.21	8855591	220398016.00
2019/04/16	15.95	16.47	15.74	16.42	10673381	257647872.00
2019/04/17	16.46	16.57	16.03	16.11	10510606	256016800.00
2019/04/18	16.10	16.41	15.97	16.09	8092183	196862864.00
2019/04/19	16.07	16.16	15.45	15.81	10056771	237666064.00
2019/04/22	15.90	15.97	15.37	15.41	9860343	231665920.00
2019/04/23	15.55	15.79	15.46	15.53	7152294	167950528.00
2019/04/24	15.73	16.25	15.31	16.13	11442794	271414880.00
2019/04/25	15.99	16.07	15.33	15.34	7638556	179863856.00
2019/04/26	15.44	16.09	15.44	15.83	9393728	223382016.00
2019/04/29	15.91	16.41	15.83	15.89	11420571	275995040.00
2019/04/30	15.83	16.07	15.52	15.67	6649686	157558736.00
2019/05/06	14.64	15.03	14.10	14.10	7591060	163998704.00
2019/05/07	14.10	14.21	13.63	13.89	7291083	152502720.00
2019/05/08	13.57	14.29	13.50	13.97	5395809	113698808.00
2019/05/09	13.97	14.37	13.84	14.10	5580200	118655632.00
2019/05/10	14.20	15.21	14.17	15.01	10582195	233094704.00
2019/05/13	14.76	15.34	14.69	15.04	5808899	131621672.00
2019/05/14	14.83	15.13	14.63	14.66	5922007	131894464.00
2019/05/15	14.80	15.02	14.63	14.77	5773242	128510424.00
2019/05/16	14.78	14.79	14.37	14.50	6745613	147139104.00
2019/05/17	14.49	14.73	13.83	13.83	7204880	154438464.00
2019/05/20	13.68	14.17	13.63	14.00	6287404	131356184.00
2019/05/21	14.16	14.24	13.66	14.13	6607137	138941040.00
2019/05/22	14.09	14.50	13.93	14.25	5855736	125251224.00
2019/05/23	14.25	14.30	13.37	13.43	6544182	136026784.00
2019/05/24	13.34	13.87	13.34	13.75	6848046	140863360.00
2019/05/27	13.72	14.27	13.60	14.17	6279114	132905264.00
2019/05/28	14.17	14.42	14.03	14.07	5695500	121803032.00
2019/05/29	13.98	14.17	13.86	13.91	4447238	93532384.00
2019/05/30	13.82	13.86	13.25	13.53	6070700	123184304.00
2019/05/31	13.54	13.65	13.20	13.37	5379003	108481560.00
2019/06/03	13.37	13.53	13.10	13.16	4520708	90182120.00
2019/06/04	13.17	13.35	12.71	12.91	5396400	105864624.00
2019/06/05	13.17	13.22	12.95	13.05	5207680	102560416.00
2019/06/06	13.09	13.48	12.77	13.25	6223800	124121632.00
2019/06/10	13.32	13.47	13.01	13.33	4362762	87210256.00
2019/06/11	13.30	14.13	13.20	14.10	9441652	196654304.00
2019/06/12	14.07	14.31	13.98	14.19	5322866	113293408.00
2019/06/13	13.88	14.54	13.82	14.23	8394434	180026768.00
2019/06/14	14.23	14.46	14.01	14.23	5012200	106926760.00
2019/06/17	14.37	14.37	13.83	14.10	4240589	89725536.00
2019/06/18	14.09	14.35	13.97	14.15	2884400	61371536.00
2019/06/19	14.48	14.81	14.37	14.40	7009574	154056192.00
2019/06/20	14.37	14.95	14.30	14.93	6502825	143990288.00
2019/06/21	15.07	15.43	15.07	15.29	7792206	178570384.00
2019/06/24	15.17	15.55	14.97	15.23	4559067	104722968.00
2019/06/25	15.28	15.39	14.69	15.33	8163364	122743432.00
2019/06/26	15.15	15.28	15.00	15.08	6461902	97682120.00
2019/06/27	15.29	15.60	15.00	15.41	8578976	131161944.00
2019/06/28	15.39	15.39	14.87	14.95	6598129	99124992.00
2019/07/01	15.35	15.88	15.05	15.18	14473816	222804416.00
2019/07/02	15.20	15.76	15.08	15.72	13812208	213348304.00
2019/07/03	15.60	16.26	15.46	15.62	13054026	206114832.00
2019/07/04	15.89	15.89	15.14	15.46	8108528	124613064.00
2019/07/05	15.33	15.53	15.23	15.40	5007891	77243088.00
2019/07/08	15.44	15.45	14.63	14.82	8849676	131948480.00
2019/07/09	15.00	15.34	14.67	14.83	11943071	178907056.00
2019/07/10	15.03	15.10	14.72	14.90	8121612	121515296.00
2019/07/11	15.04	15.07	14.39	14.64	9702109	143264896.00
2019/07/12	14.77	15.14	14.55	14.72	12579496	186828960.00
2019/07/15	14.81	15.79	14.41	15.57	22172346	339154240.00
2019/07/16	15.65	16.00	15.53	15.69	14348846	225441200.00
2019/07/17	15.55	15.85	15.35	15.47	12546420	195056576.00
2019/07/18	15.35	15.38	14.97	14.97	8593709	130126408.00
2019/07/19	15.08	15.11	14.72	14.78	10637560	158578480.00
2019/07/22	14.88	14.88	13.94	13.97	15507725	219987744.00
2019/07/23	13.92	14.16	13.86	14.11	11584572	162349120.00
2019/07/24	14.11	14.66	14.11	14.48	8932034	129203016.00
2019/07/25	14.58	14.65	14.35	14.46	6194766	89669848.00
2019/07/26	14.50	14.50	14.06	14.20	10782029	153045216.00
2019/07/29	14.19	14.27	13.88	14.09	9720003	136405568.00
2019/07/30	14.12	14.81	14.07	14.64	14441555	209987408.00
2019/07/31	14.70	14.70	14.43	14.47	6705210	97391696.00
2019/08/01	14.40	15.04	14.30	14.85	13923649	206210512.00
2019/08/02	14.32	15.16	14.32	15.09	15006394	223492320.00
2019/08/05	15.02	15.53	14.88	15.26	19770880	302499040.00
2019/08/06	14.96	15.40	14.50	15.37	14235975	213235232.00
2019/08/07	15.42	15.58	15.00	15.03	12733928	195067072.00
2019/08/08	15.05	15.37	14.89	15.03	9595200	144789456.00
2019/08/09	15.12	15.19	14.47	14.58	11315809	166947600.00
2019/08/12	14.67	14.99	14.50	14.97	9155572	134931584.00
2019/08/13	14.80	14.80	14.11	14.32	16336344	234563696.00
2019/08/14	14.54	14.60	14.29	14.39	9632546	138970224.00
2019/08/15	13.93	14.85	13.91	14.79	12555027	181522064.00
2019/08/16	14.70	15.12	14.63	15.03	14154838	211262784.00
2019/08/19	15.15	15.83	15.10	15.51	23226181	361716576.00
2019/08/20	15.60	15.88	15.48	15.58	17087405	267723840.00
2019/08/21	15.69	15.86	15.42	15.68	14064493	220026656.00
2019/08/22	15.83	16.03	15.64	15.87	15863665	251327520.00
2019/08/23	15.88	15.92	15.28	15.49	18082111	280834816.00
2019/08/26	15.16	15.81	15.16	15.61	14764746	230128608.00
2019/08/27	15.78	16.75	15.75	16.59	27074839	443336352.00
2019/08/28	16.70	16.82	16.36	16.53	16380202	271336640.00
2019/08/29	16.66	16.74	16.27	16.59	14189814	234127648.00
2019/08/30	16.75	16.79	15.60	15.97	20265813	327817856.00
2019/09/02	16.11	17.30	16.00	17.22	28269256	475278656.00
2019/09/03	17.08	17.33	16.85	17.02	18299426	311406432.00
2019/09/04	17.00	17.20	16.63	17.00	16731708	282470336.00
2019/09/05	17.33	17.55	16.86	17.08	26817979	460699296.00
2019/09/06	17.12	17.30	16.80	17.07	14615773	249203840.00
2019/09/09	17.25	17.80	17.02	17.68	18935584	330672032.00
2019/09/10	17.60	17.80	17.30	17.34	14425192	252187344.00
2019/09/11	17.53	17.61	16.90	17.03	16014000	275084448.00
2019/09/12	17.09	17.38	16.80	17.15	14097457	240795664.00
2019/09/16	16.90	17.20	16.76	16.91	12235731	207310192.00
2019/09/17	16.98	17.03	16.18	16.53	14510548	240843712.00
2019/09/18	16.59	16.62	16.15	16.30	10177246	166545632.00
2019/09/19	16.48	16.64	16.25	16.63	8811893	145096848.00
2019/09/20	16.68	16.92	16.52	16.77	13164079	220719344.00
2019/09/23	16.54	16.76	15.68	16.08	23055889	368762944.00
2019/09/24	16.13	17.36	16.13	17.05	32361109	549351616.00
2019/09/25	17.03	17.47	16.70	16.96	19878424	338326944.00
2019/09/26	16.96	17.36	16.06	16.06	22032964	368912960.00
2019/09/27	16.09	17.65	16.03	17.40	34594639	591052736.00
2019/09/30	17.37	17.64	16.95	17.42	24192354	419384640.00
2019/10/08	17.50	17.82	16.75	16.85	23739932	408531264.00
2019/10/09	16.81	16.96	16.32	16.70	16514154	274279808.00
2019/10/10	16.81	17.14	16.48	17.08	18342636	309132704.00
2019/10/11	17.10	17.18	16.73	17.14	14298397	243175568.00
2019/10/14	17.39	17.83	17.07	17.83	23588258	412146848.00
2019/10/15	17.50	17.70	16.90	17.10	25613049	440783488.00
2019/10/16	17.14	17.88	16.93	17.71	24587435	430746336.00
2019/10/17	17.69	18.44	17.60	18.29	26885090	487918752.00
2019/10/18	18.05	18.42	17.88	18.22	14608256	264660864.00
2019/10/21	18.33	18.33	17.51	17.91	15287027	271703552.00
2019/10/22	17.65	18.18	17.58	18.16	14887377	266993888.00
2019/10/23	18.10	18.15	17.61	17.79	12962030	232278400.00
2019/10/24	17.80	17.82	17.19	17.44	13286563	232221360.00
2019/10/25	17.50	18.55	17.36	18.47	24269803	439218432.00
2019/10/28	18.95	18.95	18.20	18.60	23042864	428269568.00
2019/10/29	18.64	19.25	18.39	18.41	22050921	413449248.00
2019/10/30	18.22	18.64	17.85	18.16	13858782	253102240.00
2019/10/31	18.16	18.50	17.90	18.06	11246999	203491984.00
2019/11/01	18.01	18.47	17.92	18.26	9840187	179367632.00
2019/11/04	18.18	18.70	18.15	18.46	11901136	219899520.00
2019/11/05	18.43	18.44	17.93	18.38	14428395	262522592.00
2019/11/06	18.28	18.55	18.03	18.44	10166239	185816896.00
2019/11/07	18.43	19.30	18.43	19.08	20851633	396075936.00
2019/11/08	18.94	19.50	18.70	18.78	14642010	277517152.00
2019/11/11	18.00	18.57	17.37	17.64	24007922	432853952.00
2019/11/12	17.65	17.96	17.45	17.70	10981623	194080816.00
2019/11/13	17.67	17.85	17.22	17.49	10335333	180704304.00
2019/11/14	17.42	18.20	17.42	18.12	16185462	291319648.00
2019/11/15	18.09	18.19	17.60	17.60	10270834	183640672.00
2019/11/18	17.88	18.06	17.28	17.33	14721583	258622848.00
2019/11/19	17.40	18.35	17.35	18.03	23334690	419748896.00
2019/11/20	17.92	18.48	17.92	18.18	19017274	347094400.00
2019/11/21	17.97	18.32	17.96	18.10	8634596	156523248.00
2019/11/22	18.17	18.55	17.59	17.69	18069531	325785568.00
2019/11/25	17.67	17.79	16.55	16.86	23417900	396511488.00
2019/11/26	16.90	17.07	16.58	16.59	9468746	158620816.00
2019/11/27	16.70	16.73	16.52	16.59	7933194	131894864.00
2019/11/28	16.58	16.65	16.19	16.50	8767507	144014496.00
2019/11/29	16.51	16.63	16.23	16.55	6771375	111394760.00
2019/12/02	16.55	17.08	16.50	16.74	8904547	149851264.00
2019/12/03	16.68	17.13	16.31	16.95	10593498	177542544.00
2019/12/04	16.97	17.64	16.80	17.50	13678186	237047680.00
2019/12/05	17.59	18.34	17.50	18.26	24336126	440640992.00
2019/12/06	18.39	18.45	17.93	18.20	14311562	259135600.00
2019/12/09	18.20	18.38	17.84	18.02	13781669	247925392.00
2019/12/10	18.06	18.30	17.92	18.07	12116449	218678112.00
2019/12/11	18.04	18.25	17.90	18.07	7698280	139113296.00
2019/12/12	18.06	18.41	17.78	18.25	14453895	260994272.00
2019/12/13	18.40	18.85	18.22	18.39	15590916	287420928.00
2019/12/16	18.40	19.02	18.39	18.88	15444166	288925760.00
2019/12/17	18.92	19.62	18.60	19.45	22248469	424951296.00
2019/12/18	19.37	19.49	19.09	19.24	11264860	216896496.00
2019/12/19	19.06	19.24	18.82	19.07	8767987	166678176.00
2019/12/20	19.02	19.12	18.61	18.81	10928992	205865344.00
2019/12/23	18.43	18.51	17.99	17.99	10178816	185442640.00
2019/12/24	18.13	18.17	17.83	18.06	8258100	148324352.00
2019/12/25	18.05	18.35	17.88	18.26	11020563	199404000.00
2019/12/26	18.24	18.25	17.95	18.15	5916237	107122544.00
2019/12/27	18.15	18.43	17.31	17.42	19401842	344931936.00
2019/12/30	17.28	17.79	17.03	17.57	10968671	191559824.00
2019/12/31	17.56	17.95	17.51	17.94	9602182	170640208.00
2020/01/02	17.97	18.10	17.75	17.86	13393698	240159008.00
2020/01/03	17.93	18.03	17.76	17.76	8087892	144377072.00
2020/01/06	17.66	17.95	17.46	17.93	15705812	278858848.00
2020/01/07	17.77	18.23	17.60	18.18	15976051	286916320.00
2020/01/08	18.10	18.45	18.00	18.16	14157002	258357376.00
2020/01/09	18.20	18.78	18.20	18.68	16364511	303726112.00
2020/01/10	18.68	18.95	18.43	18.60	11595832	216261376.00
2020/01/13	18.56	18.80	18.33	18.72	12157453	225617712.00
2020/01/14	18.68	19.00	18.58	18.95	13910373	262328960.00
2020/01/15	18.93	18.93	18.60	18.81	8478383	159099600.00
2020/01/16	18.92	19.26	18.76	18.78	13481429	255901904.00
2020/01/17	18.99	19.32	18.72	19.01	18661896	355589888.00
2020/01/20	19.28	19.28	18.25	18.78	20642066	384392480.00
2020/01/21	18.77	19.33	18.61	19.00	17505275	333983552.00
2020/01/22	19.40	20.24	18.93	19.97	33479253	653706240.00
2020/01/23	19.80	20.41	18.53	19.17	31041952	602053184.00
数据来源:通达信
