300386 飞天诚信 日线 前复权
      日期	    开盘	    最高	    最低	    收盘	    成交量	    成交额
2014/06/26	8.54	10.35	8.54	10.35	211807	10072089.00
2014/06/27	11.43	11.43	11.43	11.43	57486	3016865.25
2014/06/30	12.63	12.63	12.63	12.63	56844	3281604.00
2014/07/01	13.94	13.94	13.94	13.94	71682	4551807.00
2014/07/02	15.38	15.38	15.38	15.38	110995	7753001.00
2014/07/03	16.97	16.97	16.97	16.97	179117	13763350.00
2014/07/04	18.72	18.72	18.72	18.72	372976	31523932.00
2014/07/07	20.64	20.64	20.64	20.64	617172	57378480.00
2014/07/08	22.75	22.75	22.75	22.75	1280783	130985680.00
2014/07/09	25.08	25.08	25.08	25.08	935313	105222712.00
2014/07/10	27.63	27.63	27.63	27.63	791691	97971760.00
2014/07/11	30.45	30.45	30.45	30.45	5959008	811199744.00
2014/07/14	31.33	32.58	30.53	30.59	13631566	1911435136.00
2014/07/15	31.31	31.31	29.01	29.20	7739977	1043017408.00
2014/07/16	28.83	29.46	27.73	28.82	5688645	729773632.00
2014/07/17	28.77	29.42	27.92	28.98	4025394	518048768.00
2014/07/18	28.83	29.39	28.26	28.37	2966870	382342816.00
2014/07/21	27.69	27.80	26.08	26.55	4769274	572353664.00
2014/07/22	26.48	26.89	26.25	26.45	2337882	277748768.00
2014/07/23	26.31	26.59	25.59	26.01	3227715	377908416.00
2014/07/24	25.64	27.12	25.42	26.11	4138542	490681472.00
2014/07/25	25.84	25.84	24.44	24.96	3852234	433371552.00
2014/07/28	25.09	25.53	24.93	25.20	2966396	335542944.00
2014/07/29	25.20	26.00	25.20	25.53	2591886	298090112.00
2014/07/30	25.52	26.51	25.03	26.37	3916062	451442528.00
2014/07/31	26.01	26.06	25.46	25.58	2460368	283674432.00
2014/08/01	25.38	25.98	25.15	25.17	1500682	171783120.00
2014/08/04	25.19	26.28	25.06	25.78	2032815	235961536.00
2014/08/05	25.69	26.85	25.55	26.31	2500644	295537440.00
2014/08/06	26.12	26.41	25.64	25.78	1723538	200433808.00
2014/08/07	25.64	26.21	25.62	25.90	1377233	159980912.00
2014/08/08	25.87	26.05	25.54	25.58	1493317	172580160.00
2014/08/11	25.57	25.73	25.29	25.64	1066714	122220312.00
2014/08/12	25.55	25.76	25.35	25.39	1165532	133339984.00
2014/08/13	25.28	25.28	24.24	24.31	2150870	238265488.00
2014/08/14	24.15	24.61	24.15	24.36	879863	96569952.00
2014/08/15	24.35	24.53	24.17	24.52	712972	78134184.00
2014/08/18	24.60	25.22	24.60	25.17	1268847	142394112.00
2014/08/19	25.19	25.55	25.03	25.35	1331698	151008464.00
2014/08/20	25.34	26.46	25.10	25.90	2311811	268013184.00
2014/08/21	25.72	25.82	25.37	25.75	1188698	136387696.00
2014/08/22	25.70	28.19	25.48	27.88	3158721	381525792.00
2014/08/25	27.46	28.18	27.28	27.54	2257667	281104192.00
2014/08/26	26.78	27.05	25.62	25.62	3010199	353453920.00
2014/08/27	25.64	26.29	25.48	25.73	1744472	202491248.00
2014/08/28	25.42	25.85	25.20	25.45	1283158	146962432.00
2014/08/29	25.54	26.46	25.33	26.03	1395830	162612160.00
2014/09/01	26.06	26.86	25.92	26.57	1397319	166111920.00
2014/09/02	26.58	28.60	26.58	28.21	2777939	347127616.00
2014/09/03	28.14	28.19	27.58	27.98	1980803	247187504.00
2014/09/04	27.98	29.18	27.98	28.73	2313877	299079008.00
2014/09/05	28.43	28.80	28.17	28.44	1343129	170846016.00
2014/09/09	28.44	28.71	27.83	27.87	1348531	169236256.00
2014/09/10	27.71	28.51	27.70	28.48	1255834	159143728.00
2014/09/11	28.41	28.63	27.57	27.68	1634445	205105776.00
2014/09/12	27.65	27.77	27.38	27.58	1023131	126050256.00
2014/09/15	27.92	28.12	27.59	27.94	1158616	144677872.00
2014/09/16	27.93	27.93	26.34	26.35	2092572	254065760.00
2014/09/17	26.53	26.73	26.26	26.55	851445	101005552.00
2014/09/18	26.53	26.66	26.33	26.54	652971	77574280.00
2014/09/19	26.52	27.43	26.41	27.23	1067673	129734160.00
2014/09/22	27.23	27.23	26.42	26.62	953212	113592472.00
2014/09/23	26.55	27.92	26.50	27.80	1299316	159064384.00
2014/09/24	27.62	28.06	27.46	27.73	1006937	125173480.00
2014/09/25	27.64	28.25	27.62	27.96	1652480	206811488.00
2014/09/26	27.88	28.21	27.46	27.62	1025416	127449048.00
2014/09/29	27.72	28.18	27.67	27.88	925455	115793448.00
2014/09/30	27.87	28.63	27.80	28.48	1686236	213625312.00
2014/10/08	28.53	28.93	28.36	28.83	1246950	159870320.00
2014/10/09	28.75	28.75	27.85	28.05	1881370	237377856.00
2014/10/10	27.91	27.93	27.38	27.68	971151	120322320.00
2014/10/13	27.47	29.08	27.46	29.00	1899005	241222480.00
2014/10/14	28.57	28.60	27.87	28.07	1936113	243664496.00
2014/10/15	27.97	28.73	27.96	28.19	1403914	178577552.00
2014/10/16	27.98	28.63	27.82	27.93	1442932	182330784.00
2014/10/17	27.69	29.11	27.69	28.71	2724161	347485088.00
2014/10/20	28.90	30.19	28.90	29.33	2545065	336273504.00
2014/10/21	29.30	31.92	29.12	31.05	3388876	463542432.00
2014/10/22	30.87	31.55	30.43	30.43	1943831	268217872.00
2014/10/23	30.42	32.62	30.28	31.33	2842636	402063872.00
2014/10/24	31.78	31.96	30.85	31.40	1623162	227438160.00
2014/10/27	31.75	31.75	29.39	29.52	2222487	301580736.00
2014/10/28	29.94	30.53	29.74	30.51	1698580	228584448.00
2014/10/29	30.51	31.55	30.39	31.13	1682787	232984096.00
2014/10/30	31.10	31.33	30.51	30.62	1483797	204874896.00
2014/10/31	30.64	31.54	30.41	31.29	1606539	222736752.00
2014/11/03	31.21	32.54	31.19	32.20	1317601	188402080.00
2014/11/04	32.34	32.84	31.17	31.20	1607883	228714816.00
2014/11/05	30.99	31.84	30.42	31.71	1267373	176424864.00
2014/11/06	31.55	32.95	31.39	32.64	2307557	334564640.00
2014/11/07	32.70	32.92	31.75	32.00	2001611	288973024.00
2014/11/10	31.82	32.46	31.55	32.42	1085872	155846672.00
2014/11/11	32.38	32.38	30.72	31.27	1849717	260756896.00
2014/11/12	31.08	34.03	30.94	33.46	2865455	420955264.00
2014/11/13	32.51	32.73	31.63	31.77	2452481	352317536.00
2014/11/14	31.35	32.51	29.78	30.29	2501471	348459136.00
2014/11/17	30.12	31.06	29.51	30.21	1279539	173764896.00
2014/11/18	30.19	30.71	29.96	30.57	795525	107998272.00
2014/11/19	30.44	30.87	29.97	30.65	1005549	137343808.00
2014/11/20	30.57	31.12	30.31	31.05	1088648	149559952.00
2014/11/21	30.89	31.67	30.89	31.16	1018099	142326896.00
2014/11/24	31.51	31.66	30.95	31.14	992984	138955824.00
2014/11/25	31.28	31.43	29.76	30.11	2023397	273349728.00
2014/11/26	30.05	30.74	29.87	30.22	936114	126903424.00
2014/11/27	30.43	31.33	30.42	30.87	1423608	196618384.00
2014/11/28	31.07	31.69	30.87	31.41	1383611	193529296.00
2014/12/01	31.32	32.80	31.24	32.12	2023232	290551872.00
2014/12/02	31.85	33.14	31.83	32.48	1639203	239043808.00
2014/12/03	32.35	32.42	30.98	31.78	2086099	294367488.00
2014/12/04	31.58	32.05	31.40	31.68	1277154	181170592.00
2014/12/05	31.68	31.68	30.39	30.60	1580776	217205344.00
2014/12/08	30.64	31.08	29.85	30.13	1559375	211550464.00
2014/12/09	30.14	30.16	27.92	27.96	1828685	236809184.00
2014/12/10	27.92	28.77	27.92	28.48	1076171	136964160.00
2014/12/11	28.51	28.87	28.26	28.76	687626	88077192.00
2014/12/12	28.65	29.03	28.53	28.76	512965	65785680.00
2014/12/15	28.67	30.16	28.37	29.96	1229720	163542864.00
2014/12/16	29.86	30.87	29.51	29.92	850523	113418864.00
2014/12/17	29.58	30.06	29.11	29.31	839965	111160184.00
2014/12/18	29.35	29.70	28.31	28.40	922382	119179568.00
2014/12/19	28.49	28.49	26.78	27.21	1171624	143509232.00
2014/12/22	26.98	26.98	24.44	24.53	1438578	161620816.00
2014/12/23	24.69	25.52	24.67	25.03	888714	100136976.00
2014/12/24	25.41	26.53	25.29	26.33	877929	102339872.00
2014/12/25	26.66	26.66	25.76	26.31	663025	77732456.00
2014/12/26	26.32	26.48	25.89	26.35	539598	63449072.00
2014/12/29	26.10	26.10	24.93	25.06	819747	92985064.00
2014/12/30	25.08	25.41	24.96	25.41	488001	55103172.00
2014/12/31	25.44	26.44	25.44	26.07	939345	109835088.00
2015/01/05	25.76	25.76	24.26	25.19	859790	96114496.00
2015/01/06	26.10	27.73	26.10	27.29	1787591	216723072.00
2015/01/07	26.78	27.02	26.33	26.56	841416	100386368.00
2015/01/08	26.34	27.34	26.34	26.76	947624	114394512.00
2015/01/09	26.73	27.39	26.53	26.63	790347	95438400.00
2015/01/12	26.33	26.66	25.85	25.87	702700	82189344.00
2015/01/13	25.69	26.66	25.66	26.55	749118	88612856.00
2015/01/14	26.56	27.13	26.21	27.06	824726	98619336.00
2015/01/15	27.19	28.53	27.01	27.49	1208989	150956064.00
2015/01/16	27.42	28.46	26.96	28.27	1070065	133486272.00
2015/01/19	27.93	29.73	27.62	28.39	1747755	224618624.00
2015/01/20	28.64	29.47	28.64	29.31	1385433	180067872.00
2015/01/21	29.51	29.92	29.05	29.41	1329931	175293824.00
2015/01/22	29.28	30.18	29.06	29.92	1196505	159597280.00
2015/01/23	29.84	29.94	28.71	28.73	1208760	158083888.00
2015/01/26	28.60	29.64	28.54	29.38	720695	94569728.00
2015/01/27	29.04	29.04	28.19	28.46	1448858	184713456.00
2015/01/28	28.29	28.71	28.15	28.23	779581	99230992.00
2015/01/29	28.02	28.33	27.80	27.83	680670	85380824.00
2015/01/30	27.84	28.24	27.80	27.88	444035	55606456.00
2015/02/02	27.81	28.58	27.80	28.42	618117	78440880.00
2015/02/03	28.36	29.50	28.33	28.93	1230636	159937712.00
2015/02/04	28.97	29.39	28.46	28.53	865968	112147000.00
2015/02/05	28.57	29.34	28.22	28.79	1113293	143531600.00
2015/02/06	28.61	29.05	27.46	27.46	1079451	135092048.00
2015/02/09	27.45	27.66	26.68	26.78	548428	66587852.00
2015/02/10	26.55	27.23	26.55	27.14	391242	47139628.00
2015/02/11	27.01	28.00	27.01	27.74	536864	66505060.00
2015/02/12	27.75	28.37	27.75	27.99	526184	66226292.00
2015/02/13	28.14	29.62	27.92	29.34	1489248	193123856.00
2015/02/16	29.32	29.70	28.90	29.59	1099197	144058000.00
2015/02/17	29.87	31.75	29.28	31.19	2243856	307370560.00
2015/02/25	31.17	31.17	29.75	29.87	1448097	196334608.00
2015/02/26	29.87	30.39	29.24	29.80	1077948	143282672.00
2015/02/27	29.71	30.39	29.66	29.97	764285	102545512.00
2015/03/02	29.91	30.53	29.44	30.37	1158640	156052000.00
2015/03/03	30.30	30.30	29.26	29.26	1016954	135466848.00
2015/03/04	29.28	30.02	29.28	29.73	921681	122510024.00
2015/03/05	29.73	29.85	29.19	29.36	737965	97146864.00
2015/03/06	29.36	29.72	28.94	29.05	716044	93568960.00
2015/03/09	29.05	29.57	28.71	29.45	694866	90863800.00
2015/03/10	29.51	30.24	29.45	29.74	1015935	136065712.00
2015/03/11	29.73	29.98	29.24	29.37	709147	93537344.00
2015/03/12	29.50	29.69	28.93	29.19	758968	99384880.00
2015/03/13	29.18	30.19	29.17	30.18	1188714	158932544.00
2015/03/16	30.51	31.64	30.46	31.13	1564391	217989920.00
2015/03/17	31.53	32.36	30.88	31.36	1918269	271810912.00
2015/03/18	31.08	34.55	30.98	34.55	2193251	328663712.00
2015/03/19	36.10	36.70	33.98	34.69	3377239	531159424.00
2015/03/20	34.05	36.96	34.01	35.93	2724681	434659872.00
2015/03/23	35.38	39.39	35.38	38.33	2805483	467835584.00
2015/03/24	38.24	40.14	36.33	39.25	3167254	538070912.00
2015/03/25	38.71	42.69	38.42	39.69	2872127	518634592.00
2015/03/26	38.14	39.28	36.22	36.75	2570951	430259328.00
2015/03/27	36.76	37.85	36.76	37.03	1296904	215247552.00
2015/03/30	37.23	37.43	34.91	36.18	1816154	291679648.00
2015/03/31	36.12	36.96	35.87	36.35	1133846	184620464.00
2015/04/01	36.30	37.81	36.01	37.48	1511611	249227728.00
2015/04/02	37.48	39.03	37.35	38.58	1706492	291779136.00
2015/04/03	38.57	39.08	37.88	38.59	1213875	207378176.00
2015/04/07	38.71	40.35	38.03	40.07	1924375	335455168.00
2015/04/08	39.96	40.05	36.67	37.92	2132450	363656608.00
2015/04/09	37.53	38.06	35.98	37.94	1472478	243492240.00
2015/04/10	34.96	36.33	34.92	36.06	3673350	583355776.00
2015/04/13	35.63	36.02	34.40	35.44	2294198	362336512.00
2015/04/14	35.42	36.30	34.98	35.67	1751145	279364864.00
2015/04/15	35.68	35.89	32.08	32.08	2510420	373729728.00
2015/04/16	31.73	33.21	31.43	32.20	1482461	214943936.00
2015/04/17	32.69	32.80	31.96	32.47	1277555	184846752.00
2015/04/20	32.47	33.03	31.78	31.94	1419367	205059392.00
2015/04/21	32.01	33.73	32.00	33.73	1650841	243822800.00
2015/04/22	34.27	35.46	34.09	34.52	1720637	266825504.00
2015/04/23	34.60	35.19	34.29	34.80	1420165	220223888.00
2015/04/24	34.30	37.02	34.10	36.79	2225911	352924000.00
2015/04/27	37.46	38.60	35.96	36.31	2404304	398269824.00
2015/04/28	35.87	36.55	33.76	34.03	1681924	259881680.00
2015/04/29	33.83	35.45	33.80	35.14	1205609	187895536.00
2015/04/30	35.69	37.01	35.16	35.84	1666035	269440448.00
2015/05/04	35.55	36.44	34.28	34.68	1086905	169569344.00
2015/05/05	34.71	35.59	33.96	34.66	1092033	169433008.00
2015/05/06	34.37	37.10	34.37	36.18	2093928	338020896.00
2015/05/07	35.87	38.60	35.84	37.72	2280941	382649440.00
2015/05/08	38.14	41.54	37.92	41.54	2989912	538962240.00
2015/05/11	41.55	43.60	39.96	42.53	2913503	542713728.00
2015/05/12	42.23	43.14	40.49	41.78	2313781	429678048.00
2015/05/13	40.42	44.05	39.28	42.78	2398511	444438080.00
2015/05/14	42.76	47.11	42.43	47.11	3014639	625478656.00
2015/05/15	47.23	47.23	43.83	44.80	2512646	504321024.00
2015/05/18	44.62	47.21	44.05	46.23	1824168	371424576.00
2015/05/19	45.64	46.98	44.06	45.60	1695285	341305504.00
2015/05/20	46.44	49.33	45.92	46.02	1891113	401356032.00
2015/05/21	46.26	50.68	46.25	50.64	2498528	542373696.00
2015/05/22	50.88	51.10	47.31	49.30	2045864	447687168.00
2015/05/25	46.78	46.78	44.32	44.67	2621525	527373536.00
2015/05/26	45.38	46.96	44.67	46.30	1660393	339746144.00
2015/05/27	46.34	47.01	44.73	45.69	1752109	355615712.00
2015/05/28	46.10	50.30	45.69	47.96	2791705	601247424.00
2015/05/29	47.69	52.79	45.59	52.50	2661738	594243008.00
2015/06/01	51.78	54.05	50.92	53.80	2206441	517009312.00
2015/06/02	53.37	54.83	51.62	52.89	1691606	399623456.00
2015/06/03	52.92	55.19	50.65	54.07	1638453	389360992.00
2015/06/04	54.13	54.96	48.61	50.19	1692021	381711488.00
2015/06/05	51.10	52.62	49.05	51.19	1437376	327406368.00
2015/06/08	50.91	50.91	46.10	46.34	1531271	323638080.00
2015/06/09	46.28	47.37	44.73	45.85	1114439	227542480.00
2015/06/10	45.19	47.75	45.19	47.55	1193513	248573456.00
2015/06/11	47.26	47.89	46.44	47.13	767094	160823536.00
2015/06/12	47.23	50.66	47.23	50.39	1416580	309140864.00
2015/06/15	49.51	49.96	45.64	45.68	1351366	282963168.00
2015/06/16	42.92	44.73	42.35	42.92	1222691	235342336.00
2015/06/17	43.15	44.70	42.42	44.51	835638	162513616.00
2015/06/18	44.26	44.26	40.87	41.46	912944	174294304.00
2015/06/19	40.41	40.85	37.69	38.03	1028089	179625248.00
2015/06/23	38.83	39.72	37.23	39.61	899819	155157568.00
2015/06/24	39.53	40.98	39.53	40.83	925061	166719856.00
2015/06/25	41.10	41.33	36.78	37.23	1048309	183955984.00
2015/06/26	36.63	36.63	33.46	33.46	1489009	227435840.00
2015/06/29	33.60	33.83	30.07	30.07	1917600	263867008.00
2015/06/30	29.33	32.90	27.01	32.12	2740383	359586080.00
2015/07/01	32.01	33.60	29.51	29.73	2020692	293318336.00
2015/07/02	29.85	31.17	28.14	30.24	1731402	233045472.00
2015/07/03	30.07	31.10	27.16	27.27	1700944	216150736.00
2015/07/06	30.03	30.03	24.52	24.52	3358063	179186512.00
2015/07/07	22.04	23.13	22.03	22.03	1006300	45025644.00
2015/07/08	19.80	24.26	19.80	24.18	13685336	581871680.00
2015/07/09	24.18	26.63	22.93	26.63	4602211	238694032.00
2015/07/10	27.78	29.33	27.74	29.33	3355490	196746704.00
2015/07/13	31.68	32.29	30.48	32.29	5218505	332965792.00
2015/07/14	31.94	34.78	29.68	31.36	7558143	499476896.00
2015/07/15	29.68	29.73	28.19	28.19	3237281	187379648.00
2015/07/16	25.34	29.18	25.34	26.44	5524502	298776256.00
2015/07/17	26.55	28.67	24.73	28.33	5469369	299966816.00
2015/07/20	27.83	30.03	27.19	28.33	5195513	298830464.00
2015/07/21	27.74	28.77	26.83	28.15	4303142	242073200.00
2015/07/22	28.15	29.02	27.59	28.74	3996632	230314896.00
2015/07/23	28.92	31.12	28.84	30.46	5058131	306019200.00
2015/07/24	30.58	30.58	28.58	28.87	5452238	330240896.00
2015/07/27	27.66	28.58	25.95	25.95	4090371	224716240.00
2015/07/28	23.36	24.79	23.33	23.33	4630379	221961184.00
2015/07/29	23.81	24.30	21.44	24.24	4218379	195709440.00
2015/07/30	23.74	24.32	22.33	22.49	3526941	168442528.00
2015/07/31	21.69	22.54	20.90	21.46	2743544	120273016.00
2015/08/03	20.54	21.13	19.28	19.28	2831530	115314104.00
2015/08/04	19.62	21.24	19.59	21.24	3410583	145771120.00
2015/08/05	23.39	23.40	22.68	23.40	5949548	282036864.00
2015/08/06	22.12	23.18	21.66	22.47	8457749	382283072.00
2015/08/07	22.47	24.75	22.20	24.75	12460500	595012160.00
2015/08/10	24.67	26.68	23.68	25.86	11325159	571300160.00
2015/08/11	25.19	26.26	25.07	25.53	8334267	432277664.00
2015/08/12	24.88	25.48	24.03	24.62	5683842	285870688.00
2015/08/13	24.57	25.36	23.61	25.35	4857117	242575696.00
2015/08/14	25.37	26.18	24.52	24.59	4802863	244043728.00
2015/08/17	24.43	24.43	23.52	23.93	3895687	188920576.00
2015/08/18	24.09	25.13	21.51	21.88	5446603	260403456.00
2015/08/19	21.33	23.86	20.28	23.43	6169122	274652800.00
2015/08/20	23.52	25.64	23.43	24.37	9050108	452232256.00
2015/08/21	23.43	23.62	21.90	21.90	5744550	262602032.00
2015/08/24	20.38	20.43	19.68	19.68	3376235	135768464.00
2015/08/25	17.68	18.29	17.68	17.68	3611605	130662624.00
2015/08/26	17.68	18.43	15.88	15.88	5391916	187518032.00
2015/08/27	16.53	17.16	14.94	16.87	4606161	153235232.00
2015/08/28	17.18	18.48	16.63	18.41	5965780	211561536.00
2015/08/31	18.23	18.23	16.54	16.54	3968938	139961568.00
2015/09/01	15.93	16.36	14.85	14.85	3879483	120669984.00
2015/09/02	13.64	16.37	13.64	15.03	6374314	202200752.00
2015/09/07	15.34	16.49	15.18	15.83	5489961	177821536.00
2015/09/08	15.43	17.18	15.18	17.06	4596580	150427552.00
2015/09/09	17.21	18.11	17.13	17.79	6509842	234014944.00
2015/09/10	17.34	17.60	16.99	17.06	3746155	132045712.00
2015/09/11	17.12	17.77	17.03	17.28	3281881	116278616.00
2015/09/14	17.34	17.71	15.52	15.52	3466713	114587664.00
2015/09/15	14.67	15.48	13.94	13.97	3697654	109030696.00
2015/09/16	14.16	15.40	14.16	15.40	4102672	123836416.00
2015/09/17	15.88	16.97	15.58	16.33	7972556	268397024.00
2015/09/18	16.58	16.83	15.81	16.63	5689394	189934464.00
2015/09/21	16.19	17.87	15.99	17.84	6516461	227950768.00
2015/09/22	17.86	18.16	17.18	17.48	5694004	205309120.00
2015/09/23	16.99	18.36	16.93	18.01	6058213	219008784.00
2015/09/24	18.08	18.58	17.85	18.43	5813280	215300464.00
2015/09/25	18.28	18.33	16.85	16.93	4662152	166035120.00
2015/09/28	16.96	18.65	16.93	18.65	5171576	191439792.00
2015/09/29	19.55	20.55	19.18	20.12	12697114	514220800.00
2015/09/30	19.72	20.16	18.66	19.23	8258265	323496288.00
2015/10/08	19.87	20.93	19.49	20.48	7408559	303661312.00
2015/10/09	20.21	20.51	19.86	20.25	5695883	233532256.00
2015/10/12	20.82	21.45	20.44	21.14	7349537	313435168.00
2015/10/13	20.75	22.17	20.72	21.45	6127396	266556464.00
2015/10/14	21.18	21.18	20.22	20.38	6525730	274418400.00
2015/10/15	20.03	21.36	19.91	21.28	5901315	249539424.00
2015/10/16	21.34	22.05	20.52	21.51	6941210	299338656.00
2015/10/19	21.52	21.66	20.53	20.83	4779960	203684480.00
2015/10/20	20.84	22.94	20.84	22.94	8853300	399460320.00
2015/10/21	23.18	24.58	20.89	21.24	12954362	609856384.00
2015/10/22	21.14	23.12	21.14	22.83	8495524	383531104.00
2015/10/23	23.01	24.12	23.01	23.69	7785341	372814144.00
2015/10/26	23.75	23.98	22.51	23.03	6335046	296330528.00
2015/10/27	22.93	23.03	21.18	22.77	5739208	259067104.00
2015/10/28	22.53	23.58	21.81	21.98	5678764	262082464.00
2015/10/29	21.98	22.42	21.21	21.86	3810324	169025504.00
2015/10/30	22.03	23.42	21.74	22.63	6342610	291231808.00
2015/11/02	21.93	23.31	21.69	22.13	5768615	263820464.00
2015/11/03	22.19	23.03	21.93	22.79	5370124	245691344.00
2015/11/04	23.14	24.79	23.14	24.72	8228820	402948672.00
2015/11/05	24.49	24.88	23.36	23.86	9450052	460917696.00
2015/11/06	23.70	24.61	23.70	24.37	6958344	342632064.00
2015/11/09	24.13	25.46	23.43	25.06	8862464	439751168.00
2015/11/10	25.06	26.43	24.69	25.06	7600710	393015776.00
2015/11/11	25.19	26.33	24.77	26.33	7868071	408557888.00
2015/11/12	26.53	28.69	25.58	27.88	11772838	640669120.00
2015/11/13	27.08	27.68	25.18	25.32	8561525	455300480.00
2015/11/16	24.68	26.21	24.18	26.12	5673196	292657760.00
2015/11/17	26.42	27.04	24.12	24.58	8355528	432212512.00
2015/11/18	24.53	25.47	24.32	24.57	4952768	249368400.00
2015/11/19	24.61	25.48	24.61	25.46	4560455	231275232.00
2015/11/20	25.53	26.01	24.79	26.01	6907526	354828544.00
2015/11/23	25.71	26.83	25.06	25.13	6414336	337486848.00
2015/11/24	25.13	26.07	24.61	25.99	5372496	276405760.00
2015/11/25	25.98	27.28	25.73	27.08	7715650	415847520.00
2015/11/26	27.18	27.31	25.93	25.95	6719870	360997632.00
2015/11/27	25.74	26.43	23.32	23.33	7470316	375743072.00
2015/11/30	23.47	23.74	21.62	23.49	5660746	263501072.00
2015/12/01	23.50	23.98	22.57	23.16	3978726	189013984.00
2015/12/02	23.16	23.26	21.43	22.44	3438860	155235040.00
2015/12/03	22.43	23.46	22.38	23.46	3426054	160168096.00
2015/12/04	23.69	24.18	23.08	23.27	4272966	204943920.00
2015/12/07	23.48	23.93	22.93	23.68	3322580	158836384.00
2015/12/08	23.55	23.63	22.78	23.12	3694342	174101104.00
2015/12/09	22.71	24.08	22.71	23.56	4439658	212156720.00
2015/12/10	23.62	25.95	23.33	25.95	10116457	516052896.00
2015/12/11	26.79	28.02	26.06	26.26	15637581	856821632.00
2015/12/14	25.18	25.62	24.18	25.56	8634758	436370976.00
2015/12/15	25.38	27.28	25.12	26.48	8425685	449589536.00
2015/12/16	26.68	27.03	25.69	26.59	7789855	415227776.00
2015/12/17	26.77	27.93	26.48	27.43	9052347	499883200.00
2015/12/18	27.18	27.67	26.03	26.36	6942726	373878080.00
2015/12/21	26.01	26.33	25.64	26.03	4284512	224742848.00
2015/12/22	26.11	26.59	25.90	26.18	4277548	227152656.00
2015/12/23	26.08	26.09	24.90	24.97	5978250	308109888.00
2015/12/24	24.88	25.06	24.36	25.06	3480076	173925520.00
2015/12/25	25.35	25.83	25.07	25.31	3552772	183035360.00
2015/12/28	25.33	25.67	24.13	24.13	4256876	216084656.00
2015/12/29	24.13	24.63	23.96	24.59	2634378	129485056.00
2015/12/30	24.64	25.49	24.51	25.45	3909017	199282912.00
2015/12/31	25.54	25.54	24.32	24.41	3430830	172350992.00
2016/01/04	24.19	24.33	21.94	21.94	3800299	174603952.00
2016/01/05	20.12	21.78	19.71	20.44	4999912	208668384.00
2016/01/06	20.79	21.03	20.03	20.81	3446286	143725184.00
2016/01/07	20.48	20.48	18.70	18.70	815000	31986398.00
2016/01/08	18.97	19.39	17.18	18.43	4081793	154506960.00
2016/01/11	17.49	17.98	16.56	16.56	3035823	106334960.00
2016/01/12	16.87	17.13	16.13	16.78	3546185	121120216.00
2016/01/13	16.93	17.11	15.82	15.96	3123608	105918264.00
2016/01/14	15.21	17.23	14.78	17.12	4081285	136763104.00
2016/01/15	18.68	18.86	18.12	18.86	5239484	199130448.00
2016/01/18	18.37	20.58	17.94	19.82	9960553	388365984.00
2016/01/19	19.41	20.36	18.70	20.14	7813022	308945664.00
2016/01/20	19.93	19.93	19.18	19.18	5603944	223064320.00
2016/01/21	18.69	20.03	18.57	18.70	6258288	247583008.00
2016/01/22	18.93	19.43	18.19	19.23	4557836	176040976.00
2016/01/25	19.49	19.76	18.87	19.17	3544520	139212144.00
2016/01/26	18.68	18.89	17.22	17.22	4022630	147203680.00
2016/01/27	17.22	17.46	15.74	17.28	4310538	146301248.00
2016/01/28	16.83	17.03	15.65	15.84	3332732	112152344.00
2016/01/29	15.97	17.43	15.68	17.09	4188881	142377088.00
2016/02/01	16.88	17.19	16.53	16.91	3231874	110745584.00
2016/02/02	17.03	18.64	16.96	18.64	5897151	218653888.00
2016/02/03	18.18	18.73	18.03	18.65	4542922	169728112.00
2016/02/04	18.63	19.09	18.50	18.91	4757984	182688576.00
2016/02/05	19.03	19.03	18.37	18.43	2830408	107305872.00
2016/02/15	17.68	18.43	17.44	18.14	2398613	87809008.00
2016/02/16	18.31	19.68	18.23	19.48	4435819	172889856.00
2016/02/17	19.23	19.87	18.91	19.68	5834628	228657392.00
2016/02/18	19.73	19.86	19.33	19.45	5366894	213704016.00
2016/02/19	19.27	20.26	18.98	19.79	6339323	252589616.00
2016/02/22	19.98	20.29	19.75	20.06	5846360	237177808.00
2016/02/23	20.05	20.06	18.90	19.28	5516797	217900080.00
2016/02/24	19.06	19.35	18.48	19.08	4270521	163998144.00
2016/02/25	18.98	18.98	17.14	17.14	5391081	195915680.00
2016/02/26	17.68	17.83	16.58	17.15	3644776	128187504.00
2016/02/29	17.01	17.01	15.41	15.52	3792779	122033048.00
2016/03/01	15.53	16.48	15.28	16.23	3867297	125343072.00
2016/03/02	16.08	17.11	15.96	17.01	4035257	136103152.00
2016/03/03	16.92	17.67	16.92	16.96	3909502	137158560.00
2016/03/04	17.08	17.08	15.56	15.74	4062691	134616960.00
2016/03/07	15.93	16.81	15.93	16.28	3096349	103538856.00
2016/03/08	16.08	16.48	15.13	16.43	3719629	120256296.00
2016/03/09	15.97	16.42	15.72	15.94	2287773	74958472.00
2016/03/10	16.03	16.23	15.72	15.83	2198918	71699256.00
2016/03/11	15.74	16.16	15.49	16.08	2445382	78977656.00
2016/03/14	16.36	17.61	16.36	17.14	5154558	179759712.00
2016/03/15	16.94	17.28	16.80	16.93	2977069	103237600.00
2016/03/16	17.24	17.41	16.47	16.57	2754962	94442344.00
2016/03/17	16.68	17.93	16.53	17.71	6059189	212961488.00
2016/03/18	17.73	18.93	17.68	18.68	7199545	268534944.00
2016/03/21	18.86	19.32	18.71	19.16	6846628	264668960.00
2016/03/22	18.68	19.26	18.58	18.97	4933071	190199952.00
2016/03/23	19.02	19.91	18.82	19.83	6529896	258537088.00
2016/03/24	19.43	19.85	19.23	19.31	6319895	250892528.00
2016/03/25	19.16	19.53	19.03	19.47	4200937	164708544.00
2016/03/28	20.08	20.67	19.08	19.17	6020283	244626880.00
2016/03/29	19.08	19.33	18.08	18.65	4102967	155754512.00
2016/03/30	18.73	19.92	18.66	19.85	6042269	235874048.00
2016/03/31	19.93	20.51	19.77	20.00	6283063	256547312.00
2016/04/01	19.76	19.93	19.18	19.54	4169210	164846128.00
2016/04/05	19.33	21.11	19.28	20.82	6457218	267200256.00
2016/04/06	21.31	22.93	21.04	22.93	5878828	266257328.00
2016/04/07	24.18	24.43	22.75	22.77	14539694	698926016.00
2016/04/08	22.68	22.68	21.66	22.37	9067475	406885120.00
2016/04/11	22.83	24.64	22.83	24.64	6494423	313708384.00
2016/04/12	25.42	25.42	23.47	23.87	9219960	455404768.00
2016/04/13	24.17	24.99	23.59	23.83	10491358	514291648.00
2016/04/14	24.28	24.51	23.78	24.23	6634778	324370432.00
2016/04/15	24.40	25.41	24.28	24.47	8099594	407207712.00
2016/04/18	23.68	23.68	22.23	22.28	8503397	390510944.00
2016/04/19	22.58	22.86	22.12	22.31	4550344	207098608.00
2016/04/20	22.77	22.77	20.18	20.83	7091502	306409568.00
2016/04/21	20.81	22.13	20.62	20.88	5935433	257661728.00
2016/04/22	20.63	21.38	20.49	21.28	4310647	184444384.00
2016/04/25	20.95	21.08	20.02	20.31	5253319	218141504.00
2016/04/26	20.21	21.08	20.21	21.07	4345690	182609184.00
2016/04/27	21.14	21.96	21.14	21.29	5729421	251116496.00
2016/04/28	21.27	21.83	20.27	21.81	5153040	220124784.00
2016/04/29	21.33	22.13	21.26	21.77	3952778	175091136.00
2016/05/03	22.58	23.62	22.18	23.29	7231069	336033888.00
2016/05/04	22.80	24.59	22.62	23.20	19434166	460500096.00
2016/05/05	22.60	25.06	22.43	24.41	23309971	563267968.00
2016/05/06	24.01	24.50	22.68	22.68	22107802	527950432.00
2016/05/09	22.10	22.28	20.39	20.71	12797083	274256576.00
2016/05/10	20.42	21.08	20.17	20.46	8875199	184609072.00
2016/05/11	20.60	20.88	19.61	19.69	8646707	175506784.00
2016/05/12	19.30	19.63	18.10	19.26	8137763	155699856.00
2016/05/13	19.02	19.60	18.60	18.81	6538125	126214304.00
2016/05/16	18.84	19.50	18.73	19.45	7455180	144583856.00
2016/05/17	20.21	21.42	20.21	21.42	6630056	140622032.00
2016/05/18	22.21	23.18	20.92	22.03	29096696	650094528.00
2016/05/19	21.30	23.30	21.22	21.72	21446107	480746656.00
2016/05/20	21.25	23.91	21.18	23.91	32717368	763282944.00
2016/05/23	23.94	24.27	23.43	23.97	29364148	706523712.00
2016/05/24	23.80	24.40	23.12	23.75	19990604	479727584.00
2016/05/25	26.15	26.15	26.15	26.15	11881273	313071552.00
2016/05/26	26.16	28.30	25.68	27.74	43797295	1189673728.00
2016/05/27	27.15	27.44	26.45	26.80	28433257	769273280.00
2016/05/30	26.53	27.80	26.26	26.90	24508166	667188096.00
2016/05/31	26.31	29.39	26.00	28.60	32119490	908807424.00
2016/06/01	28.10	31.12	27.83	29.51	34332865	1004712064.00
2016/06/02	29.50	30.15	29.02	29.55	23966587	713307776.00
2016/06/03	29.21	30.48	29.11	29.50	26473468	793789184.00
2016/06/06	29.32	29.60	28.40	29.03	18591339	542992704.00
2016/06/07	28.90	31.30	28.90	30.03	24067779	728214912.00
2016/06/08	29.60	30.00	29.01	29.15	17447606	518377504.00
2016/06/13	28.62	32.09	28.33	30.00	36795096	1154672768.00
2016/06/14	29.80	32.80	29.80	31.50	33864977	1066555776.00
2016/06/15	30.71	34.67	30.62	34.67	30480872	1008726272.00
2016/06/16	35.57	38.07	34.08	36.80	34533675	1249188352.00
2016/06/17	35.98	38.08	34.98	35.40	28715554	1048421568.00
2016/06/20	35.04	36.48	34.40	35.64	20176227	718179264.00
2016/06/21	35.73	36.09	32.06	32.15	32705092	1114397824.00
2016/06/22	30.50	31.58	29.86	31.58	28481803	882087040.00
2016/06/23	31.20	31.49	29.99	30.53	18432947	568329856.00
2016/06/24	30.60	32.67	29.82	31.72	29303369	931154816.00
2016/06/27	31.41	34.91	31.20	34.91	26453209	897267392.00
2016/06/28	35.20	36.13	34.00	35.02	29669224	1050418752.00
2016/06/29	34.18	34.90	33.48	34.45	22777453	780642816.00
2016/06/30	34.10	34.10	32.88	32.97	16965204	569220288.00
2016/07/01	32.82	33.96	32.51	33.08	13692945	458001248.00
2016/07/04	32.81	34.74	32.51	33.68	17083623	580765248.00
2016/07/05	33.12	35.28	32.80	35.10	25736147	877082752.00
2016/07/06	34.71	34.77	33.60	33.92	16138369	553900224.00
2016/07/07	33.74	33.74	32.45	33.19	14156431	469967552.00
2016/07/08	32.80	34.60	32.65	33.54	17201918	587541312.00
2016/07/11	32.82	33.20	31.30	31.40	19187112	621744128.00
2016/07/12	31.43	32.35	29.80	32.20	16943461	528170368.00
2016/07/13	32.10	32.30	31.70	32.03	9863366	317425888.00
2016/07/14	32.15	32.30	31.58	32.11	8191516	263844096.00
2016/07/15	31.75	31.79	30.80	30.84	10674418	334138560.00
2016/07/18	30.60	32.10	30.00	31.53	11774074	367446176.00
2016/07/19	31.29	32.02	31.01	31.79	8922381	284608928.00
2016/07/20	31.90	32.00	31.10	31.43	7927531	252133152.00
2016/07/21	31.60	32.28	31.35	31.49	10335061	330755968.00
2016/07/22	31.34	31.72	30.57	30.71	8114732	253319920.00
2016/07/25	30.30	31.24	29.98	30.87	7038546	216584416.00
2016/07/26	30.79	31.96	30.60	31.77	9554305	301374368.00
2016/07/27	31.50	31.69	28.57	28.57	14229853	427810688.00
2016/07/28	28.59	29.05	25.85	27.42	15091956	415127328.00
2016/07/29	27.22	27.37	26.14	26.42	8403454	225039568.00
2016/08/01	26.40	26.85	25.05	26.15	8961070	234385328.00
2016/08/02	26.16	26.55	26.09	26.37	5306572	140864272.00
2016/08/03	26.67	26.94	26.20	26.41	7473938	200183008.00
2016/08/04	26.21	27.15	25.91	26.99	10097895	272035904.00
2016/08/05	27.58	29.71	27.52	28.84	25276296	738587904.00
2016/08/08	28.20	28.44	27.55	28.36	17070806	481485184.00
2016/08/09	28.15	29.11	27.92	29.07	16322319	470892416.00
2016/08/10	29.09	29.90	28.81	28.85	13748541	405838752.00
2016/08/11	28.31	28.50	27.60	27.72	9623363	271936320.00
2016/08/12	27.17	28.00	27.16	27.91	6730587	187506352.00
2016/08/15	27.80	30.28	27.20	29.52	17973627	527343936.00
2016/08/16	29.68	31.10	29.38	30.00	18857930	575707008.00
2016/08/17	29.78	30.68	29.42	30.06	12144580	366530656.00
2016/08/18	29.99	30.25	29.51	29.65	7920812	237339328.00
2016/08/19	29.59	32.40	29.41	30.56	16495724	513611264.00
2016/08/22	30.25	32.30	30.22	31.14	18065166	573095296.00
2016/08/23	30.69	31.08	29.05	29.59	15798052	471409088.00
2016/08/24	29.96	30.49	29.70	30.10	9944546	301254688.00
2016/08/25	30.20	31.60	30.06	31.00	19252222	598941056.00
2016/08/26	30.51	31.18	30.30	30.53	13199993	407975008.00
2016/08/29	30.33	30.33	29.47	29.81	9181924	274924768.00
2016/08/30	29.80	30.29	29.52	29.72	5322447	159911776.00
2016/08/31	29.80	29.99	29.18	29.94	5702472	169901408.00
2016/09/01	29.97	30.66	29.80	29.82	8033303	244750272.00
2016/09/02	29.80	30.08	28.81	28.91	8163218	240756720.00
2016/09/05	29.27	29.39	27.95	28.15	8162100	235011984.00
2016/09/06	28.20	29.50	28.17	29.43	9457265	276450592.00
2016/09/07	29.15	29.37	28.84	28.92	6201536	181539936.00
2016/09/08	28.77	30.11	28.71	29.38	8493256	252778768.00
2016/09/09	29.49	29.49	28.55	28.58	6564026	190588352.00
2016/09/12	27.66	27.98	26.96	26.97	7044243	195296832.00
2016/09/13	27.06	27.40	26.86	27.06	4291874	116993856.00
2016/09/14	26.95	27.40	26.51	27.23	4370014	118710584.00
2016/09/19	27.45	27.65	27.25	27.32	3726261	102850000.00
2016/09/20	27.33	27.49	26.83	27.08	3235059	88362104.00
2016/09/21	26.97	27.39	26.95	27.06	3043468	83244528.00
2016/09/22	27.36	27.50	27.03	27.04	3547848	97369600.00
2016/09/23	27.56	28.30	27.31	27.39	7829304	219193984.00
2016/09/26	26.91	27.20	26.42	26.45	6021845	162112544.00
2016/09/27	26.64	27.07	26.36	27.07	4643328	124898432.00
2016/09/28	27.11	27.21	26.61	26.71	2819109	76015584.00
2016/09/29	26.79	26.89	26.60	26.61	2677510	72116912.00
2016/09/30	26.60	26.78	26.48	26.65	2411685	64563320.00
2016/10/10	27.10	28.17	26.92	28.03	7737785	215723856.00
2016/10/11	28.10	28.11	27.65	27.91	4956061	138954000.00
2016/10/12	27.88	27.98	27.50	27.72	3396846	94732720.00
2016/10/13	27.72	28.55	27.58	28.22	7518432	212938000.00
2016/10/14	28.33	29.69	28.24	28.98	14473718	422818336.00
2016/10/17	28.75	28.96	27.96	27.99	8102895	231732480.00
2016/10/18	28.20	28.80	27.73	28.80	7275313	207707680.00
2016/10/19	28.80	29.10	28.10	28.27	6966286	199510832.00
2016/10/20	28.08	28.55	28.00	28.28	4685898	133548088.00
2016/10/21	28.35	28.43	27.41	27.69	6051485	169258864.00
2016/10/24	27.84	28.22	27.71	27.97	4214579	118772232.00
2016/10/25	28.45	28.53	27.95	28.05	4140311	117395400.00
2016/10/26	27.77	27.96	27.46	27.49	4835150	134784032.00
2016/10/27	27.51	28.90	27.46	28.20	10329649	294869376.00
2016/10/28	27.90	28.03	26.95	27.19	10020560	276784544.00
2016/10/31	26.80	27.08	26.50	26.92	4253079	114674120.00
2016/11/01	26.99	27.18	26.79	26.90	5727900	155516304.00
2016/11/02	26.94	26.95	26.50	26.53	5396675	144802928.00
2016/11/03	26.50	27.09	26.35	26.89	6176523	166906816.00
2016/11/04	26.87	27.10	26.68	26.87	4494334	121823800.00
2016/11/07	26.91	26.95	26.51	26.80	3158774	84868912.00
2016/11/08	26.80	27.22	26.80	27.04	4277898	116284384.00
2016/11/09	27.04	27.04	25.80	26.43	6151082	164251808.00
2016/11/10	26.78	26.96	26.28	26.68	4494685	120839392.00
2016/11/11	26.68	26.77	26.30	26.73	5707600	152492544.00
2016/11/14	26.96	27.76	26.82	27.29	9407327	259598704.00
2016/11/15	27.53	27.72	26.90	27.65	7392272	203510288.00
2016/11/16	30.44	30.44	29.31	30.44	42105729	1282688512.00
2016/11/17	29.31	29.68	28.70	28.82	26164592	766796480.00
2016/11/18	28.86	31.00	28.70	29.85	29687153	897057088.00
2016/11/21	29.50	30.20	29.00	30.15	16789781	498615168.00
2016/11/22	29.80	30.80	29.32	30.38	18203011	549531968.00
2016/11/23	30.48	32.00	29.53	29.53	26264419	813618688.00
2016/11/24	29.08	29.43	28.33	28.62	15188244	442631232.00
2016/11/25	28.49	29.39	28.25	29.33	12100751	353721984.00
2016/11/28	29.36	29.36	28.57	28.68	8748418	253807968.00
2016/11/29	28.59	29.24	28.31	28.72	8326174	240897056.00
2016/11/30	28.41	30.29	28.41	29.95	18111648	540786048.00
2016/12/01	29.82	30.10	29.32	29.95	11489641	343438624.00
2016/12/02	29.80	29.98	28.67	28.79	9372881	275741888.00
2016/12/05	28.11	28.98	28.03	28.61	5656612	162972064.00
2016/12/06	28.79	29.38	28.30	28.33	7708763	224276384.00
2016/12/07	28.21	28.77	28.21	28.68	4899289	140337744.00
2016/12/08	28.76	28.76	27.80	27.80	6285328	178520448.00
2016/12/09	27.70	27.80	26.80	26.80	8626756	236783440.00
2016/12/12	26.55	26.91	24.15	24.58	10088240	261887712.00
2016/12/13	24.77	24.77	24.01	24.51	5441077	134321872.00
2016/12/14	24.60	24.76	23.40	23.80	6251455	151490048.00
2016/12/15	23.87	24.59	23.82	24.12	5502581	134587824.00
2016/12/16	24.14	25.77	24.14	24.80	7476928	188287360.00
2016/12/19	24.31	24.60	24.15	24.45	3740437	91978440.00
2016/12/20	24.24	24.84	24.24	24.60	3268065	81022832.00
2016/12/21	24.80	25.27	24.63	24.99	4341403	109039176.00
2016/12/22	25.39	25.60	24.68	24.92	5411167	136322128.00
2016/12/23	24.80	25.54	24.42	24.80	6174080	155277728.00
2016/12/26	24.63	25.08	23.81	25.00	5267506	130278480.00
2016/12/27	24.99	25.00	24.60	24.63	3214161	80330312.00
2016/12/28	24.79	24.92	24.23	24.33	2923435	72403712.00
2016/12/29	24.29	26.78	24.27	26.40	26323899	702186688.00
2016/12/30	25.40	25.48	24.85	25.11	17278504	438524896.00
2017/01/03	24.95	25.46	24.93	25.20	8123680	205928496.00
2017/01/04	25.60	25.79	25.00	25.51	8154346	208542528.00
2017/01/05	25.90	26.27	25.70	25.80	10686210	279361856.00
2017/01/06	25.40	25.48	24.80	24.80	9169835	231542048.00
2017/01/09	24.53	24.87	24.18	24.67	5493129	135532672.00
2017/01/10	24.75	24.95	24.45	24.62	3613091	89957464.00
2017/01/11	24.60	24.76	23.80	23.80	4868900	119308000.00
2017/01/12	23.68	23.70	22.79	22.80	6778415	159383072.00
2017/01/13	22.60	23.00	22.20	22.29	4812028	109838680.00
2017/01/16	22.42	22.46	20.04	20.71	6029194	129268152.00
2017/01/17	20.81	21.70	20.59	21.68	5803709	124200224.00
2017/01/18	21.55	22.80	21.20	22.02	5847742	129228968.00
2017/01/19	21.79	22.10	21.37	21.68	3341934	73019720.00
2017/01/20	21.78	22.56	21.63	22.17	4913800	110256016.00
2017/01/23	22.26	22.48	22.03	22.21	3200027	71783808.00
2017/01/24	22.00	22.25	21.22	21.32	4206070	91739704.00
2017/01/25	21.21	21.66	21.11	21.47	2225628	48283656.00
2017/01/26	22.19	23.47	22.08	22.08	4687746	106064384.00
2017/02/03	22.18	22.78	22.18	22.47	4363204	98816560.00
2017/02/06	22.39	23.10	22.32	22.83	5878635	135538512.00
2017/02/07	22.75	22.75	22.11	22.37	4759750	107330752.00
2017/02/08	22.37	22.74	22.33	22.74	4926183	112212696.00
2017/02/09	22.78	23.16	22.66	22.95	5823478	134481952.00
2017/02/10	22.95	23.80	22.44	22.69	6976379	162385808.00
2017/02/13	22.42	23.13	22.30	22.73	5482356	125511784.00
2017/02/14	22.67	22.89	22.50	22.55	3320597	75696864.00
2017/02/15	22.38	22.59	21.71	22.00	6293634	140968928.00
2017/02/16	21.93	22.15	21.75	21.90	3445043	76213104.00
2017/02/17	22.00	22.13	21.32	21.49	4130540	90381272.00
2017/02/20	21.35	21.86	21.21	21.86	3577144	77835288.00
2017/02/21	21.86	22.50	21.71	22.27	5270206	118145256.00
2017/02/22	22.30	22.37	21.92	22.27	4317716	96418656.00
2017/02/23	22.27	22.65	21.93	22.64	5931771	133435880.00
2017/02/24	22.60	23.03	22.38	22.65	5759953	132091512.00
2017/02/27	22.47	23.00	22.30	22.52	4652533	105987336.00
2017/02/28	22.60	22.98	22.40	22.76	5010835	114629384.00
2017/03/01	22.62	22.85	22.42	22.44	4742708	108417784.00
2017/03/02	22.50	22.99	22.46	22.65	5796584	132644632.00
2017/03/03	22.60	23.23	22.45	23.15	8485750	196185072.00
2017/03/06	23.20	23.45	22.95	23.28	7779297	182558032.00
2017/03/07	23.28	24.16	23.20	24.00	11323199	269957056.00
2017/03/08	24.39	24.68	23.33	23.50	9604253	231387824.00
2017/03/09	23.36	23.50	23.00	23.35	5744139	134746240.00
2017/03/10	23.00	23.30	22.86	23.04	5233091	121741384.00
2017/03/13	22.98	23.33	22.66	23.29	4515713	104717048.00
2017/03/14	23.30	23.44	22.81	22.88	3869071	89971472.00
2017/03/15	22.78	22.98	22.61	22.89	2979519	68489376.00
2017/03/16	22.93	23.15	22.88	23.06	3356377	77886904.00
2017/03/17	23.05	23.55	22.81	22.85	7738780	181007520.00
2017/03/20	22.80	22.80	22.20	22.51	5459491	123717144.00
2017/03/21	22.45	22.57	22.28	22.48	2931692	66298564.00
2017/03/22	22.42	22.42	21.90	21.93	4174799	92888024.00
2017/03/23	21.99	22.68	21.65	22.68	7216307	161090272.00
2017/03/24	22.54	22.57	22.18	22.49	6047094	136429216.00
2017/03/27	22.38	22.58	22.21	22.21	2901327	65379016.00
2017/03/28	22.22	22.45	22.12	22.23	2441290	54908056.00
2017/03/29	22.33	22.57	21.62	21.70	4346480	97048464.00
2017/03/30	21.60	21.64	20.70	20.70	5457692	115998624.00
2017/03/31	20.59	21.05	20.55	20.68	2938159	61579960.00
2017/04/05	20.66	21.29	20.61	21.29	3310289	70534728.00
2017/04/06	21.35	21.58	21.09	21.28	4030981	86638136.00
2017/04/07	21.15	21.29	20.90	20.95	3704629	78564360.00
2017/04/10	21.25	21.27	20.67	20.79	2921407	61852468.00
2017/04/11	20.83	21.06	20.70	21.06	2981213	62821988.00
2017/04/12	21.06	21.06	20.50	20.50	3136121	65738292.00
2017/04/13	20.60	20.80	20.51	20.59	2101343	43792300.00
2017/04/14	20.56	20.65	20.25	20.30	2663702	54787024.00
2017/04/17	20.26	20.49	19.48	19.50	3360823	67704816.00
2017/04/18	19.68	19.68	18.99	19.04	3602131	70415400.00
2017/04/19	19.00	19.02	18.16	18.67	3735058	69891104.00
2017/04/20	18.60	18.96	18.55	18.83	2862355	54264056.00
2017/04/21	18.88	18.95	18.42	18.43	2078564	39182920.00
2017/04/24	18.40	18.64	17.53	18.50	3860467	70741960.00
2017/04/25	18.50	19.08	18.49	18.76	3327111	63361112.00
2017/04/26	18.80	19.16	18.60	19.15	2735349	52334436.00
2017/04/27	18.94	19.43	18.44	19.24	4429985	85117184.00
2017/04/28	19.24	19.33	19.05	19.17	2209182	42865752.00
2017/05/02	19.33	19.40	19.03	19.06	1898316	36866900.00
2017/05/03	18.92	19.24	18.58	18.70	2603704	49496484.00
2017/05/04	18.67	18.94	18.52	18.66	2369215	45032912.00
2017/05/05	18.80	19.32	18.61	18.65	3295226	63342872.00
2017/05/08	18.36	18.90	17.80	18.10	3591494	66189016.00
2017/05/09	18.06	18.58	17.95	18.51	2851553	52755716.00
2017/05/10	18.71	19.43	18.61	18.91	5487170	105261144.00
2017/05/11	18.80	18.80	17.66	18.42	5418544	99222896.00
2017/05/12	18.20	18.39	17.95	18.20	2833540	51589008.00
2017/05/15	19.21	20.03	19.13	20.03	3784543	75566504.00
2017/05/16	20.30	20.34	19.28	19.89	12160229	242603008.00
2017/05/17	19.64	20.82	19.53	19.93	9844812	198465008.00
2017/05/18	19.56	19.71	19.24	19.34	5532423	108197232.00
2017/05/19	19.28	19.54	18.88	18.90	4363731	83948296.00
2017/05/22	18.71	19.03	18.10	18.17	4023563	74864336.00
2017/05/23	18.17	18.30	17.31	17.31	4178787	75246000.00
2017/05/24	17.09	17.63	16.90	17.58	3274592	56956484.00
2017/05/25	17.53	17.88	16.99	17.71	3734661	65683444.00
2017/05/26	17.91	18.60	17.85	17.99	4814181	87708304.00
2017/05/31	18.15	18.35	17.78	17.83	3196200	58006444.00
2017/06/01	17.74	17.75	16.78	16.78	4300273	74415056.00
2017/06/02	16.68	17.51	16.41	17.38	4166854	71267728.00
2017/06/05	17.38	17.69	17.28	17.47	2725087	48041736.00
2017/06/06	17.30	18.00	17.23	17.82	4151943	73981464.00
2017/06/07	17.65	18.30	17.65	18.09	4715040	85377240.00
2017/06/08	18.09	18.40	17.90	17.91	3912790	71209024.00
2017/06/09	17.98	18.04	17.69	17.90	2536539	45506156.00
2017/06/12	17.90	17.95	17.23	17.23	3003802	52846924.00
2017/06/13	17.25	17.66	17.15	17.48	2447759	43103160.00
2017/06/14	17.42	19.24	17.30	18.48	13132995	245446304.00
2017/06/15	18.23	18.98	18.20	18.65	10016216	187198528.00
2017/06/16	18.55	19.19	18.47	18.51	7003292	132418464.00
2017/06/19	18.40	18.75	18.40	18.56	3925236	73252832.00
2017/06/20	18.62	19.10	18.38	18.38	6261395	117919512.00
2017/06/21	18.21	18.37	17.48	17.87	8441967	151276288.00
2017/06/22	17.88	17.90	17.15	17.19	5201488	92060680.00
2017/06/23	17.16	17.34	16.89	17.29	3985576	68699984.00
2017/06/26	17.40	17.60	17.25	17.57	2895199	50823444.00
2017/06/27	17.20	17.38	17.10	17.34	3806045	66122440.00
2017/06/28	17.34	17.80	17.25	17.75	4830501	85274272.00
2017/06/29	17.80	18.08	17.59	17.89	5729471	102772536.00
2017/06/30	17.72	17.87	17.48	17.69	3098722	55052124.00
2017/07/03	17.57	17.92	17.55	17.85	3052780	54588860.00
2017/07/04	17.87	18.18	17.58	17.72	3047044	54591344.00
2017/07/05	17.62	18.14	17.58	18.05	4920469	88931888.00
2017/07/06	18.04	18.10	17.80	17.88	3532299	63666988.00
2017/07/07	17.80	18.08	17.80	17.86	3619048	65377688.00
2017/07/10	17.89	17.99	17.42	17.42	3592155	63594504.00
2017/07/11	17.43	17.49	17.13	17.13	2488871	43379924.00
2017/07/12	17.13	17.41	16.92	17.41	2754875	47579116.00
2017/07/13	17.32	17.47	17.10	17.20	2031917	35340476.00
2017/07/14	17.01	17.10	16.80	16.87	3195958	54365372.00
2017/07/17	16.75	16.78	15.17	15.17	6140281	96201504.00
2017/07/18	15.09	15.22	14.40	15.06	5334029	79697128.00
2017/07/19	14.93	14.99	14.52	14.94	3309378	49345188.00
2017/07/20	14.91	15.19	14.88	14.88	2750240	41646640.00
2017/07/21	14.92	15.09	14.76	14.78	1954420	29390826.00
2017/07/24	14.77	14.82	14.40	14.77	2884239	42347084.00
2017/07/25	14.77	14.96	14.70	14.81	1905746	28396486.00
2017/07/26	14.95	15.27	14.82	15.18	4167781	63305624.00
2017/07/27	15.23	16.02	14.90	15.81	6836130	107317016.00
2017/07/28	15.78	15.78	15.42	15.43	3209192	50352292.00
2017/07/31	15.41	15.78	15.32	15.48	2836040	44327024.00
2017/08/01	15.45	15.50	15.20	15.37	2864427	44196716.00
2017/08/02	15.44	16.38	15.22	15.83	6402039	102137240.00
2017/08/03	15.58	16.74	15.49	16.52	10433216	171428576.00
2017/08/04	16.40	16.59	15.97	16.01	5731509	93551016.00
2017/08/07	15.89	16.37	15.85	16.10	3059907	49846568.00
2017/08/08	16.10	16.84	15.85	16.80	9543331	159112128.00
2017/08/09	16.60	16.85	16.48	16.65	5944421	99718000.00
2017/08/10	16.50	16.74	15.98	16.04	5830977	95868112.00
2017/08/11	15.72	16.49	15.70	15.90	5117952	82599008.00
2017/08/14	16.20	17.50	16.11	17.50	6482326	112261912.00
2017/08/15	19.26	19.26	18.98	19.26	14343697	277474464.00
2017/08/16	19.90	19.90	18.99	19.83	35500763	694862336.00
2017/08/17	19.40	20.65	19.20	19.75	26194183	522633632.00
2017/08/18	19.27	19.70	18.79	18.85	16784744	323432832.00
2017/08/21	18.71	19.14	18.71	18.96	10047479	191116096.00
2017/08/22	18.78	19.23	18.52	18.78	9442780	179111440.00
2017/08/23	18.77	19.19	18.60	19.02	9860199	188057936.00
2017/08/24	18.76	18.80	17.61	17.82	14407031	261218688.00
2017/08/25	18.01	18.18	17.72	18.03	7695693	139193760.00
2017/08/28	17.98	18.63	17.90	18.26	9122005	167838544.00
2017/08/29	18.14	18.37	18.00	18.10	6521821	118959696.00
2017/08/30	18.05	18.36	18.01	18.09	6051271	110476528.00
2017/08/31	18.17	18.89	18.03	18.76	11888613	220732176.00
2017/09/01	18.62	19.55	18.58	19.26	13847881	266664304.00
2017/09/04	18.40	19.18	17.67	18.85	14309898	264633504.00
2017/09/05	18.50	18.65	17.96	18.04	9142653	168309824.00
2017/09/06	17.94	19.85	17.94	19.85	15480966	293917696.00
2017/09/07	20.25	20.82	19.57	19.63	24774006	503254752.00
2017/09/08	19.85	20.16	19.25	19.59	11473423	226725936.00
2017/09/11	19.90	20.23	19.38	20.11	13414425	267514896.00
2017/09/12	19.88	20.04	19.30	19.40	10758428	212256880.00
2017/09/13	19.14	19.75	19.14	19.63	6532500	127765896.00
2017/09/14	19.36	19.54	19.00	19.06	6079809	117613240.00
2017/09/15	19.00	19.05	18.27	18.38	6672869	124445680.00
2017/09/18	18.20	18.69	18.20	18.62	3573563	66601792.00
2017/09/19	18.66	18.80	18.34	18.34	3144118	58616280.00
2017/09/20	18.29	18.78	18.20	18.77	4639637	86388464.00
2017/09/21	18.80	19.05	18.40	18.40	7103489	133371744.00
2017/09/22	18.30	18.38	17.97	18.09	4154496	75807504.00
2017/09/25	18.08	18.35	17.99	18.10	2963360	54309260.00
2017/09/26	18.30	19.53	18.29	18.85	9558712	182175552.00
2017/09/27	18.55	18.78	18.34	18.72	5623597	104995664.00
2017/09/28	18.76	18.86	18.46	18.47	4813874	90338248.00
2017/09/29	18.52	18.63	18.33	18.52	3067921	56988508.00
2017/10/09	18.89	19.31	18.65	19.31	7725980	147795456.00
2017/10/10	19.41	19.67	19.14	19.54	9217091	180592464.00
2017/10/11	19.41	19.45	19.08	19.12	4969466	95923016.00
2017/10/12	19.12	19.85	18.80	19.37	10223696	199422528.00
2017/10/13	19.70	19.89	19.20	19.36	7416255	145491792.00
2017/10/16	19.54	19.55	18.09	19.25	10484897	197838976.00
2017/10/17	18.68	18.68	18.16	18.41	5929554	110128984.00
2017/10/18	18.42	18.65	17.80	17.80	5262764	96616768.00
2017/10/19	17.80	18.00	17.05	17.10	4779010	83858656.00
2017/10/20	17.08	17.32	16.91	17.30	2574070	44444880.00
2017/10/23	17.30	17.48	17.22	17.33	2006140	35015576.00
2017/10/24	17.28	17.30	16.40	16.89	3795586	64379736.00
2017/10/25	16.99	17.35	16.84	17.31	3024609	52166044.00
2017/10/26	17.29	17.55	17.20	17.30	2749226	47978928.00
2017/10/27	17.45	17.45	16.93	17.00	2346500	40546136.00
2017/10/30	17.00	17.08	15.62	15.66	7269710	117518616.00
2017/10/31	15.69	16.03	15.69	15.86	3121190	49869604.00
2017/11/01	15.86	16.26	15.85	16.15	3760716	61112504.00
2017/11/02	16.16	16.56	15.90	16.18	3242465	52992976.00
2017/11/03	16.08	16.30	15.91	16.01	2416995	39088812.00
2017/11/06	16.07	16.47	15.95	16.32	2706633	44252472.00
2017/11/07	16.38	16.48	16.11	16.34	2633200	43075236.00
2017/11/08	16.38	16.87	16.21	16.68	4879939	81226528.00
2017/11/09	16.53	17.61	16.46	17.20	8442869	145621232.00
2017/11/10	16.96	17.14	16.89	16.96	4420593	75470688.00
2017/11/13	16.95	16.99	16.55	16.64	2889043	48516552.00
2017/11/14	16.62	16.98	16.32	16.56	3057180	51238020.00
2017/11/15	16.39	16.50	15.88	15.89	3723938	60351976.00
2017/11/16	15.89	16.06	15.75	15.91	2823110	45239120.00
2017/11/17	16.11	16.13	14.91	15.01	4037484	62567580.00
2017/11/20	14.90	15.40	14.80	15.31	3251820	49678584.00
2017/11/21	15.34	15.58	15.30	15.38	2332862	36241076.00
2017/11/22	15.40	15.64	15.10	15.45	2647762	41008544.00
2017/11/23	15.35	15.86	15.21	15.48	3611927	56650724.00
2017/11/24	15.55	15.56	15.05	15.40	2333503	36099648.00
2017/11/27	15.73	16.95	15.47	15.88	6022234	98318552.00
2017/11/28	15.60	16.63	15.58	16.40	7324030	120193216.00
2017/11/29	16.21	16.33	15.83	16.15	5012765	80988472.00
2017/11/30	16.30	16.58	15.80	16.42	5227332	85137608.00
2017/12/01	16.75	16.87	16.30	16.48	6956415	116311920.00
2017/12/04	16.55	16.65	15.90	15.93	4135532	67213816.00
2017/12/05	15.71	15.89	15.00	15.28	4629254	71918648.00
2017/12/06	15.28	15.54	15.02	15.54	3477725	53422096.00
2017/12/07	15.48	16.20	15.28	16.06	7001080	112465248.00
2017/12/08	16.19	16.70	15.91	16.28	8171893	134906288.00
2017/12/11	16.39	16.66	16.30	16.51	6642359	110254928.00
2017/12/12	16.50	16.50	15.97	16.11	5190112	84588336.00
2017/12/13	16.05	16.33	16.00	16.25	3870300	62999432.00
2017/12/14	16.25	16.35	15.98	16.20	3773957	61448736.00
2017/12/15	16.25	16.65	16.13	16.40	5460643	90064504.00
2017/12/18	16.33	16.41	15.65	15.81	4207035	67828792.00
2017/12/19	15.86	17.40	15.82	17.40	9245141	159903008.00
2017/12/20	18.25	18.29	17.50	17.71	25616479	460145760.00
2017/12/21	17.30	17.95	17.02	17.92	19060697	334981888.00
2017/12/22	17.51	17.63	17.11	17.18	11806547	205772000.00
2017/12/25	16.87	16.88	16.02	16.42	11936492	196760832.00
2017/12/26	16.22	16.62	16.11	16.59	7113285	117315432.00
2017/12/27	16.61	16.61	15.92	16.03	7076442	115557136.00
2017/12/28	15.80	16.16	15.70	15.72	6149374	98228720.00
2017/12/29	15.55	15.81	15.32	15.76	5413616	85006848.00
2018/01/02	15.51	15.89	15.51	15.83	4128596	65514364.00
2018/01/03	15.90	16.00	15.70	15.94	5107229	81512808.00
2018/01/04	16.11	16.39	15.98	16.04	6083349	98921360.00
2018/01/05	17.42	17.65	16.76	16.83	20076615	349164512.00
2018/01/08	16.38	18.49	16.34	17.68	24406930	427457184.00
2018/01/09	17.25	17.55	16.90	17.00	12542461	216116576.00
2018/01/10	17.60	18.71	17.58	18.71	30135686	553247744.00
2018/01/11	19.15	20.55	18.58	19.86	40237469	791710400.00
2018/01/12	19.27	19.85	18.50	18.65	24976811	479130176.00
2018/01/15	17.75	18.15	17.50	17.85	17445611	311912128.00
2018/01/16	18.02	18.18	17.41	17.95	15072865	270692768.00
2018/01/17	16.70	17.06	16.15	16.15	20148529	331667488.00
2018/01/18	16.34	16.62	16.25	16.37	9024127	149038720.00
2018/01/19	16.35	16.55	16.12	16.15	8164359	134060400.00
2018/01/22	16.08	16.53	15.31	16.12	9089933	146464368.00
2018/01/23	16.10	16.53	16.10	16.39	7860000	129598416.00
2018/01/24	16.40	16.85	16.11	16.75	10269708	171253680.00
2018/01/25	16.60	17.63	16.50	16.68	10950246	187396224.00
2018/01/26	16.50	17.05	16.48	16.68	6540785	110580368.00
2018/01/29	16.61	16.77	16.00	16.35	7526933	123691840.00
2018/01/30	16.36	16.46	16.04	16.07	4156850	67582248.00
2018/01/31	16.07	16.07	15.48	15.65	5500230	86729184.00
2018/02/01	15.65	15.85	14.91	14.99	5308951	81790784.00
2018/02/02	15.00	15.06	14.08	14.76	4388216	64657608.00
2018/02/05	14.40	14.89	14.33	14.70	2418820	35771904.00
2018/02/06	14.41	14.53	13.22	13.22	6236260	87133808.00
2018/02/07	13.58	13.71	12.98	13.45	4414713	59748700.00
2018/02/08	13.23	13.83	13.23	13.71	3206203	44093196.00
2018/02/09	13.42	13.54	13.00	13.08	3870696	51862648.00
2018/02/12	13.20	13.78	13.20	13.70	3388884	46384700.00
2018/02/13	13.68	14.03	13.53	13.53	3159723	43723720.00
2018/02/14	13.60	13.73	13.42	13.59	1718900	23547320.00
2018/02/22	13.83	14.18	13.83	14.08	3452018	48889008.00
2018/02/23	14.07	14.20	13.91	14.09	2430340	34375008.00
2018/02/26	14.16	14.57	14.14	14.44	5112035	74186328.00
2018/02/27	14.46	15.60	14.36	14.95	8603313	130483688.00
2018/02/28	14.94	15.50	14.79	15.06	9434929	144766112.00
2018/03/01	14.68	15.70	14.60	15.55	10151110	155379264.00
2018/03/02	15.39	15.67	15.02	15.25	7013188	108060712.00
2018/03/05	15.60	15.63	15.32	15.53	6709508	104467016.00
2018/03/06	15.56	15.69	15.28	15.40	7499828	116733192.00
2018/03/07	15.23	15.51	15.12	15.18	4946308	76167728.00
2018/03/08	15.09	15.84	15.09	15.34	6850519	106582504.00
2018/03/09	15.20	16.88	15.20	16.88	10431836	171695376.00
2018/03/12	17.86	17.86	17.06	17.31	22219737	390618368.00
2018/03/13	17.12	18.57	16.96	17.65	21028950	374650944.00
2018/03/14	17.24	17.43	16.89	16.96	12134668	209061584.00
2018/03/15	16.70	17.60	16.61	17.43	12698426	220124304.00
2018/03/16	17.25	17.70	16.92	16.93	8626703	149639440.00
2018/03/19	16.80	17.34	16.74	17.06	7441796	128001384.00
2018/03/20	16.70	16.98	16.11	16.75	9087688	150743568.00
2018/03/21	16.78	17.33	16.32	16.44	8383388	142597072.00
2018/03/22	16.34	17.20	16.33	16.75	8006010	135174592.00
2018/03/23	16.08	16.64	15.07	15.08	10094330	159725424.00
2018/03/26	15.00	15.84	14.74	15.84	7728035	120095568.00
2018/03/27	16.13	17.43	16.13	16.82	14203839	242908400.00
2018/03/28	16.48	17.39	16.45	16.82	13742793	235007376.00
2018/03/29	17.02	17.57	16.76	16.93	11390744	196310400.00
2018/03/30	17.90	18.34	17.20	17.56	14394763	255607104.00
2018/04/02	17.30	18.33	17.25	17.70	16542087	295659968.00
2018/04/03	17.30	17.51	16.92	17.30	9566616	164959376.00
2018/04/04	17.26	17.49	16.78	16.85	7308088	126207144.00
2018/04/09	16.75	17.24	16.43	16.93	5794040	98529656.00
2018/04/10	16.55	16.73	15.91	16.47	8866420	145568704.00
2018/04/11	16.70	17.33	16.59	16.92	12834160	218790000.00
2018/04/12	16.73	16.98	16.50	16.71	8260340	139197856.00
2018/04/13	17.00	17.23	16.71	16.72	8805894	150442064.00
2018/04/16	16.68	17.63	16.68	17.63	15779272	274609056.00
2018/04/17	17.50	17.57	16.11	16.23	12793820	217851520.00
2018/04/18	16.40	17.17	16.12	17.11	10485908	176239008.00
2018/04/19	17.11	17.42	16.91	17.38	11117574	192354320.00
2018/04/20	17.14	17.79	17.06	17.39	13305934	233266096.00
2018/04/23	17.93	18.06	16.42	16.97	11722263	203820864.00
2018/04/24	16.69	17.56	16.40	17.54	10801560	185740928.00
2018/04/25	17.49	18.04	17.35	17.81	15039222	268338896.00
2018/04/26	17.66	18.08	17.20	17.35	11873978	211348736.00
2018/04/27	17.37	17.51	16.54	16.69	10093800	171816416.00
2018/05/02	16.30	16.30	15.01	15.10	12587540	195639584.00
2018/05/03	15.00	15.45	14.63	15.40	6561508	99533320.00
2018/05/04	15.37	15.39	15.00	15.05	3856644	58997464.00
2018/05/07	15.10	15.46	15.10	15.28	4096004	63219320.00
2018/05/08	15.32	15.50	15.22	15.45	4403160	68144520.00
2018/05/09	15.46	15.62	15.35	15.50	3637200	56642836.00
2018/05/10	15.50	15.74	15.39	15.56	3918069	61319364.00
2018/05/11	15.71	16.05	15.63	15.95	6932959	110377784.00
2018/05/14	16.06	16.19	15.41	15.49	5203914	82176832.00
2018/05/15	15.55	15.58	14.95	15.50	4814949	73802808.00
2018/05/16	15.32	15.38	15.09	15.13	2569644	39465272.00
2018/05/17	15.10	15.28	14.96	15.01	2431804	36912028.00
2018/05/18	15.08	15.20	14.96	15.19	2672764	40580116.00
2018/05/21	15.32	15.66	15.31	15.58	3830493	59892084.00
2018/05/22	15.44	15.53	15.19	15.42	4022203	62108084.00
2018/05/23	15.37	15.39	15.05	15.08	2967200	45350800.00
2018/05/24	15.11	15.33	15.06	15.13	2361810	36077156.00
2018/05/25	15.19	15.19	14.79	14.82	2953501	44277772.00
2018/05/28	14.80	15.34	14.26	14.96	4282406	63612120.00
2018/05/29	14.81	15.20	14.81	14.86	2600800	39147828.00
2018/05/30	14.51	14.65	14.01	14.11	3259477	47098272.00
2018/05/31	14.30	14.42	14.10	14.17	2353660	33619460.00
2018/06/01	14.23	14.25	13.87	14.08	2514804	35475560.00
2018/06/04	14.09	14.13	13.88	14.01	1603902	22551692.00
2018/06/05	14.02	14.28	14.01	14.25	3594648	51091700.00
2018/06/06	14.20	14.43	14.08	14.14	3704698	52950232.00
2018/06/07	14.25	14.30	13.63	13.70	4628664	64527192.00
2018/06/08	13.68	13.68	13.29	13.45	3839190	51633116.00
2018/06/11	13.45	13.60	13.27	13.36	1908888	25709242.00
2018/06/12	13.39	13.55	13.28	13.52	2523906	34101072.00
2018/06/13	13.37	13.50	13.21	13.25	2427900	32530882.00
2018/06/14	13.35	13.49	13.23	13.34	1896000	25417828.00
2018/06/15	13.36	13.42	12.59	12.67	3522958	45543960.00
2018/06/19	12.36	12.52	11.40	11.40	4470060	52965624.00
2018/06/20	11.38	11.71	11.26	11.58	3220394	37181888.00
2018/06/21	11.58	11.67	10.61	10.69	3975002	44413592.00
2018/06/22	10.72	11.15	10.51	11.04	3091320	34026856.00
2018/06/25	11.25	11.25	11.01	11.11	2081280	23304854.00
2018/06/26	10.90	11.42	10.76	11.35	2479800	27973136.00
2018/06/27	11.41	11.55	11.21	11.30	2274351	25949922.00
2018/06/28	11.34	11.60	11.07	11.07	3098400	35407576.00
2018/06/29	11.12	11.73	11.12	11.72	4520660	52317672.00
2018/07/02	11.67	11.74	11.35	11.49	3151561	36494124.00
2018/07/03	11.52	11.85	11.29	11.85	4188681	48919760.00
2018/07/04	11.87	11.87	11.29	11.41	3307501	38286236.00
2018/07/05	11.25	11.52	11.09	11.11	2296902	26102858.00
2018/07/06	11.22	11.45	11.00	11.23	2612822	29591166.00
2018/07/09	11.34	11.52	11.25	11.47	2201639	25267260.00
2018/07/10	11.48	11.69	11.36	11.57	2608820	30116736.00
2018/07/11	11.34	11.34	10.61	10.98	3622153	40163564.00
2018/07/12	11.04	11.51	11.04	11.47	3454653	39248048.00
2018/07/13	11.60	11.69	11.30	11.55	2977700	34301372.00
2018/07/16	11.55	11.66	11.33	11.58	2874248	33250662.00
2018/07/17	11.56	11.60	11.30	11.56	2964448	34056192.00
2018/07/18	11.59	11.88	11.46	11.48	5364208	62699368.00
2018/07/19	11.43	11.43	11.00	11.09	4067840	45586004.00
2018/07/20	11.02	11.45	10.96	11.41	5118778	57683468.00
2018/07/23	11.21	11.60	11.21	11.60	3880387	44776272.00
2018/07/24	11.57	11.78	11.48	11.76	4929789	57864044.00
2018/07/25	11.64	11.92	11.63	11.75	5159500	61005436.00
2018/07/26	11.77	11.94	11.67	11.81	4679002	55384440.00
2018/07/27	11.72	11.78	11.36	11.42	6288400	73137624.00
2018/07/30	11.51	11.59	11.11	11.20	3444553	39086104.00
2018/07/31	11.20	11.35	11.12	11.22	1766480	19937848.00
2018/08/01	11.33	11.51	11.10	11.12	2983736	33803792.00
2018/08/02	11.03	11.25	10.05	10.49	4984818	52842584.00
2018/08/03	10.42	10.51	10.16	10.27	2795558	28966858.00
2018/08/06	10.15	10.31	9.89	10.19	2720053	27540574.00
2018/08/07	10.18	10.38	9.99	10.37	2886110	29629728.00
2018/08/08	10.26	10.39	10.11	10.35	2145000	22093710.00
2018/08/09	10.20	10.83	10.08	10.62	5198438	55150056.00
2018/08/10	10.55	10.70	10.47	10.70	3284948	34984072.00
2018/08/13	10.44	10.90	10.40	10.81	3908905	41710400.00
2018/08/14	10.76	10.76	10.56	10.61	2377650	25403940.00
2018/08/15	10.56	10.65	10.29	10.36	2336700	24537630.00
2018/08/16	10.10	10.39	10.10	10.35	2999886	30960610.00
2018/08/17	10.35	10.45	10.04	10.25	2818680	28930098.00
2018/08/20	10.17	10.45	10.06	10.43	2890706	29800520.00
2018/08/21	10.46	10.91	10.27	10.62	5156200	55171808.00
2018/08/22	10.50	10.51	10.26	10.26	3182306	33164086.00
2018/08/23	10.17	10.45	10.16	10.35	3156580	32805830.00
2018/08/24	10.29	10.58	10.25	10.29	2735900	28570000.00
2018/08/27	10.27	10.57	10.27	10.57	3609026	38027888.00
2018/08/28	10.60	10.73	10.52	10.58	3127026	33263386.00
2018/08/29	10.55	10.95	10.49	10.68	6203400	66828516.00
2018/08/30	10.65	10.65	10.31	10.33	4013960	42167172.00
2018/08/31	10.35	11.37	10.27	11.37	8299275	93792712.00
2018/09/03	11.89	12.51	11.65	12.51	31870527	389756896.00
2018/09/04	12.53	13.77	12.25	12.99	38589834	500867712.00
2018/09/05	12.74	12.83	12.13	12.23	27422227	344135616.00
2018/09/06	11.96	12.63	11.80	12.24	21280718	261133312.00
2018/09/07	11.97	12.30	11.55	11.84	17361779	207802640.00
2018/09/10	11.75	11.76	11.38	11.61	9915395	114990152.00
2018/09/11	11.50	11.89	11.48	11.77	10825532	127114416.00
2018/09/12	11.67	11.90	11.44	11.74	9436817	110841424.00
2018/09/13	11.91	11.91	11.53	11.80	8715391	102769200.00
2018/09/14	11.75	11.94	11.50	11.50	7511242	88502128.00
2018/09/17	11.41	11.85	11.38	11.67	7016512	81849352.00
2018/09/18	11.51	12.17	11.45	12.14	10916198	129313880.00
2018/09/19	11.95	12.21	11.83	12.03	11124620	134235552.00
2018/09/20	12.03	12.30	11.78	11.81	7807308	94033520.00
2018/09/21	11.87	12.33	11.80	12.14	9847796	119321184.00
2018/09/25	12.00	12.08	11.83	11.94	5667132	67910232.00
2018/09/26	12.01	12.05	11.56	11.60	8509556	99934376.00
2018/09/27	11.61	11.67	11.30	11.30	5582322	64229248.00
2018/09/28	11.29	11.42	11.22	11.42	3675198	41846316.00
2018/10/08	11.05	11.10	10.53	10.55	5717398	62055316.00
2018/10/09	10.72	10.72	10.52	10.58	2503000	26657440.00
2018/10/10	10.58	10.72	10.53	10.67	2629220	28096930.00
2018/10/11	10.09	10.24	9.60	9.60	6437479	63770820.00
2018/10/12	9.48	9.55	8.85	9.39	4785992	44707664.00
2018/10/15	9.42	9.71	9.25	9.34	3603500	34426240.00
2018/10/16	9.43	9.75	9.35	9.51	4742056	45512588.00
2018/10/17	9.73	10.25	9.73	9.91	7598858	75978856.00
2018/10/18	9.82	9.99	9.61	9.65	5482698	53907496.00
2018/10/19	9.51	10.05	9.43	9.99	6131178	60935536.00
2018/10/22	10.03	10.53	9.96	10.47	7475074	77344096.00
2018/10/23	10.35	10.41	10.03	10.13	4996011	51223040.00
2018/10/24	10.11	10.27	9.96	10.11	2742340	27936998.00
2018/10/25	9.70	9.98	9.63	9.95	3804437	37564768.00
2018/10/26	10.06	10.17	9.89	9.93	2962207	29830668.00
2018/10/29	9.93	10.13	9.72	9.77	2773800	27708688.00
2018/10/30	9.69	10.13	9.55	10.02	4501900	44900432.00
2018/10/31	10.01	10.21	10.00	10.05	4728344	47980776.00
2018/11/01	10.16	10.45	10.09	10.11	6702315	69191800.00
2018/11/02	10.37	10.51	10.15	10.47	7372822	76911704.00
2018/11/05	10.42	10.61	10.20	10.46	6711424	70045664.00
2018/11/06	10.35	10.45	10.09	10.37	5179309	53255772.00
2018/11/07	10.33	11.41	10.30	10.70	14939408	164864528.00
2018/11/08	10.63	10.77	10.47	10.49	8115428	86241016.00
2018/11/09	10.40	10.60	10.35	10.42	3971072	41773988.00
2018/11/12	10.37	10.88	10.37	10.81	6385890	68410800.00
2018/11/13	10.61	11.34	10.58	11.04	9960028	109794032.00
2018/11/14	11.05	11.13	10.85	10.92	5545972	60916616.00
2018/11/15	10.95	11.40	10.86	11.30	7847393	87997016.00
2018/11/16	11.26	11.64	11.17	11.50	8494482	96864432.00
2018/11/19	11.17	11.60	11.07	11.44	8507400	96748200.00
2018/11/20	11.33	11.55	11.05	11.13	4757913	53747840.00
2018/11/21	10.95	11.25	10.92	11.19	3404200	37901640.00
2018/11/22	11.30	11.44	11.13	11.36	4553125	51648464.00
2018/11/23	11.42	11.42	10.61	10.61	5063820	55589164.00
2018/11/26	10.61	11.00	10.53	10.73	3838212	41595056.00
2018/11/27	10.85	11.00	10.74	10.85	2758586	30142976.00
2018/11/28	10.93	11.45	10.60	11.32	7592546	84540416.00
2018/11/29	11.22	11.59	11.16	11.17	8974575	102470984.00
2018/11/30	11.15	11.67	11.08	11.61	9667057	110938584.00
2018/12/03	12.07	12.25	11.57	11.60	13720767	163079552.00
2018/12/04	11.51	11.69	11.40	11.61	6693774	77444280.00
2018/12/05	11.33	12.59	11.30	11.85	16253421	196210288.00
2018/12/06	11.74	11.75	11.26	11.27	9971060	114526640.00
2018/12/07	11.25	11.39	11.13	11.14	4425920	49988820.00
2018/12/10	11.13	11.23	10.98	11.06	3316720	36946280.00
2018/12/11	11.14	11.19	10.99	11.19	3554320	39597724.00
2018/12/12	11.15	11.31	11.10	11.23	3547540	39867124.00
2018/12/13	11.28	11.63	11.05	11.55	8753587	100311952.00
2018/12/14	11.46	11.50	11.07	11.07	5496540	62440108.00
2018/12/17	11.00	11.09	10.79	10.93	3351525	36702072.00
2018/12/18	10.81	10.91	10.26	10.45	6130184	64891108.00
2018/12/19	10.60	10.62	10.23	10.23	2703106	28093374.00
2018/12/20	10.23	10.45	10.15	10.39	3048326	31657120.00
2018/12/21	10.33	10.71	10.33	10.39	3318600	34900868.00
2018/12/24	10.42	10.65	10.35	10.59	2864266	30245798.00
2018/12/25	10.41	10.44	10.05	10.39	3331600	34323928.00
2018/12/26	10.45	10.64	10.34	10.40	2360760	24814414.00
2018/12/27	10.65	10.80	10.06	10.06	3425360	36109720.00
2018/12/28	10.13	10.28	9.98	10.04	2473040	25196480.00
2019/01/02	10.12	10.24	10.04	10.10	1703800	17367896.00
2019/01/03	10.06	10.27	10.05	10.08	1346340	13748368.00
2019/01/04	9.98	10.54	9.96	10.43	3969231	41154456.00
2019/01/07	10.51	10.75	10.41	10.71	4797527	51134272.00
2019/01/08	10.71	10.79	10.58	10.62	2562107	27489802.00
2019/01/09	10.68	10.80	10.56	10.57	3171867	34158320.00
2019/01/10	10.56	10.80	10.54	10.57	2398666	25696930.00
2019/01/11	10.80	10.90	10.61	10.77	3509081	38035552.00
2019/01/14	10.74	10.84	10.58	10.63	2489900	26716244.00
2019/01/15	10.57	10.91	10.57	10.90	3444100	37364660.00
2019/01/16	10.95	11.14	10.79	10.80	4326600	47649836.00
2019/01/17	10.66	10.85	10.55	10.57	3451601	37069700.00
2019/01/18	10.57	10.79	10.52	10.72	2976204	31844924.00
2019/01/21	10.71	10.89	10.71	10.83	2221613	24119270.00
2019/01/22	10.84	10.84	10.53	10.63	2547625	27250144.00
2019/01/23	10.66	10.69	10.55	10.59	1695786	18048722.00
2019/01/24	10.63	10.96	10.59	10.79	3973126	43113772.00
2019/01/25	10.73	11.03	10.73	10.84	5686179	62385628.00
2019/01/28	10.96	11.09	10.70	10.83	4024239	44090636.00
2019/01/29	10.65	10.91	10.05	10.37	3588802	37732512.00
2019/01/30	10.37	10.50	10.10	10.13	2358900	24457774.00
2019/01/31	10.24	10.37	9.96	10.02	2703482	27552908.00
2019/02/01	10.06	10.36	10.06	10.34	2110053	21780974.00
2019/02/11	10.34	10.74	10.30	10.67	3242640	34349964.00
2019/02/12	10.64	11.17	10.62	11.10	7198340	79221352.00
2019/02/13	11.23	12.13	11.08	11.54	16754653	194173408.00
2019/02/14	11.35	11.74	11.13	11.45	13716218	156280128.00
2019/02/15	11.28	11.52	11.24	11.34	8919348	101852256.00
2019/02/18	11.47	11.80	11.37	11.77	9188422	107235448.00
2019/02/19	11.74	12.16	11.56	11.95	14187354	169155280.00
2019/02/20	12.13	12.33	11.71	11.87	9020266	108279712.00
2019/02/21	11.79	12.06	11.48	11.66	9661188	114657880.00
2019/02/22	11.72	12.39	11.66	12.25	13695668	165838384.00
2019/02/25	13.06	13.17	12.50	12.91	17895121	230121248.00
2019/02/26	12.82	14.21	12.50	13.73	23337132	314569152.00
2019/02/27	13.41	13.67	12.96	13.12	17519870	235166624.00
2019/02/28	13.00	13.31	12.87	13.09	8289396	108791224.00
2019/03/01	13.10	13.59	12.86	13.22	10740639	142689584.00
2019/03/04	13.29	13.80	13.22	13.36	13425467	181470000.00
2019/03/05	13.22	14.05	13.10	13.94	14936798	202971168.00
2019/03/06	14.35	14.60	13.62	14.26	18482350	261520000.00
2019/03/07	14.05	14.84	13.81	14.49	19662593	281609664.00
2019/03/08	13.94	15.23	13.75	13.97	18929120	275250528.00
2019/03/11	14.25	14.73	13.98	14.62	16274590	234405568.00
2019/03/12	14.70	15.20	14.48	15.09	19019500	283392960.00
2019/03/13	15.27	15.45	14.03	14.15	17577124	259153824.00
2019/03/14	14.06	14.27	13.13	13.48	12799062	174455936.00
2019/03/15	13.51	13.72	13.25	13.52	7919626	107561560.00
2019/03/18	13.59	13.88	13.41	13.80	6383468	87585680.00
2019/03/19	13.80	14.03	13.64	13.80	6699986	92983888.00
2019/03/20	13.85	13.89	13.25	13.57	7135566	97050488.00
2019/03/21	13.63	14.00	13.55	13.83	9045393	125473000.00
2019/03/22	13.83	13.91	13.36	13.62	6751246	92179656.00
2019/03/25	13.35	13.54	13.16	13.33	5388900	72365488.00
2019/03/26	13.43	14.17	13.26	13.54	15021250	207879456.00
2019/03/27	13.58	13.63	12.86	13.10	9037278	119078984.00
2019/03/28	13.02	13.75	12.81	13.35	10639542	142418720.00
2019/03/29	13.35	13.91	13.05	13.91	12186851	165428128.00
2019/04/01	14.89	15.25	14.35	15.03	25322839	376357152.00
2019/04/02	14.89	16.04	14.85	15.35	28971918	448271424.00
2019/04/03	15.45	15.59	14.87	15.14	16266290	247650688.00
2019/04/04	15.00	15.20	14.68	14.85	12277740	183612208.00
2019/04/08	14.98	15.02	14.03	14.35	12639598	182658224.00
2019/04/09	14.25	14.49	14.11	14.48	8089424	116567152.00
2019/04/10	14.34	14.39	13.96	14.26	6448664	91743496.00
2019/04/11	14.27	14.74	14.13	14.28	8142870	117826472.00
2019/04/12	14.20	15.12	14.13	14.91	15360675	226303968.00
2019/04/15	15.25	15.29	14.42	14.47	13368764	201340464.00
2019/04/16	14.17	14.70	13.94	14.67	7716648	110647368.00
2019/04/17	14.52	14.69	14.36	14.44	5639720	82128040.00
2019/04/18	14.45	14.49	14.14	14.17	4732750	67808880.00
2019/04/19	14.18	14.36	14.17	14.34	3839700	55064340.00
2019/04/22	14.33	14.41	13.95	13.98	5119080	72536744.00
2019/04/23	13.98	14.05	13.52	13.57	4269489	58849508.00
2019/04/24	13.69	13.95	13.38	13.94	4768185	65495180.00
2019/04/25	13.93	14.04	13.16	13.25	6285523	85074424.00
2019/04/26	13.15	13.63	13.13	13.29	4962379	66820376.00
2019/04/29	13.20	13.44	12.40	12.47	5571878	71361448.00
2019/04/30	12.33	12.49	12.12	12.31	4256887	52630152.00
2019/05/06	11.98	11.98	11.07	11.07	8136150	92635600.00
2019/05/07	11.07	11.21	10.56	10.87	8602356	94027256.00
2019/05/08	10.63	11.11	10.58	10.89	5340160	58303328.00
2019/05/09	10.82	11.05	10.72	10.92	3886123	42795112.00
2019/05/10	11.13	11.43	10.88	11.43	6750961	76127568.00
2019/05/13	11.34	11.72	11.28	11.47	5745585	66488612.00
2019/05/14	11.25	12.15	11.25	11.75	8848203	104975320.00
2019/05/15	11.75	11.89	11.54	11.77	6814583	80134752.00
2019/05/16	11.58	11.62	11.33	11.54	6329817	73062208.00
2019/05/17	11.57	11.73	11.04	11.11	5151840	58858872.00
2019/05/20	11.19	11.49	11.05	11.37	3786034	43010784.00
2019/05/21	11.40	11.67	11.28	11.54	3913933	45270172.00
2019/05/22	11.65	12.61	11.60	12.07	10374070	125853888.00
2019/05/23	12.05	12.54	11.77	12.12	10206523	125008760.00
2019/05/24	11.71	11.95	11.25	11.30	7555725	87717152.00
2019/05/27	11.34	12.08	11.24	12.01	6652816	77853272.00
2019/05/28	12.05	12.11	11.80	11.87	5834078	69753960.00
2019/05/29	11.80	12.28	11.74	12.05	6586304	79175632.00
2019/05/30	11.87	11.94	11.53	11.78	4611800	54037180.00
2019/05/31	11.79	12.05	11.74	11.78	3940682	46826628.00
2019/06/03	11.78	11.90	11.36	11.51	3833352	44419544.00
2019/06/04	11.49	11.68	11.28	11.38	3718810	42630472.00
2019/06/05	11.55	11.65	11.45	11.49	3099937	35844004.00
2019/06/06	11.41	11.57	11.05	11.14	3846783	43073816.00
2019/06/10	11.16	11.38	11.15	11.31	2849866	32114034.00
2019/06/11	11.32	11.84	11.20	11.78	4746404	55006768.00
2019/06/12	11.74	11.89	11.64	11.81	4217878	49698364.00
2019/06/13	11.90	12.99	11.76	12.99	25101702	324624608.00
2019/06/14	13.70	14.29	13.09	13.36	40502359	562589824.00
2019/06/17	12.57	12.90	12.02	12.33	31418496	385352512.00
2019/06/18	12.13	12.33	11.90	12.29	17537464	212441248.00
2019/06/19	12.66	12.78	12.33	12.33	19817387	248316032.00
2019/06/20	12.16	12.55	11.97	12.34	14072764	172283808.00
2019/06/21	12.38	12.99	12.38	12.98	19346438	245349424.00
2019/06/24	13.20	13.77	12.67	12.93	24086744	319322432.00
2019/06/25	13.00	13.67	12.71	13.24	18581562	244879200.00
2019/06/26	13.10	13.66	12.80	13.39	17950750	239342416.00
2019/06/27	13.70	13.81	13.04	13.11	16509109	220875792.00
2019/06/28	12.80	12.88	12.16	12.24	14859254	184608896.00
2019/07/01	12.58	12.65	12.41	12.59	9550183	119822056.00
2019/07/02	12.70	12.73	12.36	12.70	9195251	115335592.00
2019/07/03	12.58	12.58	12.24	12.27	6408460	79430512.00
2019/07/04	12.38	12.43	12.07	12.11	4807130	58701184.00
2019/07/05	12.18	12.35	12.08	12.24	3638696	44504336.00
2019/07/08	12.20	12.20	11.61	12.05	7859840	93103416.00
2019/07/09	12.00	12.36	11.80	12.23	7596888	92365536.00
2019/07/10	12.10	12.50	12.00	12.31	7337789	90258136.00
2019/07/11	11.97	11.97	11.22	11.37	11175676	129564064.00
2019/07/12	11.20	11.31	11.11	11.22	4485617	50394548.00
2019/07/15	11.21	11.51	11.12	11.42	3887294	44119060.00
2019/07/16	11.45	11.52	11.30	11.35	3240380	36911868.00
2019/07/17	11.32	11.55	11.28	11.36	3333988	38110824.00
2019/07/18	11.30	11.38	11.08	11.35	3889892	43523444.00
2019/07/19	11.42	11.50	11.25	11.33	4692492	53468720.00
2019/07/22	11.28	11.36	10.74	10.77	4192820	45768388.00
2019/07/23	10.73	10.95	10.70	10.92	2262544	24570750.00
2019/07/24	10.95	11.17	10.93	11.06	2849069	31586404.00
2019/07/25	11.01	11.27	11.01	11.19	2981402	33346700.00
2019/07/26	11.18	11.20	11.03	11.12	2172064	24135380.00
2019/07/29	11.17	11.18	11.05	11.11	2182460	24234766.00
2019/07/30	11.12	11.30	11.09	11.18	2628900	29478716.00
2019/07/31	11.14	11.24	10.98	11.00	2562420	28499934.00
2019/08/01	11.00	11.17	10.91	11.05	2417602	26760332.00
2019/08/02	10.90	10.90	10.62	10.81	3852700	41422032.00
2019/08/05	11.00	11.35	10.94	10.97	5926683	66167056.00
2019/08/06	10.36	10.62	10.31	10.58	5856980	61275952.00
2019/08/07	10.62	10.65	10.29	10.30	3262780	34204356.00
2019/08/08	10.40	10.48	10.36	10.45	1825436	19029664.00
2019/08/09	10.50	10.58	10.30	10.30	2251900	23439620.00
2019/08/12	10.52	11.15	10.52	11.00	8215751	89555880.00
2019/08/13	10.87	11.14	10.86	11.11	5468760	60169424.00
2019/08/14	11.38	11.40	10.85	10.85	4594300	50674212.00
2019/08/15	10.55	10.84	10.43	10.80	3587500	38161592.00
2019/08/16	10.83	10.90	10.70	10.75	3284688	35487744.00
2019/08/19	10.86	11.25	10.84	11.23	5904821	65663984.00
2019/08/20	11.24	11.58	11.20	11.23	6350200	72051720.00
2019/08/21	11.35	11.55	11.21	11.27	4685880	53066656.00
2019/08/22	11.36	11.36	11.11	11.34	4773600	53619304.00
2019/08/23	11.49	11.80	11.27	11.29	7510964	86203056.00
2019/08/26	10.91	11.13	10.83	10.97	5119000	56204452.00
2019/08/27	11.12	11.36	11.03	11.35	5340079	59999360.00
2019/08/28	11.26	11.84	11.22	11.78	10885193	126423664.00
2019/08/29	11.61	12.35	11.49	11.95	12948539	153031168.00
2019/08/30	11.98	12.30	11.55	11.64	9559131	113215392.00
2019/09/02	11.78	12.17	11.53	12.07	9029432	107669872.00
2019/09/03	11.97	12.12	11.86	11.96	7464686	89293656.00
2019/09/04	11.96	11.96	11.68	11.94	6209993	73435200.00
2019/09/05	11.95	13.13	11.95	13.13	16858873	210187504.00
2019/09/06	13.50	13.51	12.76	12.81	21288048	280275008.00
2019/09/09	13.05	13.52	12.81	13.25	17648734	233215728.00
2019/09/10	13.18	14.25	12.90	13.77	23517578	319779136.00
2019/09/11	13.55	13.75	13.25	13.29	13620980	183530128.00
2019/09/12	13.38	13.70	13.23	13.51	11263390	151743216.00
2019/09/16	13.56	14.86	13.56	14.42	31216990	454869600.00
2019/09/17	14.15	14.25	13.52	13.73	18310862	254665904.00
2019/09/18	13.80	14.13	13.44	13.52	13389004	184150336.00
2019/09/19	13.68	14.07	13.45	14.01	11603340	160391392.00
2019/09/20	13.89	14.88	13.70	14.06	21434696	306442816.00
2019/09/23	14.14	14.86	14.08	14.24	20389286	294214464.00
2019/09/24	14.33	15.66	13.90	15.08	38712475	587539712.00
2019/09/25	14.58	16.59	14.47	16.34	47296538	737579968.00
2019/09/26	15.76	15.86	14.71	14.71	31203194	476228576.00
2019/09/27	14.50	15.33	14.36	14.84	20433547	305085984.00
2019/09/30	14.64	15.52	14.64	14.76	20128322	304361952.00
2019/10/08	14.45	15.44	14.26	14.89	18810728	281201536.00
2019/10/09	14.79	14.79	13.40	13.77	23515622	324666656.00
2019/10/10	13.97	15.15	13.92	15.15	27095440	396180416.00
2019/10/11	15.28	15.92	14.89	15.26	34670408	531853472.00
2019/10/14	15.38	15.86	15.20	15.50	24479131	378583296.00
2019/10/15	14.96	14.96	13.95	14.28	25383814	363775328.00
2019/10/16	14.35	14.39	13.71	13.95	14387567	202003072.00
2019/10/17	13.99	14.17	13.60	13.73	11008336	153318416.00
2019/10/18	13.77	13.83	13.08	13.09	13070516	174546080.00
2019/10/21	12.97	13.09	12.66	13.04	9980856	128388016.00
2019/10/22	12.98	13.51	12.91	13.45	13003356	172036960.00
2019/10/23	13.34	13.85	13.23	13.30	11600610	157322688.00
2019/10/24	13.31	13.79	13.22	13.57	12214110	165961184.00
2019/10/25	13.45	13.69	13.30	13.50	9144467	123071272.00
2019/10/28	14.85	14.85	14.85	14.85	1943000	28853550.00
2019/10/29	16.34	16.34	15.39	15.40	36741804	591883840.00
2019/10/30	15.61	16.94	14.80	16.94	55852037	900275776.00
2019/10/31	16.05	16.54	15.43	15.72	36840338	589518016.00
2019/11/01	15.59	16.46	15.55	15.86	27879609	448969248.00
2019/11/04	16.08	16.59	15.69	15.98	29375347	474659712.00
2019/11/05	16.13	16.26	15.51	15.83	22221663	351378080.00
2019/11/06	15.67	15.77	14.81	15.24	23395765	355480224.00
2019/11/07	15.61	16.46	15.50	16.06	33480080	535195968.00
2019/11/08	15.79	16.33	15.30	15.40	25827171	408855072.00
2019/11/11	15.45	15.68	14.74	14.80	16083404	243105408.00
2019/11/12	14.79	15.00	14.39	14.64	14661349	215388464.00
2019/11/13	14.55	14.64	13.90	14.23	16000802	227697200.00
2019/11/14	14.24	14.59	14.04	14.19	12905800	184496480.00
2019/11/15	14.10	14.39	13.79	13.79	11667400	164446752.00
2019/11/18	13.81	14.26	13.80	14.20	10051407	141340912.00
2019/11/19	14.08	14.50	13.98	14.47	11883705	169518688.00
2019/11/20	14.40	14.56	14.05	14.09	10703250	153274736.00
2019/11/21	14.08	14.27	13.86	14.04	6396806	90110808.00
2019/11/22	14.04	14.38	13.43	13.49	12257460	169954144.00
2019/11/25	13.74	13.79	13.04	13.09	8219625	109414344.00
2019/11/26	13.20	13.37	12.93	13.10	5299207	69524272.00
2019/11/27	13.04	13.35	12.95	13.16	5244465	68989680.00
2019/11/28	13.17	13.38	13.00	13.29	6070855	80368792.00
2019/11/29	13.20	13.43	13.11	13.25	5089367	67558504.00
2019/12/02	13.27	13.45	13.11	13.16	4190860	55555648.00
2019/12/03	13.17	13.17	12.77	13.11	5201006	67402288.00
2019/12/04	12.97	13.34	12.93	13.21	5208355	68793928.00
2019/12/05	13.29	13.58	13.25	13.53	7362555	98934008.00
2019/12/06	13.50	13.67	13.39	13.61	6783234	91736072.00
2019/12/09	13.54	14.08	13.49	13.89	11031680	152993296.00
2019/12/10	13.76	13.95	13.62	13.91	8618088	118891608.00
2019/12/11	13.83	14.36	13.79	14.00	11429856	161547376.00
2019/12/12	14.00	14.09	13.68	13.77	7856945	108578696.00
2019/12/13	13.98	14.05	13.71	13.96	7561167	105112904.00
2019/12/16	13.94	14.17	13.90	14.16	8378900	117794080.00
2019/12/17	14.18	14.46	13.98	14.23	11695235	166126608.00
2019/12/18	14.25	14.29	14.02	14.09	8955767	126850848.00
2019/12/19	14.33	14.78	14.26	14.60	16551684	240781808.00
2019/12/20	14.52	14.56	14.05	14.05	10160928	145357824.00
2019/12/23	13.93	13.99	13.37	13.40	7576393	103963064.00
2019/12/24	13.34	13.68	13.34	13.62	4362180	58936264.00
2019/12/25	14.40	14.98	14.22	14.98	10437490	154103440.00
2019/12/26	15.88	16.15	15.20	15.55	34769809	542473408.00
2019/12/27	15.75	15.80	14.69	14.74	22359243	342917760.00
2019/12/30	14.65	14.70	14.04	14.35	14057268	202939120.00
2019/12/31	14.87	15.79	14.87	15.79	30408817	474909440.00
2020/01/02	15.69	16.68	15.45	16.29	32348836	518795584.00
2020/01/03	15.90	16.27	15.70	16.10	22425485	356517408.00
2020/01/06	16.07	16.89	15.99	16.28	23425504	385720896.00
2020/01/07	16.35	17.91	16.08	17.91	28201395	487597984.00
2020/01/08	18.20	19.38	17.36	17.53	40966154	753763456.00
2020/01/09	18.09	18.90	17.60	17.99	27894733	507624640.00
2020/01/10	18.10	18.60	17.55	17.74	23851152	429535648.00
2020/01/13	17.37	18.30	17.12	17.98	18991370	337161792.00
2020/01/14	17.87	18.82	17.87	18.17	22811339	416622688.00
2020/01/15	18.17	19.36	17.93	18.57	22294653	416871136.00
2020/01/16	18.35	18.39	17.72	17.83	18291259	328828416.00
2020/01/17	17.82	18.37	17.59	18.16	15634482	281263648.00
2020/01/20	18.03	18.10	17.38	17.89	14052753	249332448.00
2020/01/21	17.66	17.67	17.10	17.25	12223616	212553376.00
2020/01/22	16.90	17.85	16.78	17.51	11535542	201009840.00
2020/01/23	17.33	17.96	16.20	16.88	13541090	234130208.00
数据来源:通达信
