300493 润欣科技 日线 前复权
      日期	    开盘	    最高	    最低	    收盘	    成交量	    成交额
2015/12/10	2.18	2.40	2.18	2.40	10000	98817.00
2015/12/11	2.66	2.66	2.66	2.66	5600	60928.00
2015/12/14	2.95	2.95	2.95	2.95	3100	37107.00
2015/12/15	3.27	3.27	3.27	3.27	2900	38193.00
2015/12/16	3.62	3.62	3.62	3.62	3870	56076.30
2015/12/17	4.01	4.01	4.01	4.01	2900	46226.00
2015/12/18	4.43	4.43	4.43	4.43	12500	219125.00
2015/12/21	4.90	4.90	4.90	4.90	8890	171399.20
2015/12/22	5.42	5.42	5.42	5.42	9610	203828.09
2015/12/23	5.98	5.98	5.98	5.98	16380	382145.41
2015/12/24	6.60	6.60	6.60	6.60	26460	678963.63
2015/12/25	7.29	7.29	7.29	7.29	29200	824316.00
2015/12/28	8.04	8.04	8.04	8.04	39777	1235075.88
2015/12/29	8.87	8.87	8.87	8.87	106382	3634009.00
2015/12/30	9.78	9.78	9.78	9.78	75801	2848601.50
2015/12/31	10.78	10.78	10.78	10.78	301286	12455163.00
2016/01/04	11.89	11.89	11.89	11.89	316486	14390618.00
2016/01/05	13.10	13.10	13.10	13.10	648190	32422464.00
2016/01/06	14.43	14.43	14.43	14.43	92166	5070973.50
2016/01/07	15.90	15.90	15.90	15.90	136000	8230720.00
2016/01/08	17.51	17.51	17.51	17.51	301440	20066860.00
2016/01/11	19.29	19.29	19.29	19.29	6261575	458535136.00
2016/01/12	18.37	19.23	17.34	17.34	14676848	999274112.00
2016/01/13	16.16	16.56	15.58	15.58	12930453	779758528.00
2016/01/14	14.56	16.29	14.56	15.23	9924921	581702400.00
2016/01/15	15.23	15.60	13.68	13.68	8271304	454985536.00
2016/01/18	12.54	13.76	12.29	12.86	8684224	426193920.00
2016/01/19	12.71	14.15	12.71	13.88	8934664	464156896.00
2016/01/20	13.50	14.08	12.83	13.14	7745568	398213312.00
2016/01/21	12.92	13.73	12.56	12.56	6235746	312308992.00
2016/01/22	12.81	13.23	11.94	12.97	6136113	297966848.00
2016/01/25	13.20	13.31	12.71	13.14	4997047	248526128.00
2016/01/26	12.81	12.82	11.80	11.80	4883390	226381776.00
2016/01/27	11.19	11.98	10.59	11.63	6384933	272755328.00
2016/01/28	11.23	11.36	10.44	10.44	3955154	164832464.00
2016/01/29	10.29	11.07	10.16	10.83	5280812	218038240.00
2016/02/01	10.64	11.28	10.40	10.66	4454685	185955040.00
2016/02/02	10.54	11.49	10.54	11.17	5409448	232059488.00
2016/02/03	10.83	11.31	10.70	11.21	3558261	149907232.00
2016/02/04	11.23	12.35	11.23	12.02	5457505	249208032.00
2016/02/05	11.79	12.08	11.40	11.40	4188609	187556112.00
2016/02/15	10.64	11.30	10.47	11.09	3316815	138276976.00
2016/02/16	11.23	12.12	11.23	11.83	4225074	190125632.00
2016/02/17	11.76	12.82	11.71	12.35	5504335	258241328.00
2016/02/18	12.53	13.61	12.19	13.33	8300962	409608768.00
2016/02/19	13.09	14.01	12.96	13.36	6708383	344280992.00
2016/02/22	13.50	14.72	13.44	14.57	8611652	469378752.00
2016/02/23	14.35	14.93	14.27	14.69	8046426	447625024.00
2016/02/24	14.43	14.57	13.20	13.35	8288284	431073408.00
2016/02/25	13.39	13.48	11.99	12.00	6533071	314378272.00
2016/02/26	12.16	12.25	11.23	11.63	4561640	206906704.00
2016/02/29	11.37	11.41	10.44	10.44	3825493	154756880.00
2016/03/01	10.27	10.93	9.69	10.68	5101051	203002496.00
2016/03/02	10.54	11.55	10.51	11.42	4588472	194092992.00
2016/03/03	11.33	11.75	10.90	10.90	4627897	201798464.00
2016/03/04	10.70	10.95	9.79	9.83	4934346	193783632.00
2016/03/07	9.89	10.72	9.89	10.34	3613855	143598048.00
2016/03/08	10.16	10.55	9.49	10.51	4198206	162861776.00
2016/03/09	10.16	10.77	9.95	10.47	4154121	166317040.00
2016/03/10	10.43	10.69	10.12	10.14	3039853	121453824.00
2016/03/11	10.00	10.36	9.76	10.18	2698078	104840096.00
2016/03/14	10.56	11.08	10.43	10.90	4593343	191241776.00
2016/03/15	10.79	11.03	10.55	10.56	3385537	140249024.00
2016/03/16	10.95	10.96	10.43	10.49	3157020	129513800.00
2016/03/17	10.56	11.27	10.52	11.25	5145194	216042816.00
2016/03/18	11.41	12.27	11.23	12.20	5925340	268651136.00
2016/03/21	12.53	12.95	12.20	12.72	5966230	286614176.00
2016/03/22	12.37	12.88	12.30	12.46	3848921	184926400.00
2016/03/23	12.41	12.85	12.30	12.83	4742529	228101360.00
2016/03/24	12.58	12.61	11.95	12.05	5024809	238197184.00
2016/03/25	12.11	12.26	11.74	12.01	3229371	148170640.00
2016/03/28	12.11	13.08	12.03	12.23	5143938	246519952.00
2016/03/29	12.07	12.15	11.42	11.59	4096634	183579824.00
2016/03/30	11.85	12.35	11.70	12.31	3456400	158824048.00
2016/03/31	12.53	12.82	12.32	12.57	4392906	211321728.00
2016/04/01	12.43	12.60	11.89	12.29	3343215	156443504.00
2016/04/05	12.27	12.92	12.19	12.84	3815043	183542320.00
2016/04/06	12.75	12.97	12.48	12.69	3857358	187767216.00
2016/04/07	12.80	12.82	12.05	12.12	3767642	178584688.00
2016/04/08	12.03	12.64	11.97	12.61	4526077	214317680.00
2016/04/11	12.87	13.31	12.56	13.26	5876100	293173312.00
2016/04/12	13.13	13.78	12.53	12.81	7289333	369051520.00
2016/04/13	12.94	13.59	12.83	13.07	4630688	233514112.00
2016/04/14	13.12	14.40	13.12	14.40	7623198	403998944.00
2016/04/15	13.87	14.25	13.68	13.91	8077292	428745920.00
2016/04/18	13.84	13.84	12.98	13.07	4721154	238654288.00
2016/04/19	13.26	13.68	13.03	13.32	4210532	215027856.00
2016/04/20	13.46	13.46	11.97	12.03	6020032	288245504.00
2016/04/21	11.87	12.10	11.39	11.43	3761663	170148144.00
2016/04/22	11.29	11.73	11.18	11.73	2586383	114262616.00
2016/04/25	11.71	11.73	11.28	11.63	2157985	95090968.00
2016/04/26	11.63	11.90	11.59	11.89	2303503	103658848.00
2016/04/27	11.89	12.01	11.67	11.68	2417972	109598744.00
2016/04/28	11.68	11.73	11.18	11.71	2470105	108574936.00
2016/04/29	11.54	11.85	11.54	11.64	1899188	85048920.00
2016/05/03	11.75	12.82	11.57	12.73	4537245	214514656.00
2016/05/04	12.65	13.50	12.61	13.18	6039037	304887232.00
2016/05/05	13.25	13.62	12.92	13.51	5557252	281934432.00
2016/05/06	13.48	13.84	12.73	12.74	5924907	298616160.00
2016/05/09	12.56	14.03	12.45	13.68	9840182	502162976.00
2016/05/10	13.61	14.93	13.31	14.24	10479899	562568384.00
2016/05/11	14.25	14.74	12.96	13.13	7696784	410421056.00
2016/05/12	12.60	13.06	11.84	12.68	6041114	286651264.00
2016/05/13	12.82	13.89	12.65	13.87	7330437	370198304.00
2016/05/16	13.61	14.57	13.36	14.40	6865884	366629824.00
2016/05/17	14.31	14.83	13.93	14.19	6582460	358960352.00
2016/05/18	13.94	13.94	12.75	13.01	5702089	288595168.00
2016/05/19	13.01	14.34	13.01	14.25	8844291	475105664.00
2016/05/20	13.95	15.44	13.84	15.20	10550262	593833088.00
2016/05/23	15.07	16.19	14.90	15.73	8988870	526820128.00
2016/05/24	15.51	16.02	15.27	15.54	6519416	387888160.00
2016/05/25	15.81	16.71	15.57	15.86	7869015	482526912.00
2016/05/26	15.37	16.43	14.83	16.43	7183660	423107712.00
2016/05/27	16.29	16.76	15.65	15.72	5837369	359627232.00
2016/05/30	15.26	16.16	15.13	15.15	5039371	299964160.00
2016/05/31	15.23	16.69	15.22	16.69	7987680	488505696.00
2016/06/01	16.61	17.29	16.47	16.73	8371880	536061088.00
2016/06/02	16.56	18.01	16.51	17.82	7480704	492094336.00
2016/06/03	17.78	18.29	17.23	17.49	6975451	467731200.00
2016/06/06	17.49	18.26	17.32	18.16	5484604	370569568.00
2016/06/07	18.22	19.03	17.90	18.91	6895977	483179904.00
2016/06/08	18.86	18.86	17.44	17.71	6404431	437329696.00
2016/06/13	17.14	17.32	15.92	15.92	5397269	337752800.00
2016/06/14	15.32	16.10	15.32	15.71	3569380	212573504.00
2016/06/15	15.52	17.08	15.51	16.75	4758619	298099008.00
2016/06/16	16.76	17.20	16.42	16.59	4410777	280371584.00
2016/06/17	16.81	17.25	16.59	17.17	4948707	317722912.00
2016/06/20	17.36	18.26	16.82	17.81	5776804	385954144.00
2016/06/21	17.80	18.77	17.38	17.69	7665999	527099104.00
2016/06/22	17.44	18.37	17.31	18.24	5443267	370708288.00
2016/06/23	19.07	20.01	18.47	19.26	8572638	627846464.00
2016/06/24	19.62	21.20	18.59	20.82	9218925	697101696.00
2016/06/27	20.11	21.94	20.08	21.28	8131463	647401408.00
2016/06/28	20.85	21.65	20.26	20.84	7023907	551640832.00
2016/06/29	21.17	21.70	20.37	21.21	5705608	453385920.00
2016/06/30	20.34	20.55	19.07	19.07	6912676	514204608.00
2016/07/01	19.69	20.77	19.31	20.02	6124998	465430336.00
2016/07/04	19.71	22.04	19.65	22.04	6990209	560283584.00
2016/07/05	23.04	23.47	22.07	22.74	7913563	677784704.00
2016/07/06	23.04	23.42	21.12	21.84	7269831	605489600.00
2016/07/07	21.26	22.05	20.77	21.60	5547796	447392032.00
2016/07/08	21.60	21.60	20.80	20.80	3806398	304386112.00
2016/07/18	20.83	21.43	19.97	20.44	4023405	317040864.00
2016/07/19	20.29	21.17	19.84	21.16	3502717	272357312.00
2016/07/20	21.17	21.22	20.43	20.48	3229542	253295280.00
2016/07/21	20.00	20.00	18.85	18.95	5994448	436810176.00
2016/07/22	18.82	19.03	17.83	17.96	4125848	286562944.00
2016/07/25	17.97	18.45	17.93	18.29	2698093	185622384.00
2016/07/26	18.23	18.64	18.12	18.28	2284376	158658848.00
2016/07/27	18.24	18.24	16.44	16.44	4865511	314620800.00
2016/07/28	16.13	16.95	15.67	16.76	3913651	241390400.00
2016/07/29	16.79	17.29	16.52	16.59	3072290	197183600.00
2016/08/01	16.12	16.53	15.04	16.17	2989672	178102256.00
2016/08/02	16.16	16.63	15.99	16.38	2283140	141480128.00
2016/08/03	16.26	17.00	16.13	16.72	3172219	199515568.00
2016/08/04	16.70	16.75	16.31	16.55	2453002	153563280.00
2016/08/05	16.59	16.68	15.79	15.93	2339603	144167344.00
2016/08/08	15.70	16.04	15.31	15.95	1830631	108982424.00
2016/08/09	16.13	16.61	16.06	16.40	2701217	167173552.00
2016/08/10	16.38	16.63	16.29	16.41	2424143	150993744.00
2016/08/11	16.24	16.28	15.68	15.68	2378052	143894400.00
2016/08/12	15.49	15.89	15.46	15.86	1781004	106220152.00
2016/08/15	15.94	16.63	15.81	16.50	3320736	205210512.00
2016/08/16	16.69	17.26	16.64	16.74	3958233	254393680.00
2016/08/17	16.64	17.19	16.52	17.09	3763380	241755776.00
2016/08/18	17.11	17.38	16.85	16.86	3204202	207363488.00
2016/08/19	16.74	17.01	16.56	16.73	2007653	127386408.00
2016/08/22	16.75	16.76	15.84	15.84	2447985	150221440.00
2016/08/23	15.76	16.34	15.73	16.16	1538818	93882000.00
2016/08/24	16.31	16.37	15.98	16.15	1584313	97069864.00
2016/08/25	16.03	16.51	15.73	16.50	2137934	129932232.00
2016/08/26	16.51	17.03	16.51	16.53	3309790	210125152.00
2016/08/29	16.48	16.48	16.13	16.16	1871153	115118912.00
2016/08/30	16.24	16.63	16.24	16.34	1704516	106184672.00
2016/08/31	16.37	16.56	16.06	16.56	2070690	128290848.00
2016/09/01	16.74	17.40	16.61	16.86	4744482	305991360.00
2016/09/02	16.59	16.86	16.38	16.43	2399265	150510944.00
2016/09/05	16.46	16.81	16.38	16.46	1818259	114237336.00
2016/09/06	16.46	16.72	15.85	16.69	2915970	179163536.00
2016/09/07	16.71	16.73	16.11	16.17	2351879	147003680.00
2016/09/08	16.11	16.29	16.00	16.20	1354080	82795568.00
2016/09/09	16.16	16.24	15.97	15.99	1618994	98426232.00
2016/09/12	15.57	15.64	14.93	14.99	2333842	135474064.00
2016/09/13	14.99	15.19	14.89	14.91	1209569	68772280.00
2016/09/14	14.88	14.88	14.45	14.61	1432768	79464952.00
2016/09/19	14.60	14.85	14.60	14.79	1039493	58203416.00
2016/09/20	14.77	14.83	14.67	14.83	902822	50477824.00
2016/09/21	14.88	15.02	14.73	14.82	996604	56328928.00
2016/09/22	14.98	14.99	14.77	14.78	887571	50080688.00
2016/09/23	14.77	14.90	14.53	14.57	992751	55381172.00
2016/09/26	14.43	14.45	13.79	13.80	1714902	91678928.00
2016/09/27	13.77	14.03	13.71	14.00	948355	49961264.00
2016/09/28	14.01	14.07	13.79	13.79	665100	34997488.00
2016/09/29	13.83	14.04	13.78	13.84	989355	52202060.00
2016/09/30	13.78	13.96	13.73	13.85	616857	32449346.00
2016/10/10	14.09	14.92	13.78	14.77	1854061	101689936.00
2016/10/11	14.66	14.98	14.66	14.75	1185073	66569052.00
2016/10/12	14.68	15.17	14.61	14.99	1531590	86703376.00
2016/10/13	14.93	15.03	14.56	14.78	1018180	57196684.00
2016/10/14	14.78	15.17	14.58	15.07	1398900	79536632.00
2016/10/17	15.05	15.07	14.56	14.63	1231878	69290144.00
2016/10/18	14.61	15.01	14.61	14.99	1131683	63692564.00
2016/10/19	15.00	15.25	14.91	15.00	1288464	73477952.00
2016/10/20	14.99	15.43	14.83	15.36	2168137	124933072.00
2016/10/21	15.31	15.31	14.92	15.17	1875727	107454344.00
2016/10/24	15.17	15.29	15.04	15.21	1370056	78909016.00
2016/10/25	15.15	15.51	15.13	15.37	1898573	110265384.00
2016/10/26	15.31	15.35	14.96	15.01	1645927	94253592.00
2016/10/27	15.01	15.09	14.96	15.04	1082313	61663712.00
2016/10/28	14.99	15.27	14.74	14.79	1609607	91875616.00
2016/10/31	14.70	14.77	14.27	14.53	1366352	74996512.00
2016/11/01	14.60	15.28	14.58	15.15	2207965	125962976.00
2016/11/02	15.10	15.51	15.04	15.07	2076346	120349680.00
2016/11/03	15.00	15.54	14.97	15.19	2623185	152237664.00
2016/11/04	15.22	16.06	15.22	15.72	4186800	248707728.00
2016/11/07	15.73	15.80	15.35	15.47	2682226	157330720.00
2016/11/08	15.57	15.61	15.25	15.46	2051099	119837008.00
2016/11/09	15.31	15.42	14.51	15.01	3163719	180664480.00
2016/11/10	15.12	15.69	15.12	15.54	3459405	201636720.00
2016/11/11	15.51	15.97	15.39	15.92	4623898	276971072.00
2016/11/14	16.01	16.36	15.60	15.89	3387150	205222896.00
2016/11/15	15.81	16.37	15.59	16.26	3183485	191853152.00
2016/11/16	16.26	16.98	15.80	15.91	4540996	283732064.00
2016/11/17	15.74	16.28	15.39	16.28	3087093	184784768.00
2016/11/18	16.13	17.00	16.13	16.74	4990360	315640128.00
2016/11/21	16.90	17.97	16.59	17.57	6087889	401126560.00
2016/11/22	17.36	17.75	17.06	17.59	4593235	302182208.00
2016/11/23	17.38	17.57	17.00	17.04	3028293	197178336.00
2016/11/24	16.92	17.15	16.51	16.55	2602099	165543968.00
2016/11/25	16.55	17.39	15.97	17.29	3328844	210976624.00
2016/11/28	17.19	17.35	16.51	16.63	2079966	133618280.00
2016/11/29	16.51	16.63	15.96	15.96	2130696	131590824.00
2016/11/30	15.81	16.37	15.73	15.95	1559024	94796360.00
2016/12/01	15.95	16.31	15.78	15.89	1399668	84836960.00
2016/12/02	15.89	15.96	15.04	15.04	2397596	140481264.00
2016/12/05	15.00	15.24	14.67	14.99	1203867	68358080.00
2016/12/06	15.05	15.17	14.91	15.01	764400	43612720.00
2016/12/07	14.92	15.15	14.52	14.85	1678422	93812056.00
2016/12/08	14.79	14.97	14.54	14.55	1179195	65877972.00
2016/12/09	14.51	14.64	14.06	14.13	1441297	78103488.00
2016/12/12	14.18	14.23	12.77	12.80	1850810	94941088.00
2016/12/13	12.89	12.94	12.51	12.80	1191542	57665380.00
2016/12/14	12.72	12.93	12.64	12.64	867356	42095276.00
2016/12/15	12.69	13.06	12.64	12.88	948878	46502544.00
2016/12/16	12.88	13.17	12.83	13.07	713323	35322308.00
2016/12/19	13.06	13.06	12.81	12.91	598735	29325270.00
2016/12/20	12.91	13.09	12.88	13.00	483801	23853078.00
2016/12/21	13.09	13.50	13.01	13.49	1274521	64445728.00
2016/12/22	13.56	13.57	13.25	13.29	677191	34226128.00
2016/12/23	13.33	13.33	12.78	12.86	714139	35360564.00
2016/12/26	12.77	13.14	12.59	13.09	619258	30170242.00
2016/12/27	13.02	13.17	12.91	12.93	491876	24296802.00
2016/12/28	12.93	13.04	12.77	12.83	482304	23641632.00
2016/12/29	12.87	12.96	12.71	12.73	351207	17132806.00
2016/12/30	12.82	12.87	12.69	12.75	338038	16404606.00
2017/01/03	12.79	13.02	12.79	12.93	362477	17788006.00
2017/01/04	12.94	13.16	12.88	13.15	782611	38750992.00
2017/01/05	13.27	13.27	12.93	12.94	536301	26589020.00
2017/01/06	12.93	12.96	12.53	12.53	699040	33676516.00
2017/01/09	12.52	12.66	12.48	12.58	696915	33238916.00
2017/01/10	12.58	12.82	12.51	12.74	621624	29980676.00
2017/01/11	12.48	12.48	11.45	11.45	2673647	118085856.00
2017/01/12	11.48	11.63	11.14	11.27	1114772	48284248.00
2017/01/13	11.13	11.41	10.13	10.31	2240905	90162312.00
2017/01/16	10.29	10.29	9.31	9.48	1604917	60122688.00
2017/01/17	9.52	10.13	9.43	9.97	1456997	54174060.00
2017/01/18	9.95	9.99	9.57	9.66	1009050	37501036.00
2017/01/19	9.55	9.87	9.48	9.73	760657	28206070.00
2017/01/20	9.65	10.07	9.60	9.98	1043708	39574752.00
2017/01/23	9.98	10.21	9.98	10.05	812660	31288770.00
2017/01/24	9.94	10.15	9.71	9.96	717366	27125410.00
2017/01/25	9.94	10.15	9.85	10.06	851481	32590138.00
2017/01/26	10.19	10.21	10.11	10.15	519296	20084498.00
2017/02/03	10.21	10.24	10.01	10.06	487925	18795002.00
2017/02/06	10.07	10.37	10.06	10.25	801987	31147978.00
2017/02/07	10.25	10.29	10.12	10.18	640116	24861904.00
2017/02/08	10.13	10.32	10.05	10.32	694752	26986182.00
2017/02/09	10.35	10.54	10.29	10.48	1005913	39903152.00
2017/02/10	11.54	11.54	11.54	11.54	660014	28968014.00
2017/02/13	11.84	12.47	11.39	12.05	5316705	240788640.00
2017/02/14	11.97	11.97	11.65	11.74	3096182	138858880.00
2017/02/15	11.80	12.28	11.63	11.84	3606499	164077568.00
2017/02/16	11.70	11.97	11.61	11.80	1794827	80376576.00
2017/02/17	11.73	11.76	11.22	11.24	1752948	76293784.00
2017/02/20	11.05	11.17	10.79	11.09	1421167	59167352.00
2017/02/21	11.17	12.22	11.11	12.22	4153357	187843360.00
2017/02/22	12.37	12.48	11.94	12.21	4487574	208264752.00
2017/02/23	12.37	12.82	12.21	12.55	4558567	217223440.00
2017/02/24	12.43	12.90	12.39	12.48	3303826	158463856.00
2017/02/27	12.39	12.54	11.97	11.99	2380763	109382008.00
2017/02/28	11.94	12.24	11.84	12.03	1463931	67177456.00
2017/03/01	12.03	12.35	11.98	12.13	2219063	103006088.00
2017/03/02	12.11	12.17	11.87	11.87	1537146	69953160.00
2017/03/03	11.79	12.47	11.68	12.43	2914891	135424592.00
2017/03/06	12.52	12.58	12.32	12.52	2599042	122938336.00
2017/03/07	12.49	12.72	12.38	12.59	1953244	93006064.00
2017/03/08	12.61	12.77	12.53	12.67	1863968	89501352.00
2017/03/09	12.69	12.93	12.64	12.93	2898953	140733872.00
2017/03/10	13.28	13.41	12.93	13.05	5327002	266505920.00
2017/03/13	12.88	12.89	12.51	12.82	2782068	134312368.00
2017/03/14	12.75	13.06	12.71	12.75	2021981	99007136.00
2017/03/15	12.69	12.79	12.54	12.64	1569633	75377960.00
2017/03/16	12.75	12.95	12.67	12.85	1789842	87190872.00
2017/03/17	12.85	13.09	12.74	12.81	2227933	108989000.00
2017/03/20	12.64	12.72	12.28	12.53	2234264	106202688.00
2017/03/21	12.60	12.60	12.41	12.55	1289012	61206532.00
2017/03/22	12.48	12.53	12.27	12.47	1144657	53975132.00
2017/03/23	12.49	13.03	12.47	12.73	3040664	147042112.00
2017/03/24	12.67	12.96	12.55	12.59	1795246	86806992.00
2017/03/27	12.58	12.77	12.40	12.40	1208306	57873068.00
2017/03/28	12.37	12.57	12.27	12.37	999665	47047632.00
2017/03/29	12.37	12.50	12.24	12.24	1067495	50103320.00
2017/03/30	12.25	12.25	11.00	11.00	3038283	130580424.00
2017/03/31	11.00	11.28	10.91	11.03	1099816	46316888.00
2017/04/05	11.05	11.44	11.04	11.34	834710	35856468.00
2017/04/06	11.41	11.45	11.31	11.36	668236	28928436.00
2017/04/07	11.36	11.36	10.99	11.07	781053	33175518.00
2017/04/10	10.99	10.99	10.01	10.11	1758326	68864096.00
2017/04/11	10.13	10.63	10.11	10.61	1378408	54807532.00
2017/04/12	10.67	10.72	10.32	10.41	709231	28331022.00
2017/04/13	10.37	10.63	10.35	10.53	652535	26191816.00
2017/04/14	10.51	11.04	10.45	10.87	1502844	61806916.00
2017/04/17	10.77	10.77	10.09	10.29	1382415	54185108.00
2017/04/18	10.21	10.21	9.53	9.54	2922423	43413968.00
2017/04/19	9.65	9.76	9.41	9.63	2016305	29465864.00
2017/04/20	9.59	9.71	9.08	9.33	2273570	32265726.00
2017/04/21	9.37	9.53	9.28	9.39	1686975	24146370.00
2017/04/24	9.38	9.47	8.91	8.95	1942625	26595804.00
2017/04/25	8.95	9.18	8.95	9.08	1703295	23413132.00
2017/04/26	9.03	9.68	9.03	9.51	3094908	44525676.00
2017/04/27	9.33	10.00	8.87	9.79	4068524	57873984.00
2017/04/28	9.71	9.81	9.49	9.77	2752200	40218912.00
2017/05/02	9.73	9.77	9.49	9.62	1971827	28825970.00
2017/05/03	9.55	10.59	9.55	10.59	4585612	71538128.00
2017/05/04	10.81	11.36	10.60	10.94	12352680	205203296.00
2017/05/05	10.67	10.75	10.28	10.29	6863111	108863736.00
2017/05/08	10.34	10.43	9.27	9.38	4914967	73786664.00
2017/05/09	9.58	9.88	9.38	9.71	3523810	51340728.00
2017/05/10	9.71	9.86	9.08	9.08	4229869	60927432.00
2017/05/11	8.83	9.08	8.57	8.93	3133127	41888672.00
2017/05/12	8.93	9.11	8.68	8.85	2304858	31132120.00
2017/05/15	8.98	9.11	8.85	8.92	2080583	28306386.00
2017/05/16	8.88	9.51	8.58	9.41	3907571	53695604.00
2017/05/17	9.46	9.68	9.33	9.43	3468412	50186272.00
2017/05/18	9.31	9.73	9.23	9.41	3694213	53524804.00
2017/05/19	9.43	9.51	9.01	9.05	3081431	43194884.00
2017/05/22	9.01	9.35	8.72	8.80	2491818	33978400.00
2017/05/23	8.81	8.87	8.25	8.33	2522348	32961964.00
2017/05/24	8.28	8.51	8.01	8.41	1577857	19956554.00
2017/05/25	8.41	8.61	8.13	8.41	1808679	23043006.00
2017/05/26	8.45	8.60	8.27	8.56	2245429	28872050.00
2017/05/31	8.68	8.81	8.35	8.40	1936295	25397456.00
2017/06/01	8.23	8.31	7.78	7.78	2140150	26190968.00
2017/06/02	7.70	8.00	7.66	7.89	1934595	23112268.00
2017/06/05	8.01	8.07	7.85	7.90	1613545	19505862.00
2017/06/06	7.82	7.97	7.78	7.89	1624865	19519688.00
2017/06/07	7.89	8.47	7.87	8.33	3429335	42837440.00
2017/06/08	8.30	9.18	8.30	9.18	3275267	44462528.00
2017/06/09	9.28	9.67	8.93	9.06	11334357	161451504.00
2017/06/12	9.14	9.15	8.52	8.53	5145504	68128728.00
2017/06/13	8.56	9.05	8.53	8.68	4417484	59155856.00
2017/06/14	8.71	8.87	8.55	8.78	3423988	45417768.00
2017/06/15	8.71	9.19	8.65	9.19	5445017	74830536.00
2017/06/16	9.21	9.33	8.95	8.97	3456055	47574676.00
2017/06/19	8.98	9.07	8.83	9.07	1846500	25119786.00
2017/06/20	9.05	9.19	8.91	8.93	2508420	34580368.00
2017/06/21	9.01	9.08	8.75	8.98	2044882	27549050.00
2017/06/22	8.97	8.98	8.62	8.64	2051796	27431996.00
2017/06/23	8.71	8.74	8.35	8.65	2142140	27878828.00
2017/06/26	8.58	8.70	8.43	8.67	1750712	22839082.00
2017/06/27	8.62	8.77	8.61	8.66	1475022	19459954.00
2017/06/28	8.58	8.61	8.38	8.45	1781277	22940528.00
2017/06/29	8.41	8.63	8.41	8.51	1274452	16513536.00
2017/06/30	8.45	8.61	8.21	8.49	2055268	26372616.00
2017/07/03	8.52	8.65	8.48	8.61	1413805	18423582.00
2017/07/04	8.60	8.67	8.49	8.55	1304952	17045174.00
2017/07/05	8.55	8.84	8.51	8.82	2904084	38393592.00
2017/07/06	8.81	9.04	8.69	8.85	3429637	46261028.00
2017/07/07	8.84	8.93	8.78	8.89	2626772	35446012.00
2017/07/10	8.80	8.88	8.59	8.62	2723695	36091572.00
2017/07/11	8.61	8.69	8.38	8.38	1706402	22189826.00
2017/07/12	8.43	8.51	8.20	8.39	2094738	26496112.00
2017/07/13	8.38	8.39	8.26	8.29	1083025	13687608.00
2017/07/14	8.29	8.34	8.17	8.26	1397157	17514944.00
2017/07/17	8.21	8.21	7.55	7.55	2408950	28442828.00
2017/07/18	7.52	7.77	7.52	7.67	1443350	16775226.00
2017/07/19	7.71	7.73	7.51	7.65	1548451	17912166.00
2017/07/20	7.65	7.98	7.65	7.68	1806220	21462438.00
2017/07/21	7.65	7.78	7.55	7.66	1656199	19271460.00
2017/07/24	7.66	7.79	7.61	7.75	1432200	16818414.00
2017/07/25	7.71	7.80	7.67	7.77	1322603	15610572.00
2017/07/26	7.78	7.85	7.60	7.68	1117450	13124972.00
2017/07/27	7.63	8.07	7.63	7.99	2800380	33622412.00
2017/07/28	8.00	8.05	7.81	7.82	1781558	21431236.00
2017/07/31	7.87	7.90	7.77	7.82	1262638	15069504.00
2017/08/01	7.87	7.87	7.76	7.84	1183400	14049850.00
2017/08/02	7.84	7.85	7.69	7.69	1308250	15432638.00
2017/08/03	7.68	7.93	7.65	7.83	1700850	20228988.00
2017/08/04	7.83	7.87	7.77	7.77	1155350	13732718.00
2017/08/07	7.75	7.86	7.75	7.81	1052752	12521179.00
2017/08/08	7.79	7.90	7.69	7.90	1466152	17450872.00
2017/08/09	7.83	7.89	7.80	7.83	1364472	16292278.00
2017/08/10	7.83	7.89	7.75	7.77	1557372	18536256.00
2017/08/11	7.75	7.75	7.62	7.63	1217000	14239615.00
2017/08/14	7.59	7.89	7.59	7.87	1761300	21000886.00
2017/08/15	7.88	7.91	7.80	7.89	1971750	23546276.00
2017/08/16	7.90	8.69	7.84	8.69	3588597	46013588.00
2017/08/17	8.99	9.33	8.81	9.07	14899834	205496736.00
2017/08/18	8.89	9.48	8.85	9.30	10105814	140015072.00
2017/08/21	9.38	9.38	9.01	9.10	6576140	91073184.00
2017/08/22	9.06	9.31	8.87	8.97	5412719	74569240.00
2017/08/23	8.93	9.00	8.73	8.91	4519800	60733512.00
2017/08/24	8.85	8.93	8.69	8.71	3419893	45660168.00
2017/08/25	8.55	8.68	8.37	8.61	6366119	82430384.00
2017/08/28	8.59	9.13	8.49	8.93	5805703	77811864.00
2017/08/29	8.86	8.86	8.69	8.72	3623450	48280060.00
2017/08/30	8.72	8.73	8.55	8.61	2466553	32345642.00
2017/08/31	8.59	8.69	8.55	8.67	2958203	38846324.00
2017/09/01	8.67	8.89	8.61	8.83	4332180	57555932.00
2017/09/04	8.95	9.33	8.95	9.25	8887634	123746824.00
2017/09/05	9.36	9.66	9.01	9.12	9323086	132078232.00
2017/09/06	9.03	10.05	8.81	10.05	10902855	155125280.00
2017/09/07	10.41	11.07	10.37	11.07	30246902	500007552.00
2017/09/08	10.68	10.75	10.24	10.53	21654298	344297504.00
2017/09/11	10.34	10.51	10.18	10.41	11531280	180733360.00
2017/09/12	10.48	11.47	10.27	11.47	22242829	365294016.00
2017/09/13	11.07	11.33	10.68	10.94	17878583	298374176.00
2017/09/14	10.88	11.67	10.75	11.16	17581890	299015200.00
2017/09/15	10.95	11.15	10.48	10.51	10553842	171831984.00
2017/09/18	10.68	11.23	10.53	11.23	14077944	234828528.00
2017/09/19	11.25	12.04	11.05	11.09	18637472	324275072.00
2017/09/20	11.21	12.00	11.21	11.80	18408369	323344032.00
2017/09/21	11.83	11.83	11.23	11.29	12760197	221581488.00
2017/09/22	11.10	11.11	10.67	10.85	8914954	146857888.00
2017/09/25	10.89	11.01	10.56	10.61	5613383	91310352.00
2017/09/26	10.61	10.93	10.45	10.91	5528637	89397504.00
2017/09/27	10.85	11.45	10.68	11.27	8914050	149960944.00
2017/09/28	11.24	11.53	10.89	10.92	8336185	142369056.00
2017/09/29	11.03	11.47	10.79	11.33	7799341	131772760.00
2017/10/09	11.55	11.78	11.25	11.51	8833013	153806048.00
2017/10/10	11.43	11.43	11.22	11.33	5657001	96907792.00
2017/10/11	11.35	11.35	10.56	10.56	8281727	136793744.00
2017/10/12	10.56	10.87	10.48	10.71	3884349	63056436.00
2017/10/13	10.68	10.75	10.61	10.68	2320850	37552968.00
2017/10/16	10.62	10.67	10.05	10.09	4815055	75186056.00
2017/10/17	10.06	10.23	10.06	10.13	1800600	27744288.00
2017/10/18	10.17	10.43	10.05	10.08	3026030	47153360.00
2017/10/19	10.01	10.04	9.61	9.97	3457993	51507940.00
2017/10/20	10.01	10.29	9.95	10.25	2954083	45411500.00
2017/10/23	10.19	10.37	10.11	10.28	1853143	28780256.00
2017/10/24	10.24	10.24	9.89	10.14	2140439	32621448.00
2017/10/25	10.09	10.25	10.05	10.20	1500939	23157312.00
2017/10/26	10.25	10.45	10.20	10.26	2912600	45663168.00
2017/10/27	10.25	10.29	9.94	9.94	2262850	34477612.00
2017/10/30	9.93	10.08	9.60	9.85	2223550	33279204.00
2017/10/31	9.84	9.99	9.68	9.92	1486349	22274526.00
2017/11/01	9.85	10.38	9.75	10.14	4420299	68489912.00
2017/11/02	10.08	10.15	9.90	9.91	3077647	46599396.00
2017/11/03	9.95	10.63	9.82	10.49	9353994	145890064.00
2017/11/06	10.48	10.99	10.31	10.89	11069710	180696144.00
2017/11/07	10.81	10.99	10.55	10.94	7160100	116684368.00
2017/11/08	10.82	10.86	10.47	10.56	5594262	90808944.00
2017/11/09	10.57	11.23	10.35	11.23	11475992	189611552.00
2017/11/10	11.23	11.67	10.97	11.01	13780647	235763504.00
2017/11/13	10.99	11.45	10.75	11.36	10129704	170673328.00
2017/11/14	11.15	11.30	10.81	10.83	7555657	125946000.00
2017/11/15	10.73	11.21	10.57	10.88	5095500	84371488.00
2017/11/16	10.76	10.91	10.55	10.58	4522383	73413840.00
2017/11/17	10.35	10.57	9.51	9.51	8489243	126490792.00
2017/11/20	9.41	9.57	8.75	9.54	4387300	61449224.00
2017/11/21	9.56	9.79	9.17	9.38	4078800	58438760.00
2017/11/22	9.31	10.00	9.21	9.71	5710894	84252624.00
2017/11/23	9.59	9.95	9.45	9.58	5032270	74263544.00
2017/11/24	9.51	9.91	9.45	9.56	3674400	54160712.00
2017/11/27	9.42	9.48	8.80	8.80	4749968	65773456.00
2017/11/28	8.78	9.31	8.75	9.27	3351350	46260900.00
2017/11/29	9.24	9.45	9.05	9.22	2734780	38351988.00
2017/11/30	9.20	9.67	9.12	9.39	4442118	63786124.00
2017/12/01	9.55	9.77	9.39	9.72	4445320	65079136.00
2017/12/04	9.70	9.71	9.25	9.38	3775450	54277156.00
2017/12/05	8.98	9.04	8.55	8.55	5953350	79577216.00
2017/12/06	8.55	8.95	8.45	8.92	3944600	52613096.00
2017/12/07	8.87	9.14	8.78	8.89	3353283	45829568.00
2017/12/08	8.86	9.79	8.86	9.79	7959150	115612432.00
2017/12/11	9.83	10.08	9.61	9.90	9899740	147717920.00
2017/12/12	9.89	10.08	9.78	9.81	7589629	114480296.00
2017/12/13	9.77	10.41	9.77	10.07	8822249	135656784.00
2017/12/14	10.06	10.35	9.95	10.12	8182431	125667120.00
2017/12/15	10.00	10.30	9.79	10.15	7575700	115712768.00
2017/12/18	10.08	10.10	9.57	9.77	5144425	76547800.00
2017/12/19	9.86	10.65	9.86	10.53	12454870	195827808.00
2017/12/20	10.28	10.55	10.05	10.19	10355552	161783472.00
2017/12/21	10.19	10.39	10.09	10.27	7249277	112975704.00
2017/12/22	10.17	10.27	9.75	9.81	7263824	109082440.00
2017/12/25	9.77	9.85	9.15	9.26	5529405	78758192.00
2017/12/26	9.18	9.37	9.01	9.27	3982700	55825544.00
2017/12/27	9.32	9.41	9.09	9.09	3117849	43617276.00
2017/12/28	9.08	9.25	8.98	9.09	2987816	41309888.00
2017/12/29	9.08	9.39	9.01	9.27	3700099	52021004.00
2018/01/02	9.31	9.34	9.10	9.31	3002966	42065096.00
2018/01/03	9.31	9.47	9.18	9.38	3255252	46129620.00
2018/01/04	9.35	9.47	9.27	9.32	3673900	52199176.00
2018/01/05	9.27	9.33	9.09	9.16	3507227	48935996.00
2018/01/08	9.16	9.18	8.88	9.11	3089600	42265808.00
2018/01/09	9.08	9.21	9.08	9.20	2193386	30508356.00
2018/01/10	9.13	9.27	8.93	9.11	1985481	27389900.00
2018/01/11	9.11	9.27	8.85	9.19	3322423	45992032.00
2018/01/12	9.15	9.25	8.93	8.93	2643843	36389360.00
2018/01/15	8.91	8.91	8.49	8.55	3414327	44852360.00
2018/01/16	8.55	8.67	8.50	8.63	1582006	20707444.00
2018/01/17	8.63	8.98	8.48	8.81	2558249	34062180.00
2018/01/18	8.78	8.87	8.61	8.68	1644272	21822392.00
2018/01/19	8.68	8.88	8.62	8.65	1332039	17699044.00
2018/01/22	8.73	8.73	8.27	8.61	2213310	28617182.00
2018/01/23	8.61	8.67	8.45	8.47	1753402	22713478.00
2018/01/24	8.51	8.75	8.38	8.75	2613251	34195140.00
2018/01/25	8.72	8.87	8.55	8.56	2465402	32728518.00
2018/01/26	8.55	8.65	8.47	8.49	1580870	20568282.00
2018/01/29	8.55	8.63	8.39	8.48	1286050	16612844.00
2018/01/30	8.39	8.51	8.33	8.40	1417870	18110690.00
2018/01/31	8.39	8.40	7.80	7.96	2642899	32472490.00
2018/02/01	7.96	8.05	7.55	7.66	1943374	22914034.00
2018/02/02	7.61	7.72	7.31	7.51	1598450	18324796.00
2018/02/05	7.31	7.53	7.28	7.51	1286400	14612983.00
2018/02/06	7.38	7.47	6.95	6.95	1790851	19742468.00
2018/02/07	7.05	7.21	6.79	7.07	1643201	17662058.00
2018/02/08	6.97	7.37	6.97	7.37	1618551	17907872.00
2018/02/09	7.21	7.29	6.98	7.18	1789800	19574300.00
2018/02/12	7.20	7.47	7.20	7.33	1114374	12497701.00
2018/02/13	7.41	7.41	7.21	7.22	1112774	12364576.00
2018/02/14	7.28	7.31	7.18	7.29	755300	8333347.00
2018/02/22	7.31	7.47	7.30	7.42	1273303	14375102.00
2018/02/23	7.45	7.45	7.31	7.41	801650	9005086.00
2018/02/26	7.42	7.76	7.40	7.70	3509920	40776724.00
2018/02/27	7.71	7.86	7.62	7.71	2729850	32208440.00
2018/02/28	7.65	7.83	7.52	7.68	1987200	23302142.00
2018/03/01	7.69	8.08	7.62	7.97	3544084	42577492.00
2018/03/02	7.91	8.21	7.83	7.88	2954900	36044948.00
2018/03/05	7.87	8.15	7.82	8.11	2548100	30989332.00
2018/03/06	8.05	8.38	7.97	8.11	4069524	50674092.00
2018/03/07	8.05	8.13	7.92	7.99	2570524	31339916.00
2018/03/08	7.91	8.04	7.87	7.97	1655575	20030008.00
2018/03/09	7.96	8.29	7.96	8.21	4054400	50493280.00
2018/03/12	8.33	8.62	8.31	8.37	4945665	63644104.00
2018/03/13	8.31	8.73	8.28	8.52	5369933	69544616.00
2018/03/14	8.41	8.52	8.30	8.32	2805750	35790160.00
2018/03/15	8.28	8.37	7.81	8.15	3516700	43286344.00
2018/03/16	8.09	8.18	8.01	8.03	1739650	21379394.00
2018/03/19	8.03	8.23	7.99	8.13	1733615	21501360.00
2018/03/20	8.07	8.09	7.95	8.09	2020850	24691086.00
2018/03/21	8.11	8.40	8.09	8.15	3148839	39570900.00
2018/03/22	8.13	8.27	8.08	8.11	2289927	28462946.00
2018/03/23	7.81	7.90	7.29	7.29	4245375	48917232.00
2018/03/26	7.28	7.53	6.99	7.50	2647822	29859504.00
2018/03/27	7.61	7.89	7.61	7.81	3277169	38773096.00
2018/03/28	7.73	8.60	7.65	8.27	8223924	103968624.00
2018/03/29	8.27	8.45	8.08	8.26	4888248	61478632.00
2018/03/30	8.35	9.10	8.27	9.10	8367475	111448872.00
2018/04/02	10.01	10.02	10.01	10.02	5067094	77059792.00
2018/04/03	10.47	10.53	9.66	9.87	26610846	409203392.00
2018/04/04	9.71	9.99	9.25	9.27	17182905	249739824.00
2018/04/09	9.14	9.47	8.95	9.19	10457135	146342384.00
2018/04/10	9.33	9.39	8.96	9.33	10903850	152208128.00
2018/04/11	9.29	9.47	9.13	9.17	8188395	115858064.00
2018/04/12	9.24	9.24	8.86	8.88	7722306	106379888.00
2018/04/13	8.93	9.04	8.81	8.90	4944357	67239536.00
2018/04/16	9.00	9.11	8.82	9.10	5838339	80003368.00
2018/04/17	9.17	9.31	8.89	8.95	7409076	102477672.00
2018/04/18	9.15	9.85	9.02	9.85	14240592	204633360.00
2018/04/19	9.80	9.97	9.53	9.59	14880533	219928752.00
2018/04/20	9.48	9.93	9.40	9.67	12971906	192020592.00
2018/04/23	9.61	9.64	8.95	9.28	8853218	125356056.00
2018/04/24	9.21	9.74	9.12	9.65	8233325	118633328.00
2018/04/25	9.53	9.96	9.47	9.67	9622295	142353776.00
2018/04/26	9.57	10.07	9.51	9.91	12837532	193052848.00
2018/04/27	10.05	10.21	9.41	9.53	8532325	124874224.00
2018/05/02	9.53	9.53	8.90	9.04	6626591	92045864.00
2018/05/03	9.07	9.23	8.57	9.21	6431650	87168480.00
2018/05/04	9.14	9.46	8.95	9.11	5278100	74240672.00
2018/05/07	9.16	9.31	9.11	9.22	4587041	64206984.00
2018/05/08	9.27	9.27	9.07	9.16	4546291	63144324.00
2018/05/09	9.10	10.09	9.10	9.83	18562107	278443904.00
2018/05/10	9.68	9.92	9.53	9.89	13867491	204040640.00
2018/05/11	9.78	9.81	9.39	9.44	9309492	135193936.00
2018/05/14	9.51	9.68	9.28	9.43	5678184	81954160.00
2018/05/15	9.33	9.49	9.09	9.49	6467801	90890704.00
2018/05/16	9.35	9.51	9.14	9.23	4907133	69510808.00
2018/05/23	9.41	10.16	9.41	9.83	21136103	317580064.00
2018/05/24	9.67	10.48	9.57	10.18	22236421	336735776.00
2018/05/25	9.98	10.06	9.81	9.93	11677902	176144864.00
2018/05/28	9.88	10.47	9.85	10.14	13778051	212805296.00
2018/05/29	10.15	10.33	9.51	9.51	11312434	168041904.00
2018/05/30	9.21	9.53	8.62	8.76	8110316	113193504.00
2018/05/31	8.93	9.00	8.55	8.75	6906775	92251000.00
2018/06/01	8.64	8.74	8.15	8.26	6529620	83492096.00
2018/06/04	8.28	8.53	8.25	8.41	3423000	43685368.00
2018/06/05	8.41	8.69	8.41	8.68	3824470	49816600.00
2018/06/06	8.68	8.78	8.52	8.65	4253200	55901248.00
2018/06/07	8.65	8.80	8.55	8.58	3417900	45090632.00
2018/06/08	8.54	8.75	8.38	8.64	3789701	49353340.00
2018/06/11	8.61	8.61	8.28	8.33	3307750	42381736.00
2018/06/12	8.38	8.43	8.09	8.37	2756884	34768552.00
2018/06/13	8.37	8.53	8.19	8.22	3079150	39296428.00
2018/06/14	8.15	8.33	8.09	8.14	2754250	34334404.00
2018/06/15	8.11	8.21	7.65	7.93	3876925	46580836.00
2018/06/19	7.81	7.93	7.12	7.17	4981602	56423964.00
2018/06/20	7.21	7.51	7.15	7.30	3745102	41793992.00
2018/06/21	7.27	7.41	6.89	6.90	3566950	38747584.00
2018/06/22	6.86	7.19	6.83	7.13	2751949	29779180.00
2018/06/25	7.27	7.33	7.06	7.13	2443450	26804552.00
2018/06/26	6.99	7.47	6.85	7.38	3644847	40493644.00
2018/06/27	7.35	7.51	7.31	7.40	3063750	34599788.00
2018/06/28	7.31	7.55	7.20	7.26	3893552	43975720.00
2018/06/29	7.31	7.75	7.26	7.71	5370726	61730148.00
2018/07/02	7.69	7.71	7.42	7.53	3941925	45545884.00
2018/07/03	7.55	8.01	7.47	7.90	5884400	69643928.00
2018/07/04	7.82	7.86	7.49	7.60	4888150	57132964.00
2018/07/05	7.53	7.73	7.39	7.40	3066250	35130784.00
2018/07/06	7.41	7.79	7.38	7.58	5196601	60166236.00
2018/07/09	7.53	7.80	7.53	7.77	3851550	45178032.00
2018/07/10	7.77	7.79	7.63	7.77	3502020	41195572.00
2018/07/11	7.65	7.65	7.15	7.41	4128950	46716104.00
2018/07/12	7.44	8.17	7.40	8.17	11440555	139563536.00
2018/07/13	8.17	8.17	7.93	7.99	8310855	101840224.00
2018/07/16	8.01	8.19	7.94	8.03	6339300	77916952.00
2018/07/17	7.99	8.12	7.87	8.10	5085600	61860168.00
2018/07/18	8.21	8.53	8.01	8.02	7682150	96729000.00
2018/07/19	7.89	8.04	7.80	7.89	4503950	54099816.00
2018/07/20	7.83	8.09	7.80	8.08	4384000	53505836.00
2018/07/23	7.95	8.27	7.95	8.23	4732556	58775784.00
2018/07/24	7.87	7.98	7.55	7.95	9304851	110089248.00
2018/07/25	7.81	8.07	7.79	7.87	5264299	63469672.00
2018/07/26	7.83	7.89	7.57	7.57	5058555	59145508.00
2018/07/27	7.55	7.63	7.41	7.43	2745503	31338142.00
2018/07/30	7.43	7.47	7.16	7.23	2517400	28044144.00
2018/07/31	7.27	7.36	7.23	7.29	1609550	17949148.00
2018/08/01	7.31	7.47	7.27	7.30	2457438	27619810.00
2018/08/02	7.35	7.39	6.95	7.17	2847600	30930388.00
2018/08/03	7.17	7.21	7.01	7.15	1356824	14750027.00
2018/08/06	7.15	7.18	6.96	7.03	1506576	16257327.00
2018/08/07	7.08	7.22	7.02	7.21	2174271	23694934.00
2018/08/08	7.25	7.25	6.99	7.03	1801250	19513282.00
2018/08/09	7.03	7.53	6.95	7.41	4350855	48832500.00
2018/08/10	7.33	7.44	7.28	7.44	2920050	32838152.00
2018/08/13	7.33	7.64	7.28	7.61	3433182	39189240.00
2018/08/14	7.68	7.69	7.42	7.49	2888450	33182462.00
2018/08/15	7.45	7.53	7.34	7.38	1881301	21310024.00
2018/08/16	7.23	7.53	7.16	7.40	2627751	29676430.00
2018/08/17	7.45	7.57	7.09	7.15	2406450	27010788.00
2018/08/20	6.88	6.88	6.43	6.61	6453725	64803504.00
2018/08/21	6.57	6.63	6.41	6.59	3083240	30785148.00
2018/08/22	6.56	6.64	6.49	6.53	1794800	17987998.00
2018/08/23	6.53	6.65	6.49	6.59	2013083	20265942.00
2018/08/24	6.59	6.62	6.48	6.49	1681500	16763691.00
2018/08/27	6.51	6.73	6.46	6.65	2041747	20678000.00
2018/08/28	6.67	6.73	6.61	6.65	1822750	18555862.00
2018/08/29	6.64	6.71	6.61	6.71	1482950	15097380.00
2018/08/30	6.69	6.69	6.49	6.54	2160040	21681564.00
2018/08/31	6.58	6.58	6.38	6.40	2013700	19822818.00
2018/09/03	6.38	6.38	5.97	6.19	2587850	24311392.00
2018/09/04	6.18	6.31	6.13	6.26	1984750	18863936.00
2018/09/05	6.25	6.45	6.15	6.18	2528040	24446872.00
2018/09/06	6.19	6.41	6.15	6.30	2176850	20973200.00
2018/09/07	6.28	6.37	6.13	6.20	2156550	20607088.00
2018/09/10	6.21	6.21	5.97	5.97	1597200	14878701.00
2018/09/11	5.97	6.07	5.95	6.01	2044250	18789952.00
2018/09/12	6.25	6.62	6.10	6.11	6374300	62046356.00
2018/09/13	6.08	6.18	6.01	6.16	4792200	44594796.00
2018/09/14	6.16	6.16	5.98	6.00	3042500	28134270.00
2018/09/17	6.03	6.04	5.73	5.75	3262900	29107068.00
2018/09/18	5.71	5.83	5.69	5.82	2500050	22146586.00
2018/09/19	5.82	5.98	5.80	5.90	4883302	44148028.00
2018/09/20	5.94	5.97	5.83	5.84	2457100	22145806.00
2018/09/21	5.85	5.97	5.83	5.94	2446850	22080066.00
2018/09/25	5.91	5.98	5.87	5.91	1707701	15482330.00
2018/09/26	5.93	5.97	5.83	5.93	2505800	22643424.00
2018/09/27	6.00	6.53	6.00	6.53	7707650	76002624.00
2018/09/28	6.61	6.94	6.55	6.67	17572502	179072464.00
2018/10/08	6.29	6.32	6.12	6.19	8712402	81951416.00
2018/10/09	6.23	6.25	6.09	6.19	5072002	47273556.00
2018/10/10	6.15	6.81	6.08	6.43	8699252	83910616.00
2018/10/11	6.05	6.20	5.82	6.00	7881782	71399480.00
2018/10/12	5.92	6.51	5.91	6.26	8874855	83127088.00
2018/10/15	6.17	6.41	5.96	6.27	9631682	90557512.00
2018/10/16	6.18	6.31	6.02	6.08	5989636	55666560.00
2018/10/17	6.19	6.69	6.09	6.69	9462515	91413344.00
2018/10/18	6.71	7.00	6.41	6.49	18882242	192862784.00
2018/10/19	6.08	6.94	6.06	6.76	15883767	158142576.00
2018/10/22	6.77	7.20	6.66	7.04	16303709	170659056.00
2018/10/23	6.88	6.96	6.76	6.82	9769850	101345944.00
2018/10/24	6.75	6.88	6.66	6.73	5957100	60675660.00
2018/10/25	6.48	6.71	6.40	6.69	6725000	66366244.00
2018/10/26	6.76	6.93	6.60	6.81	7497200	76632472.00
2018/10/29	6.71	6.82	6.53	6.61	4876650	49199524.00
2018/10/30	6.31	6.59	6.31	6.53	5832195	56819816.00
2018/10/31	6.60	6.72	6.54	6.57	5265445	52736744.00
2018/11/01	6.63	6.79	6.58	6.58	7616300	76946816.00
2018/11/02	6.66	6.73	6.60	6.73	7968770	80462352.00
2018/11/05	6.72	6.91	6.57	6.74	7114500	72221464.00
2018/11/06	6.68	6.68	6.41	6.54	5823150	57262320.00
2018/11/07	6.52	7.06	6.47	6.91	14352931	147278976.00
2018/11/08	6.88	7.00	6.74	6.79	8692450	89686952.00
2018/11/09	6.68	6.98	6.66	6.85	8925075	92687424.00
2018/11/12	6.81	7.01	6.75	6.99	8721774	91177704.00
2018/11/13	6.87	7.01	6.80	6.93	8509550	88780496.00
2018/11/14	6.93	7.06	6.83	6.99	8605475	90277904.00
2018/11/15	6.98	7.05	6.85	7.03	8241756	86759976.00
2018/11/16	6.96	6.99	6.82	6.82	10783800	112397496.00
2018/11/19	6.75	6.81	6.63	6.72	6179526	62610796.00
2018/11/20	6.68	6.81	6.61	6.65	5109399	51931680.00
2018/11/21	6.51	6.65	6.49	6.61	3504550	34847392.00
2018/11/22	6.61	6.67	6.59	6.61	2597450	26005254.00
2018/11/23	6.63	6.64	5.95	5.97	6488300	61201508.00
2018/11/26	5.99	6.06	5.93	5.97	2351000	21317896.00
2018/11/27	6.05	6.23	6.01	6.11	3163499	29191270.00
2018/11/28	6.11	6.39	6.03	6.29	4604051	43256264.00
2018/11/29	6.34	6.39	5.98	5.98	4431250	41373208.00
2018/11/30	5.97	6.09	5.89	6.07	2881625	26168754.00
2018/12/03	6.27	6.34	6.13	6.23	4211571	39779476.00
2018/12/04	6.22	6.27	6.15	6.24	2760088	25966164.00
2018/12/05	6.12	6.23	6.05	6.15	2464200	22889408.00
2018/12/06	6.09	6.25	6.04	6.07	3277750	30401148.00
2018/12/07	6.10	6.23	5.99	6.00	2868700	26458044.00
2018/12/10	5.95	6.08	5.91	5.99	2287600	20761688.00
2018/12/11	6.01	6.14	5.99	6.14	2685450	24675084.00
2018/12/12	6.13	6.27	6.07	6.12	3193900	29782192.00
2018/12/13	6.05	6.23	6.01	6.21	6213300	57613932.00
2018/12/14	6.15	6.17	5.93	5.96	5152500	46951972.00
2018/12/17	5.93	5.96	5.79	5.91	2201250	19551876.00
2018/12/18	5.87	5.91	5.82	5.90	1522924	13521200.00
2018/12/19	5.91	5.95	5.81	5.82	2277774	20324390.00
2018/12/20	5.81	5.91	5.77	5.88	1820349	16108504.00
2018/12/21	5.85	5.96	5.83	5.95	3082701	27596480.00
2018/12/24	5.91	6.21	5.90	6.15	4815551	44315544.00
2018/12/25	6.04	6.39	5.95	6.28	11540638	108482272.00
2018/12/26	6.27	6.30	6.12	6.15	7050000	66038440.00
2018/12/27	6.23	6.39	6.05	6.05	6125574	57835268.00
2018/12/28	6.00	6.12	5.90	6.03	4419250	40317092.00
2019/01/02	6.04	6.30	6.03	6.21	7438892	69710864.00
2019/01/03	6.18	6.26	5.98	5.99	6138150	56500296.00
2019/01/04	5.88	6.15	5.83	6.14	5397725	49243424.00
2019/01/07	6.18	6.37	6.13	6.28	7837700	74297328.00
2019/01/08	6.24	6.37	6.21	6.24	5903073	56153236.00
2019/01/09	6.21	6.52	6.20	6.35	10388758	100496120.00
2019/01/10	6.31	6.47	6.21	6.45	8336085	80244328.00
2019/01/11	6.45	6.60	6.39	6.41	8868974	86924504.00
2019/01/14	6.36	6.67	6.31	6.61	10383584	101885392.00
2019/01/15	6.53	6.65	6.48	6.61	7184459	71281456.00
2019/01/16	6.58	6.59	6.39	6.40	6018900	58855640.00
2019/01/17	6.41	6.43	6.21	6.25	4561850	43470448.00
2019/01/18	6.25	6.35	6.15	6.35	3824875	36136660.00
2019/01/21	6.37	6.52	6.31	6.49	6087750	59311368.00
2019/01/22	6.48	6.53	6.39	6.51	3745439	36453320.00
2019/01/23	6.67	6.71	6.37	6.38	10918948	107907784.00
2019/01/24	6.39	6.59	5.91	6.49	12195848	116360112.00
2019/01/25	6.58	6.95	6.53	6.55	15259398	153976400.00
2019/01/28	6.41	7.05	6.22	6.69	13757559	137283600.00
2019/01/29	6.57	6.59	6.17	6.19	9928699	95352592.00
2019/01/30	6.09	6.17	5.85	5.87	6685600	60856188.00
2019/01/31	5.82	5.97	5.62	5.63	4646200	40680388.00
2019/02/01	5.70	5.81	5.65	5.80	3053950	26564520.00
2019/02/11	5.83	6.05	5.83	5.98	3491825	31532702.00
2019/02/12	5.96	6.09	5.96	6.01	3977100	36182048.00
2019/02/13	6.04	6.30	5.95	6.23	7225179	67502792.00
2019/02/14	6.21	6.27	6.12	6.17	4849450	45370216.00
2019/02/15	6.15	6.48	6.13	6.48	9130308	87666088.00
2019/02/18	6.61	7.13	6.43	7.13	14527649	149026720.00
2019/02/19	7.36	7.47	6.94	7.06	17155525	185977648.00
2019/02/20	6.96	7.28	6.80	7.08	13939408	148394528.00
2019/02/21	7.00	7.43	6.88	7.16	15531858	169006496.00
2019/02/22	7.15	7.43	7.15	7.35	13067745	143734880.00
2019/02/25	7.41	7.68	7.27	7.61	19265872	217316480.00
2019/02/26	7.55	7.63	7.34	7.40	17534473	198052352.00
2019/02/27	7.35	7.48	7.07	7.20	12663010	138970256.00
2019/02/28	7.10	7.23	7.05	7.13	6517450	70132672.00
2019/03/01	7.11	7.16	6.93	7.08	6444100	68586248.00
2019/03/04	7.08	7.39	7.07	7.18	10080840	110334320.00
2019/03/05	7.21	7.55	7.14	7.55	15538099	173161616.00
2019/03/06	7.54	8.31	7.34	7.83	20036328	233049216.00
2019/03/07	7.79	8.39	7.62	8.38	25852226	312903872.00
2019/03/08	8.97	9.05	7.96	8.02	29194898	380304992.00
2019/03/11	8.19	8.53	8.01	8.29	17594155	217861408.00
2019/03/12	8.32	8.38	8.06	8.35	18205155	226426672.00
2019/03/13	8.30	8.30	7.79	7.87	13369721	162657952.00
2019/03/14	7.81	7.83	7.28	7.43	10144900	115192792.00
2019/03/15	7.49	7.65	7.35	7.51	7452938	84713000.00
2019/03/18	7.52	7.71	7.43	7.69	7432820	84840704.00
2019/03/19	7.41	7.59	7.35	7.48	11070060	124759144.00
2019/03/20	7.47	7.49	7.17	7.38	7639691	84692264.00
2019/03/21	7.41	7.58	7.35	7.53	8811975	99955504.00
2019/03/22	7.53	7.57	7.31	7.49	9002624	101306536.00
2019/03/25	7.35	7.58	7.29	7.47	8679971	98172184.00
2019/03/26	7.53	7.66	7.37	7.45	9472950	107375192.00
2019/03/27	7.47	7.51	7.08	7.31	6417650	70569896.00
2019/03/28	7.29	7.45	7.17	7.20	6439011	71424392.00
2019/03/29	7.15	7.38	6.98	7.36	8379900	91340832.00
2019/04/01	7.41	7.61	7.39	7.61	8562646	97592592.00
2019/04/02	7.61	7.80	7.54	7.66	8891685	103020152.00
2019/04/03	7.57	7.75	7.53	7.74	6888583	79482432.00
2019/04/04	7.77	7.85	7.57	7.67	7183057	83128360.00
2019/04/08	7.67	7.72	7.29	7.33	7674600	86635008.00
2019/04/09	7.33	7.57	7.32	7.53	5500300	61906612.00
2019/04/10	7.45	7.47	7.35	7.39	4325050	48312160.00
2019/04/11	7.39	7.43	7.18	7.18	4781064	52732980.00
2019/04/12	7.21	7.33	7.16	7.31	2951950	32231872.00
2019/04/15	7.39	7.51	7.27	7.30	5125900	57383056.00
2019/04/16	7.27	7.71	7.15	7.69	10909018	123943184.00
2019/04/17	7.74	8.14	7.60	8.05	21422631	253809600.00
2019/04/18	7.70	7.91	7.67	7.72	14446554	169749056.00
2019/04/19	7.68	7.79	7.51	7.75	8668440	100315784.00
2019/04/22	7.77	7.89	7.54	7.59	8098113	94569264.00
2019/04/23	7.55	7.55	7.28	7.31	6247816	69733528.00
2019/04/24	7.33	7.49	7.30	7.47	5275460	59025564.00
2019/04/25	7.41	7.73	7.29	7.31	10471900	119406360.00
2019/04/26	7.26	7.80	7.26	7.62	13905634	160301744.00
2019/04/29	7.50	7.63	6.85	6.85	13660350	145990288.00
2019/04/30	6.76	6.95	6.59	6.71	6378606	65344248.00
2019/05/06	6.53	6.53	6.04	6.04	6843152	64501560.00
2019/05/07	6.07	6.20	6.02	6.15	4257450	39445536.00
2019/05/08	6.01	6.43	5.93	6.19	5389250	50902480.00
2019/05/09	6.28	6.78	6.25	6.42	8194666	80686704.00
2019/05/10	6.39	6.80	6.27	6.72	13621250	135869232.00
2019/05/13	6.58	6.79	6.55	6.59	7300150	73458096.00
2019/05/14	6.45	6.87	6.45	6.73	8916150	90447568.00
2019/05/15	6.83	6.95	6.68	6.87	7913300	81668608.00
2019/05/16	6.83	6.95	6.77	6.91	6324563	65653144.00
2019/05/17	6.88	7.60	6.88	7.60	28771018	324842528.00
2019/05/20	7.98	8.20	7.48	7.64	31367681	373373792.00
2019/05/21	7.47	7.75	7.28	7.50	19865393	224383968.00
2019/05/22	7.52	8.01	7.40	7.71	22158756	258334912.00
2019/05/23	8.15	8.49	8.15	8.49	23352730	298218560.00
2019/05/24	8.49	8.79	7.64	7.64	32402509	396704480.00
2019/05/27	7.31	8.41	7.31	8.41	34821561	423507104.00
2019/05/28	8.57	9.25	8.22	8.83	57245211	760332800.00
2019/05/29	8.63	9.28	8.51	8.97	44886549	600852736.00
2019/05/30	8.68	8.85	8.07	8.46	53195383	444255680.00
2019/05/31	8.31	9.31	8.27	8.52	58064260	508537984.00
2019/06/03	8.22	8.80	7.80	8.55	53140435	436918144.00
2019/06/04	8.38	9.41	8.30	8.94	87461574	786555072.00
2019/06/05	8.60	9.65	8.46	9.12	76945822	692258048.00
2019/06/06	8.70	8.76	8.21	8.21	45114146	374356768.00
2019/06/10	8.03	8.41	8.03	8.08	33239646	272735040.00
2019/06/11	8.00	8.29	7.51	8.29	46761291	370700640.00
2019/06/12	8.13	8.96	8.10	8.66	61041004	520949248.00
2019/06/13	8.55	8.87	8.30	8.43	37830420	321412032.00
2019/06/14	8.37	8.80	7.94	7.97	36484645	304717504.00
2019/06/17	7.94	8.07	7.77	8.05	19207459	152539856.00
2019/06/18	8.01	8.09	7.61	7.70	22856932	178572864.00
2019/06/19	7.98	8.14	7.78	7.85	26566263	211090160.00
2019/06/20	7.85	8.01	7.72	7.92	21395829	168704112.00
2019/06/21	8.10	8.28	7.95	8.04	26519750	214675040.00
2019/06/24	8.03	8.08	7.80	7.85	19793500	156442912.00
2019/06/25	7.88	7.90	7.60	7.68	16344019	125632960.00
2019/06/26	7.64	7.77	7.51	7.53	16044441	122479784.00
2019/06/27	7.60	7.83	7.56	7.80	20872734	161217408.00
2019/06/28	7.79	7.79	7.25	7.39	21665396	161957872.00
2019/07/01	7.60	7.69	7.53	7.65	16793629	128111360.00
2019/07/02	8.00	8.29	7.71	7.74	25831069	204421328.00
2019/07/03	7.58	7.69	7.49	7.55	12996425	98427344.00
2019/07/04	7.52	7.59	7.35	7.41	9540350	70973248.00
2019/07/05	7.44	7.58	7.40	7.55	9515425	71706248.00
2019/07/08	7.46	7.48	7.05	7.08	12266475	88470024.00
2019/07/09	7.13	7.18	7.00	7.13	6380725	45378816.00
2019/07/10	7.13	7.25	7.04	7.09	6946994	49629620.00
2019/07/11	7.11	7.18	6.95	7.00	6863075	48524324.00
2019/07/12	7.01	7.04	6.90	6.96	6336219	44145340.00
2019/07/15	6.90	7.09	6.72	7.03	10628244	73324152.00
2019/07/16	7.00	7.15	7.00	7.07	6977450	49265104.00
2019/07/17	7.07	7.26	7.03	7.16	10988200	78928760.00
2019/07/18	7.01	7.07	6.89	6.98	7902900	55278136.00
2019/07/19	6.98	7.11	6.98	7.04	5102750	35985584.00
2019/07/22	7.00	7.05	6.53	6.64	10167778	68862432.00
2019/07/23	6.71	7.14	6.68	7.10	16890078	117281824.00
2019/07/24	7.12	7.20	7.02	7.13	14006000	99727520.00
2019/07/25	7.17	7.26	7.11	7.16	10924525	78308552.00
2019/07/26	7.16	7.16	7.03	7.07	7437050	52653216.00
2019/07/29	7.08	7.23	7.06	7.16	7950300	56780648.00
2019/07/30	7.06	7.11	6.93	7.02	10682745	74963104.00
2019/07/31	6.98	7.15	6.96	7.02	7594050	53584376.00
2019/08/01	6.95	7.05	6.91	7.01	5810021	40628968.00
2019/08/02	6.79	6.90	6.71	6.86	7845158	53572280.00
2019/08/05	6.80	7.00	6.80	6.83	7010638	48459236.00
2019/08/06	6.65	6.68	6.19	6.48	13362014	86104784.00
2019/08/07	6.54	6.57	6.31	6.34	8009297	51694208.00
2019/08/08	6.37	6.50	6.36	6.38	6426100	41223788.00
2019/08/09	6.42	6.54	6.26	6.33	8296250	53298940.00
2019/08/12	6.35	6.52	6.32	6.51	6427836	41245364.00
2019/08/13	6.44	6.57	6.39	6.55	8070645	52464324.00
2019/08/14	6.65	6.69	6.51	6.53	7816072	51658788.00
2019/08/15	6.35	6.57	6.26	6.57	7037300	45115756.00
2019/08/16	6.59	6.73	6.50	6.60	8797750	58177556.00
2019/08/19	6.65	6.94	6.65	6.89	13403068	91076704.00
2019/08/20	7.38	7.38	6.84	6.90	19297575	136048400.00
2019/08/21	6.85	7.03	6.85	6.97	9933225	69017064.00
2019/08/22	6.97	7.04	6.86	6.93	9353300	64810792.00
2019/08/23	6.93	7.03	6.83	6.85	8910139	61695120.00
2019/08/26	6.64	6.81	6.58	6.77	8805916	59111692.00
2019/08/27	6.82	6.95	6.79	6.89	7740424	53264080.00
2019/08/28	6.90	6.96	6.80	6.88	9105077	62570420.00
2019/08/29	6.92	6.95	6.78	6.81	8548699	58786160.00
2019/08/30	6.90	6.93	6.59	6.67	12288566	83478312.00
2019/09/02	6.62	6.89	6.62	6.86	9436738	64075796.00
2019/09/03	6.87	7.08	6.87	7.02	15541268	108691848.00
2019/09/04	7.04	7.14	6.95	7.08	13503677	95292712.00
2019/09/05	7.20	7.37	7.13	7.15	21208250	153110976.00
2019/09/06	7.19	7.38	7.17	7.26	16690390	121190744.00
2019/09/09	7.35	7.99	7.30	7.99	14062028	108983904.00
2019/09/10	8.79	8.79	8.17	8.58	85080814	724742016.00
2019/09/11	8.44	8.47	7.98	8.03	44214495	361741600.00
2019/09/12	8.08	8.35	8.04	8.19	27731199	227918832.00
2019/09/16	8.18	8.29	8.06	8.13	25960617	212209200.00
2019/09/17	8.04	8.04	7.73	7.80	22496921	176616416.00
2019/09/18	7.84	8.10	7.76	8.05	24287049	193500400.00
2019/09/19	8.00	8.05	7.80	8.01	17292238	136786144.00
2019/09/20	7.99	7.99	7.83	7.87	11781811	93251288.00
2019/09/23	7.77	7.99	7.60	7.99	14174833	109612288.00
2019/09/24	7.90	8.08	7.81	7.98	14592318	116046800.00
2019/09/25	7.85	7.86	7.62	7.63	14033900	108287928.00
2019/09/26	7.68	7.75	7.20	7.22	13463758	99562136.00
2019/09/27	7.26	7.43	7.26	7.30	7627979	56048572.00
2019/09/30	7.29	7.40	7.22	7.23	7233825	52881916.00
2019/10/08	7.28	7.35	7.13	7.21	5167929	37478644.00
2019/10/09	7.14	7.34	7.12	7.33	6395167	46550612.00
2019/10/10	7.35	7.41	7.29	7.38	7739402	56952784.00
2019/10/11	7.38	7.43	7.16	7.27	8357346	60876472.00
2019/10/14	7.36	7.47	7.33	7.44	8755522	64906428.00
2019/10/15	7.41	7.55	7.23	7.53	10761900	79694336.00
2019/10/16	7.53	7.64	7.36	7.41	9084842	67975832.00
2019/10/17	7.44	7.47	7.29	7.34	5123894	37690144.00
2019/10/18	7.35	7.44	7.16	7.19	6923485	50356032.00
2019/10/21	7.20	7.28	6.91	7.04	6957364	48808592.00
2019/10/22	7.06	7.24	7.04	7.23	6299912	45052712.00
2019/10/23	7.23	7.43	7.23	7.30	8833835	64847720.00
2019/10/24	7.27	7.39	7.22	7.28	5333145	38904160.00
2019/10/25	7.28	7.40	7.19	7.40	5797191	42367152.00
2019/10/28	7.60	7.63	7.43	7.55	11612839	87466560.00
2019/10/29	7.56	7.56	7.35	7.35	10732751	80012096.00
2019/10/30	7.34	7.64	7.32	7.49	11986840	89823384.00
2019/10/31	7.47	7.54	7.17	7.24	10101302	74165920.00
2019/11/01	7.20	7.96	7.20	7.96	29147259	226356896.00
2019/11/04	7.94	8.18	7.70	8.03	44758269	355768992.00
2019/11/05	7.90	8.14	7.80	8.08	31325908	249790368.00
2019/11/06	8.07	8.36	7.70	7.90	30332227	243678816.00
2019/11/07	7.80	7.94	7.65	7.92	20685083	161594944.00
2019/11/08	7.89	8.27	7.88	8.08	39497995	319643648.00
2019/11/11	8.23	8.46	8.04	8.10	53106695	437435872.00
2019/11/12	7.80	7.82	7.29	7.58	39336444	295033312.00
2019/11/13	7.40	7.56	7.16	7.42	23878806	176362816.00
2019/11/14	7.36	8.16	7.36	8.16	17448974	139050064.00
2019/11/15	8.49	8.79	7.84	7.89	72939285	612353088.00
2019/11/18	7.90	8.50	7.90	8.34	56696993	470513184.00
2019/11/19	8.24	8.44	8.17	8.31	43745231	363281056.00
2019/11/20	8.30	8.80	8.20	8.47	59288915	506584640.00
2019/11/21	8.18	8.67	8.04	8.67	45141609	378813056.00
2019/11/22	8.58	8.64	8.20	8.31	36841542	309764448.00
2019/11/25	8.35	8.38	7.52	7.79	33008236	259958768.00
2019/11/26	7.80	8.57	7.75	8.21	55784886	466619488.00
2019/11/27	8.01	8.72	7.82	8.51	61377728	509486720.00
2019/11/28	8.51	8.72	8.35	8.59	48775895	416972128.00
2019/11/29	8.63	8.79	8.41	8.64	43653610	376782272.00
2019/12/02	8.62	9.27	8.47	9.14	64398611	574802240.00
2019/12/03	8.90	9.19	8.83	9.19	42882965	385247616.00
2019/12/04	9.01	9.15	8.91	9.01	33119021	298589504.00
2019/12/05	9.02	9.45	8.89	8.91	54071681	496524000.00
2019/12/06	8.94	9.80	8.78	9.54	69905949	651470912.00
2019/12/09	9.46	9.94	9.36	9.40	62926463	603906048.00
2019/12/10	9.34	9.90	9.25	9.73	52263648	502711168.00
2019/12/11	9.61	9.72	9.22	9.38	43627840	410944864.00
2019/12/12	9.25	9.90	9.19	9.47	51296933	492282464.00
2019/12/13	9.51	9.57	9.21	9.46	33453608	312862496.00
2019/12/16	9.40	9.86	9.38	9.80	47411488	459538752.00
2019/12/17	9.78	10.15	9.60	9.88	47025749	462030240.00
2019/12/18	9.75	10.38	9.72	9.97	57760050	581195712.00
2019/12/19	9.87	10.14	9.64	9.97	38610693	378849152.00
2019/12/20	9.83	9.92	9.41	9.42	31206115	301022880.00
2019/12/23	9.30	9.30	8.91	8.96	25764105	234200176.00
2019/12/24	9.02	9.13	8.90	9.10	18148159	164111696.00
2019/12/25	9.08	9.43	9.05	9.28	30353228	280453024.00
2019/12/26	9.23	9.28	9.05	9.20	20990895	192028304.00
2019/12/27	9.18	9.25	8.68	8.74	29469432	264826288.00
2019/12/30	8.64	8.82	8.31	8.72	20853421	179097344.00
2019/12/31	8.71	8.88	8.52	8.72	16185039	140405168.00
2020/01/02	8.77	9.00	8.72	8.92	20835197	185423344.00
2020/01/03	8.90	9.00	8.78	8.91	17916257	159256752.00
2020/01/06	8.86	9.04	8.75	8.90	18853218	168016016.00
2020/01/07	8.91	9.02	8.85	8.99	22164097	198386288.00
2020/01/08	8.96	8.96	8.63	8.66	21729759	190242768.00
2020/01/09	8.75	8.97	8.72	8.90	20755657	183550736.00
2020/01/10	8.97	9.08	8.86	9.00	22766079	204383440.00
2020/01/13	9.05	9.15	8.81	9.15	26624299	239659872.00
2020/01/14	9.16	9.22	8.95	8.98	21282379	193297648.00
2020/01/15	8.98	9.06	8.76	9.05	19182744	170461808.00
2020/01/16	9.00	9.15	8.90	9.11	24054333	217376432.00
2020/01/17	9.18	9.44	9.13	9.32	38619984	359217824.00
2020/01/20	9.35	9.65	9.18	9.62	33446398	314921184.00
2020/01/21	9.67	9.67	9.34	9.46	27299916	258802576.00
2020/01/22	9.50	9.98	9.16	9.92	42917335	414913440.00
2020/01/23	9.80	9.87	9.22	9.40	35498956	340476064.00
数据来源:通达信
