300623 捷捷微电 日线 前复权
      日期	    开盘	    最高	    最低	    收盘	    成交量	    成交额
2017/03/14	11.15	13.48	11.15	13.48	7956	310936.25
2017/03/15	14.88	14.88	14.88	14.88	2300	100671.00
2017/03/16	16.41	16.41	16.41	16.41	2300	110745.00
2017/03/17	18.11	18.11	18.11	18.11	8400	444948.00
2017/03/20	19.96	19.96	19.96	19.96	6342	369548.34
2017/03/21	22.01	22.01	22.01	22.01	3904	250246.41
2017/03/22	24.26	24.26	24.26	24.26	11466	808467.69
2017/03/23	26.73	26.73	26.73	26.73	15220	1180463.25
2017/03/24	29.46	29.46	29.46	29.46	16198	1382013.38
2017/03/27	32.45	32.45	32.45	32.45	44620	4187587.00
2017/03/28	35.74	35.74	35.74	35.74	139597	14411994.00
2017/03/29	39.36	39.36	39.36	39.36	499984	56778184.00
2017/03/30	38.12	38.96	35.38	35.64	11279667	1176825088.00
2017/03/31	33.73	34.33	32.02	32.02	7103333	677256512.00
2017/04/05	30.50	31.00	29.40	30.39	5193035	454534976.00
2017/04/06	30.39	31.87	30.06	30.76	4876646	438872832.00
2017/04/07	30.40	31.02	29.27	29.37	4088201	354107584.00
2017/04/10	29.62	29.88	28.17	28.33	4089174	345162944.00
2017/04/11	27.82	28.69	27.20	28.66	4103235	332725792.00
2017/04/12	28.32	28.95	27.60	27.92	2866919	235217440.00
2017/04/13	27.85	28.41	27.59	27.82	1937823	157523312.00
2017/04/14	27.80	27.80	27.04	27.11	1956956	155177200.00
2017/04/17	25.84	25.84	24.35	24.35	3052156	220445952.00
2017/04/18	24.14	24.55	23.34	23.66	2456270	171163696.00
2017/04/19	23.60	24.50	23.42	24.33	2255660	157827840.00
2017/04/20	24.21	24.28	23.38	23.64	1903123	131715600.00
2017/04/21	23.73	23.91	23.23	23.28	1325044	90704464.00
2017/04/24	23.03	24.01	22.61	23.72	2062361	140237632.00
2017/04/25	23.73	24.33	23.58	23.74	1878139	130867848.00
2017/04/26	23.59	24.71	23.56	24.32	2657463	187774112.00
2017/04/27	24.12	25.76	23.92	25.56	3449956	250384272.00
2017/04/28	25.45	25.69	25.07	25.48	1919886	141469936.00
2017/05/02	25.31	25.73	25.06	25.15	1439527	105768208.00
2017/05/03	25.12	25.55	24.39	25.41	2333119	169845680.00
2017/05/04	25.20	25.23	24.42	24.46	1760698	126964416.00
2017/05/05	24.10	24.82	23.98	23.98	1418160	100609328.00
2017/05/08	23.77	24.27	23.45	23.55	1140287	79546760.00
2017/05/09	23.55	24.77	23.46	24.64	2046645	144476784.00
2017/05/10	24.76	25.13	24.32	24.32	1778335	127776816.00
2017/05/11	23.96	25.82	23.82	25.80	3442631	251827072.00
2017/05/12	25.84	26.15	25.31	25.97	2817511	210491328.00
2017/05/15	26.00	26.05	25.41	25.59	1821464	135598704.00
2017/05/16	25.31	26.35	24.96	26.33	2425379	180457280.00
2017/05/17	26.49	26.49	25.68	25.76	2736064	207230912.00
2017/05/18	25.31	25.82	24.98	25.05	1951500	143685152.00
2017/05/19	25.09	25.18	24.48	24.68	1405423	101377568.00
2017/05/22	24.68	24.74	22.17	22.17	3146953	213125104.00
2017/05/23	21.92	22.15	21.06	21.23	2320609	145735088.00
2017/05/24	21.06	21.84	20.93	21.80	1665468	104660640.00
2017/05/25	21.74	22.05	20.92	21.76	1538048	96089016.00
2017/05/26	21.69	22.15	21.52	21.88	1163562	74167856.00
2017/05/31	22.75	23.17	21.88	21.88	1975981	130489776.00
2017/06/01	21.62	21.73	20.74	21.26	1601764	99154792.00
2017/06/02	21.10	22.15	20.92	22.05	1224003	77286152.00
2017/06/05	22.55	22.94	22.31	22.55	1411431	93003136.00
2017/06/06	22.29	22.67	22.22	22.54	934492	61048416.00
2017/06/07	22.61	23.55	22.40	23.37	1919126	129530728.00
2017/06/08	23.45	23.45	22.78	23.24	1663750	111894000.00
2017/06/09	23.10	23.30	22.92	23.21	844389	56827956.00
2017/06/12	22.73	22.78	22.00	22.04	1412513	91855248.00
2017/06/13	21.97	22.92	21.94	22.75	1163152	76482808.00
2017/06/14	22.65	23.44	22.40	23.34	1929151	129641040.00
2017/06/15	23.22	24.04	23.22	23.62	2081594	143417360.00
2017/06/16	23.61	23.79	23.26	23.45	1159848	79155400.00
2017/06/19	23.45	23.66	23.13	23.50	703055	47853360.00
2017/06/20	23.66	23.75	23.48	23.73	1236014	85021840.00
2017/06/21	23.76	23.97	23.42	23.69	1031991	71136464.00
2017/06/22	23.63	23.64	23.17	23.38	1125736	76543568.00
2017/06/23	23.20	23.52	22.30	23.19	1145379	75948088.00
2017/06/26	22.89	23.50	22.89	23.48	725029	48851740.00
2017/06/27	23.49	23.94	23.40	23.51	758509	51920396.00
2017/06/28	23.13	23.45	22.68	22.69	863745	57261512.00
2017/06/29	22.85	23.23	22.76	22.78	704066	46764556.00
2017/06/30	22.66	23.34	22.44	23.20	1042635	69352456.00
2017/07/03	23.48	24.01	23.20	24.01	1903541	130734336.00
2017/07/04	23.99	23.99	23.65	23.91	988378	68186016.00
2017/07/05	23.87	24.66	23.87	24.19	1577013	110851744.00
2017/07/06	24.21	24.82	23.97	24.68	2253017	159174432.00
2017/07/07	24.91	26.29	24.91	26.12	3226396	239563840.00
2017/07/10	25.59	26.28	25.38	25.99	2780591	207605936.00
2017/07/11	25.59	25.59	23.48	23.51	3561326	250463216.00
2017/07/12	23.30	23.97	22.81	23.88	1652281	112058968.00
2017/07/13	23.79	23.86	23.48	23.51	933895	63864520.00
2017/07/14	23.55	23.97	23.32	23.52	1171393	80156992.00
2017/07/17	22.78	22.78	21.13	21.38	2208187	139255792.00
2017/07/18	21.38	22.01	21.30	21.74	822800	51675168.00
2017/07/19	21.66	21.94	21.32	21.82	948342	59515504.00
2017/07/20	21.79	22.18	21.52	21.73	1198900	75835224.00
2017/07/21	21.76	21.86	21.54	21.56	566556	35583368.00
2017/07/24	21.45	22.07	20.99	21.92	907858	56855844.00
2017/07/25	21.83	22.05	21.56	21.82	627456	39681288.00
2017/07/26	21.91	22.18	21.71	21.83	810502	51443012.00
2017/07/27	21.69	22.90	21.66	22.80	1631688	105817200.00
2017/07/28	22.92	22.92	22.31	22.36	1382087	90119320.00
2017/07/31	22.37	22.95	22.34	22.52	946640	62217724.00
2017/08/01	22.59	22.99	22.46	22.96	923361	60918468.00
2017/08/02	22.96	23.03	22.29	22.33	1048680	68572088.00
2017/08/03	22.24	22.88	22.24	22.48	914446	59816564.00
2017/08/04	22.52	22.64	21.98	22.14	953266	61547312.00
2017/08/07	22.45	23.08	22.43	22.92	1562269	103263784.00
2017/08/08	22.78	23.53	22.74	23.53	1829958	122874240.00
2017/08/09	23.48	23.97	22.89	23.00	1926263	130249152.00
2017/08/10	22.12	22.36	21.55	21.59	2572800	163659776.00
2017/08/11	21.31	21.85	21.24	21.35	891798	55609920.00
2017/08/14	21.47	22.00	21.44	21.85	747276	47202904.00
2017/08/15	21.93	22.29	21.69	21.87	923569	58611116.00
2017/08/16	21.87	22.54	21.74	22.36	1424783	91944184.00
2017/08/17	22.25	22.56	22.15	22.37	882710	57181548.00
2017/08/18	22.24	22.29	21.91	21.98	789194	50483540.00
2017/08/21	22.00	22.43	21.97	22.26	1507510	96849336.00
2017/08/22	22.15	22.38	21.84	21.99	1124308	72163624.00
2017/08/23	21.98	22.30	21.80	22.06	938675	60068364.00
2017/08/24	22.08	22.53	21.98	22.01	1400937	90150784.00
2017/08/25	21.98	22.55	21.92	22.53	1494050	96760576.00
2017/08/28	22.61	23.66	22.61	23.36	2662162	179246656.00
2017/08/29	23.37	23.88	23.17	23.43	2512136	171320384.00
2017/08/30	23.24	23.45	22.98	23.13	1301187	87424648.00
2017/08/31	23.19	24.25	23.15	24.18	2243481	154799824.00
2017/09/01	24.21	24.35	23.84	24.29	1820030	126941048.00
2017/09/04	24.18	25.06	24.01	24.11	2084739	148120192.00
2017/09/05	24.31	24.62	23.93	24.34	1444287	101502448.00
2017/09/06	24.14	25.41	24.06	25.29	2442119	174941120.00
2017/09/07	25.66	26.47	24.89	24.92	3925795	292166944.00
2017/09/08	24.81	25.30	24.55	25.24	1907325	137136272.00
2017/09/11	25.24	25.76	25.08	25.59	1662370	121924688.00
2017/09/12	25.45	25.55	24.36	24.44	2185388	156977216.00
2017/09/13	24.47	24.95	24.39	24.67	1052829	75064816.00
2017/09/14	24.55	25.37	24.55	24.96	1498810	108611944.00
2017/09/15	24.96	25.15	24.22	24.45	1458252	104204904.00
2017/09/18	24.38	26.42	24.33	25.84	3082797	228395840.00
2017/09/19	25.84	28.17	25.62	27.12	5588740	437259808.00
2017/09/20	26.68	28.35	26.66	27.91	4696361	374341568.00
2017/09/21	27.87	29.13	27.05	27.14	4573485	370205440.00
2017/09/22	27.28	28.66	27.06	27.88	3908666	315517664.00
2017/09/25	27.34	27.46	26.48	26.54	3169333	246519568.00
2017/09/26	26.57	26.89	25.59	26.28	2129817	161137632.00
2017/09/27	26.27	27.20	26.12	27.01	2160347	166677504.00
2017/09/28	27.01	28.22	26.87	27.39	2901840	231749872.00
2017/09/29	27.15	27.92	26.99	27.62	1979394	156999888.00
2017/10/09	28.26	28.28	27.30	27.39	1953327	156858512.00
2017/10/10	27.20	28.15	26.67	28.09	2095731	165350976.00
2017/10/11	27.90	28.21	26.85	27.17	2039976	161862160.00
2017/10/12	26.29	26.71	24.96	25.35	3514589	262675456.00
2017/10/13	25.24	25.79	25.11	25.51	1485095	109551000.00
2017/10/16	25.51	25.51	24.32	24.47	1994561	142866848.00
2017/10/17	24.40	25.06	24.36	24.87	1120541	80396624.00
2017/10/18	24.90	25.52	24.48	24.66	1400506	101590568.00
2017/10/19	24.52	25.15	24.51	24.99	1024621	73798208.00
2017/10/20	24.99	25.41	24.91	25.37	1148613	83782216.00
2017/10/23	25.35	25.55	25.31	25.54	1106876	81421232.00
2017/10/24	25.54	25.54	24.47	24.96	1395866	100830328.00
2017/10/25	24.96	26.22	24.87	25.99	2520654	188195232.00
2017/10/26	25.81	26.48	25.81	26.07	2066044	156424064.00
2017/10/27	26.08	26.62	25.78	26.29	1826144	138406640.00
2017/10/30	26.12	27.38	26.12	26.47	3223388	249115728.00
2017/10/31	26.32	27.41	26.08	27.31	2814990	218306944.00
2017/11/01	27.17	29.96	27.10	29.13	5542886	460346304.00
2017/11/02	28.91	29.37	28.47	28.59	3533820	294197024.00
2017/11/03	28.47	29.17	28.45	28.45	3248702	269958400.00
2017/11/06	28.80	29.69	27.89	28.40	4027056	333962304.00
2017/11/07	28.33	29.62	27.81	29.57	3772891	311726944.00
2017/11/08	29.45	29.57	28.87	28.89	3146177	265002416.00
2017/11/09	28.78	30.46	28.53	30.15	4249698	362472480.00
2017/11/10	29.91	31.20	29.55	29.85	4584827	401851232.00
2017/11/13	29.76	31.18	29.28	30.85	3891812	341770624.00
2017/11/14	30.85	31.98	30.26	30.59	4651682	419047424.00
2017/11/15	30.26	30.77	28.54	28.82	3806947	324785536.00
2017/11/16	28.92	29.26	28.17	28.74	2676137	222108480.00
2017/11/17	28.57	29.09	26.29	26.72	3502495	281443648.00
2017/11/20	26.78	28.92	26.78	28.74	3483838	281332704.00
2017/11/21	28.55	29.17	27.83	28.96	3179278	262930688.00
2017/11/22	28.65	30.49	28.61	29.84	3860043	330843584.00
2017/11/23	29.44	30.01	28.73	28.75	3098540	261962912.00
2017/11/24	28.68	30.33	28.41	29.32	3577123	305663712.00
2017/11/27	28.75	28.78	26.35	26.39	3515070	276940128.00
2017/11/28	26.42	27.69	26.17	27.65	2513353	195996976.00
2017/11/29	27.38	27.45	25.76	26.57	2721996	208944608.00
2017/11/30	26.54	27.65	26.30	26.71	2360960	184685264.00
2017/12/01	26.52	27.85	26.49	27.41	2303845	182474112.00
2017/12/04	26.80	27.17	24.78	24.92	3482829	255896944.00
2017/12/05	24.85	25.17	23.16	23.76	2459275	171552864.00
2017/12/06	23.73	24.88	23.54	24.62	2279278	159404016.00
2017/12/07	24.54	24.82	24.10	24.40	1636258	116017472.00
2017/12/08	24.28	25.34	24.28	24.89	2150364	155777360.00
2017/12/11	24.78	25.22	24.66	25.06	1349065	97331840.00
2017/12/12	25.06	25.45	24.41	24.42	1988782	143385616.00
2017/12/13	24.26	24.96	23.85	24.96	1593015	113562208.00
2017/12/14	24.94	25.41	24.48	25.33	1922548	139044032.00
2017/12/15	25.20	25.61	24.39	24.64	2007954	145177568.00
2017/12/18	24.45	24.59	23.31	23.66	1507967	104008848.00
2017/12/19	23.66	24.12	23.66	23.95	919325	63594432.00
2017/12/20	23.95	24.14	23.50	23.76	899340	61990260.00
2017/12/21	23.89	24.68	23.66	24.42	1540915	108075656.00
2017/12/22	24.35	24.51	24.08	24.42	1097705	77152040.00
2017/12/25	24.22	24.32	23.66	23.93	961110	66539636.00
2017/12/26	24.06	24.95	23.80	24.79	1630392	115669040.00
2017/12/27	24.80	24.88	24.47	24.57	1319423	94278992.00
2017/12/28	24.49	25.10	24.29	24.67	1321588	94517216.00
2017/12/29	24.61	25.05	24.50	24.89	1158531	83365240.00
2018/01/02	24.89	24.99	24.29	24.71	1075161	76374208.00
2018/01/03	24.58	24.70	24.08	24.40	1757184	123893880.00
2018/01/04	24.35	24.66	24.12	24.16	1423220	100397680.00
2018/01/05	24.22	24.28	23.49	23.58	2001140	137642944.00
2018/01/08	23.69	23.69	22.96	23.38	1573099	105534416.00
2018/01/09	23.31	23.45	23.18	23.35	694284	46862648.00
2018/01/10	23.41	23.45	22.62	22.82	1149214	76514072.00
2018/01/11	22.65	23.48	22.55	23.20	1113632	74570008.00
2018/01/12	23.14	23.38	22.89	22.92	814001	54491948.00
2018/01/15	23.00	23.00	21.32	21.48	1701486	108199552.00
2018/01/16	21.50	21.84	21.41	21.61	785558	49245132.00
2018/01/17	21.65	22.54	21.42	22.29	1395597	89152696.00
2018/01/18	22.23	22.96	22.05	22.80	1249673	81576432.00
2018/01/19	22.64	22.89	22.25	22.29	1141815	74683320.00
2018/01/22	22.25	22.27	21.03	21.94	1078353	68026840.00
2018/01/23	22.08	22.15	21.78	22.11	568333	36255156.00
2018/01/24	22.03	22.94	21.85	22.73	1136262	74534280.00
2018/01/25	22.47	22.64	22.11	22.11	1189500	77001352.00
2018/01/26	22.11	22.16	21.40	21.44	1201382	75719008.00
2018/01/29	21.72	21.72	21.10	21.17	736411	45512164.00
2018/01/30	21.10	21.34	21.08	21.22	450146	27686884.00
2018/01/31	21.33	21.33	20.50	20.50	950657	57288376.00
2018/02/01	20.54	20.79	19.71	19.85	871411	51062900.00
2018/02/02	19.85	20.12	18.96	19.45	682202	38828156.00
2018/02/05	19.08	19.50	18.93	19.10	479161	26754938.00
2018/02/06	18.57	18.85	17.40	17.52	1106167	58101300.00
2018/02/07	18.06	18.15	16.96	17.73	840071	43201016.00
2018/02/08	17.75	18.38	17.52	18.11	656378	34558820.00
2018/02/09	17.52	18.38	17.41	17.91	788578	41110912.00
2018/02/12	18.22	18.62	18.15	18.45	776362	41571592.00
2018/02/13	18.53	18.55	18.12	18.16	627742	33384682.00
2018/02/14	18.13	18.19	17.81	17.84	452443	23595272.00
2018/02/22	17.91	18.52	17.86	18.35	637551	33900408.00
2018/02/23	18.32	18.41	17.87	18.32	726405	38410356.00
2018/02/26	18.56	20.19	18.56	20.19	1225242	68798504.00
2018/02/27	21.37	21.79	21.00	21.06	3813311	235492128.00
2018/02/28	20.69	21.61	20.58	21.14	2399300	147333504.00
2018/03/01	20.75	21.66	20.75	21.48	2157703	132930168.00
2018/03/02	21.16	21.45	20.84	21.05	1419133	86960448.00
2018/03/05	21.05	21.71	20.74	21.70	1646764	102008544.00
2018/03/06	22.03	22.59	21.58	21.58	2533604	161954704.00
2018/03/07	21.41	21.93	21.20	21.41	1495143	93159424.00
2018/03/08	21.62	21.80	21.20	21.41	1281509	79688472.00
2018/03/09	21.38	22.50	21.28	22.16	2683641	171480624.00
2018/03/12	22.17	22.88	21.94	22.53	3141749	203651936.00
2018/03/13	22.40	22.40	21.70	21.74	1763193	113004024.00
2018/03/14	21.59	23.83	21.59	22.52	3422021	225650768.00
2018/03/15	22.31	22.58	21.31	22.06	2455400	155997424.00
2018/03/16	21.42	21.65	20.99	21.00	2085981	129225224.00
2018/03/19	21.00	21.73	20.90	21.35	1399340	87080136.00
2018/03/20	21.06	21.92	21.05	21.86	1218361	76569640.00
2018/03/21	21.95	22.25	21.13	21.15	1378800	87110416.00
2018/03/22	21.20	22.69	21.15	22.20	2759073	175335312.00
2018/03/23	21.62	22.14	20.21	20.68	2884534	177977536.00
2018/03/26	20.40	22.36	20.40	22.36	2905913	181989136.00
2018/03/27	22.61	23.25	22.17	23.12	3716439	244958864.00
2018/03/28	22.54	23.33	22.52	22.97	2494927	165729168.00
2018/03/29	23.03	23.41	22.29	22.82	2102552	138958896.00
2018/03/30	22.86	23.95	22.79	23.84	2995145	204310704.00
2018/04/02	23.94	25.57	23.94	24.58	3894920	278062912.00
2018/04/03	23.84	24.46	23.61	24.22	1995694	138702496.00
2018/04/04	24.34	24.91	23.84	24.18	1936480	136505104.00
2018/04/09	23.94	24.20	22.96	23.58	2371257	161611664.00
2018/04/10	23.52	23.91	22.67	23.33	2030875	136028016.00
2018/04/11	23.48	24.50	23.34	24.38	3027195	211298528.00
2018/04/12	25.59	25.93	24.19	24.25	4952475	360729248.00
2018/04/13	24.17	25.22	24.17	24.71	3255586	232538928.00
2018/04/16	24.31	24.91	23.77	23.98	2350033	165197040.00
2018/04/17	24.19	24.94	23.36	23.65	2459581	172621264.00
2018/04/18	24.17	25.86	23.48	25.34	4479526	322380096.00
2018/04/19	25.55	26.98	25.17	25.87	5879691	443078752.00
2018/04/20	26.01	27.17	25.65	26.21	5328873	411125920.00
2018/04/23	25.94	26.22	23.94	25.00	4109139	300196768.00
2018/04/24	24.90	27.19	24.60	27.00	4633394	351454240.00
2018/04/25	25.77	27.06	25.77	26.40	3641180	279956352.00
2018/04/26	26.29	27.31	26.20	26.33	3009410	233471328.00
2018/04/27	26.85	26.89	25.10	25.52	2623227	194599024.00
2018/05/02	25.59	25.96	25.06	25.49	1737376	127902720.00
2018/05/03	25.41	25.61	24.19	25.41	2526360	182323440.00
2018/05/04	25.27	26.01	25.04	25.21	2056044	151872336.00
2018/05/07	25.41	26.33	25.17	26.26	2352082	176074576.00
2018/05/08	26.36	26.47	25.70	26.12	1734597	130369464.00
2018/05/09	26.05	26.75	25.89	26.20	1792577	136490512.00
2018/05/10	26.22	26.43	24.92	25.49	2612855	192349840.00
2018/05/11	25.49	25.82	24.77	24.78	1710654	125439424.00
2018/05/14	24.78	25.08	24.05	24.08	1703254	120420016.00
2018/05/15	24.12	24.60	23.79	24.58	1288891	90108560.00
2018/05/16	24.36	24.66	23.84	24.30	1133007	79796832.00
2018/05/17	24.22	24.46	24.03	24.23	988608	69240368.00
2018/05/18	24.33	24.39	23.52	23.91	1278922	88562184.00
2018/05/21	24.36	25.24	24.01	25.09	2218130	159031264.00
2018/05/22	24.86	25.41	24.85	25.31	1435807	104412424.00
2018/05/23	25.20	25.79	25.20	25.31	1876325	138332976.00
2018/05/24	25.32	25.45	24.69	24.75	1677832	121021896.00
2018/05/25	24.58	24.85	24.00	24.08	1239016	87082632.00
2018/05/28	23.68	23.99	22.33	22.50	3575395	124698520.00
2018/05/29	22.47	22.90	22.13	22.13	2208988	75256712.00
2018/05/30	21.92	22.59	20.69	20.87	2909868	96071712.00
2018/05/31	21.16	21.43	20.87	21.21	1992791	63896512.00
2018/06/01	21.11	21.33	20.27	20.51	1928319	60682132.00
2018/06/04	20.64	21.71	19.81	20.97	2779138	88230584.00
2018/06/05	20.90	21.65	20.90	21.61	2294921	73973024.00
2018/06/06	21.80	22.21	21.55	21.77	2520072	83256424.00
2018/06/07	21.61	21.93	20.99	21.07	2212300	71789208.00
2018/06/08	20.97	23.07	20.97	21.81	4264980	141511216.00
2018/06/11	21.58	21.80	20.87	21.13	2745580	88861288.00
2018/06/12	21.12	22.03	20.80	21.91	3216521	104976640.00
2018/06/13	22.45	24.13	22.30	24.13	7748368	276363872.00
2018/06/14	24.13	25.44	23.56	24.67	13330031	493726400.00
2018/06/15	23.67	24.11	23.05	23.47	7890784	281429184.00
2018/06/19	22.27	24.10	21.10	22.31	7434056	256442496.00
2018/06/20	22.33	24.53	22.33	23.33	8677839	305963712.00
2018/06/21	22.97	23.13	20.98	20.98	8396658	280450144.00
2018/06/22	20.38	20.45	19.14	19.43	6660241	199059520.00
2018/06/25	19.80	19.95	19.14	19.43	4022040	119255456.00
2018/06/26	18.87	20.13	18.57	19.89	4480047	133388920.00
2018/06/27	19.71	20.89	19.67	20.21	4666160	143623280.00
2018/06/28	20.15	20.64	19.75	19.97	4035840	123498216.00
2018/06/29	19.93	21.33	19.90	21.14	5438640	170340800.00
2018/07/02	21.06	21.19	20.33	20.78	4243023	133349256.00
2018/07/03	21.20	22.88	21.20	22.88	7730668	258406256.00
2018/07/04	22.59	23.72	22.45	22.81	9500878	331405056.00
2018/07/05	22.40	23.01	21.69	22.18	5863078	197583952.00
2018/07/06	21.96	23.73	21.96	22.72	7256936	251642704.00
2018/07/09	22.73	23.27	22.33	23.10	5123710	177483840.00
2018/07/10	22.80	23.35	22.52	23.22	4710227	163390496.00
2018/07/11	22.80	23.00	21.53	22.35	4844376	163876768.00
2018/07/12	22.21	23.84	22.21	23.67	7392502	261563696.00
2018/07/13	23.52	23.78	23.21	23.67	4907487	174586144.00
2018/07/16	23.79	24.01	23.47	23.67	4433757	159292832.00
2018/07/17	23.37	23.64	22.54	23.47	4280517	149703520.00
2018/07/18	23.43	24.06	22.87	22.91	4593204	164115152.00
2018/07/19	22.72	23.04	22.07	22.47	3732982	127124320.00
2018/07/20	22.61	24.31	22.61	23.77	6759664	240696144.00
2018/07/23	23.96	24.63	23.67	24.56	7788796	285435008.00
2018/07/24	24.31	24.95	23.82	24.95	6670119	246056528.00
2018/07/25	24.93	25.74	24.37	24.39	9728756	369893088.00
2018/07/26	24.20	25.29	23.82	24.09	5578760	205147536.00
2018/07/27	23.91	24.40	23.37	23.78	4377384	157409280.00
2018/07/30	23.73	23.86	22.48	22.65	4791930	166093056.00
2018/07/31	22.74	22.93	22.20	22.67	2898977	99107456.00
2018/08/01	22.67	23.45	22.40	22.40	3471545	120626648.00
2018/08/02	22.28	22.28	21.01	21.95	4086542	134342928.00
2018/08/03	21.97	22.19	21.23	21.25	2474047	81351976.00
2018/08/06	21.23	21.58	20.85	21.28	2366610	75901064.00
2018/08/07	21.47	22.07	21.14	22.05	3151830	103391584.00
2018/08/08	21.80	22.02	20.60	20.67	3110996	100830752.00
2018/08/09	20.70	22.24	20.49	21.87	4787954	157348192.00
2018/08/10	21.79	22.43	21.61	22.33	3629030	120931448.00
2018/08/13	21.89	23.07	21.80	22.98	4252991	144757248.00
2018/08/14	22.75	22.89	22.39	22.60	2479500	84899424.00
2018/08/15	22.71	23.03	22.27	22.34	2925070	100011936.00
2018/08/16	21.80	22.85	21.55	22.24	3002533	101632872.00
2018/08/17	22.50	23.50	22.47	22.66	5865690	204562352.00
2018/08/20	22.91	23.85	22.67	23.85	5111659	180471632.00
2018/08/21	23.79	23.87	23.30	23.67	3828919	136529872.00
2018/08/22	23.53	24.05	23.13	23.50	3345390	119427144.00
2018/08/23	23.47	24.11	23.27	23.97	4804263	172923472.00
2018/08/24	23.70	23.80	22.81	22.92	4494230	158364064.00
2018/08/27	23.10	24.13	22.95	23.93	4990817	178460608.00
2018/08/28	23.95	24.05	23.52	23.73	3413183	122548792.00
2018/08/29	23.73	23.73	23.13	23.33	2339849	82642288.00
2018/08/30	23.31	23.45	22.47	22.47	2988550	103324024.00
2018/08/31	22.37	22.92	22.13	22.13	2122060	72336232.00
2018/09/03	22.10	22.10	20.99	21.69	3519710	113935488.00
2018/09/04	21.60	22.13	21.30	22.01	3374007	111040960.00
2018/09/05	21.80	21.87	20.92	20.99	3287230	106417848.00
2018/09/06	20.89	21.50	20.81	21.18	2335730	74927192.00
2018/09/07	21.03	21.68	19.81	20.37	3602480	114109400.00
2018/09/10	20.27	20.55	19.82	20.15	2003250	61297224.00
2018/09/11	20.05	20.57	20.05	20.31	1771420	54518976.00
2018/09/12	20.39	20.79	20.30	20.42	1950315	60551608.00
2018/09/13	20.69	20.85	20.14	20.58	2034290	63073648.00
2018/09/14	20.58	20.60	18.81	19.08	3843876	114706712.00
2018/09/17	19.00	19.15	18.57	18.89	1771446	50641912.00
2018/09/18	18.65	19.47	18.63	19.35	2059686	59883004.00
2018/09/19	19.36	19.95	19.11	19.47	2834418	84026800.00
2018/09/20	19.47	19.67	19.07	19.21	2099973	61500804.00
2018/09/21	19.40	19.53	19.13	19.47	1876600	55108748.00
2018/09/25	19.27	19.27	18.63	19.00	2222590	64032684.00
2018/09/26	18.98	19.63	18.85	19.37	2272705	66262812.00
2018/09/27	19.39	19.39	18.70	18.72	2333108	67086964.00
2018/09/28	18.68	18.93	18.68	18.82	1333900	37997540.00
2018/10/08	18.27	18.27	16.92	16.93	4197470	109949184.00
2018/10/09	16.93	17.03	16.18	16.63	4194115	105272960.00
2018/10/10	16.62	16.71	16.07	16.53	3353112	83867720.00
2018/10/11	15.72	15.72	14.85	15.02	4379749	101419800.00
2018/10/12	14.87	15.53	14.63	15.27	3180290	73275336.00
2018/10/15	15.51	15.78	15.01	15.13	2424200	56892544.00
2018/10/16	15.93	16.63	14.93	14.95	5477138	130564256.00
2018/10/17	15.25	15.77	14.87	15.59	4566490	106432280.00
2018/10/18	15.33	15.46	14.98	15.10	3111130	71982624.00
2018/10/19	14.69	15.63	14.64	15.59	4007789	93465408.00
2018/10/22	15.87	16.61	15.60	16.41	5032072	123533696.00
2018/10/23	16.33	16.43	15.70	15.86	3278389	79874968.00
2018/10/24	15.70	15.99	15.53	15.62	2194841	52475268.00
2018/10/25	14.92	15.19	14.67	15.07	3306556	75049672.00
2018/10/26	15.34	15.63	15.06	15.19	2652069	61882432.00
2018/10/29	15.19	15.63	15.04	15.30	2292081	53699876.00
2018/10/30	15.13	15.27	13.95	14.51	5086568	111495176.00
2018/10/31	14.52	15.15	14.49	15.13	3970004	89664408.00
2018/11/01	15.35	15.89	15.27	15.32	4422335	104192176.00
2018/11/02	15.81	16.23	15.56	16.15	5730679	138933200.00
2018/11/05	16.00	16.72	15.81	16.41	5877925	145572752.00
2018/11/06	16.13	16.24	15.69	16.09	3122413	75582832.00
2018/11/07	16.09	16.40	15.98	16.00	3775492	92864976.00
2018/11/08	16.24	16.27	15.67	15.73	2862514	69251256.00
2018/11/09	15.75	16.08	15.63	15.73	2105039	50796148.00
2018/11/12	15.71	16.43	15.65	16.40	3620477	88997640.00
2018/11/13	16.23	16.77	16.14	16.44	4194054	104936848.00
2018/11/14	16.47	17.05	16.27	16.99	5813553	147895216.00
2018/11/15	16.91	17.35	16.70	17.34	5710851	147196544.00
2018/11/16	17.35	17.55	17.06	17.08	5631556	147715616.00
2018/11/19	16.97	17.13	16.65	16.89	2623277	67101500.00
2018/11/20	16.73	17.26	16.60	16.70	3347047	86106816.00
2018/11/21	16.54	16.67	16.13	16.61	2472543	61748136.00
2018/11/22	16.69	16.78	16.45	16.63	2093493	52899864.00
2018/11/23	16.60	16.65	15.43	15.53	3689167	89451880.00
2018/11/26	15.42	15.69	15.17	15.27	2396295	56077036.00
2018/11/27	15.41	15.67	15.30	15.49	1828597	43013084.00
2018/11/28	15.49	15.81	15.15	15.77	2148150	50865728.00
2018/11/29	15.93	16.12	15.07	15.07	2809487	67117824.00
2018/11/30	14.99	15.58	14.87	15.55	2313952	53734360.00
2018/12/03	16.06	16.50	15.93	16.31	3605902	88698344.00
2018/12/04	16.25	16.59	16.19	16.49	2627305	65627952.00
2018/12/05	16.28	16.91	16.05	16.69	4076333	102367680.00
2018/12/06	16.47	16.53	16.07	16.15	2841202	70153592.00
2018/12/07	16.29	16.55	16.14	16.27	2196636	54362404.00
2018/12/10	16.19	16.42	16.06	16.17	1987335	49023692.00
2018/12/11	16.16	16.55	16.16	16.52	2499583	62300240.00
2018/12/12	16.62	16.73	16.25	16.29	2111000	52680724.00
2018/12/13	16.39	16.83	16.22	16.81	3053141	76979672.00
2018/12/14	16.70	16.73	15.97	15.98	3379859	83815656.00
2018/12/17	15.81	15.87	15.47	15.75	2036593	48491224.00
2018/12/18	15.65	15.86	15.37	15.61	1502961	35557712.00
2018/12/19	15.62	15.71	15.33	15.39	1140850	26871158.00
2018/12/20	15.39	15.63	15.33	15.59	1291548	30430146.00
2018/12/21	15.57	15.59	15.20	15.43	1223588	28641096.00
2018/12/24	15.43	15.85	15.33	15.81	1506880	35910448.00
2018/12/25	15.67	16.07	15.31	16.03	2294127	54626384.00
2018/12/26	15.87	16.46	15.87	16.29	3479673	86058328.00
2018/12/27	16.58	16.64	15.86	15.86	2585900	63665920.00
2018/12/28	15.94	16.07	15.32	15.45	2458717	58674844.00
2019/01/02	15.47	15.79	15.31	15.60	1783304	42197608.00
2019/01/03	15.57	15.91	15.43	15.53	1738441	41444108.00
2019/01/04	15.33	16.09	15.17	16.07	2576147	61666700.00
2019/01/07	16.15	16.72	16.07	16.57	3928008	98170864.00
2019/01/08	16.50	16.67	16.34	16.61	2650619	66538508.00
2019/01/09	16.57	17.11	16.42	16.57	4395407	111748424.00
2019/01/10	16.49	16.76	16.27	16.42	2426930	60698376.00
2019/01/11	16.39	16.63	16.35	16.49	1811730	45289820.00
2019/01/14	16.42	16.53	16.17	16.32	1513386	37395660.00
2019/01/15	16.37	16.90	16.21	16.77	3187818	80710648.00
2019/01/16	16.71	16.97	16.41	16.45	2383430	60269180.00
2019/01/17	16.54	16.57	16.08	16.15	2129323	52845032.00
2019/01/18	16.19	16.47	15.95	16.47	2084822	51462652.00
2019/01/21	16.41	16.74	16.33	16.62	2176400	54646052.00
2019/01/22	16.60	16.60	16.25	16.41	1299330	32353690.00
2019/01/23	16.35	16.43	16.02	16.25	1877490	46177700.00
2019/01/24	16.18	17.30	16.02	16.90	6127519	156512512.00
2019/01/25	16.79	17.15	16.74	16.87	4757632	122523968.00
2019/01/28	17.12	17.23	16.21	16.32	3729347	94483552.00
2019/01/29	16.26	16.37	15.15	15.41	4403727	104484760.00
2019/01/30	15.37	15.92	15.27	15.53	2115333	50396544.00
2019/01/31	15.59	15.83	15.25	15.48	2449943	58014608.00
2019/02/01	15.57	16.17	15.53	16.13	2469818	59745324.00
2019/02/11	16.13	17.25	16.03	17.19	4956469	126363128.00
2019/02/12	17.49	17.60	17.13	17.27	6796424	178717984.00
2019/02/13	17.25	18.65	17.25	18.15	8199651	225063280.00
2019/02/14	17.87	18.44	17.81	17.97	5796351	159054768.00
2019/02/15	18.05	18.61	17.92	18.16	5277825	146101296.00
2019/02/18	18.24	19.13	17.97	18.91	6152566	174555040.00
2019/02/19	18.93	19.01	18.40	18.71	5163597	146384464.00
2019/02/20	18.77	18.88	18.10	18.57	3975311	111217424.00
2019/02/21	18.55	18.99	18.22	18.33	5592871	158310240.00
2019/02/22	18.39	19.03	18.27	19.03	4602935	131011608.00
2019/02/25	19.51	20.13	18.87	19.85	7591604	224830448.00
2019/02/26	19.85	20.11	19.13	19.39	6654893	196754560.00
2019/02/27	20.36	20.92	19.57	19.93	9543952	291697248.00
2019/02/28	19.93	19.93	19.47	19.73	3947304	117586912.00
2019/03/01	19.79	20.26	19.61	20.16	4173257	126223176.00
2019/03/04	20.29	21.17	20.17	20.19	7862851	246772880.00
2019/03/05	19.99	21.04	19.83	21.04	6901339	214527152.00
2019/03/06	21.65	22.19	21.05	21.73	8061694	263373712.00
2019/03/07	21.39	23.44	21.25	22.96	8389042	284126528.00
2019/03/08	21.34	25.13	21.34	23.67	11640466	417692672.00
2019/03/11	24.87	25.31	24.14	24.66	9242374	345044832.00
2019/03/12	24.80	24.99	23.87	24.75	8777789	325405184.00
2019/03/13	24.56	26.24	24.22	24.47	9408172	358425696.00
2019/03/14	24.06	24.23	22.71	23.01	7045010	247031920.00
2019/03/15	23.04	23.33	22.53	23.29	5033022	174950176.00
2019/03/18	23.17	24.33	23.05	24.14	4379039	157742256.00
2019/03/19	24.25	24.73	23.81	24.47	4078518	149793920.00
2019/03/20	24.25	24.26	22.81	23.45	6030588	214302576.00
2019/03/21	23.53	23.87	23.18	23.57	4924749	175714400.00
2019/03/22	23.59	23.78	23.17	23.57	3700969	131470584.00
2019/03/25	23.05	24.47	22.87	23.99	5362956	193807504.00
2019/03/26	23.97	24.12	22.92	23.13	4578492	162094368.00
2019/03/27	23.14	23.42	21.90	22.66	4784284	162752304.00
2019/03/28	22.27	23.29	22.14	22.46	3723451	128631416.00
2019/03/29	22.24	23.43	22.17	23.40	4236507	146084464.00
2019/04/01	23.16	24.73	23.16	24.67	7756315	282012064.00
2019/04/02	24.67	24.86	24.29	24.47	5441117	201992160.00
2019/04/03	24.43	24.43	23.64	24.14	7021327	254813696.00
2019/04/04	24.18	24.36	23.81	24.19	3564937	129909328.00
2019/04/08	24.23	24.27	23.00	23.43	4040281	144091568.00
2019/04/09	23.25	23.93	23.23	23.65	2776869	99399984.00
2019/04/10	23.33	23.58	23.13	23.21	2595053	91612024.00
2019/04/11	23.25	24.19	22.10	22.17	6268030	144436896.00
2019/04/12	22.06	22.44	21.97	22.30	3358688	74619896.00
2019/04/15	22.52	23.24	22.20	22.24	4269625	97095608.00
2019/04/16	21.75	22.69	21.40	22.65	5039681	110619032.00
2019/04/17	22.66	22.99	22.37	22.60	3817200	86321872.00
2019/04/18	22.56	22.68	22.00	22.13	2939523	65403728.00
2019/04/19	22.13	22.29	21.67	22.01	3418630	74873000.00
2019/04/22	22.15	22.50	21.80	21.86	3527225	77985808.00
2019/04/23	21.73	22.00	21.42	21.46	2412175	52210160.00
2019/04/24	21.47	22.08	21.20	21.94	3189590	69125512.00
2019/04/25	21.84	22.00	20.20	20.40	4461928	94636976.00
2019/04/26	20.30	20.70	19.89	19.96	4041310	82363992.00
2019/04/29	20.02	20.37	19.46	19.89	4538750	90392608.00
2019/04/30	19.87	20.28	19.71	19.98	2574173	51620448.00
2019/05/06	19.18	19.20	17.98	17.98	4958545	91042336.00
2019/05/07	17.80	18.16	17.35	17.76	4388314	77993792.00
2019/05/08	17.31	18.48	17.17	17.94	4210375	75677760.00
2019/05/09	17.68	19.20	17.58	18.40	5353583	99466136.00
2019/05/10	18.74	19.45	17.77	19.31	7165692	135443984.00
2019/05/13	19.20	19.37	18.70	18.94	4317134	82092928.00
2019/05/14	18.69	19.05	18.35	18.45	3790605	70750872.00
2019/05/15	18.70	18.88	18.50	18.80	2862715	53523764.00
2019/05/16	18.73	18.75	18.40	18.69	2292915	42660892.00
2019/05/17	18.90	19.37	18.56	18.70	6919025	131788680.00
2019/05/20	19.30	19.92	19.03	19.66	8842467	172701392.00
2019/05/21	19.26	20.25	18.90	20.12	8315226	162384560.00
2019/05/22	20.10	20.55	19.74	20.54	8724001	175892960.00
2019/05/23	20.96	21.05	19.88	19.94	8265665	169118176.00
2019/05/24	19.53	19.75	18.50	18.51	6235360	118049104.00
2019/05/27	18.29	19.75	18.29	19.56	6069142	116754360.00
2019/05/28	19.69	19.94	19.37	19.59	5168817	101419688.00
2019/05/29	19.52	21.55	19.40	21.55	8505276	176737584.00
2019/05/30	22.00	22.55	21.12	21.96	19296315	422981632.00
2019/05/31	21.49	22.79	21.25	21.55	13591394	299225472.00
2019/06/03	21.74	22.20	21.23	22.03	9988840	217268720.00
2019/06/04	21.62	21.62	19.83	20.34	11301783	233286816.00
2019/06/05	20.74	20.89	20.13	20.44	6915043	142206752.00
2019/06/06	20.20	20.40	19.51	19.62	5871034	116566968.00
2019/06/10	19.88	20.78	19.60	20.73	6594689	134576464.00
2019/06/11	20.60	21.56	20.15	21.49	9955256	209290976.00
2019/06/12	21.29	21.97	21.12	21.66	9279438	199826208.00
2019/06/13	21.60	21.96	21.22	21.22	5804184	124875088.00
2019/06/14	21.15	21.45	20.39	20.43	4940699	103013736.00
2019/06/17	20.34	20.89	20.17	20.44	2808435	57701532.00
2019/06/18	20.30	20.57	19.94	20.02	3194330	64401868.00
2019/06/19	20.70	22.02	20.37	22.02	12034918	258665248.00
2019/06/20	21.45	22.17	21.09	21.88	13168837	284604512.00
2019/06/21	21.83	23.20	21.65	21.92	12836359	285560928.00
2019/06/24	22.17	22.68	21.90	22.48	10920815	243961952.00
2019/06/25	22.15	22.23	21.51	21.85	6806178	148761008.00
2019/06/26	21.90	22.95	21.71	22.53	11668790	263510048.00
2019/06/27	22.49	23.99	22.20	23.21	18074299	417539904.00
2019/06/28	22.80	23.07	22.22	22.62	8899953	201654064.00
2019/07/01	23.16	23.45	22.72	23.17	12953707	299453216.00
2019/07/02	22.99	23.13	22.43	22.92	7963160	181126464.00
2019/07/03	22.61	22.91	21.95	22.13	6323052	141883808.00
2019/07/04	20.82	20.82	19.92	19.92	11270789	226909712.00
2019/07/05	19.29	19.96	19.29	19.65	7709437	151354976.00
2019/07/08	19.49	19.94	18.60	19.00	6542140	126055576.00
2019/07/09	19.04	19.19	18.62	19.12	4513291	85544232.00
2019/07/10	19.11	19.20	18.74	18.89	3394465	64364148.00
2019/07/11	19.05	19.10	18.41	18.63	3701774	69470656.00
2019/07/12	18.71	18.98	18.60	18.85	3571416	67151104.00
2019/07/15	18.83	19.50	18.63	19.35	4685739	90006064.00
2019/07/16	19.27	19.78	19.13	19.56	4157297	80967808.00
2019/07/17	19.91	20.53	19.77	19.84	7726670	155736160.00
2019/07/18	19.38	19.56	19.06	19.16	4089982	78893504.00
2019/07/19	19.30	19.45	19.15	19.29	2473831	47746964.00
2019/07/22	19.47	19.60	18.38	18.61	4006575	75403096.00
2019/07/23	18.53	19.27	18.52	19.26	4101316	78279464.00
2019/07/24	19.29	19.77	19.20	19.57	5338032	104486312.00
2019/07/25	19.73	20.10	19.57	19.71	5747305	113848344.00
2019/07/26	19.75	19.92	19.53	19.81	3690625	72892368.00
2019/07/29	19.57	20.10	19.57	19.81	4289210	84998264.00
2019/07/30	19.53	20.04	19.49	19.98	5874049	116644568.00
2019/07/31	19.85	20.06	19.61	19.69	4246544	84043528.00
2019/08/01	19.59	19.87	19.55	19.73	3072319	60544460.00
2019/08/02	19.37	19.54	19.01	19.38	4683982	90362568.00
2019/08/05	19.35	19.80	19.10	19.11	4022934	78185864.00
2019/08/06	18.60	18.84	18.03	18.75	4970540	92083032.00
2019/08/07	18.88	18.90	17.71	17.72	6161282	111865424.00
2019/08/08	17.80	18.55	17.80	18.48	5234968	95686008.00
2019/08/09	18.52	18.96	18.05	18.15	4814580	89138904.00
2019/08/12	18.47	18.89	18.20	18.88	4583595	85057344.00
2019/08/13	18.65	19.15	18.53	19.00	4246300	80205784.00
2019/08/14	19.30	19.68	19.13	19.28	5919499	114778080.00
2019/08/15	18.78	19.85	18.61	19.72	5674710	109799904.00
2019/08/16	19.67	19.89	19.55	19.63	4308715	84987880.00
2019/08/19	19.80	20.48	19.65	20.33	6979544	140598352.00
2019/08/20	20.38	20.72	20.07	20.14	5719080	116326496.00
2019/08/21	19.90	20.44	19.83	20.25	5246410	105786736.00
2019/08/22	20.24	20.56	20.00	20.31	5019509	102055000.00
2019/08/23	20.35	20.40	19.85	19.91	4233130	84960656.00
2019/08/26	19.55	20.10	19.27	19.94	3863020	76243400.00
2019/08/27	20.10	20.47	19.98	20.45	5469115	110972408.00
2019/08/28	20.47	20.47	20.06	20.18	4365425	88260296.00
2019/08/29	20.21	20.38	19.81	20.04	3528250	70947288.00
2019/08/30	20.28	20.92	20.00	20.43	11974490	245647856.00
2019/09/02	20.45	21.57	20.45	21.27	11312357	238196256.00
2019/09/03	21.30	22.38	21.03	22.14	14497348	314865152.00
2019/09/04	22.00	22.36	21.57	22.30	11456795	251583440.00
2019/09/05	22.31	22.68	21.92	21.95	12474112	277044352.00
2019/09/06	21.95	22.15	21.57	21.80	7644473	166809008.00
2019/09/09	21.95	23.14	21.80	23.04	13228638	298545280.00
2019/09/10	23.09	23.30	22.43	23.05	10277555	234950032.00
2019/09/11	23.20	23.47	22.81	22.87	8185291	188971968.00
2019/09/12	22.90	23.30	22.63	22.77	7082303	162170864.00
2019/09/16	22.86	23.05	22.48	22.82	6770150	154464336.00
2019/09/17	22.51	22.62	21.45	21.67	9823862	215133056.00
2019/09/18	21.95	22.04	21.64	21.79	4710535	102961672.00
2019/09/19	21.87	22.66	21.72	22.55	8450490	188451456.00
2019/09/20	22.65	23.13	22.38	22.99	10243685	233589728.00
2019/09/23	23.05	23.33	22.58	23.26	9744754	223690928.00
2019/09/24	23.26	24.10	22.92	23.46	15892274	373366528.00
2019/09/25	22.99	22.99	22.01	22.10	10110392	227297376.00
2019/09/26	22.32	22.42	20.70	20.78	7688377	165224944.00
2019/09/27	20.78	21.49	20.50	21.32	5481436	116480248.00
2019/09/30	21.44	21.84	21.00	21.11	4263972	91060720.00
2019/10/08	20.80	21.35	20.51	20.62	4046415	84435720.00
2019/10/09	20.43	21.42	20.40	21.42	5207505	109436176.00
2019/10/10	21.36	21.65	21.15	21.43	4789140	102320816.00
2019/10/11	21.38	21.56	20.90	21.05	4543340	96134968.00
2019/10/14	21.35	21.64	21.15	21.48	3981865	85339944.00
2019/10/15	21.23	21.46	20.74	21.26	4330605	91281408.00
2019/10/16	21.32	21.40	20.83	20.95	2763064	58183432.00
2019/10/17	20.82	21.23	20.80	20.81	2174420	45589428.00
2019/10/18	20.81	21.17	20.10	20.42	3676442	76127048.00
2019/10/21	20.39	20.39	19.49	19.95	4513670	89435152.00
2019/10/22	20.00	20.45	19.92	20.38	3706545	74965944.00
2019/10/23	20.38	20.69	20.23	20.39	2752102	56307092.00
2019/10/24	20.36	20.55	20.16	20.44	1947485	39738084.00
2019/10/25	20.38	20.66	19.96	20.59	2792235	56746008.00
2019/10/28	20.80	21.30	20.52	21.30	4540105	95657136.00
2019/10/29	21.20	21.54	20.75	20.75	3912696	82492736.00
2019/10/30	20.75	21.40	20.47	21.00	4481375	94169784.00
2019/10/31	21.00	21.28	20.78	21.04	3300060	69353872.00
2019/11/01	21.00	21.79	20.86	21.73	7003492	150030992.00
2019/11/04	21.70	21.80	21.46	21.58	4954474	107127736.00
2019/11/05	21.52	21.94	21.50	21.67	4297545	93192840.00
2019/11/06	21.62	21.71	21.01	21.08	4945363	105308800.00
2019/11/07	21.02	21.42	20.91	21.39	3707519	78690088.00
2019/11/08	21.40	21.98	21.40	21.86	7606527	165493120.00
2019/11/11	21.52	21.68	20.25	20.50	6501955	136201536.00
2019/11/12	20.63	20.65	19.93	20.26	3955824	80110304.00
2019/11/13	20.21	20.58	19.87	20.28	3449706	69895368.00
2019/11/14	20.31	22.31	20.20	22.31	11614495	253105408.00
2019/11/15	22.63	22.90	21.81	21.81	18097052	404756160.00
2019/11/18	21.91	22.39	21.65	22.08	9261932	203755872.00
2019/11/19	21.87	22.74	21.83	22.67	13804327	308461280.00
2019/11/20	22.34	22.65	22.08	22.27	9295067	207823728.00
2019/11/21	22.01	22.87	21.91	22.85	11664102	263829536.00
2019/11/22	22.70	23.25	22.00	22.37	11187353	252702144.00
2019/11/25	22.42	22.45	21.59	22.31	7368514	162516176.00
2019/11/26	22.44	23.58	22.30	22.41	11072323	252460576.00
2019/11/27	21.93	24.50	21.92	23.56	22998987	539040000.00
2019/11/28	23.31	23.63	23.03	23.18	11323381	263564912.00
2019/11/29	23.24	24.85	23.24	24.31	22700815	550204608.00
2019/12/02	24.31	26.60	24.02	25.88	25130605	642015296.00
2019/12/03	25.51	26.18	25.02	26.18	16926330	434535424.00
2019/12/04	26.05	26.08	25.37	25.65	13191786	338722304.00
2019/12/05	25.57	26.36	25.50	25.76	15660971	406034624.00
2019/12/06	25.38	26.59	25.05	26.50	15580521	399155712.00
2019/12/09	26.39	27.82	25.58	25.63	21286435	565422016.00
2019/12/10	25.40	28.08	25.33	27.71	22289638	598717056.00
2019/12/11	27.38	27.80	26.56	27.35	16267007	441976448.00
2019/12/12	27.21	29.95	27.04	28.65	22989323	658977536.00
2019/12/13	28.95	30.00	28.08	29.27	18935214	549494336.00
2019/12/16	28.82	30.51	28.61	30.10	18097783	537042816.00
2019/12/17	29.88	30.19	29.08	29.69	14949048	442242112.00
2019/12/18	29.32	30.20	28.50	29.03	16784334	488954208.00
2019/12/19	28.73	28.98	28.05	28.58	11135051	317214368.00
2019/12/20	28.59	29.10	28.30	28.43	10456167	300428032.00
2019/12/23	27.30	27.30	25.69	26.00	14629560	385377280.00
2019/12/24	26.09	26.80	25.59	26.66	10998660	289085568.00
2019/12/25	26.48	28.20	26.26	27.41	14584926	401352320.00
2019/12/26	27.34	27.77	26.53	27.30	11598565	313702944.00
2019/12/27	27.23	27.26	26.05	26.06	10832799	288286752.00
2019/12/30	25.89	26.71	24.76	26.27	9157172	238083408.00
2019/12/31	26.30	26.90	26.02	26.32	6770141	178559616.00
2020/01/02	26.69	28.30	26.60	27.65	13719022	378856832.00
2020/01/03	27.67	28.12	27.43	27.78	10100350	280862208.00
2020/01/06	27.30	28.86	27.11	28.32	12084481	341332672.00
2020/01/07	28.33	28.58	27.85	28.30	8843170	248681296.00
2020/01/08	28.00	28.04	26.60	26.86	11303813	309403808.00
2020/01/09	27.31	28.20	27.31	27.82	8337632	231475776.00
2020/01/10	28.14	28.64	27.70	28.40	10697697	302376384.00
2020/01/13	29.00	31.24	28.84	31.24	19140604	579160000.00
2020/01/14	33.00	34.36	32.80	34.36	22291659	749311936.00
2020/01/15	34.00	36.98	33.06	35.16	27879693	951610304.00
2020/01/16	34.99	36.50	33.79	34.27	22755231	789486976.00
2020/01/17	34.26	35.69	34.06	34.62	17611562	613872064.00
2020/01/20	34.62	34.90	31.16	33.86	19114961	638181312.00
2020/01/21	34.39	35.96	33.10	34.66	16270488	565644800.00
2020/01/22	34.52	38.13	34.03	38.13	16223827	591451968.00
2020/01/23	38.00	41.94	37.01	39.93	27227560	1084008320.00
数据来源:通达信
