300450 先导智能 日线 前复权
      日期	    开盘	    最高	    最低	    收盘	    成交量	    成交额
2015/05/18	1.77	1.98	1.77	1.98	2100	63372.00
2015/05/19	2.24	2.24	2.24	2.24	1500	50385.00
2015/05/20	2.52	2.52	2.52	2.52	1200	44340.00
2015/05/21	2.82	2.82	2.82	2.82	2500	101625.00
2015/05/22	3.16	3.16	3.16	3.16	1800	80496.00
2015/05/25	3.54	3.54	3.54	3.54	2800	137732.00
2015/05/26	3.95	3.95	3.95	3.95	1700	91987.00
2015/05/27	4.40	4.40	4.40	4.40	5800	345216.00
2015/05/28	4.90	4.90	4.90	4.90	6700	438649.00
2015/05/29	5.44	5.44	5.44	5.44	14500	1044290.00
2015/06/01	6.04	6.04	6.04	6.04	3100	245582.00
2015/06/02	6.70	6.70	6.70	6.70	10100	880114.00
2015/06/03	7.43	7.43	7.43	7.43	37769	3620158.75
2015/06/04	8.23	8.23	8.23	8.23	58700	6189328.00
2015/06/05	9.11	9.11	9.11	9.11	37950	4401441.00
2015/06/08	10.08	10.08	10.08	10.08	150850	19245444.00
2015/06/09	10.12	11.14	9.54	11.14	8798904	1189375744.00
2015/06/10	12.32	12.32	12.32	12.32	307462	47462908.00
2015/06/11	13.60	13.60	13.60	13.60	26400	4482984.00
2015/06/12	15.02	15.02	14.63	15.02	4297126	802509568.00
2015/06/15	13.63	14.79	13.46	13.46	3806292	658915328.00
2015/06/16	13.20	14.87	12.95	13.29	5853886	1003782144.00
2015/06/17	13.04	14.61	13.03	14.20	4253475	738882112.00
2015/06/18	13.66	13.79	12.72	12.72	4118956	669543936.00
2015/06/19	12.03	13.03	11.53	11.54	2708905	419982368.00
2015/06/23	11.91	12.75	11.87	12.75	3428655	541509376.00
2015/06/24	13.12	13.19	11.42	11.74	4932593	743369472.00
2015/06/25	11.53	12.13	11.24	11.28	2525057	370004064.00
2015/06/26	11.12	11.45	10.10	10.10	1861334	247191936.00
2015/06/29	9.53	10.95	9.03	10.45	4157067	532237888.00
2015/06/30	10.28	11.55	9.87	11.55	2713230	370164960.00
2015/07/01	11.14	12.76	11.13	11.37	2732530	408433152.00
2015/07/02	11.00	11.12	10.17	10.17	1891817	249364000.00
2015/07/03	9.11	10.67	9.10	9.10	2537089	302755584.00
2015/07/06	10.07	10.07	8.13	8.13	2866782	332507456.00
2015/07/07	7.44	7.61	7.26	7.26	762300	71844696.00
2015/07/08	6.48	7.78	6.48	6.48	3867565	332484864.00
2015/07/09	6.77	7.19	6.65	7.19	2514006	229595152.00
2015/07/10	7.96	7.96	7.96	7.96	102960	10521482.00
2015/07/13	8.81	8.81	8.81	8.81	58139	6535405.00
2015/07/14	9.75	9.75	9.45	9.75	3044918	375681696.00
2015/07/15	9.36	9.61	8.72	8.72	2621586	298002176.00
2015/07/16	8.20	9.62	7.96	9.02	2057391	234001424.00
2015/07/17	9.20	9.79	9.20	9.66	1963782	238616112.00
2015/07/20	9.55	10.03	9.37	9.70	1786688	219829792.00
2015/07/21	9.46	10.73	9.28	10.73	2155286	278915936.00
2015/07/22	10.97	11.86	10.74	11.86	3736962	536606944.00
2015/07/23	13.10	13.10	12.62	13.10	2383848	388358688.00
2015/07/24	13.64	14.47	13.64	13.70	3213505	569801472.00
2015/07/27	12.87	14.77	12.79	12.95	3127293	533044352.00
2015/07/28	12.12	14.30	11.77	13.92	2855936	474473376.00
2015/07/29	14.08	14.32	12.47	13.47	3488286	567727936.00
2015/07/30	13.02	13.33	12.08	12.15	1995960	321005952.00
2015/07/31	12.22	13.08	11.46	11.87	2151951	332453600.00
2015/08/03	11.28	11.51	10.62	10.62	1954309	266742224.00
2015/08/04	10.78	11.74	10.62	11.74	2139132	299880928.00
2015/08/05	11.95	12.97	11.76	12.31	2872974	451054432.00
2015/08/06	11.95	13.60	11.13	13.60	2579273	426461632.00
2015/08/07	14.16	14.44	13.08	13.58	2518168	425891936.00
2015/08/10	13.36	14.91	13.36	14.26	2168312	383736448.00
2015/08/11	14.15	15.74	14.13	15.54	2267682	428228704.00
2015/08/12	15.12	15.46	13.93	13.95	2936824	529279360.00
2015/08/13	13.60	14.70	13.43	14.65	1920594	336662816.00
2015/08/14	14.64	15.71	14.54	15.12	1975095	374785056.00
2015/08/17	14.99	15.26	14.04	14.12	1198503	216356112.00
2015/08/18	14.04	14.59	12.65	12.65	1696127	286545632.00
2015/08/19	12.20	13.58	11.82	13.54	2232126	356843360.00
2015/08/20	13.12	13.32	12.24	12.26	1428874	229406704.00
2015/08/21	11.87	12.12	11.25	11.45	1737697	253970016.00
2015/08/24	10.78	10.95	10.25	10.25	1682346	222985904.00
2015/08/25	9.29	10.85	9.17	9.79	3007645	376592640.00
2015/08/26	9.91	10.82	9.74	10.53	2858183	376277920.00
2015/08/27	10.66	11.20	10.12	10.91	2170266	294126368.00
2015/08/28	11.25	11.42	10.51	11.29	1973211	271227456.00
2015/08/31	10.95	11.19	10.25	10.37	1299084	176694864.00
2015/09/01	10.03	10.04	9.27	9.27	1316792	161072368.00
2015/09/02	8.53	10.24	8.36	9.05	1523498	179372688.00
2015/09/07	9.45	10.01	8.71	9.33	2658257	321637184.00
2015/09/08	9.03	10.28	8.99	10.04	1916772	236216032.00
2015/09/09	10.28	11.10	10.24	11.10	2626923	362582400.00
2015/09/10	11.13	11.93	10.93	11.25	4342289	310454272.00
2015/09/11	10.98	11.34	10.71	11.02	2755265	189888144.00
2015/09/14	11.07	11.20	9.86	9.86	2237015	145652672.00
2015/09/15	9.13	9.53	8.82	8.82	2583493	147956544.00
2015/09/16	8.96	9.76	8.73	9.76	3699041	219114768.00
2015/09/17	9.88	10.43	9.36	9.39	4608252	289318368.00
2015/09/18	9.40	10.28	9.40	9.85	2594379	160677408.00
2015/09/21	9.68	10.89	9.54	10.89	4183986	279171360.00
2015/09/22	11.45	12.00	11.40	11.51	6018883	438607936.00
2015/09/23	11.20	12.48	11.10	11.91	4069220	303171360.00
2015/09/24	11.83	12.30	11.35	11.48	3469938	256171392.00
2015/09/25	11.46	11.78	10.66	10.73	2171690	151905984.00
2015/09/28	10.79	11.86	10.62	11.86	3521084	254838432.00
2015/09/29	11.48	12.45	11.48	12.03	3709611	280250752.00
2015/09/30	12.38	12.80	12.27	12.42	3112180	243680688.00
2015/10/08	13.17	13.70	12.67	12.77	3163190	260447520.00
2015/10/09	12.50	13.38	12.50	13.30	2619520	211217328.00
2015/10/12	13.32	14.46	13.32	13.62	3955019	343739200.00
2015/10/13	13.30	13.55	12.97	13.35	3168065	262496768.00
2015/10/14	13.63	13.95	12.92	13.04	3052752	253911760.00
2015/10/15	12.84	14.41	12.84	14.41	3977481	342574400.00
2015/10/16	15.09	15.39	13.96	14.02	6124101	550919424.00
2015/10/19	14.03	14.81	13.64	14.49	5560787	490866656.00
2015/10/20	14.35	15.97	14.14	15.50	5586323	519753984.00
2015/10/21	15.31	16.31	14.06	14.64	6929594	654509120.00
2015/10/22	14.81	15.31	14.22	15.26	4803885	443651360.00
2015/10/23	15.31	15.59	14.46	15.06	4940780	459454048.00
2015/10/26	15.14	15.97	14.56	15.55	4675811	447694112.00
2015/10/27	15.13	15.32	14.47	15.19	3693754	341494208.00
2015/10/28	15.26	15.64	14.47	14.54	3624719	335040352.00
2015/10/29	14.96	14.96	13.92	14.48	3144657	281124000.00
2015/10/30	14.30	14.64	13.72	14.30	2544850	225146384.00
2015/11/02	13.82	15.47	13.82	14.64	3825030	352660448.00
2015/11/03	14.47	14.81	14.10	14.28	2902918	260748320.00
2015/11/04	14.48	15.49	14.48	15.42	3925651	366407040.00
2015/11/05	15.48	16.97	15.43	15.52	5085687	503858400.00
2015/11/06	15.31	16.85	15.31	16.56	4684579	470642592.00
2015/11/09	16.22	18.27	16.14	18.01	5781341	628132672.00
2015/11/10	17.48	18.79	17.23	18.23	4619834	508545952.00
2015/11/11	18.59	18.98	17.64	18.65	4181897	472771648.00
2015/11/12	19.01	19.28	17.87	18.39	3627685	413347264.00
2015/11/13	17.81	17.98	16.56	16.63	4852789	517848960.00
2015/11/16	16.14	17.21	15.96	16.99	2326783	242145280.00
2015/11/17	17.37	17.78	16.24	16.36	2820526	294876512.00
2015/11/18	16.38	16.45	15.39	15.64	2982410	292971712.00
2015/11/19	15.77	16.77	15.58	16.64	2856563	284848544.00
2015/11/20	16.47	16.64	15.82	16.12	2968116	297147776.00
2015/11/23	15.84	16.61	15.64	15.84	2404330	238620288.00
2015/11/24	15.84	16.56	15.81	16.47	2881268	288580672.00
2015/11/25	16.29	17.18	15.97	16.86	3305852	339306080.00
2015/11/26	16.95	17.14	15.90	15.90	3267728	331350208.00
2015/11/27	15.74	15.74	14.26	14.47	3700043	346423040.00
2015/11/30	14.47	15.23	13.92	15.04	2852449	260300624.00
2015/12/01	14.97	15.37	14.81	15.21	2700719	252591760.00
2015/12/02	15.06	15.06	13.63	14.47	2101830	187365776.00
2015/12/03	14.43	15.05	14.43	14.89	1486840	136855616.00
2015/12/04	14.77	14.92	14.26	14.56	2423295	219899552.00
2015/12/07	14.57	15.09	14.22	14.86	2236948	205263472.00
2015/12/08	14.81	14.81	14.30	14.49	1904722	172205584.00
2015/12/09	14.81	16.00	14.76	15.30	5805206	560837888.00
2015/12/10	14.87	14.97	14.17	14.55	3905750	353091808.00
2015/12/11	14.56	14.64	13.72	13.72	2682372	234541552.00
2015/12/14	13.39	14.05	13.25	13.97	1846240	158002240.00
2015/12/15	14.12	14.99	14.10	14.81	3345082	304246048.00
2015/12/16	14.88	15.17	14.63	14.84	2523834	234102176.00
2015/12/17	15.18	16.37	15.18	16.37	6357941	629876160.00
2015/12/18	16.16	17.05	16.14	16.39	4833229	497493472.00
2015/12/21	16.66	17.98	16.66	17.69	4326287	465638208.00
2015/12/22	17.54	18.44	17.10	18.01	3226785	351378368.00
2015/12/23	17.81	17.89	17.19	17.62	2157353	232971296.00
2015/12/24	17.31	17.57	16.40	16.96	1850486	194053936.00
2015/12/25	17.13	17.78	16.99	17.14	1548803	166513872.00
2015/12/28	17.17	17.94	16.65	16.68	2384673	255388016.00
2015/12/29	16.66	17.00	16.01	16.58	2630060	266151712.00
2015/12/30	16.63	17.59	16.51	17.16	1879715	199567360.00
2015/12/31	17.28	17.29	15.97	16.04	2384568	241688240.00
2016/01/04	16.47	16.69	15.21	15.26	2223813	222759024.00
2016/01/05	14.64	16.14	14.63	15.84	2913639	278152736.00
2016/01/06	15.89	15.96	15.06	15.85	2630966	253431616.00
2016/01/07	15.14	15.27	14.21	14.21	934200	84354576.00
2016/01/08	14.39	14.79	13.47	14.39	2011785	180160464.00
2016/01/11	14.05	14.62	12.89	12.89	2157978	184774544.00
2016/01/12	12.85	13.20	11.97	12.54	2552288	201012464.00
2016/01/13	12.81	13.30	12.05	12.69	2421612	194279024.00
2016/01/14	12.13	13.66	11.97	13.59	2167835	176221184.00
2016/01/15	13.47	13.64	12.67	12.70	1753174	143627024.00
2016/01/18	12.17	13.47	12.17	13.17	1819326	148250784.00
2016/01/19	13.17	13.80	12.99	13.64	1374760	115080568.00
2016/01/20	13.51	14.05	13.31	13.40	1385936	117967416.00
2016/01/21	13.05	13.57	12.01	12.01	2257582	180294000.00
2016/01/22	12.27	12.39	11.80	12.25	1628150	123636200.00
2016/01/25	12.37	12.59	12.05	12.13	1305568	100577792.00
2016/01/26	11.91	11.91	10.86	10.86	2308368	162426192.00
2016/01/27	12.00	12.00	11.80	12.00	7139485	536913536.00
2016/01/28	11.80	13.17	11.40	12.38	6955829	529963872.00
2016/01/29	12.06	13.67	11.90	13.09	4618989	370459488.00
2016/02/01	12.97	13.04	12.24	12.53	4025005	318333088.00
2016/02/02	12.72	13.30	12.62	13.00	3118719	253038672.00
2016/02/03	12.73	13.80	12.72	13.64	4399595	366525536.00
2016/02/04	13.62	14.37	13.50	14.20	4173226	360130848.00
2016/02/05	14.14	14.43	13.84	14.07	2819168	247024704.00
2016/02/15	13.64	15.54	13.64	15.54	3638987	333002912.00
2016/02/16	15.56	16.61	15.38	16.30	3822653	376899456.00
2016/02/17	16.98	17.98	16.64	17.98	7011668	767374912.00
2016/02/18	19.10	19.83	18.48	19.83	8089404	957812864.00
2016/02/19	19.41	20.03	18.86	18.93	8051056	958480000.00
2016/02/22	19.00	20.60	18.63	19.81	7964544	949029440.00
2016/02/23	19.52	19.78	18.14	18.79	6624231	776944448.00
2016/02/24	18.68	19.06	17.96	18.51	5534231	628169024.00
2016/02/25	18.81	18.98	16.61	16.74	7969657	874222784.00
2016/02/26	16.74	17.57	16.56	16.88	6534416	692607104.00
2016/02/29	16.44	17.00	15.40	16.42	6715111	674521472.00
2016/03/01	16.44	17.64	15.57	17.48	7293042	748994816.00
2016/03/02	17.31	19.28	17.09	18.75	7915805	888429376.00
2016/03/03	18.65	19.30	18.26	18.63	5579332	645458432.00
2016/03/04	18.52	19.80	17.64	18.94	8161215	952097728.00
2016/03/07	18.98	19.85	18.75	19.28	6879016	818012608.00
2016/03/08	18.70	18.81	17.30	18.12	7512953	821348800.00
2016/03/09	17.63	18.63	17.33	17.52	4456083	496212928.00
2016/03/10	17.14	18.75	17.06	17.98	5931082	656527360.00
2016/03/11	17.89	19.03	17.81	18.47	5460557	619604160.00
2016/07/20	20.37	20.37	20.37	20.37	3029484	125996240.00
2016/07/21	21.07	22.45	20.83	21.46	43540405	1929951232.00
2016/07/22	21.17	23.36	21.13	22.95	33038444	1507471616.00
2016/07/25	22.08	22.22	20.61	20.61	22804003	973305152.00
2016/07/26	20.02	20.57	19.37	19.80	18975458	770249856.00
2016/07/27	19.78	20.28	18.12	19.57	20373071	814172160.00
2016/07/28	19.37	19.50	18.11	18.49	13985687	535247872.00
2016/07/29	18.51	18.52	17.52	17.57	13612013	495802112.00
2016/08/01	17.23	17.36	16.42	16.64	11026896	379407360.00
2016/08/02	16.78	17.44	16.78	17.09	10841261	380619584.00
2016/08/03	16.97	17.31	16.63	17.12	9619771	334665728.00
2016/08/04	17.02	18.03	16.77	17.59	13552185	486440896.00
2016/08/05	17.52	17.52	16.82	16.90	10308761	363060320.00
2016/08/08	16.60	16.82	16.49	16.82	5613013	192193856.00
2016/08/09	16.94	17.70	16.94	17.22	10629764	378038048.00
2016/08/10	17.64	18.40	17.37	18.15	16106129	589768064.00
2016/08/11	17.94	17.94	17.40	17.45	11106135	400350144.00
2016/08/12	16.98	17.02	16.51	16.81	12885434	443503680.00
2016/08/15	16.69	17.43	16.47	17.23	12383001	432255040.00
2016/08/16	17.06	17.81	16.92	17.30	16854373	600673856.00
2016/08/17	17.09	17.17	16.64	16.88	16979640	587135872.00
2016/08/18	16.90	17.04	16.62	16.76	9808621	337287072.00
2016/08/19	16.67	16.94	16.64	16.77	7481207	257734640.00
2016/08/22	16.86	16.87	16.14	16.15	11223435	378334976.00
2016/08/23	16.17	16.38	16.15	16.28	4362058	145553232.00
2016/08/24	16.37	16.54	16.20	16.23	6084254	203671168.00
2016/08/25	16.09	16.18	15.50	15.68	10671331	343620256.00
2016/08/26	15.77	15.86	15.60	15.61	5727021	184895680.00
2016/08/29	15.56	15.85	15.52	15.75	4686199	151466768.00
2016/08/30	15.79	15.99	15.76	15.82	4309069	140341984.00
2016/08/31	15.84	15.89	15.48	15.62	5065872	162583664.00
2016/09/01	15.53	15.72	15.50	15.51	4496422	144213552.00
2016/09/02	15.52	15.53	15.00	15.08	6839324	214160240.00
2016/09/05	15.09	15.20	14.79	14.83	5782643	178577008.00
2016/09/06	14.89	16.27	14.75	16.08	14844504	475320064.00
2016/09/07	15.96	16.04	15.63	15.66	9244496	299636160.00
2016/09/08	15.57	16.06	15.57	15.74	7043862	229630160.00
2016/09/09	15.76	15.86	15.24	15.26	5815879	185263472.00
2016/09/12	14.73	15.00	14.50	14.51	6545673	198069616.00
2016/09/13	14.66	14.68	14.27	14.36	5105698	151814640.00
2016/09/14	14.31	15.00	14.24	14.68	7965082	241226224.00
2016/09/19	14.68	14.84	14.64	14.77	3657549	110816232.00
2016/09/20	14.74	14.88	14.63	14.86	3436505	104311832.00
2016/09/21	14.91	15.01	14.76	14.84	3668447	112537672.00
2016/09/22	14.99	15.41	14.99	15.15	6401102	200684800.00
2016/09/23	15.05	15.16	14.80	14.84	4228344	129871792.00
2016/09/26	14.84	14.96	14.51	14.61	4418235	133222768.00
2016/09/27	14.56	15.01	14.56	14.82	3598616	109724704.00
2016/09/28	14.92	14.97	14.76	14.81	2847058	86995968.00
2016/09/29	14.91	15.01	14.79	14.80	2774273	84985488.00
2016/09/30	14.84	14.88	14.71	14.87	2407210	73493072.00
2016/10/10	14.89	15.41	14.86	15.32	5672028	176969840.00
2016/10/11	15.36	15.67	15.27	15.48	5394753	172027552.00
2016/10/12	15.42	15.76	15.41	15.57	5225566	167490384.00
2016/10/13	15.48	15.66	15.29	15.42	4055483	128516720.00
2016/10/14	15.31	15.57	15.20	15.57	3658574	115374184.00
2016/10/17	15.77	15.99	15.62	15.81	10137715	330144160.00
2016/10/18	15.67	17.06	15.67	16.98	18045746	615101632.00
2016/10/19	16.97	17.64	16.72	17.24	15526312	548997312.00
2016/10/20	17.07	17.30	16.85	16.98	10743938	376938432.00
2016/10/21	16.86	16.89	16.16	16.46	12216053	413482304.00
2016/10/24	16.27	16.55	15.97	16.47	9042307	302266336.00
2016/10/25	16.37	16.44	16.06	16.12	7548793	251131216.00
2016/10/26	16.09	16.40	15.97	15.99	6443203	213592512.00
2016/10/27	16.02	16.26	15.74	16.22	6960940	229643584.00
2016/10/28	16.21	16.86	16.13	16.48	12881611	439893952.00
2016/10/31	16.52	17.26	16.50	17.11	12986256	452358272.00
2016/11/01	17.21	17.26	16.77	17.07	10803528	376723200.00
2016/11/02	16.97	16.99	16.64	16.77	7554569	260344752.00
2016/11/03	16.67	17.19	16.59	16.72	8989226	310781760.00
2016/11/04	16.62	16.80	16.42	16.54	5639045	191479616.00
2016/11/07	16.49	17.13	16.42	17.09	8996468	312035360.00
2016/11/08	17.22	17.25	16.88	16.92	6842971	239000960.00
2016/11/09	16.82	16.86	15.99	16.32	9331355	315117760.00
2016/11/10	16.56	16.76	16.31	16.44	5176236	175919968.00
2016/11/11	16.45	16.60	16.21	16.46	5849462	196538592.00
2016/11/14	16.37	16.79	16.33	16.56	7178999	244712912.00
2017/02/08	16.07	17.92	15.59	17.30	21308219	742530560.00
2017/02/09	17.43	18.26	16.98	17.27	16520538	592376128.00
2017/02/10	16.87	17.18	16.61	16.65	9442142	326448672.00
2017/02/13	16.57	16.57	16.06	16.23	8290716	275785248.00
2017/02/14	16.23	16.51	16.12	16.48	5106887	171539120.00
2017/02/15	16.44	16.44	15.87	15.88	5579487	184814288.00
2017/02/16	15.76	15.86	15.37	15.41	6457876	206135376.00
2017/02/17	15.44	15.59	15.35	15.45	2757578	87665864.00
2017/02/20	15.16	15.60	15.13	15.57	3837374	121420456.00
2017/02/21	15.50	15.79	15.40	15.64	3430346	110105000.00
2017/02/22	15.64	16.34	15.57	16.21	7236413	239052704.00
2017/02/23	16.07	16.35	15.95	16.25	4301137	142878544.00
2017/02/24	16.07	16.47	16.07	16.33	3251638	109111472.00
2017/02/27	16.41	16.92	16.18	16.82	6734799	229619472.00
2017/02/28	16.82	17.34	16.57	16.57	8612800	300379712.00
2017/03/01	16.02	16.64	15.92	16.61	7673734	256168880.00
2017/03/02	16.82	18.10	16.82	17.49	15038018	543721344.00
2017/03/03	17.56	19.28	17.55	18.93	19953322	754725888.00
2017/03/06	19.18	19.82	18.47	18.97	15744672	614621376.00
2017/03/07	18.88	18.97	18.32	18.46	11551002	438617600.00
2017/03/08	18.47	19.19	18.46	18.52	9938892	382930976.00
2017/03/09	19.07	19.37	18.59	18.87	13251446	514387104.00
2017/03/10	18.84	20.58	18.84	20.27	19954663	804104000.00
2017/03/13	20.07	20.66	19.63	20.47	14814900	611173440.00
2017/03/14	20.50	21.00	20.32	20.45	9930355	417374720.00
2017/03/15	20.53	20.62	20.06	20.55	8267516	343426432.00
2017/03/16	20.41	20.67	20.28	20.52	7339873	306998848.00
2017/03/17	20.58	22.24	20.47	20.48	16326544	707705728.00
2017/03/20	20.07	21.27	20.02	20.74	10587218	447822144.00
2017/03/21	20.61	20.97	20.14	20.69	8307704	347323008.00
2017/03/22	20.57	20.98	20.37	20.93	7382572	313274144.00
2017/03/23	20.92	21.90	20.82	21.60	11971429	523468320.00
2017/03/24	21.65	22.25	21.37	21.79	8907163	396922592.00
2017/03/27	21.57	21.92	20.95	21.42	7495666	328016544.00
2017/03/28	21.57	22.16	21.31	21.37	5731669	253501776.00
2017/03/29	21.32	21.72	20.57	20.84	7163438	309572096.00
2017/03/30	20.63	20.84	19.97	20.20	7265019	302359680.00
2017/03/31	20.23	21.15	20.23	20.95	9556656	405111616.00
2017/04/05	20.82	22.46	20.82	22.18	12255519	551221184.00
2017/04/06	22.19	22.35	21.51	21.67	7490137	332468896.00
2017/04/07	22.06	22.13	21.09	21.22	6251021	272417504.00
2017/04/10	21.27	22.33	20.86	22.18	10423744	461704832.00
2017/04/11	22.03	22.28	21.05	21.81	8919828	393693216.00
2017/04/12	21.41	22.32	21.32	21.88	7581933	339988736.00
2017/04/13	21.66	22.22	21.57	22.16	5307587	237626448.00
2017/04/14	22.08	23.33	22.08	22.58	10677581	496566016.00
2017/04/17	22.42	23.15	21.57	22.51	7678997	351824576.00
2017/04/18	22.33	22.62	21.77	22.08	4162512	187758160.00
2017/04/19	22.10	22.13	20.79	21.34	7482193	323240832.00
2017/04/20	22.14	22.74	21.99	22.19	9069344	411363904.00
2017/04/21	22.04	22.85	21.92	22.32	5125248	234505760.00
2017/04/24	21.98	22.04	20.79	20.81	6893153	300998560.00
2017/04/25	20.87	21.70	20.85	21.12	5482350	237180976.00
2017/04/26	21.38	22.25	21.36	22.04	6318405	280621184.00
2017/04/27	22.04	22.55	21.89	22.44	6828322	308404480.00
2017/04/28	22.38	22.63	22.16	22.43	3406405	155204960.00
2017/05/02	22.63	22.88	22.20	22.45	4475114	204718272.00
2017/05/03	22.39	22.73	21.99	22.14	3943567	178074640.00
2017/05/04	21.90	22.11	21.59	21.64	3757981	166091104.00
2017/05/05	21.61	21.61	20.82	20.97	4978406	213411296.00
2017/05/08	20.94	21.12	20.28	20.32	4396406	184926160.00
2017/05/09	20.15	20.98	20.00	20.90	4483337	187706992.00
2017/05/10	21.02	21.23	20.39	20.48	3177151	134812448.00
2017/05/11	20.24	20.85	20.16	20.78	3557233	148905584.00
2017/05/12	20.89	20.96	19.78	19.86	6642746	274674848.00
2017/05/15	19.89	20.38	19.10	19.31	5520306	219080528.00
2017/05/16	19.37	20.53	19.29	20.51	5142474	208307072.00
2017/05/17	20.50	21.11	20.50	20.66	4621913	195990976.00
2017/05/18	20.57	21.10	20.48	20.81	3446690	145795936.00
2017/05/19	20.89	21.02	20.44	20.66	2949267	123779152.00
2017/05/22	20.67	20.74	19.79	19.98	3474995	142315040.00
2017/05/23	20.16	20.37	19.64	19.69	2597086	105548344.00
2017/05/24	19.70	20.36	19.41	20.26	3633617	148121168.00
2017/05/25	20.34	20.38	19.68	20.29	2944534	120557528.00
2017/05/26	20.30	20.41	20.03	20.11	2261383	93184616.00
2017/05/31	20.64	20.64	19.66	19.76	2697588	109945160.00
2017/06/01	19.62	19.62	18.74	18.78	4555816	177264464.00
2017/06/02	18.64	19.39	18.21	19.03	4393808	167518352.00
2017/06/05	19.09	19.83	19.03	19.64	3563328	141814304.00
2017/06/06	19.63	19.83	19.40	19.59	1888392	75550624.00
2017/06/07	19.59	20.49	19.58	20.38	4728746	193883200.00
2017/06/16	22.18	22.44	21.24	21.73	11452182	507217984.00
2017/06/19	21.64	22.74	21.55	22.44	7734867	350556768.00
2017/06/20	22.57	24.72	22.57	24.04	17885015	874656192.00
2017/06/21	24.08	24.24	23.54	23.82	8077304	390419424.00
2017/06/22	23.89	25.82	23.72	24.76	12463188	626073088.00
2017/06/23	24.54	24.86	23.62	24.60	8382196	413200480.00
2017/06/26	24.32	24.80	24.14	24.61	5929211	295038528.00
2017/06/27	24.54	25.02	24.16	24.25	4016060	199308512.00
2017/06/28	24.53	25.27	24.04	24.38	5516604	276076544.00
2017/06/29	24.29	25.24	24.08	24.77	5967920	300580192.00
2017/06/30	24.55	26.37	24.37	25.53	6814535	350086176.00
2017/07/03	25.49	26.24	24.94	25.85	6169634	319903456.00
2017/07/04	25.70	26.60	24.96	24.97	7727836	404245920.00
2017/07/05	24.69	27.51	24.69	27.51	12633133	678972544.00
2017/07/06	27.49	29.40	27.41	28.23	13806348	790493888.00
2017/07/07	28.59	30.45	27.90	29.33	13470557	796597248.00
2017/07/10	29.21	29.64	28.82	29.39	7894638	467246784.00
2017/07/11	29.40	30.28	27.95	29.65	11804539	694206208.00
2017/07/12	29.13	31.41	29.00	31.01	11438646	704591360.00
2017/07/13	30.09	32.56	30.04	30.50	10029628	636425280.00
2017/07/14	30.87	32.54	30.47	31.41	9529153	606755200.00
2017/07/17	31.18	32.29	29.62	30.73	9215523	579109248.00
2017/07/18	30.71	31.09	28.31	29.90	9241182	560354880.00
2017/07/19	29.95	31.46	29.01	31.41	6787341	415443840.00
2017/07/20	31.53	34.11	31.33	31.91	7107483	468059648.00
2017/07/21	31.91	32.91	30.15	31.50	4891052	313927776.00
2017/07/24	31.61	31.86	30.10	30.23	5676259	353694432.00
2017/07/25	30.40	30.98	29.75	30.83	5224833	321418048.00
2017/07/26	30.75	31.81	30.45	31.15	4625130	291081216.00
2017/07/27	30.90	31.02	29.68	30.35	5437196	332402240.00
2017/07/28	30.38	32.85	30.23	32.31	8077679	520090912.00
2017/07/31	32.16	33.74	32.16	33.08	6345353	421965088.00
2017/08/01	32.66	33.96	32.10	33.26	5311428	353133856.00
2017/08/02	33.25	33.38	32.16	32.95	5247344	347339552.00
2017/08/03	32.79	33.98	32.40	33.18	3845302	259559344.00
2017/08/04	33.16	33.38	31.95	32.11	3322658	218269248.00
2017/08/07	32.16	33.12	31.58	32.38	3017939	197541504.00
2017/08/08	32.39	32.61	30.24	30.82	6534490	410700192.00
2017/08/09	30.69	31.25	30.49	30.53	3612524	225765296.00
2017/08/10	30.84	31.08	29.51	29.92	4230190	257999184.00
2017/08/11	29.96	30.32	29.25	29.65	2737190	164953344.00
2017/08/14	29.69	31.34	29.65	31.34	4403702	273913984.00
2017/08/15	31.35	32.34	31.16	31.62	3815659	244177136.00
2017/08/16	31.42	31.51	30.30	30.99	4584300	284567744.00
2017/08/17	31.02	31.25	30.55	30.95	2416204	151307840.00
2017/08/18	30.70	30.70	29.75	30.25	2325014	141972960.00
2017/08/21	30.39	30.64	30.13	30.27	1342421	82437896.00
2017/08/22	30.24	32.19	30.15	32.16	5178685	328697536.00
2017/08/23	32.08	32.09	31.20	31.39	2845190	181928416.00
2017/08/24	31.43	31.64	30.33	30.62	2255091	140366672.00
2017/08/25	30.30	31.05	29.98	30.66	2625692	161655632.00
2017/08/28	30.60	32.16	30.41	31.86	3818153	244275488.00
2017/08/29	32.04	32.85	31.67	32.47	3563277	233159024.00
2017/08/30	32.48	32.80	31.88	32.71	2572688	168400544.00
2017/08/31	32.66	33.81	32.51	32.84	4399802	294546912.00
2017/09/01	33.00	36.17	33.00	36.17	7992869	566747904.00
2017/09/04	36.26	39.21	36.26	38.69	8302518	628076544.00
2017/09/05	38.38	39.32	37.35	39.06	5455258	420925728.00
2017/09/06	38.43	41.67	38.43	38.64	7359748	590277952.00
2017/09/07	39.37	39.63	37.36	37.79	5288671	409225472.00
2017/09/08	37.87	38.85	37.60	37.87	3160794	243826304.00
2017/09/11	38.56	41.69	38.56	41.69	7611858	624471488.00
2017/09/12	41.83	42.47	37.48	38.58	9208195	743110336.00
2017/09/13	38.68	41.46	37.41	41.04	7428095	587370496.00
2017/09/14	40.68	41.72	39.42	39.44	5153095	418587488.00
2017/09/15	39.45	39.82	38.11	38.77	3225634	252948192.00
2017/09/18	38.77	39.42	38.15	38.88	2121016	166241328.00
2017/09/19	39.10	39.22	36.98	37.31	3198786	244513696.00
2017/09/20	37.76	38.32	37.38	38.07	2003648	153330288.00
2017/09/21	38.15	38.37	37.66	37.72	1536056	117495704.00
2017/09/22	37.92	39.23	37.37	38.18	2794451	216589360.00
2017/09/25	38.18	38.18	36.10	36.86	3485412	259021408.00
2017/09/26	36.16	38.22	36.15	37.64	2626126	197555488.00
2017/09/27	37.56	39.62	37.36	38.57	5457624	426624800.00
2017/09/28	37.79	38.42	36.67	38.00	3758899	285442976.00
2017/09/29	37.91	38.40	36.11	36.96	3659209	273938080.00
2017/10/09	36.94	37.47	36.89	37.26	2653463	198689712.00
2017/10/10	37.36	37.59	37.06	37.39	2124231	160033328.00
2017/10/11	37.41	37.42	35.67	36.06	3528492	258568560.00
2017/10/12	36.06	36.56	34.81	35.30	2271117	162821904.00
2017/10/13	35.37	36.48	35.37	36.33	2088474	151990080.00
2017/10/16	36.46	36.68	35.51	35.75	2344000	169975664.00
2017/10/17	35.75	36.39	35.43	35.63	1696226	123478120.00
2017/10/18	36.01	36.49	35.56	35.70	1433229	103876088.00
2017/10/19	35.66	36.30	35.43	35.85	1430357	103815480.00
2017/10/20	35.89	38.34	35.81	38.31	3873039	291689248.00
2017/10/23	38.81	39.29	37.76	38.42	2680118	208409136.00
2017/10/24	38.16	39.10	38.07	38.71	2115575	164613184.00
2017/10/25	38.56	38.64	37.82	38.44	1990615	153537888.00
2017/10/26	38.66	38.81	37.93	38.27	2185926	168470848.00
2017/10/27	38.42	38.57	36.66	37.06	2120325	160942240.00
2017/10/30	37.16	38.78	36.23	38.27	3781976	288794176.00
2017/10/31	38.23	40.60	38.17	40.21	4526608	361033792.00
2017/11/01	40.18	42.46	40.18	41.71	5323117	444620288.00
2017/11/02	41.32	41.71	39.58	40.16	4639210	378804000.00
2017/11/03	40.32	40.56	39.02	39.60	2671200	213571952.00
2017/11/06	39.81	39.96	38.19	39.06	3026552	237439120.00
2017/11/07	39.02	39.09	37.97	38.86	2518180	195670128.00
2017/11/08	38.29	40.41	38.17	40.16	4267995	340560224.00
2017/11/09	40.17	40.66	39.08	40.17	3114977	249416048.00
2017/11/10	40.17	40.98	39.66	40.17	2624400	213178208.00
2017/11/13	42.02	43.42	40.67	41.31	4526702	380110176.00
2017/11/14	41.47	41.61	37.93	38.91	6785757	539169920.00
2017/11/15	38.67	38.67	34.98	34.98	7503656	539019456.00
2017/11/16	33.68	34.53	31.99	34.17	8767115	588611840.00
2017/11/17	33.61	35.60	32.47	33.26	5956578	413314528.00
2017/11/20	33.01	35.16	32.19	34.94	3972667	273235552.00
2017/11/21	34.91	36.74	34.81	35.47	3888670	281095776.00
2017/11/22	35.36	36.40	34.48	35.84	3311095	237767552.00
2017/11/23	35.66	36.36	34.56	34.59	2448201	175336400.00
2017/11/24	34.47	34.88	33.90	34.01	1860200	128551592.00
2017/11/27	34.00	34.46	30.99	31.16	3836311	252734976.00
2017/11/28	31.22	32.95	31.22	32.78	3296554	214914752.00
2017/11/29	32.98	34.53	32.85	34.23	3931758	270292032.00
2017/11/30	34.47	35.30	32.76	33.20	2944239	202195408.00
2017/12/01	33.26	34.10	32.72	33.56	1975499	134303360.00
2017/12/04	34.30	34.51	33.15	33.76	1750359	119921272.00
2017/12/05	33.93	33.93	30.93	31.81	4981792	321321792.00
2017/12/06	31.65	32.45	30.34	32.44	4208421	266289008.00
2017/12/07	31.99	32.14	30.99	31.61	3102948	197077408.00
2017/12/08	31.23	31.89	31.00	31.65	3481131	221133472.00
2017/12/11	31.30	32.90	31.30	32.90	3407639	221803424.00
2017/12/12	32.91	33.90	32.68	33.03	3253477	218803712.00
2017/12/13	32.58	33.28	31.82	32.33	2390460	156276000.00
2017/12/14	32.48	32.50	31.72	31.92	1798701	116494224.00
2017/12/15	31.78	32.11	30.99	31.51	1550277	98584000.00
2017/12/18	31.56	31.81	30.30	30.36	2544975	158339792.00
2017/12/19	30.47	30.75	28.69	29.25	4864853	290705376.00
2017/12/20	29.50	29.64	28.90	28.98	2818130	166854720.00
2017/12/21	29.23	29.45	28.72	29.20	2303950	135837376.00
2017/12/22	29.50	31.10	29.40	30.55	4494585	276985632.00
2017/12/25	30.47	30.50	29.21	29.25	3261467	196027728.00
2017/12/26	29.25	29.58	28.75	29.38	2040656	120963056.00
2017/12/27	29.65	29.98	29.07	29.37	3802786	227727600.00
2017/12/28	29.11	29.80	28.39	28.40	4849949	284525504.00
2017/12/29	28.75	28.75	27.68	28.13	4021221	228333056.00
2018/01/02	28.44	29.86	28.38	29.60	4089316	240950544.00
2018/01/03	29.80	31.33	29.61	31.05	5921524	367595968.00
2018/01/04	31.14	32.11	30.90	31.15	4401619	280953312.00
2018/01/05	31.15	31.84	30.83	30.89	2989814	188963504.00
2018/01/08	31.18	31.50	30.80	31.41	2819381	177466784.00
2018/01/09	31.56	31.70	30.03	30.58	3253633	201000592.00
2018/01/10	30.35	30.54	28.92	29.19	3215100	192171520.00
2018/01/11	29.19	30.69	29.10	30.65	3418893	207574640.00
2018/01/12	31.05	31.75	29.69	29.73	3229274	199975552.00
2018/01/15	29.61	29.61	27.58	27.75	4479811	258496608.00
2018/01/16	27.77	28.40	26.87	27.17	4171086	232904400.00
2018/01/17	26.89	26.89	24.42	26.30	7457242	383264256.00
2018/01/18	26.15	26.52	25.55	26.30	5196838	274725408.00
2018/01/19	26.15	26.99	25.70	26.15	3721051	198804016.00
2018/01/22	26.14	26.75	25.50	26.24	4727654	250262832.00
2018/01/23	26.27	26.64	25.23	25.37	4036704	211711584.00
2018/01/24	25.51	25.94	24.39	25.59	5768089	297025120.00
2018/01/25	26.06	27.49	25.95	26.08	7240794	391215456.00
2018/01/26	26.12	27.28	26.12	27.24	6681820	363280864.00
2018/01/29	26.55	26.64	25.45	25.58	5921058	311392608.00
2018/01/30	25.45	26.17	25.40	25.86	3274665	172158928.00
2018/01/31	25.66	26.23	25.30	26.08	2938551	153990000.00
2018/02/01	25.70	26.35	25.40	25.85	3148133	165311248.00
2018/02/02	25.91	26.55	25.40	25.67	3215225	169561968.00
2018/02/05	24.89	25.23	23.71	24.11	4972925	244313280.00
2018/02/06	23.27	23.94	22.89	23.52	4300918	204798080.00
2018/02/07	24.22	24.42	22.87	23.93	4006804	193946000.00
2018/02/08	23.65	26.20	23.64	25.72	4151898	213685840.00
2018/02/09	25.15	27.07	25.00	26.68	5733110	308541568.00
2018/02/12	26.74	29.34	26.74	28.70	5537077	319674656.00
2018/02/13	29.05	29.30	28.15	28.48	4425291	256396512.00
2018/02/14	28.80	29.25	27.52	28.80	3332634	191723824.00
2018/02/22	29.25	29.90	28.85	28.95	3742453	222546752.00
2018/02/23	28.82	28.84	27.75	28.60	3890105	222960384.00
2018/02/26	28.90	30.94	28.89	30.35	5544726	339438304.00
2018/02/27	30.28	31.43	29.95	30.26	4643862	288287296.00
2018/02/28	30.28	31.65	30.00	31.34	4289911	270258112.00
2018/03/01	31.15	31.70	30.84	31.46	3156802	200194560.00
2018/03/02	31.16	33.16	30.95	32.87	5340832	350761024.00
2018/03/05	33.26	36.19	32.39	34.90	7637668	528551808.00
2018/03/06	34.56	35.67	34.16	34.43	4081140	285074208.00
2018/03/07	34.59	34.95	33.66	34.93	4219645	291866432.00
2018/03/08	36.15	37.12	33.74	33.86	8899315	637577600.00
2018/03/09	33.84	37.29	33.84	37.11	12308910	883280000.00
2018/03/12	37.17	38.16	36.67	36.89	10976919	823676480.00
2018/03/13	36.93	38.55	36.67	37.00	9146635	688241344.00
2018/03/14	36.71	38.54	36.67	36.82	8356237	633344896.00
2018/03/15	36.67	37.77	35.66	37.06	6246739	462368928.00
2018/03/16	37.10	37.82	36.55	36.56	4663678	349701312.00
2018/03/19	36.06	36.68	35.84	36.12	4128025	302443264.00
2018/03/20	35.84	36.36	34.61	35.95	6469072	462612384.00
2018/03/21	36.03	36.60	34.67	34.71	5408108	388395616.00
2018/03/22	35.28	35.40	34.45	35.12	3760837	265155344.00
2018/03/23	33.94	34.81	32.83	33.25	6488462	440516000.00
2018/03/26	32.92	35.62	32.92	35.51	6848919	479242080.00
2018/03/27	35.95	37.92	35.94	37.78	8415193	628276736.00
2018/03/28	37.17	38.37	37.05	37.09	6015620	456851744.00
2018/03/29	37.53	37.92	35.71	36.64	5051033	373166432.00
2018/03/30	36.81	38.04	36.29	37.98	5294558	400429856.00
2018/04/02	38.69	39.10	36.61	36.71	6843379	518543328.00
2018/04/03	35.81	36.06	34.66	35.96	5231750	374143200.00
2018/04/04	36.16	36.21	34.91	35.16	4053814	289332864.00
2018/04/09	35.03	35.81	34.26	34.37	3325649	236323120.00
2018/04/10	34.89	35.48	33.95	35.30	3483609	245974560.00
2018/04/11	35.62	35.65	34.52	34.89	2906466	206113424.00
2018/04/12	34.72	35.04	33.10	33.47	4718124	321286336.00
2018/04/13	33.72	33.89	32.85	33.34	3487237	234554752.00
2018/04/16	33.15	33.37	31.59	32.18	5409850	353039104.00
2018/04/17	32.76	32.99	31.66	32.52	4231938	277783392.00
2018/04/18	32.56	32.56	30.40	31.91	7141457	453909824.00
2018/04/19	31.87	32.06	31.07	31.50	4327377	276570944.00
2018/04/20	31.46	31.96	30.35	30.50	3849091	243966880.00
2018/04/23	30.50	31.39	30.42	31.03	3530366	221044160.00
2018/04/24	31.15	32.33	30.75	32.24	3846876	247641040.00
2018/04/25	32.05	32.31	31.58	31.83	3509290	226338816.00
2018/04/26	31.66	32.03	29.12	29.16	5606104	343425120.00
2018/04/27	29.60	31.14	29.41	31.05	5025979	309984064.00
2018/05/02	30.97	32.37	30.95	32.29	4820114	311676736.00
2018/05/03	32.29	32.85	31.55	32.55	5187164	338651488.00
2018/05/04	32.62	33.40	32.16	32.20	3650681	242090544.00
2018/05/07	32.19	35.46	32.18	35.01	6979613	482226592.00
2018/05/08	34.72	35.90	34.36	34.69	6268235	444671328.00
2018/05/09	34.71	36.45	34.71	35.74	5498176	397156768.00
2018/05/10	35.66	36.45	35.41	36.42	4029285	293222208.00
2018/05/11	36.49	37.26	35.85	35.95	5587956	414735488.00
2018/05/14	36.02	36.34	33.66	34.31	7286714	512678912.00
2018/05/15	34.33	36.73	34.33	36.66	5618967	404215136.00
2018/05/16	36.45	36.55	34.81	34.87	5530877	395464064.00
2018/05/17	35.36	36.05	34.08	34.66	4733949	333473088.00
2018/05/18	35.00	35.00	33.91	34.51	3284811	229249984.00
2018/05/21	35.21	36.01	34.51	34.78	4464035	317317568.00
2018/05/22	34.91	35.11	33.99	35.10	3384126	235696672.00
2018/05/23	35.01	35.10	34.12	34.32	4341825	302593408.00
2018/05/24	34.67	34.99	33.29	34.04	9988559	341788480.00
2018/05/25	33.93	33.93	32.08	32.42	9653720	318249824.00
2018/05/28	32.42	32.86	31.02	31.72	9122041	292661984.00
2018/05/29	31.81	32.96	31.81	32.35	5816069	190521104.00
2018/05/30	31.33	32.28	30.48	30.79	7685047	242351584.00
2018/05/31	31.24	31.70	29.94	30.19	8529665	263408960.00
2018/06/01	30.03	31.02	29.79	30.53	6989274	214268400.00
2018/06/04	30.19	30.72	29.22	29.85	7928542	238978512.00
2018/06/05	29.94	31.37	29.94	31.33	8952052	276476256.00
2018/06/06	31.51	32.69	31.04	32.22	10031497	324684256.00
2018/06/07	32.25	33.16	31.92	32.52	6554680	215239248.00
2018/06/08	32.22	33.11	32.04	33.06	7129141	235745568.00
2018/06/11	33.22	33.53	31.04	31.50	11524341	371033984.00
2018/06/12	31.22	31.44	30.05	31.07	9431839	290697440.00
2018/06/13	30.71	31.02	30.33	30.41	4384285	135279408.00
2018/06/14	30.42	31.05	30.32	30.63	5252580	162463024.00
2018/06/15	30.58	30.63	29.52	29.89	6406356	193385632.00
2018/06/19	28.82	29.66	26.94	27.43	9245867	263312256.00
2018/06/20	27.49	28.30	27.34	27.83	7144291	200643216.00
2018/06/21	27.83	28.00	26.59	26.60	7189077	196843520.00
2018/06/22	26.32	28.30	26.02	27.82	8753294	242471168.00
2018/06/25	28.33	28.67	27.82	28.06	6356389	181101040.00
2018/06/26	27.44	28.58	27.34	28.57	6032034	171661152.00
2018/06/27	28.62	28.84	27.80	27.92	5797484	165273376.00
2018/06/28	27.82	28.53	27.79	28.04	4505176	128606752.00
2018/06/29	28.22	30.20	28.00	29.96	7294697	214963152.00
2018/07/02	29.75	30.55	29.44	29.82	6085460	184047328.00
2018/07/03	29.92	31.08	29.17	30.53	7976631	242435200.00
2018/07/04	30.22	30.76	28.74	29.16	7800052	232667552.00
2018/07/05	29.02	29.81	28.87	29.02	5396050	159886000.00
2018/07/06	28.93	29.72	27.72	28.21	8984428	259860384.00
2018/07/09	28.05	30.20	28.05	29.90	7872078	231361808.00
2018/07/10	30.62	31.02	29.67	30.22	7978848	243473584.00
2018/07/11	29.22	31.27	28.82	30.72	11812180	362639424.00
2018/07/12	30.57	32.00	30.38	31.90	11675732	369392480.00
2018/07/13	32.31	32.67	31.72	31.72	10498100	341080896.00
2018/07/16	31.71	32.08	30.75	31.22	6727973	211950288.00
2018/07/17	31.37	31.72	30.75	31.61	6723061	211710992.00
2018/07/18	31.82	32.68	31.49	31.50	10266646	333347904.00
2018/07/19	31.62	31.92	30.62	31.57	7625890	241084928.00
2018/07/20	31.32	32.52	31.12	32.14	8165152	264034736.00
2018/07/23	32.07	33.31	31.82	32.60	7971024	262556128.00
2018/07/24	32.33	33.02	32.14	32.45	7196469	236556256.00
2018/07/25	32.25	32.82	31.22	31.32	8457081	273040544.00
2018/07/26	31.42	31.82	30.52	30.88	6607753	207359696.00
2018/07/27	30.94	30.94	29.40	29.83	9003135	271778240.00
2018/07/30	30.72	30.86	29.72	30.15	5284242	160947056.00
2018/07/31	29.97	30.11	29.42	29.68	4170644	125276472.00
2018/08/01	29.91	30.41	29.30	29.30	4454480	133949688.00
2018/08/02	28.70	28.70	27.23	27.78	10901633	306658016.00
2018/08/03	28.02	28.19	27.22	27.42	4303612	120319192.00
2018/08/06	27.44	27.71	25.30	25.58	8351342	221155776.00
2018/08/07	25.81	26.57	25.35	26.51	6484048	170431920.00
2018/08/08	26.56	26.77	25.71	26.23	3900330	103353528.00
2018/08/09	26.09	27.52	25.98	27.27	5194056	142001072.00
2018/08/10	27.22	27.38	26.60	27.07	4036376	110081144.00
2018/08/13	26.71	27.07	25.58	26.89	6690104	177508816.00
2018/08/14	26.97	27.02	25.92	26.04	6984618	185289824.00
2018/08/15	25.97	26.02	23.92	24.32	13981422	346676192.00
2018/08/16	23.72	24.14	23.27	23.71	8225383	197699600.00
2018/08/17	24.06	24.21	22.87	23.00	7167436	169523456.00
2018/08/20	23.06	23.60	22.80	23.43	5339013	125347640.00
2018/08/21	23.62	23.67	22.44	22.47	13569167	316134400.00
2018/08/22	22.63	23.04	21.90	22.32	13104528	297182208.00
2018/08/23	22.42	22.70	22.22	22.32	8067197	183418768.00
2018/08/24	22.57	23.07	22.44	22.72	8924225	205373408.00
2018/08/27	22.90	23.57	22.74	23.49	9366583	220545648.00
2018/08/28	23.52	24.10	23.33	23.92	8203039	196926896.00
2018/08/29	23.82	23.90	23.13	23.37	7336727	173324864.00
2018/08/30	23.25	23.44	22.84	23.00	5141744	120034064.00
2018/08/31	22.80	23.32	22.54	22.97	5328650	124578432.00
2018/09/03	22.92	23.25	22.49	23.12	3863327	89471120.00
2018/09/04	23.13	23.17	22.60	22.85	4868591	112655280.00
2018/09/05	22.70	22.82	22.29	22.32	4879068	110828944.00
2018/09/06	22.00	22.33	21.36	21.44	6351061	140299904.00
2018/09/07	21.47	23.59	21.47	22.83	13113685	304263744.00
2018/09/10	23.21	24.04	23.03	23.47	13111869	312320992.00
2018/09/11	23.78	23.98	22.78	23.25	7042250	166056352.00
2018/09/12	23.29	23.94	23.29	23.59	7288245	174750320.00
2018/09/13	24.68	25.26	24.33	24.53	11541470	288425664.00
2018/09/14	24.82	25.98	24.25	24.77	12307610	313490144.00
2018/09/17	24.57	24.70	23.74	24.37	6433652	158245728.00
2018/09/18	24.34	25.89	24.22	25.82	10139504	258170112.00
2018/09/19	25.57	26.78	25.33	26.27	10347020	275824384.00
2018/09/20	26.18	26.68	25.87	26.04	6282636	166178960.00
2018/09/21	26.22	27.31	25.84	27.13	8054149	217661760.00
2018/09/25	26.99	27.12	26.61	26.84	3642248	98805664.00
2018/09/26	26.90	27.19	26.32	27.14	7808979	210637648.00
2018/09/27	26.95	26.96	25.95	26.04	8477893	225028720.00
2018/09/28	26.31	26.47	25.10	26.00	8151731	211921920.00
2018/10/08	25.20	25.88	24.93	25.22	5695565	146103392.00
2018/10/09	24.32	24.32	22.67	22.79	11669976	274235680.00
2018/10/10	23.08	23.20	22.29	22.62	7808653	179187520.00
2018/10/11	22.05	22.36	20.64	21.23	11609752	250524336.00
2018/10/12	21.09	21.54	19.80	21.27	9507357	200366160.00
2018/10/15	21.84	23.12	21.84	22.55	12569934	288390656.00
2018/10/16	22.45	23.37	22.26	22.67	7220471	165818512.00
2018/10/17	22.82	23.11	21.80	22.73	6525768	148997216.00
2018/10/18	22.52	23.41	22.02	22.67	6283606	145297024.00
2018/10/19	22.33	23.37	22.23	23.05	9815827	228814544.00
2018/10/22	23.25	25.22	23.08	25.10	10813584	265161568.00
2018/10/23	25.22	25.24	23.82	24.21	6671442	165316912.00
2018/10/24	24.03	25.00	23.89	24.63	5840374	144822832.00
2018/10/25	23.93	24.01	22.52	23.67	10463293	245896064.00
2018/10/26	23.82	24.12	22.94	23.42	5978292	141955936.00
2018/10/29	23.32	23.72	22.90	23.14	3029944	71509136.00
2018/10/30	23.02	23.34	22.57	23.09	5078027	118032432.00
2018/10/31	23.12	23.87	22.86	23.75	5294052	126363720.00
2018/11/01	24.27	24.60	23.99	24.07	5254732	128608496.00
2018/11/02	25.20	25.22	24.38	24.83	8702270	218008976.00
2018/11/05	24.79	25.97	24.58	25.50	9940757	254170080.00
2018/11/06	25.22	25.40	24.63	24.90	4623341	116850144.00
2018/11/07	25.09	25.92	25.09	25.72	8716527	226062176.00
2018/11/08	25.90	25.92	25.50	25.66	3849425	99810032.00
2018/11/09	25.49	26.11	25.17	25.57	4672184	121658720.00
2018/11/12	25.42	27.05	25.23	26.77	8226995	220267504.00
2018/11/13	26.64	27.71	26.25	27.08	8914946	242759024.00
2018/11/14	27.08	27.22	26.30	26.40	4301462	116020168.00
2018/11/15	26.25	26.67	26.12	26.56	3249686	86751336.00
2018/11/16	26.89	26.89	25.97	26.01	5744249	152537312.00
2018/11/19	26.02	26.16	25.57	25.87	4315779	112400608.00
2018/11/20	25.87	26.16	25.39	25.47	4130571	107329128.00
2018/11/21	25.35	26.32	25.31	26.19	5343491	140654928.00
2018/11/22	26.26	26.32	25.19	25.25	5277762	136386736.00
2018/11/23	25.40	25.40	24.22	24.50	4653914	115983392.00
2018/11/26	24.47	25.22	24.28	24.98	4048204	101925432.00
2018/11/27	25.11	26.22	24.86	25.84	7161587	187148288.00
2018/11/28	26.22	27.18	25.78	27.18	12534248	337698144.00
2018/11/29	27.26	28.90	27.02	27.39	13054188	368675744.00
2018/11/30	27.52	28.43	27.03	28.10	7838992	220352064.00
2018/12/03	29.04	29.32	28.07	28.18	8306931	239420064.00
2018/12/04	27.97	28.97	27.83	28.73	7710898	221494640.00
2018/12/05	28.52	28.82	28.20	28.57	4890695	140964944.00
2018/12/06	28.32	29.82	28.24	28.57	9959610	293594816.00
2018/12/07	28.72	29.22	28.14	28.50	6188109	178824160.00
2018/12/10	28.72	29.18	28.02	28.81	7705061	223102288.00
2018/12/11	28.72	29.30	28.02	29.08	7604541	219681936.00
2018/12/12	29.25	30.67	28.93	29.96	12433494	375989472.00
2018/12/13	29.92	31.18	29.82	30.44	9517448	292562848.00
2018/12/14	30.30	30.91	29.55	29.59	7360379	224259328.00
2018/12/17	29.66	29.90	28.44	29.17	9340494	274080896.00
2018/12/18	29.13	29.78	28.82	29.10	6316850	186537008.00
2018/12/19	29.24	29.42	28.15	28.45	7771845	223902064.00
2018/12/20	28.43	28.81	27.90	28.06	7060076	201332576.00
2018/12/21	28.19	29.20	28.02	28.47	7131121	206343152.00
2018/12/24	28.57	29.22	27.89	28.32	5896468	169753632.00
2018/12/25	27.93	28.30	27.12	27.90	6306579	175745152.00
2018/12/26	27.71	28.08	27.10	27.41	4661387	129363008.00
2018/12/27	28.40	29.45	28.40	29.12	12046392	353030048.00
2018/12/28	29.14	29.32	28.23	28.66	8300877	240631280.00
2019/01/02	29.00	29.44	28.60	28.64	5939562	173779296.00
2019/01/03	28.82	28.82	26.45	27.32	8906728	248133856.00
2019/01/04	26.87	27.26	25.67	26.42	16698656	445865984.00
2019/01/07	26.62	27.40	25.99	27.37	13223841	356272800.00
2019/01/08	27.27	28.60	27.03	28.42	13047946	371763744.00
2019/01/09	27.92	28.62	25.82	27.22	22357181	609602304.00
2019/01/10	26.76	27.58	26.76	27.17	9209735	253943104.00
2019/01/11	27.19	27.39	26.34	26.84	9889305	267984192.00
2019/01/14	26.97	27.37	26.42	26.58	8176494	222403344.00
2019/01/15	26.62	27.97	26.62	27.69	10474275	289726336.00
2019/01/16	27.71	28.30	27.52	27.64	7792413	219251200.00
2019/01/17	27.57	27.97	27.28	27.38	4430118	123249808.00
2019/01/18	27.52	28.59	27.38	28.44	7476863	212576896.00
2019/01/21	28.41	29.07	27.93	28.67	9866793	285502400.00
2019/01/22	28.72	28.92	27.78	27.97	8686464	248303072.00
2019/01/23	28.12	28.84	27.67	28.71	9158214	263642080.00
2019/01/24	28.69	28.90	28.22	28.42	7366552	212015888.00
2019/01/25	28.49	30.94	28.02	30.54	16486199	496431584.00
2019/01/28	30.72	30.89	29.90	30.15	8943266	274237984.00
2019/01/29	30.41	30.42	28.40	29.22	12175152	360436736.00
2019/01/30	30.44	30.44	29.24	29.32	12189874	365794720.00
2019/01/31	28.98	30.53	28.98	29.72	8656755	261806304.00
2019/02/01	29.57	31.85	29.57	31.51	15760881	494144736.00
2019/02/11	31.49	32.18	31.27	31.98	13298034	426504544.00
2019/02/12	31.92	31.92	30.94	31.71	14741521	467014336.00
2019/02/13	31.47	31.95	31.13	31.73	16145282	513824192.00
2019/02/14	31.67	32.50	31.12	32.35	16296004	524815040.00
2019/02/15	32.35	32.35	31.06	31.22	15476440	492956768.00
2019/02/18	31.36	32.17	31.02	31.93	16520739	528299040.00
2019/02/19	32.01	32.07	30.38	30.73	17836984	559930560.00
2019/02/20	30.62	31.07	29.88	30.30	12101347	372049248.00
2019/02/21	30.20	31.15	30.16	30.28	11277486	348480704.00
2019/02/22	30.36	31.07	29.61	30.92	13987084	426963936.00
2019/02/25	31.23	34.04	31.23	34.04	29056546	978048256.00
2019/02/26	34.50	35.72	33.62	33.62	21206401	738477376.00
2019/02/27	33.57	34.71	32.52	32.89	13568878	456674304.00
2019/02/28	33.37	33.57	32.13	32.35	12061676	395444000.00
2019/03/01	33.03	34.62	33.01	33.97	20289239	692285888.00
2019/03/04	34.21	36.10	34.06	35.43	21573916	771617280.00
2019/03/05	35.42	36.43	35.02	35.69	13565480	486955808.00
2019/03/06	35.87	36.30	34.84	35.42	14302148	509680832.00
2019/03/07	35.23	35.52	33.87	34.82	17196083	601057216.00
2019/03/08	33.86	36.02	33.25	34.97	18676168	660289152.00
2019/03/11	35.00	38.03	35.00	37.92	19791176	739807232.00
2019/03/12	38.42	40.40	38.08	38.50	21950186	868264000.00
2019/03/13	38.42	39.38	37.42	38.08	15201110	588905088.00
2019/03/14	38.27	39.59	36.72	37.52	20188637	778716416.00
2019/03/15	37.97	39.22	37.35	38.22	15152277	583561984.00
2019/03/18	38.41	38.88	35.63	37.93	17366121	651362816.00
2019/03/19	37.72	37.91	36.83	37.13	9403326	353642944.00
2019/03/20	37.22	37.32	35.72	36.57	13962130	510294688.00
2019/03/21	35.72	37.09	35.13	36.84	15097918	551768192.00
2019/03/22	37.07	37.46	35.95	37.36	13524431	500971968.00
2019/03/25	36.62	38.60	36.32	37.86	15393410	588576832.00
2019/03/26	38.02	38.22	35.54	35.62	13066104	482325504.00
2019/03/27	36.52	37.65	35.89	36.00	12502803	460643232.00
2019/03/28	35.73	37.21	34.93	36.36	9905105	364417888.00
2019/03/29	36.36	37.18	36.11	36.91	11939312	442332288.00
2019/04/01	37.52	38.37	37.51	38.10	14533110	555362560.00
2019/04/02	38.13	38.62	37.23	37.32	12574009	479317376.00
2019/04/03	37.13	37.70	36.48	36.93	9323605	348113952.00
2019/04/04	37.05	37.22	36.12	36.40	9586814	353432672.00
2019/04/08	36.46	37.02	34.42	34.79	20198379	715691200.00
2019/04/09	34.82	35.41	33.97	35.20	10119541	356506816.00
2019/04/10	34.93	35.37	34.35	34.60	11201564	391975616.00
2019/04/11	34.57	34.92	33.92	34.02	8914098	308440416.00
2019/04/12	34.32	35.15	33.97	35.12	8113366	282410080.00
2019/04/15	35.42	35.66	34.12	34.12	9427780	330086080.00
2019/04/16	34.03	34.93	33.00	34.72	11113515	379833504.00
2019/04/17	34.70	38.22	34.62	37.17	30648086	1143982208.00
2019/04/18	37.15	37.52	36.28	36.30	8128250	300938656.00
2019/04/19	36.33	36.61	35.40	36.12	6705640	243342160.00
2019/04/22	35.92	35.92	34.72	34.79	9279545	329529312.00
2019/04/23	34.65	35.17	34.22	34.67	6155784	215010640.00
2019/04/24	34.67	35.07	33.72	34.97	7387212	256836304.00
2019/04/25	34.92	35.35	33.72	34.11	6360224	222288672.00
2019/04/26	33.97	33.97	30.77	31.48	22117283	708715392.00
2019/04/29	31.48	32.49	30.95	32.22	10380326	334775616.00
2019/04/30	31.82	32.67	31.27	31.59	8555946	272932736.00
2019/05/06	30.22	30.70	29.33	29.61	9688766	293469088.00
2019/05/07	30.02	30.52	28.78	29.72	10615522	316817792.00
2019/05/08	29.17	30.18	28.98	29.42	7690263	230801520.00
2019/05/09	29.11	29.96	28.85	29.08	6793945	202245952.00
2019/05/10	29.60	31.42	29.31	31.24	10038701	307945152.00
2019/05/13	30.72	31.15	29.02	29.15	9134966	275872736.00
2019/05/14	29.72	30.06	29.30	29.45	7285805	218127472.00
2019/05/15	29.80	30.51	29.38	30.29	7616478	231273248.00
2019/05/16	29.77	31.04	29.42	30.57	7746564	236229552.00
2019/05/17	30.51	30.90	29.52	29.64	5682513	172984064.00
2019/05/20	29.73	29.89	27.93	29.42	6107332	178040544.00
2019/05/21	29.66	29.66	28.13	28.41	13120378	379026048.00
2019/05/22	28.41	28.82	27.96	28.12	6731889	192788064.00
2019/05/23	27.98	27.99	26.77	27.43	9461353	261046768.00
2019/05/24	27.37	27.82	26.87	27.39	5779957	160205472.00
2019/05/27	27.40	28.24	27.32	28.09	6840050	192658304.00
2019/05/28	28.02	28.57	27.83	28.44	7682715	219394912.00
2019/05/29	28.27	28.59	28.11	28.26	4146041	118794256.00
2019/05/30	28.22	28.22	27.62	27.94	3256086	91578376.00
2019/05/31	27.99	28.58	27.79	28.30	4562503	130433352.00
2019/06/03	28.41	28.59	27.64	27.72	4204681	119227072.00
2019/06/04	27.77	27.99	27.02	27.13	4544867	125981088.00
2019/06/05	27.45	28.47	27.27	27.89	5618034	156291568.00
2019/06/06	28.04	28.04	26.63	26.69	6251597	168511872.00
2019/06/10	26.88	28.90	26.88	28.56	10527055	296950560.00
2019/06/11	28.51	29.66	27.85	29.30	13194142	384383200.00
2019/06/12	29.25	30.09	28.81	28.93	8233207	241903472.00
2019/06/13	29.15	29.19	28.47	29.10	6862203	198105872.00
2019/06/14	29.26	29.48	28.48	29.08	10311793	299873952.00
2019/06/17	29.16	29.26	28.21	28.75	7351408	210575040.00
2019/06/18	28.78	28.78	27.68	28.07	8841159	247613376.00
2019/06/19	29.00	29.84	27.72	28.01	14994872	426981280.00
2019/06/20	28.10	29.33	27.53	28.89	15524957	440587328.00
2019/06/21	29.40	30.94	29.34	30.35	18453458	558981824.00
2019/06/24	30.46	30.78	29.81	30.21	10231344	308788032.00
2019/06/25	30.55	31.20	30.09	30.63	12771388	390037440.00
2019/06/26	31.51	33.60	31.51	32.37	13970335	456043936.00
2019/06/27	32.37	34.08	32.37	33.63	12575672	419312128.00
2019/06/28	33.75	33.98	32.49	33.60	8988770	296318944.00
2019/07/01	34.25	34.88	33.65	34.50	9537742	328508224.00
2019/07/02	34.14	35.11	34.13	34.51	7159998	248225392.00
2019/07/03	34.20	34.49	33.52	33.72	8248147	279080704.00
2019/07/04	33.88	34.34	33.24	33.40	5329782	179257744.00
2019/07/05	33.75	34.43	33.26	33.52	4974646	167504496.00
2019/07/08	33.67	33.68	32.70	32.89	4964003	164050064.00
2019/07/09	33.06	33.66	32.61	33.21	4402250	145635264.00
2019/07/10	33.51	33.94	32.85	33.37	7644598	255393232.00
2019/07/11	33.56	33.60	32.65	33.07	5702516	188258016.00
2019/07/12	32.80	33.37	32.71	33.05	3364520	111384832.00
2019/07/15	33.10	35.32	32.79	34.75	9151217	314821824.00
2019/07/16	34.99	35.26	34.54	34.95	5776285	201546640.00
2019/07/17	34.82	35.18	34.39	34.52	5609392	194800640.00
2019/07/18	34.16	34.85	33.75	34.50	6538925	224563904.00
2019/07/19	34.75	35.50	34.45	35.50	7385424	259779280.00
2019/07/22	35.94	35.98	34.11	34.17	8250795	287500608.00
2019/07/23	34.40	36.46	34.15	36.05	11279076	403568224.00
2019/07/24	36.40	36.78	35.86	35.87	8066684	292930912.00
2019/07/25	35.80	36.36	35.71	35.78	4016594	144201472.00
2019/07/26	35.79	36.82	35.60	36.70	5579026	203416640.00
2019/07/29	36.70	37.19	36.60	37.00	3153644	116363488.00
2019/07/30	37.08	37.73	36.63	36.92	5664740	210222240.00
2019/07/31	36.85	36.85	35.91	36.21	5328827	193378976.00
2019/08/01	36.17	36.19	35.05	35.79	7764983	276215936.00
2019/08/02	35.02	35.65	34.52	35.34	6618124	232979888.00
2019/08/05	35.60	35.60	33.83	33.95	8912219	307292352.00
2019/08/06	33.55	34.51	32.73	33.79	9044064	303020640.00
2019/08/07	34.24	34.37	33.20	33.20	6353584	213616448.00
2019/08/08	33.64	33.64	32.80	33.24	6167741	204394176.00
2019/08/09	33.58	34.31	32.91	33.36	6595735	221629472.00
2019/08/12	33.20	33.65	32.33	33.63	6894556	227420848.00
2019/08/13	33.40	34.90	33.21	33.94	6924286	236544096.00
2019/08/14	34.60	34.78	33.52	33.54	5989176	204332144.00
2019/08/15	32.72	33.97	32.68	33.60	4258363	142480960.00
2019/08/16	33.59	34.00	33.13	33.21	5514966	184292800.00
2019/08/19	33.70	34.28	32.91	34.20	13577757	458823520.00
2019/08/20	34.20	35.05	34.00	34.54	9680612	334683264.00
2019/08/21	34.52	35.08	34.20	34.82	5898554	204832048.00
2019/08/22	35.17	35.57	34.30	34.41	6988288	243341888.00
2019/08/23	34.73	34.74	32.99	33.25	14530386	485186144.00
2019/08/26	32.02	32.32	30.10	30.65	25236164	778851776.00
2019/08/27	30.90	31.28	30.40	30.40	14654318	451720288.00
2019/08/28	30.85	31.55	30.56	30.99	13409305	417632352.00
2019/08/29	31.40	31.75	30.75	31.27	10237787	319978912.00
2019/08/30	31.61	31.61	30.56	30.71	9508117	294538080.00
2019/09/02	30.75	31.79	30.35	31.46	10273361	320624192.00
2019/09/03	31.57	31.76	30.89	31.29	12137228	379059520.00
2019/09/04	31.28	31.48	30.94	31.17	8784860	273492128.00
2019/09/05	31.31	32.13	31.30	31.60	14295986	452837440.00
2019/09/06	31.67	32.08	31.53	32.04	10258849	326925280.00
2019/09/09	32.45	34.13	32.01	34.00	16993521	563039808.00
2019/09/10	34.30	34.70	33.85	34.19	13828995	472971680.00
2019/09/11	34.30	35.27	33.83	34.45	14503638	503010208.00
2019/09/12	34.65	34.71	33.93	34.20	9403585	321953120.00
2019/09/16	34.50	34.50	33.46	33.60	8107388	274161184.00
2019/09/17	33.84	34.09	32.50	32.65	9697445	321158816.00
2019/09/18	32.89	33.08	32.33	32.61	6733193	220336208.00
2019/09/19	32.61	35.55	32.61	35.10	24013346	831995584.00
2019/09/20	35.01	35.84	34.85	35.57	17750911	627907136.00
2019/09/23	35.21	35.36	32.88	33.37	20194602	681816576.00
2019/09/24	33.56	36.71	33.38	36.71	20706602	740637760.00
2019/09/25	36.00	36.25	34.59	35.05	25697183	908353536.00
2019/09/26	35.32	35.95	33.80	33.90	19000018	656911552.00
2019/09/27	34.33	34.48	33.60	34.35	13421489	458575200.00
2019/09/30	34.60	34.65	33.20	33.70	9101119	309060960.00
2019/10/08	33.36	34.18	32.88	32.96	7613576	254852544.00
2019/10/09	32.70	32.70	31.47	32.19	13341181	427088800.00
2019/10/10	32.53	33.38	32.20	33.10	9615480	315315456.00
2019/10/11	33.20	33.27	32.52	32.63	8185211	267964512.00
2019/10/14	33.00	33.55	32.66	32.99	8121932	268442912.00
2019/10/15	33.39	33.39	31.88	31.92	10451697	336313056.00
2019/10/16	31.99	32.24	31.52	31.63	9079612	288854656.00
2019/10/17	31.85	31.96	31.24	31.53	8362948	263620720.00
2019/10/18	31.75	32.29	31.30	31.60	8712487	275928096.00
2019/10/21	31.82	31.98	31.50	31.91	6755103	214098528.00
2019/10/22	31.93	32.25	31.59	32.09	6961066	222300096.00
2019/10/23	32.20	32.28	31.33	31.58	6407393	203304704.00
2019/10/24	31.56	32.14	31.44	31.67	6994114	221834064.00
2019/10/25	31.60	31.85	31.03	31.75	8853948	277973184.00
2019/10/28	31.60	34.13	31.60	33.44	15200667	503503072.00
2019/10/29	33.15	33.38	32.32	32.40	9110892	297603968.00
2019/10/30	32.45	33.20	32.26	32.90	6773542	222535360.00
2019/10/31	32.96	33.24	32.26	32.75	6704874	219383104.00
2019/11/01	33.01	33.65	32.77	33.36	8287308	276186432.00
2019/11/04	33.39	33.95	33.04	33.25	6168050	206469872.00
2019/11/05	33.44	34.96	33.00	34.17	14627873	497474464.00
2019/11/06	34.67	36.13	34.54	34.96	20854503	738129600.00
2019/11/07	34.50	35.16	34.33	34.53	8066667	279713728.00
2019/11/08	34.70	35.30	33.99	34.41	8088648	280092384.00
2019/11/11	34.24	34.58	33.70	33.80	5763632	196366832.00
2019/11/12	34.06	34.10	33.22	33.62	6735348	226562224.00
2019/11/13	33.70	34.44	33.50	34.29	6278038	213820304.00
2019/11/14	34.09	34.67	34.07	34.42	6214215	213790240.00
2019/11/15	34.64	34.90	34.18	34.29	5258656	181545424.00
2019/11/18	34.60	34.64	33.55	33.91	4921142	167025744.00
2019/11/19	33.92	35.77	33.91	35.50	11061922	389980032.00
2019/11/20	35.60	35.88	34.74	35.11	7174468	252812336.00
2019/11/21	35.15	36.66	35.00	35.25	11406425	407426240.00
2019/11/22	36.50	38.68	36.50	37.30	24983977	941806976.00
2019/11/25	37.70	38.24	36.20	36.42	15246107	567037632.00
2019/11/26	36.78	38.55	36.43	38.50	16742978	634003392.00
2019/11/27	37.99	39.65	37.29	38.56	16700473	644406144.00
2019/11/28	38.50	38.93	38.03	38.70	8339835	320515456.00
2019/11/29	37.35	38.39	36.60	37.80	19335023	722669120.00
2019/12/02	37.99	38.29	37.40	37.79	6059030	229320464.00
2019/12/03	37.78	37.78	36.41	37.21	8994317	332805632.00
2019/12/04	37.50	38.74	37.02	37.32	12053814	455900000.00
2019/12/05	37.47	39.67	37.03	38.80	18390565	709974272.00
2019/12/06	38.80	39.78	38.53	39.37	13941110	545712640.00
2019/12/09	39.50	40.42	39.20	40.39	17546433	701039872.00
2019/12/10	39.94	40.13	39.12	40.00	15434610	611572608.00
2019/12/11	39.71	39.99	38.91	39.35	14548008	570983424.00
2019/12/12	39.05	39.25	37.80	37.95	17891127	683533056.00
2019/12/13	38.40	39.37	38.25	39.31	19053209	742743360.00
2019/12/16	39.50	39.84	38.81	39.39	13252652	520559456.00
2019/12/17	40.50	42.24	40.50	40.80	19323065	794578368.00
2019/12/18	41.25	41.37	40.11	40.92	11039883	450265728.00
2019/12/19	41.11	42.57	40.66	42.18	15765066	659248000.00
2019/12/20	42.53	42.80	41.50	42.00	8753453	368327488.00
2019/12/23	41.66	43.15	41.38	41.81	14585428	616637056.00
2019/12/24	42.19	45.99	42.19	45.76	18943417	839559808.00
2019/12/25	45.70	47.50	45.02	46.60	16690790	769694144.00
2019/12/26	46.59	47.27	45.80	46.75	11083651	514572064.00
2019/12/27	47.13	47.45	45.64	45.80	13562380	630280320.00
2019/12/30	46.60	47.15	44.91	45.23	23413124	1072479360.00
2019/12/31	45.34	45.84	44.52	44.94	13205226	595392896.00
2020/01/02	45.38	46.14	44.70	45.41	16069631	730170816.00
2020/01/03	45.40	46.09	44.93	45.59	12149840	552636288.00
2020/01/06	46.28	48.06	45.50	46.26	22369390	1044804096.00
2020/01/07	46.26	46.44	44.30	45.61	14612326	663111360.00
2020/01/08	45.59	46.30	44.71	44.80	13240335	599974912.00
2020/01/09	45.50	46.29	45.08	45.62	14076568	642976000.00
2020/01/10	45.60	45.65	44.30	44.92	14075021	632299840.00
2020/01/13	45.36	46.15	44.38	45.02	23183983	1044673664.00
2020/01/14	45.50	46.90	45.21	45.33	23146898	1061193472.00
2020/01/15	45.00	45.00	42.00	43.03	27256541	1172397952.00
2020/01/16	43.08	43.96	42.90	43.00	15631208	678332288.00
2020/01/17	43.31	43.55	41.96	42.49	15408724	655906944.00
2020/01/20	42.43	44.36	42.24	43.65	22300352	967589952.00
2020/01/21	43.75	43.93	42.39	43.00	22379791	960411456.00
2020/01/22	43.02	45.78	43.01	45.32	26692271	1192092544.00
2020/01/23	44.60	46.37	43.03	43.99	22820037	1019838080.00
数据来源:通达信
