300373 扬杰科技 日线 前复权
      日期	    开盘	    最高	    最低	    收盘	    成交量	    成交额
2014/01/23	4.01	4.99	4.01	4.99	2366429	66310792.00
2014/01/24	5.56	5.56	5.56	5.56	1318038	41043704.00
2014/01/27	6.18	6.18	6.18	6.18	874140	29939296.00
2014/01/28	6.73	6.87	6.65	6.87	12323077	460274304.00
2014/01/30	6.59	7.07	6.50	6.77	8353841	310358496.00
2014/02/07	6.75	7.27	6.75	7.22	6685895	257264128.00
2014/02/10	7.26	8.01	7.26	8.01	3820430	160585408.00
2014/02/11	8.47	8.79	8.09	8.34	7544210	343056000.00
2014/02/12	8.36	9.24	8.36	9.13	6295690	301301920.00
2014/02/17	9.53	10.11	9.23	10.09	7304443	378714016.00
2014/02/18	9.89	10.22	9.49	9.67	6757650	353076704.00
2014/02/19	9.61	9.83	8.93	9.33	5208088	259708192.00
2014/02/20	9.23	9.81	8.95	9.31	4679241	235780608.00
2014/02/21	9.15	9.52	9.01	9.46	3490808	174449888.00
2014/02/24	9.46	9.67	9.32	9.65	3494324	178139024.00
2014/02/25	9.71	10.15	8.62	8.62	6257152	316666240.00
2014/02/26	8.17	8.41	7.89	8.29	3762079	166319568.00
2014/02/27	8.33	8.46	7.64	7.76	3852842	167754464.00
2014/02/28	7.80	8.21	7.64	8.13	3112155	134053840.00
2014/03/03	9.01	9.01	9.01	9.01	505050	24429268.00
2014/03/04	9.97	9.97	9.56	9.97	8326986	437651296.00
2014/03/05	10.18	10.38	9.48	9.66	6687914	354293440.00
2014/03/06	9.41	10.70	9.27	10.70	5745564	305066848.00
2014/03/07	11.19	11.79	10.25	10.68	9060657	530185920.00
2014/03/10	10.32	11.10	9.79	10.67	5992097	337784864.00
2014/03/11	10.53	10.69	9.81	10.35	4975763	272934560.00
2014/03/12	10.13	10.26	9.34	9.76	4646513	243066816.00
2014/03/13	9.69	9.84	9.45	9.77	2877207	148876416.00
2014/03/14	9.64	10.59	9.54	10.03	5333340	288822816.00
2014/03/17	9.87	10.17	9.79	10.06	3413302	181154688.00
2014/03/18	10.01	10.53	9.86	9.97	4425995	239314592.00
2014/03/19	9.83	10.53	9.63	10.38	5288649	284149184.00
2014/03/20	10.26	10.67	9.79	9.80	4332096	237684400.00
2014/03/21	9.63	10.03	9.38	9.81	3068100	158108784.00
2014/03/24	9.59	9.80	8.76	8.79	4770968	233497424.00
2014/03/25	8.70	8.90	8.48	8.69	2141360	99873000.00
2014/03/26	8.69	8.86	8.52	8.57	1609078	75429392.00
2014/03/27	8.57	8.65	7.99	7.99	2200123	99338232.00
2014/03/28	8.01	8.32	7.69	7.99	2528631	109817456.00
2014/03/31	8.01	8.25	7.78	8.12	1944910	85201144.00
2014/04/01	8.09	8.55	8.04	8.50	2503740	113850104.00
2014/04/02	8.53	8.54	8.14	8.47	2134768	96212544.00
2014/04/03	8.36	8.58	8.23	8.33	2040523	92731936.00
2014/04/04	8.23	8.55	8.15	8.49	1572614	71351720.00
2014/04/08	8.83	9.40	8.75	9.40	4422465	217077232.00
2014/04/09	9.73	10.03	9.61	9.81	5052926	265056768.00
2014/04/10	9.73	10.00	9.47	9.47	4290556	223507952.00
2014/04/11	9.31	9.49	9.06	9.09	3470801	171866016.00
2014/04/14	9.18	9.47	9.14	9.31	2186462	109276224.00
2014/04/15	9.23	9.42	9.11	9.36	1670390	83056400.00
2014/04/16	9.22	9.31	8.98	9.06	1772270	86736848.00
2014/04/17	9.07	9.31	9.07	9.10	1418555	70060600.00
2014/04/18	9.08	9.23	8.94	9.09	1206874	58840288.00
2014/04/21	9.09	10.03	8.95	9.53	4159017	213653408.00
2014/04/22	9.53	9.86	9.35	9.79	3685610	190149584.00
2014/04/23	9.65	9.99	9.60	9.67	2759493	144382928.00
2014/04/24	9.61	10.25	9.51	10.16	4513828	239803216.00
2014/04/25	9.99	10.15	9.59	9.62	3224212	170375792.00
2014/04/28	9.45	9.56	8.59	8.59	3266221	156892384.00
2014/04/29	8.43	8.98	8.39	8.97	2576077	121345272.00
2014/04/30	8.87	9.07	8.87	9.01	1760274	84892576.00
2014/05/05	8.94	9.91	8.89	9.89	3132983	159058976.00
2014/05/06	9.79	10.19	9.71	9.97	3020668	160674848.00
2014/05/07	9.87	10.43	9.75	10.10	4180173	226827248.00
2014/05/08	9.97	10.17	9.81	9.95	2428711	129397392.00
2014/05/09	10.17	10.93	9.97	10.06	4313759	237678256.00
2014/05/12	9.93	10.20	9.65	10.17	2777597	147434112.00
2014/05/13	10.13	10.85	10.09	10.70	3832463	215382656.00
2014/05/14	10.69	11.73	10.59	11.45	5804049	344883104.00
2014/05/15	11.42	12.66	11.21	12.66	8092932	516637920.00
2014/05/16	12.37	12.37	11.33	11.33	9317910	287608736.00
2014/05/19	10.77	11.09	10.17	10.39	12624913	354329856.00
2014/05/20	10.73	11.24	10.44	10.65	11224976	320711808.00
2014/05/21	10.45	10.61	10.09	10.59	7860238	215814960.00
2014/05/22	10.57	10.74	10.23	10.29	7259347	201903920.00
2014/05/23	10.17	10.55	10.14	10.48	6595997	182190016.00
2014/05/26	10.67	10.72	10.35	10.50	6167131	171682528.00
2014/05/27	10.52	11.36	10.33	11.21	11359600	326350560.00
2014/05/28	11.01	11.49	10.91	11.31	10259494	304339456.00
2014/05/29	11.17	11.37	10.52	10.62	7769817	224465408.00
2014/05/30	10.53	10.81	10.45	10.63	4005601	113264944.00
2014/06/03	10.62	10.81	10.53	10.61	3406484	96198416.00
2014/06/04	10.61	10.77	10.10	10.37	4988697	138352592.00
2014/06/05	10.27	10.37	10.13	10.35	4720394	128242176.00
2014/06/06	10.44	10.61	10.21	10.29	4371887	120567648.00
2014/06/09	10.29	10.37	9.88	9.91	4342442	116415864.00
2014/06/10	9.97	10.25	9.90	10.23	3874144	104172248.00
2014/06/11	10.17	10.20	9.95	10.02	4015433	107040640.00
2014/06/12	10.01	10.11	9.91	9.93	2775099	73579256.00
2014/06/13	9.95	10.17	9.91	10.07	3611384	96493480.00
2014/06/16	10.06	10.64	10.02	10.51	6891034	190369696.00
2014/06/17	10.42	10.49	10.09	10.11	4748266	128999552.00
2014/06/18	10.09	10.19	9.89	9.92	4161425	110711648.00
2014/06/19	10.02	10.05	8.98	9.19	5092781	128559752.00
2014/06/20	9.17	9.37	9.11	9.24	2346320	57797376.00
2014/06/23	9.29	9.69	9.25	9.53	4278430	108935760.00
2014/06/24	9.57	9.76	9.49	9.59	3132353	80184600.00
2014/06/25	9.69	10.17	9.63	10.09	7318955	194010960.00
2014/06/26	10.09	11.16	10.01	11.16	14232920	410375296.00
2014/06/27	11.77	11.77	10.94	11.03	16644183	497161504.00
2014/06/30	10.69	11.43	10.61	11.15	11145755	327453216.00
2014/07/01	10.99	11.29	10.69	10.93	7955575	230088096.00
2014/07/02	10.82	10.91	10.39	10.66	5898865	166299312.00
2014/07/03	10.57	10.90	10.53	10.83	4716662	134886528.00
2014/07/04	10.75	11.04	10.71	10.81	5118492	147089424.00
2014/07/07	10.77	10.77	10.43	10.52	4370369	121719240.00
2014/07/08	10.51	10.67	10.31	10.65	3663298	101927720.00
2014/07/09	10.55	10.69	9.85	10.15	4118856	113772448.00
2014/07/10	10.13	10.39	10.05	10.15	2517455	68393296.00
2014/07/11	10.08	10.29	9.98	10.03	2700323	72524816.00
2014/07/14	10.01	10.25	9.93	10.22	2280993	61031548.00
2014/07/15	10.23	10.25	9.84	9.91	2787611	73756944.00
2014/07/16	9.83	9.95	9.55	9.60	2334514	60373612.00
2014/07/17	9.64	9.76	9.57	9.72	1450132	37348268.00
2014/07/18	9.69	9.83	9.62	9.64	1277827	33044142.00
2014/07/21	9.64	9.67	9.39	9.51	1405607	35635320.00
2014/07/22	9.55	9.78	9.51	9.75	1772332	45775656.00
2014/07/23	9.76	9.81	9.20	9.30	2638119	66460412.00
2014/07/24	9.30	9.55	9.06	9.49	2321186	57895624.00
2014/07/25	9.37	9.51	9.21	9.35	1650624	41158444.00
2014/07/28	9.41	9.59	9.32	9.56	2553729	64641924.00
2014/07/29	9.58	9.81	9.58	9.71	2638562	68119792.00
2014/07/30	9.70	9.70	9.51	9.67	2281239	58303488.00
2014/07/31	9.69	9.76	9.60	9.69	1715141	44155672.00
2014/08/01	9.63	9.64	9.30	9.35	2337018	59150328.00
2014/08/04	9.29	9.47	9.29	9.44	954659	23949020.00
2014/08/05	9.43	9.68	9.34	9.66	2247884	57201552.00
2014/08/06	9.63	9.81	9.59	9.69	2468991	63892204.00
2014/08/07	9.69	9.81	9.69	9.74	1948621	50459508.00
2014/08/08	9.81	9.85	9.66	9.76	2111105	54777880.00
2014/08/11	9.74	9.87	9.72	9.87	2450756	63942560.00
2014/08/12	9.93	10.35	9.93	10.27	5409719	146731104.00
2014/08/13	10.21	10.21	9.87	10.04	3615459	96234512.00
2014/08/14	10.05	10.11	9.87	9.88	2161212	57462296.00
2014/08/15	9.88	9.95	9.77	9.93	1939299	50956252.00
2014/08/18	9.93	10.21	9.92	10.18	2650880	71022000.00
2014/08/19	10.20	10.41	10.13	10.28	3937082	107065280.00
2014/08/20	10.28	10.49	10.14	10.35	4024270	110127104.00
2014/08/21	10.37	10.47	10.14	10.28	3121324	85215864.00
2014/08/22	10.31	10.56	10.21	10.55	4186249	115732880.00
2014/08/25	10.61	10.69	10.28	10.33	3115908	85951928.00
2014/08/26	10.33	10.35	9.95	10.01	2706716	72500640.00
2014/08/27	9.97	10.15	9.97	10.02	1400594	37487160.00
2014/08/28	10.05	10.15	9.78	9.87	1969373	52109660.00
2014/08/29	9.89	10.03	9.87	9.99	1222557	32352828.00
2014/09/01	9.99	10.25	9.95	10.24	1985210	53428664.00
2014/09/02	10.27	10.67	10.27	10.55	4873649	135744608.00
2014/09/03	10.51	10.63	10.36	10.63	4055806	112647384.00
2014/09/04	10.63	11.17	10.54	10.95	6455181	185642800.00
2014/09/05	10.92	10.96	10.73	10.83	3392334	97301960.00
2014/09/09	10.85	11.03	10.75	10.95	3287169	94934488.00
2014/09/10	10.86	11.16	10.78	11.13	3959867	115133608.00
2014/09/11	11.13	11.37	10.94	11.05	6001804	176833360.00
2014/09/12	11.03	11.19	10.97	11.10	2703013	79056592.00
2014/09/15	11.05	11.36	11.03	11.24	3456084	102359592.00
2014/09/16	11.19	11.35	10.56	10.58	4493761	130753000.00
2014/09/17	10.58	10.77	10.39	10.70	2317667	65059620.00
2014/09/18	10.61	10.81	10.57	10.68	1781638	50443352.00
2014/09/19	10.72	10.76	10.56	10.72	1652756	46645064.00
2014/09/22	10.65	10.69	10.41	10.41	2126150	59127920.00
2014/09/23	10.35	10.62	10.32	10.61	1646585	45826992.00
2014/09/24	10.54	10.72	10.52	10.71	2313159	65261308.00
2014/09/25	10.72	10.84	10.59	10.66	2215066	62708564.00
2014/09/26	10.68	10.69	10.20	10.63	1803421	50535704.00
2014/09/29	10.58	10.91	10.58	10.87	3417790	97086232.00
2014/09/30	10.88	10.96	10.81	10.89	3261694	93936912.00
2014/10/08	10.91	11.17	10.89	11.13	3462821	101191072.00
2014/10/09	11.14	11.20	10.85	11.04	3684275	107198888.00
2014/10/10	11.01	11.01	10.85	10.88	2027384	58543548.00
2014/10/13	10.83	11.29	10.63	11.29	5063966	147419024.00
2014/10/14	11.25	11.55	11.06	11.17	5021186	149765664.00
2014/10/15	11.09	11.69	11.05	11.56	6504285	196705520.00
2014/10/16	11.43	12.12	11.31	11.66	6758191	209521552.00
2014/10/17	11.63	12.40	11.29	12.29	10467088	328079744.00
2014/10/20	12.29	12.30	11.93	12.25	5192790	165820496.00
2014/10/21	12.16	12.49	12.04	12.09	4646318	149193136.00
2014/10/22	12.06	12.13	11.45	11.45	5020691	155564976.00
2014/10/23	11.44	11.44	10.91	10.97	3443775	101611904.00
2014/10/24	10.97	11.21	10.90	11.05	2619438	76559816.00
2014/10/27	11.03	11.29	10.84	11.22	1952851	57321280.00
2014/10/28	11.22	11.59	11.22	11.59	2639673	79637400.00
2014/10/29	11.59	11.77	11.45	11.54	3196315	97504840.00
2014/10/30	11.49	11.98	11.47	11.83	4022109	124524232.00
2014/10/31	11.89	11.92	11.46	11.70	3102242	95170064.00
2014/11/03	11.81	11.97	11.69	11.87	2569761	80252480.00
2014/11/04	11.85	11.91	11.35	11.47	3356940	102268208.00
2014/11/05	11.45	11.47	11.14	11.19	2495345	74012608.00
2014/11/06	11.25	11.49	11.22	11.49	1886930	56578728.00
2014/11/07	11.55	11.72	11.28	11.39	2839243	86275264.00
2014/11/10	11.33	11.53	11.21	11.45	1915580	57381888.00
2014/11/11	11.41	11.41	10.71	10.82	3208071	93524416.00
2014/11/12	10.75	11.14	10.73	11.08	2096543	60702632.00
2014/11/13	10.97	10.97	10.45	10.55	3196982	89811040.00
2014/11/14	10.37	10.53	10.27	10.44	1920762	52811528.00
2014/11/17	10.37	10.67	10.37	10.57	1450503	40567052.00
2014/11/18	10.57	10.65	10.50	10.58	950751	26600092.00
2014/11/19	10.58	10.80	10.57	10.75	1658037	46968952.00
2014/11/20	10.69	10.73	10.54	10.59	1217116	34220672.00
2014/11/21	10.62	10.76	10.62	10.74	1636872	46454828.00
2014/11/24	10.85	10.89	10.67	10.71	1762848	50090640.00
2014/11/25	10.71	10.88	10.57	10.81	2881362	81435928.00
2014/11/26	10.77	11.36	10.71	11.17	3916094	114461728.00
2014/11/27	11.17	11.43	11.11	11.35	3688893	109948592.00
2014/11/28	11.27	11.36	11.09	11.25	2836600	83979512.00
2014/12/01	11.25	11.76	11.18	11.66	4912834	149247232.00
2014/12/02	11.67	12.13	11.54	11.81	4939179	154828896.00
2014/12/03	11.76	12.05	11.31	11.61	4609784	141010480.00
2014/12/04	11.64	11.72	11.37	11.51	3620440	109742024.00
2014/12/05	11.46	11.47	10.65	10.82	4105834	119240168.00
2014/12/08	10.75	10.94	10.54	10.69	2663576	75576920.00
2014/12/09	10.68	10.80	10.26	10.29	3024988	83931688.00
2014/12/10	10.29	10.69	10.23	10.61	1848081	51452532.00
2014/12/11	10.53	10.75	10.49	10.69	1663788	46977188.00
2014/12/12	10.69	10.88	10.64	10.83	1591584	45281812.00
2014/12/15	10.73	11.01	10.72	11.01	1906963	54989804.00
2014/12/16	11.05	11.15	10.82	10.85	1663256	47980588.00
2014/12/17	10.82	10.83	10.43	10.51	2095479	58686752.00
2014/12/18	10.47	10.69	10.36	10.41	1134130	31619784.00
2014/12/19	10.37	10.50	9.85	10.00	2146307	57414940.00
2014/12/22	10.00	10.00	9.00	9.16	1921687	47995908.00
2014/12/23	9.37	9.51	9.17	9.43	1367387	34170624.00
2014/12/24	9.49	9.71	9.49	9.68	1168721	29937016.00
2014/12/25	9.67	9.69	9.44	9.61	1064745	27139752.00
2014/12/26	9.61	9.63	9.41	9.46	945657	23949486.00
2014/12/29	9.46	9.46	8.88	9.02	1804398	43666844.00
2014/12/30	9.02	9.13	8.97	9.04	924609	22315192.00
2014/12/31	9.06	9.29	9.05	9.21	1077754	26432688.00
2015/01/05	9.22	9.33	8.89	9.07	1313028	31625386.00
2015/01/06	8.97	9.46	8.93	9.45	1606679	39897204.00
2015/01/07	9.45	9.48	9.24	9.31	1417141	35205060.00
2015/01/09	9.53	9.59	9.29	9.41	1837153	46446000.00
2015/01/12	9.42	9.52	9.21	9.28	927709	23157022.00
2015/01/13	9.34	9.64	9.16	9.63	1692325	42641372.00
2015/01/14	9.61	9.63	9.35	9.39	1231204	31032136.00
2015/01/15	9.47	9.48	9.33	9.36	972281	24349520.00
2015/01/16	9.34	9.53	9.34	9.45	1406149	35468904.00
2015/01/19	9.35	9.74	9.13	9.43	2379285	60288776.00
2015/01/20	9.45	10.17	9.42	10.11	3825426	100294152.00
2015/01/21	10.04	10.13	9.89	10.10	2800068	74589944.00
2015/01/22	10.09	10.25	10.04	10.21	2022163	54533124.00
2015/01/23	10.21	10.29	9.97	9.99	1708196	45639096.00
2015/01/26	10.09	10.17	9.97	10.15	1215931	32542592.00
2015/01/27	10.15	10.26	10.02	10.23	1460483	39368416.00
2015/01/28	10.16	10.45	10.13	10.31	1913156	52280620.00
2015/01/29	10.25	10.45	10.18	10.20	1183651	32234022.00
2015/01/30	10.21	10.29	9.81	9.81	1581562	41851364.00
2015/02/02	9.77	9.92	9.64	9.79	768262	19998290.00
2015/02/03	9.81	10.38	9.80	10.27	2194659	59251400.00
2015/02/04	10.33	10.37	10.15	10.29	1604921	43740088.00
2015/02/05	10.32	11.10	10.20	10.55	4689255	132607232.00
2015/02/06	10.49	10.72	10.23	10.25	2356074	65424776.00
2015/02/09	10.24	10.29	9.88	9.91	1355674	36240232.00
2015/02/10	9.82	10.11	9.82	10.09	1039866	27499794.00
2015/02/11	10.05	10.36	10.05	10.21	1046419	28424362.00
2015/02/12	10.21	10.40	10.21	10.31	915227	25019186.00
2015/02/13	10.33	10.65	10.28	10.55	1614447	44988048.00
2015/02/16	10.55	10.75	10.49	10.73	1844631	52013756.00
2015/02/17	10.75	10.81	10.49	10.67	1598977	44891016.00
2015/02/25	10.67	10.85	10.58	10.67	1943809	55078824.00
2015/02/26	10.67	10.73	10.40	10.56	1871252	52132900.00
2015/02/27	10.57	11.07	10.50	10.96	4180484	119981368.00
2015/03/02	10.97	11.57	10.91	11.46	6567061	195641888.00
2015/03/03	11.48	11.97	11.27	11.69	7031962	216205056.00
2015/03/04	11.53	12.93	11.52	12.55	7395347	234910496.00
2015/03/05	12.45	12.57	12.19	12.43	2718427	88270464.00
2015/03/06	12.42	12.89	12.21	12.77	4100055	135165392.00
2015/03/09	12.65	12.65	12.02	12.41	3137404	101234408.00
2015/03/10	12.39	12.49	12.13	12.32	2366881	76492792.00
2015/03/11	12.31	13.57	12.00	13.41	6765756	225119008.00
2015/03/12	13.33	13.33	12.17	12.81	4176403	139545280.00
2015/03/13	12.74	12.95	12.31	12.65	2111692	69798192.00
2015/03/16	12.66	13.09	12.59	12.97	4793915	161753408.00
2015/03/17	12.91	13.36	12.58	12.71	4336449	147159328.00
2015/03/18	12.71	12.79	12.38	12.79	3478815	114802648.00
2015/03/19	12.75	12.75	12.41	12.52	3473485	114310984.00
2015/03/20	12.49	12.89	12.48	12.65	4515960	149892192.00
2015/03/23	12.71	13.21	12.71	13.11	7533869	256319824.00
2015/03/24	13.08	14.45	12.87	14.37	12652222	449623136.00
2015/03/25	14.11	14.33	13.61	14.07	6290680	230422608.00
2015/03/26	13.93	13.93	12.82	12.99	6067224	210308032.00
2015/03/27	12.93	13.33	12.82	13.15	3119409	106796848.00
2015/03/30	13.17	13.37	12.77	12.87	3401796	115910176.00
2015/03/31	12.85	13.03	12.77	12.91	3157815	107127416.00
2015/04/01	12.91	13.49	12.80	13.36	4291916	147982944.00
2015/04/02	13.64	13.92	13.29	13.61	5668712	201650448.00
2015/04/03	13.77	15.03	13.77	15.03	11039126	424009824.00
2015/04/07	15.37	15.57	14.81	15.07	7552864	298425536.00
2015/04/08	15.06	15.06	13.94	14.39	5333478	201061648.00
2015/04/09	14.29	14.32	13.02	13.96	4079201	146257568.00
2015/04/10	13.89	14.73	13.70	14.52	4911205	183506560.00
2015/04/13	14.53	14.77	14.00	14.57	4150964	156014688.00
2015/04/14	14.38	14.73	13.74	13.97	4475765	166626048.00
2015/04/15	13.98	14.84	13.69	14.52	7561479	284148544.00
2015/04/16	14.25	16.03	13.92	15.72	9414531	382210304.00
2015/04/17	16.06	16.93	15.37	16.37	7885508	330256384.00
2015/04/20	16.01	18.07	15.80	17.53	6351913	284802528.00
2015/04/21	17.25	19.33	17.17	19.33	5754036	278528864.00
2015/04/22	19.61	19.77	18.36	18.88	4759610	232981904.00
2015/04/23	18.17	20.49	18.17	19.89	7052390	348128448.00
2015/04/24	19.17	21.94	19.17	21.94	5584533	301376960.00
2015/04/27	22.39	24.17	20.98	22.37	4341117	250973824.00
2015/04/28	21.93	22.77	20.19	21.93	4228701	231533600.00
2015/04/29	22.49	24.16	21.53	21.76	6196984	364595456.00
2015/04/30	21.29	22.37	20.29	21.41	4549967	250433328.00
2015/05/04	21.17	21.34	19.82	20.57	2387098	127505848.00
2015/05/05	20.35	21.17	19.37	19.37	2395575	123675208.00
2015/05/06	19.46	21.29	18.97	20.14	3821658	198916256.00
2015/05/07	19.70	21.97	19.37	21.33	3202932	171387392.00
2015/05/08	21.33	23.37	21.33	23.37	3879524	226185424.00
2015/05/11	23.11	24.89	22.98	24.25	2897034	177166448.00
2015/05/12	24.17	24.37	22.58	23.02	3917898	232803744.00
2015/05/13	22.18	23.37	21.90	22.89	3373453	198219440.00
2015/05/14	22.81	23.61	22.17	22.93	1750241	103335536.00
2015/05/15	22.65	22.82	21.69	21.97	2776692	157878672.00
2015/05/18	21.81	22.73	21.68	22.01	3420626	193929680.00
2015/05/19	22.03	22.48	20.97	21.56	3019922	166399600.00
2015/05/20	21.74	23.78	21.74	23.78	4567926	269354304.00
2015/05/21	24.51	26.22	23.78	26.22	4438435	289774944.00
2015/05/22	26.58	26.59	23.79	24.30	5521431	351140096.00
2015/05/25	23.42	23.89	22.62	23.45	3263081	196092720.00
2015/05/26	23.67	25.86	23.54	25.86	2171574	140957744.00
2015/05/27	27.17	28.51	26.66	27.05	5089778	357855168.00
2015/05/28	26.80	29.44	26.07	26.24	4777657	340082976.00
2015/05/29	26.24	27.84	24.46	27.19	3428150	232830224.00
2015/06/01	27.84	29.96	27.26	29.96	5170900	378455072.00
2015/06/02	31.00	31.44	29.04	30.63	3696931	285802784.00
2015/06/03	31.44	33.75	30.68	33.75	4292227	356922880.00
2015/06/04	34.15	37.04	30.32	34.82	3696286	312022176.00
2015/06/05	34.92	37.80	33.92	34.55	4208037	384033152.00
2015/06/08	34.17	34.17	31.04	32.44	3896447	316891872.00
2015/07/14	29.14	29.14	29.14	29.14	418600	31081050.00
2015/07/15	26.17	26.17	26.17	26.17	12100	808643.00
2015/07/16	23.50	25.32	23.50	23.50	11897930	719774272.00
2015/07/17	23.50	25.06	22.20	24.40	10613083	645158144.00
2015/07/20	23.44	24.36	22.70	23.04	6866884	411951488.00
2015/07/21	22.59	24.63	21.97	24.32	7287048	440624768.00
2015/07/22	24.40	24.64	22.99	23.44	5690101	345931584.00
2015/07/23	23.80	24.75	23.16	24.53	5549118	343181280.00
2015/07/24	24.86	27.04	24.36	26.52	9285515	608327104.00
2015/07/27	25.64	27.04	23.81	23.81	8335543	545302592.00
2015/07/28	21.38	23.44	21.38	21.38	7120995	394644032.00
2015/07/29	22.64	22.77	19.44	21.52	5057582	271481632.00
2015/07/30	21.04	21.75	19.34	19.35	3938888	209943760.00
2015/07/31	19.16	19.16	17.36	17.64	3754715	175734064.00
2015/08/03	17.44	17.44	15.82	15.82	3344116	141981760.00
2015/08/04	15.72	17.46	15.72	17.46	2459194	106276328.00
2015/08/05	18.24	18.84	17.46	17.56	4330505	202324736.00
2015/08/06	16.77	17.64	16.43	17.16	3005577	132063744.00
2015/08/07	17.48	18.64	17.44	18.42	3641037	170250672.00
2015/08/10	18.83	20.19	18.64	19.82	3699136	183183312.00
2015/08/11	19.76	19.78	19.04	19.32	4767889	238421904.00
2015/08/12	19.06	19.32	18.35	18.38	2889802	140424000.00
2015/08/13	18.35	19.20	18.07	19.17	3292716	157848800.00
2015/08/14	19.10	20.00	19.04	19.45	4829722	241317136.00
2015/08/17	19.14	19.30	18.64	19.09	2973520	145353776.00
2015/08/18	19.10	19.48	17.12	17.12	4405173	210262432.00
2015/08/19	16.24	17.41	15.56	17.30	4369100	186986192.00
2015/08/20	17.03	17.62	16.44	16.46	2981806	130841200.00
2015/08/21	15.88	16.82	15.80	15.92	3067591	129175080.00
2015/08/24	14.96	15.36	14.27	14.27	1979696	74421984.00
2015/08/25	12.79	13.44	12.79	12.79	2320432	78124448.00
2015/08/26	12.90	13.74	12.02	12.44	4349147	146791040.00
2015/08/27	12.84	13.24	12.01	13.12	3505851	116657192.00
2015/08/28	13.28	14.49	13.28	14.49	4588684	163070048.00
2015/08/31	14.28	14.38	13.04	13.05	3137396	112375088.00
2015/09/01	13.05	13.07	11.69	11.69	2899146	91709312.00
2015/09/02	10.96	12.28	10.74	11.04	2498412	75255616.00
2015/09/07	11.47	12.14	11.44	11.52	2406764	74073336.00
2015/09/08	11.50	12.66	11.50	12.64	2744041	86638336.00
2015/09/09	12.82	13.96	12.78	13.96	4936822	174073792.00
2015/09/10	13.78	14.48	13.53	14.25	4669978	170065072.00
2015/09/11	14.28	15.37	14.19	14.60	4437440	168823616.00
2015/09/14	14.56	14.56	13.08	13.08	3074417	110301400.00
2015/09/15	12.20	12.51	11.72	11.72	3359075	105201416.00
2015/09/16	11.86	12.95	11.68	12.95	4225454	136010800.00
2015/09/17	12.92	14.30	12.69	13.27	6839865	245293248.00
2015/09/18	13.56	13.75	12.70	13.59	5831847	200339984.00
2015/09/21	13.28	15.00	13.07	15.00	6573223	242807760.00
2015/09/22	14.74	15.42	14.27	14.96	7238297	280091008.00
2015/09/23	14.63	16.18	14.63	15.70	6138686	245083296.00
2015/09/24	15.84	16.63	15.30	15.69	5922651	246319600.00
2015/09/25	15.44	15.76	14.17	14.40	5157507	198260896.00
2015/09/28	14.64	15.84	14.24	15.71	4408626	172742912.00
2015/09/29	15.28	15.76	14.88	15.34	3804443	150929584.00
2015/09/30	15.44	15.60	14.64	14.91	2961564	115333592.00
2015/10/08	15.64	16.04	15.28	15.86	3886816	158550752.00
2015/10/09	15.78	16.24	15.70	16.16	3770936	156220416.00
2015/10/12	16.24	17.29	16.24	17.23	4722109	205971200.00
2015/10/13	17.04	18.52	16.88	18.03	6074510	275745280.00
2015/10/14	17.71	18.03	17.28	17.49	4547463	206190400.00
2015/10/15	17.63	18.37	17.49	18.23	5960261	275928288.00
2015/10/16	18.25	18.82	17.84	18.80	5236689	246262592.00
2015/10/19	19.44	19.44	17.77	18.20	5232266	249397648.00
2015/10/20	18.04	18.77	18.04	18.66	3874721	184477376.00
2015/10/21	19.19	19.36	16.74	16.78	8500884	398604064.00
2015/10/22	16.79	17.71	16.64	17.59	5209902	231849584.00
2015/10/23	17.68	18.47	17.49	18.40	5723876	265982336.00
2015/10/26	18.62	18.91	18.08	18.46	5928930	282271360.00
2015/10/27	18.33	18.42	16.71	17.91	12558394	227480944.00
2015/10/28	17.50	18.40	17.28	17.41	9766979	179634144.00
2015/10/29	17.73	18.10	17.19	17.74	8807630	160740096.00
2015/10/30	17.69	17.70	16.94	17.06	9232430	165017040.00
2015/11/02	16.32	17.02	16.14	16.34	10092637	173392784.00
2015/11/03	16.47	16.82	16.26	16.56	6602506	113083808.00
2015/11/04	16.64	17.51	16.64	17.49	9467451	167840480.00
2015/11/05	17.48	17.71	16.89	17.24	10711017	191169600.00
2015/11/06	17.26	18.97	17.26	18.55	18252579	345323136.00
2015/11/09	18.67	19.12	17.93	18.89	18055867	344781952.00
2015/11/10	18.59	20.84	18.49	20.62	26186953	537048384.00
2015/11/11	20.39	21.42	20.06	20.96	21379036	456138368.00
2015/11/12	20.96	22.99	20.69	22.28	20574696	453924096.00
2015/11/13	21.45	22.19	20.47	20.55	17444517	379764864.00
2015/11/16	19.94	21.29	19.66	21.19	13564427	287744384.00
2015/11/17	21.44	21.59	20.14	20.26	15522376	331416128.00
2015/11/18	20.34	20.56	19.60	19.69	7324585	150779040.00
2015/11/19	19.75	21.72	19.75	21.72	20020543	433318496.00
2015/11/20	22.75	23.95	22.30	23.95	32707093	783743744.00
2015/11/23	25.04	25.44	22.65	23.64	35247134	874012864.00
2015/11/24	23.04	25.42	22.44	25.31	24224669	595283840.00
2015/11/25	25.24	26.88	24.53	24.84	27400888	715731328.00
2015/11/26	25.14	25.14	23.77	23.84	20883750	517266720.00
2015/11/27	23.84	24.41	21.59	21.88	16432544	392098496.00
2015/11/30	21.89	22.69	20.01	22.54	15184127	339805472.00
2015/12/01	22.42	23.13	21.94	22.66	11457830	265270512.00
2015/12/02	22.63	22.64	20.44	21.46	9324421	206136800.00
2015/12/03	21.54	22.34	21.44	22.19	7970170	179325616.00
2015/12/04	22.21	22.73	21.81	22.21	9422261	215026688.00
2015/12/07	22.04	22.44	21.52	22.44	8578858	194759632.00
2015/12/08	22.17	22.32	21.23	21.24	9055040	201121504.00
2015/12/09	20.94	21.42	20.19	20.49	7519902	160084784.00
2015/12/10	20.25	21.32	20.24	20.91	7204042	154091072.00
2015/12/11	20.63	20.81	20.14	20.18	5151127	107895568.00
2015/12/14	19.74	20.64	19.64	20.62	5246175	108199480.00
2015/12/15	20.64	21.19	20.60	20.85	5093167	109245688.00
2015/12/16	21.05	21.66	20.84	21.32	7025468	153076064.00
2015/12/17	21.26	22.41	21.26	22.16	9687670	219404592.00
2015/12/18	22.03	22.09	21.34	21.58	9247433	205252400.00
2015/12/21	21.52	21.70	20.95	21.29	5649681	123277600.00
2015/12/22	21.39	21.59	21.20	21.49	4949387	108628304.00
2015/12/23	21.62	21.68	20.45	20.59	7205002	155575936.00
2015/12/24	20.50	20.88	19.84	20.69	5481096	114401144.00
2015/12/25	20.67	20.89	20.40	20.64	4267970	90538568.00
2015/12/28	20.76	20.90	19.96	20.01	6579842	138331984.00
2015/12/29	20.11	20.19	19.55	20.07	4937586	100907056.00
2015/12/30	20.16	20.94	20.04	20.90	6203049	130712304.00
2015/12/31	20.88	21.60	20.59	20.89	9976001	217185120.00
2016/01/04	20.74	20.92	18.75	18.76	5400959	109113616.00
2016/01/05	17.24	18.76	16.86	17.49	6948095	127426944.00
2016/01/06	17.74	18.18	17.24	18.00	5063817	92680040.00
2016/01/07	17.63	17.63	16.14	16.14	1921750	33070906.00
2016/01/08	16.75	17.00	14.54	15.89	7043569	116264544.00
2016/01/11	15.84	15.84	14.25	14.25	5840255	90772912.00
2016/01/12	13.92	14.57	13.52	14.14	5464917	80430720.00
2016/01/13	14.24	14.60	13.34	13.38	4777088	69865256.00
2016/01/14	13.09	14.53	12.88	14.20	5937897	85354224.00
2016/01/15	14.14	14.44	13.45	13.61	5797395	84358360.00
2016/01/18	13.43	14.41	13.16	14.16	5808378	84598472.00
2016/01/19	14.19	14.92	13.94	14.89	6525320	98232648.00
2016/01/20	14.79	15.19	14.54	14.73	6490051	99887024.00
2016/01/21	14.47	15.16	14.34	14.35	6636538	101913792.00
2016/01/22	14.46	14.74	14.00	14.60	4449012	66769060.00
2016/01/25	14.79	14.94	14.35	14.52	3550161	54054960.00
2016/01/26	14.50	14.50	13.01	13.01	5096549	72412760.00
2016/01/27	13.05	13.24	11.94	12.82	4400489	57598152.00
2016/01/28	12.65	12.79	11.94	11.97	3006958	39003232.00
2016/01/29	12.09	12.82	11.86	12.73	3658856	47636224.00
2016/02/01	12.69	13.02	12.26	12.60	3407309	45110120.00
2016/02/02	12.69	13.29	12.69	13.19	3867535	52861620.00
2016/02/03	13.04	13.43	12.69	13.35	3389321	46183168.00
2016/02/04	13.37	13.88	13.36	13.81	4492438	64085016.00
2016/02/05	13.74	13.93	13.33	13.38	3297871	46592112.00
2016/02/15	12.45	13.42	12.45	13.25	3050910	41294736.00
2016/02/16	13.46	14.16	13.37	14.05	4810436	69547792.00
2016/02/17	14.07	14.49	13.82	14.32	5600020	82257520.00
2016/02/18	14.69	15.81	14.44	15.74	17412636	281064032.00
2016/02/19	15.35	16.33	15.35	15.95	12139360	199010368.00
2016/02/22	16.32	17.17	16.04	16.73	12950575	222425296.00
2016/02/23	16.35	16.59	16.02	16.39	7546734	126948560.00
2016/02/24	16.41	17.08	16.25	16.95	9720957	166995440.00
2016/02/25	16.95	16.96	15.20	15.20	10188122	165875168.00
2016/02/26	15.36	15.63	14.54	15.12	7355427	115665456.00
2016/02/29	15.06	15.06	13.55	13.55	4582590	66075336.00
2016/03/01	13.64	13.99	12.93	13.61	5961450	84122016.00
2016/03/02	13.60	14.61	13.49	14.54	7736074	112904744.00
2016/03/03	14.49	14.99	14.46	14.54	6050435	92465968.00
2016/03/04	14.45	14.46	13.09	13.29	6443573	91985384.00
2016/03/07	13.49	14.07	13.47	13.69	3721716	53459356.00
2016/03/08	13.60	13.79	12.44	13.79	5481745	75465856.00
2016/03/09	13.35	13.62	13.10	13.30	3609448	50315156.00
2016/03/10	13.59	13.59	13.04	13.08	2707526	37528868.00
2016/03/11	12.94	13.13	12.72	12.96	2804482	37828952.00
2016/03/14	13.19	13.98	13.19	13.65	5454000	77567272.00
2016/03/15	13.61	13.81	13.29	13.34	4023365	56776816.00
2016/03/16	13.54	13.84	13.04	13.25	4006394	55948472.00
2016/03/17	13.37	14.47	13.35	14.39	8307103	120223696.00
2016/03/18	14.34	15.19	14.34	14.94	8555544	131481256.00
2016/03/21	15.05	15.42	14.84	15.27	8995667	140609824.00
2016/03/22	14.97	15.67	14.85	15.27	6750558	106465192.00
2016/03/23	15.14	15.59	15.00	15.52	5773400	91648072.00
2016/03/24	15.24	15.39	14.64	14.72	6526511	102404944.00
2016/03/25	14.71	15.22	14.71	15.19	5713583	88567680.00
2016/03/28	15.69	15.92	14.73	14.93	8077153	128178408.00
2016/03/29	14.83	14.98	14.21	14.34	4841997	73022272.00
2016/03/30	14.49	15.32	14.49	15.28	6320341	97740360.00
2016/03/31	15.46	15.75	15.22	15.29	7019221	112332656.00
2016/04/01	15.15	15.24	14.59	15.14	4648067	71997168.00
2016/04/05	15.23	15.86	15.06	15.76	6342743	102058224.00
2016/04/06	15.64	16.54	15.61	16.14	8728595	145565456.00
2016/04/07	16.14	16.17	15.54	15.56	6927245	113190992.00
2016/04/08	15.56	15.60	15.28	15.53	4905160	78322792.00
2016/04/11	15.84	16.79	15.83	16.67	10444606	177189184.00
2016/04/12	16.44	16.77	16.05	16.34	6093408	103107896.00
2016/04/13	16.42	17.01	16.34	16.39	7400021	127968520.00
2016/04/14	16.69	16.76	16.30	16.62	5045778	86170800.00
2016/04/15	16.66	16.74	16.24	16.37	4850265	82094296.00
2016/04/18	16.14	16.28	15.79	15.97	4190461	69302608.00
2016/04/19	16.14	16.41	15.89	16.19	4214813	70382040.00
2016/04/20	16.19	16.31	14.57	14.84	7091170	112348096.00
2016/04/21	14.84	15.03	14.54	14.59	4206722	64673272.00
2016/04/22	14.34	14.79	14.25	14.79	3054700	46359428.00
2016/04/25	14.69	14.69	13.94	14.41	3347608	49975456.00
2016/04/26	14.42	14.77	14.30	14.75	3415759	51491092.00
2016/04/27	14.84	14.84	14.62	14.64	3236151	49455324.00
2016/04/28	14.77	14.90	14.33	14.90	3118104	47045244.00
2016/04/29	14.78	14.98	14.65	14.71	2058369	31477350.00
2016/05/03	14.72	16.23	14.67	16.23	7248235	117419288.00
2016/05/04	16.49	16.95	16.24	16.48	12693396	216921088.00
2016/05/05	16.55	17.22	16.19	17.15	13408836	231689824.00
2016/05/06	17.00	18.17	16.71	16.80	18382699	330666912.00
2016/05/09	16.60	16.78	15.78	16.26	9392454	156988400.00
2016/05/10	16.34	16.58	15.93	16.55	6486203	108971512.00
2016/05/11	16.80	17.02	16.00	16.11	7107138	120779200.00
2016/05/12	15.50	16.58	15.20	16.55	6485297	106463544.00
2016/05/13	16.45	17.32	16.39	17.32	11617870	203285696.00
2016/05/16	17.00	17.86	16.72	17.75	13360822	238672128.00
2016/05/17	17.38	17.78	16.73	16.99	12117160	215566768.00
2016/05/18	16.66	16.70	15.91	16.29	7223312	121223920.00
2016/05/19	16.23	16.86	16.20	16.29	6426680	109446776.00
2016/05/20	15.80	17.97	15.61	17.97	12753943	222277616.00
2016/05/23	18.47	19.43	18.17	19.00	21672790	416823904.00
2016/05/24	18.88	18.99	18.40	18.90	12598001	241838864.00
2016/05/25	19.00	19.94	18.72	19.10	15929059	314968768.00
2016/05/26	18.72	20.30	18.47	20.10	17855255	354860416.00
2016/05/27	19.97	21.03	19.50	19.55	18876667	393653184.00
2016/05/30	18.98	20.30	18.60	19.51	14097530	282994496.00
2016/05/31	19.40	20.49	19.40	20.30	14485054	297989664.00
2016/06/01	20.20	22.38	20.13	22.38	28991901	651836928.00
2016/06/02	22.94	23.50	22.10	22.90	29450694	686415424.00
2016/06/03	22.56	23.67	22.42	22.56	19326124	453355520.00
2016/06/06	22.50	22.60	21.53	22.01	19023659	427171680.00
2016/06/07	22.02	23.06	21.58	22.87	17801197	408283616.00
2016/06/08	23.10	23.29	22.00	22.37	15264784	352908992.00
2016/06/13	21.65	22.29	20.08	20.08	15102429	326418400.00
2016/06/14	19.02	20.38	19.02	20.08	12506907	254798352.00
2016/06/15	19.68	22.14	19.68	22.14	13684987	300892160.00
2016/06/16	22.29	22.75	21.85	22.20	14980151	342462016.00
2016/06/17	22.20	22.56	21.51	22.53	10752152	242427216.00
2016/06/20	22.70	24.43	22.10	23.58	20195119	483732960.00
2016/06/21	23.36	24.73	22.85	23.50	18635113	457682656.00
2016/06/22	23.40	23.98	22.86	23.82	9064250	216427344.00
2016/06/23	24.08	24.48	23.18	24.02	12214260	299219776.00
2016/06/24	24.00	25.68	22.50	24.49	16030740	396750048.00
2016/06/27	24.23	25.46	24.23	25.16	8237629	208480848.00
2016/06/28	25.20	25.20	24.12	24.27	10794927	269781696.00
2016/06/29	24.40	24.40	23.55	24.16	8079208	197378800.00
2016/06/30	24.20	24.45	23.50	23.61	6187580	150591424.00
2016/07/01	23.99	23.99	22.97	23.29	6092364	145134192.00
2016/07/04	22.87	23.70	22.81	23.50	6255084	149636720.00
2016/07/05	23.40	23.78	23.00	23.66	7320389	174813568.00
2016/07/06	23.73	24.10	23.18	23.25	9226722	221991536.00
2016/07/07	23.20	23.71	22.58	23.70	13461897	318677568.00
2016/07/08	23.68	23.70	23.20	23.21	6270967	149800272.00
2016/07/11	23.72	24.18	23.22	23.28	10032823	243300288.00
2016/07/12	23.21	23.50	22.55	23.27	7433576	174808688.00
2016/07/13	23.41	23.73	23.09	23.13	8057096	192254496.00
2016/07/14	22.90	23.10	22.60	22.69	6987992	162717440.00
2016/07/15	22.69	22.99	22.15	22.15	7208864	165683344.00
2016/07/18	22.20	22.35	21.72	22.23	5523345	124396304.00
2016/07/19	22.13	22.85	22.00	22.76	6182980	141241376.00
2016/07/20	22.55	23.67	22.55	23.39	9965523	236105888.00
2016/07/21	23.20	23.50	23.10	23.12	4674317	111027552.00
2016/07/22	23.10	23.27	22.21	22.39	5039314	116889648.00
2016/07/25	22.21	22.65	21.85	22.47	3932789	89234640.00
2016/07/26	22.40	23.34	22.39	23.00	4351862	102103552.00
2016/07/27	23.19	23.19	21.00	21.58	8421467	189312848.00
2016/07/28	21.72	21.77	20.57	20.79	5564159	119761552.00
2016/07/29	20.85	20.96	20.09	20.59	4139662	87167304.00
2016/08/10	21.40	22.00	21.20	21.53	5703328	126129896.00
2016/08/11	21.28	21.58	20.27	20.30	5219469	111319376.00
2016/08/12	20.38	20.72	20.22	20.47	2794259	58540796.00
2016/08/15	20.43	21.34	20.18	21.02	5576580	119577232.00
2016/08/16	21.06	21.42	20.99	21.16	3237872	70359496.00
2016/08/17	21.32	21.82	21.05	21.49	4333230	95380640.00
2016/08/18	21.49	21.79	20.81	20.88	6057160	131099880.00
2016/08/19	20.89	21.50	20.89	21.33	3696048	80697296.00
2016/08/22	21.44	21.44	20.73	20.73	3179588	68212088.00
2016/08/23	20.83	21.00	20.50	20.61	3408693	72250368.00
2016/08/24	20.60	20.98	20.51	20.88	2186605	46514200.00
2016/08/25	20.84	20.84	20.10	20.48	4301060	90004384.00
2016/08/26	20.79	21.27	20.66	20.96	4984218	107337072.00
2016/08/29	20.97	21.25	20.81	21.08	3788675	81783912.00
2016/08/30	21.16	21.67	21.10	21.25	3945345	86460152.00
2016/08/31	21.14	21.46	20.88	21.13	2539628	54801276.00
2016/09/01	21.10	21.38	21.01	21.08	3044540	66165544.00
2016/09/02	20.90	21.58	20.86	21.48	6055093	132268720.00
2016/09/05	21.40	21.68	21.30	21.34	2879880	63284932.00
2016/09/06	21.48	21.85	21.02	21.75	4406986	96878160.00
2016/09/07	21.66	21.89	21.20	21.29	5206384	114419328.00
2016/09/08	21.37	21.68	21.22	21.43	3610821	79332744.00
2016/09/09	21.37	21.50	20.99	20.99	3990890	86785072.00
2016/09/12	20.50	20.50	20.00	20.08	5203216	108046792.00
2016/09/13	20.20	20.27	19.61	19.88	3113036	63604748.00
2016/09/14	19.65	19.80	19.51	19.67	4055530	81702792.00
2016/09/19	19.70	19.97	19.67	19.86	2948409	59983424.00
2016/09/20	19.99	20.41	19.78	20.41	3504875	72098912.00
2016/09/21	20.89	22.27	20.86	21.67	10580454	234078320.00
2016/09/22	21.62	22.80	21.62	22.37	12650325	288918624.00
2016/09/23	22.63	22.77	21.91	21.93	6631329	150842880.00
2016/09/26	21.93	22.25	21.51	21.54	6319774	141574896.00
2016/09/27	21.55	21.90	21.23	21.82	4549781	100459376.00
2016/09/28	21.69	22.69	21.52	22.25	7039794	160414240.00
2016/09/29	22.28	22.53	22.11	22.21	4564019	104074376.00
2016/09/30	22.04	22.32	22.00	22.05	2218116	50248824.00
2016/10/10	21.90	23.00	21.90	22.92	6596833	151783376.00
2016/10/11	22.80	23.30	22.76	22.96	6200538	145520192.00
2016/10/12	22.60	23.19	22.58	22.96	4165090	97659320.00
2016/10/13	22.89	23.10	22.45	22.61	4555429	105604064.00
2016/10/14	22.50	22.55	21.96	22.29	3712954	84185000.00
2016/10/17	22.47	22.47	21.62	21.66	4059169	91133800.00
2016/10/18	21.77	22.33	21.64	22.25	3034729	68636592.00
2016/10/19	22.26	22.40	21.78	21.93	3890267	87885656.00
2016/10/20	21.84	22.45	21.84	22.43	4234481	96480256.00
2016/10/21	22.45	22.52	21.76	21.99	3453726	77824232.00
2016/10/24	21.99	22.13	21.65	21.79	3658308	81526864.00
2016/10/25	21.86	22.08	21.61	21.77	2575922	57382508.00
2016/10/26	21.95	22.05	21.40	21.42	3850033	85189080.00
2016/10/27	21.42	21.69	21.40	21.65	2215157	48915156.00
2016/10/28	21.50	21.85	21.10	21.18	2770589	61114416.00
2016/10/31	21.01	21.39	21.01	21.31	1530756	33261570.00
2016/11/01	21.43	21.77	21.31	21.68	2400687	53123464.00
2016/11/02	21.67	21.67	21.11	21.17	2684783	58591288.00
2016/11/03	20.94	21.85	20.94	21.62	4159074	91745992.00
2016/11/04	21.50	21.85	21.33	21.39	1791013	39494852.00
2016/11/07	21.40	21.57	21.20	21.35	1952123	42727808.00
2016/11/08	21.36	21.90	21.23	21.63	2724323	60430544.00
2016/11/09	21.62	21.68	20.94	21.49	2695172	59038608.00
2016/11/10	21.64	21.92	21.56	21.76	3088813	68620552.00
2016/11/11	21.92	21.92	21.56	21.79	2564708	56960896.00
2016/11/14	21.82	22.57	21.72	22.18	4787385	108854232.00
2016/11/15	22.12	22.37	21.93	22.29	2977093	67460616.00
2016/11/16	22.33	22.50	22.20	22.22	2900845	66245856.00
2016/11/17	22.10	22.10	21.53	21.60	3188686	70806912.00
2016/11/18	21.58	21.77	21.53	21.63	1595178	35346296.00
2016/11/21	21.55	21.77	21.50	21.63	2177635	48250068.00
2016/11/22	21.63	21.80	21.53	21.76	2183705	48393492.00
2016/11/23	21.71	22.80	21.71	22.19	8019155	183947616.00
2016/11/24	22.06	22.20	21.50	21.69	5564662	124022584.00
2016/11/25	21.54	21.60	20.93	21.38	3536905	76965216.00
2016/11/28	21.58	21.58	21.01	21.03	2231074	48487956.00
2016/11/29	21.20	21.23	20.70	20.79	2087657	44968532.00
2016/11/30	20.75	21.10	20.60	20.86	1822290	39033628.00
2016/12/01	20.87	21.25	20.75	21.06	1787156	38513956.00
2016/12/02	21.00	21.18	20.57	20.59	1935239	41150136.00
2016/12/05	20.54	20.92	20.30	20.75	1582994	33585040.00
2016/12/06	20.78	21.06	20.58	20.63	1321714	28040296.00
2016/12/07	20.75	20.76	20.50	20.71	1448412	30566540.00
2016/12/08	20.76	20.76	20.18	20.20	2122205	44296060.00
2016/12/09	20.16	20.37	19.93	20.32	2347594	48448892.00
2016/12/12	20.40	20.65	19.60	19.75	3971892	81305232.00
2016/12/13	19.90	19.90	19.16	19.43	3432459	68470776.00
2016/12/14	19.43	19.48	18.80	18.87	3683843	71992872.00
2016/12/15	18.99	20.00	18.87	19.90	4195773	84103688.00
2016/12/16	19.86	20.66	19.86	20.18	3378075	70348848.00
2016/12/19	20.42	21.34	20.19	21.00	6974860	149162368.00
2016/12/20	20.90	20.97	20.24	20.30	3268418	68781856.00
2016/12/21	20.32	20.70	20.01	20.35	2430530	50531216.00
2016/12/22	20.30	20.37	19.68	19.74	2180499	44603760.00
2016/12/23	19.80	19.93	19.30	19.34	1888774	37827404.00
2016/12/26	19.20	20.18	18.96	20.02	2847888	57501280.00
2016/12/27	20.00	20.17	19.90	19.99	1820782	37357264.00
2016/12/28	20.10	20.14	19.80	19.87	1582718	32386180.00
2016/12/29	19.42	20.01	19.41	19.45	1698850	34018064.00
2016/12/30	19.35	19.49	19.18	19.18	1396844	27706216.00
2017/01/03	19.36	20.10	19.30	19.57	3421295	69335472.00
2017/01/04	19.51	19.93	19.40	19.75	4261699	86246024.00
2017/01/05	19.75	19.95	19.67	19.70	2493432	50615288.00
2017/01/06	19.57	19.72	19.34	19.37	1923925	38378108.00
2017/01/09	19.42	19.54	18.87	18.96	2810403	55248248.00
2017/01/10	18.96	18.96	18.42	18.59	3353451	64155268.00
2017/01/11	18.49	18.76	18.38	18.40	1595447	30370728.00
2017/01/12	18.40	18.73	18.35	18.39	2420652	46134344.00
2017/01/13	18.37	18.86	18.24	18.25	3522750	67023520.00
2017/01/16	18.26	18.73	16.70	17.22	4243310	78575664.00
2017/01/17	17.60	17.60	16.72	17.50	4560850	81047200.00
2017/01/18	17.40	17.73	17.15	17.60	2744658	49227460.00
2017/01/19	17.53	17.98	17.28	17.89	4062549	73724992.00
2017/01/20	17.64	18.47	17.60	18.26	4168977	78200568.00
2017/01/23	18.24	18.67	18.10	18.30	2090040	39587204.00
2017/01/24	18.13	18.45	18.00	18.17	1773006	33037682.00
2017/01/25	18.02	18.46	17.95	18.32	1752868	32943942.00
2017/01/26	18.25	18.64	18.25	18.38	704672	13357782.00
2017/02/03	18.37	18.48	18.02	18.21	542000	10150501.00
2017/02/06	18.37	18.74	18.15	18.59	1380327	26279646.00
2017/02/07	18.60	18.64	18.30	18.43	1038955	19688784.00
2017/02/08	18.34	18.49	17.92	18.16	2381364	44376072.00
2017/02/09	18.20	18.60	18.08	18.49	3481725	65571596.00
2017/02/10	18.36	18.56	17.80	17.83	4276402	79511016.00
2017/02/13	17.84	18.25	17.62	17.93	2098141	38775344.00
2017/02/14	18.11	18.17	17.78	17.83	1530175	28175690.00
2017/02/15	17.81	17.97	17.56	17.57	1944254	35410644.00
2017/02/16	17.59	17.76	17.56	17.63	1298129	23556782.00
2017/02/17	17.69	17.79	17.31	17.43	1578086	28408172.00
2017/02/20	17.21	17.90	17.21	17.72	2229775	40499920.00
2017/02/21	17.78	17.83	17.31	17.56	5369063	96853344.00
2017/02/22	17.51	17.64	17.20	17.35	4857824	86578520.00
2017/02/23	17.36	18.66	17.31	18.29	9803421	180906704.00
2017/02/24	18.20	18.55	18.03	18.46	5266599	98848192.00
2017/02/27	18.46	18.49	18.10	18.10	3661510	68762832.00
2017/02/28	18.12	18.46	18.07	18.36	2835639	53245644.00
2017/03/01	18.25	18.65	18.20	18.32	3663892	69231320.00
2017/03/02	18.34	18.40	18.05	18.19	1952045	36538212.00
2017/03/03	18.18	19.03	18.14	19.00	6608948	126729056.00
2017/03/06	19.11	19.62	19.00	19.23	6102566	121295216.00
2017/03/07	19.26	19.84	19.25	19.52	5825225	117342488.00
2017/03/08	19.50	19.50	19.12	19.25	3532279	69831176.00
2017/03/09	19.14	19.50	18.95	19.29	2687959	53060512.00
2017/03/10	19.30	19.90	19.26	19.68	4722760	94984232.00
2017/03/13	19.70	20.41	19.45	20.40	5257027	108219704.00
2017/03/14	20.25	20.76	20.17	20.30	6183564	129432136.00
2017/03/15	20.23	20.58	19.97	20.35	4114875	85244568.00
2017/03/16	20.34	21.00	20.23	20.82	5406382	114509816.00
2017/03/17	20.84	20.98	20.12	20.27	5130181	108006152.00
2017/03/20	20.20	20.40	20.00	20.29	2450317	50707956.00
2017/03/21	20.30	20.60	20.19	20.33	2338277	48823576.00
2017/03/22	20.45	20.87	20.15	20.66	3290883	69417400.00
2017/03/23	20.20	20.45	19.73	20.25	9637882	197586816.00
2017/03/24	20.20	20.29	19.76	19.84	2787133	57238716.00
2017/03/27	19.83	19.99	19.34	19.86	3015945	60674588.00
2017/03/28	19.75	20.59	19.55	20.08	4400930	90656304.00
2017/03/29	19.62	20.58	19.58	20.30	4073512	84231056.00
2017/03/30	20.27	20.54	19.75	20.12	3453067	71405736.00
2017/03/31	20.11	20.49	20.01	20.16	2386930	49402216.00
2017/04/05	20.11	21.67	20.11	21.43	6256479	135180128.00
2017/04/06	21.43	21.65	21.10	21.43	3458496	75811576.00
2017/04/07	21.50	22.02	21.10	21.20	4536206	100208944.00
2017/04/10	21.20	21.50	20.86	20.95	4533247	98382272.00
2017/04/11	20.80	21.06	19.70	20.61	6584275	137330368.00
2017/04/12	20.53	20.70	20.13	20.17	2173436	45641320.00
2017/04/13	20.19	20.62	19.85	20.15	3007794	62155876.00
2017/04/14	20.00	20.18	19.81	19.97	1515936	31021050.00
2017/04/17	19.96	20.19	19.61	20.19	1062400	21666366.00
2017/04/18	20.25	20.25	19.25	19.36	2647611	53401300.00
2017/04/19	19.36	19.38	18.60	18.95	2036853	39679052.00
2017/04/20	18.68	19.18	18.67	18.94	1402851	27271066.00
2017/04/21	18.95	20.20	18.94	19.80	4331057	87852120.00
2017/04/24	19.63	20.12	19.62	19.71	1823965	37126212.00
2017/04/25	19.84	20.07	19.45	19.66	1385653	28102712.00
2017/04/26	19.67	20.25	19.67	20.10	1896853	38808236.00
2017/04/27	20.09	20.59	19.77	20.55	2113656	43908748.00
2017/04/28	20.54	20.77	20.25	20.54	1860844	39109384.00
2017/05/02	20.61	20.61	20.21	20.23	1105458	23098802.00
2017/05/03	20.39	20.71	20.07	20.23	1777165	36983604.00
2017/05/04	20.05	20.78	20.00	20.73	4995037	105156680.00
2017/05/05	20.72	20.85	19.80	19.80	2738645	57228924.00
2017/05/08	19.80	19.80	19.00	19.09	1991147	39717076.00
2017/05/09	19.00	19.80	18.46	19.78	3570858	70128712.00
2017/05/10	19.48	20.00	18.42	18.56	3410152	67402176.00
2017/05/11	18.50	18.90	18.08	18.81	3062847	58259992.00
2017/05/12	18.81	19.05	18.00	18.23	2723925	51752460.00
2017/05/15	18.38	18.56	18.05	18.15	1891052	35472116.00
2017/05/16	18.09	18.75	18.00	18.70	3272519	61979976.00
2017/05/17	18.76	18.93	18.31	18.49	3238818	62286272.00
2017/05/18	18.19	18.88	18.19	18.63	2758410	52713844.00
2017/05/19	18.62	19.00	18.51	18.74	2065089	39943416.00
2017/05/22	18.79	19.06	18.61	18.73	1381459	26679624.00
2017/05/23	19.00	19.00	18.16	18.18	1693210	32447716.00
2017/05/24	18.22	18.43	17.80	18.12	1755495	32534346.00
2017/05/25	18.28	19.08	18.04	18.78	1887218	36006636.00
2017/05/26	19.11	19.18	18.60	18.70	1270318	24370120.00
2017/05/31	19.12	19.17	18.65	18.71	1355630	26034314.00
2017/06/01	18.71	18.72	17.78	17.87	3109927	57447420.00
2017/06/02	17.79	18.07	17.28	17.87	3160656	57027608.00
2017/06/05	17.87	18.29	17.80	17.97	1407099	25981906.00
2017/06/06	17.82	18.07	17.81	17.84	1098263	20088940.00
2017/06/07	17.84	18.82	17.79	18.67	3502695	65463144.00
2017/06/08	18.61	18.68	18.38	18.55	1171473	22146546.00
2017/06/09	18.65	18.70	18.35	18.59	1064454	20087808.00
2017/06/12	18.59	18.67	18.17	18.42	1324827	24892750.00
2017/06/13	18.41	18.86	18.38	18.70	1135288	21687020.00
2017/06/14	18.80	18.92	18.59	18.84	1698662	32555410.00
2017/06/15	18.84	19.53	18.70	19.28	2528032	49778720.00
2017/06/16	19.17	19.75	19.12	19.12	2359195	46751968.00
2017/06/19	19.11	19.97	19.11	19.81	3059235	61131652.00
2017/06/20	19.81	19.82	19.40	19.44	1692026	33736880.00
2017/06/21	19.47	19.72	19.23	19.64	1897987	37586836.00
2017/06/22	19.77	19.77	18.69	18.87	2356719	46049256.00
2017/06/23	18.84	19.09	18.54	18.97	2680150	51494832.00
2017/06/26	18.97	19.26	18.81	19.23	2028989	39445912.00
2017/06/27	19.15	19.52	19.12	19.34	1960663	38738092.00
2017/06/28	19.18	19.57	18.95	19.44	1307537	25742700.00
2017/06/29	19.44	19.67	19.32	19.34	1778535	35356136.00
2017/06/30	19.34	19.87	19.25	19.77	2063985	41429212.00
2017/07/03	19.70	20.28	19.65	20.04	2513868	51310000.00
2017/07/04	20.04	20.21	19.83	19.95	1448786	29534178.00
2017/07/05	19.87	20.09	19.75	19.83	1964029	39750124.00
2017/07/06	19.82	20.16	19.78	19.99	2266710	46174048.00
2017/07/07	20.02	20.16	19.32	19.66	3522400	70516088.00
2017/07/10	19.66	19.98	19.48	19.67	2757654	55416516.00
2017/07/11	19.62	19.87	19.02	19.12	3067751	61101980.00
2017/07/12	19.13	19.67	19.07	19.67	2365571	46590404.00
2017/07/13	19.62	20.00	19.62	19.78	3683726	74469600.00
2017/07/14	19.97	20.17	19.81	19.94	1850560	37597272.00
2017/07/17	19.94	19.94	17.95	18.92	2417057	47509720.00
2017/07/18	19.07	19.12	18.27	18.76	2430049	46161276.00
2017/07/19	18.90	18.90	18.45	18.75	1432049	27208416.00
2017/07/20	18.75	18.99	18.59	18.60	1919046	36775392.00
2017/07/21	18.60	19.20	18.60	18.89	1743774	33708908.00
2017/07/24	18.63	18.94	18.56	18.81	1114933	21297660.00
2017/07/25	18.92	18.92	18.20	18.55	2172338	41329448.00
2017/07/26	18.55	18.82	18.40	18.70	859315	16357988.00
2017/07/27	18.60	19.73	18.60	19.62	3026494	59666220.00
2017/07/28	19.72	19.72	19.40	19.53	1394100	27780984.00
2017/07/31	19.67	19.84	19.44	19.68	1728954	34669020.00
2017/08/01	19.62	19.73	19.33	19.63	1450004	28867298.00
2017/08/02	19.70	19.70	19.15	19.18	1574630	31295944.00
2017/08/03	19.40	19.44	19.02	19.25	1483773	29168052.00
2017/08/04	19.32	19.32	18.91	18.94	1062720	20638560.00
2017/08/07	18.78	19.27	18.62	18.84	2286941	44046832.00
2017/08/08	18.85	19.10	18.66	18.99	1094408	21157860.00
2017/08/09	19.17	19.17	18.92	19.05	1055716	20519130.00
2017/08/10	18.98	19.05	18.64	18.72	1803414	34559408.00
2017/08/11	18.61	18.97	18.44	18.73	1333496	25471710.00
2017/08/14	18.73	19.68	18.73	19.62	3814518	75305624.00
2017/08/15	19.63	20.08	19.49	19.81	4578695	92631912.00
2017/08/16	19.81	20.27	19.62	19.97	4252596	87056992.00
2017/08/17	19.87	20.27	19.78	20.12	4614986	94346848.00
2017/08/18	19.93	20.60	19.80	20.51	4548201	94372824.00
2017/08/21	20.45	20.50	20.09	20.23	2944318	60831248.00
2017/08/22	20.17	20.40	19.85	19.94	2523731	51689128.00
2017/08/23	19.94	20.17	19.77	19.80	2600370	52814552.00
2017/08/24	19.78	19.90	19.50	19.55	2739932	54942096.00
2017/08/25	19.55	19.82	19.48	19.57	2572227	51370024.00
2017/08/28	19.70	20.27	19.32	19.89	4150535	83809472.00
2017/08/29	19.86	19.92	19.52	19.92	2612577	52538636.00
2017/08/30	19.83	20.82	19.78	20.66	5550665	115381416.00
2017/08/31	20.66	20.92	20.42	20.80	4611315	96745416.00
2017/09/01	20.80	21.08	20.45	20.71	3213382	67656744.00
2017/09/04	20.65	20.70	20.32	20.56	3947267	82358696.00
2017/09/05	20.56	21.09	20.52	20.75	5321061	112916960.00
2017/09/06	20.54	21.33	20.43	21.21	4818388	102993144.00
2017/09/07	21.26	21.57	20.92	21.29	6379195	137454016.00
2017/09/08	21.36	21.55	20.93	21.10	4667952	100887896.00
2017/09/11	21.12	21.44	20.87	21.09	3287289	70556216.00
2017/09/12	21.04	21.32	20.74	21.16	4241998	90912016.00
2017/09/13	20.98	21.20	20.58	20.72	3520467	74709496.00
2017/09/14	20.77	20.77	20.17	20.33	4497216	93836888.00
2017/09/15	20.30	20.57	20.24	20.30	2193181	45588672.00
2017/09/18	20.49	20.98	19.97	20.97	5703387	119593080.00
2017/09/19	21.02	21.40	20.65	20.72	5657104	121196512.00
2017/09/20	20.72	22.83	20.33	22.41	15290043	339331552.00
2017/09/21	22.32	22.74	21.80	21.86	10580705	240261552.00
2017/09/22	21.82	22.59	21.60	21.95	7831724	175898464.00
2017/09/25	21.92	22.44	21.19	21.22	5983911	132240512.00
2017/09/26	21.17	21.51	20.70	21.12	4428000	94717280.00
2017/09/27	21.12	22.00	20.98	21.81	5157887	112831008.00
2017/09/28	21.67	22.57	21.62	22.27	5945262	134431712.00
2017/09/29	22.07	22.62	21.97	22.34	3993707	90839176.00
2017/10/09	22.53	24.52	22.13	24.26	12440512	299065664.00
2017/10/10	24.16	24.62	23.77	24.29	5917652	145661424.00
2017/10/11	23.99	24.24	23.32	23.48	6576080	158059280.00
2017/10/12	23.55	23.92	23.12	23.27	5215991	124248696.00
2017/10/13	23.30	23.89	23.08	23.62	5770179	137860768.00
2017/10/16	23.62	23.70	22.52	22.56	5405047	126707216.00
2017/10/17	22.57	22.92	22.32	22.80	2855242	65810064.00
2017/10/18	22.81	23.33	22.32	22.49	3931360	91337824.00
2017/10/19	22.57	22.82	22.12	22.62	3555670	81357328.00
2017/10/20	22.60	23.75	22.47	23.75	5269413	124393984.00
2017/10/23	23.58	24.00	23.32	23.74	3676666	88395744.00
2017/10/24	23.73	23.76	22.70	23.39	3790717	89548192.00
2017/10/25	23.32	23.70	23.11	23.30	3962694	94094400.00
2017/10/26	23.47	24.30	23.43	23.97	7633782	186196976.00
2017/10/27	24.11	24.59	23.85	24.23	7337703	180352144.00
2017/10/30	24.20	25.18	23.50	24.09	10016128	248571520.00
2017/10/31	24.17	25.00	23.78	24.83	6905794	171242752.00
2017/11/01	24.83	25.60	24.62	24.97	8677339	221229264.00
2017/11/02	24.92	25.81	24.80	25.12	8929279	229635792.00
2017/11/03	25.10	26.62	24.90	25.87	10543653	277369856.00
2017/11/06	25.97	28.50	25.93	27.23	23682708	664869696.00
2017/11/07	27.56	28.19	26.82	27.88	13255430	371107840.00
2017/11/08	27.83	28.32	27.03	27.07	10314985	288796352.00
2017/11/09	27.04	27.74	26.75	27.61	9140560	252584144.00
2017/11/10	27.40	28.82	26.92	27.86	12499044	354954624.00
2017/11/13	27.58	30.62	27.37	30.19	13434849	400001792.00
2017/11/14	30.14	30.16	27.22	28.03	21616514	627148544.00
2017/11/15	27.77	28.57	26.52	26.68	15377907	429310144.00
2017/11/16	26.63	27.19	26.33	26.64	9183396	249334672.00
2017/11/17	26.58	26.99	24.97	25.45	12241524	327918880.00
2017/11/20	25.53	27.36	25.21	27.24	10423428	278214272.00
2017/11/21	27.15	28.25	26.82	27.99	11400370	318024704.00
2017/11/22	27.91	28.77	26.67	27.09	12701693	355404736.00
2017/11/23	27.02	27.40	25.62	26.29	7905176	212875632.00
2017/11/24	25.92	26.70	25.73	26.23	6101219	162184000.00
2017/11/27	25.92	25.92	24.32	24.52	7836362	199547312.00
2017/11/28	24.46	25.82	24.46	25.76	6656687	171237904.00
2017/11/29	25.92	26.82	24.62	25.68	6620434	174038192.00
2017/11/30	25.43	26.11	25.11	25.23	4282136	111466888.00
2017/12/01	25.28	26.60	25.28	26.13	6565292	173779536.00
2017/12/04	26.10	26.72	25.79	26.20	7679150	204793872.00
2017/12/05	26.10	26.16	24.43	24.82	7426262	188962256.00
2017/12/06	24.72	26.61	24.61	26.57	7520685	194944896.00
2017/12/07	26.28	27.15	26.02	26.86	9684296	262448096.00
2017/12/08	26.92	28.10	26.92	27.12	13440967	375064288.00
2017/12/11	26.62	27.80	26.62	27.66	10120156	280113536.00
2017/12/12	27.42	28.88	27.42	27.67	13316396	380363424.00
2017/12/13	27.77	28.39	27.43	28.27	8268794	234391968.00
2017/12/14	28.15	28.28	27.14	27.74	8828933	248205440.00
2017/12/15	28.02	28.22	26.87	26.98	7599031	211615904.00
2017/12/18	26.92	26.95	25.43	25.92	9413750	247890944.00
2017/12/19	25.82	26.88	25.82	26.76	6540344	175573904.00
2017/12/20	26.62	27.34	26.58	26.62	5146239	140484400.00
2017/12/21	26.36	29.32	26.34	28.98	14401149	412127008.00
2017/12/22	28.91	29.27	28.43	29.02	11052666	322298016.00
2017/12/25	28.67	29.02	28.15	28.33	7697056	222567600.00
2017/12/26	28.26	29.62	27.38	28.47	10895111	315077920.00
2017/12/27	28.32	29.54	27.89	28.66	10236732	300150432.00
2017/12/28	28.32	30.00	27.97	28.22	11588679	340343168.00
2017/12/29	28.18	29.63	28.18	29.59	11225954	332204576.00
2018/01/02	29.72	29.89	28.98	29.62	9117192	272484576.00
2018/01/03	29.62	29.62	28.50	29.12	10599150	310800992.00
2018/01/04	29.02	29.47	28.64	29.11	8013419	236230240.00
2018/01/05	28.87	29.02	27.97	28.16	7338916	211082720.00
2018/01/08	27.82	28.42	26.91	27.76	8491902	237448464.00
2018/01/09	27.92	28.04	27.28	27.48	5372918	150427920.00
2018/01/10	27.57	28.00	26.22	26.33	11495996	313530624.00
2018/01/11	25.82	26.66	25.22	26.51	9267144	245031168.00
2018/01/12	26.20	26.49	25.25	25.27	8131603	212315584.00
2018/01/15	25.16	25.67	24.19	25.21	9685476	245737600.00
2018/01/16	25.21	25.45	23.96	24.32	9137739	228831936.00
2018/01/17	24.32	25.12	22.84	24.62	10908514	267364640.00
2018/01/18	24.48	25.02	24.27	24.36	5054174	126321872.00
2018/01/19	24.36	24.81	24.13	24.34	3104808	77051120.00
2018/01/22	24.41	25.59	23.62	25.17	6033951	152434128.00
2018/01/23	25.07	25.50	24.80	25.10	3355485	85626400.00
2018/01/24	25.15	26.00	25.05	25.79	5848846	152260160.00
2018/01/25	25.81	26.20	25.52	25.65	4809743	126237352.00
2018/01/26	25.55	25.84	23.66	23.99	7265586	182387808.00
2018/01/29	23.62	24.26	22.12	22.32	10176671	237301200.00
2018/01/30	22.59	23.06	22.32	22.77	4190759	97119760.00
2018/01/31	22.60	22.97	21.30	22.72	7279392	164265584.00
2018/02/01	22.62	22.75	21.50	21.75	5673082	126927592.00
2018/02/02	21.75	22.70	21.31	22.13	4518808	101602120.00
2018/02/05	21.52	22.44	21.32	21.65	3408162	75957448.00
2018/02/06	21.12	22.10	20.74	20.81	3399010	73683928.00
2018/02/07	21.49	21.52	19.98	20.83	4783567	100986952.00
2018/02/08	20.47	22.42	20.20	22.19	6700434	148740656.00
2018/02/09	21.53	22.78	21.42	22.48	7010772	158559216.00
2018/02/12	22.62	23.61	22.53	23.47	5013790	118811944.00
2018/02/13	23.47	23.87	22.57	22.75	4977850	117481760.00
2018/02/14	22.72	22.90	22.19	22.42	2226185	50802756.00
2018/02/22	22.64	24.17	22.42	23.97	5274761	126602616.00
2018/02/23	23.77	24.08	23.32	23.59	2746353	65870152.00
2018/02/26	23.91	25.32	23.57	24.87	7011114	175582992.00
2018/02/27	24.82	25.59	24.21	24.45	7968320	201705152.00
2018/02/28	24.40	25.36	24.26	24.54	6276787	158310880.00
2018/03/01	24.51	25.30	24.13	25.12	6900483	173507872.00
2018/03/02	24.76	25.52	24.43	24.81	4962595	125694072.00
2018/03/05	24.80	25.55	24.62	25.39	4404706	112860936.00
2018/03/06	25.48	26.82	25.42	25.71	8025555	213154272.00
2018/03/07	25.78	26.51	25.62	26.26	5585655	148194400.00
2018/03/08	25.97	26.49	25.43	25.95	3986953	105152976.00
2018/03/09	25.93	27.55	25.83	27.14	6258671	170044960.00
2018/03/12	27.24	28.40	26.74	27.77	8296306	232817824.00
2018/03/13	27.58	27.70	26.87	27.12	5639989	155854464.00
2018/03/14	26.97	27.18	26.22	26.33	5056618	136451664.00
2018/03/15	26.21	26.92	25.86	26.87	4218544	112950072.00
2018/03/16	26.72	27.27	26.32	26.32	3943688	107366112.00
2018/03/19	26.31	27.62	25.85	26.71	5142600	140457808.00
2018/03/20	26.32	27.08	26.12	26.64	3603631	97038000.00
2018/03/21	27.00	27.02	25.52	25.52	4770101	127648720.00
2018/03/22	25.62	26.42	24.86	25.95	5974197	155310656.00
2018/03/23	25.07	26.09	23.62	24.42	5957906	150700688.00
2018/03/26	24.33	26.24	24.18	26.17	7064648	184060736.00
2018/03/27	26.63	27.60	26.32	27.59	11730852	321924608.00
2018/03/28	26.68	27.89	26.62	27.02	9370606	257669344.00
2018/03/29	27.02	27.81	26.34	27.19	6120780	167835184.00
2018/03/30	27.22	29.47	27.22	28.94	11394479	327287936.00
2018/04/02	28.92	31.04	28.92	30.42	15185051	463554592.00
2018/04/03	29.70	30.41	29.15	30.20	9801609	294865952.00
2018/04/04	30.25	30.53	28.52	28.85	7709839	229430912.00
2018/04/09	28.92	29.47	28.22	28.50	6076900	177062496.00
2018/04/10	28.82	28.91	27.48	28.07	7773164	220535648.00
2018/04/11	28.28	29.41	27.95	28.13	6958417	201810480.00
2018/04/12	28.10	29.12	28.10	28.48	4851000	140748048.00
2018/04/13	28.46	28.83	27.32	28.32	8949369	254449344.00
2018/04/16	27.87	29.37	27.87	28.92	6578029	191261328.00
2018/04/17	28.81	30.12	27.83	28.72	10613707	314670464.00
2018/04/18	29.10	31.60	28.92	30.95	15590008	476853568.00
2018/04/19	30.60	31.28	29.42	29.72	11366851	350999392.00
2018/04/20	29.72	30.42	29.21	29.26	7493575	226926336.00
2018/04/23	28.99	30.05	26.86	27.47	11571014	333307840.00
2018/04/24	27.49	28.72	26.99	28.59	9154617	259584000.00
2018/04/25	28.22	28.92	27.96	28.36	8737987	251788400.00
2018/04/26	28.38	29.61	28.19	28.77	8245648	243404752.00
2018/04/27	29.12	29.42	27.44	28.46	6103847	175827712.00
2018/05/02	28.45	28.95	25.92	26.81	10364383	285843456.00
2018/05/03	26.62	27.70	26.02	27.50	7520099	203657792.00
2018/05/04	27.42	28.20	27.03	27.53	5734245	160795040.00
2018/05/07	27.42	28.51	27.37	28.18	5504027	156755792.00
2018/05/08	28.10	28.87	27.60	28.02	5445912	155221728.00
2018/05/09	28.02	28.77	27.78	28.02	7002714	200601008.00
2018/05/10	28.22	28.22	26.72	26.97	7890963	216839056.00
2018/05/11	27.10	27.14	26.18	26.21	6967063	187724512.00
2018/05/14	26.18	26.57	25.64	25.78	6961446	183465776.00
2018/05/15	25.62	26.38	25.16	26.32	6724507	175518352.00
2018/05/16	26.11	26.11	25.25	25.40	6930901	180529184.00
2018/05/17	25.52	25.87	25.16	25.41	4331780	111960432.00
2018/05/18	25.52	25.84	25.12	25.81	4839906	125151168.00
2018/05/21	26.00	27.17	25.75	26.82	10089737	272902816.00
2018/05/22	26.68	26.95	26.19	26.90	7315433	197405088.00
2018/05/23	26.73	27.59	26.62	26.95	7474295	206489456.00
2018/05/24	27.05	27.11	26.21	26.30	3933999	105696648.00
2018/05/25	26.19	26.39	25.47	25.50	3904851	101933264.00
2018/05/28	25.52	25.53	24.52	24.79	7757025	196485120.00
2018/05/29	24.65	25.14	24.18	24.33	6520784	162255312.00
2018/05/30	23.92	24.77	23.92	24.04	6209261	153885120.00
2018/05/31	24.42	24.90	24.23	24.50	5892379	146774288.00
2018/06/01	24.45	24.72	24.24	24.29	4518178	112547856.00
2018/06/04	24.10	24.77	22.38	24.35	13271452	318188640.00
2018/06/05	24.08	25.15	24.08	25.10	5772987	145147360.00
2018/06/06	25.04	25.24	24.60	24.81	3481437	87489464.00
2018/06/07	24.86	25.35	24.57	25.13	4863736	123348936.00
2018/06/08	24.92	25.99	24.85	25.53	6072394	156264624.00
2018/06/11	25.45	26.16	25.44	25.77	4246844	110880624.00
2018/06/12	25.74	26.12	25.32	25.85	3901750	101353704.00
2018/06/13	26.04	27.38	25.61	25.94	9859410	263481568.00
2018/06/14	25.64	26.92	25.24	26.64	8809810	234268832.00
2018/06/15	26.74	27.52	26.24	26.94	9705978	263518672.00
2018/06/19	26.38	26.88	24.23	25.69	10012552	260129552.00
2018/06/20	25.47	26.64	25.25	26.53	7049654	185244704.00
2018/06/21	26.27	26.52	24.24	25.02	10596855	271297472.00
2018/06/22	24.14	24.98	24.02	24.73	6607253	164731072.00
2018/06/25	24.84	25.37	24.24	24.24	5362319	134503760.00
2018/06/26	23.52	25.94	22.95	25.44	9635366	242482288.00
2018/06/27	25.62	26.84	25.62	26.36	10306402	274928736.00
2018/06/28	26.42	26.83	25.75	26.02	7573886	201750976.00
2018/06/29	26.73	28.59	26.24	28.34	12044915	334481312.00
2018/07/02	28.19	28.24	27.24	27.59	10358193	290481504.00
2018/07/03	27.70	29.38	27.32	28.84	12034147	343067040.00
2018/07/04	28.39	28.52	26.76	27.20	9884456	274828000.00
2018/07/05	27.12	27.86	26.54	26.70	8103791	222271392.00
2018/07/06	26.74	28.50	26.71	26.87	10815787	300670880.00
2018/07/09	26.84	28.61	26.84	28.57	12232665	344790272.00
2018/07/10	28.53	28.85	27.98	28.73	9114216	261617552.00
2018/07/11	28.04	28.61	26.96	28.14	9605945	270045088.00
2018/07/12	28.07	30.04	28.03	29.24	13820298	406338080.00
2018/07/13	29.27	29.93	28.94	29.75	9869958	293590208.00
2018/07/16	29.51	29.53	28.12	28.91	10725248	311337696.00
2018/07/17	28.65	28.84	27.59	28.43	9523010	270971744.00
2018/07/18	28.43	29.63	28.36	28.71	10992512	322661056.00
2018/07/19	28.53	28.92	28.00	28.49	5574863	159489168.00
2018/07/20	28.13	30.14	28.04	29.81	11616777	343519552.00
2018/07/23	29.74	30.96	29.51	30.58	12403907	379620096.00
2018/07/24	30.60	30.89	29.90	30.74	8224857	252878384.00
2018/07/25	31.04	32.23	29.77	29.86	14273843	445867328.00
2018/07/26	29.59	29.59	28.29	28.40	12432571	362311008.00
2018/07/27	28.34	28.67	27.68	28.24	7930982	225770192.00
2018/07/30	28.14	28.32	27.29	27.78	5599844	156579360.00
2018/07/31	27.67	27.94	26.99	27.46	4831640	134301376.00
2018/08/01	27.53	28.62	27.53	27.64	7054160	200062480.00
2018/08/02	27.57	28.34	27.27	28.15	9322088	262007104.00
2018/08/03	28.19	28.63	26.94	27.08	7221709	202069840.00
2018/08/06	27.01	27.96	25.77	25.77	6393406	170986384.00
2018/08/07	26.04	27.03	25.24	26.96	6260672	166341424.00
2018/08/08	26.84	26.94	25.85	25.96	4947676	131754352.00
2018/08/09	25.89	28.18	25.70	28.00	8214809	228084848.00
2018/08/10	27.78	28.68	27.73	28.42	6368175	181950720.00
2018/08/13	27.95	29.33	27.84	29.24	7598962	220843696.00
2018/08/14	29.04	29.04	28.42	28.70	4043431	117111256.00
2018/08/15	28.70	28.99	28.08	28.24	5125100	147209808.00
2018/08/16	27.87	29.03	27.39	28.44	5687800	163903072.00
2018/08/17	28.94	29.18	27.76	27.76	4652900	133901328.00
2018/08/20	27.76	28.55	26.34	28.54	6685773	185154592.00
2018/08/21	28.62	28.71	27.96	28.44	5687654	162952416.00
2018/08/22	28.34	28.57	26.49	26.75	8542790	236077232.00
2018/08/23	26.59	27.34	26.37	26.78	7353799	199522496.00
2018/08/24	26.58	26.92	26.19	26.40	4477088	119795088.00
2018/08/27	26.26	27.53	26.25	27.35	6043874	165072064.00
2018/08/28	27.34	27.84	27.14	27.62	5173562	144203152.00
2018/08/29	27.45	27.96	27.29	27.44	4039549	112735216.00
2018/08/30	27.39	28.09	27.14	27.31	5714221	159179488.00
2018/08/31	27.14	27.14	26.25	26.44	4753947	127777616.00
2018/09/03	26.46	26.46	24.64	25.59	9877085	252672976.00
2018/09/04	25.74	26.12	25.02	25.81	9105184	236088176.00
2018/09/05	24.74	24.80	23.20	23.20	19496240	461107872.00
2018/09/06	22.38	23.36	22.33	22.68	10370641	239511584.00
2018/09/07	22.65	23.32	21.90	22.25	9900795	225489536.00
2018/09/10	22.18	22.32	21.51	21.54	6157002	136262864.00
2018/09/11	21.73	22.08	21.26	21.73	5585678	122301456.00
2018/09/12	21.63	21.94	21.47	21.54	3633957	79667448.00
2018/09/13	21.83	22.01	21.13	21.65	4890220	106954240.00
2018/09/14	21.67	21.68	20.56	20.56	6248419	132815864.00
2018/09/17	20.47	21.05	20.43	20.52	3850449	80869224.00
2018/09/18	20.41	20.92	20.15	20.74	5886571	122530480.00
2018/09/19	20.78	21.86	20.24	21.42	11979945	257022208.00
2018/09/20	21.34	21.59	20.98	21.23	4898087	105326216.00
2018/09/21	21.24	21.39	20.62	21.29	6185811	131685056.00
2018/09/25	21.09	21.40	20.87	21.02	3476219	74378912.00
2018/09/26	21.02	21.68	20.64	21.51	6518909	140144736.00
2018/09/27	21.54	21.62	20.69	20.70	4809664	102814192.00
2018/09/28	20.72	20.94	20.18	20.92	6504704	134780400.00
2018/10/08	20.27	20.39	18.80	19.06	7533861	148263200.00
2018/10/09	18.99	19.21	17.42	17.91	11469173	211548320.00
2018/10/10	18.19	18.39	17.80	18.15	6894397	127135696.00
2018/10/11	17.28	17.79	16.32	16.64	8356654	144793456.00
2018/10/12	16.67	17.34	16.30	17.11	9161713	157408096.00
2018/10/15	17.24	17.62	16.74	16.91	7621180	132948968.00
2018/10/16	17.09	17.21	15.53	15.92	7721629	128531784.00
2018/10/17	16.35	17.23	16.29	16.78	13437354	227949680.00
2018/10/18	16.88	17.19	16.38	16.64	8923711	152453504.00
2018/10/19	16.14	18.07	16.09	17.79	12032576	212153072.00
2018/10/22	18.40	19.54	18.09	19.09	14604801	278412480.00
2018/10/23	18.81	18.94	17.79	18.05	11334717	210087632.00
2018/10/24	17.93	18.19	17.38	17.74	6690550	120387856.00
2018/10/25	16.89	17.07	15.94	16.55	15823062	263467632.00
2018/10/26	16.84	16.93	15.62	15.86	12893864	211528256.00
2018/10/29	15.73	16.17	15.36	15.69	7826000	125667072.00
2018/10/30	15.53	15.62	14.60	15.24	10669883	164606560.00
2018/10/31	15.49	16.21	15.17	16.05	15706849	250125024.00
2018/11/01	16.17	17.03	16.02	16.56	16195218	272471296.00
2018/11/02	17.37	17.89	17.24	17.73	11906634	212042016.00
2018/11/05	17.34	18.79	17.34	18.14	14240748	261762304.00
2018/11/06	18.03	18.45	17.47	18.10	7667474	139099776.00
2018/11/07	18.13	18.23	17.55	17.60	6081621	110292712.00
2018/11/08	17.92	17.95	17.19	17.36	5488225	97568624.00
2018/11/09	17.52	17.81	17.24	17.26	4550677	80969816.00
2018/11/12	17.52	18.51	17.26	18.51	9574854	174593264.00
2018/11/13	17.45	18.10	17.37	17.99	17050046	307022208.00
2018/11/14	18.14	18.72	17.90	18.69	13925012	259602704.00
2018/11/15	18.54	18.82	18.31	18.80	10152488	190828624.00
2018/11/16	18.74	18.88	18.41	18.44	9513681	179339888.00
2018/11/19	18.33	18.34	17.59	17.99	8672416	156881136.00
2018/11/20	17.74	17.93	17.10	17.19	9073569	161494000.00
2018/11/21	16.92	17.45	16.57	17.42	6409310	110750392.00
2018/11/22	17.39	17.58	17.19	17.26	3461036	61197880.00
2018/11/23	17.32	17.40	16.39	16.41	6714094	113988320.00
2018/11/26	16.08	16.50	16.06	16.17	5553790	91816008.00
2018/11/27	16.27	16.86	16.27	16.49	5820634	98038504.00
2018/11/28	16.52	17.42	16.44	17.33	10445794	180752752.00
2018/11/29	17.51	17.72	16.84	16.88	6830853	119874608.00
2018/11/30	16.92	17.41	16.84	17.32	6306188	110063304.00
2018/12/03	17.95	18.30	17.61	17.91	11229821	204630128.00
2018/12/04	17.74	17.92	17.46	17.82	6028723	108225208.00
2018/12/05	17.39	17.71	17.12	17.35	5484858	96883912.00
2018/12/06	17.24	17.61	16.65	16.71	6983598	121241200.00
2018/12/07	16.86	17.44	16.82	17.13	7339890	128072712.00
2018/12/10	17.19	17.69	17.04	17.24	6060666	107121776.00
2018/12/11	17.24	17.80	16.95	17.79	8386090	149538528.00
2018/12/12	17.93	17.97	17.16	17.30	7276439	128791240.00
2018/12/13	17.30	17.55	16.89	17.32	5756051	101035592.00
2018/12/14	17.17	17.21	16.44	16.49	7471411	127277464.00
2018/12/17	16.42	16.42	15.80	16.03	5998693	97855024.00
2018/12/18	15.83	16.19	15.81	16.05	3707319	60341016.00
2018/12/19	16.07	16.19	15.34	15.42	5297551	84477184.00
2018/12/20	15.37	15.73	15.37	15.63	3672567	58117140.00
2018/12/21	15.52	15.74	15.29	15.49	3181511	50122540.00
2018/12/24	15.49	15.77	15.29	15.77	4698532	74384632.00
2018/12/25	15.49	15.49	14.77	15.24	8571215	131052728.00
2018/12/26	15.23	15.28	14.89	14.94	4733939	72657624.00
2018/12/27	15.27	15.34	14.61	14.61	5100038	77987000.00
2018/12/28	14.62	14.81	14.12	14.18	5972742	87086792.00
2019/01/02	14.18	14.50	14.14	14.19	3233694	47014396.00
2019/01/03	14.14	14.24	13.40	13.44	6683002	93800080.00
2019/01/04	13.34	14.09	13.28	13.95	9505545	133663296.00
2019/01/07	14.17	15.19	14.07	14.96	11523052	173102704.00
2019/01/08	14.79	15.08	14.41	14.56	8673251	129523512.00
2019/01/09	14.60	15.12	14.37	14.61	9421225	141449312.00
2019/01/10	14.61	14.78	14.28	14.36	5360274	79296416.00
2019/01/11	14.35	14.64	14.32	14.49	4564946	67281744.00
2019/01/14	14.44	14.54	13.98	14.13	4561070	65836328.00
2019/01/15	14.15	14.61	14.04	14.57	6090955	89207448.00
2019/01/16	14.61	14.79	14.40	14.42	5515838	81784520.00
2019/01/17	14.35	14.48	13.88	13.95	6178661	88716416.00
2019/01/18	13.96	14.24	13.79	14.14	5041460	72049736.00
2019/01/21	14.21	15.52	14.15	15.34	17866302	270342080.00
2019/01/22	15.19	15.31	14.66	14.87	12618501	191753920.00
2019/01/23	14.27	14.50	14.16	14.34	9242575	134775344.00
2019/01/24	14.30	15.80	14.16	15.34	22072349	345227072.00
2019/01/25	15.39	16.90	15.39	16.82	30981223	513279456.00
2019/01/28	16.42	16.60	15.70	15.92	16634557	273665792.00
2019/01/29	16.18	16.21	15.38	15.69	11159794	178181488.00
2019/01/30	15.49	16.14	15.32	15.59	10354306	165786736.00
2019/01/31	15.73	15.86	14.84	15.29	8356999	130908576.00
2019/02/01	15.23	16.60	15.21	16.44	11550097	189914256.00
2019/02/11	16.39	17.52	16.24	17.36	13125665	225530736.00
2019/02/12	17.39	17.43	16.84	17.13	13336169	232034384.00
2019/02/13	17.13	18.68	16.99	18.10	16081038	294020544.00
2019/02/14	18.00	18.42	17.77	18.17	10424243	191207840.00
2019/02/15	17.92	18.29	17.75	17.84	8673681	157691584.00
2019/02/18	18.03	18.84	17.64	18.77	13121179	244457168.00
2019/02/19	18.83	19.01	17.76	18.20	15482103	288266496.00
2019/02/20	17.99	18.09	17.51	17.88	11409674	206013744.00
2019/02/21	17.88	18.64	17.79	17.92	13814180	254670368.00
2019/02/22	17.74	18.73	17.71	18.71	17390617	321196064.00
2019/02/25	19.14	20.07	18.78	19.66	23517260	461620224.00
2019/02/26	19.54	20.10	18.84	19.35	17109452	336963104.00
2019/02/27	19.24	19.43	18.36	18.72	14109860	271624864.00
2019/02/28	18.55	18.62	18.04	18.60	11513546	214289712.00
2019/03/01	18.60	18.72	17.93	18.56	10527771	194964576.00
2019/03/04	18.74	19.56	18.57	18.76	16971934	327348032.00
2019/03/05	18.74	20.01	18.57	19.99	27371062	539207616.00
2019/03/06	20.11	20.21	19.42	19.87	15321665	305655488.00
2019/03/07	19.64	19.79	19.24	19.56	16456975	325113664.00
2019/03/08	19.21	21.44	18.83	20.34	30087436	624532800.00
2019/03/11	20.94	21.22	20.06	21.18	25717007	538431680.00
2019/03/12	21.24	22.35	20.76	21.95	28187604	615458304.00
2019/03/13	21.70	21.70	19.94	20.51	22054955	467706592.00
2019/03/14	20.24	20.25	18.95	19.23	15492853	305794400.00
2019/03/15	19.46	19.59	18.85	19.30	13065201	253791328.00
2019/03/18	19.35	19.84	19.00	19.82	12938522	254793952.00
2019/03/19	19.60	20.30	19.54	20.11	12507420	252638944.00
2019/03/20	20.14	20.14	19.09	19.56	11534969	228038976.00
2019/03/21	19.56	19.90	19.35	19.58	12412500	247460704.00
2019/03/22	19.66	19.89	19.12	19.35	10301148	202321280.00
2019/03/25	18.84	19.09	18.54	18.57	11514363	219097552.00
2019/03/26	18.78	18.84	17.90	17.95	8679926	161484592.00
2019/03/27	18.19	18.39	17.44	18.26	9224883	167824640.00
2019/03/28	18.09	18.82	17.95	18.10	9014282	168395552.00
2019/03/29	18.16	18.79	17.79	18.73	10938097	203892496.00
2019/04/01	18.81	19.42	18.65	19.15	12383605	239746752.00
2019/04/02	19.45	19.87	19.19	19.40	13643937	270163872.00
2019/04/03	19.26	19.33	18.94	19.32	9786361	189822208.00
2019/04/04	19.50	19.54	18.96	19.09	8393230	163228352.00
2019/04/08	19.17	19.24	18.17	18.47	10272611	194401648.00
2019/04/09	18.45	18.84	18.34	18.71	5910655	111695896.00
2019/04/10	17.97	18.11	17.45	17.68	16056246	288079296.00
2019/04/11	17.73	17.82	17.07	17.14	10011787	176842704.00
2019/04/12	17.32	17.32	16.84	16.98	6594421	114134160.00
2019/04/15	17.15	17.45	17.00	17.02	6662373	116779248.00
2019/04/16	16.73	17.60	16.69	17.60	9399563	164836528.00
2019/04/17	17.64	18.03	17.49	17.57	9349992	168309728.00
2019/04/18	17.49	17.59	17.31	17.32	5183401	91740192.00
2019/04/19	17.34	17.58	17.24	17.53	5893920	104547216.00
2019/04/22	17.53	17.83	17.43	17.61	6347128	113418584.00
2019/04/23	17.59	17.59	16.79	17.07	5199800	90573752.00
2019/04/24	17.01	17.69	16.96	17.64	6252463	110502496.00
2019/04/25	17.34	17.52	16.54	16.60	5789300	100422456.00
2019/04/26	16.44	16.99	16.44	16.57	3926029	66750708.00
2019/04/29	16.62	16.83	15.50	16.03	7459654	121757352.00
2019/04/30	16.19	16.48	15.90	16.24	2978690	49198988.00
2019/05/06	15.54	15.63	14.59	14.59	7255232	111327800.00
2019/05/07	14.74	14.86	14.28	14.63	4578530	68078736.00
2019/05/08	14.39	15.14	14.17	14.74	5422344	81379952.00
2019/05/09	14.79	15.09	14.60	14.64	4151929	62890184.00
2019/05/10	14.80	15.56	14.40	15.49	9477199	145829216.00
2019/05/13	15.31	15.36	15.03	15.09	5182976	79996880.00
2019/05/14	14.80	15.28	14.80	15.09	3942231	60653468.00
2019/05/15	15.26	15.33	15.03	15.06	5524264	85280592.00
2019/05/16	15.22	15.22	15.00	15.15	3962402	60922312.00
2019/05/17	15.26	15.64	14.99	15.15	11552760	180601408.00
2019/05/20	15.54	16.02	15.45	15.84	16845792	269629824.00
2019/05/21	15.53	15.73	15.34	15.65	12032816	190358208.00
2019/05/22	15.94	16.31	15.70	16.15	12770576	207812720.00
2019/05/23	16.72	16.72	15.86	16.03	16946495	281514944.00
2019/05/24	15.71	15.73	15.02	15.05	11647181	181032656.00
2019/05/27	15.13	16.29	14.99	16.11	14482742	232842176.00
2019/05/28	16.16	16.27	15.85	15.98	11166602	181835680.00
2019/05/29	15.90	16.69	15.87	16.23	15812892	262516128.00
2019/05/30	16.00	16.14	15.45	15.78	11085280	177107440.00
2019/05/31	15.70	16.64	15.51	16.40	25272605	415181376.00
2019/06/03	16.32	16.40	15.79	16.22	11489286	188285088.00
2019/06/04	16.12	16.12	14.98	15.17	13986178	218152384.00
2019/06/05	15.41	15.45	15.00	15.07	7470477	114036496.00
2019/06/06	15.07	15.17	14.41	14.47	6709825	98737936.00
2019/06/10	14.47	14.76	14.25	14.63	5099600	74874216.00
2019/06/11	14.63	15.39	14.43	15.14	9263819	139620384.00
2019/06/12	15.07	15.37	14.94	15.15	9058618	137658128.00
2019/06/13	15.06	15.23	14.90	15.02	5766227	86917552.00
2019/06/14	14.95	15.08	14.33	14.37	7684040	112951176.00
2019/06/17	14.37	14.52	14.17	14.36	3964379	57029324.00
2019/06/18	14.30	14.48	14.22	14.41	3153600	45488668.00
2019/06/19	14.85	15.15	14.68	14.78	8856874	132525680.00
2019/06/20	14.77	15.14	14.67	15.03	7335731	110185808.00
2019/06/21	15.26	15.50	15.16	15.22	9222607	141829808.00
2019/06/24	15.17	15.39	15.02	15.10	5743570	87297928.00
2019/06/25	15.14	15.14	14.57	14.97	6004714	89273488.00
2019/06/26	14.86	15.10	14.77	14.82	4644112	69516232.00
2019/06/27	14.83	15.40	14.83	15.32	11288094	172400640.00
2019/06/28	15.35	15.40	14.72	14.94	7043700	105770624.00
2019/07/01	15.31	15.49	15.07	15.49	10464924	161368096.00
2019/07/02	15.50	15.91	15.34	15.50	10922465	171455776.00
2019/07/03	15.45	15.45	15.18	15.28	5614483	86207088.00
2019/07/04	15.34	15.34	14.86	15.06	5563071	84180048.00
2019/07/05	15.05	15.24	15.05	15.07	4442018	67413032.00
2019/07/08	14.97	14.97	14.25	14.62	8352800	121970632.00
2019/07/09	14.52	14.65	14.36	14.50	3074605	44693752.00
2019/07/10	14.55	14.62	14.28	14.33	3286320	47740780.00
2019/07/11	14.40	14.56	14.27	14.40	2883533	41702276.00
2019/07/12	13.85	13.85	12.96	13.03	16459034	218310576.00
2019/07/15	12.95	13.53	12.83	13.49	8566341	114062760.00
2019/07/16	13.40	13.65	13.35	13.44	4755132	64337248.00
2019/07/17	13.52	14.23	13.35	13.94	11888691	166932112.00
2019/07/18	13.77	14.21	13.65	13.76	6533019	91186928.00
2019/07/19	13.86	14.04	13.63	13.82	4703252	65082452.00
2019/07/22	13.90	13.90	13.21	13.44	5584157	76060496.00
2019/07/23	13.38	14.10	13.38	13.94	7940971	110751768.00
2019/07/24	14.14	14.61	14.00	14.42	9946655	143713024.00
2019/07/25	14.48	14.73	14.38	14.47	7720826	112545984.00
2019/07/26	14.45	14.70	14.25	14.41	5745963	83318680.00
2019/07/29	14.51	14.81	14.36	14.60	4663865	68359112.00
2019/07/30	14.48	14.74	14.39	14.47	4501123	65630344.00
2019/07/31	14.51	14.55	14.31	14.32	3213145	46436612.00
2019/08/01	14.27	14.55	14.14	14.30	4283000	61487996.00
2019/08/02	13.89	14.37	13.62	14.16	5884653	83154864.00
2019/08/05	14.07	14.53	13.91	13.97	5087800	72558456.00
2019/08/06	13.45	13.76	13.10	13.54	5815460	78410184.00
2019/08/07	13.64	13.74	13.25	13.27	3757602	50733532.00
2019/08/08	13.30	13.61	13.24	13.52	4060200	54724884.00
2019/08/09	13.45	13.83	13.22	13.32	4532832	61408828.00
2019/08/12	13.38	13.67	13.13	13.67	5691888	76154624.00
2019/08/13	13.46	13.62	13.31	13.37	3759200	50590648.00
2019/08/14	13.64	14.71	13.56	14.32	19291544	278125536.00
2019/08/15	13.86	15.51	13.75	15.23	22624970	332459136.00
2019/08/16	15.05	15.45	14.96	15.13	14280193	216793376.00
2019/08/19	15.30	15.88	15.15	15.73	16352599	255476560.00
2019/08/20	15.64	15.82	15.30	15.32	11820971	183763056.00
2019/08/21	15.33	15.70	15.13	15.50	11131100	172804592.00
2019/08/22	15.47	15.72	15.26	15.49	10082954	156452176.00
2019/08/23	15.50	15.72	15.09	15.50	10558399	162608496.00
2019/08/26	15.35	16.58	15.34	15.95	21775641	347707648.00
2019/08/27	16.26	17.55	15.85	17.55	34646084	584566592.00
2019/08/28	17.65	18.09	17.03	17.26	30533595	534574112.00
2019/08/29	17.23	17.64	16.97	17.28	22006882	381370176.00
2019/08/30	17.28	17.61	16.23	16.50	23396787	399540928.00
2019/09/02	16.55	17.10	16.24	16.83	15239338	256206096.00
2019/09/03	16.92	17.20	16.64	17.10	16326738	277482720.00
2019/09/04	16.97	18.03	16.88	17.81	22837411	401480032.00
2019/09/05	17.95	18.39	17.46	17.46	24856893	445243072.00
2019/09/06	17.68	17.83	17.08	17.38	14592170	255406128.00
2019/09/09	17.53	18.30	17.35	18.30	19380675	348347712.00
2019/09/10	18.31	18.40	17.55	17.77	15099777	269756800.00
2019/09/11	17.83	17.84	17.32	17.33	9700279	170502352.00
2019/09/12	17.41	17.87	17.41	17.56	9916914	175256832.00
2019/09/16	17.56	17.89	17.21	17.73	10012276	176923392.00
2019/09/17	17.54	17.55	16.50	16.64	13810371	234315184.00
2019/09/18	16.70	16.89	16.53	16.64	7186637	120377224.00
2019/09/19	16.66	17.40	16.65	17.18	11595756	198631616.00
2019/09/20	17.16	17.78	17.06	17.58	13743703	239460832.00
2019/09/23	17.32	17.64	16.82	17.62	12403631	214068656.00
2019/09/24	17.70	18.26	17.53	18.01	22810779	407014656.00
2019/09/25	17.75	17.78	16.51	16.59	15676027	268266160.00
2019/09/26	16.64	16.74	15.65	15.68	11982404	192286864.00
2019/09/27	15.82	16.14	15.68	15.85	7170203	114380520.00
2019/09/30	15.85	16.10	15.48	15.66	5459204	86319456.00
2019/10/08	15.70	15.96	15.46	15.79	4590144	72168584.00
2019/10/09	15.78	16.37	15.54	16.32	8501713	136783408.00
2019/10/10	16.13	16.35	15.95	16.27	8875095	143309568.00
2019/10/11	16.29	16.29	15.20	15.42	14648741	227842880.00
2019/10/14	15.63	15.83	15.55	15.78	8852327	139035008.00
2019/10/15	15.67	15.69	15.08	15.15	7930447	120943360.00
2019/10/16	15.30	15.35	15.01	15.11	4668823	70896688.00
2019/10/17	15.14	15.20	14.79	14.96	5111886	76779144.00
2019/10/18	15.00	15.04	14.47	14.54	6397292	94026480.00
2019/10/21	14.58	14.64	14.25	14.60	5023201	72769152.00
2019/10/22	14.64	15.10	14.60	15.07	7787521	116353824.00
2019/10/23	15.08	15.20	14.88	14.94	4110100	61735136.00
2019/10/24	14.85	15.06	14.66	14.85	3083856	45705552.00
2019/10/25	14.79	15.12	14.55	15.06	4451917	66181744.00
2019/10/28	15.23	15.75	15.23	15.65	7991902	124073240.00
2019/10/29	15.70	15.70	15.41	15.45	5294949	82291088.00
2019/10/30	15.43	15.78	15.22	15.45	5945334	92300976.00
2019/10/31	15.45	15.64	15.25	15.29	3605562	55605816.00
2019/11/01	15.23	15.55	15.23	15.49	3779894	58380356.00
2019/11/04	15.53	15.69	15.40	15.44	5105828	79382096.00
2019/11/05	15.35	15.66	15.16	15.49	5499136	84959384.00
2019/11/06	15.50	15.63	14.84	15.06	6360218	96259160.00
2019/11/07	15.12	15.66	15.02	15.46	6941512	107390600.00
2019/11/08	15.60	15.84	15.36	15.38	5391694	83949656.00
2019/11/11	15.30	15.30	14.71	14.76	4486114	67114480.00
2019/11/12	14.76	14.91	14.43	14.83	3783700	55549524.00
2019/11/13	14.80	14.95	14.60	14.85	3966787	58675348.00
2019/11/14	14.73	15.99	14.70	15.79	12738951	197696480.00
2019/11/15	15.75	15.92	15.61	15.64	9366995	147855472.00
2019/11/18	15.66	15.88	15.34	15.50	7598032	117927448.00
2019/11/19	15.44	15.73	15.23	15.73	10737866	166082080.00
2019/11/20	15.61	15.64	15.23	15.24	9466302	145644560.00
2019/11/21	15.12	15.19	14.80	14.96	7137635	106953112.00
2019/11/22	15.00	15.32	14.82	14.88	7801552	117476368.00
2019/11/25	14.87	14.88	14.33	14.46	6360059	92204288.00
2019/11/26	14.51	14.62	14.32	14.46	3160233	45752716.00
2019/11/27	14.43	14.95	14.35	14.70	6043899	89103384.00
2019/11/28	14.67	14.85	14.47	14.54	4040823	59188156.00
2019/11/29	14.58	15.50	14.51	15.19	13098499	199082672.00
2019/12/02	15.53	16.71	15.53	16.71	14894020	241812224.00
2019/12/03	17.10	17.23	16.37	16.76	36405210	613243392.00
2019/12/04	16.74	17.44	16.70	16.96	27638668	470506496.00
2019/12/05	16.89	17.42	16.78	17.12	24085506	412374848.00
2019/12/06	17.07	17.55	16.97	17.36	21412403	369885120.00
2019/12/09	17.54	17.65	17.26	17.34	20109232	351056736.00
2019/12/10	17.22	18.03	17.18	17.76	24718002	435540224.00
2019/12/11	17.70	17.75	17.03	17.23	18576975	321931424.00
2019/12/12	17.38	18.75	17.26	17.92	31981533	576897984.00
2019/12/13	18.03	18.06	17.50	17.83	22345962	397021792.00
2019/12/16	17.79	19.09	17.63	18.97	28048820	518094176.00
2019/12/17	18.86	19.10	18.61	18.99	22208685	418083264.00
2019/12/18	18.99	19.68	18.70	19.55	26747841	513525472.00
2019/12/19	19.32	19.38	18.54	18.88	19376777	366432288.00
2019/12/20	18.80	18.94	18.18	18.20	16032442	296927520.00
2019/12/23	17.89	17.89	17.36	17.50	16596399	292451072.00
2019/12/24	17.57	17.75	17.38	17.74	11580643	203817040.00
2019/12/25	17.71	18.72	17.54	18.53	19433529	355051648.00
2019/12/26	18.31	18.43	17.98	18.28	12189446	221952848.00
2019/12/27	18.24	18.36	17.30	17.34	14717851	261820128.00
2019/12/30	17.06	17.63	16.57	17.27	11957015	205250912.00
2019/12/31	17.24	17.60	17.17	17.20	8161767	141300976.00
2020/01/02	17.33	17.84	17.17	17.70	13769153	242739648.00
2020/01/03	17.70	18.36	17.68	17.95	14356594	258436256.00
2020/01/06	17.62	18.42	17.47	18.23	16902871	306274464.00
2020/01/07	18.20	18.55	18.12	18.47	15579097	285897280.00
2020/01/08	18.32	18.37	17.71	17.75	13888923	249948064.00
2020/01/09	17.94	19.53	17.94	18.99	28235075	537439872.00
2020/01/10	18.98	19.45	18.73	19.33	21849145	418854432.00
2020/01/13	19.90	20.14	19.03	19.77	29120083	572520448.00
2020/01/14	19.72	19.72	18.97	18.99	22756090	440503712.00
2020/01/15	18.97	20.89	18.82	20.89	26828302	539153344.00
2020/01/16	21.45	21.60	20.20	20.82	28486573	597997184.00
2020/01/17	20.90	21.18	20.33	20.42	18029724	373058944.00
2020/01/20	21.10	22.32	20.63	22.02	30681911	664469760.00
2020/01/21	21.88	23.65	21.60	22.48	29335017	662871488.00
2020/01/22	22.23	24.73	21.88	24.72	35094196	826912000.00
2020/01/23	23.82	25.92	22.88	24.28	37742806	915598016.00
数据来源:通达信
