300546 雄帝科技 日线 前复权
      日期	    开盘	    最高	    最低	    收盘	    成交量	    成交额
2016/09/28	9.31	11.27	9.31	11.27	3700	105179.00
2016/09/29	12.44	12.44	12.44	12.44	100	3236.00
2016/09/30	13.74	13.74	13.74	13.74	1600	56960.00
2016/10/10	15.16	15.16	15.16	15.16	100	3916.00
2016/10/11	16.73	16.73	16.73	16.73	4400	189552.00
2016/10/12	18.46	18.46	18.46	18.46	2300	108997.00
2016/10/13	20.35	20.35	20.35	20.35	5100	265863.00
2016/10/14	22.44	22.44	22.44	22.44	4600	263764.00
2016/10/17	24.73	24.73	24.73	24.73	4412	278264.84
2016/10/18	27.25	27.25	27.25	27.25	3900	270582.00
2016/10/19	30.03	30.03	30.03	30.03	11600	885312.00
2016/10/20	33.08	33.08	33.08	33.08	26786	2248684.75
2016/10/21	36.44	36.44	36.44	36.44	33315	3076640.25
2016/10/24	40.14	40.14	40.14	40.14	131697	13379098.00
2016/10/25	44.20	44.20	44.20	44.20	136769	15283936.00
2016/10/26	48.67	48.67	48.67	48.67	56700	6970131.00
2016/10/27	53.59	53.59	53.59	53.59	44600	6030812.00
2016/10/28	59.00	59.00	59.00	59.00	56500	8403810.00
2016/10/31	64.94	64.94	55.14	59.10	8142694	1212388480.00
2016/11/01	57.50	59.48	56.78	57.82	4532819	664646784.00
2016/11/02	57.46	61.09	57.11	59.30	4743676	709400128.00
2016/11/03	58.70	59.18	56.39	56.42	4369770	635707520.00
2016/11/04	55.00	57.44	54.98	56.00	2549528	361353088.00
2016/11/07	56.10	56.84	55.18	55.49	1706987	240630048.00
2016/11/08	55.70	56.30	55.06	56.01	1687687	237094368.00
2016/11/09	55.85	58.30	55.42	56.83	2997280	430355360.00
2016/11/10	57.17	61.48	56.70	59.98	3914472	585481664.00
2016/11/11	59.25	60.90	58.66	59.90	2954620	444388096.00
2016/11/14	60.10	62.10	59.74	60.27	2420256	370269696.00
2016/11/15	59.90	59.90	56.93	57.18	2527285	368871712.00
2016/11/16	57.44	57.49	56.18	56.35	1306200	186965504.00
2016/11/17	55.90	56.90	55.50	55.62	1212053	171628800.00
2016/11/18	55.50	57.26	55.50	56.62	1396751	199632848.00
2016/11/21	56.62	57.04	55.10	57.03	1439763	204546304.00
2016/11/22	57.22	62.78	57.22	60.44	4017256	614242048.00
2016/11/23	59.65	60.26	58.26	58.40	2352493	351186592.00
2016/11/24	58.38	59.66	57.37	57.49	1529779	224978176.00
2016/11/25	57.50	60.28	55.58	60.01	2224373	327699392.00
2016/11/28	60.30	62.79	59.45	59.60	2931911	451016448.00
2016/11/29	59.90	61.21	58.70	60.44	2214403	336818880.00
2016/11/30	60.44	66.53	59.95	65.50	4351928	704300672.00
2016/12/01	64.30	64.65	61.90	62.42	3098599	494395168.00
2016/12/02	63.10	63.90	59.13	59.87	3073745	478570016.00
2016/12/05	57.26	58.94	55.90	56.52	2614299	376593504.00
2016/12/06	56.30	56.90	55.77	55.99	1440821	204547360.00
2016/12/07	55.90	56.22	54.16	55.90	1836444	254934928.00
2016/12/08	55.84	55.90	53.90	54.14	1718600	237469664.00
2016/12/09	53.70	54.48	52.92	53.41	1410990	190736576.00
2016/12/12	52.71	53.29	48.02	48.02	1864762	237511440.00
2016/12/13	47.50	48.62	45.94	47.65	1153098	138048016.00
2016/12/14	47.38	47.85	46.50	46.70	839563	99963216.00
2016/12/15	46.69	48.50	46.53	47.40	1129663	136277120.00
2016/12/16	47.30	48.02	46.97	47.76	712455	85481688.00
2016/12/19	47.50	47.72	46.34	46.82	620900	73565008.00
2016/12/20	46.70	47.49	46.50	46.94	555100	65833908.00
2016/12/21	46.98	47.46	45.90	47.42	952328	112772400.00
2016/12/22	47.12	48.44	46.70	47.57	954500	115026496.00
2016/12/23	47.50	47.54	44.81	45.09	1166266	135526736.00
2016/12/26	44.69	45.05	43.14	44.88	781740	87037576.00
2016/12/27	45.02	45.28	44.47	45.05	510400	57980876.00
2016/12/28	44.94	46.53	44.94	45.50	826059	95898920.00
2016/12/29	45.30	45.66	44.82	45.32	571223	65358340.00
2016/12/30	45.28	45.46	44.31	44.90	567796	64469124.00
2017/01/03	45.10	45.64	44.90	45.46	537383	61614844.00
2017/01/04	45.50	46.02	44.98	45.56	702828	81022536.00
2017/01/05	45.57	45.65	43.92	43.98	1071300	120865088.00
2017/01/06	43.98	44.01	41.63	41.64	1055163	113586976.00
2017/01/09	40.31	41.30	40.03	40.44	717123	73558984.00
2017/01/10	40.50	41.04	39.90	39.91	546267	55938264.00
2017/01/11	39.90	39.90	37.73	37.86	867900	85301384.00
2017/01/12	40.70	41.70	39.94	41.70	2656418	279181728.00
2017/01/13	40.30	41.01	38.32	38.55	1874776	188078560.00
2017/01/16	37.90	38.57	34.65	35.53	1552535	142552352.00
2017/01/17	35.28	38.94	33.85	37.88	1558114	144792368.00
2017/01/18	37.35	37.44	35.50	35.52	960463	88870128.00
2017/01/19	35.38	38.64	34.04	37.11	1476364	137681776.00
2017/01/20	36.87	39.42	36.54	39.10	1568335	152930384.00
2017/01/23	38.70	40.25	37.91	39.10	1332403	132142712.00
2017/01/24	39.10	39.10	38.14	38.16	799000	77830720.00
2017/01/25	38.02	41.30	37.82	40.70	1600740	161697792.00
2017/01/26	40.36	41.38	39.71	40.18	1093100	111668720.00
2017/02/03	39.94	41.14	39.05	39.09	866472	87598296.00
2017/02/06	39.30	40.02	39.13	40.02	692512	69507320.00
2017/02/07	39.90	39.90	38.84	39.28	712907	71045960.00
2017/02/08	39.28	40.22	38.90	40.19	790812	79295800.00
2017/02/09	40.20	40.94	39.82	39.98	1608718	164347552.00
2017/02/10	39.87	39.87	38.13	38.16	1366806	134432864.00
2017/02/13	38.10	39.42	37.70	38.93	886800	86998208.00
2017/02/14	38.98	39.62	38.67	38.86	820099	80992272.00
2017/02/15	38.70	39.18	38.31	38.31	1039600	102109112.00
2017/02/16	38.14	39.48	37.82	39.02	1132474	110564088.00
2017/02/17	38.89	39.46	37.66	37.76	975148	94897544.00
2017/02/20	37.51	37.51	35.57	36.57	1016800	93994856.00
2017/02/21	36.37	39.21	36.37	38.44	1276806	122978248.00
2017/02/22	38.54	38.92	37.83	38.54	921106	89554384.00
2017/02/23	38.54	39.78	38.20	39.10	1218943	121085584.00
2017/02/24	39.22	39.64	38.70	39.44	931174	92529976.00
2017/02/27	39.46	40.50	39.00	39.01	1071146	107800288.00
2017/02/28	38.66	39.46	38.66	39.42	694174	68707888.00
2017/03/01	39.30	40.13	39.10	39.44	830528	83505392.00
2017/03/02	39.37	39.98	38.70	39.05	728426	72422688.00
2017/03/03	38.70	40.26	38.70	39.90	1064204	106784000.00
2017/03/06	39.77	40.88	39.76	40.88	1214924	124187392.00
2017/03/07	41.09	41.10	40.31	40.82	891071	91676256.00
2017/03/08	40.90	41.29	40.02	40.06	928683	95516568.00
2017/03/09	40.06	40.38	39.38	39.72	661448	66518420.00
2017/03/10	39.73	43.62	39.73	42.42	2539330	269560192.00
2017/03/13	42.42	44.26	41.90	43.82	2076804	225800688.00
2017/03/14	43.62	44.89	42.78	42.78	1587335	174644304.00
2017/03/15	42.44	43.98	42.44	42.95	1087377	118488616.00
2017/03/16	42.74	44.48	42.74	44.08	1336194	147660960.00
2017/03/17	43.83	44.38	42.82	42.87	1326142	146257840.00
2017/03/20	42.70	43.05	42.22	42.90	827142	89079024.00
2017/03/21	43.18	43.90	42.86	43.52	925342	101594696.00
2017/03/22	42.94	44.00	42.46	43.97	1298136	142034464.00
2017/03/23	43.90	45.85	43.50	44.66	2253650	255385440.00
2017/03/24	44.30	44.65	43.70	44.20	1083238	120882480.00
2017/03/27	44.20	44.60	42.70	42.89	998396	109581152.00
2017/03/28	42.82	43.36	42.29	42.54	717705	77601032.00
2017/03/29	42.54	42.89	40.50	40.50	918346	96229136.00
2017/03/30	40.58	40.91	37.76	37.77	1192356	116641968.00
2017/03/31	38.34	38.57	37.54	37.84	612010	58942316.00
2017/04/05	38.34	38.48	36.74	38.26	770893	74019544.00
2017/04/06	37.98	38.96	37.98	38.76	631947	61636092.00
2017/04/07	38.50	38.76	38.10	38.54	626447	60955112.00
2017/04/10	38.70	38.70	34.70	35.06	1316305	120229408.00
2017/04/11	35.01	36.06	34.71	35.90	620922	55624620.00
2017/04/12	35.28	35.66	34.78	34.83	467000	41655600.00
2017/04/13	34.90	36.10	34.90	35.36	589217	53307916.00
2017/04/14	35.13	35.85	34.80	35.10	478300	42790296.00
2017/04/17	33.90	33.90	32.26	32.78	864182	72328736.00
2017/04/18	32.78	33.17	32.04	32.20	447699	37026708.00
2017/04/19	32.03	32.90	31.68	32.77	496300	40857744.00
2017/04/20	32.90	32.90	31.94	32.30	442200	36424584.00
2017/04/21	32.70	32.70	32.15	32.21	247900	20374812.00
2017/04/24	32.21	32.29	30.90	31.11	381712	30346300.00
2017/04/25	31.50	32.62	31.35	31.96	516722	42236572.00
2017/04/26	32.09	32.77	31.82	32.40	383822	31567118.00
2017/04/27	32.40	33.76	31.86	33.67	802197	66842392.00
2017/04/28	33.73	34.40	33.53	34.08	654900	56523940.00
2017/05/02	33.90	34.48	33.90	34.04	326100	28228352.00
2017/05/03	34.04	34.50	33.82	34.10	400062	34647216.00
2017/05/04	34.10	34.26	33.06	33.33	411126	34909804.00
2017/05/05	34.30	36.72	34.30	36.37	1737116	157909408.00
2017/05/08	36.30	36.30	33.23	33.24	1308711	115302008.00
2017/05/09	32.92	34.86	31.63	34.62	874061	73787424.00
2017/05/10	35.12	38.01	34.80	36.29	2087471	194332800.00
2017/05/11	33.58	34.82	32.63	34.40	3555151	120937176.00
2017/05/12	34.21	37.87	34.21	37.87	2770512	104211200.00
2017/05/15	41.60	41.69	39.41	40.09	11583468	475646016.00
2017/05/16	40.09	44.13	40.05	44.13	14389958	623410816.00
2017/05/17	45.70	48.54	45.37	45.78	16499799	774002944.00
2017/05/18	44.00	45.59	42.38	42.65	10231859	449767808.00
2017/05/19	42.61	43.14	38.73	40.00	8977094	368438752.00
2017/05/22	40.47	40.50	37.81	38.32	6473185	254722144.00
2017/05/23	38.36	39.04	34.96	35.20	6288917	237061120.00
2017/05/24	35.05	36.05	34.27	35.68	5033588	179431456.00
2017/05/25	35.99	36.05	32.08	33.30	7132870	240147536.00
2017/05/26	33.37	35.10	32.65	34.39	6644484	226300192.00
2017/05/31	35.90	36.09	33.41	33.43	5904113	208168256.00
2017/06/01	32.70	33.08	30.06	30.06	5223089	164890288.00
2017/06/02	28.90	30.36	28.20	29.55	3844050	113782128.00
2017/06/05	30.24	30.30	29.52	29.70	2945235	89063120.00
2017/06/06	29.89	30.38	28.92	30.11	3775595	113633440.00
2017/06/07	30.07	33.15	29.66	33.15	5532412	177452736.00
2017/06/08	33.70	35.52	33.40	33.93	9486180	327709952.00
2017/06/09	33.22	33.63	32.31	33.10	4936893	164032144.00
2017/06/12	32.17	32.20	29.81	30.15	4820150	151633136.00
2017/06/13	30.09	33.20	30.00	33.20	4890388	157304592.00
2017/06/14	33.21	34.10	32.53	32.61	5638728	188508688.00
2017/06/15	32.86	34.15	32.85	33.11	6119744	207307824.00
2017/06/16	33.21	34.25	32.80	33.72	5811905	197496736.00
2017/06/19	33.38	33.85	32.58	33.50	3742178	125385792.00
2017/06/20	33.62	34.79	33.37	33.47	4877079	167438832.00
2017/06/21	32.84	33.20	31.70	32.72	3623220	118800464.00
2017/06/22	32.76	33.06	31.35	31.36	2767868	90067472.00
2017/06/23	31.48	32.15	30.21	31.41	2875350	90834656.00
2017/06/26	31.55	32.20	30.70	32.02	2357769	75344904.00
2017/06/27	32.03	32.43	31.70	31.93	2328008	75321656.00
2017/06/28	31.21	32.21	31.21	31.37	1859132	59444452.00
2017/06/29	31.58	32.15	31.36	31.45	2089450	66889708.00
2017/06/30	31.40	31.40	30.70	31.10	2205100	69086376.00
2017/07/03	31.09	31.54	30.92	31.40	1892350	59772684.00
2017/07/04	31.42	33.28	31.40	32.29	4193530	137531840.00
2017/07/05	32.20	32.86	31.88	32.86	3035540	99121256.00
2017/07/06	32.95	33.24	32.21	33.15	3563380	118049224.00
2017/07/07	33.00	33.68	32.83	33.29	3628568	121755232.00
2017/07/10	32.85	32.90	31.71	31.87	2722106	88781464.00
2017/07/11	32.00	32.58	31.30	31.39	1646800	52905536.00
2017/07/12	31.50	32.30	31.14	32.28	1913626	61445504.00
2017/07/13	32.49	32.55	31.50	31.61	1815508	58543188.00
2017/07/14	31.40	32.08	30.85	31.40	1675400	53112200.00
2017/07/17	30.92	31.10	28.23	28.23	3037250	88985496.00
2017/07/18	27.44	27.96	25.70	27.55	2648640	72576000.00
2017/07/19	27.42	27.42	26.48	27.07	1869865	50880752.00
2017/07/20	26.85	27.70	26.58	26.60	1701650	46702956.00
2017/07/21	26.57	27.03	26.03	26.11	1504650	40235948.00
2017/07/24	26.00	26.12	24.80	25.98	2778841	71237328.00
2017/07/25	25.70	27.06	25.53	26.33	1922555	51267412.00
2017/07/26	26.50	26.50	25.50	25.70	1636317	42994636.00
2017/07/27	25.95	26.88	25.40	26.75	2699538	72167080.00
2017/07/28	26.70	26.89	25.95	25.95	1753750	46727908.00
2017/07/31	25.60	26.49	25.51	26.00	1269150	33389800.00
2017/08/01	26.15	26.30	25.66	26.30	1404350	37006136.00
2017/08/02	26.16	26.31	25.40	25.46	1800550	46755588.00
2017/08/03	25.47	26.27	25.41	25.80	1516900	39796836.00
2017/08/04	25.78	26.38	25.42	25.82	1650950	43335584.00
2017/08/07	25.60	26.35	25.53	25.85	1101217	28951384.00
2017/08/08	25.78	26.06	25.55	25.95	1242200	32451122.00
2017/08/09	25.87	26.06	25.80	25.86	989000	25937478.00
2017/08/10	25.70	25.90	25.06	25.10	1561658	40117080.00
2017/08/11	24.85	25.51	24.57	24.95	1158450	29435106.00
2017/08/14	24.95	25.68	24.76	25.61	1238788	31934606.00
2017/08/15	25.74	27.49	25.70	26.50	3023198	81455528.00
2017/08/16	26.26	27.57	26.01	27.38	3376260	92377688.00
2017/08/17	27.26	27.54	26.83	27.24	2344810	64380936.00
2017/08/18	26.99	26.99	26.28	26.49	1990838	53530208.00
2017/08/21	26.50	27.18	26.50	26.94	1464448	39788152.00
2017/08/22	26.94	26.99	26.37	26.39	1146960	30930436.00
2017/08/23	26.64	26.80	26.31	26.64	1308010	35214980.00
2017/08/24	26.50	26.72	25.97	25.98	1258150	33495968.00
2017/08/25	25.70	26.72	25.62	26.53	1483200	39454424.00
2017/08/28	26.82	27.66	26.60	27.37	2638566	72621792.00
2017/08/29	27.44	29.03	27.04	27.83	3688850	104436752.00
2017/08/30	27.69	27.95	27.21	27.28	1959400	54327388.00
2017/08/31	27.30	27.99	27.07	27.85	2221733	62103148.00
2017/09/01	27.89	27.97	27.34	27.71	1867901	52128692.00
2017/09/04	27.70	28.57	27.32	28.21	2529800	71795424.00
2017/09/05	28.36	29.70	28.10	29.01	4337050	127601920.00
2017/09/06	28.90	29.68	28.23	29.49	3701000	107887088.00
2017/09/07	29.49	31.70	29.31	30.30	5656950	176230048.00
2017/09/08	29.94	31.56	29.70	31.09	4711200	146530048.00
2017/09/11	30.88	31.51	30.50	30.88	3345200	104466464.00
2017/09/12	30.58	30.61	29.51	29.61	3298350	99731376.00
2017/09/13	29.52	29.94	29.05	29.70	1867700	55597912.00
2017/09/14	29.71	29.87	28.71	28.77	1665600	49038256.00
2017/09/15	28.90	29.14	28.61	28.85	1180450	34456104.00
2017/09/18	28.87	29.15	28.60	29.05	1045650	30556666.00
2017/09/19	29.05	29.66	28.95	29.29	1370160	40596956.00
2017/09/20	29.08	29.49	28.80	29.43	1353660	39920340.00
2017/09/21	29.35	31.17	29.12	30.50	4090399	125726160.00
2017/09/22	30.48	30.48	29.40	29.98	2177500	65616912.00
2017/09/25	29.60	30.05	28.37	28.42	2274250	66985604.00
2017/09/26	28.11	28.20	26.62	27.08	2350200	64819040.00
2017/09/27	27.07	27.67	27.00	27.52	1294150	35701320.00
2017/09/28	27.49	27.78	27.16	27.16	1022500	28410172.00
2017/09/29	25.70	26.50	25.67	26.43	1720100	45604984.00
2017/10/09	26.72	27.19	26.54	26.87	1047350	28409664.00
2017/10/10	26.85	27.89	26.77	27.65	1360590	37982796.00
2017/10/11	27.45	28.00	27.45	27.59	1187200	33209912.00
2017/10/12	27.35	27.69	27.10	27.39	983590	27204566.00
2017/10/13	27.49	28.38	27.30	27.90	1475435	41623028.00
2017/10/16	27.93	28.48	27.32	27.60	1403155	39468860.00
2017/10/17	27.60	27.83	26.72	27.03	1009120	27736332.00
2017/10/18	27.03	27.24	26.33	26.41	966190	26142224.00
2017/10/19	26.36	26.52	25.50	25.77	885805	23180732.00
2017/10/20	25.74	26.31	25.70	26.31	496955	13083566.00
2017/10/23	26.18	27.80	26.18	27.29	1362600	37474504.00
2017/10/24	27.30	27.37	26.50	26.81	854805	23135068.00
2017/10/25	26.96	27.33	26.72	27.14	842990	23053130.00
2017/10/26	27.15	27.49	26.80	27.41	1205390	33218984.00
2017/10/27	27.37	27.78	27.08	27.56	1432925	39782380.00
2017/10/30	27.40	27.41	25.65	25.91	1397900	37030140.00
2017/10/31	25.84	26.32	25.75	26.22	732120	19323272.00
2017/11/01	26.29	26.50	26.03	26.20	851650	22613026.00
2017/11/02	26.22	28.85	26.22	28.85	1960470	56365256.00
2017/11/03	30.00	30.28	28.90	29.11	8123399	242944128.00
2017/11/06	28.30	28.98	28.11	28.64	3613881	104041128.00
2017/11/07	28.53	28.57	27.78	28.43	3502406	99764360.00
2017/11/08	28.25	29.08	28.03	29.08	3676326	106430864.00
2017/11/09	28.73	29.53	28.40	28.50	3394015	99056088.00
2017/11/10	28.43	28.96	27.99	28.34	2622725	75495904.00
2017/11/13	28.45	28.98	28.10	28.90	2621765	75674120.00
2017/11/14	28.90	29.17	27.55	27.66	2839345	80927400.00
2017/11/15	27.50	27.50	26.26	26.60	2267650	61129968.00
2017/11/16	26.52	26.70	26.15	26.20	1244275	33272518.00
2017/11/17	26.25	26.75	23.79	24.32	2691645	70189944.00
2017/11/20	23.70	24.60	22.97	24.50	1695970	40674652.00
2017/11/21	24.25	24.45	23.00	23.58	1674350	40307588.00
2017/11/22	23.59	24.40	23.40	23.75	1406343	33992272.00
2017/11/23	23.55	23.67	22.21	22.34	1710250	40033572.00
2017/11/24	22.47	23.08	22.40	22.47	887150	20405792.00
2017/11/27	22.48	22.68	22.25	22.25	633950	14417768.00
2017/11/28	22.28	22.74	22.28	22.74	805500	18412676.00
2017/11/29	22.80	22.88	22.28	22.49	760839	17305412.00
2017/11/30	22.53	22.70	22.33	22.48	559900	12777425.00
2017/12/01	22.48	23.10	22.39	22.89	938850	21695252.00
2017/12/04	22.85	22.88	21.66	21.82	1102975	24880172.00
2017/12/05	21.70	22.17	20.00	20.58	1174155	25418622.00
2017/12/06	20.71	20.92	20.36	20.82	909959	19104842.00
2017/12/07	20.70	21.09	20.48	20.96	806800	17110844.00
2017/12/08	20.96	21.46	20.81	21.13	871420	18780482.00
2017/12/11	21.13	21.65	20.92	21.41	797700	17316094.00
2017/12/12	21.24	21.50	20.71	20.85	847939	18137248.00
2017/12/13	20.75	21.20	20.64	21.11	603881	12876083.00
2017/12/14	21.10	21.26	20.88	21.12	628880	13403235.00
2017/12/15	21.02	21.22	20.94	21.00	545575	11651763.00
2017/12/18	20.88	21.10	20.42	20.49	641550	13424376.00
2017/12/19	20.49	20.90	20.48	20.90	654300	13786766.00
2017/12/20	20.97	21.03	20.20	20.30	845550	17586144.00
2017/12/21	20.30	20.36	19.70	20.19	626700	12768170.00
2017/12/22	20.08	20.43	20.08	20.39	603800	12442528.00
2017/12/25	20.23	20.36	19.72	19.81	639100	12917214.00
2017/12/26	20.00	20.43	19.70	20.40	719659	14755914.00
2017/12/27	20.39	20.61	20.23	20.40	760970	15739936.00
2017/12/28	20.39	20.88	20.17	20.53	753620	15753102.00
2017/12/29	20.60	20.89	20.35	20.84	702700	14680540.00
2018/01/02	20.89	20.90	20.58	20.80	707100	14883162.00
2018/01/03	20.71	21.98	20.50	21.56	1869720	40179196.00
2018/01/04	21.33	21.35	20.98	21.20	1240100	26545418.00
2018/01/05	21.11	21.20	20.90	20.92	623920	13311137.00
2018/01/08	20.92	21.06	20.58	20.75	612200	12861238.00
2018/01/09	20.76	20.89	20.64	20.75	377400	7948864.00
2018/01/10	20.72	20.74	20.16	20.37	734850	15191290.00
2018/01/11	20.15	20.90	20.15	20.79	769000	16111162.00
2018/01/12	20.75	20.96	20.50	20.67	767050	16104120.00
2018/01/15	21.36	21.36	19.98	20.00	926600	19235304.00
2018/01/16	19.82	20.39	19.80	20.21	676826	13798842.00
2018/01/17	20.21	20.48	19.81	20.32	859900	17574012.00
2018/01/18	20.22	20.47	20.10	20.10	658300	13551078.00
2018/01/19	20.08	20.47	20.00	20.43	685277	14115293.00
2018/01/22	20.32	21.01	19.98	20.83	1103350	23076940.00
2018/01/23	20.83	21.45	20.58	21.13	1455300	31035112.00
2018/01/24	21.12	21.60	21.08	21.42	1717800	37207912.00
2018/01/25	21.84	22.70	21.43	21.47	2657500	59549684.00
2018/01/26	21.24	21.69	21.00	21.01	1213200	26133820.00
2018/01/29	21.08	21.29	20.70	20.76	708650	15069982.00
2018/01/30	20.75	21.26	20.72	21.07	899775	19216154.00
2018/01/31	20.87	21.03	19.86	19.95	1157800	23710300.00
2018/02/01	19.76	20.18	18.71	18.81	1055850	20801236.00
2018/02/02	18.80	19.15	18.40	18.61	700050	13336357.00
2018/02/05	18.39	18.67	18.12	18.25	484350	9052822.00
2018/02/06	18.00	18.03	16.40	16.40	1116050	19663678.00
2018/02/07	16.85	17.10	16.33	16.92	916050	15674895.00
2018/02/08	16.92	17.68	16.91	17.47	742400	13122474.00
2018/02/09	17.07	17.57	16.79	17.01	680925	11910366.00
2018/02/12	17.08	17.87	17.08	17.61	627100	11246929.00
2018/02/13	17.70	18.10	17.52	17.55	652950	11810792.00
2018/02/14	17.55	17.78	17.55	17.74	446400	8034308.00
2018/02/22	17.88	18.02	17.71	17.85	398050	7237568.50
2018/02/23	17.76	17.90	17.72	17.78	359750	6511754.00
2018/02/26	18.55	19.55	18.20	19.11	1754464	33927972.00
2018/02/27	18.70	19.08	18.56	19.02	993875	19071176.00
2018/02/28	18.96	19.28	18.70	19.15	987950	19109306.00
2018/03/01	19.10	19.50	18.90	19.42	1154650	22487048.00
2018/03/02	19.26	19.40	18.80	18.80	1055900	20507578.00
2018/03/05	18.83	19.20	18.74	19.20	930600	17926860.00
2018/03/06	19.28	19.43	19.09	19.14	1125164	21989252.00
2018/03/07	19.04	19.53	19.03	19.43	1242200	24386908.00
2018/03/08	19.43	20.24	19.43	19.98	1867979	37651372.00
2018/03/09	19.85	21.34	19.85	20.95	3185839	67751560.00
2018/03/12	21.08	21.12	20.71	21.02	2074692	44066224.00
2018/03/13	21.02	21.02	20.50	20.53	1528450	32077438.00
2018/03/14	20.37	20.57	19.98	20.02	1232090	25339912.00
2018/03/15	19.91	19.99	19.11	19.66	1320027	26235568.00
2018/03/16	19.68	19.92	19.45	19.53	848800	17020528.00
2018/03/19	19.53	20.10	19.48	19.85	965125	19431792.00
2018/03/20	19.83	20.34	19.66	20.30	874950	17745738.00
2018/03/21	20.32	20.84	20.09	20.16	1520100	31792412.00
2018/03/22	20.17	20.60	20.16	20.45	805550	16680653.00
2018/03/23	20.08	20.08	18.38	18.42	1740800	33671380.00
2018/03/26	17.79	18.97	17.76	18.85	870679	16330214.00
2018/03/27	19.27	20.77	19.18	20.77	3532302	72821688.00
2018/03/28	20.90	22.00	20.71	21.20	4394000	95401440.00
2018/03/29	21.16	21.67	20.61	21.11	2296050	48814140.00
2018/03/30	21.13	22.45	21.10	22.05	3254700	71803800.00
2018/04/02	22.05	22.57	21.62	22.06	3240071	72715168.00
2018/04/03	21.60	21.65	21.10	21.53	2009590	43725212.00
2018/04/04	21.63	22.03	21.31	21.33	1939652	42757368.00
2018/04/09	21.24	21.68	20.93	21.68	1451240	31327814.00
2018/04/10	21.28	21.28	20.26	20.42	2610808	54864504.00
2018/04/11	20.61	21.19	20.34	20.87	1494925	31569900.00
2018/04/12	20.70	22.99	20.61	22.99	6776325	154879232.00
2018/04/13	23.00	25.18	22.86	23.15	8269316	200460224.00
2018/04/16	22.57	23.00	21.76	22.20	5077185	114944840.00
2018/04/17	22.31	22.80	21.21	21.32	3876300	86316128.00
2018/04/18	21.48	22.68	20.70	22.24	3383350	74498776.00
2018/04/19	22.26	24.49	22.23	24.49	4228872	101250712.00
2018/04/20	25.47	26.20	24.59	24.71	10008251	257499472.00
2018/04/23	24.70	25.68	23.36	24.12	6322794	156690320.00
2018/04/24	23.26	24.99	23.26	24.66	5289543	130438912.00
2018/04/25	23.88	25.91	23.74	25.75	7211224	183318864.00
2018/04/26	25.40	25.47	24.08	24.52	4780313	120724760.00
2018/04/27	24.52	24.99	24.03	24.13	1866595	46086616.00
2018/05/02	24.45	24.46	22.86	23.18	3178440	75204896.00
2018/05/03	23.14	23.76	22.15	23.74	2795325	65401864.00
2018/05/04	23.74	23.74	22.44	22.68	2124050	49786332.00
2018/05/07	22.86	23.47	22.78	23.35	1884040	44320204.00
2018/05/08	23.20	25.72	23.18	24.49	4212124	105599144.00
2018/05/09	24.57	25.01	24.06	24.55	2566479	63482540.00
2018/05/10	24.56	25.06	24.25	24.45	2836687	70778632.00
2018/05/11	24.40	24.60	23.36	23.46	2035883	49036488.00
2018/05/14	23.25	23.98	23.08	23.34	1161560	27631754.00
2018/05/15	23.30	23.70	22.48	23.33	1948000	45373344.00
2018/05/16	22.96	23.53	22.36	22.40	1918458	44113436.00
2018/05/17	22.37	22.70	21.85	22.25	1324281	29644338.00
2018/05/18	22.13	22.60	22.07	22.50	1105469	24872442.00
2018/05/21	22.95	23.41	22.75	23.08	1535070	35736780.00
2018/05/22	23.23	23.23	22.61	22.92	1284550	29493468.00
2018/05/23	22.90	23.42	22.77	23.00	1616200	37647420.00
2018/05/24	23.57	25.21	23.46	23.62	3717030	90282648.00
2018/05/25	23.08	24.00	23.08	23.28	1851816	43853140.00
2018/05/28	23.18	23.23	22.07	22.07	1636460	37110488.00
2018/05/29	22.12	22.55	21.71	21.95	1311100	29196698.00
2018/05/30	21.85	21.85	19.85	20.12	1675602	35253760.00
2018/05/31	20.45	20.75	20.21	20.57	962110	19880990.00
2018/06/01	20.57	21.10	20.25	20.50	881500	18344258.00
2018/06/04	20.67	20.82	20.34	20.67	498550	10368820.00
2018/06/05	20.93	21.24	20.75	21.15	768350	16295962.00
2018/06/06	21.29	21.77	21.01	21.77	1034549	22277124.00
2018/06/07	21.75	22.03	21.05	21.11	824950	17740738.00
2018/06/08	21.20	21.20	20.44	20.61	708500	14763623.00
2018/06/11	20.40	20.75	20.35	20.54	391620	8093436.00
2018/06/12	20.56	21.15	20.02	21.00	619389	12923436.00
2018/06/13	21.02	21.02	20.13	20.20	596323	12336870.00
2018/06/14	19.97	20.49	19.95	19.95	652740	13288285.00
2018/06/15	20.05	20.23	19.01	19.32	758208	14935121.00
2018/06/19	18.85	19.15	17.37	17.37	1106602	20165948.00
2018/06/20	17.83	18.15	17.35	17.85	835433	14908198.00
2018/06/21	17.85	18.00	16.99	17.34	718200	12701905.00
2018/06/22	17.34	17.85	16.97	17.62	580100	10307482.00
2018/06/25	19.40	19.40	19.33	19.40	1261150	24654730.00
2018/06/26	19.59	19.75	18.90	19.25	2516872	49336936.00
2018/06/27	21.19	21.19	21.19	21.19	727700	15529118.00
2018/06/28	21.85	22.89	21.35	21.44	5123944	114031328.00
2018/06/29	20.43	22.73	20.43	21.39	4119659	89868552.00
2018/07/02	21.26	23.54	21.26	23.54	3769420	88233336.00
2018/07/03	22.85	23.78	22.27	23.30	5507325	127182152.00
2018/07/04	22.11	22.72	20.97	21.71	4146572	91181840.00
2018/07/05	21.76	21.77	20.51	20.73	1946649	41722152.00
2018/07/06	21.14	21.33	19.84	20.54	2526400	52454216.00
2018/07/09	20.54	21.13	20.45	21.04	1790822	37535272.00
2018/07/10	21.03	21.41	20.64	21.35	1846722	39255092.00
2018/07/11	21.05	21.06	19.21	19.99	2467070	50032488.00
2018/07/12	20.19	20.79	19.95	20.56	1942305	39970356.00
2018/07/13	20.50	22.63	19.75	21.86	3886450	83034264.00
2018/07/16	21.85	22.93	21.46	22.29	3370447	76225304.00
2018/07/17	22.08	23.08	22.02	22.34	2500900	56665592.00
2018/07/18	22.39	22.63	21.65	21.67	2178611	48378444.00
2018/07/19	21.57	22.45	21.57	21.84	1971756	43729048.00
2018/07/20	21.85	22.07	20.95	21.95	2205506	47762704.00
2018/07/23	21.83	22.62	21.55	22.60	2414656	54245688.00
2018/07/24	22.51	22.74	22.26	22.64	1897004	42944636.00
2018/07/25	22.64	22.94	22.04	22.14	1727945	38944496.00
2018/07/26	21.98	22.27	21.35	21.50	1505050	33025284.00
2018/07/27	21.37	21.70	21.13	21.25	962004	20716612.00
2018/07/30	21.35	22.78	21.00	22.10	2372567	52111392.00
2018/07/31	21.91	23.23	21.91	23.14	4956160	113963304.00
2018/08/01	23.12	24.09	22.56	23.37	5329438	124725008.00
2018/08/02	22.98	23.62	22.37	23.22	4234472	98107944.00
2018/08/03	23.22	24.27	22.26	23.74	4306656	101508216.00
2018/08/06	23.95	26.13	23.95	24.98	8413154	212856768.00
2018/08/07	24.50	27.43	24.27	26.93	8554254	224610784.00
2018/08/08	26.46	27.32	25.15	26.15	7267960	192383168.00
2018/08/09	25.73	27.65	25.57	26.18	7591988	203059312.00
2018/08/10	25.75	26.42	24.92	25.68	4388263	113380824.00
2018/08/13	25.15	26.70	24.99	26.70	4165303	109686448.00
2018/08/14	26.45	27.52	25.65	26.05	4632669	123172752.00
2018/08/15	26.34	26.41	25.73	26.26	2420151	63509828.00
2018/08/16	25.85	26.81	25.62	26.72	3574690	94919488.00
2018/08/17	26.60	27.35	25.65	25.66	3337484	88497784.00
2018/08/20	24.85	25.33	23.08	23.45	4856077	116518456.00
2018/08/21	23.43	23.92	23.11	23.67	2566276	60914044.00
2018/08/22	23.50	23.71	23.05	23.28	1673980	39346856.00
2018/08/23	23.35	23.72	23.15	23.50	1516100	35814948.00
2018/08/24	23.67	24.62	23.40	23.88	2687308	65189940.00
2018/08/27	23.78	24.57	23.75	24.44	1835487	44894992.00
2018/08/28	24.45	24.76	24.11	24.29	1478428	36341088.00
2018/08/29	24.21	24.67	23.90	24.08	1205666	29470234.00
2018/08/30	24.08	24.15	23.30	23.74	1421906	33768340.00
2018/08/31	23.63	23.78	22.90	23.20	1182955	27620616.00
2018/09/03	23.28	25.54	23.12	25.54	3857897	95167792.00
2018/09/04	25.52	26.21	25.05	25.83	3852172	98935936.00
2018/09/05	25.58	27.41	25.44	26.30	5473300	146518816.00
2018/09/06	26.42	27.90	26.00	26.69	4591141	124630328.00
2018/09/07	26.44	27.01	25.56	26.22	3785507	100041520.00
2018/09/10	25.60	26.10	24.97	25.25	2548710	65361932.00
2018/09/11	25.65	27.02	25.56	26.43	3588332	94942680.00
2018/09/12	26.52	27.00	25.49	25.64	2682600	70758976.00
2018/09/13	25.77	28.07	25.75	27.41	6754099	183945696.00
2018/09/14	27.75	27.75	26.55	26.94	4066565	110198536.00
2018/09/17	26.36	26.36	24.23	24.25	5311686	133231728.00
2018/09/18	24.13	25.63	24.13	25.40	3009471	75363496.00
2018/09/19	25.32	25.72	24.65	25.00	2743431	69425000.00
2018/09/20	25.10	26.43	24.35	24.35	3305680	84384112.00
2018/09/21	24.95	25.47	24.55	25.29	3379566	85228248.00
2018/09/25	25.53	25.95	24.65	24.76	2960945	74908720.00
2018/09/26	24.66	25.11	24.39	24.72	1927367	47983676.00
2018/09/27	24.73	25.29	24.26	24.45	2040077	50855712.00
2018/09/28	24.55	24.64	23.09	24.55	2447297	58606820.00
2018/10/08	23.85	24.12	23.40	23.45	1429721	34168564.00
2018/10/09	23.44	24.00	23.14	23.74	1138622	27033640.00
2018/10/10	23.78	24.13	23.53	24.01	1217150	29233352.00
2018/10/11	23.14	23.23	21.59	21.59	2164528	48549820.00
2018/10/12	21.48	21.74	20.07	21.38	2223583	46779320.00
2018/10/15	21.40	21.95	21.18	21.51	1236413	26828600.00
2018/10/16	21.23	21.54	20.39	20.66	1200049	25215432.00
2018/10/17	20.99	21.26	19.83	20.92	1339337	27902908.00
2018/10/18	20.65	21.55	20.11	21.00	1344050	28549040.00
2018/10/19	20.49	21.73	20.35	21.51	1508958	32457322.00
2018/10/22	21.65	22.65	21.45	22.26	2347429	52237908.00
2018/10/23	22.26	22.45	21.65	21.73	1161234	25635786.00
2018/10/24	21.71	21.94	21.15	21.43	866613	18806346.00
2018/10/25	20.23	21.25	20.23	21.03	956050	19997656.00
2018/10/26	21.24	21.82	21.20	21.59	990228	21516768.00
2018/10/29	21.59	21.76	20.59	21.11	954708	20294106.00
2018/10/30	21.18	21.50	20.75	21.18	940273	20022596.00
2018/10/31	21.18	21.82	21.18	21.48	1403903	30473350.00
2018/11/01	21.75	22.33	21.55	21.94	1567360	34723312.00
2018/11/02	22.43	22.53	22.02	22.24	1751700	39234832.00
2018/11/05	22.27	22.68	21.68	22.11	1868803	41834604.00
2018/11/06	22.10	22.16	21.35	21.73	1226251	26777660.00
2018/11/07	21.84	22.29	21.74	21.95	1373600	30452240.00
2018/11/08	21.96	22.20	21.65	21.65	845676	18650126.00
2018/11/09	21.65	22.19	20.86	21.95	1330205	29152886.00
2018/11/12	21.64	22.19	21.25	22.17	1998424	43878708.00
2018/11/13	21.84	23.17	21.76	23.05	3478610	79258904.00
2018/11/14	23.00	23.45	22.32	22.60	1924781	43831984.00
2018/11/15	22.57	23.35	22.41	23.26	2239881	51938896.00
2018/11/16	23.51	24.55	23.51	24.23	2550959	61461548.00
2018/11/19	24.23	24.73	23.79	24.20	2077855	50629960.00
2018/11/20	24.10	24.39	23.60	23.70	1126901	27127716.00
2018/11/21	23.71	23.71	23.15	23.52	1216859	28635962.00
2018/11/22	24.02	24.45	23.74	24.02	1745250	42424604.00
2018/11/23	24.10	24.10	23.05	23.37	1574479	37418252.00
2018/11/26	23.53	23.59	22.45	22.74	1148600	26517470.00
2018/11/27	22.83	23.30	22.83	23.24	971050	22602030.00
2018/11/28	23.34	24.05	22.90	23.95	1066850	25367790.00
2018/11/29	24.12	24.53	23.48	23.50	1647971	39929044.00
2018/11/30	23.30	24.43	23.30	24.24	1515350	36621588.00
2018/12/03	24.81	25.10	24.31	24.40	2550500	63573720.00
2018/12/04	24.30	25.23	24.26	25.09	1774440	44482308.00
2018/12/05	24.68	25.43	24.41	25.43	1705452	42754568.00
2018/12/06	25.29	25.79	24.88	25.16	1956401	49787216.00
2018/12/07	25.07	25.86	24.68	25.53	1928130	49343816.00
2018/12/10	25.39	25.85	25.14	25.85	1911781	49478040.00
2018/12/11	25.88	26.21	25.33	25.50	1289200	33237200.00
2018/12/12	25.57	25.73	25.28	25.51	1184550	30415972.00
2018/12/13	25.42	25.61	24.93	25.19	1160280	29548826.00
2018/12/14	25.17	25.82	24.94	24.96	1157943	29569226.00
2018/12/17	25.07	25.33	24.55	24.94	1126950	28327348.00
2018/12/18	24.75	25.33	24.67	25.20	1313233	33142402.00
2018/12/19	25.29	25.29	24.16	24.35	1315100	32415770.00
2018/12/20	24.35	24.71	23.95	24.26	1294200	31726654.00
2018/12/21	24.44	24.75	24.27	24.45	1082550	26732980.00
2018/12/24	24.15	25.91	23.97	25.73	1725366	43940424.00
2018/12/25	25.75	26.14	25.37	26.03	2004140	51901644.00
2018/12/26	26.01	26.53	25.67	25.96	2114253	55542184.00
2018/12/27	26.20	26.65	25.50	25.91	1851787	48183692.00
2018/12/28	25.83	26.00	25.45	25.75	1076404	27865878.00
2019/01/02	26.13	26.13	25.59	26.08	1049381	27291702.00
2019/01/03	26.04	26.42	23.99	24.64	1798196	46112724.00
2019/01/04	23.73	25.67	23.70	25.39	2196558	54686572.00
2019/01/07	25.45	26.41	25.45	26.37	2016610	52907444.00
2019/01/08	26.24	26.60	26.13	26.17	1035050	27302088.00
2019/01/09	26.40	26.94	26.05	26.15	1337750	35625080.00
2019/01/10	26.21	26.70	25.98	26.29	799750	21185456.00
2019/01/11	26.21	26.46	25.57	25.77	1442400	37589960.00
2019/01/14	25.93	26.50	25.66	26.00	1080257	28449474.00
2019/01/15	26.15	27.01	26.00	27.01	1738456	46784360.00
2019/01/16	26.92	27.04	25.85	26.07	1797624	47647728.00
2019/01/17	26.03	26.35	25.66	26.07	1303060	34085008.00
2019/01/18	25.89	26.17	25.73	25.92	1118080	29174556.00
2019/01/21	25.92	26.34	25.44	26.17	1088281	28315892.00
2019/01/22	26.05	26.05	25.38	25.51	881314	22767538.00
2019/01/23	25.40	25.80	25.01	25.58	875467	22411910.00
2019/01/24	25.58	26.44	25.28	26.22	1233860	32460756.00
2019/01/25	26.14	26.95	25.55	25.75	1334740	35340080.00
2019/01/28	25.90	25.90	23.16	25.47	1687297	43017944.00
2019/01/29	25.44	25.63	24.51	24.65	1804216	45010688.00
2019/01/30	24.60	24.81	24.22	24.27	860816	21230428.00
2019/01/31	24.29	24.29	22.84	23.15	1771437	41944224.00
2019/02/01	23.16	25.04	23.16	24.86	1297275	31731722.00
2019/02/11	25.64	25.64	24.61	25.22	1115870	28186668.00
2019/02/12	25.44	25.45	24.70	25.09	1228716	30938382.00
2019/02/13	25.09	25.33	24.95	25.29	1438210	36417292.00
2019/02/14	25.29	25.83	25.25	25.65	1272845	32636454.00
2019/02/15	25.65	25.69	24.97	25.03	986788	25056350.00
2019/02/18	25.03	27.55	24.95	27.55	2887828	77520208.00
2019/02/19	28.23	28.38	27.50	28.11	3574791	100148584.00
2019/02/20	28.19	28.24	27.55	28.05	2049296	57364744.00
2019/02/21	28.05	29.20	27.65	27.90	3261976	93373720.00
2019/02/22	27.67	30.04	27.60	29.80	4491030	132215144.00
2019/02/25	30.00	32.35	29.43	31.15	4414279	136185152.00
2019/02/26	31.23	31.25	30.08	30.21	2970257	91072584.00
2019/02/27	30.21	31.42	29.31	29.65	2474757	74813480.00
2019/02/28	30.07	30.07	29.45	29.70	1668460	49882872.00
2019/03/01	30.03	30.53	29.68	30.22	1836263	55526328.00
2019/03/04	30.80	30.82	29.73	29.76	3649416	110723136.00
2019/03/05	29.56	30.65	29.45	30.65	3015620	91485400.00
2019/03/06	31.25	31.35	30.13	30.67	2422929	74497288.00
2019/03/07	30.45	31.84	29.92	31.84	3224033	100306984.00
2019/03/08	31.15	34.40	28.64	31.64	4623262	150145024.00
2019/03/11	32.35	34.48	32.16	33.30	3216631	107815976.00
2019/03/12	33.97	34.35	32.29	33.60	3232771	109718856.00
2019/03/13	33.57	35.73	32.45	33.05	2524334	85869552.00
2019/03/14	32.35	32.85	31.06	31.72	1787055	57058328.00
2019/03/15	31.73	32.52	30.86	31.43	1351300	42908236.00
2019/03/18	31.17	32.01	31.17	31.83	1473000	46645468.00
2019/03/19	32.10	32.45	31.35	31.74	1315379	42116480.00
2019/03/20	31.85	32.00	30.15	31.17	1657229	51582224.00
2019/03/21	31.23	32.79	31.03	31.95	2440859	78728256.00
2019/03/22	31.81	32.06	30.82	31.36	1364638	42944256.00
2019/03/25	30.71	31.40	30.65	30.85	1161800	36211216.00
2019/03/26	31.04	31.62	30.01	30.35	1423814	43898988.00
2019/03/27	30.18	31.20	29.47	30.96	2149444	65582068.00
2019/03/28	30.85	31.85	30.28	30.34	1320358	40966488.00
2019/03/29	30.11	31.84	29.73	31.54	1783981	55422932.00
2019/04/01	32.34	33.20	31.74	32.87	2381886	78045344.00
2019/04/02	33.01	33.81	32.85	33.05	1719359	57306972.00
2019/04/03	32.85	34.04	32.45	33.49	1655206	55563640.00
2019/04/04	33.49	34.28	32.23	32.45	2402644	79314616.00
2019/04/08	32.70	33.08	29.81	30.58	4543165	140617728.00
2019/04/09	30.20	30.56	29.95	30.28	2304489	70053800.00
2019/04/10	30.62	31.15	30.25	30.86	2001791	61862992.00
2019/04/11	30.83	30.83	29.05	29.54	2668823	79920624.00
2019/04/12	29.74	29.84	29.04	29.28	1876906	55153008.00
2019/04/15	29.80	30.05	29.07	29.09	1186703	35204116.00
2019/04/16	29.01	29.97	28.55	29.97	1408917	41477316.00
2019/04/17	30.03	30.34	29.65	29.87	1433711	43152868.00
2019/04/18	29.70	30.20	29.65	29.75	947950	28443232.00
2019/04/19	30.35	30.75	29.90	30.74	1744260	53281272.00
2019/04/22	30.84	31.03	29.56	29.64	1519750	45901292.00
2019/04/23	29.46	29.96	29.15	29.21	959650	28454952.00
2019/04/24	29.24	29.35	28.05	28.99	1860339	53520512.00
2019/04/25	28.72	29.20	27.96	28.03	1250450	35999040.00
2019/04/26	27.75	28.25	27.67	28.05	1047741	29539624.00
2019/04/29	28.29	28.29	26.76	26.85	1848952	51183064.00
2019/04/30	26.91	28.53	26.91	28.00	1404819	39396032.00
2019/05/06	27.35	28.74	25.73	26.45	1909879	52815808.00
2019/05/07	26.75	27.23	25.37	26.04	1698271	44900916.00
2019/05/08	25.74	26.77	25.32	26.16	946513	24966938.00
2019/05/09	26.16	26.70	25.92	26.04	850647	22493738.00
2019/05/10	26.25	27.35	25.85	27.26	1561757	42023588.00
2019/05/13	27.05	27.23	26.75	26.80	882982	23931766.00
2019/05/14	26.41	27.33	26.41	26.99	600950	16285901.00
2019/05/15	27.10	27.43	27.02	27.21	691473	18944036.00
2019/05/16	27.22	28.00	27.15	27.72	1058425	29519342.00
2019/05/17	27.75	28.18	26.84	26.94	1313400	36573736.00
2019/05/20	26.83	26.85	25.50	25.95	1426568	37175240.00
2019/05/21	25.92	27.31	25.92	27.19	1375995	37045352.00
2019/05/22	27.33	27.53	26.67	26.95	801489	21786202.00
2019/05/23	27.35	27.35	26.25	26.40	1025017	27512292.00
2019/05/24	26.10	27.45	26.10	26.81	990465	26926232.00
2019/05/27	26.96	28.25	26.70	28.08	1292379	35957404.00
2019/05/28	28.26	28.26	27.71	27.83	1022471	28726192.00
2019/05/29	27.92	28.15	27.64	27.83	715200	20029888.00
2019/05/30	27.83	27.95	27.03	27.16	895962	24547714.00
2019/05/31	27.56	28.33	27.35	27.64	1742250	48884320.00
2019/06/03	27.58	27.68	26.21	26.46	1394850	37584312.00
2019/06/04	26.38	26.72	25.45	25.75	1427788	37141132.00
2019/06/05	25.95	26.18	24.63	25.13	1917852	48459244.00
2019/06/06	24.96	24.96	23.58	23.65	1643014	39791096.00
2019/06/10	23.93	24.44	23.49	24.10	1776863	42913732.00
2019/06/11	23.90	24.85	23.90	24.75	1436448	35441396.00
2019/06/12	24.83	24.94	24.16	24.35	1052959	25974148.00
2019/06/13	24.23	25.35	24.06	24.47	2286566	56699404.00
2019/06/14	24.52	24.88	23.65	23.73	1516335	36767036.00
2019/06/17	23.83	24.02	23.06	23.46	1583256	37404080.00
2019/06/18	23.65	24.11	23.26	23.39	1225550	29101924.00
2019/06/19	23.87	24.25	23.56	23.71	2017420	48689912.00
2019/06/20	23.81	24.31	23.35	23.97	1658713	39922964.00
2019/06/21	24.29	25.05	24.20	24.99	2124736	52770208.00
2019/06/24	24.86	25.61	24.86	25.20	1704207	43405532.00
2019/06/25	24.90	25.25	24.37	24.70	1394393	34552828.00
2019/06/26	24.70	25.16	24.36	24.85	1126912	28168376.00
2019/06/27	24.85	25.30	24.73	25.04	821912	20691890.00
2019/06/28	25.04	25.14	24.51	25.04	866613	21751548.00
2019/07/01	25.57	26.20	25.47	25.80	1817873	47273944.00
2019/07/02	25.79	26.15	25.57	26.09	1392124	36301524.00
2019/07/03	26.15	26.15	25.30	25.45	978664	25214860.00
2019/07/04	25.63	26.03	25.36	25.67	834850	21507344.00
2019/07/05	25.45	26.88	25.27	26.05	1431294	37124520.00
2019/07/08	25.88	25.88	24.39	24.60	1616289	40235100.00
2019/07/09	24.47	25.07	24.47	25.03	851790	21162264.00
2019/07/10	25.20	25.58	25.01	25.35	1066173	26992060.00
2019/07/11	25.80	25.80	24.85	24.92	1061252	26808800.00
2019/07/12	24.90	25.39	24.86	25.08	963166	24214160.00
2019/07/15	25.10	25.17	24.50	24.90	1779275	44274088.00
2019/07/16	24.92	25.37	24.82	24.96	1027361	25761468.00
2019/07/17	25.09	25.29	24.80	25.02	1057932	26432082.00
2019/07/18	24.85	24.85	23.69	23.85	1866550	44927228.00
2019/07/19	24.00	25.44	23.72	25.30	2469872	61102024.00
2019/07/22	25.20	25.20	23.71	23.75	2115324	51383136.00
2019/07/23	23.76	24.20	23.65	23.99	913187	21832362.00
2019/07/24	24.00	24.58	24.00	24.31	1314762	32058534.00
2019/07/25	24.42	24.95	24.33	24.63	1318951	32573368.00
2019/07/26	24.49	24.90	24.35	24.60	842157	20681754.00
2019/07/29	24.69	24.99	24.32	24.85	1158335	28726356.00
2019/07/30	24.90	25.35	24.75	24.83	1414700	35410412.00
2019/07/31	24.80	25.15	24.53	25.15	1522992	37952484.00
2019/08/01	24.81	25.05	24.35	24.55	1964551	48391272.00
2019/08/02	24.01	24.15	23.80	23.86	1540656	36878688.00
2019/08/05	23.86	24.28	23.63	23.63	1078154	25846724.00
2019/08/06	23.26	23.38	22.12	22.79	1870550	42509944.00
2019/08/07	22.94	23.13	22.61	22.74	916004	20968212.00
2019/08/08	22.78	23.08	22.65	22.75	979430	22370724.00
2019/08/09	23.05	23.45	22.33	22.60	1124681	25755982.00
2019/08/12	22.73	23.34	22.48	23.32	954340	21979028.00
2019/08/13	23.17	23.79	23.01	23.67	1169000	27486098.00
2019/08/14	23.95	24.14	23.52	23.60	1151409	27481044.00
2019/08/15	23.18	23.93	23.02	23.93	1131150	26671252.00
2019/08/16	23.85	24.25	23.68	24.03	1100550	26452124.00
2019/08/19	26.08	26.42	24.77	25.10	4472672	113071136.00
2019/08/20	25.13	26.65	24.98	25.84	4927029	127620792.00
2019/08/21	25.60	26.00	25.27	26.00	3058492	78239936.00
2019/08/22	25.81	25.89	25.16	25.48	3002375	76375128.00
2019/08/23	26.23	26.82	25.83	25.88	5072440	133376664.00
2019/08/26	25.15	25.35	24.85	24.98	2520262	63135372.00
2019/08/27	25.18	26.20	24.96	25.68	2610927	66874072.00
2019/08/28	25.58	26.14	25.46	25.79	2200118	56788276.00
2019/08/29	25.79	26.12	25.52	25.62	2362423	60998060.00
2019/08/30	25.96	26.37	25.11	25.21	2290873	58891504.00
2019/09/02	26.33	27.30	25.69	26.00	4143361	108263040.00
2019/09/03	25.75	26.55	25.68	26.54	4587358	119813032.00
2019/09/04	26.36	27.05	26.22	26.80	3416550	91003112.00
2019/09/05	27.14	27.80	26.66	27.22	4232055	115186896.00
2019/09/06	27.30	27.59	26.73	27.06	2693650	72791784.00
2019/09/09	27.20	28.26	27.00	28.11	3271540	90647568.00
2019/09/10	28.09	28.41	27.68	27.72	2444400	68352464.00
2019/09/11	27.90	28.18	27.65	27.70	2223800	62141164.00
2019/09/12	27.85	27.97	27.34	27.78	1381598	38192304.00
2019/09/16	27.89	28.52	27.70	28.40	2687291	75717712.00
2019/09/17	28.21	28.40	27.04	27.14	2395258	65924360.00
2019/09/18	27.31	27.39	26.80	26.80	1335000	35999152.00
2019/09/19	26.80	27.46	26.80	27.35	1557971	42423856.00
2019/09/20	27.85	27.99	27.20	27.25	1692002	46570836.00
2019/09/23	27.26	27.39	26.61	27.24	1483100	40055492.00
2019/09/24	27.26	27.56	26.79	26.88	1630600	44208948.00
2019/09/25	26.80	27.13	26.35	26.37	1308300	34785644.00
2019/09/26	26.37	26.65	25.10	25.38	1940092	49843020.00
2019/09/27	25.60	26.39	25.31	26.19	2013750	52459244.00
2019/09/30	26.28	26.80	25.85	25.85	1746552	45991984.00
2019/10/08	26.05	26.70	25.66	25.81	1333193	35078368.00
2019/10/09	26.00	26.25	25.55	26.15	1025666	26633136.00
2019/10/10	26.15	27.08	25.88	27.07	2143496	56984192.00
2019/10/11	27.13	27.72	26.70	27.48	2247366	61494196.00
2019/10/14	28.01	28.80	28.01	28.55	3460100	98343272.00
2019/10/15	28.39	29.15	28.28	28.56	2830493	81087584.00
2019/10/16	28.60	28.97	28.21	28.69	2202121	63186840.00
2019/10/17	28.47	29.12	28.47	28.90	2287087	66090480.00
2019/10/18	29.02	29.70	28.50	28.50	2578270	74665288.00
2019/10/21	28.68	29.20	28.16	28.80	2215150	63545432.00
2019/10/22	28.95	29.34	28.41	29.05	1753035	50659668.00
2019/10/23	28.99	29.26	28.26	28.45	1514250	43361432.00
2019/10/24	28.47	28.80	27.91	28.52	1974750	56028204.00
2019/10/25	28.66	28.66	27.70	28.35	1338305	37868156.00
2019/10/28	29.00	30.75	29.00	30.44	4064023	122475008.00
2019/10/29	30.42	30.45	29.51	29.54	2148676	64533828.00
2019/10/30	29.65	30.19	29.30	29.45	2392480	71081512.00
2019/10/31	29.50	30.28	28.58	28.77	2716311	79631656.00
2019/11/01	28.60	29.30	28.38	28.48	1594975	45732440.00
2019/11/04	28.45	29.30	28.45	28.81	1876858	54243284.00
2019/11/05	28.88	29.20	28.55	28.85	1373133	39720880.00
2019/11/06	28.93	29.05	27.81	28.00	1761202	49680996.00
2019/11/07	28.00	29.18	27.81	29.10	2045022	58537112.00
2019/11/08	29.30	32.01	28.91	32.01	6623411	206080080.00
2019/11/11	31.89	32.30	31.19	31.82	3882518	123156512.00
2019/11/12	31.51	31.54	28.64	28.64	5775127	169493328.00
2019/11/13	28.34	28.35	27.09	27.39	3969205	109074792.00
2019/11/14	27.20	28.15	27.09	27.85	2132334	58910164.00
2019/11/15	27.74	28.46	27.55	27.80	1960109	55027748.00
2019/11/18	27.45	28.12	27.20	27.98	1560670	43462756.00
2019/11/19	28.13	28.40	27.90	28.27	1468044	41357492.00
2019/11/20	28.25	28.80	27.91	28.10	1431600	40648680.00
2019/11/21	27.91	28.09	27.44	27.90	1131250	31458024.00
2019/11/22	27.99	28.13	26.81	27.09	1726756	47388928.00
2019/11/25	26.91	27.21	25.88	26.20	1761000	46439296.00
2019/11/26	26.06	26.48	25.80	25.96	1090950	28488272.00
2019/11/27	26.00	26.23	25.66	25.88	816168	21203454.00
2019/11/28	25.80	26.06	25.51	25.89	804540	20781462.00
2019/11/29	25.76	26.33	25.71	26.24	750644	19543688.00
2019/12/02	26.38	26.50	26.03	26.30	803360	21058698.00
2019/12/03	26.11	26.46	25.70	26.36	862060	22444174.00
2019/12/04	26.22	26.68	26.15	26.48	820160	21709164.00
2019/12/05	26.50	26.86	26.50	26.78	1047200	27984252.00
2019/12/06	26.78	27.08	26.78	27.02	878600	23677642.00
2019/12/09	27.05	27.58	26.82	27.26	996575	27183892.00
2019/12/10	27.10	27.40	26.81	27.30	1057750	28751584.00
2019/12/11	27.22	27.38	26.86	27.26	871550	23655052.00
2019/12/12	27.16	27.66	26.90	27.30	948350	25941468.00
2019/12/13	27.37	27.74	27.30	27.73	921950	25389644.00
2019/12/16	27.73	28.60	27.59	28.40	1563957	44230928.00
2019/12/17	28.38	28.98	28.23	28.78	1552630	44572332.00
2019/12/18	28.78	28.97	28.40	28.53	1300550	37212452.00
2019/12/19	28.37	28.87	28.35	28.79	1188713	34026272.00
2019/12/20	28.79	28.88	28.11	28.22	1452725	41216552.00
2019/12/23	28.10	28.22	27.26	27.33	1424710	39434236.00
2019/12/24	27.57	28.11	27.44	28.04	1274654	35426924.00
2019/12/25	28.18	28.86	27.90	28.61	1585363	45185580.00
2019/12/26	28.66	29.15	28.48	29.09	1726481	49741788.00
2019/12/27	29.10	29.40	28.72	28.72	1422360	41340860.00
2019/12/30	28.72	28.98	28.16	28.88	1117511	32076126.00
2019/12/31	28.90	29.20	28.58	28.91	1207134	34890508.00
2020/01/02	29.23	30.12	28.98	29.62	1828484	54161948.00
2020/01/03	29.63	30.80	29.24	30.36	3243332	96832248.00
2020/01/06	29.60	29.84	28.74	29.05	5367289	155898016.00
2020/01/07	29.08	29.27	28.61	29.04	3627466	104871064.00
2020/01/08	28.91	29.39	28.68	29.04	2906339	84394056.00
2020/01/09	29.30	30.16	29.08	30.00	3434973	102433536.00
2020/01/10	30.15	30.18	29.12	29.44	2927550	86564024.00
2020/01/13	28.66	29.69	28.32	29.67	4270146	124331016.00
2020/01/14	29.77	30.71	29.31	30.16	4455850	133982048.00
2020/01/15	30.20	31.50	30.00	31.21	4395700	135941680.00
2020/01/16	30.76	32.33	30.65	31.61	4187646	132565360.00
2020/01/17	31.65	32.32	31.00	31.25	2815250	88515000.00
2020/01/20	31.50	33.49	31.30	33.11	4440373	145144912.00
2020/01/21	32.94	33.33	32.50	32.78	2684796	88150488.00
2020/01/22	32.00	32.38	30.84	31.58	5622567	178246768.00
2020/01/23	31.80	32.04	30.36	30.70	3330071	103935688.00
数据来源:通达信
