000977 浪潮信息 日线 前复权
      日期	    开盘	    最高	    最低	    收盘	    成交量	    成交额
2013/09/02,9.46,9.79,9.45,9.54,2498927,97005808.00
2013/09/03,9.50,10.28,9.50,10.28,4397412,180539072.00
2013/09/04,10.62,11.09,10.56,10.75,8079766,362078464.00
2013/09/05,10.71,11.24,10.68,11.16,5324255,242718704.00
2013/09/06,10.99,11.12,10.77,10.89,3761916,170311424.00
2013/09/09,10.97,11.06,10.68,10.70,3444501,155316176.00
2013/09/10,10.64,10.89,10.55,10.77,2519841,111981896.00
2013/09/11,10.81,11.08,10.37,10.94,3830627,171093376.00
2013/09/12,10.87,11.17,10.45,10.78,3668943,164324880.00
2013/09/13,10.58,11.65,10.47,11.65,7308946,348697376.00
2013/09/16,11.89,11.99,11.46,11.65,4837716,239311072.00
2013/09/17,11.60,12.52,11.49,12.33,5494935,284920480.00
2013/09/18,12.18,12.54,11.99,12.41,3834398,201552560.00
2013/09/23,12.35,12.56,12.15,12.48,4688151,247616272.00
2013/09/24,12.38,12.44,12.10,12.15,3289652,171811104.00
2013/09/25,12.16,12.26,11.76,11.86,4014324,202567008.00
2013/09/26,11.86,12.00,11.58,11.68,2611581,130708400.00
2013/09/27,11.79,11.99,11.73,11.79,2200748,110636048.00
2013/09/30,12.04,12.28,11.77,12.02,3364930,172585232.00
2013/10/08,12.18,12.99,12.12,12.47,8344481,454372512.00
2013/10/09,12.47,12.79,12.20,12.68,5427935,294346944.00
2013/10/10,12.70,12.79,11.86,11.86,6117200,320844704.00
2013/10/11,12.35,12.63,11.99,12.40,6710287,353935200.00
2013/10/14,12.35,12.43,12.09,12.22,3819650,200142928.00
2013/10/15,12.20,12.27,11.94,12.02,2688127,138678544.00
2013/10/16,11.98,12.47,11.69,11.95,5202808,268725024.00
2013/10/17,11.96,12.34,11.93,11.99,2516725,130203160.00
2013/10/18,11.92,12.85,11.88,12.84,6561549,350913600.00
2013/10/21,12.93,13.48,12.54,12.66,8529713,479495040.00
2013/10/22,12.56,12.85,11.99,12.26,7809559,417696832.00
2013/10/23,12.26,12.26,11.32,11.37,6244851,308387840.00
2013/10/24,11.18,11.70,11.18,11.39,3657060,176439952.00
2013/10/25,11.33,11.52,10.72,10.89,4989595,227092640.00
2013/10/28,10.77,10.99,10.35,10.42,4971262,215811040.00
2013/10/29,10.43,10.70,10.13,10.69,5840105,250419696.00
2013/10/30,10.66,11.49,10.54,11.25,5141648,239223008.00
2013/10/31,11.25,11.56,10.60,10.79,3143679,145000352.00
2013/11/01,10.60,10.76,10.13,10.57,3299249,142420384.00
2013/11/04,10.57,10.74,10.45,10.68,1231420,54268320.00
2013/11/05,10.64,11.02,10.35,10.99,3170750,140447360.00
2013/11/06,10.90,11.38,10.83,10.89,4218273,196578928.00
2013/11/07,10.83,10.96,10.57,10.62,1561539,69419072.00
2013/11/08,10.56,10.56,9.87,10.03,3956140,164786976.00
2013/11/11,10.03,10.24,9.79,10.11,2625689,107434024.00
2013/11/12,10.06,10.33,10.00,10.21,1650366,68729184.00
2013/11/13,10.46,10.56,10.37,10.40,2858480,123001904.00
2013/11/14,10.43,10.87,10.10,10.75,4494100,198153216.00
2013/11/15,10.79,11.39,10.77,11.00,5209736,243270704.00
2013/11/18,11.14,11.29,10.83,10.96,5237106,241734960.00
2013/11/19,10.85,11.27,10.83,11.16,4188572,194156448.00
2013/11/20,11.14,11.30,10.96,11.16,2921527,135338368.00
2013/11/21,11.16,11.30,11.02,11.21,3922589,183848352.00
2013/11/22,11.12,11.20,10.93,10.95,2473114,114028392.00
2013/11/25,10.90,11.02,10.84,10.98,2137659,97485664.00
2013/11/26,10.98,11.27,10.88,11.26,2625852,122197952.00
2013/11/27,11.28,11.85,11.18,11.74,5252630,257360672.00
2013/11/28,11.68,11.94,11.57,11.73,3658440,182814800.00
2013/11/29,11.74,11.87,11.64,11.74,1974348,98357944.00
2013/12/02,11.28,11.70,10.82,11.27,4028034,193014192.00
2013/12/03,11.12,11.58,11.02,11.40,2025495,96675568.00
2013/12/04,11.48,11.56,11.33,11.45,1313177,63439472.00
2013/12/05,11.45,11.67,11.41,11.43,1331410,64867140.00
2013/12/06,11.35,11.52,10.97,10.99,2162248,100830712.00
2013/12/09,10.98,11.12,10.92,11.04,1421321,65482836.00
2013/12/10,11.03,11.21,11.03,11.08,961821,44735616.00
2013/12/11,11.01,11.18,10.94,11.00,919461,42331432.00
2013/12/12,11.00,11.25,10.74,10.75,2448096,112467808.00
2013/12/13,10.74,10.74,10.45,10.58,2631649,114631384.00
2013/12/16,10.58,10.75,10.46,10.68,1485878,65367348.00
2013/12/17,10.68,10.77,10.51,10.55,1299674,57224608.00
2013/12/18,10.64,10.64,10.45,10.51,1061717,46141216.00
2013/12/19,10.51,10.62,10.48,10.49,582185,25281270.00
2013/12/20,10.49,10.55,10.42,10.50,832895,35983616.00
2013/12/23,10.53,10.53,9.91,9.96,2301002,95341992.00
2013/12/24,9.97,10.54,9.97,10.48,2572977,109205600.00
2013/12/25,10.45,10.70,10.39,10.66,1628817,71437096.00
2013/12/26,10.66,10.78,10.59,10.67,1386546,61120824.00
2013/12/27,10.74,11.04,10.74,11.00,1583947,71962712.00
2013/12/30,11.04,11.20,10.87,10.90,1345889,61782368.00
2013/12/31,10.87,10.98,10.85,10.88,798710,36177908.00
2014/01/02,11.02,11.02,10.74,10.90,1276439,57684584.00
2014/01/03,10.81,11.12,10.72,11.12,2124267,97254440.00
2014/01/06,11.09,11.22,10.94,11.01,1699303,78402072.00
2014/01/07,10.91,11.05,10.84,11.01,1226753,56197064.00
2014/01/08,10.97,11.50,10.88,11.47,3242868,151877680.00
2014/01/09,11.43,11.93,11.14,11.24,4342702,214353824.00
2014/01/10,11.18,11.31,10.88,10.96,2073033,96412840.00
2014/01/13,10.95,11.01,10.76,10.90,1381695,62424888.00
2014/01/14,10.89,11.19,10.89,11.18,980380,45305572.00
2014/01/15,11.19,11.48,11.11,11.29,1272263,60358796.00
2014/01/16,11.39,11.50,11.09,11.15,1148290,54568476.00
2014/01/17,11.05,11.31,11.00,11.08,1151887,53851440.00
2014/01/20,11.03,11.22,10.93,11.08,1234687,57079780.00
2014/01/21,11.07,11.12,10.79,10.89,2244329,101953528.00
2014/01/22,11.02,11.39,11.02,11.23,2905333,136508208.00
2014/01/23,11.24,11.85,11.18,11.71,4772286,234105920.00
2014/01/24,11.60,11.60,11.08,11.26,6839336,323026592.00
2014/01/27,11.26,11.35,10.36,11.04,7807961,352603968.00
2014/01/28,10.90,11.06,10.47,10.52,6355737,280861632.00
2014/01/29,10.69,10.93,10.56,10.82,3705976,166369776.00
2014/01/30,10.77,10.82,10.60,10.71,2105183,93351528.00
2014/02/07,10.70,10.95,10.51,10.87,2851419,127825288.00
2014/02/10,10.87,11.14,10.77,11.07,4768285,218139984.00
2014/02/11,11.08,11.54,11.08,11.50,6807831,325312864.00
2014/02/12,11.58,11.65,11.34,11.62,3927650,190701536.00
2014/02/13,11.58,11.69,11.30,11.35,4335808,209015456.00
2014/02/14,11.34,11.42,11.06,11.35,4957195,232458752.00
2014/02/17,11.26,11.87,11.26,11.84,5633471,277741216.00
2014/02/18,11.92,12.32,11.80,12.10,5672697,292239232.00
2014/02/19,12.05,12.27,11.89,12.09,3559880,183417776.00
2014/02/20,12.02,12.41,11.89,12.08,4261485,221282192.00
2014/02/21,12.16,12.65,12.04,12.18,5647350,297722400.00
2014/02/24,12.18,12.41,11.97,12.04,4347476,225503024.00
2014/02/25,12.04,12.08,11.18,11.41,9030140,443233952.00
2014/02/26,11.37,12.33,11.22,12.33,8512999,429279648.00
2014/02/27,12.33,12.71,12.18,12.57,6649054,355664672.00
2014/02/28,13.10,13.11,12.19,12.48,7354017,399683648.00
2014/03/03,12.43,12.76,12.33,12.64,3170395,169864432.00
2014/03/04,12.64,12.94,12.37,12.82,5552412,305388096.00
2014/03/05,12.81,12.95,12.50,12.56,3066036,166992880.00
2014/03/06,12.43,12.52,12.16,12.28,2683129,141105968.00
2014/03/07,12.21,12.43,12.17,12.32,1697220,89176768.00
2014/03/10,12.27,12.27,11.79,11.91,2725061,139079024.00
2014/03/11,11.82,12.07,11.82,11.99,1559492,79373784.00
2014/03/12,11.99,12.08,11.74,11.93,1855119,93700856.00
2014/03/13,11.93,12.10,11.79,12.05,1530336,77981656.00
2014/03/14,12.00,12.30,11.85,12.01,1466295,75174024.00
2014/03/17,11.89,12.76,11.89,12.59,3812037,203347136.00
2014/03/18,12.60,12.92,12.55,12.75,3346827,183612352.00
2014/03/19,12.74,12.94,12.64,12.75,1885739,103833056.00
2014/03/20,12.85,13.12,12.59,12.60,3445678,192281984.00
2014/03/21,12.47,12.65,12.16,12.50,3886412,205730544.00
2014/03/24,12.41,12.95,12.30,12.34,2683978,143011696.00
2014/03/25,12.22,12.56,12.18,12.36,2088352,110796032.00
2014/03/26,12.39,12.47,12.23,12.37,1173823,62220280.00
2014/03/31,12.27,12.27,11.70,11.76,3185110,160731312.00
2014/04/01,11.85,11.94,11.75,11.89,1391876,70124456.00
2014/04/02,11.91,11.96,11.43,11.48,2172118,106894760.00
2014/04/03,11.48,11.65,11.45,11.49,1270589,61783256.00
2014/04/04,11.51,11.51,11.28,11.49,2008859,96261840.00
2014/04/08,11.45,11.64,11.38,11.64,1808727,88289424.00
2014/04/09,11.64,12.02,11.64,11.99,2282961,115585624.00
2014/04/10,12.07,12.28,11.89,12.03,2010721,103690848.00
2014/04/11,11.99,12.24,11.89,12.03,1269993,65082396.00
2014/04/14,12.07,12.07,11.93,12.00,1270068,64841184.00
2014/04/15,12.08,12.16,11.64,11.68,2217779,112133448.00
2014/04/16,11.69,11.84,11.49,11.60,1855492,91396728.00
2014/04/17,11.60,11.60,11.31,11.47,2270654,109714720.00
2014/04/18,11.47,11.65,11.43,11.60,1471281,71710584.00
2014/04/21,11.55,11.66,11.49,11.61,1542866,75467456.00
2014/04/22,11.61,11.65,11.53,11.62,1225765,60054560.00
2014/04/23,11.62,11.63,11.41,11.52,1033183,50124676.00
2014/04/24,11.51,11.54,11.35,11.45,1720846,82969008.00
2014/04/25,11.37,11.46,11.09,11.24,1921112,90599176.00
2014/04/28,11.24,11.29,10.93,10.97,1962389,90377104.00
2014/04/29,10.97,11.18,10.93,11.17,723595,33484182.00
2014/04/30,11.22,11.52,11.21,11.42,1169915,56340772.00
2014/05/05,11.40,11.46,11.35,11.46,747324,35871516.00
2014/05/06,11.57,11.72,11.45,11.63,1354048,66477220.00
2014/05/07,11.77,11.77,11.44,11.49,1231273,60252016.00
2014/05/08,11.48,11.58,11.41,11.51,1206986,58473092.00
2014/05/09,11.47,11.51,11.22,11.35,636725,30259102.00
2014/05/12,11.41,11.62,11.37,11.62,1244576,60672484.00
2014/05/13,11.73,11.74,11.37,11.38,2153364,52230860.00
2014/05/14,11.41,11.71,11.25,11.62,2155167,52467332.00
2014/05/15,11.61,11.72,11.47,11.48,1441282,35225724.00
2014/05/16,11.46,11.48,11.02,11.29,2477541,57956996.00
2014/05/19,11.27,11.27,10.88,10.98,2074543,47559400.00
2014/05/20,10.99,11.41,10.99,11.29,3714382,87061736.00
2014/05/21,11.36,12.00,11.24,11.89,10197829,251933120.00
2014/05/22,11.89,12.03,11.72,11.81,8288130,207704880.00
2014/05/23,11.79,12.77,11.77,12.77,11764322,315044192.00
2014/05/26,13.44,13.82,13.12,13.55,32259817,948144256.00
2014/05/27,13.46,14.42,13.37,14.08,30371964,912717120.00
2014/05/28,14.31,15.27,14.08,15.27,22547988,744293376.00
2014/05/29,16.26,16.54,15.41,16.08,62328266,2236092672.00
2014/05/30,15.79,16.81,15.52,16.32,58396130,2122246656.00
2014/06/03,15.91,16.08,15.18,15.23,39637361,1387351296.00
2014/06/04,15.39,16.12,15.31,15.73,43076703,1511588992.00
2014/06/05,15.19,15.57,15.00,15.47,24574740,836493568.00
2014/06/06,15.58,15.73,15.16,15.27,25593322,880345984.00
2014/06/09,14.97,15.22,14.82,14.98,21840725,725618496.00
2014/06/10,15.00,16.09,14.99,15.79,48818345,1696787328.00
2014/06/11,15.65,15.84,15.09,15.23,37772629,1299417728.00
2014/06/12,15.15,15.96,14.94,15.64,32479006,1123421056.00
2014/06/13,15.50,16.98,15.12,16.70,47212757,1713439744.00
2014/06/16,16.50,17.46,16.45,16.88,45928309,1761616768.00
2014/06/17,16.89,17.12,16.42,16.57,36582008,1383186816.00
2014/06/18,16.46,16.77,15.97,16.23,30849240,1132433536.00
2014/06/19,16.08,16.29,15.03,15.25,26770723,934388224.00
2014/06/20,15.10,15.64,14.96,15.45,18693485,637594688.00
2014/06/23,15.37,15.89,15.31,15.49,15518140,543116480.00
2014/06/24,15.31,16.22,15.31,16.01,25219864,899587968.00
2014/06/25,15.92,16.16,15.47,15.54,15814185,556787200.00
2014/06/26,15.36,16.04,15.36,15.70,20534541,724220096.00
2014/06/27,15.59,15.68,15.35,15.35,17980289,621523200.00
2014/06/30,15.27,15.81,15.10,15.72,18492925,640934784.00
2014/07/01,15.62,16.12,15.48,15.81,19364790,688526208.00
2014/07/02,15.71,16.04,15.53,15.61,14134121,498032000.00
2014/07/03,15.59,15.59,15.22,15.35,14063536,481044992.00
2014/07/04,15.33,16.67,15.24,16.00,29098505,1047123968.00
2014/07/07,15.85,16.34,15.77,16.33,24743038,895169792.00
2014/07/08,16.27,17.73,16.21,17.46,50029007,1957811328.00
2014/07/09,17.19,17.68,16.81,17.42,34592738,1353970560.00
2014/07/10,17.27,18.15,16.88,16.94,35352277,1406141184.00
2014/07/11,16.63,16.97,16.35,16.72,25168650,942671040.00
2014/07/14,16.73,17.49,16.54,17.34,22699865,875657024.00
2014/07/15,17.12,17.16,16.58,16.68,22399006,850732224.00
2014/07/16,16.42,16.80,16.16,16.31,17307187,640254528.00
2014/07/17,16.22,16.23,15.27,15.33,25071564,874983680.00
2014/07/18,15.31,15.69,15.14,15.36,10044930,345846880.00
2014/07/21,15.36,15.60,15.36,15.46,6478850,223844240.00
2014/07/22,15.46,15.82,15.38,15.69,10113166,352289760.00
2014/07/23,15.78,15.79,15.15,15.33,12396799,427272640.00
2014/07/24,15.27,15.65,14.66,15.31,15780553,530625824.00
2014/07/25,15.23,16.39,15.15,16.09,23097721,819484800.00
2014/07/28,16.46,16.62,16.09,16.32,21777822,802396992.00
2014/07/29,16.42,17.02,16.24,16.27,24181292,902391744.00
2014/07/30,16.39,17.34,16.27,17.16,35663151,1351485568.00
2014/07/31,16.96,17.02,16.66,16.71,20850253,791209472.00
2014/08/01,16.58,16.84,16.19,16.27,19970088,743026176.00
2014/08/04,16.33,16.55,16.23,16.49,11823804,436708704.00
2014/08/05,16.42,16.56,16.24,16.42,10468853,387264096.00
2014/08/06,16.41,16.51,16.23,16.35,9548587,351973376.00
2014/08/07,16.35,16.77,16.33,16.37,12469040,464694848.00
2014/08/08,16.44,16.81,16.44,16.70,17284290,648789632.00
2014/08/11,16.62,16.79,16.51,16.64,11910148,447039296.00
2014/08/12,16.64,16.99,16.64,16.71,16191581,615163392.00
2014/08/13,16.76,16.76,16.16,16.35,13027721,480855712.00
2014/08/14,16.27,16.69,16.24,16.42,9305277,345964416.00
2014/08/15,16.41,17.03,16.26,16.75,22250230,841811328.00
2014/08/18,16.77,16.92,16.72,16.81,13813155,525012832.00
2014/08/19,16.89,17.72,16.88,17.20,34207430,1345936128.00
2014/08/20,17.24,17.24,16.73,16.80,17862360,680169024.00
2014/08/21,16.72,16.92,16.62,16.90,11164303,422637184.00
2014/08/22,16.89,17.00,16.65,16.81,10665421,405607104.00
2014/08/25,16.92,17.92,16.77,17.21,30657682,1211810560.00
2014/08/26,17.17,17.30,16.81,16.83,16994846,652451328.00
2014/08/27,17.26,17.83,17.11,17.62,32922326,1314114304.00
2014/08/28,17.49,18.07,17.42,17.50,20885015,841653056.00
2014/08/29,17.54,17.84,17.23,17.72,15322885,613053952.00
2014/09/01,17.81,19.23,17.60,18.77,31165310,1323940608.00
2014/09/02,18.78,19.29,18.58,18.96,28349719,1234873984.00
2014/09/03,18.96,19.04,18.59,18.73,20287982,874664064.00
2014/09/04,18.73,18.96,18.64,18.71,16563704,714322624.00
2014/09/05,18.81,18.81,18.25,18.37,18046654,761779648.00
2014/09/09,18.39,18.58,18.27,18.42,9750080,411578432.00
2014/09/10,18.46,18.66,18.31,18.38,11135231,471437280.00
2014/09/11,18.38,18.57,18.23,18.45,11206533,472913216.00
2014/09/12,18.42,18.43,18.08,18.27,10156511,424005856.00
2014/09/15,18.22,18.23,18.01,18.14,8915979,368854016.00
2014/09/16,18.17,18.49,17.54,17.55,12754547,526166688.00
2014/09/17,17.55,17.72,17.01,17.67,13795462,542294016.00
2014/09/18,17.58,17.76,17.39,17.42,7012482,280142016.00
2014/09/19,17.43,17.74,17.43,17.67,7302663,293056704.00
2014/09/22,17.63,17.76,17.33,17.57,6543625,260935536.00
2014/09/23,17.47,17.75,17.47,17.66,6275906,251655008.00
2014/09/24,17.58,17.76,17.50,17.71,8499316,341675872.00
2014/09/25,17.71,18.06,17.64,17.80,10187722,416000736.00
2014/09/26,17.80,17.80,17.39,17.50,9098303,363775616.00
2014/09/29,17.62,17.77,17.50,17.58,5957404,238724768.00
2014/09/30,17.58,17.96,17.51,17.82,10419557,422543200.00
2014/10/08,18.04,18.71,17.98,18.40,16250847,684016576.00
2014/10/09,18.42,18.42,17.86,18.03,11975355,495252256.00
2014/10/10,18.06,18.06,17.66,17.73,8061822,328001600.00
2014/10/13,17.72,17.73,17.20,17.46,7568603,299282208.00
2014/10/14,17.58,17.91,17.48,17.66,7524409,303937952.00
2014/10/15,17.58,17.81,17.46,17.65,4743957,190114544.00
2014/10/16,17.57,17.80,17.43,17.55,6287779,252530464.00
2014/10/17,17.56,17.77,17.35,17.60,6012824,240666160.00
2014/10/20,17.65,18.10,17.65,17.97,8803892,361079552.00
2014/10/21,17.97,18.18,17.78,17.78,6169166,252784848.00
2014/10/22,17.82,18.34,17.82,18.14,13388392,554944832.00
2014/10/23,18.10,18.22,17.52,17.53,9186305,372616128.00
2014/10/24,17.55,17.67,17.40,17.44,4708111,187926288.00
2014/10/27,17.44,17.55,17.12,17.17,5833674,228039568.00
2014/10/28,17.32,17.57,17.19,17.56,6243047,246305696.00
2014/10/29,17.64,18.15,17.51,17.71,10199777,415564256.00
2014/10/30,17.71,17.83,17.46,17.51,6183503,248032576.00
2014/10/31,17.58,17.71,17.18,17.28,7694831,303905664.00
2014/11/03,17.31,17.79,17.31,17.54,6615061,264564976.00
2014/11/04,17.46,17.53,17.26,17.37,4010080,158128352.00
2014/11/05,17.33,17.64,17.23,17.54,5000513,198696944.00
2014/11/06,17.77,18.00,17.66,17.69,7563623,306748480.00
2014/11/07,17.59,18.06,17.59,17.71,10373468,422063456.00
2014/11/10,17.77,17.97,17.62,17.78,6187262,251640976.00
2014/11/11,17.78,17.87,16.73,16.81,12632653,494201696.00
2014/11/12,16.82,17.30,16.82,17.19,6620139,257969824.00
2014/11/13,17.19,17.26,16.62,16.97,9478734,361695072.00
2014/11/14,16.92,17.29,16.74,17.09,5932066,229703040.00
2014/11/17,17.14,17.14,15.81,16.50,10103857,376005536.00
2014/11/18,16.51,16.59,16.27,16.32,5159120,190076528.00
2014/11/19,16.31,16.87,16.31,16.61,7348609,275037376.00
2014/11/20,16.54,16.60,16.29,16.33,5369700,198182816.00
2014/11/21,16.37,16.52,16.30,16.47,5272672,194836256.00
2014/11/24,16.67,16.94,16.47,16.92,9799373,369008960.00
2014/11/25,16.92,17.27,16.73,17.25,9418802,363038976.00
2014/11/26,17.27,17.37,16.97,17.26,7847207,305945248.00
2014/11/27,17.23,17.44,17.11,17.36,7268862,285077280.00
2014/11/28,17.34,17.58,17.11,17.51,9364374,369979072.00
2014/12/01,17.51,17.55,17.10,17.14,6527246,256862752.00
2014/12/02,17.15,18.05,16.96,17.54,15630577,623032384.00
2014/12/03,17.57,17.64,17.11,17.41,9975169,391763040.00
2014/12/04,17.39,17.81,17.23,17.47,11550948,458849120.00
2014/12/05,17.47,17.53,16.62,16.99,10315370,399111104.00
2014/12/08,16.80,17.08,16.69,16.78,8812378,335945344.00
2014/12/09,16.78,16.78,16.14,16.16,11491752,425034688.00
2014/12/10,16.14,16.75,16.14,16.70,6727481,250367232.00
2014/12/11,16.72,17.12,16.54,16.93,7014696,268054672.00
2014/12/12,16.81,17.06,16.81,16.97,6495557,248608576.00
2014/12/15,16.86,17.41,16.86,17.37,11685230,456682848.00
2014/12/16,17.37,17.47,17.11,17.36,6777705,265255136.00
2014/12/17,17.31,17.31,16.98,17.17,5859239,227535616.00
2014/12/18,17.19,17.57,17.17,17.40,9913315,393373792.00
2014/12/19,17.38,18.22,17.31,18.03,18238222,746845760.00
2015/01/19,19.62,19.62,19.62,19.62,1030469,46680244.00
2015/02/06,21.36,21.36,20.46,21.36,19850019,986394496.00
2015/02/09,21.23,21.54,20.25,20.74,26353491,1276525312.00
2015/02/10,20.42,20.84,20.16,20.65,13582318,645115712.00
2015/02/11,20.54,22.44,20.54,22.02,21219913,1081902720.00
2015/02/12,22.00,22.76,21.62,22.04,17078387,892464256.00
2015/02/13,22.05,22.40,21.69,22.04,14058168,723163328.00
2015/02/16,22.04,22.57,21.77,22.18,11312750,589072640.00
2015/02/17,22.46,22.50,21.81,22.12,9055809,468970848.00
2015/02/25,22.31,22.50,21.79,21.81,8852384,456213504.00
2015/02/26,21.81,22.11,21.09,21.35,11761821,588991680.00
2015/02/27,21.36,21.54,21.12,21.42,8725635,434610592.00
2015/03/02,21.81,22.53,21.32,22.38,18907606,974247872.00
2015/03/03,22.19,23.46,21.91,22.56,20865179,1116305536.00
2015/03/04,22.58,23.54,22.34,22.62,15053605,810484736.00
2015/03/05,22.75,22.77,22.11,22.25,9410302,492715008.00
2015/03/06,22.20,22.35,21.36,21.39,9751713,494359936.00
2015/03/09,21.42,21.73,21.17,21.58,7225303,363243168.00
2015/03/10,21.58,21.72,21.34,21.41,7820879,390991776.00
2015/03/11,21.43,21.46,21.08,21.15,6224754,308165408.00
2015/03/12,21.15,21.91,21.08,21.52,7613213,383478816.00
2015/03/13,21.54,22.37,21.39,22.32,9356798,481957824.00
2015/03/16,22.57,22.77,22.08,22.52,12404257,653691200.00
2015/03/17,22.27,22.37,22.02,22.13,14148931,734557312.00
2015/03/18,22.00,22.48,21.47,22.41,22028187,1129559936.00
2015/03/20,23.44,24.43,23.33,24.43,36175891,2067834368.00
2015/03/23,24.61,25.26,24.27,25.12,39460281,2321835776.00
2015/03/24,25.27,25.36,23.96,24.85,29028348,1703544576.00
2015/03/25,25.04,26.33,24.46,25.67,31859700,1930832640.00
2015/03/26,25.24,25.62,24.07,24.12,25577737,1502701440.00
2015/03/27,24.31,24.77,24.03,24.39,13221499,762895104.00
2015/03/30,24.50,24.69,24.16,24.39,13193130,763242112.00
2015/03/31,24.54,24.96,24.12,24.75,16485277,958377216.00
2015/04/01,24.69,25.46,24.62,25.29,18536014,1107149056.00
2015/04/02,25.61,26.28,25.42,25.52,19291232,1183033088.00
2015/04/03,25.58,26.23,25.31,26.03,17253024,1057689024.00
2015/04/07,26.42,26.96,26.23,26.80,16344319,1039534976.00
2015/04/08,27.01,27.19,26.06,26.82,17468964,1113564416.00
2015/04/09,26.69,26.69,25.46,26.28,16743666,1038479424.00
2015/04/10,26.27,26.96,26.11,26.72,14449007,915643072.00
2015/04/13,26.73,27.18,26.35,26.76,16414926,1046328192.00
2015/04/14,26.81,26.81,25.77,25.80,17185991,1069089728.00
2015/04/15,25.65,25.65,24.72,24.72,14182508,844025664.00
2015/04/16,24.43,25.16,24.19,24.92,9832001,577665664.00
2015/04/17,25.54,26.02,24.98,25.67,16477107,1001087040.00
2015/04/20,25.46,25.50,24.69,24.73,13675138,814465664.00
2015/04/21,24.74,26.71,24.74,26.58,18452232,1143806464.00
2015/04/22,26.85,27.30,26.42,26.83,15280190,978874240.00
2015/04/23,27.04,27.16,26.52,27.16,14093511,903396928.00
2015/04/24,27.08,29.65,26.89,29.65,36494920,2546542080.00
2015/04/27,30.22,30.52,28.22,28.92,69196173,2435586048.00
2015/04/28,28.38,28.84,27.32,27.52,42048252,1401643904.00
2015/04/29,27.22,29.99,27.09,29.15,41223115,1426026624.00
2015/04/30,29.17,30.59,28.61,29.91,47937292,1716586112.00
2015/05/04,30.11,31.46,30.11,30.40,44221713,1645887104.00
2015/05/05,30.01,30.03,27.61,28.61,35369711,1240167296.00
2015/05/06,28.46,29.89,28.38,28.76,29931110,1050707712.00
2015/05/07,28.76,28.76,27.68,28.09,19986962,674806336.00
2015/05/08,28.91,30.68,28.91,30.68,59771558,2160711168.00
2015/05/11,31.30,32.91,30.15,32.34,64351295,2466287616.00
2015/05/12,32.34,32.92,31.46,32.25,45512067,1769554816.00
2015/05/13,31.84,34.75,31.46,33.59,51083979,2069421824.00
2015/05/14,34.15,34.70,33.10,33.89,33343181,1373052416.00
2015/05/15,33.44,33.46,32.37,32.76,31602904,1256773120.00
2015/05/18,32.66,33.76,32.22,33.57,27527281,1110700032.00
2015/05/19,33.69,34.42,32.77,33.76,31388557,1276455168.00
2015/05/20,33.99,36.06,33.99,34.42,41078054,1755649920.00
2015/05/21,35.07,37.48,34.38,37.07,44800435,1953789440.00
2015/05/22,37.78,38.06,35.69,36.33,43421617,1941795328.00
2015/05/25,36.07,36.46,35.13,36.26,32535637,1422851200.00
2015/05/26,36.82,37.59,36.38,37.34,35502987,1610634496.00
2015/05/27,38.29,40.15,37.15,39.92,58031600,2751449856.00
2015/05/28,39.61,40.37,36.15,36.15,52065582,2454974464.00
2015/05/29,35.38,37.36,32.98,36.15,46350954,2021962240.00
2015/06/01,36.61,37.97,36.11,37.62,33518297,1525049472.00
2015/06/02,37.64,39.04,37.15,38.96,39884318,1855172352.00
2015/06/03,39.09,39.27,37.15,37.70,34764674,1617021312.00
2015/06/04,37.72,38.22,34.38,36.36,34499184,1522424320.00
2015/06/05,36.69,37.67,35.97,36.39,28679872,1286802944.00
2015/06/08,36.68,36.68,34.36,35.00,30247800,1294904192.00
2015/06/09,35.30,36.06,34.99,35.49,20619497,893762944.00
2015/06/10,35.96,37.61,35.45,36.99,35174238,1584252672.00
2015/06/11,37.03,37.16,36.07,36.35,21267904,945605120.00
2015/06/12,36.23,36.83,35.85,36.66,25125689,1115875712.00
2015/06/15,36.69,36.81,34.77,34.95,27596361,1194615552.00
2015/06/16,34.38,34.38,32.38,32.73,27069753,1094302720.00
2015/06/17,32.61,33.89,32.37,33.72,18073215,725952192.00
2015/06/18,33.76,33.94,31.38,31.61,21968886,866856704.00
2015/06/19,30.96,31.07,28.67,28.67,25207336,898387200.00
2015/06/23,28.43,29.41,26.12,29.07,22249787,754739968.00
2015/06/24,29.92,30.60,29.26,29.98,25094397,906287680.00
2015/06/25,30.53,30.65,27.86,28.48,22938774,818984960.00
2015/06/26,27.60,27.61,25.86,25.86,25556679,802634816.00
2015/06/29,26.31,26.84,23.49,23.49,29407636,842390912.00
2015/06/30,22.22,25.42,21.37,24.96,41146616,1108838400.00
2015/07/01,24.46,26.36,22.99,23.71,35223204,1053050880.00
2015/07/02,24.61,24.61,21.90,22.46,36237334,1006531392.00
2015/07/03,21.02,23.53,20.43,20.52,38794118,964664384.00
2015/07/06,22.36,22.36,18.69,19.15,50119267,1180635776.00
2015/07/07,18.06,18.76,17.46,17.46,22340923,450168736.00
2015/07/13,18.98,18.98,18.98,18.98,1483559,32311916.00
2015/07/14,20.66,20.66,20.66,20.66,1185090,28394756.00
2015/07/15,22.50,22.50,20.74,21.15,98722462,2530593792.00
2015/07/16,19.96,22.56,19.38,22.25,59306201,1484467200.00
2015/07/17,22.49,24.25,22.26,24.25,55284161,1534831104.00
2015/07/20,24.57,26.03,24.44,25.38,62060632,1854232448.00
2015/07/21,24.59,25.97,24.44,25.24,43763328,1310702592.00
2015/07/22,25.27,26.26,24.92,25.63,43461250,1320186112.00
2015/07/23,25.66,27.20,25.30,26.66,45185594,1400987008.00
2015/07/24,26.75,27.90,25.69,26.26,51499258,1665255296.00
2015/07/27,25.79,27.50,23.86,23.86,61740685,1916949760.00
2015/07/28,22.30,25.07,22.05,23.86,55916408,1539361920.00
2015/07/29,24.38,25.35,22.84,25.35,44108462,1249477760.00
2015/07/30,25.07,27.06,24.76,25.30,57187059,1764286208.00
2015/07/31,24.61,25.24,23.38,24.06,35012529,1016660032.00
2015/08/03,23.68,23.68,21.87,21.87,37852672,998704960.00
2015/08/04,22.15,23.83,21.86,23.83,37170913,998051840.00
2015/08/05,23.79,24.53,23.25,23.75,38999656,1101497344.00
2015/08/06,22.99,25.30,22.74,24.56,41113052,1182129920.00
2015/08/07,24.63,25.98,24.63,25.92,48843094,1474144128.00
2015/08/10,26.29,27.25,25.69,26.95,49958408,1577963008.00
2015/08/11,26.69,27.15,26.07,26.30,44078402,1393307904.00
2015/08/12,25.96,26.69,25.30,25.38,29546761,915453440.00
2015/08/13,25.17,26.29,24.57,26.29,34749797,1051182464.00
2015/08/14,26.46,27.95,26.29,27.34,53661066,1750893696.00
2015/08/17,27.22,28.62,27.00,28.33,51303243,1715531776.00
2015/08/18,28.07,28.76,25.72,25.72,47457465,1548177280.00
2015/08/19,24.92,27.29,23.76,27.22,42705835,1302094976.00
2015/08/20,26.84,28.69,26.23,26.74,60374310,1989632256.00
2015/08/21,25.92,26.42,24.29,24.29,52121130,1550115712.00
2015/08/24,22.32,23.76,22.08,22.08,24908178,647589504.00
2015/08/25,20.09,20.72,20.09,20.09,28444979,662730368.00
2015/08/26,19.92,20.52,18.31,18.31,58797253,1290237696.00
2015/08/27,18.99,19.08,16.99,18.67,47116019,981397888.00
2015/08/28,19.50,20.32,18.84,20.32,49835883,1119781760.00
2015/08/31,20.06,20.19,18.90,18.96,39392839,891222144.00
2015/09/01,18.49,18.76,17.29,17.29,38549732,770703360.00
2015/09/02,15.79,17.69,15.78,15.78,47746352,872351488.00
2015/09/07,16.22,17.13,16.22,16.61,42409571,798791168.00
2015/09/08,16.26,17.88,16.15,17.88,34940270,670794048.00
2015/09/09,17.91,19.45,17.88,19.45,53197188,1148423296.00
2015/09/10,19.07,19.73,18.92,19.15,43333137,965480512.00
2015/09/11,19.95,20.84,19.95,20.84,17731517,426446880.00
2015/09/14,22.61,22.61,19.07,19.30,88894846,2181285376.00
2015/09/15,18.34,20.16,18.21,19.27,63770871,1421336960.00
2015/09/16,19.53,20.98,19.19,20.98,72915250,1722222208.00
2015/09/17,21.46,22.86,21.12,22.38,88288300,2314868480.00
2015/09/18,22.88,22.90,21.38,22.39,79717645,2070233088.00
2015/09/21,21.71,23.18,21.61,23.18,76108929,1990248064.00
2015/09/22,22.98,23.12,22.07,22.42,61558464,1633696640.00
2015/09/23,22.61,24.36,22.46,23.56,79303431,2203624192.00
2015/09/24,23.15,23.91,22.69,23.14,72636820,1977650816.00
2015/09/25,22.99,22.99,21.05,21.26,65225859,1674880128.00
2015/09/28,21.45,22.87,21.39,22.70,51308892,1329584512.00
2015/09/29,21.93,22.34,21.28,21.56,39211120,999892864.00
2015/09/30,21.85,21.99,21.32,21.65,25098872,635522496.00
2015/10/08,22.66,23.38,22.28,22.98,47275276,1267009664.00
2015/10/09,22.98,23.52,22.77,23.21,44114319,1200173056.00
2015/10/12,23.48,24.76,23.22,24.06,54402644,1540287872.00
2015/10/13,24.30,25.15,23.99,24.33,52810984,1533169408.00
2015/10/14,24.07,24.10,23.26,23.48,49008619,1365811840.00
2015/10/15,23.52,24.67,23.52,24.58,50972414,1458323712.00
2015/10/16,24.79,24.82,23.77,24.45,50751968,1456342272.00
2015/10/19,24.15,24.36,23.53,23.84,41756574,1174356864.00
2015/10/20,23.84,24.98,23.84,24.73,54778830,1585037696.00
2015/10/21,24.47,24.65,22.48,22.48,59130146,1636201344.00
2015/10/22,22.29,23.26,22.22,23.09,33897622,906367552.00
2015/10/23,23.29,23.76,22.67,23.72,42225249,1153949312.00
2015/10/26,24.19,25.88,23.68,25.80,96502737,2874882048.00
2015/10/27,25.03,25.71,24.15,25.46,64913013,1921171328.00
2015/10/28,25.12,25.65,24.31,24.63,40840208,1211043712.00
2015/10/29,25.05,25.52,24.39,24.79,39392618,1164150912.00
2015/10/30,25.11,25.92,24.40,25.20,56319116,1686099968.00
2015/11/02,24.44,26.22,24.22,24.76,52384182,1578034688.00
2015/11/03,24.86,25.61,24.59,25.15,41248138,1230229120.00
2015/11/04,25.66,26.83,25.40,26.57,69188033,2144979072.00
2015/11/05,26.34,26.52,25.65,26.01,58232521,1807373440.00
2015/11/06,26.30,27.07,26.07,26.32,50286483,1589975168.00
2015/11/09,25.89,27.06,25.30,26.56,55157071,1724144000.00
2015/11/10,26.30,27.22,26.07,26.30,42392067,1344800896.00
2015/11/11,26.06,27.22,25.92,27.22,47855905,1521196544.00
2015/11/12,27.57,28.28,27.06,27.61,61578172,2038780416.00
2015/11/13,27.09,27.53,26.07,26.50,39463272,1263422080.00
2015/11/16,25.92,26.92,25.75,26.81,27666530,871953280.00
2015/11/17,27.10,27.44,26.08,26.15,34861999,1110319232.00
2015/11/18,26.21,26.61,25.30,25.47,22863104,707776000.00
2015/11/19,25.80,26.22,25.46,26.16,22179855,681602624.00
2015/11/20,26.18,27.01,25.93,26.66,34495208,1089451904.00
2015/11/23,26.65,26.74,25.56,25.65,28965932,899736704.00
2015/11/24,25.46,26.42,25.31,26.06,19793342,607618624.00
2015/11/25,25.86,26.53,25.84,26.49,25557305,798095936.00
2015/11/26,26.73,26.79,25.82,25.86,27985120,877833664.00
2015/11/27,25.65,25.84,23.69,24.09,32827008,968267136.00
2015/11/30,24.25,24.42,22.69,23.82,27092690,753901952.00
2015/12/01,23.59,24.19,23.49,23.86,17268346,485613024.00
2015/12/02,23.89,23.98,22.85,23.69,15477371,428965824.00
2015/12/03,23.86,24.50,23.76,24.43,16418858,469508160.00
2015/12/04,24.45,24.77,24.22,24.27,17778965,514680448.00
2015/12/07,24.46,25.44,24.15,24.95,25002275,737928960.00
2015/12/08,24.56,24.94,24.16,24.44,19419720,562793536.00
2015/12/09,24.46,25.54,24.23,25.17,33380011,997171008.00
2015/12/10,25.42,26.69,25.23,26.28,52682932,1635353984.00
2015/12/11,25.92,26.15,25.12,25.21,29795601,902230976.00
2015/12/14,25.15,25.53,24.86,25.53,18183722,543139008.00
2015/12/15,25.65,26.60,25.55,25.98,33010349,1027485184.00
2015/12/16,26.11,26.27,25.26,25.35,26088472,792341568.00
2015/12/17,25.66,26.02,25.43,25.87,25668958,785260224.00
2015/12/18,25.98,25.98,25.14,25.22,24273391,731984384.00
2015/12/21,25.38,26.22,25.22,25.59,21656703,661956032.00
2015/12/22,25.38,27.93,25.30,27.93,60165082,1927086848.00
2015/12/23,28.72,30.50,28.08,29.53,106356890,3724307456.00
2015/12/24,29.18,30.38,28.31,29.15,61800488,2168119040.00
2015/12/25,28.92,29.36,27.99,28.26,44611325,1530789632.00
2015/12/28,28.26,29.17,27.93,27.96,45457397,1554409472.00
2015/12/29,28.02,28.25,26.65,27.57,34518036,1123901440.00
2015/12/30,27.49,28.22,27.46,27.71,30201342,1006124096.00
2015/12/31,27.72,27.72,26.46,26.62,28496205,915458688.00
2016/01/04,26.62,26.92,24.18,24.18,23660165,705745984.00
2016/01/05,22.46,24.12,22.07,22.94,36453549,988991232.00
2016/01/06,23.19,23.92,23.00,23.57,27456909,762109568.00
2016/01/07,22.99,23.05,21.44,21.44,8205856,210521536.00
2016/01/08,21.92,22.36,20.03,21.69,27042963,680580480.00
2016/01/11,21.63,23.16,20.69,21.15,41846057,1078031744.00
2016/01/12,21.46,22.35,20.85,22.03,30564061,774214656.00
2016/01/13,22.28,22.46,20.49,20.80,28334011,712235968.00
2016/01/14,19.92,21.92,19.53,21.77,26924490,655283648.00
2016/01/15,21.22,21.73,20.30,20.49,23778224,580502912.00
2016/01/18,20.03,21.19,19.98,20.79,19676690,474803232.00
2016/01/19,20.79,21.81,20.71,21.60,23338598,577606336.00
2016/01/20,21.41,21.59,20.92,21.02,23343005,577755264.00
2016/01/21,20.71,21.29,19.93,19.93,19287709,463121504.00
2016/01/22,20.29,20.42,19.44,20.05,16552731,381097216.00
2016/01/25,20.26,20.46,19.98,20.19,13025427,305037952.00
2016/01/26,20.06,20.12,18.39,18.39,22641910,498817728.00
2016/01/27,18.80,18.82,17.13,18.15,21261181,433513248.00
2016/01/28,17.75,18.52,17.36,17.47,19656917,401171072.00
2016/01/29,17.61,18.53,17.46,18.25,17065110,350497056.00
2016/02/01,18.13,18.60,17.76,18.12,14992484,312874016.00
2016/02/02,18.22,19.22,18.19,18.98,18628544,403161888.00
2016/02/03,18.70,18.96,18.38,18.86,15205507,324540320.00
2016/02/04,18.89,19.59,18.89,19.22,18310155,405576992.00
2016/02/05,19.22,19.34,18.96,18.99,13004010,285844352.00
2016/02/15,18.05,18.81,18.00,18.62,11329107,238602816.00
2016/02/16,18.88,19.82,18.88,19.76,23347297,524910144.00
2016/02/17,19.72,20.02,19.46,19.87,22321822,508994208.00
2016/02/18,20.03,20.15,19.56,19.59,16450724,374649536.00
2016/02/19,19.46,20.10,19.46,19.89,19345006,442960096.00
2016/02/22,20.16,20.32,19.84,20.20,20898779,485107840.00
2016/02/23,20.19,20.36,19.62,19.90,16833345,389566112.00
2016/02/24,19.74,20.06,19.39,19.84,15081926,343048320.00
2016/02/25,19.84,20.09,18.08,18.26,28847512,637835008.00
2016/02/26,18.53,18.76,17.88,18.34,15193330,319727040.00
2016/02/29,18.52,18.52,16.83,17.15,20897758,410755616.00
2016/03/01,17.15,17.67,16.54,17.46,20267679,393487008.00
2016/03/02,17.36,18.28,17.29,18.12,20903077,422983840.00
2016/03/03,18.13,19.35,18.00,18.56,29697646,638950080.00
2016/03/04,18.22,18.38,17.62,17.82,22135430,454612448.00
2016/03/07,18.22,18.61,18.00,18.15,11892216,248313632.00
2016/03/08,18.09,18.25,17.23,18.20,13350514,270183168.00
2016/03/09,17.68,18.30,17.65,17.89,10720853,220374224.00
2016/03/10,18.06,18.12,17.51,17.57,10014877,202432992.00
2016/03/11,17.57,17.89,17.44,17.68,8562091,172327888.00
2016/03/14,18.07,18.82,17.86,18.53,24680692,523080736.00
2016/03/15,18.52,18.54,18.11,18.22,14127730,295746400.00
2016/03/16,18.46,18.56,17.80,17.88,13439867,277639840.00
2016/03/17,17.95,18.74,17.92,18.71,25390931,536009216.00
2016/03/18,18.86,19.89,18.72,19.50,34197645,763260672.00
2016/03/21,19.80,19.86,19.49,19.77,31914145,724336192.00
2016/03/22,19.59,20.14,19.44,19.78,25941935,593580096.00
2016/03/23,19.69,20.19,19.55,20.01,23675022,544132416.00
2016/03/24,19.89,20.53,19.67,19.92,33561499,780696000.00
2016/03/25,19.77,20.09,19.49,19.82,20445948,466156800.00
2016/03/28,20.06,21.53,20.01,20.49,48947552,1175849856.00
2016/03/29,20.44,21.33,20.23,21.22,52304976,1265333632.00
2016/03/30,20.84,21.92,20.68,21.83,57696136,1432330880.00
2016/03/31,22.05,22.36,21.37,21.91,45322949,1156168960.00
2016/04/01,21.86,21.97,21.40,21.70,24498192,619013120.00
2016/04/05,21.68,22.00,21.15,21.82,38401522,970468224.00
2016/04/06,21.57,21.76,21.14,21.46,29081628,728068864.00
2016/04/07,21.46,21.72,20.98,20.99,21534181,535819936.00
2016/04/08,20.79,20.85,20.12,20.42,25617624,606492928.00
2016/04/11,20.62,21.13,20.62,20.81,18740037,454950336.00
2016/04/12,22.18,22.67,21.66,22.67,38290755,1004289600.00
2016/04/13,22.99,23.19,22.38,22.58,79821084,2132316928.00
2016/04/14,22.42,22.72,22.07,22.36,33145516,864568896.00
2016/04/15,22.59,22.59,22.02,22.19,25993073,676136576.00
2016/04/18,21.96,21.98,21.06,21.61,27671197,694713280.00
2016/04/19,21.69,21.84,21.38,21.72,21040631,530513024.00
2016/04/20,22.03,22.49,20.30,20.97,45089708,1136027136.00
2016/04/21,20.77,21.05,20.43,20.43,21361995,513781184.00
2016/04/22,20.30,20.73,20.13,20.73,16004837,379904000.00
2016/04/25,20.69,20.69,20.15,20.39,14914505,352535552.00
2016/04/26,20.46,20.84,20.41,20.84,16493033,394625472.00
2016/04/27,20.89,20.93,20.34,20.49,18972070,454030048.00
2016/04/28,20.56,20.64,19.78,20.20,21977356,511765632.00
2016/04/29,19.96,20.26,19.94,19.96,14695491,340977056.00
2016/05/03,20.20,20.84,20.00,20.81,25284275,602452672.00
2016/05/04,20.79,20.92,20.61,20.72,18623021,448070208.00
2016/05/05,20.66,20.83,20.56,20.79,13005432,312755104.00
2016/05/06,20.80,20.94,19.92,19.92,24055181,564928128.00
2016/05/09,19.77,19.77,18.69,18.87,22369146,492303136.00
2016/05/10,18.76,19.08,18.68,18.84,11089450,240212112.00
2016/05/11,19.03,19.04,18.60,18.69,8758672,189127904.00
2016/05/12,18.39,18.80,18.12,18.73,12737166,269742336.00
2016/05/13,18.67,18.97,18.36,18.49,10967168,234727376.00
2016/05/16,18.49,18.79,18.24,18.79,12434475,263920496.00
2016/05/17,18.86,19.26,18.64,18.96,17770540,386460224.00
2016/05/18,18.72,18.72,18.18,18.48,16443943,346003392.00
2016/05/19,18.53,19.08,18.48,18.60,15123898,325089216.00
2016/05/20,18.37,18.82,18.25,18.79,11039339,234731728.00
2016/05/23,18.93,19.46,18.88,19.18,19663597,432726816.00
2016/05/24,19.25,19.25,18.82,18.96,12257778,267038256.00
2016/05/25,19.13,19.37,18.90,19.02,14363439,316019360.00
2016/05/26,18.98,19.30,18.57,19.29,15601078,338551328.00
2016/05/27,19.57,20.22,19.57,19.79,31669278,728756096.00
2016/05/30,19.42,19.89,19.29,19.52,18167026,409078816.00
2016/05/31,19.59,20.69,19.59,20.56,35165783,823742976.00
2016/06/01,20.49,20.67,20.36,20.56,27673355,656515456.00
2016/06/02,20.56,20.59,20.30,20.50,20164712,476231072.00
2016/06/03,20.52,20.84,20.36,20.58,26855028,638921216.00
2016/06/06,20.72,20.84,20.19,20.35,16993510,402293760.00
2016/06/07,20.33,20.57,20.17,20.36,14912338,350844576.00
2016/06/08,20.42,20.52,20.17,20.34,15915826,374185888.00
2016/06/13,20.05,20.09,18.80,18.82,28792443,646631552.00
2016/06/14,18.82,19.07,18.71,18.85,12674209,273445248.00
2016/06/15,18.60,19.46,18.57,19.35,17029893,375318656.00
2016/06/16,19.41,19.52,19.19,19.23,12636138,280317600.00
2016/06/17,19.26,19.62,19.15,19.27,12214104,271882944.00
2016/06/20,19.26,19.69,18.96,19.68,19200986,427296928.00
2016/06/21,20.23,20.33,19.32,19.38,26490461,607208192.00
2016/06/22,19.24,19.75,19.19,19.75,14629313,327399520.00
2016/06/23,19.75,20.32,19.55,19.94,21853241,501567616.00
2016/06/24,19.73,19.96,18.88,19.44,21725986,488514144.00
2016/06/27,19.26,20.53,19.24,20.39,37571790,871034112.00
2016/06/28,20.13,20.53,20.00,20.36,29892001,699807104.00
2016/06/29,20.65,20.65,20.19,20.25,17338197,407617024.00
2016/06/30,20.38,20.65,20.22,20.30,16378229,386246272.00
2016/07/01,20.40,20.42,20.01,20.06,17030542,397256928.00
2016/07/04,19.99,20.69,19.89,20.59,25219844,593950720.00
2016/07/05,20.54,20.69,20.38,20.53,21969885,522449824.00
2016/07/06,20.61,21.11,20.56,20.79,35560591,860671296.00
2016/07/07,20.73,20.80,20.27,20.55,22509793,532910912.00
2016/07/08,20.53,20.62,20.27,20.42,15803043,373828064.00
2016/07/11,20.49,21.12,20.47,20.70,38644308,935943296.00
2016/07/12,20.76,21.23,20.44,21.16,36050154,873029056.00
2016/07/13,21.21,21.22,20.93,21.03,24386944,595311552.00
2016/07/14,21.07,21.17,20.96,21.11,18553007,453348704.00
2016/07/15,21.17,21.17,20.76,20.85,16654322,404087072.00
2016/07/18,20.66,20.79,20.42,20.59,15036606,358401984.00
2016/07/19,20.59,20.70,20.42,20.70,10924716,259969888.00
2016/07/20,20.76,20.76,20.46,20.53,11507718,274245728.00
2016/07/21,20.60,21.08,20.56,20.88,25248921,610809664.00
2016/07/22,20.90,21.40,20.65,21.30,36201486,885238464.00
2016/07/25,21.26,21.75,21.12,21.36,30289851,754810560.00
2016/07/26,21.25,21.63,21.23,21.49,21770143,541896000.00
2016/07/27,21.61,22.06,20.45,21.89,66920185,1682977920.00
2016/07/28,21.62,22.35,21.38,21.62,49659789,1264404096.00
2016/07/29,21.59,21.62,20.80,20.88,29458315,720894144.00
2016/08/01,20.79,20.79,20.09,20.25,19054150,447296512.00
2016/08/02,20.24,20.59,20.24,20.55,11521641,272030400.00
2016/08/03,20.56,20.84,20.42,20.59,13289461,317590240.00
2016/08/04,20.52,20.88,20.34,20.74,14717697,351189792.00
2016/08/05,20.69,20.82,20.43,20.52,12041487,287227008.00
2016/08/08,20.47,20.80,20.34,20.74,11001373,262415328.00
2016/08/09,20.73,20.90,20.60,20.89,13912207,334077920.00
2016/08/10,20.96,21.18,20.79,20.79,14893503,362040928.00
2016/08/11,20.76,20.76,20.24,20.26,17117457,404841728.00
2016/08/12,20.32,20.61,20.19,20.49,10972978,258075312.00
2016/08/15,20.49,21.69,20.34,21.56,35336893,868262592.00
2016/08/16,21.44,21.52,21.27,21.39,22340713,555241024.00
2016/08/17,21.32,21.87,21.27,21.68,28967529,730553472.00
2016/08/18,21.68,22.09,21.47,21.48,24763180,626911424.00
2016/08/19,21.49,21.53,21.21,21.39,13018713,323247360.00
2016/08/22,21.33,21.88,21.23,21.54,24100764,607843072.00
2016/08/23,21.47,21.63,21.22,21.47,15944893,396506944.00
2016/08/24,21.49,21.55,21.19,21.29,12870358,318858240.00
2016/08/25,21.26,21.26,20.78,21.11,18216424,444215072.00
2016/08/26,21.15,21.36,21.01,21.15,13566391,334271008.00
2016/08/29,21.02,21.16,20.76,20.84,16083825,389568512.00
2016/08/30,20.89,21.60,20.89,21.25,25084651,620597120.00
2016/08/31,21.22,21.35,20.98,21.19,10667749,261565040.00
2016/09/01,21.22,21.61,21.17,21.22,16591539,412687584.00
2016/09/02,21.12,21.26,20.84,21.03,11357927,277595616.00
2016/09/05,21.12,21.48,21.02,21.07,10828488,267265936.00
2016/09/06,20.99,21.46,20.91,21.43,15205280,375578016.00
2016/09/07,21.49,21.80,21.31,21.54,23009965,577738944.00
2016/09/08,21.65,22.04,21.55,21.80,24264462,617430080.00
2016/09/09,21.81,22.37,21.66,21.87,32706671,840793600.00
2016/09/12,21.49,21.60,21.02,21.12,19741487,488853440.00
2016/09/13,21.26,21.39,21.05,21.33,10890164,268614624.00
2016/09/14,21.19,21.76,21.03,21.62,19178568,478439168.00
2016/09/19,21.61,21.72,21.42,21.69,15153426,380411744.00
2016/09/20,21.69,22.16,21.57,21.80,21644730,552851904.00
2016/09/21,21.74,22.93,21.52,22.52,44619189,1162629504.00
2016/09/22,22.67,22.83,22.42,22.69,30187088,798311808.00
2016/09/23,22.72,23.63,22.64,23.11,46548904,1267272960.00
2016/09/26,23.11,23.33,22.20,22.30,35468325,941067456.00
2016/09/27,22.28,22.67,22.15,22.67,24670138,645857024.00
2016/09/28,22.64,22.64,22.12,22.18,19690868,513062720.00
2016/09/29,22.18,22.54,22.13,22.23,14561333,380151968.00
2016/09/30,22.13,22.61,22.06,22.39,15455919,404379744.00
2016/10/10,22.79,23.48,22.50,23.00,38040448,1024536064.00
2016/10/11,23.03,23.15,22.81,22.92,20531412,552049088.00
2016/10/12,22.80,23.39,22.74,23.15,25978955,705658304.00
2016/10/13,23.16,23.22,22.42,22.48,30764200,821095360.00
2016/10/14,22.48,22.83,21.93,22.82,30853667,806282240.00
2016/10/18,20.96,21.91,20.96,21.72,55562144,1393257856.00
2016/10/19,21.49,21.63,21.20,21.37,34856569,866545408.00
2016/10/20,21.38,21.45,21.02,21.12,23622626,580205504.00
2016/10/21,21.18,21.32,21.04,21.24,18403007,452755712.00
2016/10/24,21.22,21.38,21.04,21.29,16842893,415110112.00
2016/10/25,21.30,21.53,21.22,21.32,18696531,464287296.00
2016/10/26,21.35,21.49,21.26,21.29,14751149,366317504.00
2016/10/27,21.29,21.42,20.79,20.91,23411224,571899264.00
2016/10/28,20.89,20.99,20.49,20.57,21958519,525808288.00
2016/10/31,20.49,20.56,20.11,20.25,17712416,414618368.00
2016/11/01,20.33,20.61,20.26,20.50,12999965,307854592.00
2016/11/02,20.49,20.72,20.35,20.46,13936305,331207264.00
2016/11/03,20.46,20.60,20.28,20.48,14903612,352653600.00
2016/11/04,20.46,20.60,20.30,20.31,11693152,275805088.00
2016/11/07,20.34,20.35,20.13,20.19,11552433,269792064.00
2016/11/08,20.31,20.53,20.23,20.44,13086650,308304832.00
2016/11/09,20.46,20.82,20.29,20.71,28169510,671773184.00
2016/11/10,20.84,20.86,20.61,20.76,19101898,458701472.00
2016/11/11,20.75,20.75,20.50,20.66,16258130,387395360.00
2016/11/14,20.67,20.78,20.54,20.72,18213406,435404768.00
2016/11/15,20.72,20.75,20.57,20.74,11745636,280817664.00
2016/11/16,20.71,20.86,20.61,20.62,14739904,353794176.00
2016/11/17,20.59,20.59,20.32,20.35,13378481,315473504.00
2016/11/18,20.38,20.50,20.28,20.42,8927837,210385568.00
2016/11/21,20.39,20.41,20.24,20.31,9381136,220197440.00
2016/11/22,20.33,20.47,20.26,20.46,10237813,240808000.00
2016/11/23,20.48,20.49,20.23,20.24,13578520,318882656.00
2016/11/24,20.26,20.32,20.08,20.09,11969127,278630240.00
2016/11/25,20.13,20.40,19.86,20.37,17273265,403016128.00
2016/11/28,20.41,20.41,20.20,20.22,10504228,245952384.00
2016/11/29,20.29,20.48,20.22,20.22,13324871,313016768.00
2016/11/30,20.17,20.34,19.96,20.10,9546997,221936992.00
2016/12/01,20.05,20.15,19.96,20.01,10010625,231105872.00
2016/12/02,19.97,20.00,19.47,19.47,19562428,443321664.00
2016/12/05,19.28,19.62,19.25,19.37,8076277,179901648.00
2016/12/06,19.40,19.57,19.37,19.37,4834165,107968408.00
2016/12/07,19.42,19.56,19.38,19.51,6383102,142948336.00
2016/12/08,19.57,19.76,19.52,19.53,8209081,185138016.00
2016/12/09,19.49,19.55,19.36,19.47,5601246,125112960.00
2016/12/12,19.47,19.52,18.42,18.48,16881312,365670752.00
2016/12/13,18.43,18.68,18.42,18.59,7414597,157161648.00
2016/12/14,18.62,18.67,18.42,18.49,6487682,137219456.00
2016/12/15,18.45,18.76,18.43,18.58,6681268,142096784.00
2016/12/16,18.60,18.77,18.54,18.65,5942210,126738944.00
2016/12/19,18.57,18.69,18.42,18.48,7269068,153731200.00
2016/12/20,18.51,18.54,18.32,18.39,8228075,172490016.00
2016/12/21,18.11,18.49,17.80,18.46,13295084,276647264.00
2016/12/22,18.39,18.40,18.19,18.27,7193960,149650464.00
2016/12/23,18.26,18.46,17.96,18.33,10283084,213311440.00
2016/12/26,18.23,18.57,18.05,18.56,10450550,219200752.00
2016/12/27,18.53,18.58,18.41,18.42,6728128,141908576.00
2016/12/28,18.42,18.49,18.26,18.34,4662338,97663240.00
2016/12/29,18.64,19.09,18.49,18.73,17224073,371609632.00
2016/12/30,18.67,18.90,18.49,18.57,7753968,165397824.00
2017/01/03,18.64,18.76,18.49,18.60,7657499,162639264.00
2017/01/04,18.63,18.79,18.55,18.79,8495370,181508416.00
2017/01/05,18.78,18.79,18.68,18.72,5173290,110657920.00
2017/01/06,18.72,18.72,18.29,18.30,10182566,214110240.00
2017/01/09,18.29,18.45,18.11,18.32,6409604,133409880.00
2017/01/10,18.32,18.41,18.27,18.29,3496204,73029464.00
2017/01/11,18.20,18.36,18.05,18.08,6373115,131772968.00
2017/01/12,18.04,18.13,18.02,18.03,4020940,82598640.00
2017/01/13,18.04,18.09,17.84,17.85,5825509,118826112.00
2017/01/16,17.82,17.82,16.60,16.99,12046070,234876832.00
2017/01/17,17.03,17.19,16.76,17.12,6801278,130316704.00
2017/01/18,17.09,17.16,17.02,17.05,3529770,68089072.00
2017/01/19,17.02,17.16,16.92,17.08,3351494,64601276.00
2017/01/20,17.08,17.62,17.05,17.43,6801139,134171416.00
2017/01/23,17.45,17.56,17.42,17.46,4192301,82932352.00
2017/01/24,17.40,17.48,17.35,17.35,3091968,60868572.00
2017/01/25,17.28,17.67,17.28,17.49,4348979,86173248.00
2017/01/26,17.51,17.64,17.49,17.51,3487431,69277488.00
2017/02/03,17.52,19.03,17.42,18.30,12670998,264046960.00
2017/02/06,18.29,18.41,18.05,18.36,8129389,169322608.00
2017/02/07,18.28,18.56,18.22,18.37,8157477,170788128.00
2017/02/08,18.29,18.51,18.19,18.42,7652320,160427872.00
2017/02/09,18.57,18.76,18.49,18.49,11491795,244520192.00
2017/02/10,18.49,18.51,18.21,18.25,7696894,160729280.00
2017/02/13,18.24,18.43,18.21,18.32,5730566,119565328.00
2017/02/14,18.32,18.72,18.27,18.44,7166050,151270640.00
2017/02/15,18.53,18.57,18.09,18.16,6767173,141206912.00
2017/02/16,18.15,18.26,18.08,18.22,3801614,78644984.00
2017/02/17,18.25,18.36,18.06,18.09,5994440,124128880.00
2017/02/20,18.09,18.40,18.03,18.28,5480121,113611056.00
2017/02/21,18.25,18.57,18.24,18.46,10678710,224612832.00
2017/02/22,18.42,18.46,18.30,18.40,6816530,142781888.00
2017/02/23,18.39,18.57,18.32,18.57,9106978,191550112.00
2017/02/24,18.66,18.74,18.48,18.63,9803865,208377904.00
2017/02/27,18.72,18.72,18.27,18.31,8800529,185426208.00
2017/02/28,18.31,18.80,18.23,18.56,12342512,260671744.00
2017/03/01,18.48,18.72,18.39,18.49,8899199,187975984.00
2017/03/02,18.57,18.63,18.36,18.39,6609377,139374272.00
2017/03/03,18.39,18.39,18.19,18.29,5600955,116655184.00
2017/03/06,18.39,18.57,18.26,18.51,8902464,187957728.00
2017/03/07,18.57,18.76,18.49,18.72,13888344,295211296.00
2017/03/08,18.74,18.79,18.48,18.53,9573350,203543872.00
2017/03/09,18.49,18.52,18.34,18.39,5529710,116144304.00
2017/03/10,18.45,18.46,18.24,18.28,5116032,106906632.00
2017/03/13,18.26,18.44,18.19,18.37,5951941,124271208.00
2017/03/14,18.39,18.51,18.28,18.31,7092787,148732736.00
2017/03/15,18.32,18.43,18.25,18.40,6912311,144755152.00
2017/03/16,18.43,18.59,18.40,18.54,10638224,224688096.00
2017/03/17,18.52,18.60,18.16,18.16,12556622,263340432.00
2017/03/20,18.16,18.20,17.66,17.75,15621637,316203328.00
2017/03/21,17.74,17.74,17.40,17.42,15620436,310379520.00
2017/03/22,17.41,17.62,17.26,17.49,12518993,247571552.00
2017/03/23,17.49,17.60,17.39,17.50,6405709,127005856.00
2017/03/24,17.53,17.62,17.43,17.58,5700033,113045392.00
2017/03/27,17.61,17.69,17.41,17.42,7824881,154823232.00
2017/03/28,17.41,17.42,17.23,17.27,8043572,157315424.00
2017/03/29,17.26,17.34,16.97,17.00,9754222,189333392.00
2017/03/30,17.04,17.12,16.73,16.80,9694059,184210544.00
2017/03/31,16.81,16.95,16.81,16.88,4546147,86406296.00
2017/04/05,16.84,17.20,16.82,17.19,7766012,149840960.00
2017/04/06,17.19,17.49,17.11,17.46,9667616,189640544.00
2017/04/07,17.39,17.46,17.30,17.40,6477149,127228712.00
2017/04/10,17.39,17.40,17.02,17.10,6829464,132206472.00
2017/04/11,17.10,17.57,17.02,17.42,9748414,191144384.00
2017/04/12,17.42,17.42,17.23,17.29,4698672,91886384.00
2017/04/13,17.33,17.39,17.15,17.16,4531386,88285008.00
2017/04/14,17.12,17.17,16.88,16.90,6236114,119138440.00
2017/04/17,16.83,16.99,16.83,16.93,4232243,80575456.00
2017/04/18,17.01,17.01,16.78,16.78,4537630,86186296.00
2017/04/19,16.74,16.92,16.60,16.90,6081527,114327360.00
2017/04/20,16.95,16.96,16.61,16.78,5678601,106889928.00
2017/04/21,16.78,16.92,16.73,16.81,3859408,72947312.00
2017/04/24,17.02,17.40,16.92,17.15,17856507,346750368.00
2017/04/25,17.10,17.29,16.88,17.26,12876174,248136384.00
2017/04/26,17.21,17.30,17.09,17.12,8489594,164413456.00
2017/04/27,17.10,17.11,16.65,16.99,9870283,187299872.00
2017/04/28,16.92,17.07,16.86,16.99,6129435,116939608.00
2017/05/02,16.79,16.98,16.79,16.82,5914054,112048464.00
2017/05/03,16.80,16.97,16.69,16.89,7172841,135728416.00
2017/05/04,16.83,16.86,16.72,16.72,7017022,132377680.00
2017/05/05,16.69,16.72,16.49,16.49,6668228,124599128.00
2017/05/08,16.27,16.34,15.73,15.96,12128503,216347632.00
2017/05/09,15.89,15.96,14.93,15.36,16378948,279457440.00
2017/05/10,15.28,15.46,15.02,15.06,8491997,143877904.00
2017/05/11,15.03,15.15,14.60,15.04,10616571,174669296.00
2017/05/12,15.07,15.22,14.97,15.16,6792255,113461832.00
2017/05/15,15.92,15.99,15.30,15.32,10128645,175531136.00
2017/05/16,15.19,15.49,14.99,15.48,7071196,119388008.00
2017/05/17,15.42,15.54,15.32,15.37,6081943,104138880.00
2017/05/18,15.26,15.36,15.14,15.15,4486329,75666360.00
2017/05/19,15.17,16.44,15.13,16.44,34307231,615496512.00
2017/05/22,16.22,17.18,16.05,16.42,48635927,907304128.00
2017/05/23,15.88,15.96,15.42,15.42,24453327,424399008.00
2017/05/24,15.29,15.95,14.81,15.48,17591059,301386016.00
2017/05/25,15.40,15.98,15.18,15.73,17161473,296800032.00
2017/05/26,15.69,16.33,15.56,15.86,17576365,312983904.00
2017/05/31,15.99,16.12,15.78,15.96,10319384,182828560.00
2017/06/01,15.88,15.94,15.29,15.89,12192785,211389008.00
2017/06/02,15.76,15.97,15.44,15.89,9650150,169252640.00
2017/06/05,15.89,16.32,15.75,16.07,12878833,230121056.00
2017/06/06,15.96,15.98,15.80,15.93,9850801,174205248.00
2017/06/07,15.87,16.18,15.84,16.12,12027210,215508400.00
2017/06/08,16.09,16.18,15.94,15.98,8580318,153504608.00
2017/06/09,15.98,15.99,15.76,15.86,7061728,124374848.00
2017/06/12,15.75,15.80,15.48,15.50,7090781,123077248.00
2017/06/13,15.50,15.67,15.50,15.60,5695132,98629784.00
2017/06/14,15.60,15.66,15.54,15.56,4509000,78035976.00
2017/06/15,15.55,15.86,15.54,15.72,7966527,139202784.00
2017/06/16,15.75,15.80,15.61,15.64,4746940,82611528.00
2017/06/19,15.64,15.85,15.64,15.80,7557288,132292288.00
2017/06/20,15.85,16.00,15.80,15.82,9315311,164759968.00
2017/06/21,15.89,15.91,15.60,15.66,7961166,138650816.00
2017/06/22,15.66,15.81,15.43,15.52,7877035,137059712.00
2017/06/23,15.49,15.58,15.29,15.42,8605768,146913904.00
2017/06/26,15.44,15.69,15.43,15.53,7028333,121204048.00
2017/06/27,15.56,15.63,15.46,15.48,7707635,132848488.00
2017/06/28,15.49,15.58,15.41,15.52,5164938,88721048.00
2017/06/29,15.55,15.95,15.48,15.75,14680523,256405120.00
2017/06/30,15.69,15.76,15.47,15.61,9135004,158291040.00
2017/07/03,15.61,15.79,15.52,15.77,8697587,151566800.00
2017/07/04,15.76,15.89,15.72,15.79,8191311,143930576.00
2017/07/05,15.77,15.89,15.71,15.86,10166541,178715376.00
2017/07/06,15.77,15.83,15.60,15.68,12269578,213651328.00
2017/07/07,15.71,15.89,15.66,15.85,10749806,188769024.00
2017/07/10,15.79,16.02,15.73,15.91,13574985,240619120.00
2017/07/11,15.86,15.94,15.69,15.72,8876680,156203552.00
2017/07/12,15.72,16.07,15.56,16.06,14927327,263741472.00
2017/07/13,16.21,16.35,15.96,15.99,16903082,304128864.00
2017/07/14,15.82,15.86,15.45,15.49,21162652,365722752.00
2017/07/17,15.36,15.45,14.82,15.02,17554467,293839328.00
2017/07/18,14.98,15.12,14.83,15.01,12382824,204290320.00
2017/07/27,15.12,16.57,15.12,16.57,29458251,474663168.00
2017/07/28,16.87,17.34,16.55,16.73,39449921,670500736.00
2017/07/31,16.52,16.72,16.28,16.65,19610830,325694432.00
2017/08/01,16.61,16.61,16.32,16.45,13834483,228867424.00
2017/08/02,16.30,16.37,16.05,16.06,15142626,246296208.00
2017/08/03,15.90,16.18,15.63,15.79,21253947,339658240.00
2017/08/04,15.84,16.09,15.76,15.84,13870975,222422048.00
2017/08/07,15.85,16.31,15.82,16.10,15089076,245284432.00
2017/08/08,16.08,16.18,15.87,16.18,12476493,201099776.00
2017/08/09,16.12,16.30,16.00,16.05,10153021,164627808.00
2017/08/10,16.00,16.15,15.78,15.86,9840029,157705664.00
2017/08/11,15.81,16.02,15.61,15.65,10878303,173014624.00
2017/08/14,15.63,16.28,15.63,16.15,18229451,295128608.00
2017/08/15,16.11,16.34,16.02,16.14,12633197,205333744.00
2017/08/16,16.06,16.63,16.02,16.48,25863417,426507040.00
2017/08/17,16.40,17.51,16.32,16.81,42120475,714124800.00
2017/08/18,16.67,17.16,16.58,16.74,22876513,388311104.00
2017/08/21,16.86,17.30,16.70,16.92,22481686,384028224.00
2017/08/22,17.05,17.10,16.56,16.88,19968165,336884864.00
2017/08/23,16.89,18.40,16.60,17.70,69858863,1230097920.00
2017/08/24,17.47,17.58,17.11,17.25,31966537,556934272.00
2017/08/25,17.25,17.52,17.02,17.48,28695627,499012160.00
2017/08/28,17.57,17.96,17.27,17.67,36743264,652810112.00
2017/08/29,17.58,17.69,17.35,17.49,18961659,333501088.00
2017/08/30,17.42,17.66,17.35,17.44,17164064,301728928.00
2017/08/31,17.43,17.50,17.14,17.30,18590044,323729440.00
2017/09/01,17.30,17.78,17.17,17.65,28016665,492873504.00
2017/09/04,17.66,18.90,17.59,18.49,67322290,1242451584.00
2017/09/05,18.58,18.83,18.31,18.43,35857574,666566400.00
2017/09/06,18.32,18.64,18.13,18.61,33575988,621415872.00
2017/09/07,18.95,19.12,18.25,18.25,40707412,760515712.00
2017/09/08,18.25,18.37,17.85,18.04,25576628,464064224.00
2017/09/11,18.90,19.09,18.07,18.10,39764947,737006528.00
2017/09/12,18.16,19.92,18.12,19.79,151616756,2966451968.00
2017/09/13,19.80,19.89,19.10,19.43,80142048,1564653824.00
2017/09/14,19.48,20.25,19.33,19.79,93461206,1862035712.00
2017/09/15,19.50,20.06,19.38,19.69,49024134,969201664.00
2017/09/18,20.28,20.48,19.81,20.00,66267736,1339792896.00
2017/09/19,19.92,20.40,19.39,19.65,57771924,1145090688.00
2017/09/20,19.61,20.38,19.42,20.18,57854652,1161965824.00
2017/09/21,20.23,20.38,19.45,19.60,47351883,944486208.00
2017/09/22,19.60,19.78,18.96,19.10,36434311,707259776.00
2017/09/25,19.18,19.37,18.74,18.76,24345260,466057728.00
2017/09/26,18.70,18.88,18.56,18.84,19159807,360091776.00
2017/09/27,18.80,19.23,18.66,19.04,22742100,434456544.00
2017/09/28,18.96,19.73,18.94,19.15,34853178,678201152.00
2017/09/29,19.13,19.26,19.02,19.09,20694186,397701792.00
2017/10/09,19.56,19.79,19.35,19.52,29359689,577143424.00
2017/10/10,19.50,20.79,19.45,20.21,55348313,1124485888.00
2017/10/11,20.09,20.30,19.51,19.54,39910629,796674560.00
2017/10/12,19.53,19.97,19.48,19.58,21144217,418956640.00
2017/10/13,19.52,19.76,19.36,19.46,18520570,363406240.00
2017/10/16,19.58,19.74,18.93,18.93,24432937,475139808.00
2017/10/17,18.93,19.00,18.44,18.47,22914322,430153184.00
2017/10/18,18.53,18.74,18.11,18.25,17948982,332462016.00
2017/10/19,18.21,18.39,17.88,17.97,16941403,307442144.00
2017/10/20,18.02,18.39,17.90,18.38,12106443,221683760.00
2017/10/23,18.38,18.74,18.23,18.56,14274346,264712832.00
2017/10/24,18.48,18.48,18.02,18.20,13173840,241393264.00
2017/10/25,18.12,18.44,18.12,18.33,10016302,184434384.00
2017/10/26,18.33,18.64,18.22,18.45,13922105,258472496.00
2017/10/27,18.47,18.57,18.10,18.13,11747545,215609232.00
2017/10/30,18.15,18.38,17.59,17.75,20175699,361737920.00
2017/10/31,17.76,17.84,17.36,17.63,13438371,237862912.00
2017/11/01,17.67,18.28,17.63,17.93,17027960,307948384.00
2017/11/02,18.00,18.40,17.80,18.27,17790604,325123840.00
2017/11/03,18.40,18.59,18.10,18.20,20327515,375261952.00
2017/11/06,18.09,18.65,18.06,18.48,16343597,302588096.00
2017/11/07,18.49,19.25,18.49,19.19,33491487,637836288.00
2017/11/08,19.23,19.34,18.84,19.09,26953907,517067232.00
2017/11/09,19.00,19.27,18.81,19.09,21153566,405745888.00
2017/11/10,18.95,19.67,18.95,19.24,28436532,552815488.00
2017/11/13,19.18,20.18,18.99,20.01,49129863,969488256.00
2017/11/14,20.10,21.91,20.00,21.27,111579759,2361660416.00
2017/11/15,21.55,21.67,20.50,20.89,67287414,1426835328.00
2017/11/16,21.15,21.64,20.63,21.03,65089700,1383725440.00
2017/11/17,21.25,21.65,20.15,20.38,73314282,1553298432.00
2017/11/20,20.40,22.29,20.25,22.21,94022495,2013357696.00
2017/11/21,21.93,22.59,21.55,22.26,99227176,2199561728.00
2017/11/22,22.03,23.09,21.27,21.64,94711145,2112624000.00
2017/11/23,21.39,21.51,20.20,20.20,60695468,1279063168.00
2017/11/24,20.05,20.54,19.30,19.49,46802190,942704128.00
2017/11/27,19.73,19.94,18.30,18.75,45960612,891944320.00
2017/11/28,18.77,19.57,18.71,19.39,37395246,718400128.00
2017/11/29,19.30,19.40,18.48,18.92,38164902,723519936.00
2017/11/30,18.71,19.10,18.52,18.67,28632754,539583040.00
2017/12/01,18.53,19.24,18.50,19.02,31270473,597728320.00
2017/12/04,19.10,19.18,18.60,18.81,24680172,467505568.00
2017/12/05,18.70,18.89,17.40,17.70,44579903,806639616.00
2017/12/06,17.70,18.22,17.42,18.19,28068846,504163040.00
2017/12/07,18.15,18.35,17.92,17.96,20413247,372051776.00
2017/12/08,17.87,18.52,17.81,18.37,29010896,534852480.00
2017/12/11,19.36,19.85,19.07,19.30,56604902,1103830528.00
2017/12/12,19.39,19.65,19.14,19.28,35548156,692929600.00
2017/12/13,18.95,19.23,18.81,19.18,23951101,457692896.00
2017/12/14,19.09,19.69,19.04,19.63,34799426,680056640.00
2017/12/15,19.63,20.05,19.46,19.47,38147263,757376448.00
2017/12/18,19.69,19.84,18.80,18.86,27019437,520649504.00
2017/12/19,18.91,19.88,18.91,19.86,36693885,718597248.00
2017/12/20,19.78,20.15,19.61,19.91,36725182,733388672.00
2017/12/21,19.70,20.37,19.55,20.11,36093514,726244864.00
2017/12/22,20.10,20.31,19.69,19.85,26859312,538585472.00
2017/12/25,19.62,20.03,19.35,19.42,24259267,478470560.00
2017/12/26,19.48,20.10,19.21,20.09,29889842,591025856.00
2017/12/27,20.08,20.28,19.62,19.62,29186129,585572288.00
2017/12/28,19.48,20.03,19.35,19.39,25475045,502650656.00
2017/12/29,19.36,19.89,19.30,19.78,21437002,423563936.00
2018/01/02,19.90,20.17,19.72,20.09,33070179,664287872.00
2018/01/03,20.05,20.30,19.85,20.08,36195810,730119424.00
2018/01/04,20.08,20.25,19.73,19.83,31837088,639534784.00
2018/01/05,19.85,20.09,19.58,19.58,27270764,542446848.00
2018/01/08,19.32,19.38,18.40,18.69,48366603,909835904.00
2018/01/09,18.62,18.65,18.42,18.60,18960779,353137088.00
2018/01/10,18.67,19.05,18.47,18.84,26282609,496544384.00
2018/01/11,18.62,18.98,18.08,18.94,34794156,651000256.00
2018/01/12,18.85,18.96,18.33,18.38,23762142,444557408.00
2018/01/15,18.20,18.20,17.45,17.57,32759482,585208128.00
2018/01/16,17.54,17.72,16.80,16.94,41825405,720294976.00
2018/01/17,16.82,17.13,16.46,16.95,25484400,430593984.00
2018/01/18,16.83,16.99,16.75,16.82,12165304,206237552.00
2018/01/19,16.87,17.15,16.81,16.89,14703431,251083136.00
2018/01/22,16.83,17.24,16.54,17.10,18830745,322275648.00
2018/01/23,17.05,17.54,16.98,17.29,17263203,299057024.00
2018/01/24,17.24,17.63,17.02,17.57,20789765,363390080.00
2018/01/25,17.40,17.70,17.23,17.24,17784099,312213120.00
2018/01/26,17.19,17.50,16.99,17.26,17455319,302288992.00
2018/01/29,17.11,17.18,16.67,16.69,18780496,318788160.00
2018/01/30,16.63,17.03,16.59,16.80,11435834,193411648.00
2018/01/31,17.00,17.07,16.57,16.78,13722151,232478784.00
2018/02/01,16.80,16.97,15.60,15.92,20351000,333510208.00
2018/02/02,15.90,16.31,15.72,16.15,11763464,190690992.00
2018/02/05,15.89,16.21,15.76,16.10,8308124,133968464.00
2018/02/06,15.70,16.01,15.10,15.63,19596229,307964448.00
2018/02/07,15.85,15.99,15.28,15.73,15672012,248416080.00
2018/02/08,15.70,16.19,15.65,16.18,13532164,217720208.00
2018/02/09,15.65,16.04,15.52,15.73,14810052,235444432.00
2018/02/12,15.89,16.44,15.85,16.26,12879307,210276864.00
2018/02/13,16.51,17.90,16.32,17.15,38431714,666865536.00
2018/02/14,17.30,17.30,16.77,17.03,13511164,231218416.00
2018/02/22,17.15,17.64,17.06,17.27,15485589,270312256.00
2018/02/23,17.27,17.48,17.14,17.31,14139510,246675920.00
2018/02/26,17.65,17.95,17.31,17.70,30455694,540861888.00
2018/02/27,17.96,19.16,17.96,18.60,59850877,1117490688.00
2018/02/28,18.25,19.00,18.19,18.62,40535782,760470080.00
2018/03/01,18.61,20.49,18.56,20.49,88696634,1765288320.00
2018/03/02,21.21,21.35,20.00,20.11,106298636,2209201408.00
2018/03/05,20.40,21.08,20.06,21.00,72585451,1497209088.00
2018/03/06,20.84,20.84,20.05,20.40,59746858,1228019712.00
2018/03/07,20.34,20.83,20.07,20.52,45972584,944493248.00
2018/03/08,20.30,21.40,20.24,20.96,79140994,1669792256.00
2018/03/09,20.81,21.64,20.72,20.80,78134515,1660818304.00
2018/03/12,21.00,22.13,20.89,21.45,82225752,1776710656.00
2018/03/13,21.27,22.19,21.07,21.15,74182886,1614810496.00
2018/03/14,20.90,21.35,19.90,20.00,70995862,1467383808.00
2018/03/15,20.09,20.48,19.75,20.40,45633719,925454016.00
2018/03/16,20.33,20.72,20.05,20.15,41113758,841230592.00
2018/03/19,20.30,21.55,19.97,21.00,63417401,1337338624.00
2018/03/20,20.91,22.10,20.82,22.04,72734750,1575757824.00
2018/03/21,21.98,22.09,21.22,21.31,53595817,1169493760.00
2018/03/22,21.43,21.92,21.08,21.10,49655109,1073954304.00
2018/03/23,19.99,21.10,19.75,20.28,56272574,1145749120.00
2018/03/26,20.20,22.32,20.20,22.32,79391633,1708892288.00
2018/03/27,23.01,24.56,22.40,24.30,140468997,3304468992.00
2018/03/28,23.59,24.25,23.50,23.79,87101674,2086451200.00
2018/03/29,24.09,24.45,23.06,23.82,75749624,1807933056.00
2018/03/30,24.30,24.85,23.95,24.53,81688394,2007224448.00
2018/04/02,24.60,24.85,23.73,23.75,79076925,1924725248.00
2018/04/03,23.20,23.69,22.43,23.63,73261888,1694491008.00
2018/04/04,23.40,23.50,22.61,22.90,51235083,1184758528.00
2018/04/09,22.76,24.09,22.38,23.58,65124362,1530816896.00
2018/04/10,23.42,23.50,22.60,23.22,45504437,1050664960.00
2018/04/11,23.18,24.03,23.09,23.30,47688651,1131484416.00
2018/04/12,23.30,23.58,22.80,22.89,30374675,705795328.00
2018/04/13,23.15,23.80,22.83,23.36,38199912,897286016.00
2018/04/16,23.05,25.71,22.95,25.71,112469888,2807886592.00
2018/04/17,25.61,25.90,24.21,24.92,80696211,2033991168.00
2018/04/18,24.83,27.04,24.40,26.49,96955024,2501017344.00
2018/04/19,25.90,26.65,25.42,25.94,78932530,2059165696.00
2018/04/20,25.56,25.99,24.70,24.98,48560164,1233226240.00
2018/04/23,25.25,25.33,22.47,22.48,85687358,2022857728.00
2018/04/24,22.34,23.48,21.63,23.34,64962889,1471855616.00
2018/04/25,22.93,23.65,22.65,22.75,54945084,1275073664.00
2018/04/26,22.73,24.00,22.64,23.09,68443764,1610258816.00
2018/04/27,23.26,23.36,21.62,23.05,53184377,1204073088.00
2018/05/02,23.30,24.78,23.25,23.83,62572517,1511126016.00
2018/05/03,24.05,24.86,22.61,24.86,62745824,1512528768.00
2018/05/04,24.50,25.89,24.48,24.85,60088610,1523410304.00
2018/05/07,24.96,25.56,24.61,25.10,44411504,1118310784.00
2018/05/08,24.90,25.30,24.41,25.19,42135453,1048134592.00
2018/05/09,25.00,25.60,24.69,25.00,32174079,813181312.00
2018/05/10,24.98,25.06,23.75,24.09,38054761,930935168.00
2018/05/11,24.06,24.99,23.82,24.12,36759414,900205312.00
2018/05/14,24.05,24.22,22.69,22.97,52828827,1235025536.00
2018/05/15,23.03,23.31,22.51,23.28,38935691,898443200.00
2018/05/16,23.20,23.56,22.81,22.90,30967280,720117696.00
2018/05/17,22.85,23.31,22.73,23.09,24889645,576543936.00
2018/05/18,23.05,23.21,22.19,22.70,31270535,709761856.00
2018/05/21,22.93,24.01,22.93,23.89,48984347,1159546112.00
2018/05/22,23.84,24.12,23.64,23.94,28220809,675486656.00
2018/05/23,23.93,25.32,23.73,24.36,61379285,1512368128.00
2018/05/24,24.47,24.87,24.17,24.57,35540931,876131264.00
2018/05/25,24.47,24.47,23.29,23.29,34233729,811911424.00
2018/05/28,22.94,23.69,22.85,22.94,22900727,533252032.00
2018/05/29,23.13,23.35,22.04,22.74,32645114,743650944.00
2018/05/30,22.49,23.18,22.09,22.11,28601580,649735232.00
2018/05/31,22.44,22.54,21.25,21.98,33382968,731018624.00
2018/06/01,21.84,21.91,21.12,21.30,22824388,491684352.00
2018/06/04,21.54,21.81,20.91,21.37,24256364,521221152.00
2018/06/05,21.51,22.59,21.34,22.54,31292506,693646592.00
2018/06/06,22.74,23.03,22.20,22.82,29800223,677945920.00
2018/06/07,22.94,23.02,22.44,22.70,18953801,431628736.00
2018/06/08,22.70,23.69,22.36,23.30,39252198,913734784.00
2018/06/11,23.24,23.40,22.43,22.56,28215174,646187648.00
2018/06/12,22.70,23.61,22.22,23.54,37276820,861416192.00
2018/06/13,23.34,23.87,23.13,23.27,31695790,746221120.00
2018/06/14,23.26,23.92,23.17,23.60,38394982,908262784.00
2018/06/15,23.53,23.53,21.23,21.76,59651785,1309174272.00
2018/06/19,20.95,21.74,19.58,19.69,36546403,751542272.00
2018/06/20,19.62,20.40,19.37,20.09,26687924,533385600.00
2018/06/21,20.01,20.29,18.74,19.01,33308756,648531008.00
2018/06/22,18.92,20.00,18.74,19.56,27958746,546594816.00
2018/06/25,19.74,20.23,19.60,19.63,26405041,527047936.00
2018/06/26,19.39,21.60,19.21,21.23,47145784,983163328.00
2018/06/27,21.42,22.68,21.20,21.90,47981546,1054959488.00
2018/06/28,21.75,22.47,21.70,21.71,29176893,644956864.00
2018/06/29,22.02,23.86,22.02,23.79,51945775,1203006208.00
2018/07/02,23.79,24.31,23.31,23.94,46379266,1107798784.00
2018/07/03,23.74,25.82,23.37,24.81,55571546,1366624640.00
2018/07/04,24.22,25.11,23.87,24.36,40713692,997285952.00
2018/07/05,24.19,25.68,23.62,24.19,43283708,1070699072.00
2018/07/06,24.33,25.43,23.69,23.94,57357707,1413926400.00
2018/07/09,24.04,25.54,23.74,25.33,56165901,1403220608.00
2018/07/10,24.95,25.12,24.59,24.95,36275206,903818560.00
2018/07/11,24.34,25.08,23.48,24.44,45656455,1115293824.00
2018/07/12,24.22,25.92,24.16,25.53,67653943,1721730688.00
2018/07/13,25.34,25.69,24.95,25.40,34280865,869891520.00
2018/07/16,25.67,26.48,25.19,25.74,52665682,1367297664.00
2018/07/17,25.38,25.62,24.36,25.52,43241007,1081714176.00
2018/07/18,25.33,25.54,24.53,24.55,30216225,754763968.00
2018/07/19,24.49,25.06,24.36,24.86,27541694,683467840.00
2018/07/20,24.74,27.35,24.59,27.35,99590134,2650164224.00
2018/07/23,27.15,27.58,26.74,27.49,66095811,1806191744.00
2018/07/24,27.44,27.89,26.56,27.59,61816279,1692452992.00
2018/07/25,27.24,28.45,26.94,27.35,56243984,1562131712.00
2018/07/26,27.14,27.30,25.75,25.94,53628982,1412509568.00
2018/07/27,25.84,26.09,24.99,25.57,40178784,1029505600.00
2018/07/30,25.54,26.00,25.10,25.94,30698882,789665088.00
2018/07/31,25.74,25.90,24.78,25.08,33833253,854296192.00
2018/08/01,25.32,26.56,25.24,25.24,45862227,1187729536.00
2018/08/02,25.54,25.65,23.96,25.32,43067699,1074534528.00
2018/08/03,25.32,25.44,24.32,24.33,34381875,857213824.00
2018/08/06,24.39,25.12,23.97,24.74,36411376,901594816.00
2018/08/07,24.71,26.82,24.39,26.52,63503222,1635803904.00
2018/08/08,26.13,27.09,25.99,26.08,47898030,1270482688.00
2018/08/09,25.95,28.63,25.92,28.17,77713330,2155930368.00
2018/08/10,28.04,28.29,27.62,28.20,56021861,1571961472.00
2018/08/13,27.86,29.38,27.53,28.75,75943585,2158054144.00
2018/08/14,28.14,28.28,27.30,27.54,55769514,1546822272.00
2018/08/15,27.50,27.98,26.99,27.36,45692831,1257724416.00
2018/08/16,26.74,27.72,26.44,26.76,43165558,1170349696.00
2018/08/17,27.25,27.41,25.44,25.44,46732400,1235594880.00
2018/08/20,25.45,26.42,24.71,26.13,42773527,1095765760.00
2018/08/21,26.26,26.64,25.71,26.33,39018442,1026928128.00
2018/08/22,26.14,26.64,25.34,25.67,27693084,720862528.00
2018/08/23,25.89,27.05,25.75,26.41,46398701,1233480576.00
2018/08/24,26.17,27.02,26.08,26.75,36670130,982494848.00
2018/08/27,26.64,27.91,26.64,27.58,42317487,1165117824.00
2018/08/28,27.56,28.12,27.28,27.63,36989802,1025159808.00
2018/08/29,28.04,28.04,26.84,26.97,37851003,1030665984.00
2018/08/30,27.04,27.04,25.85,26.14,39525941,1044002240.00
2018/08/31,26.04,26.62,25.88,26.07,28594578,752273344.00
2018/09/03,26.01,27.43,25.30,27.41,51679790,1365460224.00
2018/09/04,27.26,28.39,27.11,27.70,60014714,1661095168.00
2018/09/05,27.53,27.99,27.24,27.29,38345786,1060118784.00
2018/09/06,27.24,27.97,27.16,27.59,41346241,1143497600.00
2018/09/07,27.37,28.52,25.64,25.96,80476408,2181436416.00
2018/09/10,25.63,26.04,24.94,25.65,49568159,1265499648.00
2018/09/11,25.62,26.41,25.45,26.30,35655091,930527424.00
2018/09/12,26.17,26.50,25.51,25.83,28336111,738622400.00
2018/09/13,26.19,26.44,24.94,25.90,47646061,1228706432.00
2018/09/14,25.84,25.84,23.41,23.54,66178992,1624885120.00
2018/09/17,22.95,23.49,22.76,23.12,36591324,848992832.00
2018/09/18,23.10,23.80,23.05,23.77,33000565,776054976.00
2018/09/19,23.64,24.59,23.44,24.07,37258662,897735296.00
2018/09/20,24.03,24.44,23.64,23.99,24695330,594088576.00
2018/09/21,24.03,24.19,23.25,24.15,35345659,843047744.00
2018/09/25,23.96,24.69,23.85,24.36,33571743,820939264.00
2018/09/26,24.19,24.65,23.92,24.39,25980368,632565568.00
2018/09/27,24.43,24.89,24.22,24.29,27381653,674023104.00
2018/09/28,24.59,24.59,23.29,24.02,26076523,624000768.00
2018/10/08,23.14,23.14,22.01,22.34,30230546,689264128.00
2018/10/09,22.44,22.77,21.62,22.21,27043703,599069504.00
2018/10/10,22.24,22.74,21.69,22.43,24936665,557155008.00
2018/10/11,21.34,21.59,20.18,20.18,41158045,859471424.00
2018/10/12,19.89,20.78,19.40,20.42,34776147,701590400.00
2018/10/15,20.42,20.42,18.37,18.37,79038595,1522817792.00
2018/10/16,18.00,18.33,17.26,17.63,60579920,1084114944.00
2018/10/17,18.09,18.49,17.54,18.32,61333085,1116774528.00
2018/10/18,18.05,18.51,17.71,18.11,42409419,772167424.00
2018/10/19,17.56,19.23,17.56,19.02,53776081,1007212224.00
2018/10/22,19.44,20.52,19.08,20.02,71395293,1423171968.00
2018/10/23,19.94,20.08,19.04,19.22,44491361,869884992.00
2018/10/24,19.15,19.43,18.52,18.88,34776453,660257216.00
2018/10/25,17.94,18.10,16.99,17.58,73288161,1283957120.00
2018/10/26,17.89,18.13,17.20,17.59,41977862,745758400.00
2018/10/29,17.54,17.84,16.82,17.30,33969821,592719936.00
2018/10/30,17.54,18.10,16.85,17.92,50491319,891944704.00
2018/10/31,17.99,18.38,17.66,18.06,46731538,843268992.00
2018/11/01,18.75,19.36,18.57,18.76,75515321,1429124480.00
2018/11/02,19.44,19.63,18.85,19.45,68417287,1321633664.00
2018/11/05,19.19,19.59,18.70,19.25,48486113,932855872.00
2018/11/06,19.03,19.12,18.58,18.94,31724487,598288000.00
2018/11/07,18.90,19.89,18.89,19.34,64489117,1260016256.00
2018/11/08,19.63,19.68,18.69,18.80,44277607,848376640.00
2018/11/09,18.60,19.25,18.50,18.91,32169777,611676352.00
2018/11/12,18.74,19.64,18.62,19.64,48649225,941101120.00
2018/11/13,19.32,19.68,19.11,19.52,48531537,945412992.00
2018/11/14,19.44,19.91,19.11,19.76,53677917,1049139136.00
2018/11/15,19.62,20.22,19.39,20.14,57813957,1150473088.00
2018/11/16,20.24,20.88,20.04,20.26,58069539,1186449152.00
2018/11/19,20.09,20.29,19.83,20.03,34339677,688333632.00
2018/11/20,19.76,19.98,19.14,19.24,37665669,741012480.00
2018/11/21,18.80,18.97,18.16,18.60,51854485,965526208.00
2018/11/22,18.65,18.77,18.32,18.50,28054982,521402304.00
2018/11/23,18.49,18.58,17.64,17.71,39141409,704881536.00
2018/11/26,17.59,17.86,17.22,17.45,30735914,539777408.00
2018/11/27,17.59,17.99,17.55,17.80,31591177,563245696.00
2018/11/28,17.78,18.19,17.40,18.18,36292286,650606528.00
2018/11/29,18.29,18.34,17.48,17.50,38536510,690516096.00
2018/11/30,17.38,17.66,17.07,17.50,29556889,514592256.00
2018/12/03,18.14,18.60,17.97,18.44,56309606,1032329984.00
2018/12/04,18.32,18.43,18.10,18.26,32228186,590208704.00
2018/12/05,17.84,18.14,17.64,18.04,28945263,519097056.00
2018/12/06,17.71,18.06,17.51,17.71,30583675,544040128.00
2018/12/07,17.92,17.92,17.60,17.64,18314096,326039776.00
2018/12/10,17.39,17.52,17.20,17.30,20393678,355221024.00
2018/12/11,17.39,17.47,17.25,17.43,15572490,271143360.00
2018/12/12,17.48,17.54,17.31,17.34,14353995,250574144.00
2018/12/13,17.42,18.09,17.21,18.03,50741335,905804608.00
2018/12/14,17.93,17.94,17.32,17.37,35681539,631727296.00
2018/12/17,17.24,17.50,17.09,17.46,22124552,383780544.00
2018/12/18,17.30,17.55,17.15,17.23,21938552,381296192.00
2018/12/19,17.43,17.43,17.20,17.27,15978762,277152416.00
2018/12/20,17.18,17.47,17.13,17.42,24450243,424635296.00
2018/12/21,17.28,17.64,17.28,17.55,30725318,539097728.00
2018/12/24,17.53,17.89,17.45,17.86,30656438,545206144.00
2018/12/25,17.63,17.84,17.05,17.71,38015863,664473792.00
2018/12/26,17.54,17.99,17.36,17.62,37999982,676509632.00
2018/12/27,17.92,18.00,16.94,16.99,45424362,800187008.00
2018/12/28,17.01,17.02,15.55,15.86,59520374,959200768.00
2019/01/02,15.86,15.91,15.54,15.78,25345833,400584384.00
2019/01/03,15.77,16.00,15.46,15.47,23832526,376197376.00
2019/01/04,15.23,16.17,15.15,16.10,35398548,561582528.00
2019/01/07,16.11,16.49,16.04,16.41,35940370,588348544.00
2019/01/08,16.34,16.46,16.08,16.19,21753796,354714528.00
2019/01/09,16.24,16.67,16.08,16.28,30618601,503484512.00
2019/01/10,16.22,16.37,15.85,15.91,24211296,392819680.00
2019/01/11,15.94,16.25,15.87,16.05,22511473,362630176.00
2019/01/14,16.07,16.09,15.69,15.74,17338133,275517408.00
2019/01/15,15.74,16.31,15.66,16.27,30552218,492340544.00
2019/01/16,16.27,17.29,16.20,16.54,55130119,928225088.00
2019/01/17,16.53,16.65,16.25,16.30,24719743,406858368.00
2019/01/18,16.30,16.41,16.02,16.37,22220963,362572928.00
2019/01/21,16.38,16.78,16.25,16.66,29537300,491603936.00
2019/01/22,16.59,16.63,16.22,16.35,20827231,342985504.00
2019/01/23,16.27,16.32,16.09,16.20,12896469,209588000.00
2019/01/24,16.24,17.04,16.14,16.66,52003420,872082880.00
2019/01/25,16.61,16.91,16.44,16.65,33583097,562107456.00
2019/01/28,16.83,17.11,16.64,16.75,32690896,553521792.00
2019/01/29,16.67,16.79,16.07,16.55,29828707,492466496.00
2019/01/30,16.58,16.96,16.47,16.65,30358999,510767584.00
2019/01/31,17.29,17.44,16.87,16.89,49777620,854693888.00
2019/02/01,17.06,17.98,16.94,17.87,52508162,921579136.00
2019/02/11,18.01,18.94,18.01,18.76,67751159,1256614016.00
2019/02/12,18.72,19.09,18.64,18.91,51722449,979438656.00
2019/02/13,18.91,19.52,18.80,19.27,57085662,1101022464.00
2019/02/14,19.24,19.49,18.98,19.25,39761674,767568128.00
2019/02/15,19.15,19.89,19.02,19.03,50806292,990977920.00
2019/02/18,19.44,20.11,19.19,20.11,61336132,1211498496.00
2019/02/19,20.13,20.82,19.70,20.05,70611647,1421871488.00
2019/02/20,19.94,20.02,19.34,19.77,45492911,897772416.00
2019/02/21,19.64,20.31,19.46,19.69,52531926,1047708160.00
2019/02/22,19.58,20.44,19.54,20.43,57696145,1157065984.00
2019/02/25,21.24,22.44,20.82,22.25,97830837,2118011648.00
2019/02/26,22.44,22.80,21.26,21.83,77062570,1705263872.00
2019/02/27,21.74,22.49,21.17,21.60,60511621,1324577664.00
2019/02/28,21.50,21.82,20.96,21.46,43236871,925952576.00
2019/03/01,21.67,21.73,21.04,21.49,35328506,755792640.00
2019/03/04,23.34,23.65,22.21,23.65,150320913,3495555328.00
2019/03/05,23.66,25.44,23.35,25.03,131959889,3248447232.00
2019/03/06,26.24,27.54,25.31,27.54,162258985,4248887808.00
2019/03/07,27.76,30.27,26.90,29.12,178351865,5099784704.00
2019/03/08,27.06,29.44,26.20,26.34,176756520,4917458944.00
2019/03/11,27.54,27.93,25.11,26.90,128058280,3425819648.00
2019/03/12,27.04,27.99,26.74,27.92,131577235,3627215872.00
2019/03/13,27.24,27.24,25.12,25.24,130030525,3396774144.00
2019/03/14,24.84,25.32,23.60,24.30,85037230,2068175232.00
2019/03/15,24.64,24.74,23.89,24.03,58724791,1428390144.00
2019/03/18,24.34,24.85,24.15,24.84,67962915,1673903360.00
2019/03/19,24.99,26.13,24.69,25.19,88098621,2247142144.00
2019/03/20,25.39,25.39,24.25,24.89,58722246,1458813312.00
2019/03/21,25.24,25.92,24.95,25.56,92189420,2366475776.00
2019/03/22,25.39,25.50,24.51,25.12,60792822,1523813888.00
2019/03/25,24.74,25.74,24.12,25.13,83118517,2091749888.00
2019/03/26,25.36,25.92,24.62,24.92,88195414,2244634368.00
2019/03/27,25.20,25.21,22.84,23.74,75864517,1813893248.00
2019/03/28,23.43,24.24,23.21,23.72,44271128,1057912896.00
2019/03/29,23.99,25.26,23.17,24.94,82734003,2019406208.00
2019/04/01,25.44,27.34,25.36,26.90,109691935,2918667776.00
2019/04/02,26.38,27.24,26.28,26.47,95749472,2572393728.00
2019/04/03,26.53,26.79,26.12,26.66,58111608,1541428480.00
2019/04/04,26.69,27.13,26.12,26.60,69422034,1855393408.00
2019/04/08,26.60,26.69,24.94,25.39,72359626,1860934656.00
2019/04/09,25.60,25.93,25.20,25.67,39758984,1021484096.00
2019/04/10,25.44,25.82,24.85,25.48,44566337,1133734656.00
2019/04/11,25.54,25.62,24.24,24.33,44499564,1103827712.00
2019/04/12,24.36,24.74,24.32,24.57,23152339,568520448.00
2019/04/15,25.43,27.03,25.43,25.74,126201670,3345279744.00
2019/04/16,25.72,28.20,25.47,27.56,133980110,3622136576.00
2019/04/17,27.27,27.50,26.57,26.93,90733334,2449904384.00
2019/04/18,26.69,27.39,26.57,26.83,58264281,1573972352.00
2019/04/19,26.91,27.39,26.73,27.09,46162748,1250831232.00
2019/04/22,27.12,27.52,26.15,26.95,63278934,1706823936.00
2019/04/23,26.53,26.60,25.66,25.96,51206145,1337852928.00
2019/04/24,26.19,28.56,25.80,28.56,75566114,2078657152.00
2019/04/25,29.24,29.92,28.09,28.19,155063693,4527818752.00
2019/04/26,28.75,30.82,28.30,29.03,154681129,4560108032.00
2019/04/29,29.41,29.64,26.12,26.12,124556845,3387790848.00
2019/04/30,25.70,26.85,24.90,25.49,76122749,1970916224.00
2019/05/06,24.16,24.68,22.94,22.94,85073413,2006181248.00
2019/05/07,23.37,23.87,22.77,23.36,60094212,1400458368.00
2019/05/08,22.75,24.30,22.50,23.44,64283738,1515271424.00
2019/05/09,23.25,24.05,23.18,23.54,49660357,1173285760.00
2019/05/10,23.80,25.44,23.28,25.18,87468512,2145475584.00
2019/05/13,24.59,25.00,24.41,24.56,48793090,1204320896.00
2019/05/14,24.60,24.95,24.40,24.52,43676128,1076363648.00
2019/05/15,24.80,25.20,24.55,25.10,49139226,1222557824.00
2019/05/16,25.03,25.03,24.20,24.41,49047517,1200488832.00
2019/05/17,24.70,25.35,23.25,23.50,62660471,1531883648.00
2019/05/20,23.98,24.48,23.64,24.30,49395655,1190100736.00
2019/05/21,24.00,24.98,23.42,24.61,60908440,1486678272.00
2019/05/22,24.61,26.28,24.12,25.78,89132016,2227454208.00
2019/05/23,25.39,25.39,24.00,24.22,81526592,2020994816.00
2019/05/24,23.95,24.52,23.37,23.47,45517553,1085931392.00
2019/05/27,23.44,24.80,23.38,24.50,55189726,1337894528.00
2019/05/28,24.35,26.38,24.35,25.30,75743431,1892821504.00
2019/05/29,24.60,25.15,24.48,24.80,48668604,1206189696.00
2019/05/30,24.80,24.80,23.73,24.31,38968146,942691968.00
2019/05/31,24.26,24.54,23.91,24.07,28929878,702292928.00
2019/06/03,24.39,24.73,24.05,24.29,38761419,944597760.00
2019/06/04,24.15,24.24,23.41,23.64,31090977,740827776.00
2019/06/05,24.00,24.22,23.70,23.71,25658521,614212288.00
2019/06/06,23.85,24.09,23.41,23.50,28461083,675144576.00
2019/06/10,23.78,24.08,23.56,23.89,24816661,591999488.00
2019/06/11,23.85,24.95,23.62,24.86,54293649,1330521984.00
2019/06/12,24.80,24.82,24.41,24.43,36211264,890560640.00
2019/06/13,24.75,25.40,24.52,24.95,65407496,1642049024.00
2019/06/14,24.73,25.10,24.25,24.27,35732045,879978880.00
2019/06/17,24.27,24.36,23.51,24.00,26678058,639321984.00
2019/06/18,24.10,24.32,23.91,24.16,17268359,416537088.00
2019/06/19,24.99,25.12,24.23,24.26,51618781,1273709440.00
2019/06/20,24.27,24.96,24.07,24.76,46714635,1150883712.00
2019/06/21,24.99,25.87,24.81,25.81,85222179,2170092288.00
2019/06/24,25.60,25.87,24.93,25.31,64165471,1626138880.00
2019/06/25,25.26,25.26,23.00,23.98,90073387,2155480320.00
2019/06/26,23.80,24.05,23.52,23.62,36670621,870104768.00
2019/06/27,23.88,24.14,23.70,24.04,38292093,918256448.00
2019/06/28,24.00,24.25,23.67,23.86,33607512,804038848.00
2019/07/01,24.80,25.15,24.44,25.02,77433617,1926847872.00
2019/07/02,24.83,24.98,24.45,24.61,43646707,1076002560.00
2019/07/03,24.53,24.54,23.91,24.03,33262480,800959936.00
2019/07/04,24.15,24.35,24.00,24.29,24092140,582431744.00
2019/07/05,24.30,24.33,24.07,24.20,15871932,383962880.00
2019/07/08,24.16,24.16,23.32,23.34,29582582,697506048.00
2019/07/09,23.41,23.57,23.08,23.48,16387256,383154592.00
2019/07/10,23.59,23.64,23.28,23.37,13999055,328564320.00
2019/07/11,23.50,23.55,22.95,23.08,18373986,427281504.00
2019/07/12,23.09,23.33,23.01,23.07,17166212,396846912.00
2019/07/15,23.05,24.08,22.70,23.64,32946466,772804288.00
2019/07/16,23.60,23.83,23.49,23.67,15628804,369738752.00
2019/07/17,23.62,24.05,23.56,23.76,26210794,625371136.00
2019/07/18,22.00,22.28,21.38,21.38,89772476,1953234560.00
2019/07/19,21.20,21.20,20.50,20.83,56568434,1174330496.00
2019/07/22,20.83,20.83,19.86,20.28,27095065,553002624.00
2019/07/23,20.32,20.88,20.30,20.79,26147258,541340160.00
2019/07/24,20.87,21.33,20.78,21.07,31186107,659281344.00
2019/07/25,21.17,21.59,21.00,21.37,29751149,634818112.00
2019/07/26,21.21,21.45,21.15,21.33,17049357,363317184.00
2019/07/29,21.48,21.48,21.06,21.20,18498258,392646496.00
2019/07/30,21.30,21.57,21.18,21.30,20320105,434810848.00
2019/07/31,21.29,21.54,20.90,21.38,26962940,575752000.00
2019/08/01,21.37,21.68,21.20,21.63,24220020,520978592.00
2019/08/02,21.05,21.44,21.00,21.23,21162531,448981408.00
2019/08/05,21.30,21.70,21.00,21.14,25979576,553903296.00
2019/08/06,20.60,20.60,19.48,20.29,37651072,756100736.00
2019/08/07,20.46,20.46,19.79,19.94,17838653,358561856.00
2019/08/08,20.16,20.37,19.90,20.25,17305682,348622848.00
2019/08/09,20.41,20.59,19.88,20.07,18716801,379345984.00
2019/08/12,20.31,20.41,19.74,20.41,22003581,442000992.00
2019/08/13,20.24,20.40,19.97,20.02,16295256,327775136.00
2019/08/14,20.59,20.59,20.05,20.08,21635598,439489920.00
2019/08/15,19.48,20.62,19.37,20.61,35080855,705890624.00
2019/08/16,20.52,22.32,20.40,22.01,71068114,1531964672.00
2019/08/19,22.79,24.21,22.78,24.21,78539229,1856321408.00
2019/08/20,24.71,24.89,24.22,24.63,84374664,2073756928.00
2019/08/21,24.53,25.11,24.31,24.71,55303443,1368381952.00
2019/08/22,24.73,25.10,24.47,24.82,43355747,1075460352.00
2019/08/23,24.90,25.82,24.82,25.06,60824843,1541119488.00
2019/08/26,24.55,25.31,24.13,24.40,51851183,1274332416.00
2019/08/27,25.03,26.06,24.80,25.49,70430331,1793550464.00
2019/08/28,25.58,25.60,24.62,25.05,48974595,1229374080.00
2019/08/29,25.30,26.14,25.06,25.20,71225712,1826241792.00
2019/08/30,25.70,26.95,25.18,25.50,82436519,2150492928.00
2019/09/02,25.90,27.22,25.17,26.89,82366818,2160650496.00
2019/09/03,26.60,27.46,26.21,26.72,65482782,1748627840.00
2019/09/04,26.50,27.71,26.36,27.24,64536916,1745854208.00
2019/09/05,27.10,27.76,26.85,26.95,65104984,1771489792.00
2019/09/06,27.00,27.52,26.03,26.55,54149193,1451636608.00
2019/09/09,26.98,27.80,26.66,27.80,61767812,1688684800.00
2019/09/10,28.10,28.12,26.30,26.97,51068531,1381358464.00
2019/09/11,27.00,27.52,26.62,26.68,35621198,963916032.00
2019/09/12,26.80,26.88,26.23,26.61,24016104,639286976.00
2019/09/16,26.70,27.15,26.09,26.79,35090784,934978304.00
2019/09/17,26.80,26.80,25.19,25.44,47181153,1216904576.00
2019/09/18,25.68,25.68,25.11,25.34,24562464,623980992.00
2019/09/19,25.35,25.95,24.99,25.85,36497744,934976256.00
2019/09/20,28.44,28.44,27.98,28.44,97070487,2757778688.00
2019/09/23,27.80,27.80,25.99,26.60,109490151,2938572032.00
2019/09/24,26.58,29.02,26.38,28.28,113808968,3147759360.00
2019/09/25,27.96,29.27,27.40,29.17,99742796,2840969984.00
2019/09/26,28.77,29.10,26.80,27.00,88742442,2460828928.00
2019/09/27,26.95,27.63,26.28,27.13,43958367,1189745408.00
2019/09/30,27.10,27.10,25.68,25.70,37537824,985041792.00
2019/10/08,25.92,26.17,24.80,24.80,32396777,826116288.00
2019/10/09,24.79,25.32,24.18,25.20,28367576,705956672.00
2019/10/10,25.25,26.18,25.02,25.97,34962088,895437824.00
2019/10/11,26.02,26.71,26.00,26.59,37165329,983653632.00
2019/10/14,27.05,27.50,26.70,26.90,36826729,996395520.00
2019/10/15,26.89,26.89,25.59,25.83,33370207,869345088.00
2019/10/16,26.15,26.16,25.33,25.47,26995762,694038976.00
2019/10/17,25.46,25.75,25.10,25.42,20777528,527790304.00
2019/10/18,25.43,25.48,24.50,24.76,29755829,741234304.00
2019/10/21,24.77,25.43,24.29,25.33,23228679,578556864.00
2019/10/22,25.13,25.53,24.98,25.40,23974198,605005504.00
2019/10/23,25.30,25.45,24.45,24.56,23739210,590648704.00
2019/10/24,24.45,24.45,23.68,24.10,26327727,633099968.00
2019/10/25,24.19,24.88,23.90,24.79,22877797,558873472.00
2019/10/28,26.65,26.65,25.49,25.90,58993812,1536324992.00
2019/10/29,26.26,26.58,25.78,25.88,39452406,1032539136.00
2019/10/30,26.00,26.08,25.25,25.42,24399633,624367936.00
2019/10/31,26.55,27.16,26.30,26.39,61777658,1653430784.00
2019/11/01,26.55,27.10,26.37,26.71,34740704,930041792.00
数据来源:通达信
