002791 坚朗五金 日线 前复权
      日期	    开盘	    最高	    最低	    收盘	    成交量	    成交额
2016/03/29,18.51,20.24,18.51,20.24,34710,1076707.63
2016/03/30,22.31,22.31,22.31,22.31,13624,465532.09
2016/03/31,24.59,24.59,24.59,24.59,28237,1061428.88
2016/04/01,27.10,27.10,27.10,27.10,79402,3283272.75
2016/04/05,29.86,29.86,29.86,29.86,110377,5021049.50
2016/04/06,32.89,32.89,32.89,32.89,1093425,54714988.00
2016/04/07,35.90,36.23,34.37,36.23,23220811,1247044096.00
2016/04/08,34.87,35.31,33.61,33.92,14900430,780789120.00
2016/04/11,33.93,36.20,33.39,35.15,13006561,680957440.00
2016/04/12,34.43,35.05,33.53,33.60,10065898,521889184.00
2016/04/13,33.33,34.50,33.33,33.63,8579420,441955136.00
2016/04/14,34.07,37.05,33.64,37.05,19647887,1070031296.00
2016/04/15,36.73,38.35,35.53,36.52,19769441,1113894016.00
2016/04/18,35.27,35.41,34.12,34.60,8799457,464050336.00
2016/04/19,34.90,36.07,34.61,35.03,6936510,371881728.00
2016/04/20,34.67,35.52,31.87,34.61,9965924,514700928.00
2016/04/21,33.77,34.24,32.87,32.93,6137930,313297600.00
2016/04/22,32.96,33.71,32.53,33.17,4357967,220063552.00
2016/04/25,33.49,33.49,32.53,32.95,3543092,177460128.00
2016/04/26,33.06,33.25,32.34,33.00,4204218,210092992.00
2016/04/27,33.01,34.67,33.01,33.77,8989916,462749952.00
2016/04/28,33.49,33.73,32.10,32.71,5666304,282427488.00
2016/04/29,32.50,32.93,32.21,32.37,3000862,148518224.00
2016/05/03,32.23,33.12,32.12,32.97,4337614,216298720.00
2016/05/04,32.98,33.19,32.70,32.87,3933076,197175152.00
2016/05/05,32.88,33.65,32.60,33.61,5103783,257141072.00
2016/05/06,33.53,33.89,32.13,32.18,6917791,348064640.00
2016/05/09,31.93,31.93,29.53,29.67,4441767,205745632.00
2016/05/10,30.00,30.28,29.69,29.87,2747364,125425456.00
2016/05/11,30.20,30.26,29.04,29.05,3168051,142661488.00
2016/05/12,28.53,28.53,27.77,28.31,3068607,131585864.00
2016/05/13,28.31,28.85,28.13,28.30,2585339,112368584.00
2016/05/16,28.24,28.85,27.92,28.83,2315885,100707224.00
2016/05/17,28.83,28.92,28.43,28.55,2512943,109851576.00
2016/05/18,28.13,28.13,26.30,26.69,3721927,154630016.00
2016/05/19,26.70,27.51,26.64,26.78,2419728,99877520.00
2016/05/20,26.25,27.16,26.07,27.10,2832273,115540456.00
2016/05/23,27.30,28.66,27.14,28.07,4344275,185609808.00
2016/05/24,27.85,27.99,27.19,27.38,2676008,112230728.00
2016/05/25,27.67,28.17,27.37,27.73,3125961,132466008.00
2016/05/26,27.73,28.59,27.30,28.45,4274049,182596688.00
2016/05/27,28.27,29.41,28.13,28.65,5319520,234999696.00
2016/05/30,28.23,29.13,27.57,28.60,4126643,179294592.00
2016/05/31,28.63,30.28,28.63,30.07,6410907,290538240.00
2016/06/01,30.20,30.85,29.83,30.02,6383768,294848640.00
2016/06/02,30.05,31.07,29.87,30.96,6323625,292586336.00
2016/06/03,30.72,31.79,30.60,30.89,6661688,316039904.00
2016/06/06,30.93,31.26,30.13,30.53,4272956,199606816.00
2016/06/07,30.53,32.19,30.08,32.10,7660344,365110912.00
2016/06/08,31.66,35.29,30.87,33.15,10218980,509289824.00
2016/06/13,31.97,33.27,29.79,29.79,7813500,375921856.00
2016/06/14,29.22,30.53,28.89,30.20,4912845,223565968.00
2016/06/15,29.61,32.17,29.61,31.72,5703362,272153856.00
2016/06/16,31.82,32.94,31.17,31.53,5669003,275347904.00
2016/06/17,31.63,32.25,31.41,32.21,5647202,273217408.00
2016/06/20,32.39,33.97,31.87,33.22,7745058,388473984.00
2016/06/21,33.35,34.25,32.31,33.23,8252325,419151904.00
2016/06/22,32.83,33.87,32.70,33.87,6801063,345635360.00
2016/06/23,33.64,34.23,32.67,33.33,5914518,299899072.00
2016/06/24,33.23,33.58,30.75,32.16,7122014,350115200.00
2016/06/27,31.95,34.22,31.93,33.95,7298091,368895744.00
2016/06/28,33.77,34.88,33.40,34.40,7780123,403160128.00
2016/06/29,34.31,36.83,33.55,36.29,12739660,679055104.00
2016/06/30,35.14,36.03,34.45,35.48,9348857,499177408.00
2016/07/01,35.44,37.54,35.44,36.96,10835612,601946560.00
2016/07/04,36.83,38.60,36.54,38.21,11637881,665458560.00
2016/07/05,38.23,41.61,37.79,39.55,12812696,764759872.00
2016/07/06,39.56,41.43,38.43,39.77,14029703,853575296.00
2016/07/07,39.03,40.52,38.63,38.89,10261816,609894976.00
2016/07/08,39.11,41.63,38.57,40.70,14465028,883544128.00
2016/07/11,40.97,42.97,39.09,41.37,11384867,710474944.00
2016/07/12,40.48,41.24,38.63,40.57,8655624,525084320.00
2016/07/13,40.53,41.62,39.77,40.06,6820328,419892448.00
2016/07/14,39.77,41.01,38.97,40.91,7061050,426695584.00
2016/07/15,40.91,42.15,40.63,40.63,7892368,494405536.00
2016/07/18,39.83,39.89,38.22,38.37,6645536,391919584.00
2016/07/19,38.63,39.15,38.33,38.99,3577218,209872768.00
2016/07/20,39.10,39.19,38.43,38.70,2954863,173845952.00
2016/07/21,38.83,38.97,37.17,37.19,4348364,250499120.00
2016/07/22,37.31,37.76,36.73,37.50,3768828,212480128.00
2016/07/25,37.10,39.09,37.04,38.77,3728524,213764560.00
2016/07/26,38.50,39.33,38.30,39.15,3462539,204637248.00
2016/07/27,39.21,39.23,35.25,35.53,5889576,328861856.00
2016/07/28,34.98,36.01,34.22,35.39,2960004,157474688.00
2016/07/29,35.91,35.93,34.89,35.19,2426673,130458184.00
2016/08/01,34.57,34.57,32.37,33.37,2644562,133870040.00
2016/08/02,33.37,33.89,33.03,33.73,1551282,78900056.00
2016/08/03,33.67,34.89,33.37,34.53,2697973,140425680.00
2016/08/04,34.31,34.67,34.08,34.42,1906531,99384168.00
2016/08/05,34.41,34.62,33.11,33.52,2123556,109218072.00
2016/08/08,33.35,34.67,32.63,34.61,2461323,126012312.00
2016/08/09,34.38,34.95,34.18,34.86,2327670,122374976.00
2016/08/10,34.83,35.29,34.63,34.85,2405706,127407336.00
2016/08/11,34.59,36.20,34.45,35.07,3651250,195510928.00
2016/08/12,34.90,35.42,34.52,35.09,2311664,122646848.00
2016/08/15,35.54,36.30,34.63,36.05,3197848,172863312.00
2016/08/16,36.11,36.89,36.10,36.60,3554246,197177136.00
2016/08/17,36.36,37.62,36.36,37.39,3312587,185685232.00
2016/08/18,37.24,37.36,36.44,36.55,2740627,153002368.00
2016/08/19,36.63,37.10,36.17,36.70,2364678,131305536.00
2016/08/22,36.47,36.80,35.37,35.90,2581396,140258880.00
2016/08/23,35.80,36.48,35.44,36.47,2184735,119566040.00
2016/08/24,35.97,36.28,35.50,35.72,2622766,142272032.00
2016/08/25,35.87,38.29,35.63,37.63,6963468,393201344.00
2016/08/26,37.27,38.00,36.67,37.55,4600922,259584160.00
2016/08/29,37.19,38.02,36.92,37.07,2459519,139169104.00
2016/08/30,37.31,37.43,36.11,36.32,2841662,157694288.00
2016/08/31,36.36,36.55,35.57,35.99,2414755,131775480.00
2016/09/01,36.05,36.50,35.07,35.14,2202900,119681920.00
2016/09/02,35.01,35.01,33.99,34.30,2872127,150067408.00
2016/09/05,34.43,34.83,34.11,34.23,1523800,79549816.00
2016/09/06,34.29,34.79,33.43,34.77,2027897,104982248.00
2016/09/07,34.80,34.91,34.14,34.16,1656964,86742000.00
2016/09/08,34.09,34.50,34.01,34.27,1036523,53841556.00
2016/09/09,34.19,34.65,34.19,34.27,1318487,68860856.00
2016/09/12,33.83,33.83,32.89,32.89,1851313,93568248.00
2016/09/13,33.03,33.35,32.63,32.85,1256953,62760460.00
2016/09/14,32.73,32.93,32.31,32.53,1101673,54513788.00
2016/09/19,32.64,33.17,32.64,33.08,1022462,51150396.00
2016/09/20,33.07,33.40,32.92,33.19,1113733,56112352.00
2016/09/21,33.01,33.70,32.99,33.33,1266111,64088132.00
2016/09/22,33.59,33.67,33.34,33.38,1268322,64440328.00
2016/09/23,33.27,33.75,33.27,33.37,1416432,72065168.00
2016/09/26,33.15,33.37,31.72,31.77,1931000,94942352.00
2016/09/27,31.53,32.13,31.51,32.09,895868,43279768.00
2016/09/28,32.11,32.15,31.63,31.72,796118,38469972.00
2016/09/29,31.87,32.25,31.77,32.12,1137470,55295076.00
2016/09/30,32.03,32.50,32.03,32.26,994767,48658332.00
2016/10/10,32.37,33.63,32.37,33.53,1723506,86807216.00
2016/10/11,33.57,35.37,33.43,34.90,3179042,165050704.00
2016/10/12,34.63,35.36,34.41,35.21,2514570,133149152.00
2016/10/13,34.99,35.20,34.63,34.79,1407937,74355880.00
2016/10/14,34.65,35.07,34.43,34.81,1353295,71266896.00
2016/10/17,34.90,34.94,33.50,33.97,2247629,116262928.00
2016/10/18,33.79,34.53,33.73,34.52,1478281,76876968.00
2016/10/19,34.62,35.13,34.30,34.45,1861663,98238752.00
2016/10/20,34.57,37.30,34.52,37.17,5939251,323102432.00
2016/10/21,37.63,37.63,36.35,37.00,3989884,223164192.00
2016/10/24,36.63,38.23,36.63,37.57,4774152,272229824.00
2016/10/25,37.30,37.80,37.15,37.60,2824876,160152400.00
2016/10/26,37.70,38.17,36.52,37.17,3224660,181971184.00
2016/10/27,37.07,37.55,36.70,37.10,2221830,125204664.00
2016/10/28,37.10,38.50,36.69,37.56,5528978,315286624.00
2016/10/31,37.63,39.61,37.37,39.61,7501080,437373088.00
2016/11/01,39.27,41.35,39.00,39.55,17791162,1078964224.00
2016/11/02,38.78,40.15,38.50,38.97,9276791,552462400.00
2016/11/03,38.60,41.09,38.50,38.66,10449835,629029440.00
2016/11/04,38.63,39.75,38.51,39.57,7679438,455763648.00
2016/11/07,39.53,40.15,38.90,39.88,6555894,392705344.00
2016/11/08,39.83,40.49,39.07,39.48,4673941,280025984.00
2016/11/09,39.63,40.76,38.83,39.86,7577072,457923552.00
2016/11/10,40.18,41.49,39.90,40.88,8849574,544464256.00
2016/11/11,40.57,40.96,39.33,39.43,7747138,469576832.00
2016/11/14,39.04,39.89,38.97,39.50,4329916,258422848.00
2016/11/15,39.62,40.19,39.19,39.50,4063768,243944944.00
2016/11/16,39.55,39.75,38.77,38.77,4112934,244505952.00
2016/11/17,38.60,38.60,37.17,37.31,5181058,295813216.00
2016/11/18,38.23,41.07,37.98,41.07,17375660,1065427712.00
2016/11/21,41.07,43.86,40.43,42.77,18223532,1161824000.00
2016/11/22,42.63,45.27,42.27,43.10,14264226,938969728.00
2016/11/23,42.47,46.09,42.47,44.86,13754666,923093120.00
2016/11/24,44.30,45.33,43.44,43.90,9374880,626923328.00
2016/11/25,43.74,45.21,42.40,44.97,9121386,604707456.00
2016/11/28,44.56,44.87,42.51,42.63,6710819,441959616.00
2016/11/29,42.75,46.62,42.63,44.95,10759168,730888512.00
2016/11/30,44.31,47.78,43.09,47.53,12073482,833809536.00
2016/12/01,46.77,48.25,45.27,45.83,10783080,762596736.00
2016/12/02,45.57,46.87,44.47,44.68,7559348,519668800.00
2016/12/05,43.33,44.53,42.20,43.03,6534445,428475168.00
2016/12/06,43.21,43.62,41.50,41.75,5448958,350867328.00
2016/12/07,41.57,43.29,41.37,42.76,6070571,388963328.00
2016/12/08,42.43,42.63,40.63,40.83,6614715,415230784.00
2016/12/09,40.59,41.41,39.98,40.83,5013355,309033184.00
2016/12/12,40.70,40.78,36.72,36.96,6551242,383535040.00
2016/12/13,36.83,38.43,36.35,38.10,5414946,308403776.00
2016/12/14,37.69,38.69,37.10,37.42,4342759,249127936.00
2016/12/15,37.50,39.94,37.44,39.23,6381848,377363328.00
2016/12/16,38.84,39.60,38.63,39.23,3915691,231959472.00
2016/12/19,38.75,39.30,38.09,38.40,2738730,160566144.00
2016/12/20,38.40,38.99,37.78,38.90,3201729,187144384.00
2016/12/21,39.01,39.53,38.37,39.40,3485986,206022080.00
2016/12/22,39.40,39.40,38.43,38.63,2497540,146701568.00
2016/12/23,38.52,38.63,36.45,36.77,3828605,217028784.00
2016/12/26,36.33,37.22,35.40,36.84,2970912,163032240.00
2016/12/27,36.75,37.13,36.42,36.42,2166840,120580176.00
2016/12/28,36.38,36.95,36.03,36.12,2002550,110796304.00
2016/12/29,36.21,36.67,35.75,36.50,2242800,123636600.00
2016/12/30,36.31,36.57,35.77,36.03,2187558,119864840.00
2017/01/03,36.30,36.53,36.03,36.33,1782475,98084696.00
2017/01/04,36.33,37.06,36.04,37.03,3118422,173374336.00
2017/01/05,36.84,36.84,35.70,35.80,3374240,185718560.00
2017/01/06,35.51,35.70,33.63,33.73,4483867,233806544.00
2017/01/09,33.73,34.03,32.75,33.59,2016881,102114920.00
2017/01/10,33.63,34.15,33.37,33.41,1671500,85550488.00
2017/01/11,33.43,33.43,31.76,31.82,3639151,178990176.00
2017/01/12,31.87,32.60,31.87,32.23,2160415,105924752.00
2017/01/13,32.33,32.33,30.92,30.94,2666300,127036192.00
2017/01/16,30.63,30.75,27.81,28.77,3005465,133968928.00
2017/01/17,28.81,30.07,27.97,29.90,2938804,130466248.00
2017/01/18,29.63,29.77,28.81,28.87,1793173,79690864.00
2017/01/19,28.50,29.77,28.48,29.09,1804582,80316072.00
2017/01/20,28.87,30.06,28.87,29.79,2020446,91226576.00
2017/01/23,30.10,30.29,29.72,29.90,1756809,79925024.00
2017/01/24,29.85,29.85,29.30,29.33,1471582,65893396.00
2017/01/25,29.27,30.54,29.14,30.31,1989795,90274816.00
2017/01/26,30.23,30.47,29.97,30.29,1523107,69803912.00
2017/02/03,30.31,30.35,29.69,29.79,1006074,45774720.00
2017/02/06,29.90,30.63,29.87,30.57,1621268,74606544.00
2017/02/07,30.50,30.52,30.05,30.31,1579849,72617160.00
2017/02/08,30.18,30.75,29.83,30.65,1815215,83707704.00
2017/02/09,30.51,31.30,30.40,30.95,2481404,116759312.00
2017/02/10,30.97,31.09,30.55,30.59,1624970,75672360.00
2017/02/13,30.53,31.19,30.53,31.01,1855710,87376808.00
2017/02/14,31.10,31.16,30.70,30.95,1321541,61952884.00
2017/02/15,30.97,31.33,30.55,30.83,2458230,115479216.00
2017/02/16,30.64,30.73,30.17,30.50,1916203,88540480.00
2017/02/17,30.56,30.72,29.52,29.57,2204883,100462080.00
2017/02/20,29.37,29.83,28.71,29.32,1756530,77670016.00
2017/02/21,29.31,29.93,29.26,29.80,1536680,69266584.00
2017/02/22,29.83,30.41,29.65,30.17,1990087,91074032.00
2017/02/23,30.07,30.57,29.82,30.56,2250516,103284752.00
2017/02/24,30.50,31.08,30.25,30.94,2688790,125735488.00
2017/02/27,30.89,31.16,30.57,30.67,2092912,98025152.00
2017/02/28,30.71,30.93,30.53,30.89,1540973,71961824.00
2017/03/01,30.96,32.19,30.96,31.89,3648120,175412688.00
2017/03/02,31.89,31.90,31.37,31.55,2172739,104137816.00
2017/03/03,31.20,32.61,31.05,32.25,2921251,141350608.00
2017/03/06,31.97,32.47,31.93,32.39,2091141,102543968.00
2017/03/07,32.40,32.50,31.94,32.25,2051932,100154336.00
2017/03/08,32.24,32.24,31.60,31.73,2045173,98662064.00
2017/03/09,31.73,32.09,31.03,31.93,2248874,107632832.00
2017/03/10,31.81,32.29,31.42,31.84,1842671,89301312.00
2017/03/13,31.64,32.20,30.97,32.09,2194512,105525776.00
2017/03/14,32.03,33.13,32.03,32.89,4165550,206604400.00
2017/03/15,32.77,32.77,32.34,32.45,2174285,107195288.00
2017/03/16,32.77,33.17,32.63,32.97,3030100,151166880.00
2017/03/17,32.97,33.97,32.83,33.28,4458818,225762624.00
2017/03/20,33.30,34.25,32.97,34.25,4248522,218030000.00
2017/03/21,34.27,34.27,33.64,33.96,2852223,146492272.00
2017/03/22,33.43,33.65,32.55,33.23,3826274,192209328.00
2017/03/23,33.17,33.89,32.84,33.87,3799069,192943856.00
2017/03/24,33.50,33.81,33.25,33.48,2315073,117647008.00
2017/03/27,32.95,32.96,31.85,31.85,4299171,210538144.00
2017/03/28,31.78,31.78,30.97,30.97,2815547,133705472.00
2017/03/29,30.42,30.42,28.97,29.25,8249612,368433728.00
2017/03/30,29.13,29.17,28.64,28.77,3410216,149827296.00
2017/03/31,28.83,29.35,28.78,29.06,2085568,92075208.00
2017/04/05,29.10,29.63,28.83,29.63,2542792,113338168.00
2017/04/06,29.60,29.83,29.35,29.56,2274920,102411064.00
2017/04/07,29.63,29.73,29.13,29.18,2234496,99360360.00
2017/04/10,29.02,29.17,27.30,27.50,3930661,166743232.00
2017/04/11,27.51,28.17,27.31,28.15,2587305,109311384.00
2017/04/12,28.15,28.38,27.77,27.90,1649437,70405696.00
2017/04/13,27.90,28.49,27.90,28.04,1364962,58577980.00
2017/04/14,28.04,28.19,27.45,27.55,1440750,60554432.00
2017/04/17,26.95,26.95,25.75,26.43,2233019,89395952.00
2017/04/18,26.61,26.82,26.23,26.27,1142560,46123364.00
2017/04/19,26.19,26.84,25.66,26.73,1797857,71749400.00
2017/04/20,26.57,26.83,25.73,26.17,1986699,79339344.00
2017/04/21,26.03,26.60,26.03,26.49,1247917,50144020.00
2017/04/24,26.77,26.77,26.03,26.17,1735548,69633168.00
2017/04/25,26.21,26.48,25.85,25.89,1821120,72227960.00
2017/04/26,25.96,25.98,25.09,25.19,2489156,96671472.00
2017/04/27,24.87,25.47,23.83,25.29,3449903,129373248.00
2017/04/28,25.27,25.57,25.07,25.41,1486201,57369788.00
2017/05/02,25.50,25.54,25.09,25.21,1020900,39273436.00
2017/05/03,25.21,25.45,24.83,25.19,1138706,43623028.00
2017/05/04,25.01,25.26,24.54,25.06,1540327,58620580.00
2017/05/05,24.96,25.76,24.81,25.32,2104784,81336448.00
2017/05/08,25.17,25.23,24.70,24.70,1199300,45631080.00
2017/05/09,24.82,25.23,24.31,25.14,1102484,41871800.00
2017/05/10,25.14,25.61,25.04,25.07,1725608,66581620.00
2017/05/11,24.93,24.93,23.91,24.81,2025180,75459280.00
2017/05/12,24.70,24.90,24.34,24.85,1172488,44042372.00
2017/05/15,24.95,25.26,24.70,25.05,1130067,43053060.00
2017/05/16,25.04,25.91,24.87,25.82,1599120,61854860.00
2017/05/17,25.80,26.30,25.68,26.06,1600794,63607656.00
2017/05/18,25.77,26.17,25.68,25.79,947173,37345532.00
2017/05/19,25.71,25.91,25.62,25.63,678517,26551916.00
2017/05/22,25.63,25.74,24.17,24.31,1412275,53462732.00
2017/05/23,24.36,24.53,23.09,23.11,1477882,53394800.00
2017/05/24,22.99,23.09,22.33,23.09,1198497,41682612.00
2017/05/25,23.09,23.50,22.37,23.17,1400164,48729848.00
2017/05/26,23.17,23.47,23.01,23.23,775843,27492450.00
2017/05/31,23.71,23.91,23.31,23.45,917400,33089928.00
2017/06/01,23.30,23.33,22.10,22.10,1008617,34856808.00
2017/06/02,22.27,23.09,22.09,23.03,1079981,37232776.00
2017/06/05,23.18,23.51,23.03,23.32,810486,28760012.00
2017/06/06,23.32,23.80,23.11,23.56,877460,31418172.00
2017/06/07,23.48,24.50,23.41,24.43,1658332,60872160.00
2017/06/08,24.85,25.30,24.30,24.43,3001378,75141024.00
2017/06/09,24.42,24.42,23.69,24.02,1974700,47745088.00
2017/06/12,23.71,23.91,22.98,23.04,1733437,40778672.00
2017/06/13,23.67,24.44,23.16,24.35,2225894,53385392.00
2017/06/14,24.03,24.46,23.72,24.04,2142839,52005300.00
2017/06/15,24.10,24.76,23.92,24.49,2532912,62594492.00
2017/06/16,24.33,24.54,24.15,24.25,1636263,40116568.00
2017/06/19,24.25,24.62,24.10,24.28,1076751,26415646.00
2017/06/20,24.29,24.47,24.00,24.00,1336588,32615992.00
2017/06/21,24.03,24.25,23.65,23.95,1577799,37977288.00
2017/06/22,23.85,24.16,23.17,23.37,1135000,27137320.00
2017/06/23,23.29,23.49,22.57,22.99,1525044,35341696.00
2017/06/26,22.99,23.22,22.69,23.18,1166856,27070566.00
2017/06/27,23.22,23.65,23.02,23.22,1091903,25748908.00
2017/06/28,23.16,23.27,22.79,22.87,993385,22959926.00
2017/06/29,22.92,23.15,22.87,22.94,749442,17385872.00
2017/06/30,22.85,23.17,22.80,23.03,923494,21417718.00
2017/07/03,23.04,23.40,22.91,23.39,1210921,28365076.00
2017/07/04,23.30,23.48,23.05,23.12,918153,21531088.00
2017/07/05,23.14,23.35,23.08,23.22,1145905,26812300.00
2017/07/06,23.33,23.39,22.96,23.10,1144585,26743446.00
2017/07/07,23.07,23.39,22.91,23.35,1456074,34159144.00
2017/07/10,23.22,23.25,22.97,23.03,1376550,32029594.00
2017/07/11,23.08,23.08,22.50,22.54,1287559,29584418.00
2017/07/12,22.28,22.75,21.99,22.32,1418712,31803162.00
2017/07/13,22.32,22.44,22.00,22.08,1128936,25299082.00
2017/07/14,22.03,22.12,21.88,22.00,839205,18612216.00
2017/07/17,22.00,22.00,19.78,19.78,3412941,69746400.00
2017/07/18,19.87,19.96,19.11,19.51,2038858,40216140.00
2017/07/19,19.56,19.85,19.30,19.74,1678061,33106418.00
2017/07/20,19.78,20.04,19.54,19.56,1321047,26380464.00
2017/07/21,19.57,19.60,19.13,19.13,2091064,40710616.00
2017/07/24,19.03,19.28,18.65,19.18,1688741,32307598.00
2017/07/25,19.22,19.52,19.01,19.23,1420055,27620280.00
2017/07/26,19.23,19.28,18.85,19.03,1172378,22523798.00
2017/07/27,19.07,19.66,18.83,19.56,1903428,37257220.00
2017/07/28,19.65,19.65,19.33,19.34,1159201,22774374.00
2017/07/31,19.38,19.55,19.21,19.49,1156432,22674080.00
2017/08/01,19.50,19.68,19.26,19.41,1511986,29732366.00
2017/08/02,19.42,19.52,19.20,19.20,1154733,22578930.00
2017/08/03,19.09,19.68,18.95,19.44,1730149,33837964.00
2017/08/04,19.59,19.68,19.22,19.28,1458354,28665684.00
2017/08/07,19.03,19.45,19.03,19.22,1063265,20676036.00
2017/08/08,19.22,20.89,19.10,20.57,4411087,89811120.00
2017/08/09,20.51,20.54,19.95,20.06,3169205,64615292.00
2017/08/10,19.99,20.30,19.60,19.60,2127997,42702492.00
2017/08/11,19.58,19.95,19.31,19.43,1606482,31865334.00
2017/08/14,19.44,20.03,19.44,19.84,1572025,31494888.00
2017/08/15,19.90,20.20,19.81,19.97,1479810,29870794.00
2017/08/16,19.92,20.50,19.92,20.47,2341616,47882164.00
2017/08/17,20.54,20.64,20.30,20.50,2007205,41447940.00
2017/08/18,20.30,20.56,20.20,20.34,1628984,33496532.00
2017/08/21,20.49,21.37,20.46,21.15,3252735,69006000.00
2017/08/22,21.36,21.37,20.72,20.81,2359005,49811484.00
2017/08/23,20.58,20.79,20.35,20.57,2049044,42486324.00
2017/08/24,20.50,20.72,20.35,20.37,1250681,25875004.00
2017/08/25,20.38,20.93,20.38,20.83,2135201,44724152.00
2017/08/28,20.84,21.29,20.84,21.03,2558959,54406804.00
2017/08/29,20.94,21.49,20.94,21.38,3421458,73654496.00
2017/08/30,21.50,21.50,21.11,21.13,2160774,46387084.00
2017/08/31,21.10,21.46,21.01,21.44,1832426,39406572.00
2017/09/01,21.45,21.45,21.15,21.29,2055322,44086080.00
2017/09/04,21.23,21.24,20.90,20.97,2258787,48024484.00
2017/09/05,21.04,21.10,20.73,20.94,2002022,42356420.00
2017/09/06,21.02,21.03,20.72,20.81,2007432,42201644.00
2017/09/07,20.91,21.76,20.90,21.48,5374065,116154224.00
2017/09/08,21.37,21.79,21.17,21.36,3374125,73150944.00
2017/09/11,21.36,21.99,21.17,21.78,3043470,66608664.00
2017/09/12,21.75,21.96,21.43,21.58,3608376,78833944.00
2017/09/13,21.68,21.80,21.41,21.79,1816456,39638788.00
2017/09/14,21.79,22.79,21.70,22.27,4718296,106808480.00
2017/09/15,22.25,22.99,22.15,22.80,4263481,97341672.00
2017/09/18,22.80,24.80,22.80,24.44,8209630,198166544.00
2017/09/19,24.70,24.70,23.95,24.14,6457011,157801808.00
2017/09/20,24.01,24.12,23.61,24.11,3551594,85259752.00
2017/09/21,24.06,24.28,23.42,23.43,2971975,71388864.00
2017/09/22,23.50,23.62,23.00,23.21,2414895,56464280.00
2017/09/25,23.11,23.30,22.48,22.51,1958235,45030064.00
2017/09/26,22.54,22.97,22.40,22.68,1453342,33192010.00
2017/09/27,22.79,22.92,22.51,22.85,1446127,33231414.00
2017/09/28,22.81,22.85,22.18,22.21,1749231,39679832.00
2017/09/29,22.35,22.79,22.29,22.74,1527026,34846420.00
2017/10/09,22.89,23.39,22.80,23.21,1865554,43500412.00
2017/10/10,23.21,23.44,22.90,23.39,1636153,38093964.00
2017/10/11,23.25,23.75,23.07,23.47,2067176,49006632.00
2017/10/12,23.47,23.62,22.70,22.92,2240737,52388368.00
2017/10/13,22.89,22.92,22.40,22.68,2074363,47349676.00
2017/10/16,22.68,22.71,21.70,21.72,2398600,53633340.00
2017/10/17,21.85,22.08,21.61,21.91,1044411,23062180.00
2017/10/18,21.90,22.00,21.32,21.44,1374711,30130474.00
2017/10/19,21.54,21.74,21.05,21.26,1073578,23124112.00
2017/10/20,21.03,21.67,21.03,21.60,715687,15500503.00
2017/10/23,21.20,21.38,21.10,21.33,1697500,36391956.00
2017/10/24,21.40,21.84,21.32,21.55,1635495,35677604.00
2017/10/25,21.54,22.16,21.43,21.98,1885910,41638084.00
2017/10/26,22.10,22.84,21.66,22.70,3787233,85158736.00
2017/10/27,22.90,23.19,22.28,22.32,4951900,113875512.00
2017/10/30,21.81,22.01,20.48,20.99,3288250,70368696.00
2017/10/31,20.74,21.11,20.55,20.95,1212100,25607000.00
2017/11/01,20.96,21.29,20.96,21.03,1096900,23388368.00
2017/11/02,21.06,21.20,20.60,20.62,1227561,25734970.00
2017/11/03,20.62,20.67,20.06,20.18,1501992,30706530.00
2017/11/06,20.35,20.43,19.81,20.38,879736,17927116.00
2017/11/07,20.44,20.50,20.19,20.38,911300,18727084.00
2017/11/08,20.46,20.82,20.30,20.61,1153947,24047810.00
2017/11/09,20.64,20.84,20.46,20.64,956179,19936120.00
2017/11/10,20.65,20.79,20.45,20.79,1355471,28221398.00
2017/11/13,20.79,20.84,20.58,20.67,1185895,24772850.00
2017/11/14,20.66,20.71,20.28,20.31,1189513,24597466.00
2017/11/15,20.31,20.47,20.12,20.18,812600,16628240.00
2017/11/16,20.15,20.28,19.92,19.97,993450,20176914.00
2017/11/17,19.96,19.97,18.81,18.83,2070650,40354860.00
2017/11/20,18.79,19.29,18.53,19.20,1084873,20721024.00
2017/11/21,19.20,19.29,18.96,19.09,969750,18724706.00
2017/11/22,19.09,19.21,18.80,18.89,841129,16152847.00
2017/11/23,18.98,18.98,18.65,18.66,893100,16917252.00
2017/11/24,18.62,18.93,18.60,18.72,576750,10960808.00
2017/11/27,18.85,19.06,18.72,18.87,755924,14432143.00
2017/11/28,18.90,19.38,18.89,19.33,1166654,22647966.00
2017/11/29,19.33,19.33,18.96,19.18,768015,14827299.00
2017/11/30,19.10,19.30,19.01,19.10,465215,9013009.00
2017/12/01,19.08,19.33,18.95,19.18,501650,9733277.00
2017/12/04,19.28,19.28,18.78,18.79,800150,15286222.00
2017/12/05,18.71,18.84,18.20,18.25,1094900,20458284.00
2017/12/06,18.24,18.60,17.88,18.42,815777,15138107.00
2017/12/07,18.42,18.64,18.38,18.54,598874,11214403.00
2017/12/08,18.76,18.76,18.51,18.63,552309,10403140.00
2017/12/11,18.68,18.68,18.55,18.63,748379,14074172.00
2017/12/12,18.73,18.73,18.43,18.43,557255,10458583.00
2017/12/13,18.44,18.64,18.44,18.61,426600,8002391.50
2017/12/14,18.60,18.63,18.33,18.50,562305,10495863.00
2017/12/15,18.69,18.69,18.30,18.42,461230,8623363.00
2017/12/18,18.42,18.60,18.20,18.30,621179,11525444.00
2017/12/19,18.30,18.55,18.26,18.47,640380,11945809.00
2017/12/20,18.47,18.48,18.00,18.10,770179,14169287.00
2017/12/21,18.18,18.22,17.87,18.03,607339,11071266.00
2017/12/22,18.03,18.22,17.92,18.08,546434,9985728.00
2017/12/25,18.07,18.15,17.87,18.10,600305,10927289.00
2017/12/26,18.16,18.87,17.99,18.85,1670074,31392648.00
2017/12/27,18.85,18.86,18.62,18.72,853934,16165843.00
2017/12/28,18.71,19.15,18.60,18.94,964875,18474372.00
2017/12/29,18.90,19.76,18.86,19.57,1824173,35908672.00
2018/01/02,19.57,19.85,19.36,19.60,1130051,22370968.00
2018/01/03,19.52,19.69,19.37,19.55,869056,17116910.00
2018/01/04,19.49,19.53,18.80,18.93,1983189,38173264.00
2018/01/05,18.93,19.16,18.80,19.00,1425750,27269006.00
2018/01/08,19.05,19.05,18.71,18.87,1086309,20663308.00
2018/01/09,18.87,18.94,18.71,18.88,929474,17727944.00
2018/01/10,18.95,19.22,18.80,19.22,1708544,32867858.00
2018/01/11,19.22,19.40,19.06,19.20,879481,17057222.00
2018/01/12,19.26,19.43,18.90,18.95,792551,15334274.00
2018/01/15,19.11,19.11,18.43,18.50,1277346,24117490.00
2018/01/16,18.64,18.68,18.46,18.64,747119,14034195.00
2018/01/17,18.71,19.37,18.32,19.26,2402738,46054020.00
2018/01/18,19.25,19.30,19.03,19.19,732884,14209976.00
2018/01/19,19.18,19.56,19.14,19.19,1090824,21309314.00
2018/01/22,19.20,19.51,18.80,19.43,1300331,25295296.00
2018/01/23,19.34,19.50,18.95,19.08,1744415,33735560.00
2018/01/24,19.07,19.18,18.95,19.17,803660,15512930.00
2018/01/25,19.35,19.35,19.06,19.10,823500,15984758.00
2018/01/26,19.10,19.16,18.83,18.91,927091,17751504.00
2018/01/29,18.96,18.96,18.55,18.60,820900,15506824.00
2018/01/30,18.43,18.74,18.43,18.65,507950,9539857.00
2018/01/31,18.65,18.69,18.08,18.15,726035,13429098.00
2018/02/01,18.42,18.42,16.95,17.19,1310467,23277206.00
2018/02/02,17.18,17.35,16.67,17.02,650100,11234101.00
2018/02/05,16.80,17.10,16.74,16.97,504600,8637448.00
2018/02/06,16.78,16.78,15.25,15.25,1059332,17377612.00
2018/02/07,15.65,16.05,14.80,15.55,1037150,16260548.00
2018/02/08,15.70,15.88,15.30,15.67,662500,10536920.00
2018/02/09,15.26,15.44,15.07,15.23,1116084,17193918.00
2018/02/12,15.28,15.75,15.28,15.59,655801,10333825.00
2018/02/13,15.90,15.90,15.49,15.64,596740,9467098.00
2018/02/14,16.06,16.06,15.56,15.70,570636,9056321.00
2018/02/22,15.85,15.97,15.80,15.89,343050,5517304.00
2018/02/23,15.93,15.95,15.78,15.85,424950,6823756.00
2018/02/26,16.03,16.38,15.88,16.22,798951,13067242.00
2018/02/27,16.23,16.53,16.13,16.51,1069921,17703248.00
2018/02/28,16.27,17.32,16.10,17.11,2016196,34250696.00
2018/03/01,16.30,16.92,16.30,16.78,1415066,23913778.00
2018/03/02,16.54,16.79,16.41,16.53,735707,12373823.00
2018/03/05,16.39,16.60,16.39,16.53,473067,7902673.50
2018/03/06,16.45,16.77,16.45,16.64,604800,10186063.00
2018/03/07,16.60,16.69,16.40,16.41,556000,9299789.00
2018/03/08,16.32,16.74,16.25,16.70,703658,11809107.00
2018/03/09,16.68,17.01,16.56,16.93,1021650,17421716.00
2018/03/12,17.05,17.13,16.92,17.05,1018636,17520598.00
2018/03/13,17.05,17.28,16.89,17.24,1481899,25681462.00
2018/03/14,17.20,18.15,17.04,17.93,3106750,55725088.00
2018/03/15,17.60,17.72,17.07,17.22,1855950,32667968.00
2018/03/16,17.22,17.57,16.97,17.01,972250,16947528.00
2018/03/19,17.01,18.66,16.69,17.56,1664500,29450142.00
2018/03/20,17.52,17.68,17.18,17.48,1006850,17805792.00
2018/03/21,17.52,17.63,17.25,17.36,778150,13710000.00
2018/03/22,17.40,17.45,17.17,17.20,499200,8754248.00
2018/03/23,16.69,16.70,15.80,16.37,1731007,28710438.00
2018/03/26,15.95,16.68,15.93,16.46,730800,12038912.00
2018/03/27,16.67,16.90,16.52,16.69,608498,10304506.00
2018/03/28,16.61,16.78,16.40,16.46,681942,11458499.00
2018/03/29,16.50,16.97,16.50,16.78,493300,8365633.50
2018/03/30,16.88,17.23,16.74,17.21,918919,15888167.00
2018/04/02,17.00,17.03,16.78,16.79,1309900,22364118.00
2018/04/03,16.56,16.56,16.18,16.33,968300,16016780.00
2018/04/04,16.30,16.58,16.20,16.24,673550,11215997.00
2018/04/09,16.20,16.44,16.20,16.28,526450,8685187.00
2018/04/10,16.28,16.35,16.05,16.12,800150,13064589.00
2018/04/11,16.15,16.39,16.10,16.26,742421,12234046.00
2018/04/12,16.20,16.60,16.20,16.40,952473,15836689.00
2018/04/13,16.49,17.17,16.30,16.60,1885446,31889192.00
2018/04/16,16.40,16.54,16.00,16.20,1087849,17822706.00
2018/04/17,16.34,16.38,15.62,15.70,812609,13141904.00
2018/04/18,15.76,16.04,14.11,15.60,808455,12674253.00
2018/04/19,15.60,15.74,15.50,15.58,443100,7017016.00
2018/04/20,15.73,15.73,15.02,15.12,545750,8454358.00
2018/04/23,15.10,15.11,14.82,14.88,598150,9048556.00
2018/04/24,14.93,15.27,14.90,15.08,538080,8238340.50
2018/04/25,15.04,15.50,15.00,15.35,569650,8823166.00
2018/04/26,15.39,15.39,14.87,14.89,583977,8944247.00
2018/04/27,14.78,14.78,14.19,14.34,1276144,18566522.00
2018/05/02,14.34,14.45,14.10,14.14,545820,7880684.00
2018/05/03,14.18,14.25,13.80,14.22,680415,9680199.00
2018/05/04,14.28,14.63,14.19,14.40,585265,8585161.00
2018/05/07,14.44,14.62,14.40,14.52,579976,8541821.00
2018/05/08,14.57,14.68,14.44,14.60,858732,12666035.00
2018/05/09,14.72,14.78,14.53,14.71,685500,10192779.00
2018/05/10,14.87,15.59,14.74,15.07,1232753,18893280.00
2018/05/11,15.09,15.20,14.75,15.18,1093636,16514701.00
2018/05/14,15.18,15.18,14.70,14.88,832650,12545323.00
2018/05/15,14.86,15.44,14.81,15.05,837850,12723302.00
2018/05/16,15.04,15.20,14.86,14.98,508400,7715034.50
2018/05/17,14.87,15.08,14.63,14.64,601200,8985388.00
2018/05/18,14.64,14.91,14.58,14.89,718743,10733603.00
2018/05/21,14.90,15.15,14.90,14.99,893800,13591012.00
2018/05/22,15.15,15.15,14.87,14.92,575900,8724704.00
2018/05/23,14.98,15.05,14.71,14.97,780836,11755607.00
2018/05/24,15.08,15.08,14.83,14.95,506901,7673763.50
2018/05/25,14.94,15.65,14.91,15.03,966481,14752062.00
2018/05/28,15.03,15.19,14.81,14.92,655136,9933022.00
2018/05/29,14.90,14.97,14.62,14.86,595900,8937327.00
2018/05/30,14.79,14.79,13.98,14.00,600950,8755754.00
2018/05/31,14.28,14.30,14.03,14.15,529600,7619227.00
2018/06/01,14.22,14.28,14.06,14.10,354400,5085785.00
2018/06/04,14.25,14.25,13.89,14.15,351651,5030782.00
2018/06/05,14.45,14.45,14.10,14.35,525800,7587167.50
2018/06/06,14.35,14.37,14.21,14.24,380250,5498484.00
2018/06/07,14.32,14.32,14.16,14.23,361061,5211318.50
2018/06/08,14.27,14.27,13.81,13.87,516593,7288074.00
2018/06/11,13.66,13.97,13.66,13.69,310300,4331770.00
2018/06/12,13.69,13.94,13.69,13.85,357360,5004725.50
2018/06/13,14.03,14.03,13.61,13.65,345650,4826798.00
2018/06/14,13.48,13.74,13.48,13.51,355567,4866118.50
2018/06/15,13.51,13.70,13.03,13.14,698142,9365094.00
2018/06/19,13.03,13.03,12.01,12.09,1104970,13821682.00
2018/06/20,12.09,12.26,11.85,12.10,669050,8148379.00
2018/06/21,12.20,12.20,11.45,11.51,787700,9360447.00
2018/06/22,11.58,11.88,11.36,11.69,523850,6141710.50
2018/06/25,11.89,11.98,11.60,11.70,470650,5585917.00
2018/06/26,11.59,11.88,11.20,11.82,764170,8904100.00
2018/06/27,11.85,12.34,11.65,12.19,1551332,18825652.00
2018/06/28,11.99,12.25,11.93,11.95,1031090,12555133.00
2018/06/29,11.95,12.15,11.83,12.09,708900,8608629.00
2018/07/02,12.11,12.25,11.76,11.98,641350,7749136.00
2018/07/03,11.98,12.18,11.87,12.15,600900,7283643.00
2018/07/04,12.29,12.29,11.71,11.76,389100,4696162.00
2018/07/05,11.86,11.86,11.20,11.23,735100,8477428.00
2018/07/06,11.21,11.59,10.94,11.20,808261,9176869.00
2018/07/09,11.12,11.47,11.12,11.33,828000,9414686.00
2018/07/10,11.35,11.68,11.28,11.62,757650,8739813.00
2018/07/11,12.11,12.11,11.40,11.43,2234650,26410104.00
2018/07/12,11.38,11.69,11.25,11.61,1268100,14753126.00
2018/07/13,11.65,11.75,11.54,11.63,669250,7846567.00
2018/07/16,11.67,11.73,11.51,11.62,539117,6316243.50
2018/07/17,11.70,11.70,11.43,11.55,507649,5898871.00
2018/07/18,11.64,11.66,11.50,11.54,432150,5041449.00
2018/07/19,11.54,11.58,11.21,11.30,615517,7032504.00
2018/07/20,11.35,12.44,11.10,11.69,1583321,18817284.00
2018/07/23,11.75,11.75,11.58,11.71,732821,8615262.00
2018/07/24,11.73,11.98,11.60,11.93,1348890,16109263.00
2018/07/25,12.00,12.26,11.81,12.07,1378611,16685263.00
2018/07/26,12.06,12.24,11.94,12.23,1313150,15999042.00
2018/07/27,12.85,13.45,12.28,12.28,2825015,36345112.00
2018/07/30,11.70,12.70,11.70,11.77,1345450,16096032.00
2018/07/31,11.87,11.88,11.70,11.70,621339,7369439.50
2018/08/01,11.80,11.80,11.35,11.76,870800,10179640.00
2018/08/02,11.60,11.62,11.02,11.41,925150,10553772.00
2018/08/03,11.35,11.57,11.20,11.23,472200,5398356.50
2018/08/06,11.29,11.36,11.05,11.20,587350,6618831.00
2018/08/07,11.25,11.46,11.20,11.43,599800,6865611.50
2018/08/08,11.47,11.47,11.20,11.25,362450,4151025.50
2018/08/09,11.29,11.59,11.16,11.40,813400,9395996.00
2018/08/10,11.51,11.60,11.38,11.48,367850,4253087.00
2018/08/13,11.39,11.48,11.22,11.44,402750,4615562.00
2018/08/14,11.50,11.50,11.36,11.40,252550,2912866.00
2018/08/15,11.40,11.45,11.14,11.18,485765,5510953.00
2018/08/16,11.11,11.28,11.03,11.09,370750,4170085.50
2018/08/17,11.24,11.24,10.95,11.04,302000,3373189.00
2018/08/20,11.00,11.17,10.84,11.02,521364,5761289.00
2018/08/21,11.15,11.15,10.90,11.08,385201,4284642.00
2018/08/22,11.10,11.13,10.91,10.93,223950,2487878.00
2018/08/23,11.06,11.06,10.90,10.95,314450,3477337.50
2018/08/24,10.95,10.99,10.80,10.96,301800,3318005.00
2018/08/27,10.99,11.09,10.96,11.06,455650,5076817.50
2018/08/28,11.06,11.17,11.01,11.05,322365,3597896.75
2018/08/29,10.95,11.11,10.95,11.00,449850,4993143.00
2018/08/30,11.02,11.02,10.80,10.86,423750,4645628.00
2018/08/31,10.88,10.90,10.52,10.59,304700,3308939.50
2018/09/03,10.59,10.59,10.17,10.27,652150,6772202.50
2018/09/04,10.21,10.45,10.18,10.44,414921,4323727.00
2018/09/05,10.40,10.46,10.20,10.25,431320,4497243.50
2018/09/06,10.28,11.29,10.12,11.29,2499168,27851626.00
2018/09/07,12.09,12.27,11.32,11.48,5611280,66554524.00
2018/09/10,10.95,11.54,10.73,10.73,3247506,35746504.00
2018/09/11,10.76,10.80,10.46,10.62,1260638,13551072.00
2018/09/12,10.65,10.74,10.55,10.57,949159,10167412.00
2018/09/13,10.65,10.72,10.53,10.62,753088,8074072.00
2018/09/14,10.62,10.68,10.41,10.41,661550,7056140.50
2018/09/17,10.45,10.55,10.33,10.35,465400,4885404.00
2018/09/18,10.32,10.62,10.24,10.56,778100,8207200.50
2018/09/19,10.59,10.65,10.48,10.63,727500,7778129.50
2018/09/20,10.69,10.69,10.53,10.54,480300,5134506.00
2018/09/21,10.50,10.68,10.45,10.65,636000,6787792.50
2018/09/25,10.57,10.99,10.56,10.72,974088,10590175.00
2018/09/26,10.69,10.81,10.65,10.66,690584,7477942.00
2018/09/27,10.62,10.70,10.32,10.34,781850,8258050.50
2018/09/28,10.32,10.49,10.26,10.40,483450,5063481.00
2018/10/08,10.34,10.39,9.92,9.95,416858,4260724.50
2018/10/09,10.06,10.28,9.95,10.16,582450,5933985.00
2018/10/10,10.20,10.31,9.93,10.16,338350,3464939.00
2018/10/11,9.78,9.98,9.13,9.23,1091689,10448659.00
2018/10/12,9.11,9.26,8.82,9.12,650320,5950702.00
2018/10/15,8.50,9.31,8.50,8.94,714200,6460606.50
2018/10/16,8.91,9.07,8.63,8.72,406000,3630899.00
2018/10/17,8.90,8.93,8.68,8.78,375900,3343323.00
2018/10/18,8.71,9.15,8.46,8.93,956750,8539114.00
2018/10/19,9.30,9.30,8.80,9.02,1096100,9967313.00
2018/10/22,9.08,9.93,8.94,9.93,2980667,28863068.00
2018/10/23,9.87,10.93,9.63,10.56,6240714,65621704.00
2018/10/24,10.70,10.70,9.98,10.00,4240953,43578024.00
2018/10/25,9.69,9.83,9.40,9.56,2582300,24943070.00
2018/10/26,9.77,9.77,9.50,9.55,1280060,12401884.00
2018/10/29,9.43,9.62,9.21,9.30,736550,7007689.00
2018/10/30,9.34,9.55,9.24,9.48,1030161,9834277.00
2018/10/31,9.48,9.88,9.48,9.79,1755171,17140944.00
2018/11/01,9.72,9.94,9.67,9.73,1424071,14092642.00
2018/11/02,9.85,9.98,9.73,9.87,1313561,13064060.00
2018/11/05,9.90,10.05,9.81,9.93,1054564,10544123.00
2018/11/06,9.91,10.08,9.64,9.80,817164,8110328.00
2018/11/07,9.89,9.89,9.75,9.82,639350,6343234.50
2018/11/08,9.82,10.06,9.82,9.85,1211700,12178209.00
2018/11/09,9.76,9.90,9.76,9.77,568350,5638763.00
2018/11/12,9.90,10.16,9.72,10.04,1188428,11989837.00
2018/11/13,9.98,10.27,9.90,10.20,1466700,15037505.00
2018/11/14,10.20,10.35,10.12,10.18,1349839,13924723.00
2018/11/15,10.24,10.49,10.11,10.48,1946733,20348914.00
2018/11/16,10.58,11.08,10.41,10.83,2434311,26338846.00
2018/11/19,10.76,10.83,10.47,10.62,1647111,17595904.00
2018/11/20,10.60,10.60,10.29,10.31,991050,10467956.00
2018/11/21,10.26,10.50,10.18,10.43,888000,9269197.00
2018/11/22,10.38,10.61,10.38,10.60,1132450,12031593.00
2018/11/23,10.60,10.60,9.99,10.10,829850,8641984.00
2018/11/26,10.00,10.28,9.92,10.07,511200,5225612.00
2018/11/27,10.27,10.27,10.12,10.22,404400,4159281.50
2018/11/28,10.21,10.55,10.09,10.45,752250,7841857.50
2018/11/29,10.54,10.66,10.24,10.30,1562650,16573750.00
2018/11/30,10.30,10.35,9.97,10.11,972550,9943490.00
2018/12/03,10.31,10.60,10.24,10.44,862400,9069948.00
2018/12/04,10.58,10.79,10.46,10.74,1509129,16171744.00
2018/12/05,10.50,10.68,10.45,10.60,1176650,12535066.00
2018/12/06,10.78,10.78,10.48,10.55,1080750,11515579.00
2018/12/07,10.48,10.64,10.47,10.60,740950,7908238.00
2018/12/10,10.58,10.62,10.30,10.40,731150,7711647.50
2018/12/11,10.43,10.64,10.43,10.56,584450,6213629.50
2018/12/12,10.64,10.65,10.55,10.59,532400,5695855.50
2018/12/13,10.65,11.36,10.56,10.97,2594676,28621428.00
2018/12/14,10.97,10.97,10.60,10.70,1581467,17105128.00
2018/12/17,10.49,10.57,10.21,10.39,1246100,13045546.00
2018/12/18,10.21,10.39,10.05,10.14,898422,9258940.00
2018/12/19,10.22,10.22,10.08,10.13,457326,4683888.50
2018/12/20,10.10,10.45,9.98,10.23,851723,8742827.00
2018/12/21,10.16,10.22,9.96,10.18,558653,5684696.50
2018/12/24,10.20,10.28,9.90,10.18,628485,6405018.50
2018/12/25,10.05,10.18,9.71,10.00,1177409,11727917.00
2018/12/26,10.07,10.07,9.90,9.90,460891,4629498.00
2018/12/27,10.16,10.16,9.70,9.70,603109,6067494.50
2018/12/28,9.68,9.98,9.68,9.76,594473,5893208.50
2019/01/02,9.85,9.93,9.41,9.78,405250,3991805.00
2019/01/03,9.75,10.00,9.66,9.72,463150,4590105.00
2019/01/04,9.69,10.70,9.68,10.35,2257300,23573848.00
2019/01/07,10.22,10.70,10.16,10.44,2556726,27026586.00
2019/01/08,10.33,10.50,10.21,10.23,1299426,13542760.00
2019/01/09,10.32,10.49,10.26,10.31,1011845,10581209.00
2019/01/10,10.28,10.39,10.28,10.35,738614,7720541.50
2019/01/11,10.38,10.57,10.30,10.48,959858,10116633.00
2019/01/14,10.58,10.77,10.32,10.43,652214,6860958.00
2019/01/15,10.41,10.52,10.35,10.51,782602,8264777.00
2019/01/16,10.55,11.05,10.40,10.92,2850589,30933432.00
2019/01/17,10.79,11.18,10.74,11.02,2447967,27061044.00
2019/01/18,11.01,11.01,10.60,10.92,2031000,22154636.00
2019/01/21,10.91,11.27,10.71,11.12,4086803,45204184.00
2019/01/22,11.12,11.22,10.76,10.84,2354635,25916142.00
2019/01/23,11.10,11.10,10.56,10.77,2217942,23992982.00
2019/01/24,10.69,10.85,10.58,10.80,1157811,12548549.00
2019/01/25,10.84,10.89,10.67,10.67,927311,10108748.00
2019/01/28,10.87,10.87,10.61,10.70,598400,6473313.00
2019/01/29,10.78,10.78,10.37,10.70,952878,10171831.00
2019/01/30,10.77,10.78,10.41,10.45,778050,8297250.50
2019/01/31,10.40,10.65,10.24,10.24,915050,9644570.00
2019/02/01,10.44,10.88,10.35,10.76,1103711,11858725.00
2019/02/11,11.01,11.01,10.66,10.95,1120400,12288336.00
2019/02/12,10.95,11.10,10.76,11.08,1544742,17030460.00
2019/02/13,11.08,11.17,10.90,11.14,2008320,22394080.00
2019/02/14,11.10,11.23,10.95,11.23,2162758,24221204.00
2019/02/15,11.23,11.23,11.06,11.10,1346350,15108285.00
2019/02/18,11.13,11.84,11.09,11.51,3035663,34776204.00
2019/02/19,11.55,11.67,11.35,11.64,3179611,37027232.00
2019/02/20,11.59,11.74,11.43,11.71,1655376,19328938.00
2019/02/21,11.69,11.97,11.64,11.92,3182716,37733304.00
2019/02/22,11.90,12.80,11.75,12.50,4445547,55008680.00
2019/02/25,12.54,13.08,12.54,12.78,4355883,56455124.00
2019/02/26,12.78,13.15,12.56,12.79,3280560,42554172.00
2019/02/27,12.79,13.45,12.76,12.94,3435061,45382228.00
2019/02/28,12.94,13.22,12.82,13.14,2111300,27731652.00
2019/03/01,13.14,13.20,12.77,13.03,2544550,33306394.00
2019/03/04,13.21,13.28,12.86,12.91,3598611,47330956.00
2019/03/05,12.99,13.00,12.75,12.99,2486900,32263490.00
2019/03/06,12.98,13.43,12.82,13.25,3134250,41500520.00
2019/03/07,13.24,13.36,12.93,13.27,2586002,34255684.00
2019/03/08,13.07,13.11,12.43,12.45,2331346,30278218.00
2019/03/11,12.35,13.45,12.35,13.37,2566517,33869600.00
2019/03/12,13.45,13.65,13.15,13.40,3281850,44231332.00
2019/03/13,13.40,13.44,12.66,12.75,2622600,34345504.00
2019/03/14,12.68,12.95,12.60,12.80,2239546,28812968.00
2019/03/15,12.87,12.90,12.69,12.82,1333547,17158098.00
2019/03/18,12.92,13.04,12.58,12.90,1736502,22391170.00
2019/03/19,13.01,13.12,12.91,12.92,1378952,18067460.00
2019/03/20,12.92,13.02,12.66,12.80,1370900,17745872.00
2019/03/21,12.88,13.04,12.66,12.98,1377503,17986642.00
2019/03/22,12.99,13.06,12.75,13.06,1153954,15017557.00
2019/03/25,12.82,13.37,12.71,13.19,2124100,28073062.00
2019/03/26,13.12,13.60,12.90,12.90,3271051,44044100.00
2019/03/27,12.84,13.42,12.84,13.37,2435172,32370088.00
2019/03/28,13.30,14.11,13.30,13.80,4321408,59951712.00
2019/03/29,13.75,14.58,13.63,14.17,4661122,66551176.00
2019/04/01,14.52,15.60,14.16,15.20,7137305,106677976.00
2019/04/02,15.23,15.57,14.90,14.91,3106446,47230216.00
2019/04/03,15.03,15.20,14.76,14.98,1874565,28206986.00
2019/04/04,15.00,15.61,14.97,15.44,3484262,53789672.00
2019/04/08,15.62,15.62,14.55,14.96,2751034,41803656.00
2019/04/09,14.99,15.12,14.75,14.85,1276150,19092052.00
2019/04/10,14.91,14.91,14.48,14.52,1980171,29131318.00
2019/04/11,14.57,14.93,14.41,14.65,1584249,23464468.00
2019/04/12,14.69,14.85,14.42,14.44,1016075,14906741.00
2019/04/15,14.51,14.79,14.19,14.19,996845,14544228.00
2019/04/16,14.18,14.68,14.12,14.56,1183536,17185260.00
2019/04/17,14.56,14.88,14.49,14.85,1281164,18981880.00
2019/04/18,14.85,14.85,14.45,14.63,904976,13351697.00
2019/04/19,14.41,15.25,14.33,15.11,2292372,34058992.00
2019/04/22,15.12,15.50,14.97,15.09,2330666,35816292.00
2019/04/23,15.05,16.26,15.00,16.08,4634494,73141344.00
2019/04/24,16.21,17.53,15.90,17.37,5175929,88387352.00
2019/04/25,17.36,17.36,16.28,16.53,3345105,56728104.00
2019/04/26,16.53,16.56,15.74,15.85,2125376,34191472.00
2019/04/29,16.04,16.51,15.31,15.42,2284376,36635528.00
2019/04/30,15.98,16.08,15.42,15.77,2108737,33600224.00
2019/05/06,15.45,16.54,15.14,15.42,3029700,47820748.00
2019/05/07,15.41,16.40,15.21,15.98,2575973,41057320.00
2019/05/08,15.97,16.15,15.53,16.00,2607048,41689040.00
2019/05/09,15.68,16.18,15.60,15.86,1661374,26632750.00
2019/05/10,15.90,17.33,15.90,17.01,3526585,58717836.00
2019/05/13,16.92,18.15,16.81,17.74,4493689,79477552.00
2019/05/14,17.20,18.35,17.05,17.45,2871572,51499728.00
2019/05/15,17.63,17.79,17.22,17.49,1398916,24615292.00
2019/05/16,17.49,17.68,17.07,17.18,1514841,26259290.00
2019/05/17,17.45,17.49,16.57,16.61,1606708,27474280.00
2019/05/20,16.56,16.70,15.70,16.50,1992100,32478566.00
2019/05/21,16.49,17.47,16.40,17.45,2073250,35680772.00
2019/05/22,17.45,17.61,16.83,16.99,1414900,24373778.00
2019/05/23,16.80,17.24,16.26,17.00,1225359,20701666.00
2019/05/24,17.00,17.22,15.90,16.79,2352762,39095232.00
2019/05/27,16.33,17.06,16.20,16.83,1436137,24207208.00
2019/05/28,16.83,17.18,16.64,16.70,911426,15486732.00
2019/05/29,16.89,16.89,16.43,16.78,549668,9221446.00
2019/05/30,16.78,17.00,16.46,16.93,958597,16200644.00
2019/05/31,16.98,17.66,16.83,17.57,2242224,39309796.00
2019/06/03,17.67,17.82,16.91,16.96,1526059,26467688.00
2019/06/04,17.01,17.08,15.26,15.32,3411498,54869580.00
2019/06/05,15.47,16.08,15.01,15.50,2037612,31835680.00
2019/06/06,15.53,15.59,14.07,14.34,2592550,37887852.00
2019/06/10,14.89,14.89,13.97,14.18,1649693,23799656.00
2019/06/11,14.19,15.05,14.15,15.04,1465458,21784592.00
2019/06/12,15.04,15.15,14.50,14.52,1225641,18118910.00
2019/06/13,14.42,15.60,14.29,15.31,2128079,32254188.00
2019/06/14,15.34,15.45,14.81,14.98,1104765,16788334.00
2019/06/17,14.91,15.04,14.51,14.58,902352,13306000.00
2019/06/18,14.90,14.96,14.40,14.62,636519,9313195.00
2019/06/19,15.11,15.80,14.76,15.08,1452740,22093394.00
2019/06/20,15.08,15.40,14.73,15.26,1232634,18727442.00
2019/06/21,15.37,15.69,15.37,15.45,834743,12973420.00
2019/06/24,15.60,16.17,15.60,15.86,1041322,16580008.00
2019/06/25,15.86,16.09,15.49,15.73,804472,12589613.00
2019/06/26,15.60,15.89,15.55,15.69,458042,7222458.50
2019/06/27,15.50,16.08,15.41,15.74,1093850,17201436.00
2019/06/28,15.54,15.93,15.54,15.83,910301,14378502.00
2019/07/01,16.16,16.45,16.00,16.44,1170600,18993092.00
2019/07/02,16.46,17.27,16.46,17.18,2730175,46557340.00
2019/07/03,18.90,18.90,17.91,18.21,7569923,139899408.00
2019/07/04,18.18,18.90,17.67,17.90,4431116,81344656.00
2019/07/05,17.76,17.96,17.41,17.49,2538667,44668804.00
2019/07/08,17.46,18.20,17.01,17.38,2411644,42417932.00
2019/07/09,17.08,17.96,17.08,17.61,1721359,30228970.00
2019/07/10,17.70,17.70,17.11,17.34,1416969,24631074.00
2019/07/11,17.58,17.59,16.89,16.93,1208155,20743828.00
2019/07/12,17.09,17.50,16.87,17.11,1444200,24877190.00
2019/07/15,17.11,17.46,16.61,17.35,1279969,21940576.00
2019/07/16,17.43,17.58,17.20,17.40,1510480,26379362.00
2019/07/17,17.50,17.51,17.10,17.19,834628,14401078.00
2019/07/18,17.01,17.15,16.51,16.70,1197650,20155382.00
2019/07/19,16.68,17.00,16.67,17.00,1088716,18343976.00
2019/07/22,16.90,17.11,16.41,16.94,1260650,21092302.00
2019/07/23,16.62,17.10,16.62,16.99,614795,10417753.00
2019/07/24,16.99,17.29,16.87,17.15,723782,12396465.00
2019/07/25,17.00,17.28,16.81,17.17,727550,12453878.00
2019/07/26,17.06,17.71,16.93,17.67,1254562,21912396.00
2019/07/29,17.36,17.81,17.36,17.46,983400,17205936.00
2019/07/30,17.51,17.52,17.30,17.32,799034,13887124.00
2019/07/31,17.33,17.52,17.21,17.24,485367,8408693.00
2019/08/01,17.35,17.39,16.81,16.86,1114755,18900180.00
2019/08/02,16.72,17.15,16.58,16.85,686650,11605830.00
2019/08/05,16.69,16.97,16.54,16.64,840446,14101347.00
2019/08/06,16.31,16.47,15.26,16.43,1533301,24476086.00
2019/08/07,16.33,16.88,15.94,16.09,838350,13602542.00
2019/08/08,16.33,16.33,16.01,16.03,361750,5840874.50
2019/08/09,16.19,16.65,16.00,16.06,654000,10636642.00
2019/08/12,16.28,16.30,15.90,16.27,566026,9122521.00
2019/08/13,16.40,16.40,15.83,16.02,453175,7266464.00
2019/08/14,16.33,16.33,15.91,16.05,648100,10401318.00
2019/08/15,15.77,16.10,15.68,15.78,772700,12240242.00
2019/08/16,15.89,16.04,15.69,15.77,762800,12074278.00
2019/08/19,15.79,16.05,15.69,15.92,1217000,19291608.00
2019/08/20,15.99,15.99,15.61,15.61,986094,15493026.00
2019/08/21,15.63,16.33,15.43,16.32,1687574,26892878.00
2019/08/22,16.31,16.44,16.02,16.41,1602455,26052200.00
2019/08/23,16.47,16.55,16.20,16.42,1034055,17015836.00
2019/08/26,15.98,16.26,15.90,16.06,845700,13543288.00
2019/08/27,16.12,16.69,16.12,16.63,1142781,18784172.00
2019/08/28,17.83,17.88,16.73,16.76,2479784,42397848.00
2019/08/29,17.00,18.10,16.80,17.75,3634956,63772268.00
2019/08/30,17.90,17.99,17.30,17.33,2346400,41261468.00
2019/09/02,17.33,19.06,17.33,18.72,4476465,82938008.00
2019/09/03,18.88,18.95,18.30,18.66,1937897,36022856.00
2019/09/04,18.38,18.96,18.35,18.68,1807947,33671624.00
2019/09/05,18.98,20.12,18.97,19.50,3575564,70319976.00
2019/09/06,19.60,19.98,19.54,19.71,2519580,49801404.00
2019/09/09,20.59,20.66,19.81,20.60,3040005,62005308.00
2019/09/10,20.61,20.98,20.06,20.37,2213254,45218328.00
2019/09/11,20.22,20.58,20.08,20.57,1805802,36734956.00
2019/09/12,20.20,20.55,19.51,20.11,2249850,44740784.00
2019/09/16,20.36,20.36,19.84,20.13,1184343,23873180.00
2019/09/17,20.16,20.68,19.82,19.90,1606185,32405284.00
2019/09/18,19.81,21.20,19.81,20.92,2790024,57963512.00
2019/09/19,21.00,21.12,20.23,21.05,1996087,41164184.00
2019/09/20,20.78,21.05,20.55,20.93,1175120,24383764.00
2019/09/23,20.93,20.93,20.11,20.18,1523895,31005872.00
2019/09/24,20.32,21.30,20.23,20.97,2451738,51375376.00
2019/09/25,20.69,20.92,20.42,20.76,1132280,23356864.00
2019/09/26,20.60,20.98,20.05,20.29,876778,17931992.00
2019/09/27,20.37,20.87,20.05,20.68,881655,18223310.00
2019/09/30,20.60,21.19,20.40,20.60,732604,15152038.00
2019/10/08,20.60,20.97,19.82,20.61,1331317,27110434.00
2019/10/09,21.18,22.60,21.18,22.55,5568254,122753240.00
2019/10/10,22.55,24.18,22.18,23.50,4585561,106184864.00
2019/10/11,23.30,24.26,23.30,23.52,2694151,63616716.00
2019/10/14,23.80,24.19,22.99,23.17,2710498,63684548.00
2019/10/15,23.58,23.59,22.71,23.01,2027430,46965252.00
2019/10/16,23.25,25.31,23.25,25.31,5700252,140098112.00
2019/10/17,24.67,25.49,24.30,25.05,3948594,97916992.00
2019/10/18,24.80,25.00,23.90,24.61,2760226,67261264.00
2019/10/21,24.38,24.38,23.00,23.77,2764051,65246956.00
2019/10/22,23.06,24.18,23.06,24.15,1911834,45530760.00
2019/10/23,24.16,24.55,23.05,23.05,2668815,62816936.00
2019/10/24,23.48,25.00,23.48,24.89,4131237,100783704.00
2019/10/25,24.64,25.37,23.88,24.29,3917298,95828160.00
2019/10/28,24.90,25.47,23.60,24.60,4582722,112462048.00
2019/10/29,24.29,25.30,23.80,25.00,3305457,81407656.00
2019/10/30,24.60,27.25,24.57,27.05,5920240,155940128.00
2019/10/31,26.89,27.47,26.19,26.84,3132565,84204744.00
2019/11/01,26.84,29.52,26.60,29.52,5929842,171076016.00
数据来源:通达信
