002157 正邦科技 日线 前复权
      日期	    开盘	    最高	    最低	    收盘	    成交量	    成交额
2013/09/02,1.92,2.01,1.89,2.01,7523082,48815268.00
2013/09/03,2.00,2.05,1.99,2.01,7193054,47795192.00
2013/09/04,2.02,2.02,1.93,1.95,7407584,47706404.00
2013/09/05,1.94,1.96,1.92,1.94,2578839,16467105.00
2013/09/06,1.94,1.94,1.92,1.92,3157817,20073990.00
2013/09/09,1.94,1.95,1.91,1.94,5527277,35191464.00
2013/09/10,1.95,2.08,1.93,2.04,15448745,102241272.00
2013/09/11,2.04,2.04,1.93,1.96,12246776,79361568.00
2013/09/12,1.94,2.01,1.92,1.98,7881646,50934068.00
2013/09/13,2.05,2.09,1.98,2.00,12933345,86021664.00
2013/09/16,1.98,1.99,1.94,1.98,5161941,33479708.00
2013/09/17,1.96,1.98,1.93,1.93,4731738,30415222.00
2013/09/18,1.94,1.96,1.92,1.95,3148574,20087426.00
2013/09/23,1.95,1.98,1.93,1.97,4169473,26907704.00
2013/09/24,1.98,1.98,1.92,1.94,4087708,26154604.00
2013/09/25,1.93,2.02,1.92,2.00,10965852,71526816.00
2013/09/26,2.01,2.06,1.96,2.03,17744993,117838960.00
2013/09/27,2.00,2.03,1.84,1.95,8739706,56265076.00
2013/09/30,1.94,1.97,1.92,1.95,4992991,31963592.00
2013/10/08,1.94,1.97,1.90,1.96,5916207,37888536.00
2013/10/09,1.95,2.00,1.92,2.00,7325678,47244228.00
2013/10/10,2.00,2.01,1.96,1.98,6127393,40016060.00
2013/10/11,1.99,2.03,1.99,2.02,8063206,53287624.00
2013/10/14,2.02,2.13,2.01,2.10,15264638,104488448.00
2013/10/15,2.09,2.13,2.06,2.09,7337279,50245220.00
2013/10/16,2.09,2.13,1.99,2.01,7626206,51297960.00
2013/10/17,2.01,2.06,2.01,2.04,4748037,31801580.00
2013/10/18,2.03,2.03,1.99,2.00,3992460,26297490.00
2013/10/21,2.01,2.10,2.01,2.08,10063775,68162072.00
2013/10/22,2.08,2.25,2.05,2.21,22525804,160236800.00
2013/10/23,2.19,2.26,2.12,2.17,13590166,97229304.00
2013/10/24,2.14,2.19,2.13,2.17,5219326,36962936.00
2013/10/25,2.16,2.19,2.04,2.07,6786078,46669092.00
2013/10/28,2.08,2.16,2.01,2.03,6008946,40798524.00
2013/10/29,2.03,2.04,1.81,1.87,9896504,62373888.00
2013/10/30,1.87,1.89,1.84,1.87,3853874,23803810.00
2013/10/31,1.87,1.89,1.83,1.86,3267276,20139914.00
2013/11/01,1.86,1.86,1.73,1.83,6678786,39989728.00
2013/11/04,1.83,1.84,1.81,1.83,2350283,14255512.00
2013/11/05,1.83,1.90,1.81,1.89,4184023,25861572.00
2013/11/06,2.10,2.10,2.10,2.10,6810147,46853812.00
2013/11/07,2.13,2.19,2.03,2.14,21994736,152439216.00
2013/11/08,2.10,2.13,2.04,2.08,8098911,55364116.00
2013/11/11,2.06,2.15,2.05,2.09,5716074,39518692.00
2013/11/12,2.08,2.09,1.96,2.00,7052652,46603956.00
2013/11/13,1.99,2.00,1.91,1.97,3956703,25579328.00
2013/11/14,1.93,1.98,1.93,1.97,2223653,14365842.00
2013/11/15,1.97,2.07,1.95,2.02,4081501,27091698.00
2013/11/18,2.02,2.16,2.02,2.12,8413635,58178176.00
2013/11/19,2.12,2.17,2.09,2.16,6021826,41863420.00
2013/11/20,2.16,2.16,2.12,2.13,4904889,34277180.00
2013/11/21,2.11,2.22,2.11,2.22,11070847,79458104.00
2013/11/22,2.21,2.36,2.20,2.26,17601377,131167800.00
2013/11/25,2.23,2.36,2.19,2.28,10505531,78199536.00
2013/11/26,2.24,2.29,2.21,2.24,5799786,42383064.00
2013/11/27,2.23,2.26,2.21,2.26,6513108,47587324.00
2013/11/28,2.25,2.29,2.22,2.25,3924363,28712002.00
2013/11/29,2.23,2.26,2.19,2.21,3589594,26023900.00
2013/12/02,2.17,2.20,2.02,2.04,6376635,43846804.00
2013/12/03,2.04,2.26,2.04,2.26,9848338,71092424.00
2013/12/04,2.32,2.47,2.25,2.38,19123253,146225232.00
2013/12/05,2.42,2.46,2.35,2.37,10779777,83946488.00
2013/12/06,2.37,2.50,2.32,2.44,17287736,136606256.00
2013/12/09,2.44,2.63,2.44,2.57,15969638,132101008.00
2013/12/10,2.55,2.56,2.47,2.53,6490247,52776088.00
2013/12/11,2.51,2.51,2.37,2.44,10110163,79575064.00
2013/12/12,2.42,2.46,2.37,2.43,9736388,76402352.00
2013/12/13,2.42,2.43,2.37,2.38,5178838,40215360.00
2013/12/16,2.39,2.49,2.33,2.37,7591780,59280504.00
2013/12/17,2.38,2.40,2.31,2.38,3889792,29697072.00
2013/12/18,2.38,2.42,2.35,2.37,3277287,25221570.00
2013/12/19,2.38,2.41,2.27,2.29,4120778,31114608.00
2013/12/20,2.27,2.30,2.17,2.21,6721657,48894516.00
2013/12/23,2.22,2.23,2.12,2.21,3768322,26919324.00
2013/12/24,2.22,2.32,2.19,2.27,4173455,30720700.00
2013/12/25,2.28,2.30,2.22,2.26,3435500,25251814.00
2013/12/26,2.26,2.27,2.18,2.18,3864508,27920712.00
2013/12/27,2.18,2.34,2.16,2.34,6809972,50331300.00
2013/12/30,2.35,2.44,2.33,2.42,7854906,60920228.00
2013/12/31,2.42,2.46,2.37,2.40,4957478,38690192.00
2014/01/02,2.41,2.45,2.37,2.42,4718068,37064664.00
2014/01/03,2.41,2.41,2.30,2.32,5726112,43311328.00
2014/01/06,2.29,2.34,2.24,2.25,2554774,18939924.00
2014/01/07,2.25,2.27,2.21,2.23,2452666,17881534.00
2014/01/08,2.23,2.26,2.20,2.26,2791745,20313852.00
2014/01/09,2.23,2.28,2.21,2.21,2395830,17532948.00
2014/01/10,2.20,2.21,2.03,2.10,3976542,27651698.00
2014/01/13,2.10,2.18,2.09,2.11,2275366,15864274.00
2014/01/14,2.12,2.17,2.10,2.12,2701243,18773870.00
2014/01/15,2.12,2.18,2.12,2.15,3128453,21981542.00
2014/01/16,2.15,2.17,2.06,2.09,3757908,25882380.00
2014/01/17,2.09,2.09,2.03,2.04,2543670,17140960.00
2014/01/20,2.05,2.09,1.95,1.96,3493217,23133416.00
2014/01/21,1.97,2.00,1.96,1.98,4202585,27369120.00
2014/01/22,1.98,2.03,1.96,2.02,9122351,59698188.00
2014/01/23,2.01,2.03,1.98,1.99,5822419,38381452.00
2014/01/24,1.99,2.05,1.97,2.05,4811248,31958638.00
2014/01/27,2.02,2.03,2.00,2.00,4307250,28526202.00
2014/01/28,2.03,2.03,1.87,1.94,4830134,30949356.00
2014/01/29,1.93,2.02,1.92,2.01,3428075,22200058.00
2014/01/30,2.01,2.04,1.99,2.01,3248592,21598742.00
2014/02/07,1.97,2.02,1.96,2.02,3107044,20385992.00
2014/02/10,2.03,2.07,2.02,2.06,7704651,51853420.00
2014/02/11,2.07,2.14,2.04,2.13,9240842,63586144.00
2014/02/12,2.12,2.17,2.11,2.16,7396325,51692540.00
2014/02/13,2.15,2.18,2.11,2.11,6684068,47157132.00
2014/02/14,2.11,2.31,2.11,2.20,12438864,89643856.00
2014/02/17,2.23,2.26,2.18,2.23,8077371,58659332.00
2014/02/18,2.22,2.37,2.22,2.30,9327418,69377984.00
2014/02/19,2.30,2.30,2.22,2.24,8866973,64761660.00
2014/02/20,2.24,2.27,2.13,2.16,7760424,55123500.00
2014/02/21,2.16,2.21,2.13,2.17,5116803,36278900.00
2014/02/24,2.16,2.17,2.09,2.12,4937420,34303816.00
2014/02/25,2.14,2.15,1.95,1.99,5551051,37424816.00
2014/02/26,1.99,2.06,1.96,2.03,3964502,26340304.00
2014/02/27,2.04,2.06,1.97,1.98,4216003,27833248.00
2014/02/28,2.00,2.02,1.95,2.02,2465465,16067647.00
2014/03/03,2.02,2.06,1.99,2.03,3385978,22609632.00
2014/03/04,2.03,2.03,1.97,2.01,3555771,23439236.00
2014/03/05,2.01,2.02,1.98,2.00,2570949,16898544.00
2014/03/06,2.00,2.01,1.97,2.00,2650315,17351078.00
2014/03/07,2.00,2.04,2.00,2.02,3798543,25237822.00
2014/03/10,2.04,2.06,2.01,2.01,5197710,34788584.00
2014/03/11,2.01,2.01,1.94,1.99,2397607,15572209.00
2014/03/12,1.97,2.01,1.95,1.97,1486195,9660387.00
2014/03/13,1.97,1.99,1.92,1.94,3952051,25488940.00
2014/03/14,1.93,1.93,1.84,1.88,5236612,32504530.00
2014/03/17,1.88,1.91,1.86,1.91,2652208,16559999.00
2014/03/18,1.91,1.95,1.88,1.92,3893411,24638954.00
2014/03/19,1.92,1.94,1.91,1.92,2542973,16106429.00
2014/03/20,1.92,1.96,1.92,1.92,3456867,22131336.00
2014/03/21,1.92,1.96,1.88,1.96,3100887,19726708.00
2014/03/24,1.95,2.03,1.94,2.01,2868889,18754588.00
2014/03/25,2.01,2.03,1.98,1.99,2556350,16862520.00
2014/03/26,2.00,2.01,1.99,2.00,1541052,10148631.00
2014/03/27,2.00,2.01,1.97,1.98,1649228,10818913.00
2014/03/28,1.98,2.01,1.97,1.98,2266131,14854576.00
2014/03/31,1.90,1.90,1.76,1.80,6818717,40861168.00
2014/04/01,1.81,1.82,1.78,1.82,2541659,15187057.00
2014/04/02,1.81,1.82,1.78,1.80,2435581,14532305.00
2014/04/03,1.79,1.81,1.79,1.81,1900617,11378623.00
2014/04/04,1.81,1.83,1.80,1.83,1591735,9620611.00
2014/04/08,1.83,1.86,1.82,1.85,1352275,8286658.50
2014/04/09,1.86,1.87,1.84,1.85,2298132,14124970.00
2014/04/10,1.86,1.89,1.85,1.88,1937195,11950830.00
2014/04/11,1.88,1.93,1.84,1.89,2599613,16179614.00
2014/04/14,1.89,2.09,1.88,2.03,11303634,74986928.00
2014/04/15,2.01,2.11,2.00,2.05,8609933,58049108.00
2014/04/16,2.04,2.14,2.01,2.14,10238882,70696776.00
2014/04/17,2.11,2.17,2.08,2.15,8700087,60903404.00
2014/04/18,2.15,2.15,2.09,2.11,4553706,31494718.00
2014/04/21,2.07,2.11,2.04,2.05,4667153,31664534.00
2014/04/22,2.06,2.07,1.99,2.06,4629493,30966582.00
2014/04/23,2.05,2.06,1.97,2.00,2359632,15614544.00
2014/04/24,1.98,2.02,1.98,2.00,1688791,11113699.00
2014/04/25,1.99,2.02,1.82,1.84,4834597,30780670.00
2014/04/28,1.83,1.87,1.80,1.84,1938447,11808920.00
2014/04/29,1.83,1.88,1.82,1.88,1538511,9467834.00
2014/04/30,1.88,1.90,1.85,1.87,1213329,7529061.50
2014/05/05,1.89,2.08,1.85,2.03,7504266,50170848.00
2014/05/06,2.01,2.13,2.00,2.10,8743537,59577700.00
2014/05/07,2.08,2.24,2.04,2.16,9744867,68772752.00
2014/05/08,2.15,2.24,2.12,2.12,6767317,48261660.00
2014/05/09,2.12,2.14,2.03,2.12,4979501,34115116.00
2014/05/12,2.13,2.16,2.09,2.14,3547029,24713744.00
2014/05/13,2.16,2.17,2.11,2.13,2381853,16652920.00
2014/05/14,2.13,2.31,2.11,2.30,10587691,76449752.00
2014/05/15,2.27,2.35,2.22,2.22,10659095,78713032.00
2014/05/16,2.21,2.27,2.17,2.23,3265252,23578642.00
2014/05/19,2.22,2.26,2.18,2.19,5249684,37803676.00
2014/05/20,2.21,2.25,2.14,2.19,4986522,35757888.00
2014/05/21,2.17,2.18,2.12,2.17,1958967,13792837.00
2014/05/22,2.18,2.19,2.07,2.08,5262597,36572020.00
2014/05/23,2.07,2.12,2.06,2.09,2006839,13742228.00
2014/05/26,2.10,2.16,2.08,2.15,3680381,25611588.00
2014/05/27,2.15,2.27,2.14,2.22,6715517,48508392.00
2014/05/28,2.23,2.25,2.18,2.22,2685076,19345888.00
2014/05/29,2.22,2.23,2.12,2.15,3897496,27499812.00
2014/05/30,2.15,2.16,2.11,2.15,1495474,10463728.00
2014/06/03,2.17,2.17,2.09,2.10,1734373,12045846.00
2014/06/04,2.09,2.10,2.02,2.07,3431395,22999284.00
2014/06/05,2.06,2.09,2.03,2.07,3286629,22241746.00
2014/06/06,2.09,2.13,2.04,2.08,5006242,33940552.00
2014/06/09,2.06,2.12,2.06,2.09,3032656,20848070.00
2014/06/10,2.09,2.27,2.06,2.20,5523445,39341660.00
2014/06/11,2.18,2.20,2.15,2.18,2219330,15761828.00
2014/06/12,2.17,2.24,2.17,2.19,2794330,20146948.00
2014/06/13,2.19,2.25,2.18,2.20,2391282,17276084.00
2014/06/16,2.21,2.30,2.19,2.25,4805017,35294356.00
2014/06/17,2.24,2.24,2.17,2.17,3955672,28291442.00
2014/06/18,2.17,2.21,2.15,2.20,2029024,14462456.00
2014/06/19,2.20,2.25,2.10,2.10,3440983,24628654.00
2014/06/20,2.09,2.17,2.08,2.14,3024114,20915696.00
2014/06/23,2.16,2.22,2.16,2.19,2121649,15216892.00
2014/06/24,2.17,2.22,2.16,2.21,2276374,16327229.00
2014/06/25,2.23,2.25,2.19,2.22,2015897,14562258.00
2014/06/26,2.23,2.28,2.21,2.24,4582805,33620664.00
2014/06/27,2.24,2.26,2.21,2.24,2563862,18596472.00
2014/06/30,2.24,2.29,2.22,2.28,3705927,27117744.00
2014/07/01,2.26,2.28,2.23,2.25,1960193,14338395.00
2014/07/02,2.24,2.28,2.22,2.22,3155371,22855000.00
2014/07/03,2.23,2.24,2.19,2.24,3257935,23408626.00
2014/07/04,2.23,2.23,2.19,2.21,2613227,18713998.00
2014/07/07,2.22,2.24,2.21,2.22,2473408,17855188.00
2014/07/08,2.21,2.44,2.21,2.37,14774005,111702736.00
2014/07/09,2.36,2.44,2.34,2.36,9465023,73431424.00
2014/07/10,2.33,2.45,2.33,2.36,5491039,42475152.00
2014/07/11,2.32,2.44,2.30,2.43,6806810,52099368.00
2014/07/14,2.42,2.65,2.42,2.62,11316174,93844352.00
2014/07/15,2.62,2.78,2.58,2.69,11530467,99361440.00
2014/07/16,2.66,2.80,2.61,2.70,9941956,87428152.00
2014/07/17,2.72,2.84,2.69,2.73,8697204,77233280.00
2014/07/18,2.72,2.79,2.69,2.69,6435800,56334440.00
2014/07/21,2.67,2.90,2.60,2.82,5912374,52226004.00
2014/07/22,2.79,3.12,2.72,3.12,13498991,128868200.00
2014/07/23,3.12,3.23,3.02,3.12,12478450,124673064.00
2014/07/24,3.14,3.16,2.99,3.05,4516342,43963292.00
2014/07/25,3.07,3.12,2.92,3.09,5296502,50815124.00
2014/07/28,3.08,3.24,2.99,3.20,6873072,68270320.00
2014/07/29,3.20,3.26,3.12,3.24,4915052,49685160.00
2014/07/30,3.19,3.39,3.16,3.20,5253022,53958184.00
2014/07/31,3.22,3.29,3.06,3.21,5856410,58862464.00
2014/08/01,3.15,3.51,3.12,3.37,8521070,89728152.00
2014/08/04,3.38,3.45,3.26,3.40,5927970,62865784.00
2014/08/05,3.40,3.40,3.21,3.29,7414886,76928616.00
2014/08/06,3.28,3.29,3.13,3.23,5957336,60326828.00
2014/08/07,3.21,3.21,3.01,3.10,8709843,85784120.00
2014/08/08,3.09,3.17,3.02,3.13,4691363,46142324.00
2014/08/11,3.18,3.46,3.18,3.46,14150540,149843520.00
2014/08/12,3.55,3.62,3.39,3.55,11391769,126232752.00
2014/08/13,3.55,3.55,3.37,3.45,8135380,88778728.00
2014/08/14,3.42,3.45,3.29,3.30,7397323,78448944.00
2014/08/15,3.26,3.35,3.26,3.32,3658858,38391680.00
2014/08/18,3.32,3.37,3.21,3.31,6249720,64795240.00
2014/08/19,3.30,3.42,3.25,3.29,5990712,62768360.00
2014/08/20,3.31,3.31,3.15,3.17,6195752,62741348.00
2014/08/21,3.19,3.20,3.07,3.09,6186547,61044436.00
2014/08/22,3.09,3.19,3.09,3.15,5301465,52751212.00
2014/08/25,3.17,3.20,3.05,3.08,3743067,36880140.00
2014/08/26,3.07,3.13,2.89,3.12,7397943,70440608.00
2014/08/27,3.07,3.23,3.00,3.19,8854796,88310792.00
2014/08/28,3.15,3.19,3.02,3.02,4880091,47762964.00
2014/08/29,3.01,3.07,2.95,3.02,3048494,29092876.00
2014/09/01,3.04,3.13,2.99,3.10,4643352,44932164.00
2014/09/02,3.09,3.15,3.06,3.13,3193259,31450922.00
2014/09/03,3.13,3.26,3.13,3.18,4906409,49432740.00
2014/09/04,3.19,3.19,3.11,3.16,4325213,42997908.00
2014/09/05,3.16,3.16,3.03,3.11,6218148,60760732.00
2014/09/09,3.10,3.10,3.06,3.08,2710583,26533704.00
2014/09/10,3.08,3.11,3.03,3.10,4603614,44795000.00
2014/09/11,3.11,3.12,3.04,3.07,4366765,42713112.00
2014/09/12,3.06,3.09,3.05,3.08,3646769,35572952.00
2014/09/15,3.08,3.39,3.08,3.33,13289191,135783360.00
2014/09/16,3.34,3.34,3.17,3.21,10329311,106980584.00
2014/09/17,3.21,3.31,3.09,3.28,9421752,94805544.00
2014/09/18,3.25,3.41,3.19,3.31,7983697,84069216.00
2014/09/19,3.31,3.37,3.30,3.33,4191593,44207088.00
2014/09/22,3.30,3.30,3.16,3.16,4629280,46868088.00
2014/09/23,3.17,3.20,3.15,3.18,2388494,23986148.00
2014/09/24,3.17,3.19,3.11,3.18,5029652,50190976.00
2014/09/25,3.18,3.19,3.11,3.12,4132632,41284860.00
2014/09/26,3.13,3.18,3.12,3.15,3861123,38552708.00
2014/09/29,3.17,3.18,3.13,3.15,3768768,37693552.00
2014/09/30,3.14,3.23,3.14,3.23,5494856,55578020.00
2014/10/08,3.25,3.33,3.25,3.29,7329546,76271592.00
2014/10/09,3.30,3.32,3.22,3.31,5651750,58307772.00
2014/10/10,3.29,3.29,3.19,3.19,5476246,56281048.00
2014/10/13,3.19,3.19,3.08,3.10,6118493,60310424.00
2014/10/14,3.11,3.12,3.02,3.05,4459854,43441688.00
2014/10/15,3.05,3.07,3.04,3.06,2803835,27215576.00
2014/10/16,3.05,3.06,2.92,2.94,6610337,62899384.00
2014/10/17,2.92,2.93,2.65,2.77,8017157,71202600.00
2014/10/20,2.77,2.81,2.72,2.81,9351430,82592592.00
2014/10/21,2.81,2.83,2.77,2.80,4094014,36530380.00
2014/10/22,2.81,2.82,2.73,2.73,3337573,29704782.00
2014/10/23,2.73,2.76,2.71,2.75,2319890,20281062.00
2014/10/24,2.77,2.82,2.76,2.78,2703070,24061630.00
2014/10/27,2.78,2.79,2.75,2.77,1683960,14910289.00
2014/10/28,2.78,2.94,2.77,2.90,7361524,67724360.00
2014/10/29,2.91,2.97,2.90,2.92,6481209,60557128.00
2014/10/30,2.92,3.01,2.89,2.98,6649791,62894744.00
2014/10/31,2.98,3.06,2.88,2.94,5781881,54280284.00
2014/11/03,2.94,2.95,2.86,2.91,4748250,43948244.00
2014/11/04,2.91,2.92,2.81,2.89,5024766,45908624.00
2014/11/05,2.89,2.89,2.81,2.86,4860107,44033648.00
2014/11/06,2.87,2.97,2.85,2.95,4370934,40470572.00
2014/11/07,2.95,2.98,2.90,2.90,4848677,45248120.00
2014/11/10,2.88,2.90,2.82,2.87,5271889,47868160.00
2014/11/11,2.88,2.88,2.68,2.72,6265173,55762008.00
2014/11/12,2.70,2.85,2.70,2.83,5695602,51141220.00
2014/11/13,2.83,3.10,2.81,3.02,16993894,162119456.00
2014/11/14,3.02,3.10,2.95,3.04,10451407,100149288.00
2014/11/17,3.04,3.07,2.97,3.00,4451728,42724084.00
2014/11/18,3.00,3.22,2.98,3.16,14253705,141761504.00
2015/03/16,3.50,3.50,3.50,3.50,2859026,31535056.00
2015/03/17,3.60,3.82,3.47,3.56,55678199,634241280.00
2015/03/18,3.59,3.63,3.41,3.54,40044362,440049440.00
2015/03/19,3.51,3.61,3.46,3.57,26978073,301237280.00
2015/03/20,3.57,3.64,3.51,3.53,22541847,253740128.00
2015/03/23,3.57,3.70,3.55,3.60,29302113,333878720.00
2015/03/24,3.63,3.75,3.50,3.75,30180131,346559584.00
2015/03/25,3.81,4.14,3.81,3.97,27284631,338235936.00
2015/03/26,3.89,4.10,3.77,3.90,19837911,243955216.00
2015/03/27,3.90,4.06,3.89,3.95,11364853,141291152.00
2015/03/30,4.02,4.13,3.94,3.98,14810505,187382368.00
2015/03/31,3.95,4.09,3.80,4.07,20820103,258604320.00
2015/04/01,4.00,4.44,4.00,4.38,19272989,256536400.00
2015/04/02,4.38,4.71,4.38,4.57,19118283,271297792.00
2015/04/03,4.55,4.68,4.44,4.61,12260264,174706464.00
2015/04/07,4.63,5.00,4.63,4.91,17653921,269239040.00
2015/04/08,4.95,4.99,4.52,4.80,15213231,225723808.00
2015/04/09,4.80,4.85,4.37,4.60,14450437,205345104.00
2015/04/10,4.60,4.90,4.47,4.82,14002098,209092800.00
2015/04/13,4.90,5.01,4.69,4.91,20801382,313531616.00
2015/04/14,4.90,4.90,4.68,4.74,12640055,186440368.00
2015/04/15,4.65,4.68,4.39,4.48,12021307,169216400.00
2015/04/16,4.30,4.65,4.30,4.54,8454930,119074048.00
2015/04/17,4.67,4.72,4.54,4.57,7879616,113181624.00
2015/04/20,4.57,4.59,4.15,4.32,10895845,150817200.00
2015/04/21,4.32,4.60,4.26,4.59,9233885,129149792.00
2015/04/22,4.59,4.81,4.59,4.77,10212312,149637344.00
2015/04/23,4.77,5.10,4.77,5.03,17134385,262735632.00
2015/04/24,5.03,5.18,4.82,5.13,10857461,171472352.00
2015/05/15,5.66,5.66,4.83,5.50,44370792,721694528.00
2015/05/18,5.25,5.48,5.18,5.20,29680809,487196832.00
2015/05/19,5.20,5.28,4.99,5.14,21981688,349227168.00
2015/05/20,5.15,5.29,5.12,5.18,19728543,318316928.00
2015/05/21,5.17,5.31,5.10,5.29,18529671,299376640.00
2015/05/22,5.31,5.65,5.16,5.54,22683370,381105376.00
2015/05/25,5.42,5.62,5.35,5.57,20336879,349372960.00
2015/05/26,5.58,5.95,5.49,5.79,17241451,307119552.00
2015/05/27,5.79,6.38,5.72,6.38,24240540,453593600.00
2015/05/28,6.42,6.71,5.75,5.78,20747717,402945184.00
2015/05/29,5.65,6.03,5.29,5.82,16859224,300438752.00
2015/06/01,5.84,6.11,5.82,6.04,21046608,385949952.00
2015/06/02,6.01,6.39,5.89,6.32,18670462,351709248.00
2015/06/03,6.32,6.42,5.99,6.28,15351275,294326720.00
2015/06/04,6.81,6.93,6.56,6.93,31871277,673120384.00
2015/06/05,7.15,7.39,6.72,6.88,34767943,750101440.00
2015/06/08,6.88,6.88,6.39,6.49,20916531,420486080.00
2015/06/09,6.49,6.69,6.29,6.47,14499097,289812960.00
2015/06/10,6.47,6.80,6.39,6.65,13788068,281635232.00
2015/06/11,6.62,6.65,6.45,6.59,12550005,252985200.00
2015/06/12,6.59,6.90,6.52,6.69,17231222,355754528.00
2015/06/15,6.69,6.74,6.40,6.41,13203081,264699696.00
2015/06/16,6.32,6.32,5.82,5.99,10446288,197089056.00
2015/06/17,6.13,6.13,5.56,6.05,8807113,160929728.00
2015/06/18,6.06,6.46,5.96,6.13,10778016,208162864.00
2015/06/19,6.00,6.02,5.50,5.50,8270604,146332016.00
2015/06/23,5.50,5.59,4.99,5.56,8410289,140098832.00
2015/06/24,5.64,5.88,5.49,5.71,6463659,114572160.00
2015/06/25,5.72,6.30,5.56,6.15,21428833,404283840.00
2015/06/26,5.99,6.02,5.51,5.51,16178644,286280128.00
2015/06/29,5.64,5.75,4.94,5.32,14540768,244098608.00
2015/06/30,5.18,5.83,4.77,5.77,15821196,259935728.00
2015/07/01,5.67,6.37,5.59,5.82,21169180,396570528.00
2015/07/02,5.82,5.98,5.22,5.22,11959575,202948336.00
2015/07/13,5.73,5.76,5.16,5.76,32526431,562666176.00
2015/07/14,5.71,6.26,5.50,5.51,29978100,547895680.00
2015/07/15,5.16,5.75,4.94,4.94,20449954,331165984.00
2015/07/16,4.94,5.38,4.49,5.17,13072413,206325904.00
2015/07/17,5.20,5.70,5.20,5.70,14929948,259533984.00
2015/07/20,6.21,6.29,6.21,6.29,14735962,285482496.00
2015/07/21,6.93,6.94,6.36,6.94,16347562,345098208.00
2015/07/22,7.65,7.65,7.05,7.39,59375179,1349638784.00
2015/07/23,7.16,8.09,7.03,7.85,32104151,732396032.00
2015/07/24,7.79,7.93,7.16,7.38,22906811,533086464.00
2015/07/27,6.93,8.13,6.93,7.73,41795874,1013757184.00
2015/07/28,7.29,8.52,6.95,8.52,45736241,1106640640.00
2015/07/29,8.69,8.83,7.65,8.40,37320162,947126912.00
2015/07/30,8.11,8.93,7.83,8.00,34729919,895278144.00
2015/07/31,7.73,7.96,7.21,7.22,21236494,492246912.00
2015/08/03,6.99,7.63,6.69,6.81,18685584,410778368.00
2015/08/04,6.93,7.35,6.39,7.32,25910175,547987264.00
2015/08/05,7.26,7.60,7.10,7.26,21737588,491230048.00
2015/08/06,6.89,7.56,6.89,7.13,18611398,417922400.00
2015/08/07,7.21,7.49,7.02,7.33,18907555,420074048.00
2015/08/10,7.42,7.79,7.12,7.65,22351618,510455360.00
2015/08/11,7.56,7.76,7.29,7.32,21976644,508518560.00
2015/08/12,7.23,7.26,6.66,6.83,26265178,553199168.00
2015/08/13,6.68,6.89,6.43,6.81,22034278,453463904.00
2015/08/14,6.82,6.97,6.65,6.71,18459268,387351744.00
2015/08/17,6.69,7.32,6.40,7.27,22573829,480603072.00
2015/08/18,7.33,7.38,6.53,6.53,18103652,384847296.00
2015/08/19,6.16,6.68,6.13,6.55,16108011,320624544.00
2015/08/20,6.55,6.95,6.33,6.42,14159587,290518880.00
2015/08/21,6.33,6.43,5.76,5.76,15827157,292040704.00
2015/08/24,5.18,5.49,5.17,5.17,15427885,250299792.00
2015/08/25,4.69,5.16,4.64,4.64,11167345,166177232.00
2015/08/26,4.66,4.94,4.33,4.63,16038438,232864064.00
2015/08/27,4.86,5.11,4.69,5.11,12079222,184699472.00
2015/08/28,5.29,5.63,5.21,5.49,10419054,174828048.00
2015/08/31,5.49,5.72,5.29,5.45,7886591,135839552.00
2015/09/01,5.45,5.46,4.88,4.88,6573428,102336056.00
2015/09/02,4.50,5.09,4.41,4.42,9813172,141831248.00
2015/09/07,4.56,4.78,4.49,4.59,7765758,112046488.00
2015/09/08,4.60,4.99,4.33,4.96,6184853,90193976.00
2015/09/09,4.97,5.46,4.97,5.33,7930361,129530168.00
2015/09/10,5.19,5.67,5.06,5.46,8584385,146040992.00
2015/09/11,5.47,5.66,5.23,5.33,6796999,113951104.00
2015/09/14,5.34,5.58,4.78,5.16,13308093,212399040.00
2015/09/15,4.83,5.03,4.63,4.63,7743101,115019448.00
2015/09/16,4.66,5.11,4.36,4.93,12667230,185833184.00
2015/09/17,4.86,5.15,4.69,4.76,7366636,113082256.00
2015/09/18,4.81,4.99,4.69,4.84,5804488,87778520.00
2015/09/21,4.83,4.93,4.70,4.85,7657971,114821688.00
2015/09/22,4.86,5.19,4.86,5.16,9263300,146711392.00
2015/09/23,4.99,5.14,4.99,5.01,5819521,91365824.00
2015/09/24,5.07,5.12,4.82,4.93,8996632,137597760.00
2015/09/25,4.92,4.96,4.58,4.65,8124321,119521176.00
2015/09/28,4.72,4.72,4.42,4.67,5252779,74936568.00
2015/09/29,4.52,4.86,4.51,4.63,7306534,107763752.00
2015/09/30,4.71,4.76,4.59,4.73,3465155,50626044.00
2015/10/08,4.92,5.22,4.86,5.22,11035851,174505584.00
2015/10/09,5.23,5.63,5.21,5.30,10692415,180312128.00
2015/10/12,5.46,5.85,5.46,5.74,11468461,203574000.00
2015/10/13,5.63,5.92,5.56,5.91,13534019,240085216.00
2015/10/14,5.90,6.04,5.60,5.63,15879136,284281248.00
2015/10/15,5.58,5.91,5.43,5.79,10569330,187822240.00
2015/10/16,5.83,5.89,5.55,5.78,13113094,231473664.00
2015/10/19,5.83,5.89,5.53,5.68,12393011,219360464.00
2015/10/20,5.72,5.80,5.65,5.79,11576096,205214672.00
2015/10/21,5.89,5.89,5.20,5.20,22506956,381348928.00
2015/10/22,5.09,5.33,5.06,5.30,13208072,213485344.00
2015/10/23,5.31,5.59,5.31,5.47,12481729,209838736.00
2015/10/26,5.49,5.83,5.44,5.67,17006183,297092704.00
2015/10/27,5.56,5.72,5.23,5.59,10910467,184321024.00
2015/10/28,5.49,5.70,5.42,5.47,7536380,129366624.00
2015/10/29,5.53,5.56,5.43,5.48,6323627,107813000.00
2015/10/30,5.48,5.69,5.39,5.59,10173578,175358256.00
2015/11/02,5.49,6.16,5.39,5.79,16857830,304046304.00
2015/11/03,5.79,6.31,5.79,6.22,21819472,408028928.00
2015/11/04,6.22,6.49,5.99,6.39,19473414,374056000.00
2015/11/05,6.42,6.47,6.12,6.27,11885291,230178256.00
2015/11/06,6.26,6.65,6.21,6.49,11271257,223596832.00
2015/11/09,6.49,6.86,6.40,6.52,11246594,227115904.00
2015/11/10,6.46,6.46,6.18,6.30,15647220,303642144.00
2015/11/11,6.26,6.34,6.19,6.30,8025620,154683088.00
2015/11/12,6.31,6.74,6.27,6.61,15286059,305980768.00
2015/11/13,6.51,6.85,6.36,6.66,14633787,297946496.00
2015/11/16,6.53,6.86,6.46,6.68,8574567,176167472.00
2015/11/17,6.62,6.88,6.36,6.56,9687969,197497056.00
2015/11/18,6.55,6.63,6.27,6.33,7404878,146115824.00
2015/11/19,6.35,6.44,6.21,6.36,6985043,135783184.00
2015/11/20,6.34,6.40,6.25,6.37,5094507,99226600.00
2015/11/23,6.38,6.75,6.29,6.66,12210400,245534832.00
2015/11/24,6.55,7.34,6.54,7.34,19968041,438508768.00
2015/11/25,7.56,7.82,7.33,7.69,18506976,431866624.00
2015/11/26,7.49,7.89,7.44,7.50,11245734,261435712.00
2015/11/27,7.41,7.57,6.84,6.99,11402665,251131248.00
2015/11/30,7.06,7.51,6.80,7.33,15793326,348750240.00
2015/12/01,7.16,7.46,6.83,6.99,9051869,198591584.00
2015/12/02,7.01,7.23,6.46,6.83,9145418,190059872.00
2015/12/03,6.81,7.14,6.70,7.00,6214322,132357464.00
2015/12/04,6.98,7.21,6.86,7.11,7048847,153087264.00
2015/12/07,7.12,7.16,6.86,7.03,6798555,145507184.00
2015/12/08,7.09,7.09,6.78,6.95,6064154,129481408.00
2015/12/09,6.84,6.92,6.46,6.52,8707036,177635328.00
2015/12/10,6.49,6.65,6.16,6.38,10934505,214850048.00
2015/12/11,6.36,6.36,6.19,6.29,5386463,103634888.00
2015/12/14,6.21,6.45,6.13,6.30,7936709,153229888.00
2015/12/15,6.34,6.44,6.25,6.33,7916257,154888400.00
2015/12/16,6.40,6.66,6.39,6.59,11253069,227539104.00
2015/12/17,6.61,6.79,6.51,6.76,9567936,195935936.00
2015/12/18,6.76,6.76,6.47,6.62,8705762,176776336.00
2015/12/21,6.55,6.66,6.51,6.59,7395958,149777184.00
2015/12/22,6.60,6.64,6.39,6.64,10438517,209612768.00
2015/12/23,6.69,6.74,6.49,6.59,8994604,183287136.00
2015/12/24,6.54,6.59,6.29,6.51,8163079,161484896.00
2015/12/25,6.46,6.55,6.38,6.46,5263310,104454208.00
2015/12/28,6.49,6.62,6.43,6.56,7286895,146479616.00
2015/12/29,6.44,6.52,6.38,6.47,4455538,88537792.00
2015/12/30,6.51,6.53,6.39,6.46,5614713,111494360.00
2015/12/31,6.49,6.67,6.48,6.53,8344664,169550224.00
2016/01/04,6.53,6.79,6.09,6.14,12761094,260498896.00
2016/01/05,6.10,6.49,5.84,6.41,12839585,249364624.00
2016/01/06,6.47,7.06,6.47,6.87,19632352,411430400.00
2016/01/07,6.66,6.83,6.23,6.26,3422654,69222896.00
2016/01/08,6.54,6.83,5.83,6.64,16873077,340216448.00
2016/01/11,6.43,7.33,6.29,6.70,25776607,549725440.00
2016/01/12,6.80,7.12,6.43,6.93,18769252,398590208.00
2016/01/13,6.99,7.03,6.22,6.22,17513203,348180544.00
2016/01/14,5.58,6.18,5.58,6.16,19246903,341669376.00
2016/01/15,5.96,6.01,5.52,5.52,13084715,230269248.00
2016/01/18,5.25,5.53,5.08,5.33,14564779,239288704.00
2016/01/19,5.35,5.62,5.21,5.53,11117642,186212256.00
2016/01/20,5.44,5.54,5.29,5.45,9373903,157107312.00
2016/01/21,5.29,5.42,5.06,5.20,9168667,149516528.00
2016/01/22,5.21,5.30,5.06,5.21,5428486,86980280.00
2016/01/25,5.30,5.56,5.26,5.55,10424800,175273040.00
2016/01/26,5.39,5.64,4.97,5.19,10054844,168175088.00
2016/01/27,5.33,5.33,4.70,5.15,8311388,127097064.00
2016/01/28,5.03,5.05,4.62,4.75,8370255,124827752.00
2016/01/29,4.66,4.90,4.43,4.85,10339998,151740256.00
2016/02/01,4.68,4.79,4.59,4.77,8007813,117103264.00
2016/02/02,4.76,5.04,4.76,4.94,8488726,129512272.00
2016/02/03,4.83,4.87,4.68,4.78,7309325,107867456.00
2016/02/04,4.80,4.97,4.56,4.84,7912502,119202144.00
2016/02/05,4.88,4.92,4.66,4.68,6866437,101575408.00
2016/02/15,4.43,4.72,4.43,4.68,3812554,54263016.00
2016/02/16,4.76,5.04,4.76,4.96,11374096,175591632.00
2016/02/17,4.98,5.16,4.96,5.11,11964563,189495376.00
2016/02/18,5.18,5.29,5.01,5.10,9510566,151334560.00
2016/02/19,5.09,5.15,4.99,5.11,5994037,94494040.00
2016/02/22,5.18,5.22,5.08,5.15,7324901,117029952.00
2016/02/23,5.15,5.19,5.06,5.16,8407481,133866632.00
2016/02/24,5.16,5.70,5.15,5.64,18271577,313986880.00
2016/03/03,5.71,6.01,5.44,5.52,19699158,346071936.00
2016/03/04,5.43,5.78,5.43,5.49,13587394,235827152.00
2016/03/07,5.63,6.04,5.59,5.69,12491113,220234112.00
2016/03/08,5.70,5.72,5.38,5.56,8309566,141689216.00
2016/03/09,5.43,5.57,5.16,5.53,7926868,132853072.00
2016/03/10,5.46,5.67,5.32,5.46,8997461,153434464.00
2016/03/11,5.38,5.55,5.33,5.43,5185315,87605568.00
2016/03/14,5.53,5.69,5.51,5.61,6357540,110191192.00
2016/03/15,5.59,5.64,5.38,5.41,4852262,82610848.00
2016/03/16,5.43,5.48,5.20,5.27,4277299,70210408.00
2016/03/17,5.32,5.45,5.14,5.44,9477031,155573232.00
2016/03/18,5.86,5.86,5.62,5.76,16251482,287246720.00
2016/03/21,5.93,6.13,5.84,5.90,15187512,280015936.00
2016/03/22,5.83,6.51,5.77,6.25,20649478,398547840.00
2016/03/23,6.24,6.32,6.11,6.31,11300455,217411728.00
2016/03/24,6.22,6.60,6.09,6.10,12235574,241396400.00
2016/03/25,6.10,6.30,6.10,6.28,7097842,135903664.00
2016/03/28,6.36,6.49,6.16,6.20,7734678,151194144.00
2016/03/29,6.18,6.23,5.85,5.88,11762271,216718848.00
2016/03/30,6.00,6.18,5.96,6.12,9929887,185830528.00
2016/03/31,6.14,6.24,6.09,6.23,8352209,158866656.00
2016/04/01,6.23,6.23,5.96,6.04,6106030,113957384.00
2016/04/05,6.07,6.48,6.06,6.39,12141537,235177968.00
2016/04/06,6.29,6.48,6.23,6.30,8544215,167008224.00
2016/04/07,6.35,6.36,6.11,6.14,6176426,118129000.00
2016/04/08,6.16,6.34,6.06,6.22,8775980,167618336.00
2016/04/11,6.35,6.51,6.26,6.34,12899544,253268240.00
2016/04/12,6.46,6.49,6.07,6.13,12190269,233087856.00
2016/04/13,6.18,6.24,6.13,6.18,8076512,154312336.00
2016/04/14,6.21,6.26,6.02,6.15,10500844,197676896.00
2016/04/15,6.13,6.14,6.00,6.06,6142509,114614864.00
2016/04/18,6.05,6.12,5.97,6.10,7012929,131297504.00
2016/04/19,6.13,6.19,6.06,6.17,6912839,130371632.00
2016/04/20,6.28,6.32,5.83,5.98,15837816,298756928.00
2016/04/21,5.96,6.28,5.94,6.21,14521868,274604384.00
2016/04/22,6.01,6.01,5.70,5.93,14102873,257114160.00
2016/04/25,5.95,6.01,5.83,5.90,8152703,149808528.00
2016/04/26,5.93,5.96,5.83,5.96,5476267,99802336.00
2016/04/27,5.97,5.99,5.81,5.84,6815916,124131384.00
2016/04/28,5.86,5.92,5.63,5.72,7070265,125353848.00
2016/04/29,5.72,5.92,5.67,5.87,7419800,133479048.00
2016/05/03,5.91,6.07,5.80,6.06,9473500,175587824.00
2016/05/04,6.05,6.25,5.99,6.11,11867290,225607376.00
2016/05/05,6.19,6.26,6.16,6.22,10212931,195489616.00
2016/05/06,6.24,6.26,5.93,5.99,10453340,196387504.00
2016/05/09,5.96,5.96,5.83,5.89,6622960,120345024.00
2016/05/10,5.89,5.93,5.83,5.91,5373868,97870640.00
2016/05/11,6.01,6.52,5.93,6.52,22814301,445667008.00
2016/05/12,6.52,6.68,6.30,6.66,28447271,567487744.00
2016/05/13,6.50,6.81,6.45,6.58,23904974,488522304.00
2016/05/16,6.60,6.92,6.56,6.88,22100103,462089888.00
2016/05/17,6.83,6.83,6.61,6.61,17831989,367461952.00
2016/05/18,6.47,6.68,6.38,6.56,13831636,277691264.00
2016/05/19,6.58,6.62,6.49,6.59,10580467,213547456.00
2016/05/20,6.49,6.78,6.45,6.59,11095251,226542736.00
2016/05/23,6.60,7.09,6.60,7.04,19148760,401550432.00
2016/05/24,7.04,7.04,6.50,6.61,18933420,392764384.00
2016/05/25,6.64,6.66,6.35,6.63,17026300,341937312.00
2016/05/26,6.55,6.59,6.38,6.55,10565523,210977728.00
2016/05/27,6.56,6.75,6.51,6.62,11951785,244471808.00
2016/05/30,6.59,6.59,6.36,6.40,8739383,173587120.00
2016/05/31,6.39,6.63,6.38,6.62,14951356,301341856.00
2016/06/01,6.64,6.93,6.56,6.80,19450285,404633472.00
2016/06/02,6.80,6.89,6.64,6.78,14116579,292245728.00
2016/06/03,6.80,7.11,6.72,7.05,28656448,612351680.00
2016/06/06,7.05,7.11,6.92,6.98,15492915,334688032.00
2016/06/07,6.96,7.23,6.94,7.16,17291326,377287232.00
2016/06/08,7.16,7.16,6.86,7.04,16525397,354491616.00
2016/06/13,6.89,7.12,6.74,6.76,12444438,266730144.00
2016/06/14,6.71,6.81,6.63,6.77,7199305,149222624.00
2016/06/15,6.68,7.11,6.61,7.11,15711880,337602240.00
2016/06/16,7.50,7.65,7.31,7.39,27167304,619063936.00
2016/06/17,7.44,7.88,7.39,7.75,23468856,552427968.00
2016/06/20,7.76,7.87,7.56,7.71,13794706,326091360.00
2016/06/21,7.79,8.01,7.56,7.69,19634843,470026144.00
2016/06/22,7.66,7.77,7.42,7.72,12532283,293489856.00
2016/06/23,7.73,7.78,7.48,7.49,14111966,327313120.00
2016/06/24,7.54,7.79,7.23,7.55,17106613,400019008.00
2016/06/27,7.44,7.77,7.39,7.71,14591988,340147360.00
2016/06/28,7.62,7.73,7.53,7.68,9949989,232957888.00
2016/06/29,7.73,7.99,7.69,7.77,14061912,337750368.00
2016/06/30,7.81,7.81,7.58,7.65,12619082,297471744.00
2016/07/01,7.69,7.72,7.49,7.55,11080657,259046416.00
2016/07/04,7.48,7.72,7.43,7.72,12950183,302768512.00
2016/07/05,7.76,7.99,7.69,7.79,16315101,393462016.00
2016/07/06,7.72,8.35,7.71,8.30,18009276,435840160.00
2016/07/07,8.22,8.58,8.09,8.31,23551855,601033472.00
2016/07/08,8.12,8.20,8.00,8.01,13939608,344691808.00
2016/07/11,8.01,8.09,7.75,7.80,16644897,399123168.00
2016/07/12,7.80,7.93,7.63,7.89,11385067,272222656.00
2016/07/13,7.88,8.12,7.83,7.97,13356847,326486656.00
2016/07/14,7.91,8.02,7.76,7.84,12128254,290183616.00
2016/07/15,8.63,8.63,8.36,8.63,37723420,992296896.00
2016/07/18,8.86,8.86,8.39,8.61,65277188,1717016192.00
2016/07/19,8.54,8.99,8.40,8.87,47367070,1254193024.00
2016/07/20,8.85,8.95,8.69,8.70,30117276,807382336.00
2016/07/21,8.76,8.85,8.58,8.64,25283327,670923648.00
2016/07/22,8.63,8.69,8.46,8.51,17575328,457394912.00
2016/07/25,8.49,8.62,8.43,8.53,13988135,363469888.00
2016/07/26,8.53,8.59,8.47,8.58,12828659,333929824.00
2016/07/27,8.53,8.55,7.90,8.00,28342115,710835072.00
2016/07/28,7.91,7.99,7.82,7.93,12260810,296244416.00
2016/07/29,7.94,8.12,7.90,8.00,14322363,350404320.00
2016/08/01,7.91,7.91,7.54,7.80,15164176,356419136.00
2016/08/02,7.76,8.02,7.76,7.94,13453157,325444928.00
2016/08/03,7.91,7.92,7.75,7.85,12921107,309305824.00
2016/08/04,7.85,7.85,7.69,7.77,13435306,318328256.00
2016/08/05,7.80,7.91,7.78,7.83,10942471,262228112.00
2016/08/08,7.84,7.85,7.70,7.85,8474970,201477008.00
2016/08/09,7.84,8.18,7.80,8.09,21552404,530327936.00
2016/08/10,8.12,8.28,8.06,8.14,16611564,414633952.00
2016/08/11,8.17,8.35,8.13,8.28,20517248,517488288.00
2016/08/12,8.32,8.78,8.29,8.64,35089343,913760704.00
2016/08/15,8.75,8.89,8.36,8.66,57193627,1503558272.00
2016/08/16,8.59,9.19,8.53,9.08,45130308,1207245952.00
2016/08/17,8.96,9.45,8.94,9.08,46665054,1309216384.00
2016/08/18,9.03,9.17,8.89,8.97,29517045,810110272.00
2016/08/19,9.02,9.67,8.98,9.45,49318488,1395104000.00
2016/08/22,9.52,9.65,9.13,9.13,38582348,1097867136.00
2016/08/23,9.03,9.19,8.92,9.00,20790369,572123904.00
2016/08/24,9.06,9.32,8.99,9.15,27140850,761791936.00
2016/08/25,9.01,9.24,8.79,9.23,28594648,781953664.00
2016/08/26,9.21,9.32,8.93,9.06,23780742,662013504.00
2016/08/29,9.01,9.24,8.96,9.10,14269648,394634560.00
2016/08/30,9.05,9.13,8.97,9.06,11670071,321791712.00
2016/08/31,9.03,9.22,8.83,9.17,21685882,596696512.00
2016/09/01,9.09,9.12,8.97,8.99,13542254,373841632.00
2016/09/02,8.92,9.00,8.41,8.44,36701189,966590528.00
2016/09/05,8.45,8.48,8.26,8.38,15965979,407640992.00
2016/09/06,8.39,8.52,8.33,8.51,16281855,418651360.00
2016/09/07,8.49,8.49,8.17,8.18,25753390,652497472.00
2016/09/08,8.06,8.30,8.01,8.07,40599966,336137664.00
2016/09/09,7.92,8.08,7.82,7.84,47630061,383614752.00
2016/09/12,7.65,7.66,7.38,7.45,44497337,341329888.00
2016/09/13,7.49,7.55,7.40,7.53,29987193,228388144.00
2016/09/14,7.51,7.51,7.31,7.33,28551054,215412704.00
2016/09/19,7.36,7.44,7.32,7.38,22879463,171659760.00
2016/09/20,7.38,7.39,7.27,7.31,23241049,172963584.00
2016/09/21,7.29,7.32,7.19,7.20,31022329,229209856.00
2016/09/22,7.20,7.27,7.18,7.19,32321271,237858400.00
2016/09/23,7.19,7.22,7.05,7.05,32930347,238691984.00
2016/09/26,7.00,7.19,6.98,7.04,31768917,229916016.00
2016/09/27,7.03,7.15,6.99,7.14,23995589,172817152.00
2016/09/28,7.13,7.13,7.04,7.06,16122446,116377656.00
2016/09/29,7.05,7.12,7.02,7.04,18414020,132673280.00
2016/09/30,7.05,7.08,7.02,7.05,12866960,92426432.00
2016/10/10,7.06,7.25,7.05,7.24,30912768,226440928.00
2016/10/11,7.24,7.25,7.16,7.21,20790773,152357248.00
2016/10/12,7.17,7.17,7.02,7.07,29774215,214812096.00
2016/10/13,7.07,7.13,7.04,7.08,16239659,117292136.00
2016/10/14,7.09,7.09,7.01,7.07,17707875,127146328.00
2016/10/17,7.02,7.06,6.98,6.98,20751713,148486816.00
2016/10/18,6.98,7.07,6.97,7.07,20413976,146440768.00
2016/10/19,7.08,7.50,7.05,7.49,98760632,740157440.00
2016/10/20,7.52,7.74,7.41,7.61,91900739,713994368.00
2016/10/21,7.53,7.54,7.29,7.46,52331962,395867456.00
2016/10/24,7.49,7.55,7.37,7.51,33295187,253845280.00
2016/10/25,7.48,7.67,7.43,7.58,46065097,355477888.00
2016/10/26,7.66,7.95,7.63,7.78,81496496,645480320.00
2016/10/27,7.74,7.75,7.59,7.68,36624397,285591904.00
2016/10/28,7.68,7.72,7.58,7.61,29645973,230775040.00
2016/10/31,7.62,7.62,7.26,7.43,34164439,258139392.00
2016/11/01,7.44,7.48,7.37,7.45,23146407,175128336.00
2016/11/02,7.43,7.55,7.38,7.42,28006084,213190640.00
2016/11/03,7.40,7.61,7.37,7.48,36691097,279656608.00
2016/11/04,7.46,7.51,7.37,7.40,27637258,208834992.00
2016/11/07,7.40,7.50,7.33,7.36,23280191,175326608.00
2016/11/08,7.42,7.44,7.34,7.36,18277160,137297056.00
2016/11/09,7.36,7.41,7.14,7.26,29828489,222018144.00
2016/11/10,7.33,7.38,7.30,7.34,19464183,145425360.00
2016/11/11,7.35,7.51,7.29,7.51,40710956,308488448.00
2016/11/14,7.55,7.81,7.55,7.63,51578525,402930496.00
2016/11/15,7.63,7.64,7.50,7.59,28482203,219093968.00
2016/11/16,7.58,7.71,7.52,7.60,30221393,234221456.00
2016/11/17,7.59,7.59,7.47,7.50,22405553,171400528.00
2016/11/18,7.47,7.55,7.41,7.44,20498767,156076592.00
2016/11/21,7.41,7.48,7.38,7.40,19697071,148753664.00
2016/11/22,7.44,7.45,7.38,7.44,19121181,144266992.00
2016/11/23,7.45,7.47,7.35,7.37,20968000,158097552.00
2016/11/24,7.38,7.38,7.27,7.28,21047108,157100560.00
2016/11/25,7.27,7.31,7.16,7.27,21398669,157646704.00
2016/11/28,7.28,7.38,7.27,7.36,19494693,145577760.00
2016/11/29,7.36,7.37,7.26,7.26,20236749,150723904.00
2016/11/30,7.26,7.27,7.17,7.19,15844603,116342600.00
2016/12/01,7.23,7.23,7.17,7.22,11603822,85142024.00
2016/12/02,7.22,7.22,7.06,7.06,20370922,147937376.00
2016/12/05,7.07,7.18,7.03,7.09,13074559,94878312.00
2016/12/06,7.11,7.14,7.06,7.07,10137793,73228440.00
2016/12/07,7.06,7.13,7.04,7.13,11342054,81872536.00
2016/12/08,7.16,7.18,7.08,7.08,10312100,74846112.00
2016/12/09,7.08,7.16,7.07,7.12,12268200,89013688.00
2016/12/12,7.11,7.13,6.74,6.76,25827493,182510176.00
2016/12/13,6.76,6.91,6.67,6.87,15378203,106740488.00
2016/12/14,6.86,6.91,6.73,6.74,12695165,87955088.00
2016/12/15,6.68,6.79,6.68,6.74,11057156,75958560.00
2016/12/16,6.73,6.94,6.70,6.91,19145766,133452024.00
2016/12/19,6.92,6.92,6.82,6.89,12549864,87906040.00
2016/12/20,6.88,6.90,6.75,6.80,12447859,86379744.00
2016/12/21,6.80,6.88,6.79,6.84,11003386,76878336.00
2016/12/22,6.83,6.83,6.76,6.77,10901023,75431352.00
2016/12/23,6.78,6.78,6.69,6.69,9968781,68404904.00
2016/12/26,6.66,6.66,6.51,6.63,11054468,74287696.00
2016/12/27,6.64,6.66,6.58,6.60,7167678,48455960.00
2016/12/28,6.61,6.62,6.54,6.55,7511060,50329988.00
2016/12/29,6.56,6.56,6.52,6.52,6941097,46328984.00
2016/12/30,6.54,6.54,6.49,6.52,7545265,50203512.00
2017/01/03,6.58,6.58,6.52,6.58,9081092,60870508.00
2017/01/04,6.59,6.62,6.54,6.62,12384727,83238336.00
2017/01/05,6.62,6.82,6.60,6.69,23384757,160569504.00
2017/01/06,6.68,6.69,6.57,6.58,17141105,115607272.00
2017/01/09,6.57,6.60,6.50,6.56,18181572,121669040.00
2017/01/10,6.55,6.62,6.52,6.56,17952785,120425424.00
2017/01/11,6.55,6.58,6.51,6.51,11810100,78759664.00
2017/01/12,6.49,6.52,6.33,6.36,17862881,117362304.00
2017/01/13,6.35,6.38,6.15,6.17,17375751,110886432.00
2017/01/16,6.15,6.16,5.67,5.87,24963410,152208976.00
2017/01/17,5.87,5.94,5.78,5.91,12991223,78037440.00
2017/01/18,5.86,5.94,5.84,5.88,8225811,49708256.00
2017/01/19,5.87,5.91,5.84,5.88,8656355,52076632.00
2017/01/20,5.87,5.95,5.86,5.95,11703341,70909984.00
2017/01/23,5.97,6.04,5.96,5.97,14204566,87120368.00
2017/01/24,5.98,6.00,5.95,5.98,10976372,67163472.00
2017/01/25,5.98,5.99,5.93,5.96,10217298,62258032.00
2017/01/26,5.96,6.02,5.95,6.02,7227937,44278024.00
2017/02/03,6.02,6.02,5.95,5.99,7123645,43574856.00
2017/02/06,6.01,6.21,6.01,6.11,20406509,128083600.00
2017/02/07,6.10,6.11,6.04,6.08,10966906,68085616.00
2017/02/08,6.06,6.08,5.99,6.06,13455629,82937392.00
2017/02/09,6.05,6.09,6.01,6.08,13924756,86358008.00
2017/02/10,6.08,6.09,6.04,6.05,12874178,79738832.00
2017/02/13,6.04,6.14,6.02,6.12,17645979,109856200.00
2017/02/14,6.11,6.11,6.06,6.08,10037263,62450840.00
2017/02/15,6.08,6.10,6.04,6.05,12477371,77400416.00
2017/02/16,6.08,6.66,6.08,6.49,76580399,505788768.00
2017/02/21,6.31,6.47,6.27,6.39,46523037,301918304.00
2017/02/22,6.37,6.37,6.30,6.34,20601699,133213136.00
2017/02/23,6.35,6.35,6.25,6.29,19315587,123944408.00
2017/02/24,6.27,6.36,6.25,6.33,16579627,107151232.00
2017/02/27,6.29,6.41,6.27,6.29,19092498,123676664.00
2017/02/28,6.29,6.33,6.26,6.29,10173820,65375212.00
2017/03/01,6.30,6.32,6.27,6.30,12513172,80509168.00
2017/03/02,6.30,6.32,6.18,6.20,19037180,121478120.00
2017/03/03,6.17,6.19,6.12,6.15,14562287,91545960.00
2017/03/06,6.15,6.18,6.10,6.18,13611946,85652960.00
2017/03/07,6.16,6.26,6.16,6.26,20181151,128126320.00
2017/03/08,6.25,6.25,6.21,6.24,10537072,67062468.00
2017/03/09,6.23,6.24,6.15,6.17,11495161,72601032.00
2017/03/10,6.18,6.18,6.13,6.14,9418131,59224812.00
2017/03/13,6.13,6.14,6.06,6.14,12064284,75347024.00
2017/03/14,6.14,6.14,6.08,6.09,11071051,69177992.00
2017/03/15,6.07,6.09,6.04,6.05,11618757,72098024.00
2017/03/16,6.05,6.11,6.05,6.10,11158504,69517272.00
2017/03/17,6.10,6.11,6.04,6.04,14254029,88502672.00
2017/03/20,6.04,6.06,6.02,6.05,10684806,65975200.00
2017/03/21,6.05,6.11,6.02,6.09,13504443,83903080.00
2017/03/22,6.06,6.07,6.02,6.05,10224421,63212804.00
2017/03/23,6.03,6.09,5.99,6.03,10804819,66808960.00
2017/03/24,6.04,6.06,6.01,6.06,10096392,62274512.00
2017/03/27,6.06,6.06,6.00,6.02,12655166,77971296.00
2017/03/28,6.02,6.05,5.99,6.04,12415250,76434392.00
2017/03/29,6.05,6.05,5.98,5.99,10227230,62850700.00
2017/03/30,5.97,5.99,5.87,5.88,17269799,104521816.00
2017/03/31,5.88,5.93,5.86,5.91,10769300,64889832.00
2017/04/05,5.94,6.02,5.89,6.00,14605673,89232800.00
2017/04/06,6.01,6.05,5.97,6.05,15305090,94273672.00
2017/04/07,6.07,6.08,6.03,6.05,11034574,68298776.00
2017/04/10,6.05,6.05,6.00,6.02,12172809,74936728.00
2017/04/11,6.03,6.04,5.92,5.99,15041070,91983744.00
2017/04/12,5.99,6.04,5.94,6.00,14314288,88004752.00
2017/04/13,5.99,6.03,5.94,6.02,11606188,71328056.00
2017/04/14,6.01,6.03,5.93,5.94,10637482,64909384.00
2017/04/17,5.93,5.95,5.88,5.90,11499017,69525432.00
2017/04/18,5.76,5.76,5.46,5.51,44535594,254939472.00
2017/04/19,5.46,5.47,5.19,5.34,27523240,149266064.00
2017/04/20,5.31,5.39,5.28,5.31,11073079,60551284.00
2017/04/21,5.32,5.34,5.19,5.21,12903323,69454536.00
2017/04/24,5.19,5.19,4.88,4.91,17631145,89908608.00
2017/04/25,4.93,4.96,4.88,4.89,9578730,48456796.00
2017/04/26,4.91,4.92,4.88,4.89,8120030,40900380.00
2017/04/27,4.89,4.91,4.77,4.87,12344917,61388028.00
2017/04/28,4.86,4.88,4.82,4.87,7529202,37612608.00
2017/05/02,4.87,4.87,4.83,4.86,8602823,43010024.00
2017/05/03,4.85,4.88,4.79,4.82,11090074,55065912.00
2017/05/04,4.82,4.82,4.77,4.79,8221403,40555792.00
2017/05/05,4.79,4.79,4.67,4.67,13204857,63959232.00
2017/05/08,4.68,4.68,4.46,4.48,16683819,78329296.00
2017/05/09,4.45,4.49,4.40,4.49,12450131,57152916.00
2017/05/10,4.50,4.51,4.34,4.35,11063844,50592012.00
2017/05/11,4.31,4.31,4.12,4.24,15263512,66581708.00
2017/05/12,4.24,4.26,4.18,4.21,7105181,30963926.00
2017/05/15,4.23,4.28,4.22,4.25,7692368,33772524.00
2017/05/16,4.25,4.32,4.20,4.31,10511011,46203332.00
2017/05/17,4.32,4.50,4.30,4.45,20752323,94952472.00
2017/05/18,4.48,4.51,4.42,4.48,13418948,61192108.00
2017/05/19,4.63,4.66,4.52,4.55,20564666,96021424.00
2017/05/22,4.49,4.49,4.34,4.35,13304800,59854584.00
2017/05/23,4.31,4.32,4.21,4.21,10758208,46747108.00
2017/05/24,4.19,4.19,4.08,4.17,12578299,53128780.00
2017/05/25,4.15,4.24,4.12,4.24,8792630,37515848.00
2017/05/26,4.24,4.28,4.21,4.25,6573761,28575144.00
2017/05/31,4.30,4.32,4.23,4.24,6281283,27341320.00
2017/06/01,4.23,4.23,4.13,4.15,8861840,37696552.00
2017/06/02,4.14,4.25,4.10,4.25,10200857,43371088.00
2017/06/05,4.28,4.29,4.22,4.23,7377580,31987740.00
2017/06/06,4.22,4.26,4.20,4.26,6937976,29998454.00
2017/06/07,4.26,4.36,4.24,4.34,12310943,54162080.00
2017/06/08,4.35,4.36,4.31,4.33,8070803,35700520.00
2017/06/09,4.32,4.33,4.28,4.32,7821053,34334992.00
2017/06/12,4.31,4.32,4.25,4.26,8726460,38150128.00
2017/06/13,4.36,4.69,4.36,4.52,36756186,170472944.00
2017/06/14,4.46,4.55,4.45,4.50,15174852,69581824.00
2017/06/15,4.51,4.52,4.46,4.51,11583428,53119160.00
2017/06/16,4.51,4.65,4.47,4.60,22573538,105760224.00
2017/06/19,4.60,4.67,4.57,4.63,16869308,79469800.00
2017/06/20,4.62,4.64,4.56,4.57,13473820,63228780.00
2017/06/21,4.56,4.59,4.52,4.54,8158712,37873288.00
2017/06/22,4.54,4.56,4.47,4.47,8570538,39560320.00
2017/06/23,4.47,4.47,4.39,4.45,8586173,38846020.00
2017/06/26,4.44,4.50,4.42,4.49,9610287,43738012.00
2017/06/27,4.48,4.52,4.46,4.50,5801195,26587796.00
2017/06/28,4.49,4.49,4.44,4.46,5139503,23399322.00
2017/06/29,4.46,4.48,4.44,4.46,6086915,27688816.00
2017/06/30,4.43,4.46,4.41,4.46,6433587,29091152.00
2017/07/03,4.44,4.57,4.43,4.54,13141673,60491056.00
2017/07/04,4.57,4.60,4.51,4.53,10200300,47301092.00
2017/07/05,4.52,4.53,4.49,4.53,8262237,38003808.00
2017/07/06,4.53,4.53,4.49,4.50,6777403,31173270.00
2017/07/07,4.49,4.51,4.45,4.50,7707801,35181432.00
2017/07/10,4.48,4.55,4.46,4.54,11882061,54697016.00
2017/07/11,4.54,4.54,4.47,4.47,8790000,40412816.00
2017/07/12,4.46,4.50,4.43,4.45,8102600,36829624.00
2017/07/13,4.44,4.55,4.43,4.52,11836979,54366856.00
2017/07/14,4.51,4.56,4.50,4.51,8288720,38216788.00
2017/07/17,4.47,4.52,4.12,4.38,16627677,74318272.00
2017/07/18,4.34,4.43,4.33,4.40,7502537,33545818.00
2017/07/19,4.40,4.43,4.36,4.41,7770652,34838532.00
2017/07/20,4.43,4.44,4.40,4.41,8940297,40284140.00
2017/07/21,4.41,4.42,4.36,4.40,10364160,46397904.00
2017/07/24,4.40,4.47,4.40,4.46,10368721,47011052.00
2017/07/25,4.46,4.47,4.44,4.47,12347343,56167960.00
2017/07/26,4.46,4.78,4.46,4.73,52930933,252674448.00
2017/07/27,4.69,4.74,4.62,4.70,28590994,136250416.00
2017/07/28,4.68,4.68,4.62,4.66,17289590,81878552.00
2017/07/31,4.66,4.70,4.58,4.69,20328575,96264104.00
2017/08/01,4.69,4.69,4.61,4.63,11454960,54178252.00
2017/08/02,4.64,4.65,4.55,4.59,12699801,59500196.00
2017/08/03,4.58,4.61,4.56,4.60,8421570,39431328.00
2017/08/04,4.61,4.68,4.60,4.61,11284170,53395612.00
2017/08/07,4.62,4.91,4.62,4.86,38801017,189247584.00
2017/08/08,4.87,5.36,4.82,5.36,80371527,425502080.00
2017/08/09,5.61,5.61,5.37,5.49,155146225,865319808.00
2017/08/10,5.43,5.48,5.24,5.35,67732405,368167712.00
2017/08/11,5.28,5.38,5.10,5.14,55334609,294610368.00
2017/08/14,5.14,5.23,5.06,5.18,30104751,157907440.00
2017/08/15,5.15,5.16,5.04,5.10,29890462,154605920.00
2017/08/16,5.08,5.17,5.04,5.14,28820085,149839296.00
2017/08/17,5.11,5.29,5.06,5.21,36433686,191025616.00
2017/08/18,5.14,5.15,5.07,5.09,20268306,105312144.00
2017/08/21,5.08,5.15,5.06,5.14,18329239,95154200.00
2017/08/22,5.13,5.46,5.13,5.39,84780397,460331424.00
2017/08/23,5.34,5.59,5.22,5.41,59246920,325894080.00
2017/08/24,5.36,5.51,5.27,5.29,38013528,209525456.00
2017/08/25,5.31,5.36,5.24,5.30,17342977,93271856.00
2017/08/28,5.27,5.42,5.26,5.34,25792293,140598112.00
2017/08/29,5.35,5.35,5.17,5.20,25594681,136982144.00
2017/08/30,5.22,5.50,5.21,5.48,45057154,247206528.00
2017/08/31,5.64,5.79,5.53,5.76,84409274,487835648.00
2017/09/01,5.79,5.82,5.56,5.77,42527966,246632864.00
2017/09/04,5.75,6.03,5.63,5.71,58198723,345663008.00
2017/09/05,5.71,5.88,5.66,5.74,35382122,206827056.00
2017/09/06,5.68,5.75,5.62,5.69,26809273,155047088.00
2017/09/07,5.73,5.83,5.62,5.66,44910542,259987040.00
2017/09/08,5.69,5.70,5.62,5.67,30285629,174327664.00
2017/09/11,5.69,5.96,5.69,5.87,46984725,279906688.00
2017/09/12,5.87,5.87,5.74,5.77,25292111,149096800.00
2017/09/13,5.80,5.80,5.59,5.70,31538357,181410464.00
2017/09/14,5.67,5.71,5.57,5.57,25678900,146287136.00
2017/09/15,5.57,5.66,5.41,5.45,31731602,177556000.00
2017/09/18,5.46,5.51,5.37,5.46,17447022,96379136.00
2017/09/19,5.46,5.53,5.37,5.40,17562107,97091944.00
2017/09/20,5.38,5.43,5.22,5.32,29076638,156266384.00
2017/09/21,5.31,5.37,5.25,5.29,15293813,82496760.00
2017/09/22,5.29,5.33,5.24,5.29,8538353,45890976.00
2017/09/25,5.29,5.38,5.25,5.34,13316256,72257088.00
2017/09/26,5.35,5.36,5.30,5.36,9445837,51237292.00
2017/09/27,5.36,5.46,5.34,5.46,14314909,78721888.00
2017/09/28,5.46,5.46,5.26,5.26,29101637,157402016.00
2017/09/29,5.25,5.26,5.12,5.23,17007815,89875032.00
2017/10/09,5.22,5.33,5.22,5.33,15228191,81833352.00
2017/10/10,5.41,5.76,5.40,5.65,51380347,292224224.00
2017/10/11,5.63,5.76,5.54,5.68,44701506,258516528.00
2017/10/12,5.66,5.72,5.64,5.68,21901920,126246480.00
2017/10/13,5.66,5.70,5.57,5.63,16622231,95221880.00
2017/10/16,5.67,5.74,5.53,5.55,18040003,103216848.00
2017/10/17,5.53,5.55,5.35,5.48,12439454,69108712.00
2017/10/18,5.44,5.52,5.31,5.32,18038677,98847200.00
2017/10/19,5.31,5.42,5.31,5.39,11153703,60941848.00
2017/10/20,5.38,5.50,5.33,5.50,9887592,54654384.00
2017/10/23,5.52,5.69,5.50,5.66,24911658,142738912.00
2017/10/24,5.66,5.66,5.58,5.59,11893052,67850384.00
2017/10/25,5.57,5.69,5.56,5.68,16531002,94581032.00
2017/10/26,5.68,5.70,5.58,5.62,16975257,97283976.00
2017/10/27,5.65,5.65,5.53,5.57,9853587,55893768.00
2017/10/30,5.52,5.58,5.33,5.37,23217681,127594968.00
2017/10/31,5.37,5.51,5.36,5.44,13464603,74614984.00
2017/11/01,5.44,5.69,5.40,5.68,32256385,183784816.00
2017/11/02,5.66,5.95,5.66,5.85,68655479,407611072.00
2017/11/03,5.98,6.04,5.73,5.89,56516649,339971520.00
2017/11/06,5.94,6.25,5.81,6.15,75161500,465107584.00
2017/11/07,6.15,6.17,6.03,6.10,41455440,256282240.00
2017/11/08,6.12,6.12,5.80,5.84,60762426,365881728.00
2017/11/09,5.85,5.88,5.76,5.85,31409026,185257440.00
2017/11/10,5.83,6.03,5.80,6.02,39098043,235309696.00
2017/11/13,6.07,6.10,5.91,5.96,23830599,144961200.00
2017/11/14,5.95,6.04,5.86,5.87,24897703,150182160.00
2017/11/15,5.85,5.95,5.82,5.84,17050327,101545592.00
2017/11/16,5.81,6.30,5.80,6.29,66625505,413637440.00
2017/11/17,6.30,6.69,6.12,6.18,88353523,575531456.00
2017/11/20,6.31,6.59,6.17,6.56,69151708,449970400.00
2017/11/21,6.57,6.72,6.43,6.64,58915420,394816288.00
2017/11/22,6.64,6.70,6.39,6.48,46014576,303833056.00
2017/11/23,6.41,6.52,6.15,6.21,33800471,216985680.00
2017/11/24,6.17,6.27,6.07,6.17,31114067,194017248.00
2017/11/27,6.24,6.28,6.02,6.05,25570831,159092368.00
2017/11/28,6.04,6.16,5.93,6.15,27862493,170578736.00
2017/11/29,6.11,6.38,6.08,6.23,35719343,226647616.00
2017/11/30,6.24,6.30,6.01,6.06,25453865,158848416.00
2017/12/01,6.01,6.23,6.00,6.21,22473718,139287680.00
2017/12/04,6.20,6.48,6.16,6.35,36387128,234299184.00
2017/12/05,6.33,6.50,6.21,6.29,31169778,200871632.00
2017/12/06,6.27,6.41,6.18,6.41,35623403,228409744.00
2017/12/07,6.37,6.41,6.23,6.32,22764513,145899856.00
2017/12/08,6.32,6.35,6.09,6.17,43725130,275809824.00
2017/12/11,6.16,6.22,6.01,6.15,34149226,210971744.00
2017/12/12,6.15,6.16,5.96,5.97,26350426,161412032.00
2017/12/13,5.99,6.06,5.95,6.00,13705546,83415200.00
2017/12/14,5.97,6.06,5.96,6.01,13880510,84491264.00
2017/12/15,6.04,6.15,5.90,6.14,31149487,190727712.00
2017/12/18,6.11,6.11,5.95,5.97,12561804,76518368.00
2017/12/19,5.96,6.02,5.92,5.95,11729353,71043920.00
2017/12/20,5.95,6.02,5.93,5.97,13442105,81525848.00
2017/12/21,5.97,5.97,5.77,5.83,32831638,194318096.00
2017/12/22,5.81,5.86,5.66,5.78,27900968,162662976.00
2017/12/25,5.78,5.82,5.53,5.56,27648037,158361520.00
2017/12/26,5.56,5.64,5.52,5.61,12414403,70399320.00
2017/12/27,5.59,5.65,5.41,5.60,21286917,120069992.00
2017/12/28,5.56,5.73,5.53,5.62,16288406,93739256.00
2017/12/29,5.58,5.67,5.56,5.64,6323685,35994804.00
2018/01/02,5.63,5.66,5.48,5.66,16174020,91517472.00
2018/01/03,5.61,5.79,5.58,5.78,19165407,110763768.00
2018/01/04,5.76,5.87,5.73,5.79,14452479,85353032.00
2018/01/05,5.79,6.01,5.77,6.01,26294904,158586864.00
2018/01/08,6.05,6.30,6.05,6.12,39603466,249352672.00
2018/01/09,6.10,6.24,6.01,6.04,21210554,131194096.00
2018/01/10,6.07,6.09,5.81,5.91,22524365,134825952.00
2018/01/11,5.90,5.97,5.85,5.96,14152360,84860632.00
2018/01/12,5.99,6.20,5.96,6.07,21512912,132868288.00
2018/01/15,6.07,6.09,5.89,5.92,17679816,106722872.00
2018/01/16,5.92,6.23,5.90,6.17,39182961,242546368.00
2018/01/17,6.14,6.51,6.09,6.25,45570231,291016288.00
2018/01/18,6.23,6.25,6.12,6.13,26265047,164203216.00
2018/01/19,6.12,6.13,5.96,6.05,19823326,121437176.00
2018/01/22,6.02,6.22,6.01,6.21,15218711,95050088.00
2018/01/23,6.31,6.38,6.17,6.26,21300068,135167024.00
2018/01/24,6.14,6.27,6.08,6.25,15903363,99672032.00
2018/01/25,6.24,6.35,6.13,6.22,16018041,101877960.00
2018/01/26,6.23,6.28,6.16,6.21,7755372,48686416.00
2018/01/29,6.19,6.20,5.96,5.98,18154469,111292504.00
2018/01/30,5.96,6.04,5.91,5.98,8790635,53485740.00
2018/01/31,5.99,6.00,5.61,5.79,29003985,171268864.00
2018/02/01,5.75,5.75,5.20,5.20,42738511,233167248.00
2018/02/02,5.20,5.21,4.92,5.11,29481397,151957968.00
2018/02/05,5.12,5.22,4.95,5.01,28945775,147946080.00
2018/02/06,4.90,4.95,4.61,4.62,25469700,123865048.00
2018/02/07,4.73,4.88,4.59,4.64,29181568,140332528.00
2018/02/08,4.64,4.83,4.64,4.74,15089711,72915128.00
2018/02/09,4.60,4.65,4.30,4.47,20582895,94052472.00
2018/02/12,4.51,4.67,4.51,4.66,14217737,66591000.00
2018/02/13,4.70,4.71,4.54,4.57,19594721,91800624.00
2018/02/14,4.59,4.69,4.54,4.66,7991542,37538976.00
2018/02/22,4.64,4.71,4.62,4.65,14712695,70046672.00
2018/02/23,4.65,4.65,4.51,4.58,16364403,76155320.00
2018/02/26,4.58,4.60,4.47,4.60,27527830,127091096.00
2018/02/27,4.54,4.58,4.53,4.57,14179411,65832684.00
2018/02/28,4.54,4.54,4.48,4.51,14095128,64923820.00
2018/03/01,4.47,4.60,4.46,4.56,16761831,77748104.00
2018/03/02,4.53,4.68,4.50,4.65,23385034,109861656.00
2018/03/05,4.68,5.00,4.68,4.96,38101908,188350496.00
2018/03/06,4.93,4.96,4.83,4.88,21929431,108784096.00
2018/03/07,4.88,4.92,4.75,4.78,19677128,96557960.00
2018/03/08,4.78,4.83,4.74,4.79,11774886,57305944.00
2018/03/09,4.76,4.87,4.74,4.86,13191311,65043436.00
2018/03/12,4.88,4.93,4.83,4.86,18804513,93490552.00
2018/03/13,4.87,4.95,4.85,4.87,18049321,90132944.00
2018/03/14,4.85,4.87,4.77,4.78,14127847,69029064.00
2018/03/15,4.78,4.78,4.62,4.67,12328103,59003336.00
2018/03/16,4.68,4.78,4.67,4.68,13158301,63362680.00
2018/03/19,4.69,4.70,4.58,4.58,13214817,62137936.00
2018/03/20,4.54,4.58,4.50,4.52,10146000,46920240.00
2018/03/21,4.52,4.60,4.51,4.53,12290329,57090556.00
2018/03/22,4.54,4.56,4.49,4.50,7950382,36611456.00
2018/03/23,4.44,4.78,4.39,4.59,50042869,234523056.00
2018/03/26,4.55,4.55,4.14,4.48,30340660,135173120.00
2018/03/27,4.48,4.49,4.40,4.46,25293844,114429008.00
2018/03/28,4.41,4.41,4.33,4.35,14923627,66530816.00
2018/03/29,4.36,4.40,4.29,4.34,17135080,75602720.00
2018/03/30,4.34,4.34,4.19,4.23,36591600,158896000.00
2018/04/02,4.41,4.46,4.29,4.30,34113377,151685504.00
2018/04/03,4.27,4.56,4.23,4.56,67618809,306809088.00
2018/04/04,4.56,4.58,4.42,4.55,37146606,171141520.00
2018/04/09,4.51,4.51,4.34,4.37,32825335,147512560.00
2018/04/10,4.37,4.39,4.28,4.34,20329513,89388920.00
2018/04/11,4.36,4.41,4.32,4.41,21555675,96052048.00
2018/04/12,4.38,4.39,4.30,4.31,17308738,76378976.00
2018/04/13,4.31,4.33,4.28,4.30,9868584,43313688.00
2018/04/16,4.32,4.32,4.18,4.20,16133485,69668808.00
2018/04/17,4.19,4.23,4.14,4.16,11949642,51008300.00
2018/04/18,4.16,4.17,3.92,4.03,24749350,101807832.00
2018/04/19,4.03,4.04,3.96,4.01,11849791,48491872.00
2018/04/20,4.00,4.00,3.92,3.92,12075800,48782936.00
2018/04/23,3.91,3.92,3.82,3.84,13326606,52564180.00
2018/04/24,3.82,3.91,3.82,3.90,9732540,38682900.00
2018/04/25,3.89,3.95,3.86,3.93,7964500,31785742.00
2018/04/26,3.94,4.05,3.92,3.99,15111756,61817560.00
2018/04/27,4.00,4.01,3.87,3.90,11068782,44329988.00
2018/05/02,3.95,3.95,3.85,3.91,9699714,38580748.00
2018/05/03,3.91,3.93,3.85,3.93,9792539,39095508.00
2018/05/04,3.92,3.92,3.88,3.90,9213387,36745792.00
2018/05/07,3.90,3.96,3.86,3.94,15307956,61104388.00
2018/05/08,3.96,4.11,3.94,4.01,21571787,88853144.00
2018/05/09,3.99,4.08,3.97,4.00,12229000,50341540.00
2018/05/10,4.02,4.27,3.99,4.23,44803982,189514384.00
2018/05/11,4.21,4.30,4.14,4.19,23147800,99675888.00
2018/05/14,4.20,4.41,4.20,4.35,38110684,168656304.00
2018/05/15,4.42,4.50,4.35,4.39,29439400,132706016.00
2018/05/16,4.37,4.42,4.32,4.36,20156450,89792432.00
2018/05/17,4.36,4.55,4.34,4.48,31859899,145334800.00
2018/05/18,4.52,4.67,4.48,4.62,35954538,168566624.00
2018/05/21,4.46,4.74,4.46,4.57,43937802,205594656.00
2018/05/22,4.55,4.89,4.54,4.83,46722310,225591712.00
2018/05/23,4.83,5.06,4.71,4.78,51890238,259932416.00
2018/05/24,4.80,4.97,4.72,4.77,30865775,152163360.00
2018/05/25,4.92,5.03,4.81,5.00,52016319,261613024.00
2018/05/28,5.01,5.03,4.81,4.94,35546879,177789424.00
2018/05/29,4.93,4.93,4.71,4.74,30970700,151232816.00
2018/05/30,4.66,4.80,4.53,4.57,32681579,155852640.00
2018/05/31,4.63,4.89,4.56,4.80,28562444,138373296.00
2018/06/01,4.77,4.87,4.73,4.82,15643700,76307304.00
2018/06/04,4.86,4.87,4.62,4.71,18680465,89709400.00
2018/06/05,4.70,4.76,4.66,4.75,11815362,56822256.00
2018/06/06,4.75,4.75,4.59,4.65,15891313,75372512.00
2018/06/07,4.70,4.88,4.66,4.81,34299898,166618736.00
2018/06/08,4.80,4.81,4.53,4.62,24349206,115246936.00
2018/06/11,4.60,4.64,4.51,4.52,9874865,45925480.00
2018/06/12,4.50,4.63,4.48,4.59,10590703,49186704.00
2018/06/13,4.59,4.68,4.49,4.56,11803260,55203164.00
2018/06/14,4.51,4.54,4.39,4.42,16751098,75628128.00
2018/06/15,4.42,4.45,4.10,4.18,23370007,101072448.00
2018/06/19,4.18,4.30,3.91,4.06,26457876,110851936.00
2018/06/20,3.99,4.12,3.98,4.10,13260148,55002348.00
2018/06/21,4.13,4.13,3.96,3.96,10568252,43550684.00
2018/06/22,3.94,4.10,3.88,4.07,10141165,41559292.00
2018/06/25,4.11,4.15,3.98,4.01,7448747,30854172.00
2018/06/26,3.93,4.09,3.93,4.05,10403512,42679740.00
2018/06/27,4.08,4.10,3.94,3.99,10620412,43584964.00
2018/06/28,3.99,3.99,3.89,3.91,13813735,55520256.00
2018/06/29,3.92,3.99,3.90,3.98,12569503,50680532.00
2018/07/02,3.95,3.97,3.87,3.90,10776344,43180440.00
2018/07/03,3.90,3.92,3.81,3.87,15159855,59958848.00
2018/07/04,3.53,3.74,3.51,3.66,26491344,99213440.00
2018/07/05,3.67,3.67,3.45,3.49,24128865,86876288.00
2018/07/06,3.48,3.54,3.40,3.47,21458156,75369040.00
2018/07/09,3.50,3.68,3.50,3.65,25359441,92710760.00
2018/07/10,3.67,3.76,3.63,3.70,15624750,58251224.00
2018/07/11,3.62,3.79,3.58,3.74,21437948,80556848.00
2018/07/12,3.74,3.77,3.69,3.75,14657975,55332856.00
2018/07/13,3.76,3.81,3.70,3.74,14141472,53444064.00
2018/07/16,3.74,3.77,3.70,3.72,6517100,24531796.00
2018/07/17,3.69,3.73,3.66,3.69,8791013,32762410.00
2018/07/18,3.69,3.76,3.66,3.72,11479100,43031116.00
2018/07/19,3.70,3.74,3.65,3.68,6685200,24890332.00
2018/07/20,3.64,3.68,3.59,3.66,6359395,23439472.00
2018/07/23,3.72,4.03,3.68,4.03,35478433,140141744.00
2018/07/24,4.04,4.27,3.99,4.19,49400364,206537328.00
2018/07/25,4.18,4.18,4.08,4.09,18630900,77414048.00
2018/07/26,4.09,4.24,4.06,4.14,17039089,71284704.00
2018/07/27,4.14,4.24,4.02,4.24,34891007,145604496.00
2018/07/30,4.19,4.22,4.06,4.10,14946304,62248192.00
2018/07/31,4.10,4.15,4.05,4.09,8291004,34293208.00
2018/08/01,4.12,4.13,3.99,4.00,12285890,50293664.00
2018/08/02,4.00,4.20,3.92,4.16,29324551,119760592.00
2018/08/03,4.22,4.49,4.21,4.37,54752196,242311568.00
2018/08/06,4.33,4.34,3.98,4.03,37126970,154520512.00
2018/08/07,4.05,4.08,3.96,4.04,25842094,104818832.00
2018/08/08,3.96,4.10,3.94,4.01,19096720,77504896.00
2018/08/09,3.94,4.10,3.94,4.04,16334278,66797736.00
2018/08/10,4.06,4.21,4.05,4.12,16502791,68991904.00
2018/08/13,4.08,4.24,4.08,4.16,13452556,56539044.00
2018/08/14,4.14,4.18,4.10,4.14,8089700,33726716.00
2018/08/15,4.16,4.25,4.13,4.21,24304173,103200352.00
2018/08/16,4.17,4.23,3.86,3.98,35339793,144902832.00
2018/08/17,3.93,4.03,3.88,4.00,21867463,88031112.00
2018/08/20,3.89,3.93,3.76,3.86,29806298,115601712.00
2018/08/21,3.84,3.97,3.81,3.95,13320203,52983684.00
2018/08/22,3.99,4.07,3.95,4.07,13266463,53831420.00
2018/08/23,4.05,4.10,3.89,3.94,24956706,100060440.00
2018/08/24,3.92,3.93,3.84,3.90,12155000,47631884.00
2018/08/27,3.91,3.95,3.87,3.94,10947165,43344768.00
2018/08/28,3.95,3.95,3.87,3.88,8746625,34448164.00
2018/08/29,3.89,3.90,3.82,3.86,7499519,29200900.00
2018/08/30,3.86,3.87,3.81,3.81,5252900,20337332.00
2018/08/31,3.81,3.82,3.69,3.72,10167042,38435628.00
2018/09/03,3.75,3.77,3.72,3.74,8202925,31077494.00
2018/09/04,3.78,3.80,3.72,3.79,7621812,28996320.00
2018/09/05,3.79,3.81,3.72,3.73,6112090,23186156.00
2018/09/06,3.74,3.76,3.65,3.66,11553633,43427772.00
2018/09/07,3.68,3.74,3.63,3.66,10443349,38855236.00
2018/09/10,3.70,3.77,3.67,3.69,8912300,33489500.00
2018/09/11,3.69,3.69,3.59,3.61,9618833,35177492.00
2018/09/12,3.59,3.64,3.58,3.59,7762362,28309788.00
2018/09/13,3.61,3.64,3.55,3.59,6707622,24288556.00
2018/09/14,3.59,3.62,3.56,3.57,5388962,19490154.00
2018/09/17,3.56,3.56,3.45,3.49,7073116,25044364.00
2018/09/18,3.48,3.57,3.45,3.56,6164579,21891156.00
2018/09/19,3.57,3.61,3.51,3.58,13002509,47001416.00
2018/09/20,3.59,3.63,3.56,3.61,7802385,28338184.00
2018/09/21,3.62,3.69,3.62,3.68,9869939,36488968.00
2018/09/25,3.67,3.88,3.62,3.82,19081873,73451432.00
2018/09/26,3.82,4.04,3.79,3.94,28726123,114022752.00
2018/09/27,3.93,3.96,3.85,3.91,13900918,54951096.00
2018/09/28,3.90,4.06,3.88,4.04,17658154,70897008.00
2018/10/08,4.01,4.22,4.01,4.07,27134400,112327008.00
2018/10/09,4.09,4.09,3.99,4.02,11783540,48227664.00
2018/10/10,4.04,4.17,4.04,4.12,14611494,60802600.00
2018/10/11,4.01,4.14,3.92,3.95,20384155,82775232.00
2018/10/12,3.98,4.13,3.96,4.07,20838688,85011712.00
2018/10/15,4.05,4.10,3.93,3.98,10772465,43552180.00
2018/10/16,3.96,3.99,3.59,3.67,32027344,120858720.00
2018/10/17,3.72,3.72,3.59,3.69,12721205,47080724.00
2018/10/18,3.66,3.68,3.57,3.58,11233532,41234516.00
2018/10/19,3.54,3.71,3.52,3.69,22049196,81114416.00
2018/10/22,3.72,3.91,3.72,3.83,20265980,78175632.00
2018/10/23,3.82,3.92,3.79,3.85,11319565,43965472.00
2018/10/24,3.81,4.04,3.78,4.04,23654754,94268152.00
2018/10/25,3.96,4.03,3.92,4.00,20262172,81348344.00
2018/10/26,4.04,4.07,3.90,3.95,12930893,51906944.00
2018/10/29,3.94,3.97,3.90,3.91,7226274,28679628.00
2018/10/30,3.90,3.98,3.81,3.96,13601800,53665216.00
2018/10/31,3.98,4.04,3.95,3.97,8844099,35686068.00
2018/11/01,4.00,4.04,3.95,3.98,12188709,49309200.00
2018/11/02,4.02,4.31,4.02,4.24,33117507,140422816.00
2018/11/05,4.21,4.44,4.16,4.40,35435444,155410768.00
2018/11/06,4.37,4.53,4.37,4.43,22663482,101564768.00
2018/11/07,4.45,4.62,4.38,4.43,25183101,114278920.00
2018/11/08,4.58,4.61,4.46,4.53,21275900,97525448.00
2018/11/09,4.51,4.57,4.42,4.45,16079196,72731728.00
2018/11/12,4.42,4.53,4.40,4.46,14811912,66625392.00
2018/11/13,4.46,4.79,4.40,4.71,31552582,148244832.00
2018/11/14,4.67,4.78,4.61,4.68,17109838,81091888.00
2018/11/15,4.65,4.83,4.62,4.70,18907349,89779720.00
2018/11/16,4.73,4.73,4.53,4.70,27409120,127855792.00
2018/11/19,4.68,4.68,4.52,4.62,15522733,71954632.00
2018/11/20,4.60,4.62,4.48,4.50,12462909,57338224.00
2018/11/21,4.46,4.66,4.44,4.63,14541733,67182432.00
2018/11/22,4.66,4.69,4.59,4.63,7354396,34413816.00
2018/11/23,4.62,4.67,4.55,4.63,7953282,36950196.00
2018/11/26,4.62,4.71,4.54,4.59,13417427,62491144.00
2018/11/27,4.57,4.66,4.56,4.64,6296268,29369222.00
2018/11/28,4.66,4.93,4.61,4.92,22961156,111835696.00
2018/11/29,4.94,5.13,4.92,4.92,29231808,147666016.00
2018/11/30,4.96,5.12,4.92,5.07,26867431,136586144.00
2018/12/03,5.06,5.27,4.92,5.17,32114115,167720272.00
2018/12/04,5.08,5.25,5.04,5.14,21854158,113506608.00
2018/12/05,5.08,5.54,5.07,5.45,55897726,305326144.00
2018/12/06,5.48,5.60,5.28,5.44,50736448,277719008.00
2018/12/07,5.47,5.48,5.23,5.47,32745259,177611328.00
2018/12/10,5.45,5.47,5.30,5.32,24984660,135305824.00
2018/12/11,5.32,5.38,5.20,5.32,24272625,128757776.00
2018/12/12,5.33,5.35,5.14,5.18,24643710,129207824.00
2018/12/13,5.16,5.24,5.00,5.16,38204266,197164864.00
2018/12/14,5.19,5.26,5.06,5.10,20971401,108964976.00
2018/12/17,5.06,5.17,5.06,5.10,17781375,91759496.00
2018/12/18,5.13,5.28,5.09,5.25,22729404,119214952.00
2018/12/19,5.25,5.26,4.77,4.83,46248604,231788208.00
2018/12/20,4.79,5.14,4.79,5.14,35896619,180825568.00
2018/12/21,5.16,5.31,5.09,5.10,23668970,123199768.00
2018/12/24,5.17,5.39,5.11,5.35,26237855,140075344.00
2018/12/25,5.31,5.41,5.27,5.35,23470210,126486536.00
2018/12/26,5.37,5.50,5.33,5.36,21196910,115385112.00
2018/12/27,5.46,5.47,5.25,5.32,18222431,98292576.00
2018/12/28,5.23,5.31,5.08,5.27,31967482,167006080.00
2019/01/02,5.24,5.41,5.21,5.29,22330639,119504896.00
2019/01/03,5.34,5.47,5.27,5.36,33524512,182110896.00
2019/01/04,5.37,5.59,5.27,5.57,38268666,211303328.00
2019/01/07,5.60,5.89,5.53,5.87,39316370,228455120.00
2019/01/08,5.81,5.99,5.71,5.87,23479410,138003856.00
2019/01/09,5.81,5.99,5.78,5.89,30859970,183168496.00
2019/01/10,5.86,5.88,5.65,5.73,34089180,197724256.00
2019/01/11,5.76,5.96,5.74,5.87,26763173,158279024.00
2019/01/14,5.91,6.18,5.90,6.01,33710107,206036208.00
2019/01/15,6.08,6.11,5.88,6.05,27476820,166223328.00
2019/01/16,6.05,6.22,6.03,6.06,24823685,152998736.00
2019/01/17,6.06,6.16,5.94,6.01,20431997,124187424.00
2019/01/18,5.99,6.17,5.99,6.17,23201449,142315424.00
2019/01/21,6.17,6.23,5.84,5.93,51175167,309576704.00
2019/01/22,5.86,6.03,5.77,5.94,25848520,154864096.00
2019/01/23,5.94,6.38,5.90,6.31,44273914,274560064.00
2019/01/24,6.33,6.49,6.27,6.34,47169996,302848704.00
2019/01/25,6.38,6.46,6.28,6.36,20570590,131391608.00
2019/01/28,6.37,6.44,6.24,6.28,20987419,133654072.00
2019/01/29,6.24,6.48,6.24,6.46,25755374,165347504.00
2019/01/30,6.40,6.55,6.32,6.47,29535643,192151280.00
2019/01/31,6.38,6.54,6.36,6.41,19283029,125236472.00
2019/02/01,6.37,6.46,6.28,6.35,20184090,129268672.00
2019/02/11,6.41,6.99,6.41,6.99,34877877,240763120.00
2019/02/12,7.18,7.45,7.07,7.41,55992888,410325376.00
2019/02/13,7.49,7.74,7.29,7.34,69376825,518056576.00
2019/02/14,7.39,7.46,7.22,7.26,62132149,456791488.00
2019/02/15,7.31,7.99,7.26,7.93,96833490,749935808.00
2019/02/18,8.18,8.45,7.96,8.40,88070616,730084480.00
2019/02/19,8.31,8.72,8.17,8.36,69432252,586134144.00
2019/02/20,8.63,9.20,8.26,9.05,106297616,941086720.00
2019/02/21,8.89,9.96,8.79,9.96,99598658,958072768.00
2019/02/22,10.26,10.96,10.21,10.96,112566453,1211668224.00
2019/02/25,11.16,11.51,10.27,11.02,153891014,1698619008.00
2019/02/26,10.79,12.13,10.79,12.13,115627949,1343932160.00
2019/02/27,12.59,12.96,11.34,12.17,136067411,1662117376.00
2019/02/28,11.73,12.26,10.95,11.36,128402097,1488562688.00
2019/03/01,11.56,12.02,10.87,11.71,108569811,1260676096.00
2019/03/04,12.53,12.89,12.08,12.89,89418548,1127549440.00
2019/03/05,13.46,14.18,13.27,14.00,141419204,1963828608.00
2019/03/06,13.84,15.40,13.54,15.40,100920539,1467944704.00
2019/03/07,15.91,16.68,15.40,15.95,116830635,1885462656.00
2019/03/08,15.11,17.55,15.11,17.54,136452578,2284873216.00
2019/03/11,18.13,18.96,16.23,17.17,144593330,2553024512.00
2019/03/12,16.47,18.89,16.47,18.89,136211124,2441504768.00
2019/03/13,19.62,19.74,17.00,17.00,132026198,2397672960.00
2019/03/14,16.57,17.00,15.30,15.30,131720332,2089537152.00
2019/03/15,15.86,16.15,15.33,15.68,97488549,1548007296.00
2019/03/18,16.36,16.39,14.76,16.16,108370171,1726046592.00
2019/03/19,15.82,17.44,15.32,16.86,89113361,1479065088.00
2019/03/20,16.56,16.77,15.17,15.83,106254296,1679244800.00
2019/03/21,15.66,16.51,15.27,15.83,88627259,1408244992.00
2019/03/22,15.85,15.95,14.32,15.20,96533640,1454938624.00
2019/03/25,14.74,15.48,14.67,15.18,63961210,969728128.00
2019/03/26,15.43,16.23,15.18,15.36,88661794,1395533184.00
2019/03/27,15.12,15.74,14.69,14.81,70690624,1068257856.00
2019/03/28,14.47,15.46,14.31,15.07,79638627,1197190784.00
2019/03/29,15.15,16.50,15.02,16.25,99387822,1593106560.00
2019/04/01,16.73,17.88,16.73,17.88,82768478,1465770880.00
2019/04/02,18.93,19.21,16.96,17.66,139206133,2521993728.00
2019/04/03,17.38,18.53,16.86,18.27,69360403,1246792704.00
2019/04/04,18.61,20.10,17.99,20.10,94427978,1817607296.00
2019/04/08,20.46,21.96,19.63,20.66,107296822,2242675968.00
2019/04/09,20.26,21.21,19.46,19.59,83703331,1682323072.00
2019/04/10,19.05,19.56,18.47,18.72,61969512,1178636416.00
2019/04/11,19.06,19.46,18.24,18.46,68083514,1284257536.00
2019/04/12,18.29,19.95,17.87,19.31,78327558,1493177728.00
2019/04/15,19.59,20.36,18.87,19.04,68049448,1335847296.00
2019/04/16,18.67,19.31,17.46,18.49,91932054,1677853952.00
2019/04/17,18.66,19.86,18.46,19.14,95358843,1835419904.00
2019/04/18,19.08,19.73,18.66,18.90,59031435,1131042816.00
2019/04/19,18.91,19.25,18.64,18.96,38757613,736846400.00
2019/04/22,19.27,20.83,19.27,20.81,104612871,2120494080.00
2019/04/23,20.76,21.90,20.37,20.91,88320831,1876804352.00
2019/04/24,20.91,23.01,20.82,23.01,83899477,1843019648.00
2019/04/25,23.16,24.63,21.44,22.58,111156950,2609107200.00
2019/04/26,21.96,22.93,20.58,21.96,80172971,1756465920.00
2019/04/29,21.47,22.24,20.16,20.26,71054299,1518980608.00
2019/04/30,20.06,22.29,20.06,22.29,94875870,2061565952.00
2019/05/06,21.06,21.91,20.06,20.06,91111145,1903119744.00
2019/05/07,20.63,20.99,18.05,18.49,128604389,2477960448.00
2019/05/08,17.76,17.83,16.64,16.64,108821911,1864442880.00
2019/05/09,16.76,17.95,16.76,17.45,108724264,1885163392.00
2019/05/10,18.01,19.20,17.67,19.20,116990860,2194820096.00
2019/05/13,19.06,19.23,18.06,18.84,74538391,1398727680.00
2019/05/14,18.66,20.16,18.36,19.06,88375266,1706752640.00
2019/05/15,19.36,19.57,18.92,19.33,59673715,1149851392.00
2019/05/16,19.69,20.16,19.11,19.18,76447609,1503526784.00
2019/05/17,19.00,19.61,18.47,18.90,67684821,1291205120.00
2019/05/20,18.91,18.91,17.01,17.34,77611437,1356185216.00
2019/05/21,17.55,18.10,17.31,18.01,54484481,971637312.00
2019/05/22,18.00,18.46,16.85,17.71,63497995,1122786944.00
2019/05/23,17.55,17.66,16.20,16.61,74938617,1260017664.00
2019/05/24,16.84,17.40,15.50,16.17,111373192,1830389632.00
2019/05/27,16.90,17.79,16.50,17.79,95123974,1634116992.00
2019/05/28,18.50,19.57,18.36,19.07,134983345,2566702592.00
2019/05/29,18.80,19.76,18.66,19.50,90336375,1747105920.00
2019/05/30,20.30,20.65,18.95,20.45,115388935,2299471360.00
2019/05/31,20.45,20.88,19.93,20.56,89201574,1827100544.00
2019/06/03,21.20,21.60,19.41,19.80,103943778,2135681024.00
2019/06/04,19.66,20.26,17.90,18.59,123300984,2319490048.00
2019/06/05,17.81,18.26,17.34,17.85,122834404,2183296512.00
2019/06/06,17.86,18.00,16.41,16.75,90738377,1548169088.00
2019/06/10,17.05,17.50,16.12,17.41,77878267,1318939264.00
2019/06/11,17.26,18.88,17.10,18.44,85081850,1531561600.00
2019/06/12,18.10,19.09,18.00,18.20,73918837,1372797952.00
2019/06/13,18.74,18.98,17.94,18.37,68733745,1259664512.00
2019/06/14,18.20,18.35,17.22,17.25,73646399,1303483008.00
2019/06/17,17.64,17.88,17.01,17.38,59102387,1030021696.00
2019/06/18,17.71,19.12,17.70,19.12,138176133,2568320512.00
2019/06/19,19.76,19.92,18.62,18.72,137890402,2652980736.00
2019/06/20,18.95,18.95,17.62,18.34,100581270,1831420800.00
2019/06/21,18.13,18.15,17.32,17.98,92460677,1638907008.00
2019/06/24,17.88,18.80,17.42,18.45,93695524,1697676288.00
2019/06/25,18.00,18.19,17.05,17.33,92924497,1632751872.00
2019/06/26,17.08,17.61,16.74,16.98,64330701,1098106496.00
2019/06/27,16.95,16.98,16.18,16.69,88950006,1481719168.00
2019/06/28,16.58,17.06,16.35,16.66,52040985,873969792.00
2019/07/01,16.91,17.44,16.52,17.23,65811284,1123914112.00
2019/07/02,17.53,18.80,17.31,18.19,106011203,1927200000.00
2019/07/03,18.01,18.39,17.55,17.66,67415112,1206068224.00
2019/07/04,17.70,17.97,17.41,17.85,42789502,756710016.00
2019/07/05,17.96,19.50,17.78,19.05,103237907,1917899648.00
2019/07/08,19.50,20.31,19.22,19.63,123729816,2433071360.00
2019/07/09,19.30,20.25,18.80,19.76,110473393,2151698176.00
2019/07/10,19.50,20.27,19.16,19.34,70544032,1386952576.00
2019/07/11,19.65,19.70,19.05,19.60,59708105,1157770624.00
2019/07/12,19.51,20.10,18.80,19.40,79429997,1541253888.00
2019/07/15,19.47,20.72,19.28,20.45,93753719,1873171328.00
2019/07/16,20.30,20.64,20.02,20.24,57402236,1166048384.00
2019/07/17,20.31,21.54,20.07,20.50,97390958,2024849024.00
2019/07/18,20.37,21.07,20.23,20.49,55718463,1150177024.00
2019/07/19,20.59,21.04,20.40,20.79,49240156,1019193088.00
2019/07/22,20.66,20.88,19.51,19.73,61543234,1240755840.00
2019/07/23,19.71,20.03,19.55,19.75,37486094,743489856.00
2019/07/24,19.94,20.28,19.70,19.88,45957049,917810624.00
2019/07/25,19.90,20.26,19.60,20.26,44285580,883445312.00
2019/07/26,20.23,20.23,19.50,19.69,54354363,1075109120.00
2019/07/29,19.28,19.64,18.70,19.36,73650686,1408776832.00
2019/07/30,19.36,19.83,19.25,19.45,43816256,857465024.00
2019/07/31,19.38,19.67,19.10,19.14,33542878,647858048.00
2019/08/01,18.99,20.65,18.88,20.17,91731878,1837221120.00
2019/08/02,19.81,20.31,19.70,20.03,66606697,1331193856.00
2019/08/05,20.38,20.98,20.05,20.44,85913143,1766069760.00
2019/08/06,19.81,20.40,19.68,20.11,62209603,1245207296.00
2019/08/07,21.21,21.76,20.15,20.20,97807206,2039674496.00
2019/08/08,20.40,20.40,19.55,19.91,65519327,1303113856.00
2019/08/09,19.90,20.02,17.92,18.03,116292480,2189896448.00
2019/08/12,18.08,18.40,16.81,18.11,138809325,2456773120.00
2019/08/13,17.85,18.14,17.65,17.85,56585828,1011870592.00
2019/08/14,18.00,18.10,17.34,18.10,68177505,1211770752.00
2019/08/15,17.79,17.92,17.42,17.75,62762335,1110805632.00
2019/08/16,17.70,18.24,17.50,17.58,89344012,1596533120.00
2019/08/19,17.53,17.69,16.00,17.12,154914651,2609350656.00
2019/08/20,16.90,17.63,16.86,17.30,79434352,1375078656.00
2019/08/21,17.30,17.40,16.71,16.81,71074031,1205834880.00
2019/08/22,17.30,18.38,16.93,18.30,158912067,2814723072.00
2019/08/23,18.04,18.30,17.69,17.84,79748612,1429667072.00
2019/08/26,17.62,18.10,17.62,17.80,62719642,1118661376.00
2019/08/27,18.10,19.15,17.93,18.55,122853435,2278637056.00
2019/08/28,18.45,20.41,18.40,20.41,175252102,3452403200.00
2019/08/29,20.41,20.55,19.85,20.10,117248147,2360802304.00
2019/08/30,20.10,20.27,19.40,19.50,97247865,1921618816.00
2019/09/02,19.62,19.64,18.62,19.15,114849145,2180090880.00
2019/09/03,19.11,19.87,18.83,19.13,116245002,2233498880.00
2019/09/04,18.50,18.75,17.91,18.13,174370333,3186920960.00
2019/09/05,17.98,18.45,17.78,18.31,110761787,2012845824.00
2019/09/06,18.13,18.13,17.20,17.41,140485246,2465906432.00
2019/09/09,17.19,17.63,16.89,17.57,127021396,2195896832.00
2019/09/10,17.64,18.57,17.42,18.09,138586337,2512794368.00
2019/09/11,17.80,18.16,17.66,17.72,77561566,1385589376.00
2019/09/12,17.74,17.85,17.22,17.58,54693895,959307392.00
2019/09/16,17.62,17.86,17.40,17.50,62831487,1104086912.00
2019/09/17,17.51,17.75,17.35,17.43,49455518,866568128.00
2019/09/18,17.48,17.48,17.10,17.21,42512573,732599104.00
2019/09/19,17.20,17.86,16.92,17.80,84591439,1480165760.00
2019/09/20,17.70,17.84,17.43,17.64,46472365,816884288.00
2019/09/23,17.49,17.68,17.05,17.17,49201419,850811648.00
2019/09/24,17.03,17.15,16.20,16.38,108129334,1787478912.00
2019/09/25,16.40,16.56,16.06,16.18,58558421,954804544.00
2019/09/26,16.33,16.44,14.56,14.56,99221766,1486877056.00
2019/09/27,13.81,14.70,13.81,14.28,111494803,1604525952.00
2019/09/30,14.95,15.30,14.71,15.11,85296403,1288188800.00
2019/10/08,15.82,15.97,15.30,15.56,84175979,1314586112.00
2019/10/09,15.70,16.36,15.07,16.22,101090119,1584446208.00
2019/10/10,16.11,16.91,16.01,16.49,109542633,1805627520.00
2019/10/11,16.40,16.90,16.20,16.26,66290899,1090017024.00
2019/10/14,15.62,16.08,15.35,15.65,106704440,1671148288.00
2019/10/15,15.78,16.09,15.16,15.19,72960959,1128966400.00
2019/10/16,15.09,15.45,14.83,14.93,50053542,755977280.00
2019/10/17,15.07,15.26,14.79,15.04,52149246,784529792.00
2019/10/18,14.86,15.45,14.43,15.01,98048815,1474508032.00
2019/10/21,15.33,16.51,15.33,16.51,145658105,2346731264.00
2019/10/22,16.70,16.99,16.22,16.80,116280896,1933344512.00
2019/10/23,16.80,17.41,16.68,16.75,90156552,1535951872.00
2019/10/24,17.19,17.49,16.66,17.20,116711806,2001913216.00
2019/10/25,17.30,18.25,17.25,17.99,157099533,2802441472.00
2019/10/28,17.50,18.29,17.22,17.76,127214049,2256462848.00
2019/10/29,17.76,18.94,17.55,18.35,145320553,2677155584.00
2019/10/30,18.38,18.76,17.68,18.06,100195663,1812450944.00
2019/10/31,18.06,18.15,16.60,16.87,139497978,2413530368.00
2019/11/01,16.81,17.03,16.20,16.67,97433525,1616837504.00
数据来源:通达信
