002301 齐心集团 日线 前复权
      日期	    开盘	    最高	    最低	    收盘	    成交量	    成交额
2013/09/02,3.87,3.93,3.73,3.83,2905310,18128018.00
2013/09/03,3.85,3.97,3.81,3.87,3587555,22970868.00
2013/09/04,3.87,3.93,3.79,3.89,4518925,28766298.00
2013/09/05,3.89,4.19,3.81,4.07,10550291,69476896.00
2013/09/06,4.02,4.20,3.91,4.12,10262037,69046416.00
2013/09/09,4.03,4.15,3.99,4.03,6030021,40083768.00
2013/09/10,4.05,4.11,3.93,3.98,4723151,31072950.00
2013/09/11,3.98,4.03,3.81,3.85,5299476,33567328.00
2013/09/12,3.83,3.90,3.80,3.84,2279832,14450351.00
2013/09/13,3.89,3.89,3.82,3.83,1737995,10998111.00
2013/09/16,3.87,3.87,3.71,3.74,4453183,27759936.00
2013/09/17,3.76,3.77,3.71,3.72,2076125,12786322.00
2013/09/18,3.74,3.85,3.73,3.82,2208332,13851825.00
2013/09/23,3.83,4.07,3.79,4.03,5806960,37798548.00
2013/09/24,4.04,4.14,3.95,4.07,5335593,35385696.00
2013/09/25,4.07,4.09,3.96,3.96,3480350,22868236.00
2013/09/26,4.00,4.35,3.99,4.23,12474279,86573640.00
2013/09/27,4.19,4.65,4.13,4.44,15118906,109969000.00
2013/09/30,4.46,4.78,4.45,4.62,9086832,68094264.00
2013/10/08,4.57,4.73,4.56,4.61,5803442,43374592.00
2013/10/09,4.55,5.11,4.53,5.07,12123694,96835960.00
2013/10/10,5.06,5.36,4.95,5.29,10986559,92038552.00
2013/10/11,5.28,5.38,5.19,5.28,7423145,62904976.00
2013/10/14,5.31,5.59,5.20,5.33,8691553,74534832.00
2013/10/15,5.29,5.33,5.08,5.12,4588266,38346480.00
2013/10/16,5.14,5.17,4.80,4.88,5461007,43755408.00
2013/10/17,4.93,5.41,4.93,5.41,12461492,106947496.00
2013/10/18,5.41,5.59,5.33,5.49,6517945,56892216.00
2013/10/21,5.48,5.55,5.22,5.51,6967659,60149120.00
2013/10/22,5.46,5.48,5.16,5.16,5854646,49838352.00
2013/10/23,5.21,5.23,4.61,5.01,6385722,50518696.00
2013/10/24,4.93,5.14,4.63,5.02,3204668,26039880.00
2013/10/25,5.03,5.33,5.03,5.19,4738384,39718088.00
2013/10/28,5.13,5.34,4.97,5.25,3172679,26767054.00
2013/10/29,5.23,5.35,4.78,5.08,5261239,43536908.00
2013/10/30,5.11,5.19,4.91,5.05,2588802,21115956.00
2013/10/31,5.05,5.07,4.85,4.91,2831962,22663870.00
2013/11/01,4.91,4.91,4.60,4.77,3329099,25570486.00
2013/11/04,4.77,4.91,4.73,4.85,1543815,12043122.00
2013/11/05,4.85,5.04,4.76,5.03,2093319,16597746.00
2013/11/06,5.01,5.13,4.98,5.01,2506840,20418826.00
2013/11/07,5.03,5.09,4.91,4.96,1623720,13021400.00
2013/11/08,4.93,5.03,4.87,4.88,1017000,8104328.00
2013/11/11,4.83,4.99,4.83,4.89,1084144,8606308.00
2013/11/12,4.89,5.05,4.85,4.99,1548056,12428676.00
2013/11/13,4.95,5.40,4.89,5.31,5854276,49084192.00
2013/11/14,5.26,5.43,5.15,5.37,4541266,38744308.00
2013/11/15,5.30,5.45,5.24,5.32,4506287,38644896.00
2013/11/18,5.46,5.75,5.35,5.53,7875027,69543416.00
2013/11/19,5.55,5.60,5.37,5.39,4384401,38132944.00
2013/11/20,5.35,5.36,5.19,5.29,3723006,31472538.00
2013/11/21,5.28,5.35,5.19,5.33,3026693,25592848.00
2013/11/22,5.32,5.32,5.06,5.07,3962038,32916934.00
2013/11/25,5.07,5.07,4.85,4.92,3311707,26362544.00
2013/11/26,4.89,5.05,4.89,5.04,2690329,21694242.00
2013/11/27,5.05,5.19,5.04,5.17,3431329,28309796.00
2013/11/28,5.11,5.26,5.11,5.19,2736181,22881450.00
2013/11/29,5.19,5.43,5.13,5.38,4954748,42335288.00
2013/12/02,5.22,5.32,4.93,5.08,4105681,33919968.00
2013/12/03,5.08,5.27,4.89,5.23,2212715,18346854.00
2013/12/04,5.23,5.35,5.21,5.24,2657091,22524816.00
2013/12/05,5.24,5.24,5.06,5.06,2762597,22809254.00
2013/12/06,5.01,5.15,5.01,5.13,1295213,10581590.00
2013/12/09,5.13,5.23,5.10,5.15,1302191,10780041.00
2013/12/10,5.19,5.51,5.14,5.43,6264379,54006540.00
2013/12/11,5.43,5.49,5.33,5.44,3996367,34559024.00
2013/12/12,5.45,5.73,5.39,5.41,6314774,55891316.00
2013/12/13,5.26,5.51,5.26,5.43,3125775,27158078.00
2013/12/16,5.36,5.89,5.35,5.88,11751062,105760936.00
2013/12/17,5.83,5.83,5.55,5.75,9011667,82244168.00
2013/12/18,5.66,6.06,5.63,6.01,12271251,115777240.00
2013/12/19,6.03,6.03,5.37,5.37,14683080,133604712.00
2013/12/20,5.19,5.28,4.83,4.91,10794886,88148504.00
2013/12/23,4.88,5.09,4.66,4.79,5340175,41434208.00
2013/12/24,4.85,4.90,4.75,4.89,3553797,27637868.00
2013/12/25,4.88,4.96,4.81,4.92,3289099,25848418.00
2013/12/26,4.92,4.92,4.76,4.77,2796754,21901856.00
2013/12/27,4.76,4.91,4.73,4.87,1611109,12599000.00
2013/12/30,4.87,5.11,4.84,5.05,3101601,24908620.00
2013/12/31,5.04,5.15,4.99,5.00,2777659,22603240.00
2014/01/02,4.98,5.10,4.97,5.02,2166735,17600196.00
2014/01/03,5.03,5.09,4.99,5.04,2049674,16593633.00
2014/01/06,4.98,4.99,4.87,4.95,2796469,22282382.00
2014/01/07,4.96,4.98,4.89,4.93,1125296,8953207.00
2014/01/08,4.93,5.05,4.40,5.00,3016335,24111992.00
2014/01/09,5.00,5.01,4.87,4.97,2398792,19170810.00
2014/01/10,4.98,4.98,4.57,4.78,3171616,24299608.00
2014/01/13,4.75,4.75,4.46,4.61,2353200,17552876.00
2014/01/14,4.61,4.93,4.60,4.79,1141084,8690730.00
2014/01/15,4.79,4.79,4.65,4.77,927358,7055616.50
2014/01/16,4.73,4.78,4.69,4.74,878843,6713719.00
2014/01/17,4.71,4.77,4.61,4.76,768735,5851151.00
2014/01/20,4.72,4.81,4.65,4.74,864002,6615610.00
2014/01/21,4.73,5.23,4.73,5.18,4553135,37027672.00
2014/01/22,5.28,5.28,5.09,5.24,3666151,30586726.00
2014/01/23,5.24,5.25,5.12,5.23,2516517,20965434.00
2014/01/24,5.23,5.29,5.15,5.24,2780412,23391924.00
2014/01/27,5.25,5.31,5.13,5.26,2575700,21598108.00
2014/01/28,5.26,5.32,5.19,5.29,1734241,14667479.00
2014/01/29,5.17,5.34,5.17,5.29,2424073,20576240.00
2014/01/30,5.29,5.56,5.25,5.44,2763138,23936174.00
2014/02/07,5.39,5.61,5.32,5.59,3004207,26674050.00
2014/02/10,5.50,5.85,5.50,5.74,6223417,56704068.00
2014/02/11,5.70,5.78,5.56,5.63,4239200,38319752.00
2014/02/12,5.61,5.81,5.53,5.80,4816248,43893348.00
2014/02/13,5.99,6.06,5.64,5.76,5969988,55682048.00
2014/02/14,5.83,6.00,5.73,5.79,5693695,53052732.00
2014/02/17,5.79,5.79,5.61,5.73,9164707,82947096.00
2014/02/18,5.69,6.02,5.59,5.87,9512169,88297480.00
2014/02/19,5.85,5.85,5.59,5.67,6778940,61656264.00
2014/02/20,5.66,5.67,5.43,5.48,4921486,43552748.00
2014/02/21,5.47,5.59,5.45,5.47,2509782,22130348.00
2014/02/24,5.44,5.96,5.39,5.91,16662173,154746928.00
2014/02/26,5.33,5.75,5.29,5.69,11208587,98226728.00
2014/02/27,5.52,6.04,5.49,5.75,15591995,143328528.00
2014/02/28,5.55,5.62,5.37,5.53,6249986,55040844.00
2014/03/03,5.52,5.63,5.42,5.52,5378805,47263624.00
2014/03/04,5.49,5.67,5.43,5.55,5356966,47854108.00
2014/03/05,5.61,5.63,5.41,5.43,4580331,40099008.00
2014/03/06,5.36,5.45,5.13,5.30,4003504,34106156.00
2014/03/07,5.26,5.66,5.26,5.61,7785509,68879032.00
2014/03/10,5.56,5.79,5.39,5.40,7476927,67091656.00
2014/03/11,5.23,5.37,5.13,5.17,4457387,37438484.00
2014/03/12,5.16,5.17,4.69,5.01,5325461,42634308.00
2014/03/13,4.97,5.09,4.88,5.05,2079639,16702246.00
2014/03/14,5.03,5.17,4.96,5.13,2546159,20909512.00
2014/03/17,5.00,5.19,4.97,5.14,1815848,14939483.00
2014/03/18,5.22,5.22,5.13,5.13,1579572,13120697.00
2014/03/19,5.13,5.13,5.00,5.08,1529797,12468696.00
2014/03/20,5.03,5.12,4.88,4.92,2455106,19705456.00
2014/03/21,4.92,5.01,4.73,4.99,1778967,14012385.00
2014/03/24,5.02,5.03,4.94,4.97,1308886,10498434.00
2014/03/25,4.96,4.99,4.86,4.96,1595452,12696340.00
2014/03/26,5.00,5.00,4.92,4.97,783661,6264815.50
2014/03/27,4.97,4.97,4.78,4.90,1926013,15226237.00
2014/03/28,4.87,4.87,4.73,4.75,1936054,14993368.00
2014/03/31,4.77,4.85,4.73,4.77,637627,4935062.00
2014/04/01,4.77,4.84,4.73,4.82,760828,5909318.00
2014/04/02,4.79,4.88,4.77,4.79,902456,7022605.50
2014/04/03,4.77,4.86,4.77,4.85,1323548,10299753.00
2014/04/04,4.88,5.02,4.80,4.97,1410686,11219669.00
2014/04/08,4.97,5.00,4.91,4.97,1553679,12420652.00
2014/04/09,4.94,5.06,4.94,5.01,1921884,15553142.00
2014/04/10,5.01,5.04,4.86,4.91,3997779,31753778.00
2014/04/11,4.91,4.91,4.82,4.84,1488997,11661120.00
2014/04/14,4.83,4.91,4.81,4.91,1341589,10549166.00
2014/04/15,4.92,4.93,4.83,4.93,2131987,16826818.00
2014/04/16,4.94,4.95,4.82,4.85,2008214,15797208.00
2014/04/17,4.84,4.87,4.81,4.84,1723284,13462761.00
2014/04/18,4.84,4.85,4.81,4.82,1239196,9659779.00
2014/04/21,4.81,4.83,4.68,4.68,1754885,13493707.00
2014/04/22,4.68,4.77,4.56,4.59,1548246,11611793.00
2014/04/23,4.63,4.73,4.60,4.69,1087749,8231872.50
2014/04/24,4.63,4.75,4.63,4.63,938901,7122937.50
2014/04/25,4.69,4.75,4.63,4.65,1160500,8829938.00
2014/04/28,4.68,4.69,4.37,4.37,1375526,9951271.00
2014/04/29,4.41,4.41,4.31,4.34,1135147,8043531.50
2014/04/30,4.33,4.39,4.29,4.39,1331205,9408505.00
2014/05/05,4.41,4.60,4.37,4.55,1411539,10265323.00
2014/05/06,4.55,4.63,4.52,4.57,1291256,9625792.00
2014/05/07,4.56,4.56,4.29,4.39,1594315,11505475.00
2014/05/08,4.35,4.45,4.35,4.38,1257863,8982595.00
2014/05/09,4.35,4.44,4.35,4.39,661992,4727090.50
2014/05/12,4.43,4.55,4.40,4.51,1600759,11616439.00
2014/05/13,4.49,4.57,4.48,4.54,1033500,7590866.00
2014/05/14,4.50,4.53,4.41,4.43,1202051,8700513.00
2014/05/15,4.43,4.46,4.34,4.36,1060947,7559677.00
2014/05/16,4.34,4.40,4.34,4.38,579941,4123676.75
2014/05/19,4.39,4.85,4.35,4.85,6390980,49166556.00
2014/05/20,4.93,5.29,4.78,5.10,10224928,82087928.00
2014/05/21,5.07,5.08,4.85,5.04,6471556,52067836.00
2014/05/22,5.05,5.06,4.91,4.92,5210243,41728412.00
2014/05/23,4.93,4.99,4.84,4.89,3470517,27496374.00
2014/05/26,4.83,4.95,4.81,4.95,3346889,26342582.00
2014/05/27,4.90,4.93,4.77,4.77,3915923,30515326.00
2014/05/28,4.77,4.82,4.73,4.80,2282045,17648716.00
2014/05/29,4.78,5.07,4.76,4.99,6423912,51266928.00
2014/05/30,4.96,5.03,4.84,4.86,3064015,24270808.00
2014/06/03,4.84,4.95,4.77,4.79,2177472,17092962.00
2014/06/04,4.76,4.84,4.76,4.79,1559762,12060767.00
2014/06/05,4.76,4.91,4.76,4.84,2239111,17449308.00
2014/06/06,4.84,4.84,4.67,4.71,2078144,15966406.00
2014/06/09,4.71,4.73,4.57,4.61,2389253,17858710.00
2014/06/10,4.61,4.73,4.56,4.69,1878371,14179907.00
2014/06/11,4.69,4.72,4.64,4.69,1221009,9257203.00
2014/06/12,4.69,4.80,4.60,4.79,1901064,14450229.00
2014/06/13,4.81,4.89,4.75,4.79,2715422,21093966.00
2014/06/16,4.79,4.79,4.66,4.68,2940196,22458358.00
2014/06/17,4.68,4.69,4.51,4.52,3270325,24290028.00
2014/06/18,4.52,4.57,4.47,4.53,1939674,14225761.00
2014/06/19,4.51,4.58,4.36,4.43,3551378,25968264.00
2014/06/20,4.45,4.46,4.37,4.42,1821278,13076053.00
2014/06/23,4.36,4.66,4.33,4.50,2086222,15355098.00
2014/06/24,4.48,4.56,4.44,4.50,1481562,10851818.00
2014/06/25,4.48,4.51,4.41,4.46,1672273,12117639.00
2014/06/26,4.46,4.51,4.45,4.49,2010864,14645151.00
2014/06/27,4.53,4.62,4.53,4.59,4103265,30414766.00
2014/06/30,4.61,4.66,4.57,4.60,2717226,20325010.00
2014/07/01,4.59,4.77,4.57,4.76,5177173,39083776.00
2014/07/02,4.76,4.94,4.73,4.86,8788034,69067648.00
2014/07/03,4.86,4.95,4.84,4.87,4588951,36212340.00
2014/07/04,4.88,4.98,4.83,4.86,3496711,27620174.00
2014/07/07,4.85,5.05,4.85,5.05,5286533,42395632.00
2014/12/02,5.59,5.59,5.33,5.59,20907106,185536672.00
2014/12/03,5.59,5.65,5.31,5.56,36107453,314865120.00
2014/12/04,5.49,5.64,5.45,5.49,17511448,154146288.00
2014/12/05,5.51,5.54,5.11,5.16,15138466,128251584.00
2014/12/08,5.15,5.36,5.15,5.19,9503056,79914744.00
2014/12/09,5.16,5.16,4.74,4.79,12106096,96848824.00
2014/12/10,4.77,4.95,4.75,4.95,6535207,51322044.00
2014/12/11,4.93,5.05,4.87,5.02,7182411,57307208.00
2014/12/12,5.07,5.55,4.99,5.50,19136386,163376416.00
2014/12/15,5.43,5.64,5.31,5.47,14018251,122814264.00
2014/12/16,5.44,5.57,5.35,5.47,10270059,89720464.00
2014/12/17,5.67,5.93,5.55,5.56,24222759,220160080.00
2014/12/18,5.53,5.61,5.42,5.55,10102491,88998728.00
2014/12/19,5.61,5.85,5.56,5.70,17886001,162811712.00
2014/12/22,5.70,5.70,5.35,5.41,9269324,81319216.00
2014/12/23,5.41,5.70,5.37,5.53,7506454,66468184.00
2014/12/24,5.53,5.75,5.53,5.68,8901627,80240616.00
2014/12/25,5.67,5.76,5.59,5.62,6042096,54592656.00
2014/12/26,5.67,5.89,5.61,5.74,8719533,79835256.00
2014/12/29,5.70,5.81,5.42,5.47,9254232,81464144.00
2014/12/30,5.47,5.47,5.13,5.23,7374690,62759224.00
2014/12/31,5.25,5.38,5.11,5.31,4125641,34731492.00
2015/01/05,5.31,5.49,5.25,5.42,7147580,61681936.00
2015/01/06,5.41,5.43,5.27,5.40,4842461,41612724.00
2015/01/07,5.40,5.41,5.32,5.35,3228200,27689728.00
2015/01/08,5.36,5.40,5.22,5.23,3113651,26330074.00
2015/01/15,5.41,5.69,5.38,5.53,10095556,88762176.00
2015/01/16,5.50,5.52,5.41,5.44,4869306,42548940.00
2015/01/19,5.31,5.41,5.13,5.26,5829176,49285220.00
2015/01/20,5.26,5.63,5.25,5.57,9894324,86896440.00
2015/01/21,5.57,5.71,5.51,5.66,10769079,96897752.00
2015/01/22,5.70,5.76,5.61,5.76,7970336,72452464.00
2015/01/23,5.77,6.09,5.77,6.01,16665928,158468224.00
2015/01/26,6.03,6.06,5.93,6.05,7838476,74812440.00
2015/01/27,6.04,6.23,5.96,6.15,8931269,86536552.00
2015/01/28,6.17,6.27,5.99,6.03,6754944,65677400.00
2015/01/29,6.06,6.14,5.90,5.95,5481659,52284412.00
2015/01/30,5.98,6.01,5.88,5.97,5305066,50153396.00
2015/02/02,5.96,6.36,5.91,6.31,9999292,98079728.00
2015/02/03,6.30,6.61,6.25,6.56,9787931,100433040.00
2015/02/04,6.50,6.61,6.37,6.56,7768855,79985552.00
2015/02/05,6.54,6.84,6.49,6.51,8064199,85015848.00
2015/02/06,6.47,6.48,6.17,6.26,8378316,84289408.00
2015/02/09,6.28,6.39,6.21,6.29,4810262,47955636.00
2015/02/10,6.27,6.40,6.25,6.35,3446603,34578224.00
2015/02/11,6.35,6.51,6.34,6.47,4726537,48340232.00
2015/02/12,6.49,6.83,6.41,6.76,6482947,67867848.00
2015/02/13,6.79,6.96,6.76,6.89,6149946,66782048.00
2015/02/16,6.91,7.38,6.91,7.25,8797401,99270992.00
2015/02/17,7.22,7.71,7.07,7.64,8993665,104220328.00
2015/02/25,7.61,7.71,7.45,7.71,5033786,60101760.00
2015/02/26,7.71,7.77,7.55,7.71,4757195,57153108.00
2015/02/27,7.77,8.44,7.71,8.41,8802671,112690776.00
2015/03/02,8.41,8.45,8.15,8.45,7637732,99106896.00
2015/03/03,8.71,8.99,8.34,8.42,10241911,137215248.00
2015/03/04,8.42,8.42,8.07,8.33,6695927,86349064.00
2015/03/05,8.26,8.47,8.13,8.40,6412186,83393160.00
2015/03/06,8.41,8.41,8.04,8.25,5992661,76759984.00
2015/03/09,8.21,8.75,8.07,8.75,6533149,86009712.00
2015/03/10,8.77,9.07,8.77,8.85,6594804,91379016.00
2015/03/11,8.85,9.64,8.75,9.46,10647004,154184928.00
2015/03/12,9.46,10.17,9.31,10.07,11840866,179889056.00
2015/03/13,9.97,10.73,9.84,10.24,14462933,230836224.00
2015/03/16,9.65,10.44,9.65,10.32,11975624,188421584.00
2015/03/17,10.30,10.51,10.15,10.22,6926082,110647280.00
2015/03/18,10.26,10.64,10.23,10.61,8468130,136977568.00
2015/04/21,11.71,11.71,11.71,11.71,2582497,46743196.00
2015/04/22,12.84,12.91,12.14,12.91,16269838,318830496.00
2015/04/23,14.17,14.17,12.55,12.68,19804881,409317792.00
2015/04/24,12.91,12.91,11.73,12.15,12422778,233326800.00
2015/04/27,12.18,12.27,11.69,12.04,11787705,216576864.00
2015/04/28,11.97,11.97,10.97,11.35,12787667,226170208.00
2015/04/29,11.17,11.70,10.97,11.65,8125129,145477632.00
2015/04/30,11.58,12.64,11.58,12.35,13298218,252250160.00
2015/05/04,12.35,12.81,11.97,12.13,8323738,158733920.00
2015/05/05,12.04,12.11,11.64,11.69,5369917,97790352.00
2015/05/06,11.69,12.61,11.43,11.76,5438621,100312944.00
2015/05/07,11.67,11.97,11.21,11.31,4892111,87569208.00
2015/05/08,11.31,12.04,11.31,12.04,9958905,180882864.00
2015/05/11,12.17,12.61,11.87,12.49,9303536,177985792.00
2015/05/12,12.49,12.61,12.29,12.55,8548897,164226128.00
2015/05/13,12.61,13.83,12.38,13.50,12621869,254227008.00
2015/05/14,13.64,14.65,13.44,14.45,13823611,301701088.00
2015/05/15,14.44,15.42,13.55,15.21,18084130,398089152.00
2015/05/18,14.65,15.21,14.51,14.85,11312543,259436848.00
2015/05/19,14.83,15.11,14.54,14.99,7636300,174086656.00
2015/05/20,15.01,16.01,15.01,15.43,8371638,199045088.00
2015/05/21,15.42,15.83,14.97,15.37,8955456,209827168.00
2015/05/22,15.59,15.71,14.79,15.05,8443979,196393968.00
2015/05/25,14.97,15.27,14.51,14.85,9555225,218466528.00
2015/05/26,14.90,16.11,14.85,15.96,13738986,324778624.00
2015/05/27,16.04,17.59,15.67,17.56,18379379,473769152.00
2015/05/28,17.71,19.35,17.71,18.50,21048255,611523392.00
2015/05/29,18.31,20.39,17.84,20.39,19070735,574412672.00
2015/06/01,21.53,21.53,19.35,20.39,25884500,807080768.00
2015/06/02,20.06,22.47,19.64,22.47,17601495,562465920.00
2015/06/03,22.35,23.23,21.57,22.55,16643230,568761216.00
2015/06/04,22.11,22.29,20.31,22.17,11945223,392989760.00
2015/06/05,22.17,22.49,20.55,21.17,13011666,426161344.00
2015/06/08,21.20,21.48,19.63,19.80,12083803,372190112.00
2015/06/09,19.11,20.17,18.99,19.24,8543189,253654512.00
2015/06/10,19.29,21.20,19.29,21.20,13648850,427136768.00
2015/06/11,21.64,23.21,21.24,23.18,16671615,573966912.00
2015/06/12,23.24,23.64,22.17,22.59,13381604,463310912.00
2015/06/15,22.31,23.31,21.43,21.84,11241969,379216448.00
2015/06/16,20.94,21.64,19.63,20.29,9692308,304117216.00
2015/06/17,20.51,20.91,19.01,20.13,10271022,312117248.00
2015/06/18,21.82,22.18,20.97,22.18,16161289,541847360.00
2015/06/19,20.89,22.97,20.30,21.57,22691069,755054848.00
2015/06/23,21.31,22.11,19.38,20.77,13459495,425857952.00
2015/06/24,20.87,22.64,20.17,22.24,14849804,484258208.00
2015/06/25,22.31,24.31,21.79,23.15,24027442,853384896.00
2015/06/26,21.95,22.63,20.80,20.80,12812302,421337984.00
2015/06/29,21.31,21.51,18.69,18.69,10401441,307123648.00
2015/06/30,16.78,19.77,16.78,18.84,19838262,537594368.00
2015/07/01,18.85,19.12,16.92,16.92,14321998,395020544.00
2015/11/19,15.19,15.19,15.19,15.19,2905500,67727208.00
2015/11/20,14.99,16.75,14.99,16.75,26994419,657182080.00
2015/11/23,17.49,17.83,15.59,15.97,27834299,710038208.00
2015/11/24,15.39,16.72,14.71,16.72,18985367,448025920.00
2015/11/25,16.19,16.85,16.01,16.47,12036641,302752128.00
2015/11/26,16.39,16.78,16.14,16.43,10708038,269249024.00
2015/11/27,16.12,16.46,14.85,15.05,9066026,219529184.00
2015/11/30,14.94,15.31,13.59,13.99,9894174,216699520.00
2015/12/01,14.03,14.85,14.03,14.32,6727442,149019040.00
2015/12/02,14.25,14.33,13.34,13.77,5501112,116874224.00
2015/12/03,13.77,14.15,13.65,14.05,4330356,93129720.00
2015/12/04,14.06,14.74,14.06,14.47,7884302,175478496.00
2015/12/07,14.52,15.95,14.52,15.95,10447453,247103312.00
2015/12/08,16.32,16.32,15.12,15.23,10521382,252857296.00
2015/12/09,14.92,15.19,14.57,14.75,6898622,156635040.00
2015/12/10,14.84,15.31,14.39,14.60,5665394,129428328.00
2015/12/11,14.39,14.45,13.65,13.95,5648067,121858920.00
2015/12/14,13.98,14.58,13.75,14.37,3990298,87631040.00
2015/12/15,14.52,14.57,14.19,14.34,4398012,96809336.00
2015/12/16,14.39,14.65,14.31,14.33,4063705,90242816.00
2015/12/17,14.52,15.80,14.45,15.80,11331509,265515856.00
2015/12/18,15.65,15.95,15.17,15.19,10306350,245094944.00
2015/12/21,15.15,15.67,14.94,15.26,5323939,125244688.00
2015/12/22,15.25,15.60,14.99,15.27,4467873,104971488.00
2015/12/23,15.35,15.35,15.00,15.09,4163403,96851888.00
2015/12/24,14.91,15.15,14.72,14.92,3075859,70467936.00
2015/12/25,15.12,15.39,15.04,15.28,3533949,82511280.00
2015/12/28,15.47,15.80,15.11,15.19,6277793,148921120.00
2015/12/29,15.02,15.19,14.75,14.99,3343886,76701536.00
2015/12/30,15.12,15.17,14.87,14.93,3056423,70282336.00
2015/12/31,15.09,15.09,13.99,14.20,5792500,128884472.00
2016/01/04,14.05,14.32,12.75,12.75,4211521,87693648.00
2016/01/05,12.03,13.54,11.53,12.99,6920642,135281680.00
2016/01/06,13.27,13.49,12.82,13.46,4821710,98389288.00
2016/01/07,13.16,13.16,12.08,12.08,1042700,20333916.00
2016/01/08,11.12,12.99,11.12,12.12,7100347,130642720.00
2016/01/11,11.62,12.25,10.87,10.87,6665265,118257208.00
2016/01/12,10.99,10.99,9.99,10.39,4566928,74360360.00
2016/01/13,10.64,10.95,10.26,10.40,5748347,94396312.00
2016/01/14,10.72,11.35,10.48,11.25,9434937,159164816.00
2016/01/15,11.47,11.47,10.53,10.62,7023929,119000888.00
2016/01/18,10.72,10.89,9.65,10.64,4776057,78310608.00
2016/01/19,10.63,11.05,10.56,11.01,4137785,69431208.00
2016/01/20,10.98,11.10,10.69,10.83,3774317,63747996.00
2016/01/21,10.61,10.99,10.32,10.35,5038069,83164256.00
2016/01/22,10.42,10.68,9.85,10.39,4393410,69954848.00
2016/01/25,10.57,10.72,10.19,10.53,4425988,72490496.00
2016/01/26,10.44,10.45,9.45,9.48,5247324,81527224.00
2016/02/03,9.48,9.99,9.19,9.69,4929619,73927504.00
2016/02/04,9.52,10.70,9.52,10.70,6959954,110727160.00
2016/02/05,10.52,11.32,10.52,11.01,8905618,150771696.00
2016/02/15,10.52,11.23,9.87,11.11,5522061,91119888.00
2016/02/16,11.05,11.65,11.01,11.43,8382938,147788048.00
2016/02/17,11.37,11.57,11.23,11.43,4970750,87440592.00
2016/02/18,11.44,11.57,11.19,11.35,6049574,106812960.00
2016/02/19,11.21,11.45,11.04,11.21,4537523,78927480.00
2016/02/22,11.19,11.65,11.13,11.29,6784599,118642560.00
2016/02/23,11.22,11.35,10.92,10.98,4159680,71459104.00
2016/02/24,11.00,11.18,10.44,10.79,3862511,64827012.00
2016/02/25,10.80,10.83,9.67,9.67,9344321,143614240.00
2016/02/26,9.99,9.99,9.32,9.68,4520544,68056056.00
2016/02/29,9.71,9.74,9.06,9.39,5327361,77822480.00
2016/03/01,9.42,9.54,9.31,9.48,2662132,39136744.00
2016/03/02,9.31,10.19,9.31,10.04,5572815,83597456.00
2016/03/03,10.03,11.08,9.85,10.11,8267727,131320312.00
2016/03/04,10.19,10.25,9.61,9.85,5151333,79095224.00
2016/03/07,9.85,10.21,9.78,10.05,4165852,64903884.00
2016/03/08,10.05,10.42,9.65,10.25,3794151,59113648.00
2016/03/09,10.01,10.41,9.87,10.24,3316001,52736780.00
2016/03/10,10.27,10.45,10.15,10.17,2938751,46994900.00
2016/03/11,9.84,10.52,9.83,10.52,4234602,67760600.00
2016/03/14,10.65,11.12,10.63,10.95,4829343,81761872.00
2016/03/15,10.90,11.32,10.45,10.61,5143273,87043272.00
2016/03/16,10.78,10.78,10.19,10.26,4620562,74939008.00
2016/03/17,10.29,10.52,10.12,10.39,4921823,78830512.00
2016/03/18,10.39,11.46,10.39,11.46,11158130,192344288.00
2016/03/31,12.64,12.64,11.78,12.05,15785319,297596800.00
2016/04/01,12.03,12.59,11.17,12.24,12378611,223164064.00
2016/04/05,11.99,12.17,11.79,12.11,10238328,189471760.00
2016/04/06,12.05,12.43,11.92,12.15,7635518,143539056.00
2016/04/07,12.05,12.12,11.65,11.65,5542802,101251848.00
2016/04/08,11.52,11.63,11.05,11.24,4347058,75972808.00
2016/04/11,11.39,11.82,11.29,11.61,4866323,87099000.00
2016/04/12,11.66,12.32,11.53,12.14,8316695,154279568.00
2016/04/13,12.57,12.99,12.33,12.49,12114537,235237376.00
2016/04/14,12.56,12.97,12.39,12.51,8037784,157245328.00
2016/04/15,12.95,13.80,12.95,13.52,19647674,409956448.00
2016/04/18,13.19,14.05,13.03,13.89,12838550,270259328.00
2016/04/19,13.72,14.05,13.41,13.75,6555820,139008064.00
2016/04/20,13.77,14.09,12.79,12.82,8103652,167170880.00
2016/04/21,12.65,12.96,11.99,11.99,7689300,146500096.00
2016/04/22,11.92,11.93,10.75,11.79,5583776,100511800.00
2016/04/25,11.87,12.18,11.73,12.01,5838052,107690640.00
2016/04/26,12.03,12.45,12.03,12.35,4692990,89121416.00
2016/04/27,12.36,12.56,12.04,12.13,3475489,65838928.00
2016/04/28,11.95,12.54,11.95,12.14,5013142,94751248.00
2016/04/29,12.09,12.27,12.01,12.21,2894715,54450336.00
2016/05/03,12.39,12.95,12.25,12.84,6635654,128660184.00
2016/05/04,12.74,12.91,12.50,12.62,3790208,73986864.00
2016/05/05,12.59,12.82,12.44,12.55,3219258,62491096.00
2016/05/06,12.55,12.63,11.59,11.67,5126668,95118312.00
2016/05/09,11.54,11.68,11.12,11.40,5419718,96238216.00
2016/05/10,11.57,11.57,11.28,11.45,2285325,40296236.00
2016/05/11,11.35,11.57,10.96,11.12,3289690,57241692.00
2016/05/12,10.95,10.95,10.52,10.89,6036201,100469144.00
2016/05/13,10.80,11.16,10.75,10.87,4122846,69879472.00
2016/05/16,10.79,11.04,10.71,10.97,2525557,42422096.00
2016/05/17,11.04,11.65,10.97,11.31,4438699,77406328.00
2016/05/18,11.37,11.39,10.97,11.14,3856054,66241524.00
2016/05/19,11.02,11.47,11.02,11.21,2599653,45633228.00
2016/05/20,11.23,11.49,11.07,11.45,2725955,47902684.00
2016/05/23,11.49,12.00,11.44,11.70,3651774,66265804.00
2016/05/24,11.70,11.73,11.32,11.43,2452980,43425356.00
2016/05/25,11.46,11.65,11.13,11.33,3524637,61994404.00
2016/05/26,11.25,11.45,10.99,11.31,1826815,31491894.00
2016/05/27,11.21,11.52,11.13,11.43,1665682,29265516.00
2016/05/30,11.43,11.43,11.15,11.20,1248518,21692840.00
2016/05/31,11.21,11.72,11.21,11.72,4244842,75501208.00
2016/06/01,11.75,12.16,11.59,11.87,4503714,82501624.00
2016/06/02,11.73,12.13,11.73,12.01,3791415,70175944.00
2016/06/03,12.03,12.11,11.91,11.96,3821308,70693016.00
2016/06/06,12.09,12.61,12.05,12.24,6554511,124714624.00
2016/06/07,12.19,12.59,12.12,12.32,5342820,101548000.00
2016/06/08,12.17,12.99,12.17,12.82,7748746,151398000.00
2016/06/13,12.58,12.89,12.33,12.79,7415363,144818960.00
2016/06/14,12.52,12.79,12.15,12.66,6097251,116684720.00
2016/06/15,12.45,13.25,12.45,13.12,6517498,130023392.00
2016/06/16,13.13,13.63,12.90,13.63,8353139,171742128.00
2016/06/17,13.52,14.47,13.52,14.07,8600526,186486576.00
2016/06/20,13.91,14.43,13.66,13.67,5220367,112086160.00
2016/06/21,14.05,14.12,13.69,13.90,6576080,140215088.00
2016/06/22,13.65,14.24,13.52,13.93,4212699,90171024.00
2016/06/23,13.93,14.32,13.79,14.14,4473802,96521264.00
2016/06/24,14.07,14.22,13.14,13.69,5715801,120456688.00
2016/06/27,13.61,13.79,12.99,13.62,4650575,97552432.00
2016/06/28,13.75,13.99,13.52,13.64,3573191,75353520.00
2016/06/29,13.69,13.71,13.09,13.37,7061835,144484144.00
2016/06/30,13.37,13.63,13.21,13.32,5154144,106048448.00
2016/07/01,13.39,13.57,13.27,13.28,2759398,56797672.00
2016/07/04,13.25,13.79,13.19,13.61,4895309,101641376.00
2016/07/05,13.74,13.74,13.45,13.57,3239879,67747824.00
2016/07/06,13.57,13.82,13.49,13.67,3568465,74838056.00
2016/07/07,13.72,13.74,13.08,13.72,5535830,114936224.00
2016/07/08,13.69,14.44,13.52,14.19,8678421,187685376.00
2016/07/11,14.19,14.32,13.59,13.62,5542607,118648744.00
2016/07/12,13.57,13.59,12.92,13.35,5935535,120545728.00
2016/07/13,13.22,13.90,13.21,13.90,5102514,105701544.00
2016/07/14,13.91,13.95,13.34,13.43,3852519,80180728.00
2016/07/15,13.37,13.42,13.12,13.33,2424222,49505544.00
2016/07/18,13.33,13.49,13.14,13.23,1246754,25403078.00
2016/07/19,13.25,13.71,13.13,13.41,3010463,62475864.00
2016/07/20,13.39,13.47,13.30,13.37,1300486,26763298.00
2016/07/21,13.36,13.55,13.03,13.47,2924908,60492124.00
2016/07/22,13.31,13.46,13.26,13.33,1205222,24735090.00
2016/07/25,13.34,13.34,13.05,13.20,2735756,55501836.00
2016/07/26,13.32,13.45,13.15,13.39,2101405,43144028.00
2016/07/27,13.43,13.43,12.73,13.07,3068929,61825472.00
2016/07/28,12.99,13.29,12.95,13.26,2297806,46415272.00
2016/07/29,13.24,13.52,13.20,13.21,1219000,24971328.00
2016/08/01,13.02,13.51,12.99,13.44,2435168,49624848.00
2016/08/02,13.45,13.54,13.35,13.51,1700863,35270524.00
2016/08/03,13.69,14.57,13.69,14.08,8538238,185271968.00
2016/08/04,14.19,14.19,13.70,14.01,4023117,86025680.00
2016/08/05,13.99,14.31,13.89,14.29,6785094,147837232.00
2016/08/08,14.39,14.76,13.77,14.12,9038694,196736416.00
2016/08/09,13.92,14.11,13.69,14.11,6298997,134301600.00
2016/08/10,14.01,14.29,13.85,13.92,6384480,138232976.00
2016/08/11,13.90,14.09,13.60,13.99,4521945,96315272.00
2016/08/12,14.17,14.91,14.05,14.64,10189130,227632096.00
2016/08/15,14.52,14.89,14.35,14.89,7128443,160529488.00
2016/08/16,14.81,14.90,14.59,14.75,4032607,91121896.00
2016/08/17,14.77,14.89,14.52,14.56,3883405,87221008.00
2016/08/18,14.45,14.55,14.11,14.25,4732843,103876816.00
2016/08/19,14.19,14.38,14.12,14.23,2022266,44324656.00
2016/08/22,14.22,14.31,14.09,14.21,1993233,43548320.00
2016/08/23,14.21,14.21,13.60,13.73,5225290,111506344.00
2016/08/24,13.75,13.81,13.59,13.73,3748792,78860496.00
2016/08/25,13.67,13.93,13.53,13.89,4025201,85148280.00
2016/08/26,13.86,13.95,13.73,13.81,2563370,54594724.00
2016/08/29,13.81,13.99,13.69,13.79,1562288,33267560.00
2016/08/30,13.85,13.93,13.76,13.87,1568276,33462406.00
2016/08/31,13.80,13.92,13.39,13.53,2624851,54900460.00
2016/09/01,13.53,13.65,13.35,13.53,2304151,47807196.00
2016/09/02,13.45,13.69,13.43,13.63,1961854,41039160.00
2016/09/05,13.65,13.66,13.50,13.65,1357855,28435578.00
2016/09/06,13.58,13.82,13.51,13.76,1586273,33425800.00
2016/09/07,13.76,13.94,13.71,13.77,1260273,26740204.00
2016/09/08,13.81,14.01,13.67,13.97,2777037,59326864.00
2016/09/09,13.97,14.09,13.83,13.89,1790635,38475968.00
2016/09/12,13.59,14.20,13.47,13.65,2469567,52455780.00
2016/09/13,13.71,14.08,13.69,13.79,2204119,47006836.00
2016/09/14,13.77,13.91,13.67,13.91,1541581,32748880.00
2016/09/19,13.89,14.25,13.83,14.19,3794196,81786992.00
2016/09/20,14.18,14.24,14.03,14.08,1712611,37210280.00
2016/09/21,14.15,14.22,14.03,14.15,1552101,33683476.00
2016/09/22,14.19,14.27,13.99,13.99,1832070,39871108.00
2016/09/23,14.01,14.16,13.84,13.99,1621296,34861328.00
2016/09/26,13.99,14.15,13.85,13.98,2381446,51377984.00
2016/09/27,13.88,14.27,13.88,14.27,3338130,72588136.00
2016/09/28,14.24,14.32,13.99,14.15,2325355,50643500.00
2016/09/29,14.13,14.19,14.02,14.16,1753413,38052904.00
2016/09/30,14.13,14.25,14.05,14.19,1932894,42061272.00
2016/10/10,14.19,14.37,14.05,14.36,2979904,65100612.00
2016/10/11,14.33,14.45,14.18,14.43,3012058,66152000.00
2016/10/12,14.39,14.47,14.19,14.35,2452673,53994288.00
2016/10/13,14.48,14.89,14.27,14.85,5340421,120935768.00
2016/10/14,14.76,14.95,14.66,14.87,2900327,65944104.00
2016/10/17,14.93,15.65,14.93,15.42,6726330,159031024.00
2016/10/18,15.37,15.72,15.19,15.72,6081884,144861488.00
2016/10/19,15.72,15.78,15.49,15.70,5134864,122938448.00
2016/10/20,15.53,15.79,15.53,15.57,2613302,62596656.00
2016/10/21,15.59,15.71,15.05,15.35,2957321,69369528.00
2016/10/24,15.34,15.45,15.15,15.32,1989872,46726156.00
2016/10/25,15.43,16.27,15.39,16.21,5420986,132521328.00
2016/10/26,16.07,16.55,15.98,16.05,4722722,116991864.00
2016/10/27,16.05,16.32,16.00,16.14,2619278,64916824.00
2016/10/28,16.14,16.38,15.73,15.83,2747162,67300240.00
2016/10/31,15.86,15.93,15.21,15.59,3167807,74943936.00
2016/11/01,15.89,15.89,15.45,15.61,1823212,43558328.00
2016/11/02,15.65,15.65,15.12,15.17,2114400,49681360.00
2016/11/03,15.00,15.13,14.79,15.05,3660886,83913328.00
2016/11/04,15.03,15.37,14.93,15.19,2533679,59173512.00
2016/11/07,15.07,15.53,15.05,15.05,3627079,84973200.00
2016/11/08,15.07,15.37,15.07,15.22,2304123,53888348.00
2016/11/09,15.35,15.47,14.80,15.23,2618973,61024080.00
2016/11/10,15.41,15.52,14.99,15.25,4774176,111446592.00
2016/11/11,15.12,15.24,14.96,15.19,2537767,58873784.00
2016/11/14,15.06,15.24,14.71,15.05,3118108,71359904.00
2016/11/15,14.92,15.24,14.86,15.21,1334046,30839020.00
2016/11/16,15.99,16.09,15.20,15.20,4435948,105535344.00
2016/11/17,15.18,15.18,14.97,14.99,2668689,61422024.00
2016/11/18,15.12,15.19,14.99,15.06,1269866,29420524.00
2016/11/21,15.14,15.41,14.87,15.07,2974012,69182920.00
2016/11/22,15.17,15.17,14.89,14.97,2941877,67672976.00
2016/11/23,15.03,15.14,14.95,14.97,2821780,64970516.00
2016/11/24,14.95,14.96,14.60,14.63,2666757,60575856.00
2016/11/25,14.63,14.77,13.99,14.32,3808946,83812576.00
2016/11/28,14.38,14.72,14.38,14.58,3374261,75625776.00
2016/11/29,14.52,14.75,14.41,14.58,2347567,52677640.00
2016/11/30,14.58,14.68,14.45,14.65,2522416,56463508.00
2016/12/01,14.69,14.98,14.57,14.84,2724264,62079036.00
2016/12/02,14.84,14.84,14.46,14.55,2657518,59423428.00
2016/12/05,14.51,14.61,14.29,14.55,2250336,49909556.00
2016/12/06,14.46,14.56,14.30,14.32,2093004,46189144.00
2016/12/07,14.33,14.38,14.06,14.20,2258198,49081160.00
2016/12/08,14.23,14.29,14.09,14.12,1068544,23222940.00
2016/12/09,14.17,14.17,13.83,13.97,1785079,38387456.00
2016/12/12,13.93,13.99,12.54,12.95,4317265,87417000.00
2016/12/13,12.91,13.39,11.65,13.39,2736650,54126560.00
2016/12/14,13.51,13.66,13.22,13.34,2499252,51661024.00
2016/12/15,13.14,13.44,13.05,13.24,1553602,31632456.00
2016/12/16,13.25,13.38,13.09,13.21,1550225,31526070.00
2016/12/19,13.12,13.27,12.99,12.99,1466606,29641240.00
2016/12/20,12.99,13.22,12.93,13.12,1782841,35906700.00
2016/12/21,13.24,13.88,13.15,13.73,3810412,79799480.00
2016/12/22,13.75,14.84,13.52,14.51,3423592,74218200.00
2016/12/23,14.65,14.65,14.10,14.25,2336072,51398556.00
2016/12/26,14.25,14.49,13.95,14.28,2547876,55562280.00
2016/12/27,14.28,14.32,14.22,14.24,1360617,29832978.00
2016/12/28,14.19,14.29,13.93,13.96,1143952,24788770.00
2016/12/29,13.95,14.28,13.86,14.05,1517109,32871486.00
2016/12/30,13.99,14.17,13.99,14.12,804893,17417146.00
2017/01/03,14.15,14.39,14.15,14.17,1469628,32208194.00
2017/01/04,14.19,14.60,14.19,14.60,1849546,40782812.00
2017/01/05,14.60,15.03,14.55,14.91,4340945,98955392.00
2017/01/06,14.94,14.97,14.51,14.55,1934006,43692684.00
2017/01/09,14.57,14.75,14.57,14.61,1835645,41305296.00
2017/01/10,14.53,14.71,14.47,14.61,891456,19989266.00
2017/01/11,14.61,14.67,14.03,14.09,2693837,59198556.00
2017/01/12,14.13,14.22,13.85,13.85,1262375,27188862.00
2017/01/13,13.91,13.98,12.99,13.97,2397838,49936848.00
2017/01/16,13.85,14.09,13.12,13.90,2011630,42789996.00
2017/01/17,13.89,13.89,13.07,13.39,1866527,38498064.00
2017/01/18,13.52,13.53,13.12,13.12,1128193,22985538.00
2017/01/19,13.30,13.45,13.13,13.41,543799,11126163.00
2017/01/20,13.39,13.63,13.34,13.59,610090,12714306.00
2017/01/23,13.40,13.73,13.13,13.59,1315842,27479744.00
2017/01/24,13.52,13.73,13.47,13.61,879778,18356658.00
2017/01/25,13.60,13.71,13.51,13.55,820828,17154702.00
2017/01/26,13.56,13.87,13.49,13.75,740643,15600437.00
2017/02/03,13.72,13.88,13.70,13.73,508376,10781755.00
2017/02/06,13.73,13.84,13.72,13.77,896485,18976068.00
2017/02/07,13.79,13.81,13.61,13.73,612349,12917159.00
2017/02/08,13.69,13.87,13.69,13.73,826284,17495200.00
2017/02/09,13.65,13.89,13.65,13.69,1717405,36254824.00
2017/02/10,13.68,13.73,13.32,13.61,2258301,47162788.00
2017/02/13,13.61,13.82,13.40,13.75,1582607,33439914.00
2017/02/14,13.79,13.81,13.67,13.70,926513,19572916.00
2017/02/15,13.69,13.93,13.52,13.65,1993240,41999524.00
2017/02/16,13.65,13.74,13.44,13.68,1358657,28459126.00
2017/02/17,13.68,13.68,13.49,13.51,542582,11331229.00
2017/02/20,13.51,13.62,13.31,13.47,1328626,27512496.00
2017/02/21,13.32,13.57,13.32,13.42,1328052,27455178.00
2017/02/22,13.33,13.60,13.33,13.40,1436433,29714938.00
2017/02/23,13.41,13.58,13.39,13.42,1556447,32228484.00
2017/02/24,13.39,13.61,13.37,13.55,1654540,34313512.00
2017/02/27,13.66,13.87,13.62,13.77,1841978,38997200.00
2017/02/28,13.75,13.82,13.63,13.80,1715319,36175864.00
2017/03/01,13.76,13.83,13.68,13.77,1003385,21211332.00
2017/03/02,13.76,13.79,13.57,13.65,1072165,22479538.00
2017/03/03,13.52,14.91,13.50,14.17,4337582,94722504.00
2017/03/06,13.99,14.12,13.83,14.02,3251126,69749336.00
2017/03/07,13.95,14.01,13.90,13.99,1623270,34786472.00
2017/03/08,13.98,13.98,13.81,13.85,1169145,24951634.00
2017/03/09,13.85,13.95,13.74,13.79,1295152,27539964.00
2017/03/10,13.79,14.15,13.74,14.11,2859702,61419240.00
2017/03/13,14.08,14.45,14.02,14.34,2996166,65858656.00
2017/03/14,14.32,14.51,14.25,14.40,2491526,55206236.00
2017/03/15,14.43,14.54,14.15,14.49,2853795,63039800.00
2017/03/16,14.50,14.75,14.41,14.59,3230731,72426824.00
2017/03/17,14.53,14.98,14.53,14.91,3601315,82017312.00
2017/03/20,14.95,15.44,14.80,15.35,5680465,132442552.00
2017/03/21,15.25,15.57,15.09,15.26,4034561,94934784.00
2017/03/22,15.24,15.41,15.05,15.31,2772316,64864708.00
2017/03/23,15.31,15.43,15.09,15.23,2271400,53161704.00
2017/03/24,15.19,15.32,15.00,15.32,1978405,45932452.00
2017/03/27,15.33,15.55,15.07,15.31,1947329,45720316.00
2017/03/28,15.15,15.38,15.15,15.37,1226885,28711980.00
2017/03/29,15.37,15.76,15.19,15.59,2636289,62864288.00
2017/03/30,15.46,15.63,15.18,15.18,2181766,51605220.00
2017/03/31,15.13,15.55,15.01,15.33,1668812,39338504.00
2017/04/05,15.33,15.57,15.23,15.41,1858565,43756340.00
2017/04/06,15.43,15.72,15.27,15.72,2179420,51794200.00
2017/04/07,16.02,16.02,15.57,15.73,1926774,46635980.00
2017/04/10,15.73,15.81,15.44,15.77,1723428,41366216.00
2017/04/11,15.77,15.77,14.99,15.65,2136970,50863760.00
2017/04/12,15.65,15.65,15.33,15.47,1282100,30288458.00
2017/04/13,15.45,15.45,15.11,15.11,1596831,37448244.00
2017/04/14,15.11,15.21,14.73,14.85,2272742,51764456.00
2017/04/17,14.79,15.11,14.65,14.87,1319809,30194664.00
2017/04/18,14.87,14.95,14.73,14.85,1087429,24830676.00
2017/04/19,14.74,14.97,14.47,14.97,1046030,23582206.00
2017/04/20,14.93,14.95,14.55,14.84,1515391,34267064.00
2017/04/21,14.85,14.89,14.65,14.87,1188518,27051668.00
2017/04/24,14.85,14.85,14.65,14.69,722102,16324966.00
2017/04/25,14.69,14.90,14.67,14.76,587167,13334971.00
2017/04/26,14.83,14.93,14.64,14.73,642649,14539468.00
2017/04/27,14.71,14.81,14.53,14.79,1048839,23510170.00
2017/04/28,14.75,15.12,14.69,15.07,722407,16561984.00
2017/05/02,15.07,15.12,14.91,15.10,450600,10371255.00
2017/05/03,15.11,15.17,14.97,15.04,540060,12492061.00
2017/05/04,15.05,15.11,14.91,15.00,651300,14964511.00
2017/05/05,14.87,14.99,14.55,14.71,802121,18190406.00
2017/05/08,14.42,14.63,14.42,14.42,580260,12902325.00
2017/05/09,14.29,14.97,14.29,14.62,781286,17477848.00
2017/05/10,14.71,14.95,14.58,14.67,1172650,26457894.00
2017/05/11,14.67,14.73,14.11,14.61,1380518,30494046.00
2017/05/12,14.57,14.61,14.11,14.17,1180864,25991800.00
2017/05/15,14.22,14.39,14.03,14.15,1113479,24260336.00
2017/05/16,14.23,14.29,13.99,14.17,1439317,31230062.00
2017/05/17,14.11,14.35,14.11,14.20,752173,16433577.00
2017/05/18,14.17,14.25,14.09,14.11,612612,13319990.00
2017/05/19,14.22,14.30,14.11,14.26,639330,13935108.00
2017/05/22,14.31,14.31,14.07,14.09,651616,14159105.00
2017/05/23,14.15,14.21,13.72,13.89,907231,19466678.00
2017/05/24,13.83,13.84,12.47,13.25,5836014,115900256.00
2017/05/25,13.65,13.79,13.32,13.66,2206176,46175732.00
2017/05/26,13.85,13.85,13.53,13.78,1305595,27540270.00
2017/05/31,13.89,14.05,13.78,14.01,930843,19928314.00
2017/06/01,14.01,14.08,13.77,13.77,695115,14848316.00
2017/06/02,13.77,13.85,13.53,13.61,1258892,26503986.00
2017/06/05,13.71,13.73,13.61,13.71,834636,17519998.00
2017/06/06,13.71,13.84,13.61,13.69,974200,20513436.00
2017/06/07,13.74,14.33,13.67,14.30,1198659,25844854.00
2017/06/08,14.59,14.83,14.39,14.83,2500388,55945744.00
2017/06/09,14.83,14.93,14.47,14.89,1746188,39378776.00
2017/06/12,15.00,15.20,14.32,14.63,1847408,41724156.00
2017/06/13,14.41,15.11,14.41,14.61,1742529,39423644.00
2017/06/14,14.59,16.10,14.29,15.33,2593368,58786248.00
2017/06/15,15.04,15.19,14.69,14.73,3076237,70252760.00
2017/06/16,14.73,14.74,14.19,14.19,2742072,60709752.00
2017/06/19,13.60,14.49,13.57,13.93,3869166,82023264.00
2017/06/20,13.89,13.89,13.51,13.52,3213300,67377776.00
2017/06/21,13.60,13.65,13.34,13.65,2615418,54469776.00
2017/06/22,13.66,14.24,13.52,13.63,2752800,58014512.00
2017/06/23,13.71,13.71,13.40,13.58,1679365,34921828.00
2017/06/26,13.56,13.80,13.40,13.46,1858283,38615544.00
2017/06/27,13.53,13.61,13.47,13.53,1124680,23399724.00
2017/06/28,13.60,13.64,13.52,13.55,1220232,25440054.00
2017/06/29,13.55,13.65,13.40,13.49,1404219,29145696.00
2017/06/30,13.46,13.59,13.37,13.49,1059952,21923892.00
2017/07/03,13.55,13.57,13.40,13.45,712825,14728080.00
2017/07/04,13.50,13.58,13.38,13.41,1026057,21147690.00
2017/07/05,13.47,13.83,13.42,13.53,1559916,32538598.00
2017/07/06,13.62,13.63,13.45,13.49,1041803,21630610.00
2017/07/07,13.44,13.99,13.44,13.55,2465801,51492660.00
2017/07/10,13.57,13.64,13.36,13.39,1273931,26274678.00
2017/07/11,13.33,13.42,13.20,13.30,1203602,24668444.00
2017/07/12,13.22,13.36,13.21,13.28,1124498,22926816.00
2017/07/13,13.24,13.35,13.20,13.23,1108354,22601988.00
2017/07/14,13.29,13.29,13.02,13.13,2887980,58486804.00
2017/07/17,13.06,13.19,11.78,11.78,10064419,183748720.00
2017/07/18,10.80,11.94,10.71,11.85,6376124,111943184.00
2017/07/19,11.83,12.73,11.60,11.98,5178801,95224200.00
2017/07/20,11.93,12.51,11.93,12.10,3172761,59329812.00
2017/07/21,12.27,12.27,11.87,12.09,2053176,37962736.00
2017/07/24,11.95,12.33,11.67,12.33,3203200,59469884.00
2017/07/25,12.34,12.39,12.14,12.31,1579200,29785850.00
2017/07/26,12.23,12.30,12.13,12.20,1109200,20845926.00
2017/07/27,12.20,12.27,12.07,12.22,1465897,27504434.00
2017/07/28,12.45,12.45,11.99,12.06,2351700,44120204.00
2017/07/31,12.07,12.13,11.53,11.67,5426476,98431752.00
2017/08/01,11.69,11.89,11.60,11.85,3048542,55119436.00
2017/08/02,11.77,11.87,11.73,11.83,2160811,39323324.00
2017/08/03,11.83,12.19,11.74,12.03,4033700,74581952.00
2017/08/04,12.02,12.52,11.87,12.20,4319963,81014872.00
2017/08/07,12.19,12.40,12.05,12.39,3041602,57571588.00
2017/08/08,12.34,12.51,12.22,12.50,2637600,50314052.00
2017/08/09,12.54,12.57,12.34,12.45,2407400,45989028.00
2017/08/10,12.41,12.42,11.89,12.13,3479134,64973796.00
2017/08/11,12.10,12.13,11.61,11.77,3048502,55631440.00
2017/08/14,11.77,12.18,11.77,11.99,2348180,43625768.00
2017/08/15,12.06,12.11,11.91,11.99,1186800,21909278.00
2017/08/16,11.93,12.03,11.91,11.95,1414000,26115722.00
2017/08/17,11.91,12.07,11.87,12.01,978943,18099750.00
2017/08/18,11.93,12.03,11.83,11.85,823957,15166256.00
2017/08/21,11.85,12.00,11.85,11.89,948601,17429040.00
2017/08/22,11.90,11.95,11.77,11.82,4523100,82636232.00
2017/08/23,11.73,11.84,11.61,11.72,1680980,30339264.00
2017/08/24,11.71,11.77,11.43,11.45,1315100,23467552.00
2017/08/25,11.47,11.59,11.33,11.43,2144653,37905284.00
2017/08/28,11.44,11.56,11.37,11.50,1593265,28229266.00
2017/08/29,11.53,11.93,11.40,11.80,3340200,60568708.00
2017/08/30,11.80,11.92,11.67,11.70,2045685,37220012.00
2017/08/31,11.67,11.80,11.55,11.71,1360100,24507486.00
2017/09/01,11.73,11.79,11.59,11.65,2354600,42332896.00
2017/09/04,11.68,11.91,11.54,11.80,2044600,37152768.00
2017/09/05,11.80,11.85,11.72,11.79,1425200,25848584.00
2017/09/06,11.79,11.80,11.62,11.72,1167701,21091414.00
2017/09/07,11.71,11.78,11.68,11.72,1281296,23186982.00
2017/09/08,11.72,11.92,11.69,11.82,3057322,55610944.00
2017/09/11,11.92,12.40,11.83,12.20,4857438,91387048.00
2017/09/12,12.13,12.64,12.13,12.61,4525066,87154280.00
2017/09/13,12.55,12.65,12.49,12.53,1672240,32300502.00
2017/09/14,12.53,12.63,12.33,12.51,1460126,28118890.00
2017/09/15,12.57,12.75,12.49,12.53,1789824,34726324.00
2017/09/18,12.53,12.61,12.40,12.61,1634300,31543316.00
2017/09/19,12.60,12.75,12.54,12.59,1233100,23966638.00
2017/09/20,12.61,12.69,12.41,12.53,1939924,37477180.00
2017/09/21,12.46,12.66,12.39,12.39,2090309,40191944.00
2017/09/22,12.37,12.47,12.17,12.28,1548176,29299782.00
2017/09/25,12.20,12.33,12.00,12.00,1735780,32388436.00
2017/09/26,12.00,12.03,11.80,11.93,979820,18010348.00
2017/09/27,11.94,11.95,11.73,11.73,1664224,30367266.00
2017/09/28,11.85,11.89,11.65,11.77,1601525,29049894.00
2017/09/29,11.68,11.87,11.62,11.71,2225962,40201152.00
2017/10/09,11.74,11.83,11.58,11.66,2036700,36620364.00
2017/10/10,11.69,11.79,11.60,11.79,1249825,22519038.00
2017/10/11,11.79,11.81,11.69,11.71,1180175,21347116.00
2017/10/12,11.71,11.73,11.57,11.63,990500,17753220.00
2017/10/13,11.67,11.73,11.56,11.73,886595,15986408.00
2017/10/16,11.77,11.77,11.63,11.72,1043595,18807992.00
2017/10/17,12.00,12.25,11.80,12.09,5275335,98241344.00
2017/10/18,11.98,12.00,11.57,11.67,2636900,47990908.00
2017/10/19,11.57,11.64,11.35,11.41,1864200,33055794.00
2017/10/20,11.46,11.65,11.43,11.55,1023676,18256002.00
2017/10/23,11.55,11.67,11.50,11.61,566594,10141968.00
2017/10/24,11.61,11.62,11.53,11.53,858900,15339874.00
2017/10/25,11.60,11.61,11.49,11.58,569713,10168142.00
2017/10/26,11.58,11.80,11.49,11.76,1525795,27483890.00
2017/10/27,11.74,11.79,11.67,11.73,819848,14831316.00
2017/10/30,11.77,11.77,11.37,11.54,1188575,21134788.00
2017/10/31,11.56,11.90,11.53,11.55,1481699,26741170.00
2017/11/01,11.60,11.65,11.42,11.49,1067305,18915600.00
2017/11/02,11.49,11.61,11.33,11.37,1665897,29563326.00
2017/11/03,11.43,11.54,11.14,11.17,1272400,22386958.00
2017/11/06,11.19,11.60,10.95,11.53,3609510,63097088.00
2017/11/07,11.47,11.80,11.31,11.71,3969499,70754048.00
2017/11/08,11.67,11.76,11.54,11.67,1721007,30961620.00
2017/11/09,11.69,11.79,11.55,11.66,741225,13318643.00
2017/11/10,11.73,11.76,11.48,11.65,1450142,25975042.00
2017/11/13,11.66,11.75,11.41,11.65,1590352,28443490.00
2017/11/14,11.65,11.73,11.47,11.72,1505841,27057756.00
2017/11/15,12.24,12.25,11.46,11.68,3792019,69081448.00
2017/11/16,11.56,11.70,11.27,11.58,1758361,31331130.00
2017/11/17,11.59,11.61,11.27,11.33,1481300,26161632.00
2017/11/20,11.33,11.48,11.08,11.34,1874300,32345766.00
2017/11/21,11.31,11.43,11.27,11.39,1456601,25512312.00
2017/11/22,11.35,11.40,11.23,11.38,1316525,22982940.00
2017/11/23,11.35,11.37,11.09,11.13,1165300,20191288.00
2017/11/24,11.12,11.43,10.74,11.17,1740900,30060368.00
2017/11/27,11.17,11.19,11.11,11.13,713800,12296003.00
2017/11/28,11.13,11.21,11.04,11.17,1752200,30013368.00
2017/11/29,11.20,11.23,11.01,11.15,1827809,31285000.00
2017/11/30,11.13,11.16,11.00,11.15,1998064,34180932.00
2017/12/01,11.01,11.37,11.01,11.32,2170673,37644808.00
2017/12/04,11.32,11.43,11.16,11.40,878501,15350670.00
2017/12/05,11.32,11.53,11.31,11.41,1964070,34649832.00
2017/12/06,11.35,11.45,11.29,11.39,1255300,22086334.00
2017/12/07,11.35,11.60,11.30,11.45,1018700,17992948.00
2017/12/08,11.43,11.57,11.41,11.55,1756808,31219468.00
2017/12/11,11.63,11.69,11.50,11.53,1498147,26861646.00
2017/12/12,11.42,11.67,11.42,11.63,2486758,44252804.00
2017/12/13,11.59,11.73,11.54,11.66,4444774,79882488.00
2017/12/14,11.67,11.69,11.20,11.39,2686637,47251452.00
2017/12/15,11.33,11.60,11.20,11.47,3360135,58883824.00
2017/12/18,11.47,11.73,11.34,11.53,3771642,67711696.00
2017/12/19,11.56,11.93,11.35,11.85,3368477,60507504.00
2017/12/20,11.82,11.85,11.67,11.75,2440069,44294248.00
2017/12/21,11.75,11.75,11.62,11.71,1107000,19973936.00
2017/12/22,11.71,11.80,11.55,11.72,1928000,34883360.00
2017/12/25,11.79,11.81,11.51,11.51,2562200,45882216.00
2017/12/26,11.47,11.59,11.34,11.36,1178133,20806486.00
2017/12/27,11.37,11.61,11.25,11.53,1664580,29461154.00
2017/12/28,11.48,11.69,11.48,11.56,3342601,59915708.00
2017/12/29,11.57,11.69,10.80,11.20,3229914,56574952.00
2018/01/02,11.14,11.33,11.12,11.30,2367775,41222224.00
2018/01/03,11.63,11.63,11.26,11.43,1382800,24411130.00
2018/01/04,11.44,11.54,11.31,11.44,1524000,26897392.00
2018/01/05,11.49,11.71,11.49,11.61,1840510,32938870.00
2018/01/08,11.61,11.67,11.21,11.46,2633310,46722840.00
2018/01/09,11.50,11.51,11.33,11.41,1676700,29617524.00
2018/01/10,11.31,11.67,11.31,11.37,2350800,41864556.00
2018/01/11,11.43,11.43,11.12,11.25,1124147,19522712.00
2018/01/12,11.25,11.26,11.12,11.25,1393761,24031846.00
2018/01/15,11.25,11.27,11.11,11.23,966438,16678842.00
2018/01/16,11.23,11.29,11.13,11.20,1538210,26611982.00
2018/01/17,11.23,11.27,11.04,11.22,2113100,36479984.00
2018/01/18,11.21,11.27,11.13,11.26,1299786,22481800.00
2018/01/19,11.27,11.27,11.17,11.27,751800,13026781.00
2018/01/22,11.20,11.39,11.20,11.29,769843,13411774.00
2018/01/23,11.23,11.24,11.13,11.16,768500,13264046.00
2018/01/24,11.15,11.21,11.03,11.13,4427600,76131448.00
2018/01/25,11.16,11.29,11.10,11.21,2310490,39878272.00
2018/01/26,11.19,11.26,11.13,11.25,1490406,25774286.00
2018/01/29,11.28,11.53,11.25,11.49,3586032,63161300.00
2018/01/30,11.50,11.80,11.37,11.45,2795207,49683740.00
2018/01/31,11.37,11.50,11.29,11.37,2589210,45572728.00
2018/02/01,11.34,11.50,10.20,10.20,3741900,61314228.00
2018/07/09,9.15,9.15,9.15,9.15,1449500,13697775.00
2018/07/10,8.21,8.88,8.21,8.40,35907709,309477952.00
2018/07/11,8.36,9.27,8.12,9.11,24756750,218493664.00
2018/07/12,8.90,9.96,8.70,9.77,15621190,151954208.00
2018/07/13,9.78,10.56,9.58,10.43,12408683,128873048.00
2018/07/16,10.40,10.64,9.95,10.56,6312039,66806348.00
2018/07/17,10.50,10.80,10.34,10.69,6845529,74453544.00
2018/07/18,11.02,11.06,10.50,10.82,6092133,67794536.00
2018/07/19,10.81,10.81,10.24,10.36,4092765,43943784.00
2018/07/20,10.39,10.40,10.00,10.25,4693390,49230260.00
2018/07/23,10.28,10.60,10.20,10.35,4622001,49528856.00
2018/07/24,10.36,10.58,10.20,10.36,4949350,52807852.00
2018/07/25,10.37,10.43,10.18,10.35,2726752,28857388.00
2018/07/26,10.34,10.68,10.21,10.45,6116650,65611768.00
2018/07/27,10.30,10.52,10.24,10.37,3047500,32631202.00
2018/07/30,10.38,10.38,10.20,10.23,1089494,11505844.00
2018/07/31,10.23,10.32,10.14,10.24,1014400,10673951.00
2018/08/01,10.25,10.46,10.08,10.21,2436883,25641856.00
2018/08/02,10.22,10.30,10.02,10.22,2758950,28822552.00
2018/08/03,10.22,10.44,10.16,10.43,3896400,41410812.00
2018/08/06,10.40,10.45,10.12,10.28,1671900,17604748.00
2018/08/07,10.29,10.40,10.13,10.31,1828633,19309618.00
2018/08/08,10.30,10.42,10.15,10.20,1745650,18374796.00
2018/08/09,10.21,10.27,10.06,10.17,2387202,24908324.00
2018/08/10,10.16,10.19,10.02,10.13,1152779,11976629.00
2018/08/13,10.13,11.17,10.00,10.89,5378429,58219912.00
2018/08/14,10.80,11.48,10.80,11.18,4981512,56851016.00
2018/08/15,11.13,11.36,10.95,11.08,4216315,48380712.00
2018/08/16,11.04,11.18,10.75,10.79,4157393,47009304.00
2018/08/17,10.76,11.22,10.76,10.98,2825550,31836130.00
2018/08/20,10.98,11.14,10.70,10.95,2576629,28736108.00
2018/08/21,10.95,11.47,10.83,11.18,3198450,36554404.00
2018/08/22,11.18,11.18,10.76,10.96,3498300,39258360.00
2018/08/23,10.90,11.18,10.60,11.10,5616014,62852004.00
2018/08/24,11.00,11.20,10.85,10.96,2447648,27619730.00
2018/08/27,10.90,11.05,10.85,10.97,2872050,32238844.00
2018/08/28,10.90,10.96,10.75,10.86,1496750,16664926.00
2018/08/29,10.82,10.90,10.61,10.82,1817900,20059600.00
2018/08/30,10.87,10.87,10.68,10.75,1710879,18885236.00
2018/08/31,10.74,11.48,10.50,11.25,6001350,68133712.00
2018/09/03,11.19,11.58,10.97,11.12,3962586,45294100.00
2018/09/04,11.12,11.12,10.89,11.00,3211648,36173404.00
2018/09/05,10.96,11.01,10.83,11.00,1721133,19332644.00
2018/09/06,10.90,11.04,10.84,10.88,1889400,21204584.00
2018/09/07,10.94,11.18,10.88,10.96,2239003,25252146.00
2018/09/10,10.90,11.03,10.86,10.96,1668650,18736920.00
2018/09/11,10.90,10.97,10.70,10.91,3955953,44028460.00
2018/09/12,10.86,10.99,10.65,10.65,2886550,32066920.00
2018/09/13,10.65,10.88,10.58,10.73,3793386,41747340.00
2018/09/14,10.70,10.95,10.64,10.72,2534383,28069604.00
2018/09/17,10.72,10.84,10.57,10.72,1475246,16177320.00
2018/09/18,10.72,10.74,10.62,10.66,1692315,18577452.00
2018/09/19,10.73,10.78,10.58,10.67,2084450,22821438.00
2018/09/20,10.72,10.74,10.63,10.69,1437975,15784362.00
2018/09/21,10.67,11.01,10.57,10.69,2902200,31877700.00
2018/09/25,10.66,10.66,10.10,10.44,3763886,40220128.00
2018/09/26,10.39,10.39,10.05,10.33,2851829,29945814.00
2018/09/27,10.32,10.32,10.15,10.21,993200,10424681.00
2018/09/28,10.21,10.57,9.95,10.48,2492690,26116350.00
2018/10/08,10.40,10.58,10.18,10.49,1672000,17963648.00
2018/10/09,10.49,10.58,10.28,10.52,1500690,16143319.00
2018/10/10,10.50,10.52,10.34,10.50,944571,10166810.00
2018/10/11,10.44,10.53,10.03,10.35,3319150,35145440.00
2018/10/12,10.20,10.47,10.01,10.47,2720500,28660794.00
2018/10/15,10.41,10.50,10.20,10.50,2658541,28435508.00
2018/10/16,10.40,10.50,10.32,10.45,1552550,16621239.00
2018/10/17,10.50,10.50,9.38,9.38,2492950,24697138.00
2018/10/18,8.41,8.41,8.41,8.41,1347400,11735854.00
2018/10/19,7.54,7.54,7.54,7.54,747900,5863536.00
2018/11/19,7.71,8.32,7.36,8.32,45899069,369041952.00
2018/11/20,8.27,8.95,8.15,8.62,32645205,288403104.00
2018/11/21,8.37,8.55,8.02,8.25,14163190,121093704.00
2018/11/22,8.20,8.37,7.98,8.02,10808907,91661872.00
2018/11/23,8.00,8.28,7.88,8.13,10486215,88131632.00
2018/11/26,8.12,8.13,7.71,7.81,10765860,87576328.00
2018/11/27,7.82,7.99,7.73,7.92,7138640,58230100.00
2018/11/28,7.83,8.00,7.71,7.93,8486300,68992272.00
2018/11/29,7.93,7.93,7.76,7.81,8429968,68478512.00
2018/11/30,7.78,7.85,7.75,7.82,7977000,64586544.00
2018/12/03,8.00,8.35,7.97,8.02,12975918,109351112.00
2018/12/04,7.96,8.20,7.91,8.08,6972802,58545616.00
2018/12/05,7.99,8.27,7.88,8.20,8448153,70879752.00
2018/12/06,8.12,8.51,8.08,8.50,13593717,117650496.00
2018/12/07,8.50,8.57,8.19,8.35,10758067,92725208.00
2018/12/10,8.25,8.25,7.97,7.99,4234300,35507632.00
2018/12/11,7.99,8.17,7.95,8.13,5899667,49263404.00
2018/12/12,8.25,8.35,7.99,8.03,6068850,51022876.00
2018/12/13,8.03,8.05,7.88,7.92,4283350,35304776.00
2018/12/14,7.91,7.99,7.82,7.83,3419100,28047848.00
2018/12/17,7.75,8.03,7.75,7.94,3396850,27908598.00
2018/12/18,7.94,7.97,7.80,7.86,1830257,14944820.00
2018/12/19,7.81,7.88,7.81,7.88,1642585,13382227.00
2018/12/20,7.82,7.94,7.76,7.87,2035779,16617947.00
2018/12/21,7.86,7.94,7.81,7.85,1321350,10817990.00
2018/12/24,7.85,7.88,7.20,7.86,4926072,39101772.00
2018/12/25,7.77,8.03,7.64,8.00,4182203,33797640.00
2018/12/26,8.00,8.21,7.97,8.15,4495067,37786644.00
2018/12/27,8.20,8.37,8.10,8.30,5484692,46845420.00
2018/12/28,8.30,8.40,8.16,8.16,3925150,33605336.00
2019/01/02,8.18,8.18,7.86,8.04,1992847,16556316.00
2019/01/03,8.05,8.17,7.88,7.88,1641168,13679177.00
2019/01/04,7.78,8.03,7.73,7.96,1601900,13172536.00
2019/01/07,7.96,8.17,7.95,8.08,2572202,21567014.00
2019/01/08,8.09,8.12,7.92,7.95,2760750,22909682.00
2019/01/09,7.95,8.05,7.88,7.92,2853950,23554928.00
2019/01/10,7.92,7.94,7.78,7.87,1660834,13535733.00
2019/01/11,7.89,7.95,7.80,7.91,1617115,13202342.00
2019/01/14,7.91,7.91,7.77,7.82,1639303,13324095.00
2019/01/15,7.79,7.89,7.75,7.86,1642050,13348858.00
2019/01/16,7.87,7.92,7.83,7.86,1278603,10451201.00
2019/01/17,7.86,7.94,7.78,7.83,1468950,11939280.00
2019/01/18,7.82,7.84,7.78,7.83,991150,8032434.50
2019/01/21,7.85,7.86,7.75,7.80,1154350,9352774.00
2019/01/22,7.80,7.87,7.77,7.79,1064175,8639750.00
2019/01/23,7.80,7.82,7.72,7.76,883700,7137004.50
2019/01/24,7.76,7.80,7.54,7.67,3102251,24736380.00
2019/01/25,7.67,8.29,7.67,8.08,6207090,51389064.00
2019/01/28,8.12,8.18,7.85,7.95,3234915,26756374.00
2019/01/29,7.91,7.99,7.78,7.81,2112300,17185708.00
2019/01/30,7.81,7.85,7.75,7.81,1119250,9055240.00
2019/01/31,7.82,7.95,7.70,7.83,2125403,17208588.00
2019/02/01,7.80,7.95,7.78,7.95,1307753,10680234.00
2019/02/11,7.94,8.18,7.92,8.13,2582368,21709686.00
2019/02/12,8.12,8.35,8.06,8.25,2771101,23631156.00
2019/02/13,8.17,8.35,8.16,8.29,3639675,31286154.00
2019/02/14,8.34,8.76,8.22,8.67,6667142,58689332.00
2019/02/15,8.68,8.79,8.43,8.48,3563250,31430734.00
2019/02/18,8.45,8.70,8.45,8.63,3309356,29380732.00
2019/02/19,8.64,8.81,8.53,8.74,3383531,30415376.00
2019/02/20,8.70,8.71,8.53,8.57,2261050,20088072.00
2019/02/21,8.56,8.70,8.52,8.57,2280669,20292802.00
2019/02/22,8.57,8.63,8.55,8.62,2565166,22808302.00
2019/02/25,8.63,9.03,8.63,9.02,5173653,47469784.00
2019/02/26,9.01,9.03,8.79,8.82,5517798,50630132.00
2019/02/27,8.87,9.10,8.82,8.89,3349174,30851744.00
2019/02/28,9.05,9.75,8.90,9.29,8036571,77330912.00
2019/03/01,9.29,10.07,9.28,9.61,7596082,75686160.00
2019/03/04,9.74,10.10,9.49,9.61,8852694,89489448.00
2019/03/05,9.61,9.70,9.48,9.63,7202144,71045384.00
2019/03/06,9.65,9.68,9.52,9.61,5911494,58400360.00
2019/03/07,9.68,10.06,9.58,9.98,10332073,104680968.00
2019/03/08,9.72,10.02,9.61,9.70,9265381,93465360.00
2019/03/11,9.70,10.28,9.64,10.20,6389622,65399484.00
2019/03/12,10.18,10.89,10.08,10.56,11866128,126807288.00
2019/03/13,10.58,10.58,10.12,10.29,5108726,54265092.00
2019/03/14,10.26,10.26,9.82,9.96,4236883,43484072.00
2019/03/15,9.96,10.14,9.82,9.87,3466542,35629376.00
2019/03/18,9.87,10.07,9.85,10.07,2377685,24356822.00
2019/03/19,10.11,10.25,9.91,10.01,2544924,26386682.00
2019/03/20,10.01,10.14,9.71,9.91,2492448,25435772.00
2019/03/21,9.97,10.05,9.87,9.90,5695001,58406496.00
2019/03/22,9.95,9.96,9.66,9.83,6088182,61629136.00
2019/03/25,9.71,9.80,9.43,9.67,9182998,90824552.00
2019/03/26,9.67,9.74,9.26,9.38,6837945,66968864.00
2019/03/27,9.48,9.80,9.45,9.70,6661580,66073332.00
2019/03/28,9.65,9.71,9.41,9.46,4493128,44435728.00
2019/03/29,9.45,9.75,9.31,9.60,6987472,68849064.00
2019/04/01,9.68,10.59,9.58,10.30,12679737,132366880.00
2019/04/02,10.33,10.39,10.21,10.23,7034535,74569776.00
2019/04/03,10.23,10.48,10.18,10.42,5841622,62411964.00
2019/04/04,10.45,10.50,10.34,10.40,5939458,63628084.00
2019/04/08,10.42,10.91,10.34,10.62,7119531,77706400.00
2019/04/09,10.62,10.62,10.36,10.39,5288531,56803500.00
2019/04/10,10.31,10.97,10.29,10.82,9966763,110228864.00
2019/04/11,10.79,11.07,10.61,11.03,6905286,77645912.00
2019/04/12,11.13,11.45,10.86,11.25,6741300,77581888.00
2019/04/15,11.25,11.38,10.86,10.89,7331034,83128992.00
2019/04/16,10.82,11.17,10.60,10.98,5358900,60238216.00
2019/04/17,11.03,11.24,10.80,10.81,4797700,53984388.00
2019/04/18,10.79,11.00,10.65,10.67,4407199,48944416.00
2019/04/19,10.81,11.58,10.74,11.15,10308756,117796384.00
2019/04/22,11.35,11.39,10.92,11.05,7500112,85830928.00
2019/04/23,11.06,11.06,10.74,10.78,3229103,36078396.00
2019/04/24,11.25,11.25,10.75,11.13,6024251,67886640.00
2019/04/25,11.05,11.13,10.55,10.66,6531082,72763840.00
2019/04/26,10.55,10.84,10.40,10.50,4814598,52528728.00
2019/04/29,10.49,10.65,10.06,10.20,5881150,62186528.00
2019/04/30,10.29,10.44,10.13,10.34,3292698,34935088.00
2019/05/06,9.80,10.49,9.80,9.95,8784289,91505432.00
2019/05/07,10.04,10.15,9.64,9.90,5347050,54378336.00
2019/05/08,9.70,9.88,9.57,9.77,4131750,41477360.00
2019/05/09,9.76,9.90,9.60,9.72,3449239,33626260.00
2019/05/10,10.05,10.05,9.53,9.90,4476016,43780516.00
2019/05/13,9.89,10.63,9.76,10.30,8171503,83817176.00
2019/05/14,10.20,10.60,10.15,10.33,4696200,48623020.00
2019/05/15,10.51,10.70,10.29,10.58,4607050,48495088.00
2019/05/16,10.59,11.11,10.59,10.87,5207102,56709532.00
2019/05/17,10.85,11.15,10.54,10.65,8371062,91066840.00
2019/05/20,10.68,11.00,10.28,10.67,6376456,67902312.00
2019/05/21,10.69,11.09,10.28,11.07,8892200,96867656.00
2019/05/22,11.05,11.12,10.78,10.90,8486226,93329440.00
2019/05/23,10.90,10.96,10.66,10.74,5273985,56943960.00
2019/05/24,10.74,10.94,10.53,10.79,6216735,67009824.00
2019/05/27,10.85,11.04,10.71,10.90,5084697,55502908.00
2019/05/28,10.81,11.29,10.80,11.13,8451935,93773800.00
2019/05/29,11.04,11.50,11.04,11.36,8052440,91243792.00
2019/05/30,11.34,11.36,11.16,11.30,2933400,32967110.00
2019/05/31,11.39,11.39,10.82,11.00,5381555,59492052.00
2019/06/03,11.10,11.10,10.66,10.77,5224150,56627792.00
2019/06/04,10.73,10.97,10.67,10.71,4157950,44912440.00
2019/06/05,10.88,10.88,10.66,10.75,2327190,24996464.00
2019/06/06,10.74,10.83,10.55,10.55,2905414,31076018.00
2019/06/10,10.56,11.10,10.56,10.91,5109493,55447460.00
2019/06/11,10.94,11.08,10.70,11.03,7187554,78642544.00
2019/06/12,11.02,11.02,10.86,10.96,2813780,30722266.00
2019/06/13,10.95,11.00,10.85,10.97,2860552,31282238.00
2019/06/14,10.97,10.97,10.45,10.49,6295308,67323344.00
2019/06/17,10.46,10.53,10.20,10.25,3011693,30981514.00
2019/06/18,10.35,10.43,10.24,10.36,1506228,15565620.00
2019/06/19,10.56,11.08,10.48,10.90,3760052,40486020.00
2019/06/20,10.83,11.06,10.79,11.00,4586101,50217984.00
2019/06/21,11.05,11.53,11.05,11.36,7596459,86071472.00
2019/06/24,11.50,11.80,11.41,11.72,10690386,124499880.00
2019/06/25,11.88,11.88,11.49,11.65,4409062,51178208.00
2019/06/26,11.67,11.72,11.51,11.60,2943749,34145372.00
2019/06/27,11.73,11.78,11.57,11.68,2887142,33732788.00
2019/06/28,11.74,11.76,11.50,11.59,1789737,20745994.00
2019/07/01,11.80,11.95,11.69,11.89,6596653,77922424.00
2019/07/02,11.87,11.87,11.56,11.66,4914300,57535148.00
2019/07/03,11.70,11.74,11.56,11.59,2981452,34655556.00
2019/07/04,11.70,11.70,11.57,11.61,2413704,28030442.00
2019/07/05,11.58,11.77,11.58,11.70,2607091,30460322.00
2019/07/08,11.60,11.75,11.43,11.46,3550278,40979464.00
2019/07/09,11.45,11.58,11.35,11.50,3914293,44814612.00
2019/07/10,11.51,11.89,11.41,11.69,2921331,34160660.00
2019/07/11,11.83,11.87,11.46,11.61,3029332,35361132.00
2019/07/12,11.70,11.92,11.57,11.88,3164150,37366360.00
2019/07/15,12.00,12.24,11.63,11.85,5794392,69249184.00
2019/07/16,11.74,11.98,11.61,11.95,3239690,38301292.00
2019/07/17,11.75,11.93,11.66,11.80,2713562,31933016.00
2019/07/18,11.90,12.20,11.73,12.16,6583540,79076112.00
2019/07/19,12.16,12.18,11.81,11.89,4093637,48884452.00
2019/07/22,11.80,11.90,11.62,11.63,3860342,45178628.00
2019/07/23,11.63,11.72,11.42,11.65,3552000,40921608.00
2019/07/24,11.69,11.79,11.45,11.65,3025803,35161336.00
2019/07/25,11.61,11.90,11.57,11.88,2760902,32277558.00
2019/07/26,11.83,12.12,11.71,12.04,3333768,39863136.00
2019/07/29,12.05,12.05,11.76,11.88,3138550,37365500.00
2019/07/30,11.80,12.12,11.80,12.10,4840799,58152644.00
2019/07/31,12.00,12.15,11.90,11.91,3388950,40574408.00
2019/08/01,11.95,11.99,11.66,11.76,3373199,39770240.00
2019/08/02,11.60,11.87,11.60,11.79,3287801,38591076.00
2019/08/05,11.72,12.20,11.72,11.96,6353087,75811600.00
2019/08/06,11.90,11.98,11.69,11.84,5036596,59664092.00
2019/08/07,11.85,12.35,11.78,12.17,14466236,175375344.00
2019/08/08,12.25,12.25,10.95,11.10,19153551,217295776.00
2019/08/09,11.32,11.32,10.75,10.79,7915513,86528808.00
2019/08/12,10.68,11.50,10.66,11.50,4766437,53291852.00
2019/08/13,11.50,11.50,10.99,11.15,3893300,43370336.00
2019/08/14,11.30,11.30,11.00,11.09,1604090,17811374.00
2019/08/15,11.05,11.42,11.04,11.39,2917640,32910344.00
2019/08/16,11.40,11.54,11.22,11.41,3026731,34537216.00
2019/08/19,11.50,11.80,11.29,11.78,5865524,67718712.00
2019/08/20,11.66,11.78,11.36,11.45,3751200,43161420.00
2019/08/21,11.41,11.48,11.23,11.32,2529902,28707908.00
2019/08/22,11.42,11.53,11.20,11.21,2460702,27728366.00
2019/08/23,11.21,11.38,11.10,11.32,2475496,27897396.00
2019/08/26,11.15,11.50,11.15,11.38,2376849,26970230.00
2019/08/27,11.33,11.70,11.30,11.61,4169548,48127676.00
2019/08/28,11.65,11.65,11.38,11.39,2667329,30630636.00
2019/08/29,11.41,11.46,11.20,11.27,3863353,43567276.00
2019/08/30,11.25,11.40,11.06,11.17,2666762,29809280.00
2019/09/02,11.17,11.45,11.13,11.30,5601301,63200868.00
2019/09/03,11.31,11.76,11.18,11.64,6918473,79048520.00
2019/09/04,11.60,11.72,11.43,11.51,2987413,34449080.00
2019/09/05,11.54,11.80,11.51,11.72,5395951,63088288.00
2019/09/06,11.72,11.77,11.54,11.65,3516290,40941608.00
2019/09/09,11.68,12.06,11.55,11.95,10261694,121586520.00
2019/09/10,11.95,12.00,11.69,11.91,6087757,71921920.00
2019/09/11,11.98,12.05,11.60,11.70,3560403,41750240.00
2019/09/12,11.71,11.71,11.50,11.64,2513100,29124282.00
2019/09/16,11.66,11.72,11.41,11.49,3130930,36315568.00
2019/09/17,11.56,11.72,11.43,11.54,3563245,41191284.00
2019/09/18,11.54,11.58,11.33,11.43,2792153,31985554.00
2019/09/19,11.50,11.74,11.41,11.72,3737880,43428900.00
2019/09/20,11.75,11.75,11.37,11.47,4408253,50814644.00
2019/09/23,11.36,11.45,11.24,11.43,2981876,33790488.00
2019/09/24,11.22,11.65,11.22,11.65,3040706,34956504.00
2019/09/25,11.66,11.70,11.44,11.67,2882903,33443760.00
2019/09/26,11.67,11.73,11.48,11.58,3046989,35344272.00
2019/09/27,11.60,11.84,11.43,11.82,3520721,41156700.00
2019/09/30,11.80,11.99,11.62,11.70,2483100,29189092.00
2019/10/08,11.61,11.74,11.40,11.48,2412600,27877184.00
2019/10/09,11.49,11.55,11.29,11.43,2754057,31433048.00
2019/10/10,11.45,11.93,11.29,11.86,4578698,53063648.00
2019/10/11,11.88,11.88,11.64,11.76,3693800,43431788.00
2019/10/14,11.80,11.98,11.78,11.89,4705801,55912756.00
2019/10/15,11.84,11.84,11.40,11.44,4438494,51220996.00
2019/10/16,11.49,11.58,11.43,11.52,2282817,26237870.00
2019/10/17,11.52,12.00,11.46,11.94,8541740,101256824.00
2019/10/18,11.95,12.08,11.61,11.73,8026168,95063088.00
2019/10/21,11.69,11.92,11.45,11.53,6324246,73453752.00
2019/10/22,11.50,11.76,11.41,11.72,5150796,59487952.00
2019/10/23,11.61,11.72,11.51,11.59,4335185,50259680.00
2019/10/24,11.52,11.64,11.40,11.55,4451993,51302444.00
2019/10/25,11.54,11.72,11.42,11.65,4314500,49974560.00
2019/10/28,11.57,11.89,11.57,11.80,7243850,85131408.00
2019/10/29,11.80,12.01,11.70,11.85,7276400,86221952.00
2019/10/30,11.81,12.90,11.79,12.69,24467989,303163104.00
2019/10/31,12.76,12.80,12.45,12.59,10837946,136227136.00
2019/11/01,12.60,13.00,12.49,12.90,13875165,177272624.00
数据来源:通达信
