002153 石基信息 日线 前复权
      日期	    开盘	    最高	    最低	    收盘	    成交量	    成交额
2013/09/02,8.92,9.81,8.82,9.63,1986427,58091440.00
2013/09/03,9.64,10.20,9.53,10.18,2490224,77670536.00
2013/09/04,10.02,10.26,9.81,10.17,2003616,62747168.00
2013/09/05,10.13,10.30,9.90,10.18,1455651,45688976.00
2013/09/06,10.23,10.58,10.05,10.21,1585374,50831904.00
2013/09/09,10.07,10.29,9.63,9.68,1571201,47773628.00
2013/09/10,9.68,9.80,9.48,9.64,1080099,32134496.00
2013/09/11,9.57,9.63,9.26,9.41,1446617,42366956.00
2013/09/12,9.50,10.07,9.37,9.79,1669842,51006216.00
2013/09/13,9.76,10.07,9.64,9.73,941485,28835962.00
2013/09/16,9.73,10.59,9.73,10.32,2258465,72351952.00
2013/09/17,10.31,10.74,10.30,10.41,1997407,65268732.00
2013/09/18,10.47,10.52,9.97,10.14,1280079,40623172.00
2013/09/23,10.18,10.51,9.72,10.48,2429861,76464480.00
2013/09/24,10.53,11.57,10.31,11.57,2945489,102822696.00
2013/09/25,11.87,12.76,11.60,12.31,4864136,184712656.00
2013/09/26,12.31,12.69,11.81,11.87,2510177,94136496.00
2013/09/27,11.79,12.34,11.38,11.47,1877276,68616672.00
2013/09/30,11.55,12.65,11.55,12.31,1907408,71159056.00
2013/10/08,12.27,12.47,11.77,12.32,2008280,75646904.00
2013/10/09,12.19,12.22,11.72,11.87,2889290,106550632.00
2013/10/10,11.77,13.10,11.76,13.10,3767917,146327872.00
2013/10/11,12.84,14.44,12.64,14.04,5215970,221277552.00
2013/10/14,14.30,15.48,14.05,15.48,4229305,197501744.00
2013/10/15,15.43,16.59,15.04,15.30,3058103,146921568.00
2013/10/16,15.24,15.96,13.91,15.18,2862838,132727984.00
2013/10/17,15.24,16.34,15.01,15.34,2030833,97325664.00
2013/10/18,15.07,15.97,14.68,15.56,1143876,54400608.00
2013/10/21,15.59,17.15,15.59,17.15,4497163,234552416.00
2013/10/22,16.81,17.01,15.40,15.40,3354154,163688416.00
2013/10/23,15.27,15.61,14.21,14.68,3722773,170177536.00
2013/10/24,14.69,15.16,14.07,14.17,2446526,109258384.00
2013/10/25,14.24,14.47,13.53,13.73,2352748,100731008.00
2013/10/28,13.78,14.31,13.77,14.12,2966540,128624288.00
2013/10/29,14.15,14.31,12.67,13.61,3047163,125175608.00
2013/10/30,13.47,14.14,13.46,13.76,2813350,120272344.00
2013/10/31,13.67,14.77,13.67,14.64,2271341,100177288.00
2013/11/01,14.53,14.91,13.98,14.40,1122907,49751948.00
2013/11/04,14.37,15.88,14.37,15.47,3582104,171933696.00
2013/11/05,15.24,16.29,15.01,16.27,1975790,95407752.00
2013/11/06,15.98,16.42,15.57,15.59,1440374,70615584.00
2013/11/07,15.31,15.37,14.00,14.00,3030912,132675864.00
2013/11/08,13.64,14.24,13.51,13.70,712846,30328810.00
2013/11/11,13.67,14.91,13.67,14.26,1458283,64607240.00
2013/11/12,14.50,14.63,14.04,14.40,811647,35847300.00
2013/11/13,14.27,14.50,14.09,14.20,851879,37566852.00
2013/11/14,14.30,14.68,13.87,14.35,947517,42063096.00
2013/11/15,14.07,15.14,14.03,14.61,1146212,52381124.00
2013/11/18,14.56,15.31,14.18,15.21,1201629,54808284.00
2013/11/19,15.22,15.22,14.74,14.91,985224,45303680.00
2013/11/20,14.84,15.07,14.68,14.98,453237,20700852.00
2013/11/21,14.98,15.24,14.64,15.19,569491,26046872.00
2013/11/22,15.19,15.64,14.72,15.19,1329202,61731276.00
2013/11/25,15.23,15.23,14.51,14.64,987151,44661648.00
2013/11/26,14.51,14.91,14.08,14.80,851670,37840468.00
2013/11/27,14.76,15.20,14.60,15.14,569816,26231446.00
2013/11/28,15.41,15.47,14.99,15.02,423811,19718596.00
2013/11/29,15.02,16.31,14.76,15.96,1128735,53548600.00
2013/12/02,15.64,15.87,14.41,14.64,1327331,61721272.00
2013/12/03,14.64,15.10,14.47,15.07,767989,35047500.00
2013/12/04,14.97,15.27,14.73,14.96,858535,39426848.00
2013/12/05,14.83,15.18,14.34,14.50,757353,34272840.00
2013/12/06,14.31,14.50,13.51,13.80,1255669,53178580.00
2013/12/09,13.81,13.97,13.52,13.95,646921,27312038.00
2013/12/10,13.98,14.44,13.85,14.43,947868,41666124.00
2013/12/11,14.62,14.62,13.89,14.08,772849,33991556.00
2013/12/12,13.94,14.67,13.94,14.64,1040864,46547020.00
2013/12/13,14.44,15.22,14.44,15.11,958116,44338020.00
2013/12/16,15.24,15.24,14.59,14.70,756194,34541124.00
2013/12/17,14.70,14.76,14.47,14.63,373582,16803564.00
2013/12/18,14.67,14.97,14.42,14.67,629405,28173418.00
2013/12/19,14.64,14.90,14.50,14.60,339970,15277115.00
2013/12/20,14.48,14.64,14.05,14.21,430083,18862202.00
2013/12/23,13.97,14.29,13.71,13.74,498505,21488140.00
2013/12/24,13.72,14.24,13.51,14.17,547137,23674836.00
2013/12/25,14.04,14.37,13.88,14.27,527657,22818758.00
2013/12/26,14.21,14.51,13.98,14.38,479019,21126438.00
2013/12/27,14.40,14.47,14.16,14.31,311833,13693289.00
2013/12/30,14.39,15.02,14.31,14.86,895174,40617032.00
2013/12/31,14.87,15.70,14.71,15.47,2260468,106445536.00
2014/01/02,15.29,15.43,15.17,15.39,901056,42348204.00
2014/01/03,15.31,15.92,15.31,15.46,1232773,59062676.00
2014/01/06,15.63,15.67,14.75,15.05,1103150,51747528.00
2014/01/07,15.04,15.64,14.54,15.60,1009688,46823672.00
2014/01/08,15.38,15.88,15.37,15.60,1195204,57243072.00
2014/01/09,15.55,16.25,15.31,15.85,1413684,68908264.00
2014/01/10,15.85,15.85,15.14,15.65,819242,39042420.00
2014/01/13,15.60,17.25,15.41,17.09,3551766,184880256.00
2014/01/14,16.97,17.83,16.24,17.54,2866515,149236064.00
2014/01/15,17.31,19.00,17.31,18.47,2575752,145249424.00
2014/01/16,18.24,18.64,17.98,18.09,824696,46250200.00
2014/01/17,18.14,19.30,18.01,18.31,1394275,80277488.00
2014/01/20,18.14,18.64,17.15,17.59,1307750,70737904.00
2014/01/21,17.41,18.97,17.31,18.92,1758515,96841536.00
2014/01/22,19.31,19.62,18.42,18.87,1332001,77365592.00
2014/01/23,18.81,19.87,18.44,19.64,2065599,120628640.00
2014/01/24,19.54,19.97,18.99,19.51,1656905,99180424.00
2014/01/27,19.47,19.47,18.85,18.98,1027025,59933092.00
2014/01/28,19.57,20.74,19.02,19.42,1644642,100318488.00
2014/01/29,19.63,20.63,18.98,20.51,1178928,71936688.00
2014/01/30,20.40,21.62,20.40,20.97,1110500,71602600.00
2014/02/07,20.94,21.01,20.47,20.64,1285898,81238472.00
2014/02/10,20.67,21.27,20.08,20.21,2028292,127160848.00
2014/02/11,20.31,20.31,18.84,19.07,3073483,180926272.00
2014/02/12,19.14,19.14,18.27,18.80,1777715,101396008.00
2014/02/13,18.69,19.43,18.28,18.54,2056857,118833120.00
2014/02/14,18.64,19.50,18.64,19.29,2109483,124080176.00
2014/02/17,19.29,19.61,19.07,19.30,1870737,110307008.00
2014/02/18,19.36,19.39,18.42,18.87,1789028,102963200.00
2014/02/19,18.64,18.97,18.51,18.82,1309656,75009696.00
2014/02/20,18.77,18.82,17.85,17.89,2271052,125641952.00
2014/02/21,17.71,18.05,17.24,17.73,1336843,71869096.00
2014/02/24,17.57,18.37,16.64,18.24,3644808,191928608.00
2014/02/25,18.02,18.30,16.41,16.45,2627239,139432768.00
2014/02/26,16.54,17.64,15.53,17.11,3628985,186583184.00
2014/02/27,17.16,18.85,17.16,18.57,4423342,247066032.00
2014/02/28,18.91,18.91,17.94,18.41,1377993,77726312.00
2014/03/03,18.81,18.96,18.11,18.55,900625,51117952.00
2014/03/04,18.71,19.34,18.31,18.41,1998639,115636256.00
2014/03/05,18.31,18.86,18.12,18.17,1017679,57413340.00
2014/03/06,18.18,18.37,17.20,17.31,1718201,91661728.00
2014/03/07,17.31,17.50,16.97,17.29,780398,41137172.00
2014/03/10,17.29,17.53,16.98,17.17,720541,38251812.00
2014/03/11,17.04,17.24,15.91,16.17,1578726,79038648.00
2014/03/12,16.14,16.91,15.91,16.35,989984,49666604.00
2014/03/13,16.12,16.91,16.12,16.64,969717,49237704.00
2014/03/14,16.54,16.77,14.97,15.64,2893012,138897968.00
2014/03/17,15.14,15.27,14.34,15.04,3040649,139583024.00
2014/03/18,15.13,15.95,14.64,15.60,2815535,132412552.00
2014/03/19,15.61,15.64,15.14,15.25,1384262,65373584.00
2014/03/20,15.27,15.30,14.31,14.34,1756205,79945328.00
2014/03/21,14.32,14.34,13.54,14.24,2129965,91228728.00
2014/03/24,14.24,14.31,12.84,13.07,4780933,196263696.00
2014/03/25,13.01,13.28,12.84,13.07,3191661,127971320.00
2014/03/26,13.07,13.37,13.02,13.21,3161759,128976792.00
2014/03/27,13.21,13.38,12.94,12.94,2315795,94164640.00
2014/03/28,12.94,13.36,12.47,12.87,2064384,82570032.00
2014/03/31,14.14,14.14,13.27,13.42,5520774,231012928.00
2014/04/01,13.33,14.64,13.08,14.51,3240404,139045280.00
2014/04/02,14.50,14.54,13.59,14.08,2403323,104582448.00
2014/04/29,12.64,12.64,12.64,12.64,326000,12710740.00
2014/04/30,11.94,12.63,11.87,12.28,3763555,141938400.00
2014/05/05,12.28,13.55,12.11,13.55,2926088,116754592.00
2014/05/06,13.57,14.21,13.55,14.07,3312402,142168464.00
2014/05/07,14.06,14.18,13.68,14.07,2213895,95351312.00
2014/05/08,14.17,14.37,13.82,14.33,2825321,123102000.00
2014/05/09,14.18,14.30,13.93,14.13,1932841,83896288.00
2014/05/12,14.17,14.39,14.11,14.26,1311381,57492576.00
2014/05/13,14.30,15.14,14.27,14.91,2303596,104590736.00
2014/05/14,14.91,15.73,14.64,15.58,2296487,108351448.00
2014/05/15,15.57,15.94,14.94,14.97,2982492,140391584.00
2014/05/16,15.01,15.27,14.37,14.97,1894043,86126168.00
2014/05/19,14.71,15.29,14.71,15.19,1425885,66199824.00
2014/05/20,15.21,15.90,15.07,15.44,2183900,103808280.00
2014/05/21,15.43,15.80,15.26,15.51,1099541,52384816.00
2014/05/22,15.61,15.79,15.33,15.64,1483738,70939064.00
2014/05/23,15.54,15.81,15.40,15.60,1582479,75833312.00
2014/05/26,15.59,15.77,15.17,15.24,1591092,75234088.00
2014/05/27,15.27,15.36,14.48,14.60,1434439,65508884.00
2014/05/28,14.61,15.34,14.53,15.32,1665924,76325144.00
2014/05/29,15.31,15.42,14.77,14.91,1616374,74794016.00
2014/05/30,14.84,15.09,14.64,14.86,925920,42245076.00
2014/06/03,14.86,15.54,14.81,15.41,2146544,101102408.00
2014/06/04,15.29,15.64,15.25,15.37,1134537,53567024.00
2014/06/05,15.37,15.77,14.64,15.77,1999410,95764688.00
2014/06/06,15.78,15.84,15.37,15.60,978255,46927716.00
2014/06/09,15.51,15.78,15.03,15.14,829584,38983396.00
2014/06/10,15.14,15.31,14.85,15.15,727059,33729568.00
2014/06/11,15.15,15.74,15.04,15.69,953589,45374588.00
2014/06/12,15.71,16.72,15.57,16.68,2528132,126158880.00
2014/06/13,16.59,16.97,16.21,16.65,1488268,76134392.00
2014/06/16,16.52,16.74,16.25,16.42,1168426,58949768.00
2014/06/17,16.45,17.17,16.44,16.83,1212337,62788892.00
2014/06/18,16.80,16.94,16.45,16.60,648504,32962074.00
2014/06/19,16.69,16.69,15.58,16.10,940323,46413336.00
2014/06/20,16.02,16.18,15.68,16.11,784619,38225892.00
2014/06/23,16.11,16.58,15.95,16.51,768759,38229256.00
2014/06/24,16.64,16.88,16.44,16.56,948701,48408860.00
2014/06/25,16.56,16.74,16.08,16.20,926204,46074440.00
2014/06/26,16.19,16.76,16.18,16.48,1011775,51371580.00
2014/06/27,16.68,16.88,16.35,16.38,1004963,51055040.00
2014/06/30,16.38,16.80,16.12,16.78,1403832,70941888.00
2014/07/01,16.78,16.82,16.46,16.58,741368,37670948.00
2014/07/02,16.56,16.85,16.51,16.63,749613,38248904.00
2014/07/03,16.64,17.31,16.57,17.28,1468892,76539280.00
2014/07/04,17.28,17.51,17.01,17.38,1038900,54818536.00
2014/07/07,17.37,17.46,16.75,16.89,876515,45499996.00
2014/07/08,16.90,16.93,16.01,16.29,2525439,125979456.00
2014/07/09,16.23,16.38,15.80,15.80,1058252,51874856.00
2014/07/10,15.80,15.80,14.99,15.29,2025004,94820024.00
2014/07/11,15.28,15.40,15.01,15.26,1046312,48792928.00
2014/07/14,15.26,15.75,15.26,15.67,1029893,49042520.00
2014/07/15,15.72,15.73,15.08,15.18,1305945,61305544.00
2014/07/16,15.30,15.98,15.30,15.72,2172930,104972888.00
2014/07/17,15.91,15.91,15.62,15.68,497021,23907484.00
2014/07/18,15.58,15.68,15.33,15.51,732229,34631408.00
2014/07/21,15.50,15.50,14.49,15.25,1633441,74630232.00
2014/07/22,15.18,15.85,14.65,15.82,1860345,87520392.00
2014/07/23,16.05,17.35,16.05,16.81,3321608,170500128.00
2014/07/24,16.90,16.91,16.25,16.65,2861466,144572848.00
2014/07/25,16.65,16.75,16.14,16.67,1875085,94182304.00
2014/07/28,16.54,16.85,16.38,16.66,1197519,60746040.00
2014/07/29,16.53,16.81,16.52,16.77,1924266,98208696.00
2014/07/30,16.71,16.84,16.46,16.68,694730,35223648.00
2014/07/31,16.53,16.71,16.21,16.67,1379256,69143872.00
2014/08/01,16.58,16.69,16.35,16.68,601232,30495006.00
2014/08/04,16.68,17.71,16.63,17.61,2125996,111920280.00
2014/08/05,17.61,17.73,17.19,17.46,952000,50689940.00
2014/08/06,17.35,18.68,17.35,18.08,1847111,102672048.00
2014/08/07,18.16,18.94,17.72,18.41,1559440,88169144.00
2014/08/08,18.41,19.15,18.11,19.01,1589827,91198360.00
2014/09/29,20.94,20.94,20.94,20.94,38979,2486470.50
2014/09/30,23.07,23.07,23.07,23.07,151885,10657770.00
2014/10/08,25.41,25.41,23.22,24.45,9854096,715574528.00
2014/10/09,23.98,24.40,23.52,23.93,4159044,303467328.00
2014/10/10,23.70,23.78,22.68,23.02,3972681,279537216.00
2014/10/13,22.45,22.51,21.55,22.38,4927845,330798784.00
2014/10/14,22.28,23.08,22.08,22.69,2717800,187795728.00
2014/10/15,22.68,23.23,22.51,22.95,2102016,146957984.00
2014/10/16,22.91,22.91,22.12,22.25,1693772,115604776.00
2014/10/17,22.25,23.11,22.06,22.76,1794861,123840848.00
2014/10/20,22.77,24.28,22.77,23.97,3758764,271184096.00
2014/10/21,23.97,24.46,23.55,23.73,1934966,141140608.00
2014/10/22,23.69,23.97,22.68,22.80,1951751,138323856.00
2014/10/23,22.68,22.86,22.11,22.31,1515699,103359896.00
2014/10/24,22.55,24.46,22.55,23.86,2522995,180616640.00
2014/10/27,24.21,24.51,23.84,24.40,3056289,224778944.00
2014/10/28,24.40,26.50,24.10,26.03,2928749,225374864.00
2014/10/29,26.15,27.01,25.61,25.85,2965014,236022096.00
2014/10/30,25.91,26.35,25.65,25.85,1599604,126111928.00
2014/10/31,25.69,26.04,24.56,25.10,1946945,149458928.00
2014/11/03,25.01,25.83,24.61,24.75,1645434,125864728.00
2014/11/04,24.95,25.18,24.31,24.35,1368484,102519168.00
2014/11/05,24.45,25.34,23.95,25.31,1554011,115916000.00
2014/11/06,25.51,25.86,25.18,25.55,2105231,163198512.00
2014/11/07,25.58,26.25,25.02,25.31,1658320,129970848.00
2014/11/10,25.39,25.41,24.30,24.45,2068565,155223104.00
2014/11/11,24.53,24.68,22.80,23.11,2880347,204480064.00
2014/11/12,23.05,23.68,22.85,23.01,2017256,141815808.00
2014/11/13,23.08,23.08,22.18,22.35,1414934,96497064.00
2014/11/14,22.33,23.11,22.12,22.64,985648,68147896.00
2014/11/17,22.41,23.48,22.41,23.25,1087939,76942808.00
2014/11/18,23.05,23.67,22.82,23.01,1694964,119171048.00
2014/11/19,22.88,24.39,22.88,23.68,2610932,189661728.00
2014/11/20,23.68,23.85,23.25,23.81,1117404,80134984.00
2014/11/21,23.93,24.01,23.35,23.51,1016432,73063376.00
2014/11/24,23.60,23.65,22.84,22.95,2387699,167550256.00
2014/11/25,23.04,23.25,22.65,22.98,2638800,184130912.00
2014/11/26,22.98,23.41,22.73,23.18,2307160,162205744.00
2014/11/27,23.35,23.35,22.43,22.78,2515779,174362608.00
2014/11/28,22.88,22.91,22.02,22.81,3727706,254822368.00
2014/12/01,22.95,25.13,22.67,25.13,4817390,346759232.00
2014/12/02,25.11,27.31,24.71,26.68,5532116,441709472.00
2014/12/03,26.35,27.33,25.51,26.48,3784209,303919872.00
2014/12/04,26.27,29.01,26.27,28.58,3731796,313277120.00
2014/12/05,28.34,28.35,25.69,27.01,3545272,291249408.00
2014/12/08,26.51,26.60,25.13,25.38,3841041,300502688.00
2014/12/09,24.68,25.34,23.19,23.81,3431247,251667264.00
2014/12/10,23.81,25.18,23.77,24.85,2286420,170957104.00
2014/12/11,24.71,25.35,24.40,24.60,1791281,134995360.00
2014/12/12,24.68,26.68,24.68,26.67,2768843,216167888.00
2014/12/15,26.51,29.37,26.30,29.37,4367328,377439072.00
2014/12/16,30.26,30.28,27.90,28.27,2837057,248197504.00
2014/12/17,28.12,30.34,27.58,29.01,2387267,208468960.00
2014/12/18,28.78,29.16,27.85,28.00,2005797,173022192.00
2014/12/19,28.20,28.20,25.73,26.58,2233231,179904800.00
2014/12/22,26.27,26.27,23.89,23.89,3528044,259818048.00
2014/12/23,23.88,25.86,23.08,23.53,3252700,236141840.00
2014/12/24,23.93,24.21,22.97,23.94,2346854,168383632.00
2014/12/25,23.68,24.35,23.45,24.16,1891452,137412112.00
2014/12/26,24.20,24.20,23.36,23.68,2046846,147120736.00
2014/12/29,23.63,23.63,21.36,22.14,3476998,235985520.00
2014/12/30,22.15,22.24,20.95,21.28,3020030,197203872.00
2014/12/31,21.28,21.94,20.69,21.55,2500602,162008656.00
2015/01/05,21.46,21.46,19.83,20.68,3231391,202041504.00
2015/01/06,20.51,22.14,19.73,22.01,7067729,451880384.00
2015/01/07,21.59,21.67,20.91,20.98,3689218,237418128.00
2015/01/08,20.85,22.45,20.68,21.87,5160817,342713568.00
2015/01/09,22.01,23.17,21.74,22.70,4277486,294840512.00
2015/01/12,22.35,23.64,21.91,23.40,3144944,221726192.00
2015/01/13,23.18,24.88,23.07,24.29,3574158,263687040.00
2015/01/14,24.11,24.67,23.18,24.35,2894182,210047664.00
2015/01/15,24.17,24.54,23.68,23.68,1559765,113958456.00
2015/01/16,23.44,25.84,23.01,25.37,6202789,459051104.00
2015/01/19,24.20,26.14,23.87,24.48,4314461,330728032.00
2015/01/20,24.61,26.96,24.21,26.96,4939649,387089408.00
2015/01/21,27.35,27.89,26.01,27.18,4926031,404903264.00
2015/01/22,27.25,27.98,26.78,27.45,2903089,241318768.00
2015/01/23,27.29,27.35,25.45,25.71,3899150,307889056.00
2015/01/26,25.68,27.28,25.67,26.93,2635478,212021616.00
2015/01/27,26.78,27.73,25.85,27.35,2131626,173292896.00
2015/01/28,27.05,29.11,26.55,27.38,2236356,188925728.00
2015/01/29,26.86,27.33,26.51,26.62,1771674,143909376.00
2015/01/30,26.37,26.94,24.85,24.99,2482733,193432288.00
2015/02/02,24.55,25.64,24.24,25.35,1948032,149393424.00
2015/02/03,25.01,27.91,25.01,27.91,2962217,243300304.00
2015/02/04,28.68,29.31,27.68,28.08,4331508,373530720.00
2015/02/05,28.08,30.92,27.51,30.92,7200909,660389632.00
2015/02/06,31.84,34.03,31.17,32.68,6403322,628368768.00
2015/02/09,32.68,33.66,30.75,31.13,3061971,296650016.00
2015/02/10,31.08,32.10,30.05,31.68,3166315,301628736.00
2015/02/11,31.85,34.88,31.85,34.88,3415002,354866880.00
2015/02/12,35.20,36.21,33.01,34.85,3788555,396871616.00
2015/02/13,35.35,36.51,33.68,34.85,3372263,356850848.00
2015/02/16,34.68,36.51,34.12,35.81,2824143,301584672.00
2015/02/17,35.78,36.34,33.51,34.36,2238925,233929216.00
2015/02/25,34.35,35.64,31.35,32.68,4113725,412923104.00
2015/02/26,32.14,32.56,30.13,32.55,3497441,336278688.00
2015/02/27,32.01,32.51,30.88,32.23,2715435,261389744.00
2015/03/02,32.01,34.46,31.02,34.04,4185472,417191104.00
2015/03/03,33.55,33.67,31.88,32.33,3162956,313159072.00
2015/03/04,32.15,32.18,30.89,31.60,3864698,368460864.00
2015/03/05,31.55,31.55,30.31,30.95,2931840,274250400.00
2015/03/06,30.91,31.71,29.75,30.03,2926445,272123040.00
2015/03/09,29.91,31.86,29.35,31.25,3583560,334827680.00
2015/03/10,31.05,33.05,31.04,32.08,3809416,372504832.00
2015/03/11,32.52,33.68,31.95,32.35,2696158,267864000.00
2015/03/12,32.05,32.33,30.83,31.18,2304603,218637136.00
2015/03/13,30.68,32.51,30.68,32.01,2110466,203860240.00
2015/03/16,32.58,34.19,31.72,33.98,3761428,382299072.00
2015/03/17,34.45,34.45,32.78,33.23,2456591,246925296.00
2015/03/18,33.23,33.23,32.21,32.68,3590835,354970016.00
2015/03/19,32.67,35.98,32.55,35.98,4924475,514270176.00
2015/03/20,35.68,39.21,35.08,37.58,4331090,485645760.00
2015/03/23,38.38,41.24,38.38,40.45,4137864,503078720.00
2015/03/24,39.86,44.52,39.86,44.52,3671037,473055040.00
2015/03/25,44.52,49.01,43.22,44.68,3855681,542638656.00
2015/03/26,43.19,43.19,40.18,40.18,3767448,467279904.00
2015/03/27,39.35,40.17,38.11,40.01,3717469,438206944.00
2015/03/30,39.27,40.01,36.51,37.84,4411235,502999968.00
2015/03/31,37.27,40.49,37.06,40.31,4740119,560141120.00
2015/04/01,41.35,44.31,39.67,42.41,4068970,509444256.00
2015/04/02,43.01,44.34,41.15,43.67,3788168,488842944.00
2015/04/03,43.35,44.21,42.01,42.61,2469937,320339680.00
2015/04/07,42.68,43.35,40.81,41.18,3432060,432742240.00
2015/04/08,41.34,41.85,38.64,39.66,3727412,447872416.00
2015/04/09,39.64,39.64,36.01,39.01,4931863,561906112.00
2015/04/10,38.51,42.64,38.01,41.75,4853694,594837568.00
2015/04/13,41.35,41.85,39.66,40.58,2893447,357444192.00
2015/04/14,40.59,43.19,40.59,42.45,4086919,522935520.00
2015/04/15,42.41,42.44,38.98,39.04,2421086,295868416.00
2015/04/16,38.34,40.35,38.01,38.97,2972857,352178176.00
2015/04/17,38.97,38.99,37.21,38.22,2734228,313227360.00
2015/04/20,37.68,38.30,34.37,35.01,4632938,501326080.00
2015/04/21,35.01,37.71,34.71,36.30,4429599,486745376.00
2015/04/22,36.61,39.01,36.61,38.36,4481169,519710976.00
2015/04/23,38.58,39.65,37.45,38.14,2818060,327804000.00
2015/04/24,37.79,37.79,35.18,36.31,4388727,480802976.00
2015/04/27,36.68,39.45,36.41,38.91,5054843,582136960.00
2015/04/28,38.01,40.27,37.68,39.93,4417240,516366752.00
2015/04/29,39.91,43.48,39.35,41.71,4701032,601803584.00
2015/04/30,41.81,43.51,41.45,41.75,4368537,559626816.00
2015/05/04,40.99,41.91,40.05,41.04,2346971,290335264.00
2015/05/05,40.35,41.00,37.01,37.92,3404641,397586112.00
2015/05/06,38.66,41.74,38.05,41.68,5133050,636663744.00
2015/05/07,41.97,45.85,41.02,45.06,4736600,635923264.00
2015/05/08,45.08,48.35,44.52,47.07,3633452,509668832.00
2015/05/11,47.08,50.35,46.01,49.35,4689107,691733504.00
2015/05/12,48.68,49.01,45.62,47.48,5280583,752557568.00
2015/05/13,48.68,48.68,46.02,46.54,3496622,498269824.00
2015/05/14,47.85,48.68,44.58,47.01,3923234,553848896.00
2015/05/15,45.44,48.39,45.39,47.05,3499241,496059264.00
2015/05/18,47.12,51.79,47.09,51.79,2748948,416806880.00
2015/05/19,52.72,54.18,49.06,51.89,5125206,794151488.00
2015/05/20,51.85,56.22,51.01,53.05,3028850,492469568.00
2015/05/21,52.22,54.39,51.22,52.89,2533659,400881472.00
2015/05/22,52.92,55.72,50.99,51.19,2416142,384375456.00
2015/05/25,49.72,52.71,48.06,51.39,5603615,865070272.00
2015/05/26,52.32,52.99,50.35,52.04,3467674,540696896.00
2015/05/27,52.39,57.28,51.86,57.28,3327786,554849856.00
2015/05/28,57.05,61.91,55.39,56.13,4506756,814132352.00
2015/05/29,56.72,61.68,52.34,60.39,2876156,511953888.00
2015/06/01,62.25,66.45,58.72,65.38,3270242,622348096.00
2015/06/02,64.72,71.90,64.12,70.89,2913013,602509504.00
2015/06/03,70.05,70.38,65.05,65.72,3001953,605718912.00
2015/06/04,67.05,71.69,63.72,71.69,4543835,930855872.00
2015/06/05,72.22,73.99,65.15,72.25,3128943,660920512.00
2015/06/08,70.44,70.44,65.00,65.00,3420741,690417536.00
2015/06/09,63.02,65.01,58.50,59.42,2528434,463889056.00
2015/06/10,59.39,65.39,58.82,65.39,2617754,502851712.00
2015/06/11,64.39,71.75,64.39,70.65,2438371,503970528.00
2015/06/12,70.39,74.05,65.06,66.39,1558780,322928768.00
2015/06/15,67.38,67.39,59.72,59.72,2909134,536070240.00
2015/06/16,57.00,59.09,53.72,54.40,3332407,552727168.00
2015/06/17,54.72,59.20,51.72,57.32,3381249,558537600.00
2015/06/18,56.72,56.94,51.72,53.68,2285199,374269248.00
2015/06/19,53.39,54.72,51.72,54.22,2588918,416010784.00
2015/06/23,54.21,57.32,51.72,56.05,2315516,383143392.00
2015/06/24,54.72,56.39,52.59,54.41,2050229,336957184.00
2015/06/25,54.45,55.01,48.94,48.94,3030014,459334144.00
2015/06/26,44.55,45.29,44.02,44.02,2023049,269794144.00
2015/06/29,43.69,43.71,39.59,39.59,2756212,331302688.00
2015/06/30,38.04,43.55,35.60,43.05,7430305,876809920.00
2015/07/01,40.23,45.05,38.72,38.72,4249736,545301696.00
2015/07/02,38.72,39.75,34.82,34.82,4628039,512913536.00
2015/07/03,34.13,38.22,32.05,34.72,4746788,499907072.00
2015/07/06,37.55,38.19,31.22,31.22,4482096,447972992.00
2015/07/07,28.76,29.38,28.07,28.07,6144418,522926784.00
2015/07/08,25.24,29.22,25.24,27.05,21589934,1668944384.00
2015/07/09,27.05,29.78,27.05,29.78,4141293,362213984.00
2015/07/10,32.22,32.79,31.39,32.79,1329847,130552072.00
2015/07/13,36.10,36.10,34.44,36.10,3320695,358916512.00
2015/07/14,39.73,39.73,37.76,39.73,4247699,508772832.00
2015/07/15,40.39,40.39,35.73,35.73,1954499,217446048.00
2015/07/16,32.13,37.72,32.13,34.42,2727906,284431584.00
2015/07/17,34.75,37.72,34.75,37.50,1620891,179164880.00
2015/07/20,37.82,41.05,37.39,39.24,2535101,300016800.00
2015/07/21,38.05,41.22,37.05,41.05,2221790,265011952.00
2015/07/22,41.24,41.75,37.95,41.05,2610715,317526304.00
2015/07/23,40.39,43.98,38.78,43.72,2363151,301147840.00
2015/07/24,44.22,48.12,43.07,46.04,2320938,326714752.00
2015/07/27,46.31,46.39,41.41,41.41,2250280,299924448.00
2015/07/28,37.40,42.70,37.24,37.89,4370246,507189280.00
2015/07/29,38.72,40.34,34.72,39.36,4598305,510101216.00
2015/07/30,39.62,39.99,36.37,36.37,1976298,232854528.00
2015/07/31,35.64,37.79,34.72,36.47,1583458,173017696.00
2015/08/03,34.39,36.05,32.80,32.80,2187381,219271728.00
2015/08/04,33.05,35.82,30.55,35.66,3525539,349446848.00
2015/08/05,35.05,35.72,33.83,34.10,1541654,162844960.00
2015/08/06,32.72,34.32,32.25,32.98,1377570,139254928.00
2015/08/07,33.95,36.30,33.43,36.30,1779449,191124800.00
2015/08/10,37.55,39.96,37.39,39.96,1376680,161636176.00
2015/08/11,42.39,42.69,39.97,40.26,2750216,342919936.00
2015/08/12,39.72,44.32,37.39,42.75,2825558,365176192.00
2015/08/13,42.05,44.20,40.75,43.51,1637347,209572576.00
2015/08/14,43.69,44.85,42.54,43.53,1231980,163266544.00
2015/08/17,42.72,43.35,41.19,42.39,1102445,139638544.00
2015/08/18,42.32,43.43,38.12,38.12,2081756,257586144.00
2015/08/19,35.72,40.72,34.72,39.49,1567910,176119680.00
2015/08/20,38.79,40.58,37.85,38.04,1325816,155913280.00
2015/08/21,36.39,38.02,34.74,35.70,1467833,161166224.00
2015/08/24,33.05,37.05,32.11,32.11,1098322,108003120.00
2015/08/25,28.87,30.39,28.87,28.87,2456670,216606800.00
2015/08/26,29.57,31.65,26.72,28.42,2180936,193801232.00
2015/08/27,29.32,31.21,27.40,31.09,1718488,152342704.00
2015/08/28,31.42,34.22,30.40,34.19,2454144,238123360.00
2015/08/31,33.22,33.47,30.74,32.34,2823663,272396704.00
2015/09/01,31.39,31.55,29.08,30.09,2296701,210485200.00
2015/09/02,28.42,31.87,27.41,31.80,2679726,249997488.00
2015/09/07,31.68,34.25,28.59,29.35,4255184,390824096.00
2015/09/08,28.22,30.12,27.55,30.00,1801732,157981632.00
2015/09/09,29.89,31.67,27.89,28.58,11596607,1014976640.00
2015/09/10,27.05,29.38,27.05,28.60,4941585,428799584.00
2015/09/11,28.14,29.91,28.14,29.42,3397873,303391232.00
2015/09/14,30.72,30.79,26.45,26.45,3046621,261248688.00
2015/09/15,25.40,26.05,23.78,23.78,2670004,201329104.00
2015/09/16,23.29,26.18,23.29,26.18,2131233,160448240.00
2015/09/17,26.99,27.28,25.39,25.49,2135645,172118064.00
2015/09/18,25.98,26.19,25.09,25.62,1434997,111326232.00
2015/09/21,24.82,28.21,24.79,28.21,2473899,205247312.00
2015/09/22,28.70,30.27,28.58,29.22,2452911,218737488.00
2015/09/23,28.39,29.20,27.99,28.35,1089229,94331976.00
2015/09/24,28.34,29.70,28.34,28.72,1131682,99836688.00
2015/09/25,28.72,29.04,25.82,27.17,2412194,199873296.00
2015/09/28,27.17,28.27,26.23,28.27,2285458,189630976.00
2015/09/29,27.55,28.29,27.45,27.99,1838759,155558560.00
2015/09/30,28.24,28.49,26.59,27.58,1106496,92623992.00
2015/10/08,29.22,30.05,27.79,29.29,1263311,111564688.00
2015/10/09,28.95,30.38,28.84,30.27,1477287,133134504.00
2015/10/12,30.49,33.33,30.42,33.09,2172963,214093360.00
2015/10/13,33.05,34.37,32.09,32.95,1162952,116865912.00
2015/10/14,32.87,33.50,31.39,31.95,1416039,138761744.00
2015/10/15,32.15,34.65,31.99,34.05,1694158,170325952.00
2015/10/16,33.83,34.88,33.20,34.14,1259975,129375112.00
2015/10/19,34.32,35.80,32.31,33.04,2231552,227170448.00
2015/10/20,32.72,36.37,32.39,36.37,2486400,262083312.00
2015/10/21,37.72,39.61,35.38,35.39,4198564,477927392.00
2015/10/22,35.71,38.29,35.09,37.75,2403561,269794240.00
2015/10/23,37.98,38.68,36.72,37.25,2542868,287823136.00
2015/10/26,37.45,37.45,34.99,35.72,2403108,259970080.00
2015/10/27,35.77,37.22,33.07,35.99,2243830,236911040.00
2015/10/28,35.22,35.72,33.93,34.05,1491008,156775152.00
2015/10/29,34.09,35.71,33.39,34.48,1503022,158312800.00
2015/10/30,35.05,37.95,34.48,37.95,3410057,379633824.00
2015/11/02,35.89,41.68,35.72,38.35,3699444,437893472.00
2015/11/03,38.72,40.38,38.72,39.21,1809877,216836288.00
2015/11/04,39.74,43.05,39.39,41.95,1765349,218937008.00
2015/11/05,41.55,45.75,40.28,42.19,3554130,462238208.00
2015/11/06,41.45,45.44,41.45,43.76,2591179,343802400.00
2015/11/09,43.79,45.55,42.29,43.39,4148697,545435072.00
2015/11/10,43.39,44.89,42.25,43.61,2623121,343685248.00
2015/11/11,43.82,45.35,42.05,44.46,1915907,256309664.00
2015/11/12,44.06,45.68,42.55,43.55,2108813,277752096.00
2015/11/13,42.73,43.72,41.05,41.39,2226158,282554848.00
2015/11/16,41.04,42.03,40.39,41.84,2034789,253812592.00
2015/11/17,41.85,44.31,40.92,42.18,2763836,356470560.00
2015/11/18,42.18,42.51,41.09,41.19,1563076,196545104.00
2015/11/19,41.14,43.98,40.93,43.75,1265588,163367232.00
2015/11/20,43.71,45.05,42.62,43.55,1796569,235553200.00
2015/11/23,43.99,44.72,43.39,43.50,1240524,165070080.00
2015/11/24,43.50,44.54,42.05,43.78,1155320,149868944.00
2015/11/25,43.22,44.80,41.65,43.96,5311496,687268736.00
2015/11/26,44.00,44.35,42.37,43.00,2805695,366135616.00
2015/11/27,42.72,42.91,39.28,39.52,1899352,236922352.00
2015/11/30,39.56,41.31,38.89,41.02,1831595,221337328.00
2015/12/01,40.84,41.38,38.09,39.30,1345501,161070720.00
2015/12/02,39.83,39.99,35.68,38.77,1726623,197642464.00
2015/12/03,39.39,42.05,38.56,41.73,2199558,265589008.00
2015/12/04,41.05,43.15,40.39,42.44,2692818,344740192.00
2015/12/07,42.44,43.71,42.05,42.32,1380134,178498416.00
2015/12/08,42.39,42.39,40.99,41.02,1110498,139148384.00
2015/12/09,40.75,41.62,39.12,40.04,1295026,156609648.00
2015/12/10,40.05,40.55,39.42,39.94,1223049,147309280.00
2015/12/11,39.49,39.89,38.39,39.31,1025715,121513872.00
2015/12/14,38.72,40.11,38.59,40.02,690822,81752208.00
2015/12/15,39.94,40.75,39.73,40.25,877686,107030120.00
2015/12/16,40.35,40.59,39.39,39.87,928301,111835808.00
2015/12/17,40.05,41.59,40.05,41.09,1284947,159183584.00
2015/12/18,40.99,41.75,40.55,40.94,1467092,182363088.00
2015/12/21,40.49,40.92,38.65,39.19,2564199,307005280.00
2015/12/22,39.19,40.04,38.89,39.64,1870694,222592320.00
2015/12/23,39.44,39.62,38.32,38.40,1259013,147745296.00
2015/12/24,38.51,42.26,38.51,42.26,3266871,401429632.00
2015/12/25,43.34,45.84,42.72,45.04,3754554,502276352.00
2015/12/28,45.05,48.98,44.72,45.47,4455530,626243328.00
2015/12/29,46.70,47.05,44.06,45.99,2835674,387512832.00
2015/12/30,45.72,50.61,45.49,50.61,4306022,636138560.00
2015/12/31,50.72,52.05,48.39,50.05,4476822,681656192.00
2016/01/04,49.51,49.64,45.02,45.02,1576152,218060832.00
2016/01/05,41.72,42.68,40.49,40.74,2462073,307179968.00
2016/01/06,40.95,41.53,39.09,40.32,3280018,395685952.00
2016/01/07,39.06,39.07,36.26,36.26,540510,60750492.00
2016/01/08,36.12,37.05,32.61,34.67,4695870,486201376.00
2016/01/11,33.05,34.06,32.05,32.46,2303666,229846064.00
2016/01/12,32.50,33.39,30.05,31.40,4709633,444483616.00
2016/01/13,31.53,31.69,28.39,28.55,3442539,315500704.00
2016/01/14,27.32,30.02,26.73,29.74,3496011,303124128.00
2016/01/15,29.49,29.95,26.96,27.69,3624341,315826528.00
2016/01/18,27.05,29.30,26.89,28.62,2670509,229044896.00
2016/01/19,28.55,30.46,28.05,30.09,3041359,270861504.00
2016/01/20,29.95,30.22,28.61,28.89,3008669,266983680.00
2016/01/21,28.42,30.58,28.42,28.77,4437597,399164384.00
2016/01/22,29.39,29.64,27.25,28.80,2655440,228925600.00
2016/01/25,28.99,30.27,28.87,29.47,2664155,238986416.00
2016/01/26,29.06,29.22,26.49,26.82,2378739,200351184.00
2016/01/27,26.50,27.03,24.72,26.39,2533581,198459632.00
2016/01/28,25.95,26.89,24.45,25.05,3143050,244939552.00
2016/01/29,25.02,26.72,24.79,26.42,1876969,148183248.00
2016/02/01,26.42,27.21,26.05,26.55,1818698,147009600.00
2016/02/02,26.99,28.60,26.55,27.69,2140788,180341904.00
2016/02/03,27.08,27.51,26.59,27.39,1559656,128042600.00
2016/02/04,27.48,28.49,27.48,27.98,1877809,160051248.00
2016/02/05,28.05,28.30,27.17,27.17,1344480,112287160.00
2016/02/15,25.55,26.88,25.55,26.69,2071820,164287808.00
2016/02/16,26.72,28.67,26.72,28.59,2616801,221118032.00
2016/02/17,28.22,29.39,27.99,29.07,3146041,273931168.00
2016/02/18,29.12,31.94,28.83,31.62,3638997,336804736.00
2016/02/19,30.94,31.55,30.40,31.24,1507518,141656512.00
2016/02/22,31.72,32.22,30.55,30.83,2061505,193034608.00
2016/02/23,31.05,31.32,29.35,29.86,2246595,204511648.00
2016/02/24,29.86,29.99,27.89,28.92,2626802,228735232.00
2016/02/25,28.55,28.79,26.00,26.00,3165983,259631968.00
2016/02/26,26.02,26.59,25.45,26.05,2515550,199190448.00
2016/02/29,25.89,25.89,23.42,23.42,2336484,169391760.00
2016/03/01,23.01,24.12,22.72,23.92,2745246,195491232.00
2016/03/02,23.70,24.99,23.65,24.84,3165427,233934880.00
2016/03/03,24.72,25.82,24.35,24.56,3645035,275520992.00
2016/03/04,24.05,24.25,22.77,23.21,3023733,215980160.00
2016/03/07,23.22,24.57,23.22,23.89,2225782,161649904.00
2016/03/08,23.69,23.84,21.73,23.62,2509447,173657952.00
2016/03/09,23.01,23.49,22.39,22.85,2325929,161724448.00
2016/03/10,22.85,23.19,22.24,22.38,1848680,127331072.00
2016/03/11,22.22,22.51,21.73,22.12,1677172,112200728.00
2016/03/14,22.58,24.25,22.41,23.92,3955915,282317696.00
2016/03/15,23.72,23.84,22.98,23.28,2223951,158042656.00
2016/03/16,23.59,24.22,23.01,23.92,3219619,231665648.00
2016/03/17,23.94,26.20,23.79,25.81,4444973,338548864.00
2016/03/18,25.82,28.30,25.72,27.47,5201710,425821408.00
2016/03/21,27.52,28.05,27.02,27.99,4049657,338733696.00
2016/03/22,27.45,30.05,26.99,29.25,5546288,471341760.00
2016/03/23,28.72,30.39,28.22,30.08,5490011,490182176.00
2016/03/24,29.22,29.34,28.06,29.05,4814620,421305408.00
2016/03/25,28.41,30.12,28.25,28.73,2937254,257649568.00
2016/03/28,28.42,29.22,28.07,28.17,2262478,196306944.00
2016/03/29,28.30,28.30,26.95,27.23,2199418,183288240.00
2016/03/30,27.52,28.94,27.52,28.79,2945823,251339984.00
2016/03/31,30.72,30.79,29.39,29.91,5079305,462825792.00
2016/04/01,29.91,31.11,29.68,30.05,4157700,381199136.00
2016/04/05,30.13,31.39,29.32,30.81,5057582,462963072.00
2016/04/06,30.77,33.92,30.43,33.62,6873878,673852224.00
2016/04/07,33.42,34.98,32.89,32.97,6561863,674993536.00
2016/04/08,32.39,34.03,32.10,34.02,4779573,481871936.00
2016/04/11,34.94,35.01,33.23,33.35,5368987,551250496.00
2016/04/12,33.05,33.35,30.35,31.59,4680482,450802176.00
2016/04/13,32.05,32.89,31.69,31.80,3722956,365218944.00
2016/04/14,31.94,32.68,31.21,31.89,2983121,286624192.00
2016/04/15,31.90,32.03,31.24,31.58,2071176,197510272.00
2016/04/18,31.39,32.34,31.22,31.80,2831061,273153056.00
2016/04/19,32.09,32.32,31.39,31.61,2241803,215071536.00
2016/04/20,31.64,31.82,28.42,28.65,6132490,550997312.00
2016/04/21,28.06,28.59,26.98,27.09,4054523,340673952.00
2016/04/22,27.05,29.05,26.72,28.00,3948840,328607040.00
2016/04/25,27.72,27.93,26.54,27.93,2849168,233813952.00
2016/04/26,27.52,27.80,27.25,27.75,2456641,205005328.00
2016/04/27,27.98,27.98,27.06,27.22,2337577,195324592.00
2016/04/28,27.39,27.62,26.89,27.49,2257193,186276032.00
2016/04/29,27.35,27.35,26.82,26.88,2196543,180397040.00
2016/05/03,26.79,28.06,26.73,28.05,4301033,358619104.00
2016/05/04,27.95,28.82,27.55,28.45,5709021,484740096.00
2016/05/05,28.72,31.33,28.49,31.33,8649423,790008832.00
2016/05/06,31.89,32.04,29.39,29.39,8147814,753801216.00
2016/05/09,29.42,29.68,28.38,29.59,5310458,467129568.00
2016/05/10,29.39,30.13,27.61,27.94,5607049,482065920.00
2016/05/11,28.06,28.56,25.12,25.12,19294441,502005120.00
2016/05/12,23.79,24.61,22.84,23.80,12931331,308690752.00
2016/05/13,23.91,25.46,23.91,24.31,12066419,300743328.00
2016/05/16,24.26,24.28,23.11,24.26,11930006,285360640.00
2016/05/17,24.19,25.15,23.49,24.26,12290798,300788320.00
2016/05/18,23.82,23.82,22.66,23.07,10319896,241607584.00
2016/05/19,23.47,25.40,23.47,24.85,27596968,696430016.00
2016/05/20,24.07,25.47,24.07,25.36,19316163,482838592.00
2016/05/23,25.06,25.71,25.06,25.31,13073938,334651424.00
2016/05/24,25.15,25.15,24.37,24.69,8607085,214333040.00
2016/05/25,25.06,25.44,24.53,24.75,9728038,245799584.00
2016/05/26,24.61,25.16,23.74,25.12,12384879,304923456.00
2016/05/27,24.86,25.32,24.66,24.70,9574340,241061696.00
2016/05/30,24.61,24.86,23.86,24.41,5856208,144696496.00
2016/05/31,24.56,26.66,24.46,26.46,16862971,439506592.00
2016/06/01,26.64,27.75,26.32,26.42,16135714,439873952.00
2016/06/02,26.42,27.03,26.13,26.86,11131857,297452704.00
2016/06/03,26.78,28.25,26.31,27.28,17141037,469294016.00
2016/06/06,27.06,27.62,26.78,27.07,10222760,279561120.00
2016/06/07,27.04,27.58,26.86,27.06,8189660,224548400.00
2016/06/08,26.86,27.24,26.29,26.60,9363485,252603024.00
2016/06/13,26.09,26.16,23.92,23.94,11126921,284440736.00
2016/06/14,23.97,24.56,23.82,24.16,6979437,170379376.00
2016/06/15,23.84,25.28,23.57,25.03,7738730,194233408.00
2016/06/16,25.08,25.24,24.26,24.49,7866995,196690016.00
2016/06/17,24.61,25.73,24.61,24.87,8385321,212777168.00
2016/06/20,24.61,25.11,24.31,24.83,6305286,157040992.00
2016/06/21,25.06,25.43,24.06,24.34,7776876,194463792.00
2016/06/22,24.31,25.14,24.11,25.04,7271867,180770336.00
2016/06/23,24.96,25.26,24.63,24.95,7416217,187065424.00
2016/06/24,24.91,25.45,23.34,24.65,11192170,277296128.00
2016/06/27,24.41,26.06,24.06,25.71,12940094,331347168.00
2016/06/28,25.38,26.53,25.38,26.14,12664775,331844736.00
2016/06/29,26.17,26.40,25.78,26.00,10043356,264040672.00
2016/06/30,26.06,26.22,25.79,26.14,7748339,203499840.00
2016/07/01,26.16,26.40,25.78,26.01,8076487,212523680.00
2016/07/04,25.96,26.53,25.69,26.43,9709623,257174528.00
2016/07/05,26.45,26.62,25.98,26.03,8927658,235736832.00
2016/07/06,26.04,26.33,25.81,26.16,7862148,206747536.00
2016/07/07,26.05,26.31,25.36,25.66,10341386,268303504.00
2016/07/08,25.65,26.66,25.31,26.01,14228236,374013312.00
2016/07/11,26.06,26.34,25.78,25.84,11044336,290313280.00
2016/07/12,25.77,26.55,25.46,26.55,14198933,372987584.00
2016/07/13,26.55,26.93,26.37,26.62,16415241,441571552.00
2016/07/14,26.66,29.16,26.36,28.74,26131949,731738176.00
2016/07/15,28.27,28.51,27.78,28.22,15596371,441770432.00
2016/07/18,28.06,28.51,27.47,28.32,13973540,394921504.00
2016/07/19,28.16,28.43,27.76,28.24,10524462,298685536.00
2016/07/20,28.31,28.35,27.77,27.96,8523366,241252656.00
2016/07/21,28.16,28.33,27.80,27.96,10152596,286925888.00
2016/07/22,27.84,27.94,27.15,27.35,9224207,256099952.00
2016/07/25,27.25,27.71,26.85,27.06,7341019,201044672.00
2016/07/26,27.36,27.69,27.13,27.63,6839346,189320256.00
2016/07/27,27.71,27.71,24.84,24.86,19697239,513680128.00
2016/07/28,24.92,25.06,23.66,24.19,14620362,357869632.00
2016/07/29,24.18,24.56,23.97,24.20,6188724,151571456.00
2016/08/01,24.06,24.23,23.46,23.87,5697886,137050128.00
2016/08/02,23.93,24.45,23.93,24.21,4916373,120250520.00
2016/08/03,24.16,24.31,23.98,24.05,3936594,95892064.00
2016/08/04,24.10,24.42,23.89,24.27,4852692,118481232.00
2016/08/05,24.23,24.37,23.94,23.94,5123617,124798376.00
2016/08/08,24.02,24.13,23.64,24.10,5455180,131697176.00
2016/08/09,24.07,24.65,23.99,24.61,6970818,171674368.00
2016/08/10,24.61,24.65,24.26,24.34,5651209,139694240.00
2016/08/11,24.35,24.53,24.06,24.14,4181799,102682560.00
2016/08/12,24.04,24.47,23.76,24.37,5493654,133565648.00
2016/08/15,24.46,25.46,24.24,25.38,9016733,228100240.00
2016/08/16,25.31,25.44,25.13,25.24,5999144,153123840.00
2016/08/17,25.25,25.33,24.86,25.16,6051007,153308800.00
2016/08/18,25.06,25.59,24.94,25.36,6334656,161443824.00
2016/08/19,25.31,25.46,24.91,24.93,6607684,167690528.00
2016/08/22,25.05,25.23,24.43,24.64,4992513,124725248.00
2016/08/23,24.55,24.73,24.10,24.49,5517132,136229536.00
2016/08/24,24.44,24.59,24.21,24.41,5180437,127678944.00
2016/08/25,24.26,24.26,23.91,24.13,5165063,125438776.00
2016/08/26,24.21,24.55,24.18,24.24,4517642,111106752.00
2016/08/29,24.21,24.51,24.14,24.28,2780919,68350536.00
2016/08/30,24.38,24.50,24.19,24.25,3538234,86915824.00
2016/08/31,24.25,24.85,24.00,24.62,4947102,121900528.00
2016/09/01,24.59,24.66,24.36,24.36,3663298,90650144.00
2016/09/02,24.01,25.00,24.01,24.54,5038370,124826232.00
2016/09/05,24.75,24.77,24.37,24.38,3153245,78243928.00
2016/09/06,24.41,25.02,24.10,25.01,7506633,187108320.00
2016/09/07,24.91,25.14,24.68,24.74,5483132,138155648.00
2016/09/08,24.73,25.21,24.73,24.89,4208253,105897976.00
2016/09/09,24.90,24.94,24.41,24.49,4671912,116332048.00
2016/09/12,23.96,24.20,23.78,23.91,5102949,123584080.00
2016/09/13,24.01,24.16,23.96,24.05,2561097,62136084.00
2016/09/14,23.96,24.25,23.67,24.13,2957353,71674632.00
2016/09/19,23.91,24.59,23.91,24.38,2825199,69503064.00
2016/09/20,24.33,24.41,24.16,24.25,2454448,60145228.00
2016/09/21,24.27,24.43,24.12,24.25,2203513,54022040.00
2016/09/22,24.48,24.50,24.06,24.16,2711475,66514080.00
2016/09/23,24.23,24.30,23.90,23.97,2844368,69091448.00
2016/09/26,24.01,24.24,23.66,23.76,3824496,92568296.00
2016/09/27,23.66,24.30,23.66,24.27,3803523,92500400.00
2016/09/28,24.36,24.40,23.97,24.37,3201552,78219920.00
2016/09/29,24.40,24.49,24.06,24.21,2618005,64244360.00
2016/09/30,24.21,24.28,24.12,24.18,1461924,35748216.00
2016/10/10,24.36,24.91,24.32,24.73,5453757,135745984.00
2016/10/11,24.67,24.80,24.44,24.56,4057153,100627512.00
2016/10/12,24.44,24.68,24.39,24.52,3047728,75516864.00
2016/10/13,24.61,24.70,24.36,24.70,3601352,89192968.00
2016/10/14,24.68,24.73,24.39,24.58,2330645,57815472.00
2016/10/17,24.52,24.64,24.11,24.20,3190003,78611768.00
2016/10/18,24.14,24.56,24.14,24.50,3269767,80458376.00
2016/10/19,24.53,24.62,24.18,24.27,3125319,76909312.00
2016/10/20,24.29,26.25,24.29,25.45,11405912,290663200.00
2016/10/21,25.38,25.38,24.65,24.97,6661659,167981344.00
2016/10/24,24.92,25.71,24.84,25.50,7559462,193422176.00
2016/10/25,25.46,25.72,25.24,25.44,5698850,145889600.00
2016/10/26,25.41,25.50,24.89,25.04,4811555,121862304.00
2016/10/27,25.06,25.15,24.76,24.94,3726924,93792624.00
2016/10/28,24.92,25.06,24.50,24.51,5487002,137004000.00
2016/10/31,24.59,24.74,24.37,24.67,2597547,64388972.00
2016/11/01,24.67,24.84,24.52,24.75,3825952,95341272.00
2016/11/02,24.59,25.14,24.59,24.96,6693744,168582624.00
2016/11/03,24.94,25.28,24.77,25.14,5500217,139341904.00
2016/11/04,25.21,25.24,24.88,25.02,3743921,94603336.00
2016/11/07,24.96,25.09,24.66,24.78,3299704,82793296.00
2016/11/08,24.86,25.32,24.86,25.26,4813836,122127896.00
2016/11/09,25.35,25.36,24.62,25.06,4801840,120791816.00
2016/11/10,25.18,25.46,25.01,25.26,5504793,140198224.00
2016/11/11,25.15,25.26,24.81,24.97,5224236,131790792.00
2016/11/14,24.96,25.93,24.96,25.86,10931574,281764128.00
2016/11/15,25.91,26.02,25.48,25.90,7213041,187185488.00
2016/11/16,25.82,26.16,25.61,25.93,6692682,174864000.00
2016/11/17,25.80,25.80,25.37,25.41,3925089,101076472.00
2016/11/18,25.45,25.74,25.29,25.32,2427902,62482408.00
2016/11/21,25.27,25.65,25.22,25.51,3916363,100440144.00
2016/11/22,25.46,25.65,25.29,25.62,4261818,109436600.00
2016/11/23,25.53,25.65,25.11,25.15,4770547,121981312.00
2016/11/24,25.18,25.31,24.91,25.16,4319310,109501704.00
2016/11/25,25.16,25.35,24.64,25.31,4134959,104505728.00
2016/11/28,25.50,25.54,25.13,25.14,2945371,75134888.00
2016/11/29,25.07,25.25,24.89,25.16,3139865,79577664.00
2016/11/30,25.12,25.60,24.92,25.41,3955578,101095048.00
2016/12/01,25.47,25.61,25.26,25.34,2664073,68308152.00
2016/12/02,25.17,25.30,24.74,24.87,4122641,103951864.00
2016/12/05,24.56,25.24,24.37,25.05,4383188,110938496.00
2016/12/06,25.05,26.12,25.05,25.62,8901396,231084320.00
2016/12/07,25.54,26.13,25.46,26.07,7533703,196431952.00
2016/12/08,26.15,26.21,25.68,25.78,5040003,131487152.00
2016/12/09,25.71,25.95,25.41,25.62,4894590,126507176.00
2016/12/12,25.56,25.56,23.14,23.62,9251545,227440656.00
2016/12/13,23.20,23.72,22.98,23.36,4792806,113020072.00
2016/12/14,23.22,23.42,22.99,23.36,3041657,71390848.00
2016/12/15,23.34,23.86,23.26,23.45,2903172,69065032.00
2016/12/16,23.45,23.96,23.31,23.63,2248058,53731956.00
2016/12/19,23.53,23.66,23.18,23.28,1967269,46318788.00
2016/12/20,23.45,23.54,23.24,23.32,1925736,45427600.00
2016/12/21,23.36,23.71,23.32,23.61,2556025,60829152.00
2016/12/22,23.51,24.26,23.51,24.12,3495282,84929320.00
2016/12/23,23.96,24.73,23.84,24.40,3909180,96488512.00
2016/12/26,23.81,24.69,23.36,24.67,3670134,88860712.00
2016/12/27,24.49,24.55,24.19,24.46,2019474,49680448.00
2016/12/28,24.44,24.49,24.09,24.45,1630293,40007520.00
2016/12/29,24.36,24.45,24.09,24.45,1879444,46104748.00
2016/12/30,24.44,24.47,24.11,24.13,1225947,30048648.00
2017/01/03,24.06,24.24,23.76,23.91,1998953,48258828.00
2017/01/04,23.90,24.04,23.68,23.97,1928882,46533120.00
2017/01/05,24.06,24.08,23.78,23.85,1954610,47150740.00
2017/01/06,23.82,23.91,23.49,23.56,2035519,48682792.00
2017/01/09,23.51,23.57,23.27,23.56,3234199,76494672.00
2017/01/10,23.55,23.55,23.32,23.32,1462742,34599828.00
2017/01/11,23.32,23.56,23.27,23.29,1498833,35393568.00
2017/01/12,23.34,23.72,23.31,23.34,2093348,49720488.00
2017/01/13,23.52,23.52,22.76,22.80,2103567,49130308.00
2017/01/16,22.81,22.90,20.51,22.35,4627936,102673488.00
2017/01/17,22.16,22.96,21.36,22.94,2623020,59035832.00
2017/01/18,22.85,22.85,22.37,22.62,1734603,39502680.00
2017/01/19,22.51,22.69,22.18,22.56,1485382,33547650.00
2017/01/20,22.42,22.79,22.28,22.63,1877395,42949832.00
2017/01/23,22.62,22.84,22.48,22.61,1378660,31566484.00
2017/01/24,22.61,22.61,22.15,22.15,1466438,33026868.00
2017/01/25,22.15,22.22,21.98,22.00,1173771,26185440.00
2017/01/26,22.12,22.15,21.96,22.13,1080435,24093352.00
2017/02/03,22.13,22.13,21.77,21.79,1776038,39299840.00
2017/02/06,21.79,22.04,21.79,21.97,1488664,33024508.00
2017/02/07,21.99,22.03,21.82,21.89,1415475,31300094.00
2017/02/08,21.94,22.21,21.86,22.16,1717069,38286212.00
2017/02/09,22.16,22.48,22.06,22.44,2548065,57639716.00
2017/02/10,22.44,22.45,22.21,22.24,1510569,34040300.00
2017/02/13,22.31,22.44,22.08,22.37,1795206,40498904.00
2017/02/14,22.37,22.40,22.21,22.28,1305055,29381422.00
2017/02/15,22.22,22.40,21.82,21.87,1710330,38328572.00
2017/02/16,22.01,22.35,21.95,22.09,1795266,40300928.00
2017/02/17,22.39,23.45,22.11,23.01,6143204,141844416.00
2017/02/20,22.96,24.11,22.57,23.76,6315525,149364304.00
2017/02/21,23.52,24.06,23.50,23.60,3961741,94831576.00
2017/02/22,23.50,23.86,23.25,23.75,3269590,77622744.00
2017/02/23,23.65,23.66,23.18,23.32,2071479,48930828.00
2017/02/24,23.36,23.50,23.15,23.32,1338161,31591652.00
2017/02/27,23.42,23.54,23.21,23.21,1915220,45298132.00
2017/02/28,23.19,23.84,23.13,23.45,2166402,51507412.00
2017/03/01,23.55,23.69,23.31,23.36,1745508,41381164.00
2017/03/02,23.38,23.52,22.96,22.96,2287119,53543408.00
2017/03/03,22.96,23.50,22.96,23.22,2127622,50110624.00
2017/03/06,23.35,23.72,23.22,23.54,1886331,44858916.00
2017/03/07,23.46,23.65,23.29,23.44,1880739,44497324.00
2017/03/08,23.34,23.59,23.26,23.27,1464163,34599072.00
2017/03/09,23.33,23.33,22.86,22.91,1814065,42305164.00
2017/03/10,22.78,23.02,22.76,22.80,1286726,29736910.00
2017/03/13,23.00,23.00,22.64,22.81,2303506,52935028.00
2017/03/14,22.81,22.94,22.75,22.80,1400982,32344748.00
2017/03/15,22.80,22.91,22.66,22.81,1136737,26220206.00
2017/03/16,22.76,22.96,22.76,22.86,1910801,44192808.00
2017/03/17,22.92,22.96,22.48,22.48,2851034,65632444.00
2017/03/20,22.48,22.76,22.24,22.71,2130400,48438004.00
2017/03/21,22.63,22.71,22.34,22.43,1933396,43865120.00
2017/03/22,22.31,22.74,22.06,22.59,2398300,54402340.00
2017/03/23,22.59,22.73,22.48,22.68,2028169,46406568.00
2017/03/24,22.68,22.70,22.26,22.44,2647550,59889660.00
2017/03/27,22.35,22.36,22.25,22.29,1837947,41439104.00
2017/03/28,22.12,22.26,22.02,22.06,1992186,44515544.00
2017/03/29,22.04,22.25,21.90,22.04,1334844,29769892.00
2017/03/30,22.01,22.11,21.66,21.86,2301356,50825608.00
2017/03/31,21.90,21.98,21.14,21.35,2724559,59162932.00
2017/04/05,21.42,21.73,21.36,21.67,2237059,48889296.00
2017/04/06,21.78,21.87,21.56,21.79,1636334,35938260.00
2017/04/07,21.83,21.83,21.46,21.63,1593026,34781800.00
2017/04/10,21.66,21.78,21.27,21.33,1929115,41747916.00
2017/04/11,21.44,21.71,21.30,21.68,1872573,40745916.00
2017/04/12,21.55,22.12,21.44,21.89,2835755,62683620.00
2017/04/13,21.86,22.02,21.66,22.00,2442945,53978648.00
2017/04/14,21.94,22.26,21.32,22.23,3203538,70374208.00
2017/04/17,22.04,22.04,21.43,21.46,2184216,47763760.00
2017/04/18,21.46,21.62,21.26,21.41,2182648,47205748.00
2017/04/19,21.31,21.39,20.82,21.00,2505744,53279720.00
2017/04/20,21.56,21.56,20.86,20.97,1829334,38883820.00
2017/04/21,20.97,21.19,20.82,20.85,1448864,30666908.00
2017/04/24,20.85,20.97,20.35,20.86,2143788,44635112.00
2017/04/25,20.68,20.91,20.68,20.76,1237111,26026838.00
2017/04/26,20.76,20.83,20.53,20.53,1779253,37145784.00
2017/04/27,20.53,20.95,20.26,20.79,2173138,45175304.00
2017/04/28,20.77,21.09,20.75,21.01,1267891,26823490.00
2017/05/02,20.95,21.05,20.79,21.01,1301984,27507570.00
2017/05/03,20.96,21.51,20.84,21.31,2229285,47936920.00
2017/05/04,21.21,21.57,21.11,21.45,2115007,45881776.00
2017/05/05,21.26,21.75,21.25,21.25,1435346,31177616.00
2017/05/08,21.24,21.26,20.66,21.16,1638736,34743756.00
2017/05/09,20.90,21.24,20.63,21.24,1267009,26756462.00
2017/05/10,21.16,21.53,21.01,21.10,1355883,29077178.00
2017/05/11,21.08,21.11,20.26,21.08,2518145,52697140.00
2017/05/12,21.01,21.42,20.70,21.17,1647022,35024744.00
2017/05/15,21.32,21.48,21.18,21.40,1198898,25848020.00
2017/05/16,21.37,21.48,20.99,21.44,2421242,51915172.00
2017/05/17,21.26,21.54,21.16,21.33,2114121,45728984.00
2017/05/18,21.16,21.22,20.97,20.99,1597641,34052332.00
2017/05/19,20.99,21.12,20.66,20.73,1945407,40875092.00
2017/05/22,20.76,20.79,20.36,20.55,1317677,27418012.00
2017/05/23,20.49,20.49,19.86,20.39,2261432,46263304.00
2017/05/24,20.25,20.62,19.93,20.55,1577767,32423462.00
2017/05/25,20.55,20.97,20.29,20.74,1614471,33709380.00
2017/05/26,20.76,20.86,20.56,20.56,864780,18082162.00
2017/05/31,20.69,20.86,20.16,20.38,2018369,41782644.00
2017/06/01,20.35,20.38,19.92,20.37,2751822,56185748.00
2017/06/02,20.09,20.54,20.08,20.39,1643146,33727764.00
2017/06/05,20.43,20.51,20.16,20.18,2215280,45484936.00
2017/06/06,20.22,20.33,20.10,20.23,1022425,20869696.00
2017/06/07,20.13,20.72,20.13,20.55,2398912,49621328.00
2017/06/08,20.56,20.64,20.39,20.40,1558385,32210880.00
2017/06/09,20.33,20.46,20.21,20.29,1186978,24330188.00
2017/06/12,20.27,20.32,19.95,20.18,1652253,33540602.00
2017/06/13,20.02,20.55,20.02,20.44,1686726,34662716.00
2017/06/14,20.36,20.44,20.25,20.41,1872133,38419532.00
2017/06/15,20.35,20.70,20.30,20.53,3156684,65443308.00
2017/06/16,20.52,20.65,20.42,20.43,1577593,32671782.00
2017/06/19,20.43,20.84,20.41,20.72,2295599,47925124.00
2017/06/20,20.73,21.12,20.61,20.61,2462437,51921544.00
2017/06/21,20.92,21.06,20.40,20.50,2534885,52929392.00
2017/06/22,20.48,22.57,20.46,22.57,18205351,412076096.00
2017/06/23,22.70,23.35,21.87,22.96,23512510,535270368.00
2017/06/26,22.60,23.68,22.45,22.94,17152825,398597568.00
2017/06/27,22.91,23.14,22.41,22.53,12626501,288880864.00
2017/06/28,22.60,22.76,22.20,22.52,8590821,194866800.00
2017/06/29,22.48,23.13,22.43,22.75,12082339,277854848.00
2017/06/30,22.50,22.90,22.24,22.53,7643813,173533328.00
2017/07/03,22.44,22.95,22.32,22.81,7606008,174170656.00
2017/07/04,22.72,23.08,22.52,23.00,9241788,212844720.00
2017/07/05,23.01,23.15,22.51,22.82,7880276,181123872.00
2017/07/06,22.70,23.05,22.20,22.56,8648404,197223072.00
2017/07/07,22.35,22.63,22.12,22.18,7278750,164144608.00
2017/07/10,22.28,22.80,22.18,22.48,7580646,172448304.00
2017/07/11,22.48,22.74,21.93,21.97,7355771,165749504.00
2017/07/12,21.70,21.90,21.16,21.60,6437653,139622288.00
2017/07/13,21.61,22.20,21.23,21.87,6276184,137031456.00
2017/07/14,22.20,23.07,22.11,22.29,11329061,257959264.00
2017/07/17,21.56,22.27,20.04,21.97,12673034,271357984.00
2017/07/18,21.50,22.20,21.46,22.10,5704023,126009872.00
2017/07/19,22.10,22.25,21.60,22.08,5427852,120269976.00
2017/07/20,22.08,22.28,21.65,21.92,5298719,117607928.00
2017/07/21,22.09,22.09,21.40,21.86,5243219,114817576.00
2017/07/24,21.73,21.80,21.45,21.59,3238458,70564488.00
2017/07/25,21.60,21.74,21.01,21.70,5019204,108495016.00
2017/07/26,21.64,21.74,21.42,21.43,1895126,41273156.00
2017/07/27,21.31,22.72,20.88,22.62,9727455,216133840.00
2017/07/28,22.39,22.62,22.05,22.05,4480640,100958144.00
2017/07/31,21.82,22.26,21.82,22.04,3092106,68906832.00
2017/08/01,21.92,22.47,21.85,22.23,3643557,81415856.00
2017/08/02,22.24,22.49,21.80,21.80,3596513,80270800.00
2017/08/03,21.70,22.30,21.53,21.89,3852205,85691040.00
2017/08/04,21.90,22.31,21.75,22.03,3984256,88803944.00
2017/08/07,22.04,22.80,21.85,22.30,6754231,152465456.00
2017/08/08,22.39,22.90,22.17,22.84,7881139,179513520.00
2017/08/09,22.68,23.08,22.46,22.51,5812069,133237504.00
2017/08/10,22.52,23.19,22.46,23.04,9314478,215216176.00
2017/08/11,22.82,23.42,22.71,22.79,8375291,195001472.00
2017/08/14,22.98,23.37,22.50,23.24,8257331,192497344.00
2017/08/15,23.20,23.35,22.70,22.73,5649846,130757472.00
2017/08/16,22.62,23.36,22.62,23.34,6886394,160391792.00
2017/08/17,23.18,24.57,22.90,23.81,14983853,358588800.00
2017/08/18,23.58,24.50,23.16,23.24,11752942,282391904.00
2017/08/21,23.42,23.58,22.86,23.35,7867124,184058144.00
2017/08/22,23.30,23.50,23.01,23.06,5424108,126897064.00
2017/08/23,23.01,23.19,22.70,22.70,4085066,94273520.00
2017/08/24,22.61,22.90,21.90,21.93,6516544,146854976.00
2017/08/25,21.93,22.54,21.86,22.26,4555616,102302032.00
2017/08/28,22.35,22.88,22.30,22.59,4595049,105159928.00
2017/08/29,22.61,23.12,22.30,22.35,3865783,88404336.00
2017/08/30,22.35,23.09,22.35,22.69,4561181,105032320.00
2017/08/31,22.70,23.00,22.65,22.79,2917797,67056936.00
2017/09/01,22.73,24.56,22.70,23.80,15695642,376259040.00
2017/09/04,23.68,24.22,23.60,23.82,9907562,238159264.00
2017/09/05,23.82,24.15,23.60,23.73,5506852,132092512.00
2017/09/06,23.72,23.83,23.28,23.60,5017016,118991688.00
2017/09/07,23.58,23.93,23.31,23.32,6449507,153518288.00
2017/09/08,23.41,23.98,23.25,23.98,8754333,208991936.00
2017/09/11,24.29,25.01,23.78,24.67,19092380,473188640.00
2017/09/12,24.69,24.94,24.15,24.26,12445317,307162912.00
2017/09/13,24.08,25.08,23.95,24.91,10810793,268173584.00
2017/09/14,24.90,25.05,24.50,24.77,10422141,260494496.00
2017/09/15,24.65,24.79,24.14,24.16,6715608,164883936.00
2017/09/18,23.96,24.24,23.70,24.00,4238840,102632656.00
2017/09/19,24.11,24.38,23.62,23.66,5697599,137762832.00
2017/09/20,23.51,23.99,23.51,23.88,4651715,111596368.00
2017/09/21,23.72,24.12,23.72,23.79,3739686,90190760.00
2017/09/22,23.80,23.99,23.52,23.98,4209076,101084016.00
2017/09/25,23.86,24.32,23.60,23.64,4424115,107216960.00
2017/09/26,23.60,23.73,23.02,23.21,3638167,85361768.00
2017/09/27,23.10,23.59,23.08,23.40,3427368,80554024.00
2017/09/28,23.47,23.47,23.14,23.17,2321200,54522008.00
2017/09/29,23.24,23.56,23.15,23.32,2433970,57293012.00
2017/10/09,23.60,24.16,23.55,24.03,5027700,121458568.00
2017/10/10,24.04,24.36,23.89,24.19,4129465,100442712.00
2017/10/11,24.29,24.40,23.96,24.10,4289794,104563744.00
2017/10/12,24.11,24.32,23.62,23.84,5190100,126077472.00
2017/10/13,23.80,24.03,23.60,23.91,2591307,62392496.00
2017/10/16,23.95,24.18,23.15,23.15,5236387,124998120.00
2017/10/17,23.24,23.49,23.00,23.26,3278589,76933248.00
2017/10/18,23.30,23.94,23.26,23.70,5134626,122903632.00
2017/11/02,25.80,26.07,24.48,25.15,26221512,663116736.00
2017/11/03,25.59,26.09,24.53,24.98,18047144,460510880.00
2017/11/06,24.95,24.95,23.50,23.95,10500997,254169344.00
2017/11/07,23.66,26.19,23.52,25.79,16512261,417458400.00
2017/11/08,25.59,25.80,25.20,25.26,14087765,360679520.00
2017/11/09,25.10,25.45,24.45,25.35,7264110,183233408.00
2017/11/10,25.31,26.15,24.81,25.59,15837722,409990560.00
2017/11/13,25.67,27.39,25.50,27.02,21886344,581021120.00
2017/11/14,26.94,27.19,26.57,26.95,16040864,433929696.00
2017/11/15,26.80,28.05,26.50,26.84,15733688,432494592.00
2017/11/16,26.92,27.30,26.00,26.18,10440498,280502912.00
2017/11/17,26.10,26.45,25.08,25.50,13905198,357994688.00
2017/11/20,25.15,26.39,25.12,26.34,10120639,263239808.00
2017/11/21,26.41,27.13,26.25,26.49,11499118,308682144.00
2017/11/22,26.49,27.87,26.43,27.60,15067219,413791680.00
2017/11/23,27.43,28.80,27.20,27.63,18031519,511692192.00
2017/11/24,27.63,29.80,27.62,29.19,20279502,594433728.00
2017/11/27,28.80,29.22,26.93,27.60,14442980,410974656.00
2017/11/28,27.78,30.30,27.24,29.95,16753858,490932064.00
2017/11/29,29.68,29.94,28.92,29.58,14762697,436482944.00
2017/11/30,29.58,29.58,28.00,28.20,14544753,417222400.00
2017/12/01,28.21,29.38,28.21,28.42,11020195,318584544.00
2017/12/04,28.45,28.48,27.34,27.87,8571887,240568464.00
2017/12/05,27.88,28.20,25.69,26.15,15037234,403286752.00
2017/12/06,25.82,26.62,25.61,26.52,8222069,216813008.00
2017/12/07,26.52,26.83,26.11,26.54,5338955,142396960.00
2017/12/08,26.26,27.56,26.20,26.90,8913191,242722736.00
2017/12/11,27.27,29.61,27.25,29.61,22465526,654740800.00
2017/12/12,30.20,30.34,29.22,29.39,18361541,548481856.00
2017/12/13,29.46,30.08,28.85,29.40,12916790,382248896.00
2017/12/14,29.37,31.24,29.18,29.63,28462753,861017536.00
2017/12/15,29.79,30.02,28.90,29.66,16187867,481737408.00
2017/12/18,28.80,29.00,27.33,27.92,15384513,433708128.00
2017/12/19,27.82,29.30,27.64,29.20,13774881,397284064.00
2017/12/20,28.91,29.12,28.35,28.58,7552084,218377376.00
2017/12/21,28.58,29.50,28.43,28.89,10280636,300413152.00
2017/12/22,28.72,29.11,27.96,28.22,8420313,241608224.00
2017/12/25,28.09,28.29,27.11,27.50,8774743,243227584.00
2017/12/26,27.46,28.07,27.33,28.06,5719009,160243232.00
2017/12/27,28.22,28.27,26.99,27.10,8157387,224652864.00
2017/12/28,27.02,27.44,26.46,26.85,5782226,156890704.00
2017/12/29,26.90,27.31,26.35,26.46,8378240,225528736.00
2018/01/02,26.62,27.17,26.32,27.16,7264008,195606416.00
2018/01/03,27.00,27.52,26.99,27.34,7991213,219228688.00
2018/01/04,27.20,27.33,26.66,26.75,8089024,218878768.00
2018/01/05,26.85,27.28,26.70,26.80,6976876,189366704.00
2018/01/08,26.63,26.82,25.19,25.53,10810185,279295424.00
2018/01/09,25.35,25.74,24.93,25.69,6761908,172840384.00
2018/01/10,25.54,26.60,25.22,26.40,9319766,244417840.00
2018/01/11,26.08,27.30,25.50,27.02,10546081,280954528.00
2018/01/12,26.79,27.04,26.55,26.70,5984768,161458656.00
2018/01/15,26.41,26.65,25.48,25.65,7445948,193464288.00
2018/01/16,25.41,25.87,24.82,25.00,6917719,175779504.00
2018/01/17,24.80,25.65,23.60,25.22,9540044,237050192.00
2018/01/18,24.85,25.36,24.58,24.59,3602942,90493688.00
2018/01/19,24.33,24.70,23.86,23.95,7817614,190399552.00
2018/01/22,23.70,25.12,23.70,24.92,7209111,179125008.00
2018/01/23,25.03,25.18,24.60,24.74,4067620,101919336.00
2018/01/24,24.89,27.10,24.30,27.09,11989491,312374080.00
2018/01/25,27.19,27.98,26.45,26.46,9496004,259644592.00
2018/01/26,26.50,27.07,26.31,26.39,4883699,130814952.00
2018/01/29,26.32,26.60,25.19,25.25,6722803,173792992.00
2018/01/30,25.38,25.71,25.15,25.26,3448296,88310152.00
2018/01/31,25.40,25.40,24.45,25.12,3704426,92953192.00
2018/02/01,25.05,25.20,23.82,25.00,4271433,106629392.00
2018/02/02,24.82,26.27,24.60,25.61,6541875,169546800.00
2018/02/05,25.18,25.60,24.80,25.23,2742974,69672296.00
2018/02/06,24.60,24.98,23.69,24.47,4785762,117826048.00
2018/02/07,24.79,25.40,23.92,25.02,5350837,134511344.00
2018/02/08,24.80,27.50,24.80,26.26,11039146,292710464.00
2018/02/09,25.25,26.46,24.84,25.60,7937010,205664272.00
2018/02/12,25.84,27.17,25.63,26.72,11352421,301807008.00
2018/02/13,26.65,27.30,26.33,26.88,8960403,241811136.00
2018/02/14,26.85,26.86,26.08,26.39,5408906,144175936.00
2018/02/22,26.41,27.16,26.16,27.16,7412527,200637344.00
2018/02/23,26.95,27.40,26.83,27.20,7934925,216786016.00
2018/02/26,27.51,27.95,26.94,27.45,11221015,311199808.00
2018/02/27,27.60,28.80,27.30,27.80,14508918,411438976.00
2018/02/28,27.53,28.46,27.02,28.20,12715460,357374208.00
2018/03/01,27.99,29.69,27.83,29.52,20662206,602088320.00
2018/03/02,29.44,29.46,28.30,28.30,13902363,403733856.00
2018/03/05,28.35,28.90,27.77,28.45,11188333,318826784.00
2018/03/06,28.40,28.69,27.90,27.95,10991829,312451296.00
2018/03/07,27.95,29.19,27.71,28.71,14402614,415293696.00
2018/03/08,28.71,29.05,27.88,28.14,11748704,336119392.00
2018/03/09,28.08,29.52,27.77,29.18,17409050,505048352.00
2018/03/12,29.60,29.76,28.62,29.27,18855072,554969536.00
2018/03/13,28.95,29.27,28.30,28.35,10988454,317101376.00
2018/03/14,28.24,28.44,27.70,27.76,8562066,242084704.00
2018/03/15,27.41,27.72,26.95,27.37,9290823,255306272.00
2018/03/16,27.81,28.30,27.31,27.46,11297978,316873472.00
2018/03/19,27.24,27.82,26.80,27.26,7195236,197976656.00
2018/03/20,26.80,27.10,26.23,26.85,9529259,255978976.00
2018/03/21,26.80,27.38,25.74,25.93,12011863,323215040.00
2018/03/22,25.80,26.28,25.57,25.85,8880391,232022384.00
2018/03/23,24.69,25.10,23.25,23.25,16180562,393015616.00
2018/03/26,22.66,23.60,21.81,23.51,10484894,241312352.00
2018/03/27,23.92,24.95,23.71,24.40,13584699,333493952.00
2018/03/28,24.18,25.95,23.91,25.20,16322837,416359808.00
2018/03/29,25.27,25.88,24.81,25.20,8635445,220470512.00
2018/03/30,25.24,27.01,25.20,26.63,14891994,392225696.00
2018/04/02,26.69,28.98,26.69,28.00,21550836,612110336.00
2018/04/03,27.19,27.78,26.51,27.37,13539822,369285728.00
2018/04/04,27.38,27.46,26.06,26.07,10036462,270685824.00
2018/04/09,25.86,28.58,25.86,28.05,15200972,418142784.00
2018/04/10,27.61,28.00,26.78,27.66,10475249,288805440.00
2018/04/11,27.66,28.19,27.33,27.57,8983074,251814832.00
2018/04/12,27.43,27.81,26.90,27.10,6927976,190729136.00
2018/04/13,27.50,28.14,27.20,27.50,10425701,291404256.00
2018/04/16,27.37,28.77,27.33,28.46,15640825,443432160.00
2018/04/17,28.60,28.69,26.65,26.82,11465199,317868512.00
2018/04/18,26.90,28.28,26.20,28.16,11788097,325945760.00
2018/04/19,28.10,28.10,26.89,27.11,10255323,284776544.00
2018/04/20,26.95,26.95,24.60,25.07,14846251,383305376.00
2018/04/23,25.07,25.54,24.27,24.73,9401740,234308416.00
2018/04/24,24.79,25.76,24.53,25.65,7856684,200090144.00
2018/04/25,25.25,25.98,25.15,25.55,6776001,174107312.00
2018/04/26,25.59,25.90,24.80,24.81,6170610,157884864.00
2018/04/27,25.02,25.25,24.46,24.69,5498522,137350272.00
2018/05/02,24.85,25.10,23.70,24.29,7753833,190074992.00
2018/05/03,24.18,25.38,23.71,25.15,6964540,172781728.00
2018/05/04,24.92,25.37,24.80,24.98,5161624,130533560.00
2018/05/07,25.10,25.79,24.95,25.79,6442432,165597424.00
2018/05/08,25.79,25.79,25.15,25.39,7410063,189528848.00
2018/05/09,25.38,25.48,24.43,24.87,7474865,187649904.00
2018/05/10,24.70,25.25,24.56,24.96,5803899,145805792.00
2018/05/11,25.01,25.08,24.31,24.31,4716357,117304392.00
2018/05/14,24.21,24.57,23.73,23.76,7343429,177787152.00
2018/05/15,23.95,25.57,23.89,25.43,12605145,314964576.00
2018/05/16,25.40,27.65,25.20,26.61,24690638,659586304.00
2018/05/17,26.95,27.45,26.56,27.11,15378562,418439744.00
2018/05/18,27.03,27.40,26.63,27.18,9045266,246095280.00
2018/05/21,27.40,29.18,27.24,28.54,19989519,571113920.00
2018/05/22,28.57,30.27,28.37,29.66,22114722,658711552.00
2018/05/23,29.48,29.95,29.02,29.67,13363642,397187456.00
2018/05/24,29.40,32.10,29.18,30.91,22091731,688589696.00
2018/05/25,31.02,31.14,30.21,30.73,11376035,351638944.00
2018/05/28,30.72,31.27,29.86,31.10,18331348,568956160.00
2018/05/29,31.20,31.20,28.91,29.15,20412628,614680128.00
2018/05/30,28.99,29.79,28.25,29.10,18481148,538305344.00
2018/05/31,29.30,29.75,28.31,29.68,19267919,564963968.00
2018/06/01,29.26,29.28,27.67,28.11,14251796,405925280.00
2018/06/04,28.45,30.79,28.22,30.40,22497274,667568192.00
2018/06/05,30.45,31.06,29.75,31.05,15814296,479608224.00
2018/06/06,30.87,31.56,30.25,30.49,14007600,432486816.00
2018/06/07,30.60,32.00,29.00,29.75,17108710,522540096.00
2018/06/08,29.52,30.15,29.40,29.86,9869277,295173472.00
2018/06/11,29.42,30.15,29.20,29.41,9090660,270379840.00
2018/06/12,29.38,29.58,27.91,28.71,12829179,366986784.00
2018/06/13,28.69,29.18,27.66,27.70,11086405,314960704.00
2018/06/14,27.60,28.35,27.31,28.08,10420622,291303104.00
2018/06/15,28.00,28.10,26.68,27.20,9832746,269277152.00
2018/06/19,26.40,27.40,24.70,25.81,12276694,321289888.00
2018/06/20,25.78,27.34,25.48,26.85,9530073,253688304.00
2018/06/21,27.02,27.08,25.67,26.12,9517065,251883024.00
2018/06/22,25.79,27.56,25.46,27.27,9646085,260802256.00
2018/06/25,27.30,27.76,26.91,27.36,8078078,221657536.00
2018/06/26,26.87,28.51,26.53,28.28,10662116,298905120.00
2018/06/27,28.19,28.58,27.29,27.40,9655012,270116960.00
2018/06/28,27.25,28.16,26.91,27.03,8171354,226181072.00
2018/06/29,26.80,29.10,26.60,28.90,14802719,416222592.00
2018/07/02,28.90,29.08,27.76,28.40,11166508,319817792.00
2018/07/03,28.46,30.19,28.20,29.80,15319621,448931168.00
2018/07/04,29.48,29.55,28.66,29.35,12401097,361833856.00
2018/07/05,29.15,29.41,28.18,28.23,9923462,285173216.00
2018/07/06,28.35,29.65,27.87,28.77,13633413,394242400.00
2018/07/09,28.69,29.55,28.59,29.11,11118812,324412704.00
2018/07/10,29.12,29.29,28.11,28.95,9854502,283559136.00
2018/07/11,28.29,28.39,26.86,28.00,11372827,316117024.00
2018/07/12,28.01,29.46,27.88,28.93,13930945,403886560.00
2018/07/13,29.00,29.23,28.51,28.56,7093122,204893008.00
2018/07/16,28.85,30.12,28.70,29.81,13383985,398209600.00
2018/07/17,29.60,31.50,29.51,31.32,20439628,630317440.00
2018/07/18,31.10,34.39,30.79,33.66,22193651,727359552.00
2018/07/19,32.94,33.88,32.68,33.45,11596385,386197344.00
2018/07/20,33.20,34.77,32.46,32.90,19242907,647660416.00
2018/07/23,33.25,35.82,32.60,35.80,21336245,732135872.00
2018/07/24,35.60,35.60,34.50,34.92,15141644,531873600.00
2018/07/25,34.60,35.59,34.31,34.59,11791122,411925216.00
2018/07/26,34.13,34.39,32.90,33.31,12768395,427968608.00
2018/07/27,33.10,33.84,32.68,33.05,8175016,272066080.00
2018/07/30,33.11,33.49,31.92,32.35,9995436,325402304.00
2018/07/31,32.75,33.05,32.05,32.57,8657024,282868352.00
2018/08/01,32.78,33.52,32.13,32.30,11539144,379229856.00
2018/08/02,31.95,32.05,30.23,31.23,11938340,371416160.00
2018/08/03,31.36,31.50,29.91,29.95,10138589,312523360.00
2018/08/06,30.42,30.65,29.70,30.06,10531928,319020864.00
2018/08/07,30.30,32.00,30.15,31.95,14200449,445052352.00
2018/08/08,31.55,32.09,31.24,31.40,8248062,260994192.00
2018/08/09,31.51,33.95,31.21,33.45,14892106,494340064.00
2018/08/10,33.30,33.95,33.23,33.70,9674639,325936256.00
2018/08/13,33.29,36.71,33.15,36.71,17687397,623676608.00
2018/08/14,36.18,36.66,35.44,36.29,12933033,466268736.00
2018/08/15,36.29,36.31,33.95,34.58,10859749,382325600.00
2018/08/16,34.20,35.30,33.41,33.90,10135975,348409024.00
2018/08/17,34.38,34.89,31.70,32.04,13284236,440477280.00
2018/08/20,32.44,34.19,31.88,33.75,13269983,437477056.00
2018/08/21,33.70,34.31,33.07,33.95,9689417,327579008.00
2018/08/22,34.07,34.28,33.26,33.98,8060567,273279616.00
2018/08/23,33.98,36.51,33.84,36.19,14505871,516557696.00
2018/08/24,35.77,36.45,35.35,35.60,8757871,314967360.00
2018/08/27,35.80,37.78,35.40,36.15,12293167,451647424.00
2018/08/28,36.30,37.43,36.03,37.28,11237845,413777408.00
2018/08/29,36.75,36.99,35.01,36.18,10603093,382005248.00
2018/08/30,35.50,37.02,35.34,35.93,9971956,363299488.00
2018/08/31,36.18,36.83,35.52,35.70,7027051,255146544.00
2018/09/03,35.30,37.95,33.88,37.73,11937596,429652480.00
2018/09/04,37.35,39.77,37.12,39.00,14281322,550403648.00
2018/09/05,38.90,39.23,37.90,38.00,9294308,358281056.00
2018/09/06,38.05,39.19,37.40,38.15,8589042,330359264.00
2018/09/07,38.00,38.88,34.48,34.88,19074554,693173824.00
2018/09/10,33.90,35.15,33.65,34.90,11246621,389768768.00
2018/09/11,34.86,35.54,34.23,35.22,9218147,324810944.00
2018/09/12,35.20,35.66,33.70,34.16,8475227,294580416.00
2018/09/13,34.80,35.70,33.23,34.90,13986172,483147968.00
2018/09/14,34.71,34.99,32.83,33.26,12552536,424052480.00
2018/09/17,32.66,33.25,31.78,32.77,7429148,243471760.00
2018/09/18,32.70,33.93,31.90,33.73,11053531,366074016.00
2018/09/19,33.40,34.90,33.08,34.01,10787407,368700128.00
2018/09/20,33.91,34.49,33.72,34.39,6583327,225748400.00
2018/09/21,34.39,34.75,33.80,34.52,7171334,247280080.00
2018/09/25,34.46,35.97,34.29,35.40,8664298,307647168.00
2018/09/26,35.20,35.82,34.92,35.49,6595938,233946112.00
2018/09/27,35.44,35.87,34.11,34.15,9010205,314915008.00
2018/09/28,34.13,34.53,32.90,33.66,8335343,281737024.00
2018/10/08,32.78,33.89,32.32,32.55,7344966,244020544.00
2018/10/09,32.75,33.37,30.60,31.35,11368010,360748128.00
2018/10/10,31.36,32.00,30.83,31.96,7026693,222135232.00
2018/10/11,30.65,31.08,28.75,28.75,11157186,331526304.00
2018/10/12,28.30,29.62,27.11,29.29,11613054,330556224.00
2018/10/15,29.29,29.60,28.80,29.05,7581423,222568304.00
2018/10/16,28.40,29.30,26.91,27.54,9066390,254737120.00
2018/10/17,28.18,29.83,27.98,29.63,12752250,368769536.00
2018/10/18,29.20,30.11,28.82,29.19,10174007,300822048.00
2018/10/19,28.58,30.56,28.18,30.33,10176828,305129312.00
2018/10/22,31.24,32.36,30.22,31.93,11677369,369098112.00
2018/10/23,31.50,31.78,30.70,30.95,5932773,186109968.00
2018/10/24,30.96,31.50,29.58,30.08,7641718,231911328.00
2018/10/25,28.49,29.63,27.96,29.28,6438375,185793808.00
2018/10/26,29.78,29.98,28.18,28.79,6002693,175039632.00
2018/10/29,28.83,29.21,27.91,29.06,5780504,166973808.00
2018/10/30,28.85,29.21,27.55,29.01,7492953,213634720.00
2018/10/31,29.00,29.66,28.72,29.05,8526008,249253312.00
2018/11/01,29.40,30.59,29.01,29.99,13421593,399713600.00
2018/11/02,30.70,31.19,30.20,30.93,12754923,392542880.00
2018/11/05,30.58,31.35,30.25,31.15,7594452,234478784.00
2018/11/06,30.61,30.99,29.93,30.36,4798094,146786768.00
2018/11/07,30.60,31.98,30.50,31.21,9849195,310735936.00
2018/11/08,31.35,31.64,30.20,30.32,5671971,175085520.00
2018/11/09,30.10,30.88,29.96,30.18,4227111,129463872.00
2018/11/12,29.70,31.84,29.70,31.83,8509113,265177872.00
2018/11/13,31.30,32.74,31.07,32.22,9638861,309222592.00
2018/11/14,32.20,32.37,31.65,32.08,4910246,157749328.00
2018/11/15,31.92,32.56,31.78,32.36,4820799,155598432.00
2018/11/16,32.35,34.00,32.25,32.97,8025626,267718080.00
2018/11/19,32.85,33.20,31.97,32.75,5308012,172830656.00
2018/11/20,32.57,32.60,31.26,31.36,4800658,153904064.00
2018/11/21,30.95,31.49,30.40,31.10,5307518,165238704.00
2018/11/22,31.13,31.46,30.52,30.70,4526218,140308576.00
2018/11/23,30.83,30.83,29.30,29.65,5354076,160315680.00
2018/11/26,29.60,30.00,29.20,29.43,2720402,80427568.00
2018/11/27,29.75,30.23,29.60,29.90,3968337,118948424.00
2018/11/28,29.93,30.13,29.50,30.08,3981001,119248360.00
2018/11/29,30.41,30.43,28.90,29.15,4153548,123667648.00
2018/11/30,28.90,29.15,27.71,28.60,7980093,226281376.00
2018/12/03,29.45,29.80,29.05,29.61,7148089,211476832.00
2018/12/04,29.61,29.79,29.13,29.56,3878568,114645664.00
2018/12/05,28.80,30.10,28.58,29.90,4612176,136651472.00
2018/12/06,29.62,29.62,28.40,28.86,5667185,164792224.00
2018/12/07,28.94,29.34,28.70,28.80,2173194,63126720.00
2018/12/10,28.58,29.08,27.70,27.76,4806958,136380960.00
2018/12/11,28.10,28.86,28.04,28.78,4461804,127723592.00
2018/12/12,28.80,29.67,28.80,29.22,4590457,135028320.00
2018/12/13,29.28,29.57,28.97,29.16,3715026,109296304.00
2018/12/14,29.12,29.12,27.90,28.20,4244534,121384960.00
2018/12/17,28.10,28.40,27.92,28.28,2192268,62018844.00
2018/12/18,28.24,28.46,27.48,27.78,4237882,118577696.00
2018/12/19,27.78,28.05,27.34,27.45,2398743,66595612.00
2018/12/20,27.45,27.75,27.28,27.70,2304929,63775660.00
2018/12/21,27.70,28.27,27.40,27.82,3453207,97008016.00
2018/12/24,27.82,28.20,27.51,27.94,3033121,84647696.00
2018/12/25,27.50,27.74,26.78,27.15,4358177,118438608.00
2018/12/26,27.16,27.33,26.09,26.40,4323019,115536776.00
2018/12/27,26.71,27.04,25.91,25.91,3425533,91310208.00
2018/12/28,26.28,26.28,24.95,25.86,3546912,91576888.00
2019/01/02,25.90,26.20,25.20,25.41,3420301,87782504.00
2019/01/03,25.40,25.67,24.61,24.90,3834745,96709360.00
2019/01/04,24.70,26.08,24.52,25.81,4228748,107957400.00
2019/01/07,26.02,27.33,25.81,26.96,7479974,200660416.00
2019/01/08,26.65,27.07,26.45,26.53,2973678,79653584.00
2019/01/09,26.60,27.03,26.25,26.26,4058003,108655856.00
2019/01/10,26.59,26.59,25.92,26.10,2852884,75127040.00
2019/01/11,26.10,26.47,25.61,26.01,2835033,73994056.00
2019/01/14,26.28,26.68,25.92,26.58,3551097,94061176.00
2019/01/15,26.40,27.06,26.11,26.97,3943245,105223248.00
2019/01/16,27.15,28.78,26.94,27.20,8623040,240694768.00
2019/01/17,27.56,27.56,26.87,26.90,3452020,93982952.00
2019/01/18,26.83,27.08,26.20,26.75,3486300,93072208.00
2019/01/21,26.77,27.78,26.75,27.45,4932825,135455920.00
2019/01/22,27.49,27.58,27.10,27.26,2100849,57422256.00
2019/01/23,27.07,27.59,27.07,27.49,2610437,71678896.00
2019/01/24,27.49,28.02,27.21,27.50,3205546,88924560.00
2019/01/25,27.38,27.82,27.24,27.27,3087582,85412952.00
2019/01/28,27.27,28.37,27.27,28.02,4935664,138810192.00
2019/01/29,27.92,28.30,27.20,28.17,3102928,86635376.00
2019/01/30,27.90,28.20,27.76,27.78,1594102,44782124.00
2019/01/31,27.76,28.10,27.50,27.68,2041206,57117544.00
2019/02/01,27.80,28.36,27.78,28.26,2866444,81153760.00
2019/02/11,28.02,30.72,28.02,30.68,9667824,289544128.00
2019/02/12,30.34,31.40,30.34,30.60,6376935,197237184.00
2019/02/13,30.79,32.40,30.49,31.90,8259251,263372672.00
2019/02/14,31.64,31.89,31.17,31.40,4391586,138225360.00
2019/02/15,31.20,32.13,30.91,31.01,4503510,141930096.00
2019/02/18,31.40,32.37,31.14,32.15,4572712,146250368.00
2019/02/19,32.08,32.97,31.59,31.95,6739674,217816944.00
2019/02/20,32.19,32.35,30.81,31.31,5252067,164907712.00
2019/02/21,31.20,32.26,31.16,31.33,7377639,234048400.00
2019/02/22,31.10,31.86,30.60,31.73,5838730,182646800.00
2019/02/25,31.92,34.48,31.92,34.19,12068853,403995648.00
2019/02/26,34.19,34.20,32.01,33.13,11554899,384370144.00
2019/02/27,33.15,33.41,31.13,31.89,10476468,339504896.00
2019/02/28,31.50,32.40,31.47,31.95,4431790,142322160.00
2019/03/01,32.07,32.82,31.28,31.80,7456566,239232016.00
2019/03/04,32.30,33.45,31.87,32.22,15266728,500595872.00
2019/03/05,32.22,33.29,31.86,33.25,13899111,451724320.00
2019/03/06,33.10,33.50,32.43,33.26,11662911,385775712.00
2019/03/07,33.17,36.15,32.59,34.86,20260146,698818048.00
2019/03/08,33.75,36.73,33.20,34.75,18737493,661487488.00
2019/03/11,35.33,36.07,34.35,35.90,12959226,459658432.00
2019/03/12,36.70,38.48,35.98,37.27,16635825,621230464.00
2019/03/13,37.15,37.15,34.24,34.30,14298196,511811296.00
2019/03/14,34.67,34.79,33.04,33.43,7594617,256095232.00
2019/03/15,33.75,34.03,32.40,32.87,9174294,305313120.00
2019/03/18,33.04,33.53,32.40,33.48,6734592,223255312.00
2019/03/19,33.46,34.54,33.32,33.66,7038669,239111888.00
2019/03/20,33.45,33.85,32.36,33.38,7116026,235916016.00
2019/03/21,33.38,34.22,33.11,33.60,7491162,253874912.00
2019/03/22,33.89,33.89,32.79,33.31,5940334,197931984.00
2019/03/25,32.40,33.24,32.17,32.25,6884785,225632624.00
2019/03/26,32.54,32.88,31.39,31.55,6743974,217075936.00
2019/03/27,31.70,31.89,30.72,31.31,5855736,183284800.00
2019/03/28,31.31,32.14,30.81,31.47,5443496,172607680.00
2019/03/29,31.31,32.75,30.80,32.55,8598603,276350464.00
2019/04/01,32.73,34.04,32.72,33.87,9170707,309775328.00
2019/04/02,33.80,34.81,33.72,34.05,9003110,310185504.00
2019/04/03,33.89,34.90,33.77,34.17,5682031,194908032.00
2019/04/04,34.19,34.70,33.12,33.40,9566496,324106208.00
2019/04/08,34.08,34.08,31.98,32.46,8495567,278854528.00
2019/04/09,32.30,33.22,31.98,32.43,5760843,188378208.00
2019/04/10,32.18,32.43,31.50,31.97,5821364,186608816.00
2019/04/11,31.84,32.18,31.24,31.29,5106309,161770992.00
2019/04/12,31.15,31.53,30.98,31.31,3780971,118519016.00
2019/04/15,31.65,32.34,31.06,31.09,6000079,190412240.00
2019/04/16,31.07,32.27,30.11,32.04,7910164,247387248.00
2019/04/17,32.00,32.40,31.71,31.90,5883440,188546864.00
2019/04/18,32.06,32.18,31.60,32.10,4142254,132626624.00
2019/04/19,32.10,32.40,31.80,32.03,4219769,135613184.00
2019/04/22,32.01,32.18,31.40,31.42,4019123,127987728.00
2019/04/23,31.73,31.92,30.79,31.13,4466232,139744480.00
2019/04/24,31.20,31.87,30.42,31.85,6330670,198262592.00
2019/04/25,31.66,31.78,30.30,30.59,5626905,174749376.00
2019/04/26,30.59,30.82,29.95,30.15,4729793,144382992.00
2019/04/29,30.67,31.88,30.52,30.70,10003367,312831040.00
2019/04/30,30.55,31.67,30.40,31.04,3692312,114983768.00
2019/05/06,29.80,29.80,27.93,28.29,7092862,203352000.00
2019/05/07,28.45,28.74,27.64,28.01,4969448,140631376.00
2019/05/08,27.39,28.55,26.82,27.82,5986474,167800544.00
2019/05/09,27.60,28.37,27.50,28.00,3110913,87726280.00
2019/05/10,28.14,29.74,28.14,29.48,7267888,212474976.00
2019/05/13,29.01,30.18,29.01,29.59,3839654,114496688.00
2019/05/14,29.30,29.89,28.78,28.96,3884435,113979320.00
2019/05/15,29.40,29.59,29.00,29.50,3005236,88559784.00
2019/05/16,29.42,29.74,29.28,29.32,2438378,72040888.00
2019/05/17,29.55,30.71,29.46,29.80,7184857,218003472.00
2019/05/20,29.57,30.60,29.57,30.50,4414793,133480008.00
2019/05/21,30.40,31.15,29.78,30.55,4763076,146329552.00
2019/05/22,30.50,31.41,30.45,31.33,5879313,182677008.00
2019/05/23,31.43,31.43,30.01,30.13,4552466,140291056.00
2019/05/24,30.23,30.75,29.51,29.51,3554477,107684064.00
2019/05/27,29.77,31.90,29.77,31.76,8181545,255808304.00
2019/05/28,31.77,32.08,31.27,31.90,7095208,225012896.00
2019/05/29,32.13,32.58,31.77,32.17,7871201,253890656.00
2019/05/30,32.05,32.50,31.54,32.28,5288053,170362032.00
2019/05/31,32.07,33.70,31.96,33.25,7755075,258552944.00
2019/06/03,33.24,34.25,32.74,32.88,8816201,296196096.00
2019/06/04,33.25,33.25,31.15,31.95,9050442,290097376.00
2019/06/05,32.25,32.69,31.39,31.40,6049747,193239392.00
2019/06/06,31.64,32.27,31.25,31.50,4981329,158527744.00
2019/06/10,31.50,32.40,31.33,32.36,4381324,140572208.00
2019/06/11,32.30,33.30,31.54,33.22,6507786,212971632.00
2019/06/12,33.22,33.49,32.82,33.03,3319643,109963784.00
2019/06/13,32.90,34.17,32.71,33.83,7570250,254561600.00
2019/06/14,33.70,34.26,33.25,33.25,5036285,169512800.00
2019/06/17,33.40,33.71,32.57,32.65,2812420,92718152.00
2019/06/18,32.68,34.15,32.68,33.90,6393102,216147232.00
2019/06/19,34.59,35.50,34.07,34.15,7499578,259899232.00
2019/06/20,34.03,35.17,34.02,34.66,5319638,184708352.00
2019/06/21,34.83,35.60,34.70,35.17,5313186,186912592.00
2019/06/24,35.37,36.25,34.91,35.42,6200575,221472112.00
2019/06/25,35.37,35.37,34.36,34.91,3360746,117164248.00
2019/06/26,34.70,35.68,34.63,35.17,3735355,131309968.00
2019/06/27,35.02,35.77,34.90,35.44,3418950,120975008.00
2019/06/28,35.06,36.30,34.74,36.19,5349105,190134288.00
2019/07/01,36.90,37.55,36.36,36.93,5949146,220152080.00
2019/07/02,36.70,37.40,36.12,36.30,3876427,141789104.00
2019/07/03,36.22,36.25,35.50,35.90,2976185,106707728.00
2019/07/04,36.13,36.70,35.65,35.95,3184233,115075944.00
2019/07/05,36.06,36.09,34.90,35.55,3790705,134616912.00
2019/07/08,35.71,35.85,32.68,33.68,8057390,273961792.00
2019/07/09,33.77,34.24,33.00,33.44,5981454,200328000.00
2019/07/10,33.81,34.05,33.20,33.42,3656167,123111928.00
2019/07/11,33.82,34.00,33.06,33.34,2922089,97984288.00
2019/07/12,33.09,33.68,32.70,33.28,2424004,80584768.00
2019/07/15,32.88,34.68,32.51,34.02,5639817,190682928.00
2019/07/16,34.02,34.30,33.28,33.58,4063010,136820208.00
2019/07/17,33.58,33.99,33.28,33.73,2154949,72622312.00
2019/07/18,33.34,33.64,32.73,32.82,3361896,111177208.00
2019/07/19,32.81,34.65,32.81,34.06,6363127,217347296.00
2019/07/22,34.27,34.43,33.03,33.30,3968341,133398544.00
2019/07/23,33.38,35.50,33.19,35.04,6133585,210995552.00
2019/07/24,35.04,35.59,34.72,35.15,4799256,168741456.00
2019/07/25,35.11,35.40,34.73,35.30,4013267,140996304.00
2019/07/26,35.11,35.27,34.65,34.82,2912054,101488152.00
2019/07/29,34.86,36.00,34.51,34.90,4327813,151495136.00
2019/07/30,34.96,35.50,34.64,34.80,4473872,156488192.00
2019/07/31,34.66,35.80,34.30,35.80,5924755,208827376.00
2019/08/01,35.38,35.78,34.80,35.03,3879871,136511056.00
2019/08/02,33.83,34.75,33.45,34.13,3879401,132613392.00
2019/08/05,34.28,34.55,33.55,33.55,3315747,112647000.00
2019/08/06,32.73,33.18,31.70,32.56,5034258,163374128.00
2019/08/07,32.88,34.11,32.79,33.60,4987093,167603376.00
2019/08/08,33.67,34.25,33.32,33.57,3191216,107278232.00
2019/08/09,33.57,34.00,32.90,33.17,3417250,113777688.00
2019/08/12,33.32,33.51,32.20,33.40,5316534,173751280.00
2019/08/13,33.02,33.20,30.86,32.12,8578435,273012288.00
2019/08/14,32.12,32.79,31.48,31.60,5548026,178057744.00
2019/08/15,31.00,32.12,30.80,32.00,5203520,163172720.00
2019/08/16,31.99,33.00,31.87,32.60,4986204,162268736.00
2019/08/19,32.84,34.45,32.75,34.21,6534461,221128384.00
2019/08/20,34.22,34.88,33.52,33.92,3268461,111183456.00
2019/08/21,33.92,34.10,33.12,33.48,3849484,128593832.00
2019/08/22,33.45,33.68,32.50,32.92,4369992,144194480.00
2019/08/23,33.06,33.68,32.61,33.13,4439043,147630416.00
2019/08/26,32.40,33.35,32.01,32.80,5181513,169592848.00
2019/08/27,32.98,33.50,32.29,32.60,7772470,254958080.00
2019/08/28,32.49,32.56,31.31,31.90,6687306,212366576.00
2019/08/29,32.16,35.09,32.10,35.09,16509645,562694784.00
2019/08/30,35.29,35.86,33.92,34.00,12917896,450661504.00
2019/09/02,34.36,35.02,33.92,34.91,11873818,409917952.00
2019/09/03,34.75,35.94,34.30,35.59,11092693,390073600.00
2019/09/04,35.37,37.12,35.27,36.91,11731671,427405408.00
2019/09/05,37.01,38.28,36.69,36.78,11914698,446215840.00
2019/09/06,36.94,40.20,36.94,38.51,16152741,626103744.00
2019/09/09,39.05,41.20,39.00,40.98,12576436,507977184.00
2019/09/10,40.76,42.33,40.28,41.06,10619078,438249888.00
2019/09/11,41.00,41.58,40.07,40.62,6262416,254793744.00
2019/09/12,41.05,41.30,40.05,41.04,5121966,208774368.00
2019/09/16,41.14,41.71,40.56,41.35,5318823,218379088.00
2019/09/17,41.27,41.27,39.80,40.30,5314682,213679824.00
2019/09/18,40.89,40.90,40.00,40.57,4076096,164993120.00
2019/09/19,40.58,41.03,39.90,41.03,4551378,184444960.00
2019/09/20,40.99,41.10,39.62,40.18,6154248,247000976.00
2019/09/23,39.88,40.18,39.14,40.18,6569465,259881344.00
2019/09/24,39.83,44.20,39.30,43.33,13758682,585311232.00
2019/09/25,43.00,43.85,41.70,41.90,8593550,366717088.00
2019/09/26,42.25,42.77,39.40,40.36,7690387,313607744.00
2019/09/27,40.70,40.75,39.55,40.34,4356879,175145440.00
2019/09/30,40.02,40.79,39.00,39.45,3760988,149865904.00
2019/10/08,39.44,40.60,38.38,38.66,4889911,192076464.00
2019/10/09,38.48,39.64,38.48,39.11,4449605,173178528.00
2019/10/10,39.25,40.17,38.63,39.85,4757737,188618608.00
2019/10/11,39.70,40.10,39.02,39.39,2571351,101676480.00
2019/10/14,40.09,41.17,39.51,40.00,4462346,179872656.00
2019/10/15,39.70,39.70,37.50,38.88,6038527,233349920.00
2019/10/16,38.53,39.38,38.48,38.49,2132521,82685480.00
2019/10/17,38.89,39.07,38.30,38.55,2433478,93999664.00
2019/10/18,38.83,38.85,37.74,37.74,2927334,111977872.00
2019/10/21,38.01,38.28,37.35,37.83,2513258,94995296.00
2019/10/22,37.81,39.20,37.80,38.73,3128408,121104968.00
2019/10/23,38.71,38.90,37.91,38.10,2248012,86006568.00
2019/10/24,37.62,38.46,37.61,38.11,1905527,72519768.00
2019/10/25,38.07,38.36,37.33,38.01,2807157,106328064.00
2019/10/28,38.90,39.56,38.81,39.15,4736341,185811840.00
2019/10/29,39.50,39.50,37.41,37.70,5630148,214110656.00
2019/10/30,37.71,37.90,36.44,37.04,5324518,197196048.00
2019/10/31,37.10,37.45,36.08,36.36,4164186,152513824.00
2019/11/01,36.30,36.74,36.00,36.41,3399614,123914672.00
数据来源:通达信
