002570 贝因美 日线 前复权
      日期	    开盘	    最高	    最低	    收盘	    成交量	    成交额
2013/09/02,20.97,21.63,20.75,20.88,6652172,229295424.00
2013/09/03,21.03,22.13,21.03,22.09,9406473,332099392.00
2013/09/04,22.09,22.51,21.69,22.46,9216202,333657504.00
2013/09/05,22.71,24.26,22.52,23.83,19074821,724948416.00
2013/09/06,23.83,24.19,23.41,23.46,9090063,351275968.00
2013/09/09,23.16,23.44,22.80,23.03,9909570,372807456.00
2013/09/10,22.97,23.57,22.85,23.31,6204230,235125840.00
2013/09/11,23.19,23.21,22.23,22.72,5716235,210065392.00
2013/09/12,22.82,22.89,22.33,22.53,3825015,140794480.00
2013/09/13,22.34,23.66,22.33,23.23,6007734,225125552.00
2013/09/16,23.22,23.53,22.89,23.05,4606371,174233168.00
2013/09/17,23.05,23.09,22.51,22.58,5234738,193733648.00
2013/09/18,22.72,23.59,22.59,22.81,6249164,234689008.00
2013/09/23,22.59,23.27,22.03,23.19,6682679,245858192.00
2013/09/24,22.95,23.98,22.76,23.98,8367723,320598976.00
2013/09/25,23.96,23.97,23.21,23.22,4722484,180760112.00
2013/09/26,22.81,23.96,22.81,23.39,5015345,192490848.00
2013/09/27,23.34,24.59,23.34,24.34,8472500,332282752.00
2013/09/30,24.36,25.71,24.36,25.59,9279713,377802368.00
2013/10/08,25.47,26.39,25.19,25.61,8287219,348640480.00
2013/10/09,25.59,26.21,25.14,25.92,5276225,220795648.00
2013/10/10,25.92,26.56,25.59,25.73,5861849,247773680.00
2013/10/11,25.80,26.53,25.34,25.74,5736529,241224144.00
2013/10/14,25.84,26.16,24.93,25.03,6126179,252027936.00
2013/10/15,24.90,25.62,24.76,25.21,5087858,208465264.00
2013/10/16,24.92,26.13,24.78,25.03,7741306,320284512.00
2013/10/17,25.06,25.30,24.03,24.57,6253338,250412752.00
2013/10/18,24.59,25.16,24.50,25.11,3851096,155671616.00
2013/10/21,25.11,27.66,25.11,27.66,9150864,395630432.00
2013/10/22,27.91,27.97,27.16,27.36,7553849,338141504.00
2013/10/23,27.23,27.83,25.14,25.30,9674537,412257120.00
2013/10/24,25.36,26.16,24.85,25.47,6709513,277310016.00
2013/10/25,26.00,26.39,24.04,24.78,10817049,442583232.00
2013/10/28,22.26,22.26,22.26,22.26,2683800,97341424.00
2013/10/29,20.55,21.78,20.09,20.69,26889563,910896384.00
2013/10/30,20.37,21.14,19.69,20.30,15627552,520222880.00
2013/10/31,19.59,20.09,19.30,19.82,10503720,337303360.00
2013/11/01,19.63,20.03,19.21,19.89,8874941,285264640.00
2013/11/04,20.46,21.04,20.24,20.66,12244038,412321952.00
2013/11/05,20.47,20.47,19.51,20.14,20901889,677965376.00
2013/11/06,20.06,20.20,19.48,19.54,9836921,318232640.00
2013/11/07,19.38,19.53,18.37,18.39,14744190,454375840.00
2013/11/08,18.22,18.66,17.91,17.94,10157459,303529440.00
2013/11/11,17.99,19.03,17.93,18.86,10005738,302604032.00
2013/11/12,18.81,19.92,18.81,19.82,14770710,469591008.00
2013/11/13,19.81,19.81,19.08,19.13,8087250,257248608.00
2013/11/14,18.86,19.95,18.86,19.92,11653958,370408928.00
2013/11/15,20.08,21.29,19.97,21.06,18386990,621318400.00
2013/11/18,22.31,22.59,21.38,21.83,38802223,1377073024.00
2013/11/19,21.64,21.64,20.24,20.58,33285174,1134605184.00
2013/11/20,20.39,20.72,20.24,20.58,13866842,463200288.00
2013/11/21,20.54,20.54,19.98,20.27,13167276,433047616.00
2013/11/22,20.22,20.52,20.09,20.14,7980510,264373408.00
2013/11/25,20.19,20.23,19.36,19.41,12337517,395828896.00
2013/11/26,19.42,19.66,19.33,19.43,8811055,280271712.00
2013/11/27,19.41,19.70,19.12,19.66,10481183,333501600.00
2013/11/28,19.69,20.31,19.69,20.12,12606393,413752800.00
2013/11/29,20.21,20.21,19.76,19.93,9290963,301988608.00
2013/12/02,19.28,19.69,18.53,18.68,12301073,382827008.00
2013/12/03,18.66,19.19,18.59,19.01,6689403,207691824.00
2013/12/04,19.01,19.30,18.72,19.09,15785680,489514432.00
2013/12/05,18.97,19.01,18.46,18.47,14026147,428282240.00
2013/12/06,18.22,18.46,18.09,18.34,9094189,272513216.00
2013/12/09,18.44,18.78,18.26,18.77,8022698,242909456.00
2013/12/10,18.81,19.24,18.66,18.89,11869019,368263040.00
2013/12/11,18.78,18.92,18.60,18.76,5094111,156158688.00
2013/12/12,18.68,19.16,18.63,18.93,8617261,267140144.00
2013/12/13,18.78,19.00,18.66,18.84,5405951,166335216.00
2013/12/16,18.84,18.90,18.40,18.51,6491328,197161392.00
2013/12/17,18.51,18.63,17.83,17.88,11852712,349811744.00
2013/12/18,17.89,17.99,17.44,17.74,7127025,206018560.00
2013/12/19,17.93,18.01,17.73,17.78,6396380,187451216.00
2013/12/20,17.72,18.34,17.55,18.23,8323675,243446912.00
2013/12/23,18.02,18.17,17.58,17.79,7305709,214291184.00
2013/12/24,18.03,18.66,18.03,18.27,11995023,359984608.00
2013/12/25,18.14,18.53,18.04,18.53,8734480,261913552.00
2013/12/26,18.73,18.97,18.21,18.22,11266158,344780384.00
2013/12/27,18.24,18.71,18.24,18.57,7423525,225508368.00
2013/12/30,18.71,18.95,18.34,18.73,9189502,280693728.00
2013/12/31,18.55,18.88,18.28,18.78,6808336,208048304.00
2014/01/02,18.83,18.83,18.46,18.56,7631260,231589200.00
2014/01/03,18.56,18.56,17.80,18.18,11393299,338592640.00
2014/01/06,18.06,18.33,17.86,18.13,6892601,204154032.00
2014/01/07,17.92,18.34,17.92,18.24,5056222,150573824.00
2014/01/08,18.24,19.28,18.09,18.98,17213094,529380000.00
2014/01/09,18.84,19.13,18.41,18.53,13591014,418344320.00
2014/01/10,18.34,19.05,18.34,18.41,12271741,374774624.00
2014/01/13,18.41,18.47,17.00,17.08,21051191,604376448.00
2014/01/14,17.13,17.22,16.11,16.66,20883446,564694656.00
2014/01/15,16.55,16.97,16.33,16.90,12564102,343290560.00
2014/01/16,16.84,17.03,16.55,16.65,9910394,272345184.00
2014/01/17,16.66,16.74,16.29,16.39,6672689,179982144.00
2014/01/20,16.41,16.58,16.28,16.34,4520389,121855000.00
2014/01/21,16.30,16.69,16.29,16.68,7061762,191575216.00
2014/01/22,16.78,17.23,16.75,17.19,11162818,310880608.00
2014/01/23,17.31,17.78,17.29,17.30,14350875,412395264.00
2014/01/24,17.22,17.69,17.11,17.56,9244028,264731344.00
2014/01/27,17.41,17.49,17.01,17.06,10661585,300283456.00
2014/01/28,16.90,16.90,15.81,16.03,20850243,551362944.00
2014/01/29,16.14,16.24,16.03,16.14,7677107,203289760.00
2014/01/30,16.09,16.10,15.82,15.85,6373850,166654704.00
2014/02/07,15.89,16.33,15.89,16.32,7600620,201434256.00
2014/02/10,16.46,17.84,16.46,17.74,19117262,542739520.00
2014/02/11,17.84,18.56,17.64,18.14,24021230,714306304.00
2014/02/12,17.93,18.30,17.79,18.04,11262939,331367104.00
2014/02/13,18.03,18.51,17.91,18.00,14153131,421953728.00
2014/02/14,17.98,18.22,17.79,18.16,9281328,273110272.00
2014/02/17,18.23,18.34,17.91,18.22,12346938,365436608.00
2014/02/18,18.27,19.31,17.99,19.05,26067069,801480960.00
2014/02/19,18.94,19.55,18.82,19.03,18328495,574138240.00
2014/02/20,19.09,19.23,18.41,18.43,14038603,428525920.00
2014/02/21,18.41,18.63,18.13,18.26,8988796,269610912.00
2014/02/24,18.12,18.28,17.66,18.22,8812242,257996000.00
2014/02/25,18.39,19.06,17.91,18.19,15551894,472516608.00
2014/02/26,18.06,18.44,17.66,17.88,11246780,329918528.00
2014/02/27,17.59,17.59,16.05,16.05,36567961,989049792.00
2014/02/28,15.83,16.44,15.83,16.30,12431967,330454976.00
2014/03/03,16.45,16.64,16.03,16.41,10424786,280362240.00
2014/03/04,16.28,16.37,16.05,16.26,8429715,223938048.00
2014/03/05,16.31,16.97,16.31,16.68,12698978,346660800.00
2014/03/06,16.59,16.59,16.16,16.31,9407462,252497760.00
2014/03/07,16.54,16.75,16.41,16.50,9087887,247086320.00
2014/03/10,16.59,17.19,16.35,16.66,15981674,440026080.00
2014/03/11,16.41,16.91,16.38,16.71,10306067,282325408.00
2014/03/12,16.58,16.96,16.37,16.56,7751836,210914480.00
2014/03/13,16.56,17.00,16.48,16.91,10504200,289826688.00
2014/03/14,16.91,16.91,16.52,16.58,8079345,220907296.00
2014/03/17,16.84,16.90,16.55,16.69,6407774,175199664.00
2014/03/18,16.73,16.86,16.49,16.64,8070197,220372512.00
2014/03/19,16.54,16.58,15.90,15.99,13411148,354290656.00
2014/03/20,16.03,16.10,15.72,15.75,7069029,184359104.00
2014/03/21,15.63,16.03,15.41,15.96,7811180,201590656.00
2014/03/24,15.97,16.09,15.84,15.96,5023443,131568960.00
2014/03/25,15.90,16.01,15.83,15.90,4583946,119780472.00
2014/03/26,15.91,16.14,15.91,16.09,5186358,136677408.00
2014/03/27,16.06,16.14,15.64,15.64,6942516,180164288.00
2014/03/28,15.54,15.91,15.54,15.63,5584484,143808432.00
2014/03/31,15.59,16.24,15.59,16.09,10900958,287097824.00
2014/04/09,17.03,17.58,16.88,17.08,20481595,574577856.00
2014/04/10,17.25,17.27,17.00,17.16,11171832,313915456.00
2014/04/11,17.09,17.53,17.02,17.37,11591794,330183168.00
2014/04/14,17.19,17.41,17.11,17.21,7567427,213379952.00
2014/04/15,17.21,17.34,16.96,16.97,6009689,168158480.00
2014/04/16,17.01,17.15,16.94,17.02,3363411,93745768.00
2014/04/17,17.03,17.11,16.47,16.49,8689051,237201616.00
2014/04/18,16.41,16.53,16.19,16.38,5666199,152056208.00
2014/04/21,16.16,16.59,16.11,16.31,4505115,121272688.00
2014/04/22,16.29,16.39,16.09,16.30,4187155,111353568.00
2014/04/23,16.31,16.61,16.31,16.54,5040013,136333296.00
2014/04/24,16.52,16.76,16.18,16.34,6326662,170632736.00
2014/04/25,16.36,16.40,15.56,15.63,7825285,204388304.00
2014/04/28,15.64,15.79,15.46,15.64,5412786,138796288.00
2014/04/29,14.04,14.04,14.04,14.04,7308600,168901744.00
2014/04/30,13.16,13.74,13.16,13.64,25954851,577360448.00
2014/05/05,13.58,13.77,13.36,13.73,11386300,255155968.00
2014/05/06,13.73,13.78,13.54,13.65,7284070,163871568.00
2014/05/07,13.68,14.15,13.68,13.76,9710749,222605776.00
2014/05/08,13.72,13.86,13.63,13.67,4991700,112874584.00
2014/05/09,13.78,13.78,13.47,13.76,4193729,94284392.00
2014/05/12,13.85,14.03,13.61,13.98,7258407,165473760.00
2014/05/13,13.94,13.98,13.81,13.95,5481314,125369152.00
2014/05/14,13.98,13.98,13.63,13.72,7493692,103105440.00
2014/05/15,13.73,13.78,13.40,13.42,7408127,100560664.00
2014/05/16,13.40,13.54,12.96,13.05,9533239,125481848.00
2014/05/19,13.10,13.10,12.65,12.85,7090460,90553880.00
2014/05/20,12.90,13.06,12.72,12.81,6519555,84184400.00
2014/05/21,12.81,12.98,12.60,12.98,5311134,68253936.00
2014/05/22,12.97,13.14,12.88,12.94,6135323,79634192.00
2014/05/23,12.98,12.99,12.72,12.99,5301848,68292936.00
2014/05/26,13.10,13.36,12.95,13.30,13318214,175892352.00
2014/05/27,13.30,13.60,13.23,13.55,14486438,195066240.00
2014/05/28,13.50,13.62,13.34,13.55,8674759,116839288.00
2014/05/29,13.58,13.65,13.33,13.37,8491707,114175568.00
2014/05/30,13.38,13.73,13.38,13.61,8956863,121582016.00
2014/06/03,13.70,13.93,13.51,13.53,11801815,162411520.00
2014/06/04,13.58,13.58,12.95,13.22,7555904,99934024.00
2014/06/05,13.21,13.39,13.10,13.34,5834436,77292696.00
2014/06/06,13.30,13.42,12.98,13.15,7311778,96318440.00
2014/06/09,13.14,13.14,12.79,12.84,10301284,133363272.00
2014/06/10,12.93,13.12,12.82,13.10,5320251,69170968.00
2014/06/11,13.16,13.37,13.08,13.32,9300810,123129984.00
2014/06/12,13.42,14.36,13.34,14.31,29085046,404890208.00
2014/06/13,14.18,14.25,13.91,14.04,22654548,319141408.00
2014/06/16,14.10,14.29,14.00,14.11,18005074,253380624.00
2014/06/17,14.12,14.12,13.60,13.75,16301338,225128192.00
2014/06/18,13.80,14.51,13.61,14.36,24221654,341679808.00
2014/09/09,15.80,15.80,15.80,15.80,546451,8633926.00
2014/09/10,17.38,17.38,17.38,17.38,6038455,104948344.00
2014/09/11,18.00,18.35,17.68,17.95,98493465,1777580416.00
2014/09/12,18.08,18.08,17.55,17.69,35995735,637116608.00
2014/09/15,17.57,18.07,17.33,17.82,38385345,679246016.00
2014/09/16,17.70,17.77,17.03,17.13,29429482,512865472.00
2014/09/17,17.20,17.31,16.84,16.92,18446176,313515808.00
2014/09/18,16.92,17.17,16.79,16.92,15572794,264273200.00
2014/09/19,16.94,17.40,16.94,17.18,18957623,326192288.00
2014/09/22,17.19,17.20,16.82,16.98,12761479,216575488.00
2014/09/23,17.00,17.14,16.87,17.01,10177700,172819472.00
2014/09/24,16.99,17.18,16.83,17.14,16868679,287048608.00
2014/09/25,17.13,17.17,16.90,16.93,12728720,216612576.00
2014/09/26,16.89,16.94,16.78,16.81,10960346,184670880.00
2014/09/29,16.82,16.94,16.60,16.67,17083020,285610976.00
2014/09/30,16.72,16.88,16.61,16.79,11300279,189703632.00
2014/10/08,16.89,17.24,16.73,17.24,17983718,305659264.00
2014/10/09,17.22,17.25,16.93,17.00,15307694,261046976.00
2014/10/10,17.00,17.00,16.71,16.79,13012415,218837568.00
2014/10/13,16.78,16.94,16.63,16.73,11533455,192752160.00
2014/10/14,16.73,16.80,16.64,16.67,7771589,129832328.00
2014/10/15,16.66,16.95,16.63,16.91,10162608,170820496.00
2014/10/16,16.90,16.90,16.60,16.61,9902895,165928032.00
2014/10/17,16.62,16.68,16.15,16.36,12391555,203296096.00
2014/10/20,16.50,16.57,16.34,16.45,7974044,131254256.00
2014/10/21,16.44,16.61,16.34,16.36,5786172,95224912.00
2014/10/22,16.37,16.42,16.08,16.13,9205192,149236064.00
2014/10/23,16.12,16.23,15.87,15.89,8489071,136087888.00
2014/10/24,15.89,15.97,15.77,15.78,5001769,79433280.00
2014/10/27,15.78,15.93,15.63,15.88,4826340,76230192.00
2014/10/28,15.78,16.22,15.71,16.20,11060573,178015632.00
2014/10/29,16.20,16.27,16.10,16.16,9450149,152835328.00
2014/10/30,16.13,16.22,16.02,16.14,11536284,186034768.00
2014/10/31,16.17,16.18,15.92,16.01,9388374,150511984.00
2014/11/03,16.07,16.98,16.05,16.95,26272522,437035712.00
2014/11/04,16.71,16.92,16.65,16.72,12467920,208981600.00
2014/11/05,16.74,17.10,16.72,16.78,11455534,193535696.00
2014/11/06,16.78,16.95,16.70,16.90,10071519,169669856.00
2014/11/07,16.90,16.98,16.40,16.45,12645913,210488448.00
2014/11/10,16.46,16.76,16.35,16.58,9146413,151637408.00
2014/11/11,16.62,16.64,16.01,16.11,17055180,276520416.00
2014/11/12,16.09,16.23,16.00,16.13,7335991,118110680.00
2014/11/13,16.20,16.25,16.00,16.03,8400219,135376336.00
2014/11/14,15.99,16.18,15.95,16.16,7550691,121358504.00
2014/11/17,16.18,16.31,15.99,16.30,9356541,151263504.00
2014/11/18,16.27,16.31,16.08,16.20,5997162,96985992.00
2014/11/19,16.18,16.24,16.10,16.16,5097576,82354344.00
2014/11/20,16.16,16.16,16.03,16.06,5450929,87679656.00
2014/11/21,16.09,16.18,16.02,16.10,6616908,106539232.00
2014/11/24,16.19,16.24,16.05,16.13,11083801,178862512.00
2014/11/25,16.13,16.15,16.00,16.15,14380294,230960336.00
2014/11/26,16.10,16.30,16.04,16.17,13771154,222738304.00
2014/11/27,16.20,16.76,16.20,16.76,28176638,467062720.00
2014/11/28,16.76,16.79,16.43,16.57,16879473,279910240.00
2014/12/01,16.45,16.51,16.16,16.45,18867348,307652288.00
2014/12/02,16.35,16.73,16.22,16.50,16506021,272785376.00
2014/12/03,16.48,16.71,16.27,16.66,24352697,400296416.00
2014/12/04,16.66,17.19,16.53,17.00,37497499,635933184.00
2014/12/05,16.99,17.03,16.32,16.65,23402203,390718688.00
2014/12/08,16.58,16.92,16.35,16.66,25688794,425417728.00
2014/12/09,16.50,16.88,16.20,16.50,30917277,511244192.00
2014/12/10,16.37,16.81,16.29,16.73,19180111,318313888.00
2014/12/11,16.72,17.48,16.64,17.16,39110784,670466304.00
2014/12/12,17.25,17.40,16.89,17.33,27906921,479081312.00
2014/12/15,17.21,17.47,17.11,17.31,22409479,387415744.00
2014/12/16,17.28,17.28,17.00,17.02,17914290,306244000.00
2014/12/17,16.95,16.99,16.50,16.52,20131292,336016352.00
2014/12/18,16.48,16.81,16.48,16.52,14004776,233450288.00
2014/12/19,16.52,16.52,16.04,16.22,17806941,289639776.00
2014/12/22,16.18,16.20,15.35,15.52,20889999,326750432.00
2014/12/23,15.60,15.95,15.54,15.57,10978534,172360384.00
2014/12/24,15.75,15.88,15.62,15.70,11117620,174921440.00
2014/12/25,15.75,15.87,15.66,15.83,9347135,147356000.00
2014/12/26,15.86,15.91,15.72,15.80,9394150,148354880.00
2014/12/29,15.75,16.29,15.75,15.95,17450811,279031328.00
2014/12/30,15.93,15.93,15.40,15.50,12822958,200527776.00
2014/12/31,15.56,16.27,15.47,16.19,18997972,300336992.00
2015/01/05,16.00,16.09,15.76,16.05,20817120,331902272.00
2015/01/06,15.99,16.25,15.90,16.18,16701858,268924704.00
2015/01/07,16.18,16.56,16.12,16.37,21732896,355763296.00
2015/01/08,16.37,16.74,16.21,16.57,21788412,359118304.00
2015/01/12,16.89,16.98,15.77,16.44,32178656,528829600.00
2015/01/13,16.30,16.52,16.20,16.20,10938995,178683456.00
2015/01/14,16.23,16.38,15.93,16.14,11778954,190027808.00
2015/01/15,16.14,16.19,16.01,16.09,8586814,138115472.00
2015/01/16,16.12,16.25,16.00,16.21,13951021,224523264.00
2015/01/19,15.98,16.10,15.66,15.70,17704369,281458720.00
2015/01/20,15.86,15.97,15.75,15.90,14933445,237042752.00
2015/01/21,16.00,16.35,15.97,16.34,20800567,337207936.00
2015/01/22,16.34,16.68,16.26,16.52,20065578,329745664.00
2015/01/23,16.40,16.51,16.31,16.44,10941595,179470992.00
2015/01/26,16.46,16.63,16.40,16.57,13402142,221507936.00
2015/01/27,16.58,16.63,16.32,16.44,12017784,197598736.00
2015/01/28,16.38,16.57,16.34,16.39,9855117,162112640.00
2015/01/29,16.32,16.51,16.31,16.36,9089173,148922336.00
2015/01/30,16.43,16.45,16.20,16.23,10308012,167987040.00
2015/02/02,16.11,16.28,16.06,16.13,8565263,138262224.00
2015/02/03,16.21,16.25,15.99,16.20,9749346,156947792.00
2015/02/04,16.19,16.22,16.00,16.00,8788377,141362016.00
2015/02/05,16.10,16.12,15.99,16.00,9775785,156845248.00
2015/02/06,16.00,16.07,15.83,15.85,8376711,133244464.00
2015/02/09,15.85,15.95,15.80,15.86,6515990,103444032.00
2015/02/10,15.88,16.10,15.85,15.98,7798040,124623800.00
2015/02/11,16.00,16.25,16.00,16.10,9865118,159286192.00
2015/02/12,16.80,17.15,16.66,16.98,55567946,941618560.00
2015/02/13,17.01,17.02,16.75,16.90,31057077,524533664.00
2015/02/16,16.85,16.92,16.73,16.87,23196919,390112448.00
2015/02/17,16.88,17.05,16.84,16.90,18831041,318772448.00
2015/02/25,16.91,17.00,16.82,16.99,23719887,401788512.00
2015/02/26,17.00,17.03,16.90,16.99,15225139,258167008.00
2015/02/27,16.97,17.05,16.93,17.02,22708348,385865376.00
2015/03/02,17.03,17.08,16.95,16.98,27291840,463970240.00
2015/03/03,17.00,17.05,16.94,16.95,21804427,370239776.00
2015/03/04,17.00,17.42,16.96,17.35,57346604,989897792.00
2015/03/05,17.36,17.36,17.05,17.17,26627293,456485440.00
2015/03/06,17.13,17.27,17.04,17.10,16055981,274646592.00
2015/03/09,17.10,17.42,17.03,17.34,32662712,564895680.00
2015/03/10,17.36,17.72,17.36,17.68,36271471,636006144.00
2015/03/11,17.64,17.65,17.29,17.33,28537851,496785024.00
2015/03/12,17.34,17.78,17.34,17.66,31284714,548822656.00
2015/03/13,17.73,17.90,17.57,17.68,35048149,622648640.00
2015/03/19,19.00,19.00,18.07,18.26,57561197,1061128512.00
2015/03/20,18.27,18.28,17.82,17.98,35473763,638657856.00
2015/03/23,18.01,19.78,18.01,19.78,55451645,1051596736.00
2015/03/24,20.35,21.75,20.00,21.00,84531061,1750323328.00
2015/03/25,20.95,21.10,20.30,20.68,43196859,892417856.00
2015/03/26,20.40,20.88,20.03,20.41,28157543,575071808.00
2015/03/27,20.42,20.79,20.19,20.43,21258764,434836384.00
2015/03/30,20.50,20.68,20.08,20.44,26259240,534469824.00
2015/03/31,20.48,21.38,20.26,20.67,37818250,787929664.00
2015/04/01,20.67,21.18,20.48,20.87,28961898,604651520.00
2015/04/02,20.96,21.45,20.70,21.05,31744296,667957376.00
2015/04/03,21.00,21.99,20.80,21.65,40245915,864586048.00
2015/04/07,21.66,21.86,21.33,21.60,28854511,620297664.00
2015/04/08,21.59,21.60,20.49,20.51,41118893,859910912.00
2015/04/09,20.51,20.65,19.64,19.91,31220688,623064512.00
2015/04/10,19.89,20.39,19.78,20.29,22151687,446699968.00
2015/04/13,20.30,20.51,19.91,20.38,27308258,552320256.00
2015/04/14,20.38,20.38,19.88,19.90,27068847,543776512.00
2015/04/15,19.88,19.89,18.89,19.01,29741450,572914624.00
2015/04/16,18.91,19.70,18.62,19.35,22394271,432467296.00
2015/04/17,19.40,19.99,19.40,19.57,23351976,458067520.00
2015/04/20,19.80,20.28,19.10,19.36,29331211,582025984.00
2015/04/21,19.22,20.00,19.22,19.92,22716137,446837344.00
2015/04/22,19.99,20.20,19.76,20.18,31110735,623842176.00
2015/04/23,20.18,20.42,19.87,20.01,27115594,543027968.00
2015/04/24,19.89,21.16,19.70,20.89,45417673,928455680.00
2015/04/27,20.89,21.17,20.55,20.72,28729493,598250176.00
2015/04/28,20.53,21.17,19.80,20.49,51845828,1060789760.00
2015/04/29,20.35,20.44,19.90,20.22,19762185,399538144.00
2015/04/30,20.23,20.50,19.93,19.95,19561170,394190048.00
2015/05/04,19.80,20.28,19.55,20.02,20700839,411482496.00
2015/05/05,19.97,19.97,19.02,19.08,20259339,395787360.00
2015/05/06,19.05,19.44,18.77,18.92,15600178,298181664.00
2015/05/07,19.15,19.39,18.95,19.06,13334329,255258096.00
2015/05/08,19.31,19.59,19.10,19.58,16484384,318092576.00
2015/05/11,19.60,20.98,19.41,20.89,41323892,835937152.00
2015/05/12,20.66,20.89,20.25,20.57,32293068,664236096.00
2015/05/13,20.55,20.97,20.31,20.67,30837258,637955968.00
2015/05/14,20.70,21.50,20.50,20.95,33203823,698721088.00
2015/05/15,21.06,21.20,20.12,20.14,23162073,473652288.00
2015/05/18,19.90,20.39,19.70,20.08,18077333,364059328.00
2015/05/19,20.16,20.98,20.11,20.73,25418035,523914880.00
2015/05/20,20.79,21.93,20.75,21.23,45504039,969575680.00
2015/05/21,21.33,22.66,21.21,22.29,42801898,942233280.00
2015/05/22,22.35,22.77,21.65,22.40,41005380,907587456.00
2015/05/25,22.01,22.97,21.90,22.73,35729750,808672448.00
2015/05/26,22.81,24.85,22.74,24.06,44054795,1051970432.00
2015/05/27,24.12,25.50,23.40,25.39,53957126,1325028480.00
2015/05/28,25.11,25.83,22.85,22.85,49248119,1202718336.00
2015/05/29,22.90,25.05,21.50,24.40,52298621,1236662272.00
2015/06/01,24.25,26.40,24.25,25.89,45167070,1151479680.00
2015/06/02,25.93,26.19,25.22,26.08,36712040,946278720.00
2015/06/03,25.89,26.84,24.52,26.78,45107567,1151239808.00
2015/06/04,26.88,27.31,24.44,26.77,42667963,1130088704.00
2015/06/05,27.00,27.54,26.25,27.30,58963202,1592927232.00
2015/06/08,27.30,28.10,26.03,27.05,46914535,1272925952.00
2015/06/09,27.10,27.50,26.06,26.38,37046137,989507968.00
2015/06/10,26.20,27.18,25.39,26.46,32268309,855122432.00
2015/06/11,26.57,28.30,26.23,28.15,49292427,1351702656.00
2015/06/12,28.40,30.97,28.40,29.89,55259802,1662771456.00
2015/06/15,29.73,30.33,29.08,29.28,30954610,916572416.00
2015/06/16,29.20,29.20,26.98,27.93,25522100,721085760.00
2015/06/17,27.99,28.36,26.20,27.81,22259088,611493312.00
2015/06/18,27.79,29.07,26.40,26.66,26750663,750525632.00
2015/06/19,25.59,26.26,23.99,23.99,28804581,716677952.00
2015/06/23,23.39,24.50,21.59,24.24,28536535,659100544.00
2015/06/24,24.20,24.66,23.15,24.24,25871532,621732928.00
2015/06/25,24.25,24.50,21.90,22.40,26806982,631997120.00
2015/06/26,22.00,22.15,20.16,20.16,27664250,574371264.00
2015/06/29,20.50,20.60,18.14,18.14,37004931,702751424.00
2015/06/30,18.11,19.46,16.35,19.41,39549605,715391168.00
2015/07/01,19.31,19.88,17.47,17.58,34114807,648868352.00
2015/07/02,17.64,18.00,15.82,15.82,42116930,705163520.00
2015/07/03,15.21,16.55,14.24,14.32,44289081,666642240.00
2015/07/06,15.75,15.75,12.89,13.45,53112175,746586624.00
2015/07/07,12.90,13.10,12.11,12.11,50867728,625542016.00
2015/07/15,13.32,13.32,13.32,13.32,5667843,75495672.00
2015/07/16,13.00,14.65,12.20,14.65,81307256,1129567232.00
2015/07/17,14.70,16.12,14.70,16.10,66615437,1030328512.00
2015/07/20,15.90,16.90,15.55,15.90,66491555,1071337856.00
2015/07/21,15.80,16.58,15.33,16.55,50393586,812468800.00
2015/07/22,17.02,18.21,16.75,18.21,77107438,1335547008.00
2015/07/23,17.50,18.40,17.25,18.00,78862404,1406869376.00
2015/07/24,17.94,18.21,16.90,17.16,55178689,973987648.00
2015/07/27,16.39,16.84,15.44,15.44,45919180,744044288.00
2015/07/28,14.13,15.35,13.90,14.36,55177221,791496064.00
2015/07/29,14.70,15.80,14.32,15.80,42719779,638383232.00
2015/07/30,16.04,16.55,15.03,15.19,37842380,607939648.00
2015/07/31,14.93,15.93,14.88,15.74,33737251,519118336.00
2015/08/03,15.44,15.72,15.00,15.66,26005550,397956736.00
2015/08/04,15.79,16.70,15.66,16.62,31621086,514004320.00
2015/08/05,16.48,16.83,15.80,16.46,29736316,482472576.00
2015/08/06,15.83,16.29,15.81,16.00,18317946,293718048.00
2015/08/07,16.23,16.48,16.09,16.37,24022834,392352896.00
2015/08/10,16.48,17.34,16.23,17.12,44066710,736422528.00
2015/08/11,17.01,17.15,16.58,16.79,35936075,606752896.00
2015/08/12,16.58,16.78,16.11,16.14,26549442,436418880.00
2015/08/13,16.10,16.38,15.65,16.38,24813652,399416512.00
2015/08/14,16.54,16.95,16.39,16.48,29562661,491392256.00
2015/08/17,16.37,16.47,16.03,16.21,28680366,464324992.00
2015/08/18,16.31,16.55,14.59,14.64,40213287,633651712.00
2015/08/19,14.24,15.18,13.63,15.18,33204914,483442560.00
2015/08/20,15.04,15.14,14.44,14.60,21792596,323783456.00
2015/08/21,14.45,15.38,14.25,14.66,33981356,506617312.00
2015/08/24,13.45,13.90,13.19,13.19,15600075,207397360.00
2015/08/25,11.87,12.11,11.87,11.87,19750734,234777216.00
2015/08/26,11.80,12.05,10.68,10.68,43217595,486730400.00
2015/08/27,10.99,11.20,10.09,11.00,34241178,372740672.00
2015/08/28,11.21,11.80,10.98,11.75,31903469,360949824.00
2015/08/31,11.80,11.90,11.08,11.57,27986553,321122784.00
2015/09/01,11.38,11.38,10.51,11.35,21692618,239004816.00
2015/09/02,10.70,11.43,10.53,10.59,17586030,192007856.00
2015/09/07,10.56,11.15,10.56,10.72,18905406,205938048.00
2015/09/08,10.68,11.27,10.48,11.21,16709376,182307728.00
2015/09/09,11.32,11.72,11.12,11.71,26433637,304749664.00
2015/09/10,11.82,12.57,11.82,12.06,37718582,461009216.00
2015/09/11,11.85,12.09,11.60,11.89,19353435,229479984.00
2015/09/14,11.89,12.00,10.70,10.70,21140137,236847408.00
2015/09/15,10.50,10.68,9.78,9.93,17140176,175045968.00
2015/09/16,10.01,10.92,9.98,10.91,21484619,224405184.00
2015/09/17,10.91,11.16,10.41,10.47,22337799,242579152.00
2015/09/18,10.56,10.73,10.38,10.63,13253638,140529312.00
2015/09/21,10.38,11.14,10.32,11.07,19722276,215433840.00
2015/09/22,11.15,11.51,10.90,11.25,24352098,273016704.00
2015/09/23,11.01,11.13,10.73,11.00,15742652,172452704.00
2015/09/24,11.07,11.45,11.00,11.40,19021872,213605616.00
2015/09/25,11.39,12.12,10.88,11.59,32177555,369603712.00
2015/09/28,11.43,12.75,11.43,12.75,26155855,323674048.00
2015/09/29,13.71,14.03,13.45,14.03,46288364,639828544.00
2015/09/30,14.03,14.38,13.01,13.32,64066476,876048768.00
2015/10/08,13.70,14.65,13.58,14.65,58942656,850141120.00
2015/10/09,14.65,14.69,14.15,14.50,52737021,760922112.00
2015/10/12,14.75,15.59,14.60,14.68,72571681,1087760896.00
2015/10/13,14.61,16.12,14.45,15.36,66944139,1027096640.00
2015/10/14,14.92,15.15,14.60,14.74,41698306,618523648.00
2015/10/15,14.77,15.38,14.77,15.13,47130778,711128832.00
2015/10/16,15.53,16.64,15.30,16.62,90409632,1448026112.00
2015/10/19,16.50,18.16,15.90,17.74,83043645,1416961024.00
2015/10/20,17.30,17.94,16.84,17.53,57379751,996740288.00
2015/10/21,17.59,18.58,15.89,16.20,76863594,1348336640.00
2015/10/22,16.06,17.39,16.06,17.21,65158542,1088443136.00
2015/10/23,17.19,18.78,16.66,18.23,85326973,1495245696.00
2015/10/26,17.97,17.97,16.62,17.10,67130032,1163300992.00
2015/10/27,17.18,17.18,15.90,16.72,45614626,754610752.00
2015/10/28,16.45,17.25,15.90,16.10,36593322,605699392.00
2015/10/29,16.90,17.20,16.35,16.87,54021384,908768512.00
2015/10/30,18.56,18.56,17.71,18.56,104683781,1935102848.00
2015/11/02,18.20,20.20,17.88,18.61,150597412,2875339520.00
2015/11/03,17.96,18.25,16.84,17.10,82767696,1450252544.00
2015/11/04,16.90,17.86,16.90,17.73,78459302,1368489728.00
2015/11/05,17.74,17.80,17.02,17.28,76116062,1321279232.00
2015/11/06,17.20,17.50,17.09,17.30,54076675,934384640.00
2015/11/09,16.95,17.34,16.30,17.20,63000516,1065008960.00
2015/11/10,17.05,17.66,16.87,17.36,62683032,1089064576.00
2015/11/11,17.37,17.96,17.05,17.76,66388226,1162816128.00
2015/11/12,17.89,17.89,16.94,17.15,55601471,962486400.00
2015/11/13,16.80,16.80,16.03,16.23,46753272,768284608.00
2015/11/16,15.95,16.69,15.78,16.61,29026208,474869504.00
2015/11/17,16.77,16.88,16.29,16.38,36590278,606718400.00
2015/11/18,16.38,16.55,15.58,15.64,28844704,462667584.00
2015/11/19,15.54,16.16,15.50,16.09,26905804,426437984.00
2015/11/20,16.08,16.08,15.60,15.77,38138499,601867008.00
2015/11/23,15.77,16.66,15.70,16.06,38832672,627721536.00
2015/11/24,16.08,16.13,15.63,15.96,22355348,353717024.00
2015/11/25,15.90,16.35,15.89,16.26,33587211,543214656.00
2015/11/26,16.48,16.48,15.86,15.91,31058778,501615744.00
2015/11/27,15.82,15.83,14.32,14.32,38909723,586371136.00
2015/11/30,14.32,14.53,13.21,13.95,30018303,418031872.00
2015/12/01,13.89,14.20,13.67,14.10,19656249,273369088.00
2015/12/02,14.10,15.02,13.68,14.80,36980103,534433440.00
2015/12/03,14.85,15.10,14.61,14.90,30811510,457900096.00
2015/12/04,14.70,14.82,14.45,14.55,21990035,321634848.00
2015/12/07,14.76,14.85,14.58,14.75,19029663,280380544.00
2015/12/08,14.65,14.67,14.06,14.07,19401274,276894304.00
2015/12/09,13.90,14.22,13.70,13.90,16512377,230259872.00
2015/12/10,13.70,14.48,13.70,14.09,20838163,294197280.00
2015/12/11,14.00,14.06,13.68,13.80,15603661,216440848.00
2015/12/14,13.61,14.34,13.51,14.28,20126682,278944384.00
2015/12/15,14.50,14.85,14.36,14.51,28577805,418197472.00
2015/12/16,14.52,14.79,14.36,14.55,23197125,337631168.00
2015/12/17,14.59,14.89,14.49,14.79,28334621,417729056.00
2015/12/18,15.00,15.25,14.83,15.16,39191483,591198784.00
2015/12/21,15.20,16.38,15.05,16.10,64546173,1014450816.00
2015/12/22,16.00,16.00,15.52,15.72,43520298,684226368.00
2015/12/23,15.69,15.88,15.34,15.44,30534262,477378784.00
2015/12/24,15.38,15.45,14.93,15.12,21525798,325641184.00
2015/12/25,15.30,15.64,15.20,15.56,28072733,433805312.00
2015/12/28,15.93,16.28,15.11,15.25,50719447,801481920.00
2015/12/29,15.03,15.27,14.86,15.15,24899105,373897984.00
2015/12/30,15.22,15.30,14.90,15.16,21427955,323500576.00
2015/12/31,15.19,15.19,14.91,14.93,15926490,239373872.00
2016/01/04,14.93,14.93,13.44,13.44,20622554,289769696.00
2016/01/05,12.74,13.36,12.35,12.74,29044334,372228416.00
2016/01/06,13.09,13.22,12.85,13.19,22225424,290748320.00
2016/01/07,12.90,12.98,11.88,11.92,6251286,77407024.00
2016/01/08,12.30,12.32,11.36,11.96,24746308,296337472.00
2016/01/11,11.69,11.85,10.90,10.93,21518055,245470512.00
2016/01/12,10.90,11.23,10.81,11.12,15456939,171061664.00
2016/01/13,11.18,11.23,10.40,10.40,14924602,163737120.00
2016/01/14,10.15,10.97,10.02,10.85,19777918,208154512.00
2016/01/15,11.00,11.38,10.72,10.93,24609214,272432192.00
2016/01/18,11.05,11.49,10.96,11.47,25999501,294585216.00
2016/01/19,11.30,11.75,11.13,11.71,27215991,312631040.00
2016/01/20,11.55,11.73,11.31,11.45,19585211,225787760.00
2016/01/21,11.29,11.59,10.83,10.89,16480997,185630592.00
2016/01/22,11.14,11.16,10.74,11.12,12857564,141385008.00
2016/01/25,11.25,11.37,11.14,11.25,11369878,127855184.00
2016/01/26,11.11,11.13,10.15,10.21,16392998,175519184.00
2016/01/27,10.35,10.50,9.50,10.27,18786340,189979888.00
2016/01/28,10.09,10.50,10.01,10.17,17103158,175103856.00
2016/01/29,10.17,10.68,10.11,10.57,15382813,160446096.00
2016/02/01,10.50,10.64,10.22,10.44,10544515,110371176.00
2016/02/02,10.54,10.87,10.46,10.74,12311127,131402616.00
2016/02/03,10.51,11.19,10.37,10.99,15180360,163271328.00
2016/02/04,10.92,11.23,10.87,11.08,16648393,184048576.00
2016/02/05,11.22,11.22,10.90,10.90,9872860,108838256.00
2016/02/15,10.50,11.10,10.41,10.98,10855859,117063656.00
2016/02/16,10.98,11.69,10.97,11.60,21940323,249132176.00
2016/02/17,11.50,11.80,11.33,11.58,20617100,238692944.00
2016/02/18,11.68,11.98,11.50,11.61,22607262,265347744.00
2016/02/19,11.59,11.74,11.37,11.48,15866776,182756496.00
2016/02/22,11.62,11.75,11.44,11.69,20072788,233011472.00
2016/02/23,11.70,11.99,11.60,11.85,22038352,259246272.00
2016/02/24,11.85,12.29,11.79,12.08,25818690,310864000.00
2016/02/25,11.94,11.99,10.87,10.88,25142267,286888384.00
2016/02/26,11.00,11.12,10.60,10.85,16038154,174625872.00
2016/02/29,10.86,10.95,10.07,10.52,16786610,174781840.00
2016/03/01,10.53,10.89,10.28,10.81,12684537,134794592.00
2016/03/02,10.89,11.35,10.80,11.30,17461708,193841664.00
2016/03/03,11.27,12.29,11.20,11.74,31652348,369081152.00
2016/03/04,11.69,11.79,11.09,11.40,21616977,247044032.00
2016/03/07,11.41,11.75,11.41,11.68,16326801,188957584.00
2016/03/08,11.60,11.79,11.12,11.74,18733467,214993696.00
2016/03/09,11.61,12.05,11.41,11.73,23096657,272370944.00
2016/03/10,11.60,11.85,11.30,11.36,14821418,171928480.00
2016/03/11,11.21,11.34,11.03,11.15,8307353,92926256.00
2016/03/14,11.30,11.75,11.28,11.57,13940084,161205136.00
2016/03/15,11.50,11.65,11.36,11.40,8661622,99372208.00
2016/03/16,11.48,11.55,11.15,11.30,8406425,95354264.00
2016/03/17,11.39,11.68,11.32,11.63,13865372,160029088.00
2016/03/18,11.73,12.06,11.71,11.90,25019445,297733888.00
2016/03/21,11.96,12.61,11.90,12.43,35005151,428458752.00
2016/03/22,12.29,12.34,12.07,12.13,21517539,262978176.00
2016/03/23,12.14,12.28,12.04,12.21,12992096,158003328.00
2016/03/24,12.04,12.10,11.85,11.86,16442437,196659824.00
2016/03/25,11.95,12.10,11.86,12.03,11071448,132500032.00
2016/03/28,12.03,12.18,11.74,11.78,17322832,207938928.00
2016/03/29,11.75,11.85,11.50,11.62,13151552,153555728.00
2016/03/30,11.70,11.99,11.67,11.99,14826776,175392352.00
2016/03/31,12.02,12.09,11.88,11.91,12565155,150385120.00
2016/04/01,11.80,11.87,11.58,11.80,11620180,136449088.00
2016/04/05,11.85,12.17,11.77,12.10,17539313,210938240.00
2016/04/06,12.05,12.16,11.97,12.14,17457153,210889568.00
2016/04/07,12.07,12.16,11.81,11.81,17071005,204326784.00
2016/04/08,11.69,11.86,11.58,11.80,14298911,166912848.00
2016/04/11,11.90,12.06,11.88,11.99,19064244,228097776.00
2016/04/12,11.95,12.02,11.74,11.83,9989093,118321752.00
2016/04/13,11.93,12.20,11.90,12.08,25742778,311394400.00
2016/04/14,12.13,12.19,12.01,12.13,14520262,175683808.00
2016/04/15,12.13,12.39,12.08,12.26,24169259,296408000.00
2016/04/18,12.14,12.15,11.85,11.92,16752804,200275552.00
2016/04/19,12.00,12.03,11.78,11.90,10978597,130587288.00
2016/04/20,11.86,11.95,11.01,11.18,25300849,288656224.00
2016/04/21,11.16,11.28,10.95,11.03,11691502,130085256.00
2016/04/22,10.97,11.15,10.90,11.09,7920555,87228072.00
2016/04/25,11.03,11.03,10.81,11.00,7486294,81817296.00
2016/04/26,11.01,11.15,10.97,11.14,7145505,79125376.00
2016/04/27,11.15,11.23,11.04,11.09,7736278,86310240.00
2016/04/28,11.11,11.25,10.92,11.10,8116883,90125952.00
2016/04/29,11.05,11.24,10.98,11.15,6193356,68977880.00
2016/05/03,11.24,12.27,11.08,12.27,30749732,368315936.00
2016/05/04,12.37,12.57,12.13,12.29,48136340,594966080.00
2016/05/05,12.29,12.33,12.08,12.30,18342506,224094848.00
2016/05/06,12.29,12.39,11.61,11.69,24933340,298783488.00
2016/05/09,11.60,12.08,11.35,11.70,22685742,267114496.00
2016/05/10,11.52,12.48,11.41,12.34,37918913,458021152.00
2016/05/11,12.30,13.10,12.18,12.63,58738165,748400768.00
2016/05/12,12.35,13.20,11.88,13.00,44780936,565071104.00
2016/05/13,12.90,13.20,12.62,13.00,35324698,454926272.00
2016/05/16,12.90,13.10,12.61,13.04,29478860,380722144.00
2016/05/17,13.06,13.07,12.40,12.41,31077895,394561792.00
2016/05/18,12.25,12.65,12.05,12.65,29654981,368183168.00
2016/05/19,12.60,12.90,12.49,12.59,27731230,351654048.00
2016/05/20,12.36,12.71,12.30,12.61,19436577,242956096.00
2016/05/23,12.61,13.02,12.52,13.00,31527066,402986048.00
2016/05/24,13.01,13.09,12.50,12.50,24689132,314443424.00
2016/05/25,12.65,12.77,12.32,12.52,18617522,233925136.00
2016/05/26,12.55,12.56,12.12,12.46,17044587,210313056.00
2016/05/27,12.40,12.66,12.38,12.49,15942221,199778528.00
2016/05/30,12.35,12.44,12.15,12.18,13072323,160279440.00
2016/05/31,12.23,12.81,12.23,12.80,26636058,335590624.00
2016/06/01,12.79,13.15,12.68,12.97,34760253,448131136.00
2016/06/02,12.93,13.07,12.80,12.99,22112473,286160960.00
2016/06/03,13.00,13.54,12.81,13.39,44673648,593388544.00
2016/06/06,13.30,13.49,13.12,13.23,22762938,301806400.00
2016/06/07,13.25,13.60,13.20,13.26,27529110,368221120.00
2016/06/08,13.20,13.48,12.86,13.29,27552659,362370976.00
2016/06/13,13.04,13.79,13.00,13.20,39802197,534125056.00
2016/06/14,13.00,13.15,12.66,12.89,24243732,311689024.00
2016/06/15,12.70,13.48,12.61,13.45,29818325,395146528.00
2016/06/16,13.40,13.52,13.11,13.22,23139310,307782752.00
2016/06/17,13.24,13.73,13.24,13.34,25827883,347679936.00
2016/06/20,13.32,13.38,12.82,13.07,20885352,272108832.00
2016/06/21,13.15,13.22,12.62,12.77,20753404,268406544.00
2016/06/22,12.77,12.90,12.64,12.89,16153236,206026784.00
2016/06/23,12.85,12.93,12.52,12.70,13827884,175731840.00
2016/06/24,12.71,12.87,12.22,12.50,18643899,234303632.00
2016/06/27,12.35,12.72,12.35,12.72,14206785,179442080.00
2016/06/28,12.64,12.84,12.60,12.76,16512877,210362592.00
2016/06/29,12.80,12.91,12.65,12.72,16421663,209350336.00
2016/06/30,12.79,12.90,12.68,12.79,12854674,164148304.00
2016/07/01,12.80,13.08,12.72,12.99,21231704,273915808.00
2016/07/04,12.89,13.18,12.85,13.12,20975643,273768032.00
2016/07/05,13.13,13.21,12.96,13.05,16837655,219771360.00
2016/07/06,13.05,13.15,12.78,13.15,20829673,270672064.00
2016/07/07,13.10,13.28,13.01,13.19,24061113,317051936.00
2016/07/08,13.20,13.21,12.95,12.98,15336577,200298736.00
2016/07/11,13.00,13.52,12.88,13.24,32723618,433323616.00
2016/07/12,13.40,14.56,13.38,14.56,76754103,1092269056.00
2016/07/13,14.80,14.92,14.13,14.37,54830703,795758016.00
2016/07/14,14.33,14.60,14.03,14.27,32770261,469052608.00
2016/07/15,13.35,13.50,12.90,13.12,82706171,1092457984.00
2016/07/18,12.97,13.00,12.61,12.90,36732527,470349760.00
2016/07/19,12.90,13.04,12.78,13.00,22209627,287132928.00
2016/07/20,12.96,13.01,12.81,12.86,18430230,237820928.00
2016/07/21,12.87,13.08,12.83,12.92,18192954,235963040.00
2016/07/22,12.91,13.02,12.68,12.71,17133228,220247136.00
2016/07/25,12.68,12.79,12.61,12.72,11618856,147491360.00
2016/07/26,12.73,12.95,12.68,12.90,15819346,203423696.00
2016/07/27,12.94,12.95,11.90,12.17,26879741,333566048.00
2016/07/28,12.20,12.28,11.97,12.14,17389796,210601504.00
2016/07/29,12.18,12.50,12.18,12.33,17782349,219570048.00
2016/08/01,12.24,12.48,12.03,12.37,11780775,144914064.00
2016/08/02,12.38,12.60,12.27,12.48,10445200,130307552.00
2016/08/03,12.38,12.53,12.38,12.43,6706403,83413992.00
2016/08/04,12.45,12.56,12.40,12.49,7657839,95676376.00
2016/08/05,12.49,12.52,12.24,12.25,12000479,147903824.00
2016/08/08,12.26,12.36,12.06,12.34,7084899,86713776.00
2016/08/09,12.34,12.48,12.30,12.42,8543437,105923472.00
2016/08/10,12.42,12.48,12.25,12.27,11444690,141309696.00
2016/08/11,12.27,12.31,12.09,12.09,11256987,136969152.00
2016/08/12,12.09,12.25,12.06,12.20,6977657,84717648.00
2016/08/15,12.21,12.46,12.15,12.40,15886296,195942288.00
2016/08/16,12.45,12.57,12.35,12.49,17773936,221824592.00
2016/08/17,12.47,12.59,12.39,12.54,14043729,175438128.00
2016/08/18,12.54,12.75,12.52,12.60,16675996,210925008.00
2016/08/19,12.55,12.64,12.46,12.53,9116424,114224488.00
2016/08/22,12.58,12.71,12.47,12.48,13771780,173383584.00
2016/08/23,12.45,12.57,12.27,12.35,9777850,121596488.00
2016/08/24,12.38,12.42,12.28,12.35,6559044,80997096.00
2016/08/25,12.26,12.30,12.15,12.23,8324292,101575672.00
2016/08/26,12.26,12.33,12.22,12.27,5953880,73092688.00
2016/08/29,12.28,12.31,12.21,12.24,4756377,58290928.00
2016/08/30,12.23,12.35,12.23,12.30,5467006,67285288.00
2016/08/31,12.27,12.28,12.11,12.20,7427370,90484672.00
2016/09/01,12.20,12.22,12.02,12.02,8367320,101293144.00
2016/09/02,12.02,12.07,11.87,11.91,7766191,92901656.00
2016/09/05,11.97,12.01,11.90,11.96,4751002,56862056.00
2016/09/06,11.95,12.11,11.92,12.11,7965833,95868632.00
2016/09/07,12.11,12.31,12.06,12.23,11902308,145198800.00
2016/09/08,12.17,12.23,12.03,12.10,8343636,101185400.00
2016/09/09,12.06,12.14,12.00,12.00,5840037,70408168.00
2016/09/12,11.86,11.86,11.33,11.40,14964121,173008192.00
2016/09/13,11.44,11.54,11.40,11.45,4802521,54991716.00
2016/09/14,11.42,11.48,11.30,11.35,5914910,67233864.00
2016/09/19,11.41,11.50,11.39,11.50,3765828,43126444.00
2016/09/20,11.63,11.84,11.58,11.65,10927128,128158800.00
2016/09/21,11.60,11.76,11.54,11.62,4137211,48249404.00
2016/09/22,11.75,11.78,11.59,11.61,5115052,59650620.00
2016/09/23,11.58,11.65,11.55,11.58,3895340,45184660.00
2016/09/26,11.54,11.57,11.31,11.32,4988904,57008688.00
2016/09/27,11.22,11.49,11.22,11.47,4775188,54368412.00
2016/09/28,11.56,11.57,11.45,11.46,4611403,53073256.00
2016/09/29,11.50,11.68,11.48,11.58,6443171,74674856.00
2016/09/30,11.55,11.64,11.48,11.55,4161632,48033884.00
2016/10/10,11.60,11.78,11.56,11.77,7190768,84139872.00
2016/10/11,11.75,11.83,11.71,11.77,5573177,65567672.00
2016/10/12,11.74,11.76,11.67,11.71,4615326,53996120.00
2016/10/13,11.66,11.78,11.62,11.73,6483560,75879256.00
2016/10/14,11.71,11.84,11.70,11.78,6079698,71622408.00
2016/10/17,11.61,11.73,11.56,11.61,6240722,72663656.00
2016/10/18,11.59,11.72,11.57,11.71,6107184,71125984.00
2016/10/19,11.74,11.75,11.60,11.63,5627075,65682056.00
2016/10/20,11.58,11.67,11.58,11.67,5360005,62365244.00
2016/10/21,11.70,12.18,11.69,11.92,21686919,259289344.00
2016/10/24,11.92,12.00,11.78,11.90,11708090,139309552.00
2016/10/25,11.85,11.94,11.83,11.89,6126380,72808352.00
2016/10/26,11.87,12.14,11.82,12.04,15584923,187061264.00
2016/10/27,12.00,12.01,11.85,11.93,6700119,79784792.00
2016/10/28,11.92,11.97,11.76,11.77,5902991,69993144.00
2016/10/31,11.71,11.79,11.59,11.75,5774198,67422168.00
2016/11/01,11.76,11.93,11.71,11.92,6627315,78532288.00
2016/11/02,11.86,11.95,11.72,11.74,6083007,71931328.00
2016/11/03,11.71,11.93,11.71,11.85,7914447,93746456.00
2016/11/04,11.79,11.91,11.77,11.85,5077757,60075820.00
2016/11/07,11.80,11.92,11.80,11.87,5838282,69254328.00
2016/11/08,11.92,11.98,11.84,11.87,7562226,90057128.00
2016/11/09,11.81,11.84,11.60,11.66,9068112,106341264.00
2016/11/10,11.74,11.86,11.74,11.84,6574268,77587096.00
2016/11/11,11.85,11.99,11.81,11.96,10693825,127537400.00
2016/11/14,11.89,12.09,11.85,11.99,10229988,122639232.00
2016/11/15,12.12,12.18,12.02,12.09,13334258,161312848.00
2016/11/16,12.11,12.18,11.99,12.06,9587773,115860736.00
2016/11/17,12.02,12.30,12.01,12.20,14548292,176980160.00
2016/11/18,12.18,12.27,12.04,12.08,8728124,106092856.00
2016/11/21,12.00,12.13,11.98,12.07,6364026,76713264.00
2016/11/22,12.07,12.15,12.02,12.15,6962486,84060320.00
2016/11/23,12.14,12.16,11.99,12.03,7635680,92265280.00
2016/11/24,12.00,12.33,11.95,12.12,17728080,215337056.00
2016/11/25,12.15,12.15,11.82,11.99,12977540,155198384.00
2016/11/28,12.02,12.48,11.99,12.33,21910400,269527072.00
2016/11/29,12.23,12.88,12.08,12.58,43074409,545218624.00
2016/11/30,12.57,12.79,12.41,12.65,24500795,310504000.00
2016/12/01,12.66,12.96,12.51,12.55,19038279,242168848.00
2016/12/02,12.55,12.65,12.30,12.45,15002557,186910448.00
2016/12/05,12.23,12.50,12.21,12.28,8942853,110473288.00
2016/12/06,12.30,12.55,12.26,12.37,11257406,139997136.00
2016/12/07,12.34,12.75,12.34,12.64,14093026,177510112.00
2016/12/08,12.68,12.92,12.55,12.57,18254317,232969088.00
2016/12/09,12.54,12.82,12.49,12.80,15148590,192457616.00
2016/12/12,12.95,13.01,12.54,12.59,21531776,274949056.00
2016/12/13,12.56,13.30,12.50,13.22,33415544,434011040.00
2016/12/14,13.09,13.38,12.91,13.11,25163995,330873888.00
2016/12/15,12.92,13.45,12.92,13.34,17535776,232382112.00
2016/12/16,13.34,13.66,13.24,13.33,21165949,284553120.00
2016/12/19,13.37,13.68,13.22,13.50,20833849,281235520.00
2016/12/20,13.45,13.65,13.15,13.22,15586371,207288176.00
2016/12/21,13.25,13.40,12.99,13.15,17162300,225159680.00
2016/12/22,13.10,13.45,13.04,13.32,13723643,182511824.00
2016/12/23,13.32,13.42,13.08,13.14,8712381,115420616.00
2016/12/26,13.03,13.14,12.64,13.00,10231700,131858512.00
2016/12/27,13.04,13.22,12.86,13.11,7112619,92523424.00
2016/12/28,13.14,13.59,13.05,13.31,10627390,141960880.00
2016/12/29,13.30,13.43,13.09,13.13,5533668,73389168.00
2016/12/30,13.11,13.29,12.97,13.12,8213613,107716760.00
2017/01/03,13.16,13.53,13.09,13.42,9267890,123742768.00
2017/01/04,13.41,13.78,13.32,13.70,14643975,200060560.00
2017/01/05,13.70,13.82,13.52,13.54,9853123,134121952.00
2017/01/06,13.52,13.61,13.35,13.49,7207249,97136712.00
2017/01/09,13.42,13.62,13.35,13.57,6084821,82009992.00
2017/01/10,13.72,13.89,13.45,13.50,11103568,151877152.00
2017/01/11,13.48,13.48,13.08,13.11,13947893,183913408.00
2017/01/12,13.17,13.22,12.88,12.97,6722921,87588016.00
2017/01/13,12.94,12.99,12.68,12.70,5553025,71221768.00
2017/01/16,12.63,12.78,11.50,12.40,13454033,166167696.00
2017/01/17,12.28,12.58,12.11,12.55,5867885,72854656.00
2017/01/18,12.50,12.52,12.04,12.13,8367793,102601928.00
2017/01/19,12.00,12.23,11.90,12.08,4608490,55651292.00
2017/01/20,12.07,12.32,12.07,12.28,4835974,59254056.00
2017/01/23,12.38,12.75,12.30,12.58,7953780,100048384.00
2017/01/24,12.53,12.71,12.41,12.43,4414598,55552468.00
2017/01/25,12.40,12.69,12.03,12.68,10453086,129491016.00
2017/01/26,12.68,12.90,12.61,12.80,7421982,94855488.00
2017/02/03,12.83,13.06,12.79,12.89,6574245,84852216.00
2017/02/06,12.79,12.93,12.61,12.85,6465185,82600184.00
2017/02/07,12.76,13.16,12.71,12.99,8778136,113999056.00
2017/02/08,13.01,13.19,12.89,13.10,5630597,73505432.00
2017/02/09,13.05,13.16,12.98,13.07,6183559,80631896.00
2017/02/10,13.03,13.08,12.84,13.05,6477104,83938920.00
2017/02/13,13.00,13.04,12.84,12.98,6582220,84929544.00
2017/02/14,12.94,13.03,12.89,12.97,6189624,80296112.00
2017/02/15,13.00,13.18,12.79,12.81,10330538,134065264.00
2017/02/16,12.78,13.11,12.76,13.00,7581453,98261616.00
2017/02/17,13.00,13.10,12.88,13.03,8546479,110992552.00
2017/02/20,13.03,13.24,12.94,13.20,14422713,188621888.00
2017/02/21,13.21,13.25,13.07,13.18,10013391,131768896.00
2017/02/22,13.18,13.37,12.99,13.05,11671568,153371664.00
2017/02/23,13.02,13.02,12.77,12.91,11521794,148149200.00
2017/02/24,12.81,12.94,12.76,12.91,9276054,119026872.00
2017/02/27,12.90,13.00,12.81,13.00,8378704,108104544.00
2017/02/28,12.93,13.10,12.88,13.04,6244581,81284464.00
2017/03/01,12.97,13.01,12.92,12.96,6745887,87418736.00
2017/03/02,12.91,13.02,12.86,12.96,6909133,89363600.00
2017/03/03,12.94,13.17,12.86,13.14,12151321,158887344.00
2017/03/06,13.10,13.45,13.03,13.41,14441693,191722912.00
2017/03/07,13.40,13.69,13.28,13.48,13284605,178643152.00
2017/03/08,13.40,13.49,13.30,13.33,8014716,107407640.00
2017/03/09,13.30,13.39,13.26,13.35,5792739,77090888.00
2017/03/10,13.29,13.59,13.29,13.45,8513901,114602552.00
2017/03/13,13.49,13.77,13.39,13.74,9853111,134423808.00
2017/03/14,13.72,13.96,13.59,13.61,9892723,136317392.00
2017/03/15,13.63,13.71,13.54,13.64,5479826,74651112.00
2017/03/16,13.60,13.84,13.54,13.78,7385407,100976112.00
2017/03/17,13.66,13.94,13.61,13.87,9759583,134543456.00
2017/03/20,13.81,14.18,13.75,14.07,11802999,165706544.00
2017/03/21,14.00,14.05,13.87,13.97,6506192,90708800.00
2017/03/22,13.80,13.97,13.80,13.89,6069848,84188768.00
2017/03/23,13.86,14.19,13.77,13.88,11913616,166467632.00
2017/03/24,13.89,13.94,13.61,13.63,10926249,149676032.00
2017/03/27,13.63,13.70,13.36,13.51,12176432,164257360.00
2017/03/28,13.47,13.56,13.37,13.49,7566120,101862728.00
2017/03/29,13.50,13.69,13.42,13.60,7014349,95162224.00
2017/03/30,13.58,13.58,13.04,13.12,9751982,129134904.00
2017/03/31,13.12,13.20,12.82,12.97,7000332,91119800.00
2017/04/05,12.97,13.14,12.84,13.11,6565755,85297016.00
2017/04/06,13.09,13.15,13.04,13.10,4635930,60747940.00
2017/04/07,13.10,13.39,13.05,13.25,4871554,64250272.00
2017/04/10,13.25,13.47,13.18,13.31,7229623,96322744.00
2017/04/11,13.29,13.34,13.08,13.28,5800978,76556992.00
2017/04/12,13.18,13.42,13.14,13.32,6570998,87586944.00
2017/04/13,13.29,13.37,13.16,13.25,5470237,72423792.00
2017/04/14,13.14,13.25,12.94,13.04,6920143,90535080.00
2017/04/17,13.01,13.07,12.90,12.97,5767207,74894616.00
2017/04/18,12.97,13.08,12.80,12.90,7101516,91891688.00
2017/04/19,12.85,13.05,12.56,13.00,8414589,107659096.00
2017/04/20,13.09,13.11,12.93,13.05,5868204,76479040.00
2017/04/21,13.16,13.54,13.16,13.27,8139783,108507280.00
2017/04/24,13.20,13.87,12.91,13.38,13609221,183595584.00
2017/04/25,13.29,13.58,13.20,13.28,8388581,112127632.00
2017/04/26,13.30,13.68,13.20,13.54,9637740,129932584.00
2017/04/27,13.48,13.65,13.27,13.53,6224002,83804576.00
2017/04/28,13.52,13.70,13.40,13.49,5975944,80881104.00
2017/05/02,13.53,13.57,13.31,13.43,4919969,65999648.00
2017/05/03,13.38,13.76,13.34,13.75,10593802,143770928.00
2017/05/04,13.71,13.88,13.46,13.54,9940004,135993456.00
2017/05/05,13.42,13.77,13.13,13.60,8641709,116167912.00
2017/05/08,13.51,13.84,13.32,13.35,8716287,118537704.00
2017/05/09,13.22,13.57,13.10,13.37,6488005,86608568.00
2017/05/10,13.34,13.59,13.21,13.36,4847282,64990064.00
2017/05/11,13.34,13.34,12.91,13.18,10233776,134045176.00
2017/05/12,13.19,13.30,13.11,13.29,4963592,65748484.00
2017/05/15,13.28,13.44,13.17,13.29,3589526,47603864.00
2017/05/16,13.26,13.60,13.08,13.59,5573279,74703168.00
2017/05/17,13.59,13.67,13.48,13.64,6038098,82017336.00
2017/05/18,13.53,13.85,13.49,13.76,7996482,109932944.00
2017/05/19,13.73,13.81,13.57,13.64,3849953,52600372.00
2017/05/22,13.62,14.02,13.52,13.90,15661145,216953024.00
2017/05/23,13.88,14.06,13.58,13.70,18083642,251131728.00
2017/05/24,13.60,13.70,13.32,13.59,7295892,99055704.00
2017/05/25,13.59,14.09,13.43,13.92,15854772,219311344.00
2017/05/26,13.88,14.09,13.77,14.09,11482606,160316128.00
2017/05/31,14.17,14.17,13.82,13.92,12617052,177132016.00
2017/06/01,13.87,13.95,13.29,13.48,17505062,238753920.00
2017/06/02,13.50,13.52,13.20,13.51,10000684,133834536.00
2017/06/05,13.52,13.58,13.34,13.51,5495777,74009080.00
2017/06/06,13.45,13.53,13.37,13.51,4583254,61686548.00
2017/06/07,13.50,13.82,13.45,13.77,9195205,125313128.00
2017/06/08,13.77,13.91,13.62,13.84,12977447,178559696.00
2017/06/09,13.84,14.18,13.81,14.06,19337500,270966688.00
2017/06/12,13.96,13.99,13.62,13.70,12456882,172250576.00
2017/06/13,13.72,14.05,13.66,14.01,15539817,215054960.00
2017/06/14,14.04,14.05,13.67,13.70,9974015,137965264.00
2017/06/15,13.60,13.75,13.57,13.66,7915624,107972136.00
2017/06/16,13.66,13.66,13.52,13.58,6173926,83929336.00
2017/06/19,13.49,13.70,13.46,13.69,4345880,59200656.00
2017/06/20,13.69,13.93,13.62,13.76,7549137,104093352.00
2017/06/21,13.87,13.87,13.36,13.54,10426175,141019088.00
2017/06/22,13.54,13.63,13.03,13.17,9600033,128636440.00
2017/06/23,13.15,13.45,13.13,13.40,7809455,103531664.00
2017/06/26,13.40,13.57,13.32,13.53,6376864,85824496.00
2017/06/27,13.53,13.62,13.43,13.49,3730953,50468776.00
2017/06/28,13.49,13.52,13.32,13.45,3130286,42001036.00
2017/06/29,13.46,13.60,13.42,13.59,4085762,55358524.00
2017/06/30,13.59,13.63,13.46,13.60,4672494,63312832.00
2017/07/03,13.54,13.68,13.54,13.63,4099227,55763824.00
2017/07/04,13.63,13.65,13.50,13.58,3446797,46751532.00
2017/07/05,13.59,13.64,13.48,13.60,6910783,93712056.00
2017/07/06,13.59,13.59,13.20,13.34,12726300,170042720.00
2017/07/07,13.27,13.41,13.20,13.29,5075526,67469048.00
2017/07/10,13.29,13.46,13.16,13.30,5511140,73391248.00
2017/07/11,13.33,13.33,11.97,11.97,19831020,248796752.00
2017/09/05,10.77,10.77,10.77,10.77,10470500,112767288.00
2017/09/06,9.91,10.75,9.91,10.24,116285958,1175492096.00
2017/09/07,9.80,10.12,9.80,9.98,63971234,638124736.00
2017/09/08,10.01,10.16,9.90,10.13,39249309,393486656.00
2017/09/11,10.06,10.12,9.95,10.03,25191186,252321680.00
2017/09/12,10.02,10.02,9.91,9.95,23783897,236868944.00
2017/09/13,9.92,10.03,9.91,10.01,13446135,134346496.00
2017/09/14,9.99,10.03,9.94,9.99,13385126,133505712.00
2017/09/15,9.99,10.02,9.96,10.00,14142747,141299088.00
2017/09/18,10.01,10.05,9.94,10.04,14091093,140704688.00
2017/09/19,10.04,10.04,9.93,9.97,13660507,136103088.00
2017/09/20,9.94,9.97,9.91,9.95,10279343,102187120.00
2017/09/21,9.95,9.96,9.89,9.90,10705679,106192720.00
2017/09/22,9.89,10.02,9.73,9.99,22059405,217334224.00
2017/09/25,9.96,9.98,9.88,9.88,9807904,97202528.00
2017/09/26,9.88,9.91,9.80,9.85,8468002,83280672.00
2017/09/27,9.84,10.00,9.81,9.99,14025854,139447088.00
2017/09/28,9.97,10.38,9.94,10.21,36374311,370598240.00
2017/09/29,10.19,10.32,10.15,10.27,17587845,179725216.00
2017/10/09,10.29,10.66,10.17,10.50,24812728,258479328.00
2017/10/10,10.43,10.57,10.35,10.52,16023738,168012432.00
2017/10/11,10.52,10.67,10.41,10.44,14890981,156478448.00
2017/10/12,10.42,10.42,10.26,10.37,10253158,106146840.00
2017/10/13,10.37,10.55,10.31,10.51,9487956,99453920.00
2017/10/16,10.57,10.57,10.27,10.31,11665544,121537912.00
2017/10/17,10.30,10.45,10.28,10.36,8026246,83277608.00
2017/10/18,10.39,10.66,10.35,10.46,13013783,136906128.00
2017/10/19,10.45,10.52,10.23,10.45,12613825,130550072.00
2017/10/20,10.40,10.62,10.32,10.54,8967597,94124880.00
2017/10/23,10.56,10.66,10.47,10.56,12180484,128991600.00
2017/10/24,10.55,10.58,10.37,10.42,8387699,87679328.00
2017/10/25,10.41,10.70,10.36,10.50,7697484,81089856.00
2017/10/26,10.50,10.68,10.42,10.42,7636021,80122776.00
2017/10/27,10.37,10.48,10.18,10.28,13122793,135323696.00
2017/10/30,10.22,10.24,9.25,10.10,19608502,195093552.00
2017/10/31,10.05,10.05,9.71,9.91,13536153,133048456.00
2017/11/01,9.89,10.46,9.31,10.25,33279478,326031136.00
2017/11/02,10.01,10.35,9.92,10.09,19274062,195721296.00
2017/11/03,10.14,10.16,9.91,10.11,11879098,119355928.00
2017/11/06,10.16,10.16,9.96,10.00,10198517,102404128.00
2017/11/07,10.00,10.07,9.90,10.05,8915846,89022888.00
2017/11/08,10.00,10.07,9.93,9.96,10027189,100194336.00
2017/11/09,10.00,10.03,9.86,9.92,10258416,101823888.00
2017/11/10,9.92,9.92,9.63,9.70,14418528,140308912.00
2017/11/13,9.72,9.74,9.46,9.60,12667176,121319152.00
2017/11/14,9.58,9.58,9.39,9.49,11082521,104951344.00
2017/11/15,9.46,9.49,9.36,9.46,10235507,96317216.00
2017/11/16,9.45,9.54,9.36,9.51,9067083,85829656.00
2017/11/17,9.51,9.53,8.86,9.43,18770268,173684144.00
2017/11/20,9.14,9.20,8.78,9.13,20073122,179658016.00
2017/11/21,9.04,9.08,8.85,8.90,13905683,124270960.00
2017/11/22,8.88,8.89,8.50,8.54,19775795,171584032.00
2017/11/23,8.45,8.45,8.20,8.29,18337289,152278976.00
2017/11/24,8.40,8.59,8.20,8.33,8585091,71765864.00
2017/11/27,8.18,8.25,8.05,8.06,10603100,86384616.00
2017/11/28,8.08,8.16,8.02,8.15,5655224,45776672.00
2017/11/29,8.14,8.14,7.92,8.04,11602359,92666824.00
2017/11/30,8.01,8.01,7.84,7.85,7480412,59214484.00
2017/12/01,7.81,7.81,7.56,7.69,17696150,135822096.00
2017/12/04,7.65,7.65,7.41,7.53,15944501,119657152.00
2017/12/05,7.46,7.69,7.41,7.59,15429810,116923096.00
2017/12/06,7.59,7.59,7.17,7.37,19032205,139933408.00
2017/12/07,7.33,7.36,7.24,7.29,8245822,60191992.00
2017/12/08,7.30,7.57,7.28,7.48,11163043,83534104.00
2017/12/11,7.44,7.58,7.39,7.55,11456274,85755680.00
2017/12/12,7.47,7.52,7.45,7.45,6680901,49928624.00
2017/12/13,7.45,7.49,7.42,7.47,4743203,35358968.00
2017/12/14,7.46,7.52,7.40,7.48,5365295,39968616.00
2017/12/15,7.48,7.48,7.10,7.34,7291070,53361968.00
2017/12/18,7.28,7.37,7.25,7.26,5776579,42100456.00
2017/12/19,7.28,7.42,7.26,7.34,7445074,54652476.00
2017/12/20,7.37,7.37,7.06,7.06,11226903,80744664.00
2017/12/21,7.00,7.18,6.98,7.14,11069030,78261976.00
2017/12/22,7.26,7.54,7.19,7.26,16516561,121371144.00
2017/12/25,7.26,7.27,6.90,6.94,14786627,103698200.00
2017/12/26,6.89,6.96,6.85,6.94,6929350,47837764.00
2017/12/27,7.10,7.25,7.03,7.09,13819164,98779616.00
2017/12/28,7.06,7.12,6.97,7.02,8207692,57746160.00
2017/12/29,7.00,7.30,6.98,7.20,12409163,88995024.00
2018/01/02,7.07,7.15,7.03,7.12,9475862,67243088.00
2018/01/03,7.13,7.20,7.07,7.16,8770058,62532736.00
2018/01/04,7.15,7.47,7.10,7.40,18055800,132481576.00
2018/01/05,7.31,7.41,7.28,7.38,9857286,72313456.00
2018/01/08,7.26,7.30,7.13,7.15,13316329,95470656.00
2018/01/09,7.15,7.29,7.10,7.15,10861974,78159080.00
2018/01/10,7.10,7.12,6.97,7.07,11437043,80594552.00
2018/01/11,7.05,7.10,6.98,7.10,6164682,43396308.00
2018/01/12,7.09,7.17,7.00,7.07,7366432,52059440.00
2018/01/15,7.03,7.05,6.85,6.85,9293618,64409936.00
2018/01/16,6.86,6.91,6.78,6.86,5985814,40942624.00
2018/01/17,6.83,6.86,6.65,6.81,10244440,69093704.00
2018/01/18,6.79,6.84,6.73,6.76,4976538,33734384.00
2018/01/19,6.75,6.81,6.69,6.70,6599540,44536924.00
2018/01/22,6.03,6.22,6.03,6.03,20642002,124929128.00
2018/01/23,5.84,6.02,5.81,5.90,21245810,125464632.00
2018/01/24,5.88,5.95,5.84,5.89,9920407,58480888.00
2018/01/25,5.88,6.13,5.85,6.05,17750568,106651208.00
2018/01/26,6.00,6.02,5.91,5.94,9461495,56389304.00
2018/01/29,5.92,5.93,5.67,5.71,14576494,84298640.00
2018/01/30,5.68,5.81,5.68,5.73,7846121,44979076.00
2018/01/31,5.69,5.69,5.28,5.31,19852590,108076960.00
2018/02/01,5.33,5.40,4.98,5.01,15635110,81018384.00
2018/02/02,5.02,5.08,4.86,4.98,13635770,68041488.00
2018/02/05,4.70,4.96,4.70,4.90,12626299,61217660.00
2018/02/06,4.79,4.86,4.58,4.58,13772807,65091736.00
2018/02/07,4.64,5.04,4.63,5.04,20797334,100234248.00
2018/02/08,5.18,5.34,5.02,5.03,27497600,142167392.00
2018/02/09,4.73,4.87,4.60,4.77,19282248,91781128.00
2018/02/12,4.86,5.25,4.80,5.25,13294618,67687296.00
2018/02/13,5.47,5.59,5.15,5.15,29687335,159737104.00
2018/02/14,5.07,5.24,5.07,5.17,14038096,72404456.00
2018/02/22,5.14,5.41,5.11,5.26,14083910,74331872.00
2018/02/23,5.26,5.26,5.18,5.22,9357631,48738864.00
2018/02/26,5.21,5.30,5.10,5.29,14199201,74123024.00
2018/02/27,5.27,5.46,5.21,5.32,13186305,70107136.00
2018/02/28,5.19,5.22,5.08,5.16,11524771,59518232.00
2018/03/01,5.12,5.29,5.10,5.24,12540419,65402200.00
2018/03/02,5.20,5.27,5.13,5.17,10875346,56364596.00
2018/03/05,5.14,5.19,5.06,5.09,9377920,47965432.00
2018/03/06,5.13,5.15,5.07,5.14,7485718,38327256.00
2018/03/07,5.15,5.28,5.11,5.22,11847240,61523308.00
2018/03/08,5.18,5.21,5.14,5.17,9320252,48192424.00
2018/03/09,5.17,5.39,5.14,5.27,17240057,90935336.00
2018/03/12,5.23,5.46,5.22,5.40,18032342,96406256.00
2018/03/13,5.37,5.94,5.34,5.67,42962028,244574752.00
2018/03/14,5.55,5.62,5.46,5.47,20837552,115245256.00
2018/03/15,5.42,5.44,5.28,5.36,14535188,77744768.00
2018/03/16,5.36,5.45,5.33,5.37,9460144,51054488.00
2018/03/19,5.63,5.91,5.63,5.91,26005907,152737232.00
2018/03/20,6.20,6.45,5.95,5.98,60663367,373159424.00
2018/03/21,5.92,5.96,5.70,5.75,33204489,193715136.00
2018/03/22,5.69,5.78,5.58,5.58,21247779,120071648.00
2018/03/23,5.40,5.46,5.10,5.18,24603518,131420640.00
2018/03/26,5.14,5.23,4.95,5.22,14236974,72546648.00
2018/03/27,5.27,5.45,5.23,5.35,13464078,71989248.00
2018/03/28,5.22,5.34,5.22,5.29,10917079,57675912.00
2018/03/29,5.29,5.34,5.21,5.31,9380582,49558052.00
2018/03/30,5.33,5.35,5.25,5.32,8443039,44783848.00
2018/04/02,5.45,5.59,5.37,5.40,16252941,88421368.00
2018/04/03,5.31,5.32,5.20,5.26,10588601,55663588.00
2018/04/04,5.27,5.30,5.17,5.18,8910863,46593300.00
2018/04/09,5.15,5.15,5.01,5.08,10600021,53659176.00
2018/04/10,5.10,5.10,5.02,5.07,6866660,34666772.00
2018/04/11,5.09,5.27,5.05,5.25,13155187,67642208.00
2018/04/12,5.18,5.23,5.11,5.11,8842423,45579088.00
2018/04/13,5.10,5.14,5.03,5.05,6258292,31759360.00
2018/04/16,5.05,5.10,4.97,5.01,7099101,35732216.00
2018/04/17,5.01,5.05,4.82,4.87,8642971,42638000.00
2018/04/18,4.90,4.93,4.75,4.85,7846726,37868576.00
2018/04/19,4.85,4.98,4.83,4.94,7337478,36067932.00
2018/04/20,4.92,4.93,4.79,4.80,6876936,33448430.00
2018/04/23,4.75,4.79,4.65,4.72,7181120,33825772.00
2018/04/24,4.71,4.77,4.64,4.75,8080913,38189092.00
2018/04/25,4.69,4.74,4.65,4.68,8267700,38800996.00
2018/04/27,4.51,4.67,4.45,4.56,22748073,103193280.00
2018/05/02,4.54,4.67,4.52,4.53,8927429,40915180.00
2018/05/03,4.51,4.71,4.48,4.63,11074655,50679796.00
2018/05/04,4.62,4.75,4.60,4.72,7216268,33819368.00
2018/05/07,4.73,4.85,4.70,4.77,7011150,33489562.00
2018/05/08,4.88,5.01,4.85,4.96,17492117,86881720.00
2018/05/09,4.95,5.09,4.92,5.00,12374652,62052180.00
2018/05/10,4.99,5.03,4.93,4.96,6874100,34122540.00
2018/05/11,4.95,5.14,4.93,5.02,8882617,44809256.00
2018/05/14,5.04,5.05,4.90,4.90,8183069,40608812.00
2018/05/15,4.90,4.96,4.89,4.94,5109103,25172234.00
2018/05/16,4.91,4.97,4.89,4.94,4019742,19855398.00
2018/05/17,4.92,4.95,4.90,4.92,3032235,14914530.00
2018/05/18,4.93,5.02,4.92,5.00,5683634,28317296.00
2018/05/21,5.01,5.08,4.98,5.01,6945162,34851492.00
2018/05/22,5.14,5.26,5.07,5.08,14380782,74120392.00
2018/05/23,5.03,5.13,4.94,5.09,9860235,49725976.00
2018/05/24,5.19,5.22,5.08,5.09,10155890,52190912.00
2018/05/25,5.05,5.10,5.04,5.06,6798260,34415412.00
2018/05/28,5.05,5.06,4.96,4.99,6193800,30939394.00
2018/05/29,4.99,5.04,4.89,4.89,5365900,26612338.00
2018/05/30,4.90,4.90,4.65,4.66,8918003,42167700.00
2018/05/31,4.68,4.79,4.67,4.77,5613044,26625262.00
2018/06/01,4.76,4.80,4.69,4.73,3915654,18599246.00
2018/06/04,4.72,4.80,4.72,4.76,3004480,14292871.00
2018/06/05,4.76,4.81,4.76,4.80,2518568,12046551.00
2018/06/06,4.79,4.89,4.77,4.88,3513953,16977692.00
2018/06/07,4.89,4.92,4.80,4.81,3613600,17518330.00
2018/06/08,4.82,4.84,4.70,4.71,4190190,19809074.00
2018/06/11,4.80,4.84,4.73,4.75,3989669,19035280.00
2018/06/12,4.82,4.89,4.79,4.87,6981143,33768316.00
2018/06/13,4.83,5.06,4.78,4.91,8780982,43358612.00
2018/06/14,4.91,5.11,4.90,5.03,8453881,42539436.00
2018/06/15,5.04,5.07,4.85,4.92,8478177,41876916.00
2018/06/19,4.77,4.83,4.67,4.67,6719700,31761154.00
2018/06/20,4.56,4.66,4.44,4.59,7695787,35169568.00
2018/06/21,4.60,4.67,4.48,4.55,5230407,23985038.00
2018/06/22,4.56,4.68,4.54,4.65,4288077,19861148.00
2018/06/25,4.70,4.70,4.58,4.59,3517118,16321046.00
2018/06/26,4.51,4.65,4.51,4.61,4086900,18747956.00
2018/06/27,4.61,4.68,4.55,4.56,4771603,21931264.00
2018/06/28,4.51,4.60,4.51,4.53,2984503,13603695.00
2018/06/29,4.55,4.61,4.53,4.61,3678930,16834424.00
2018/07/02,4.66,4.83,4.61,4.68,8545900,40299884.00
2018/07/03,4.70,4.77,4.65,4.73,4640400,21814708.00
2018/07/04,4.72,4.77,4.71,4.75,4667803,22135424.00
2018/07/05,4.74,4.77,4.65,4.67,5314990,25118970.00
2018/07/06,4.68,4.76,4.61,4.66,4668390,21874466.00
2018/07/09,4.65,4.71,4.65,4.70,3964141,18545904.00
2018/07/10,4.72,4.72,4.66,4.70,2814403,13175584.00
2018/07/11,4.68,4.70,4.51,4.58,5427600,25076928.00
2018/07/12,4.59,4.74,4.58,4.72,5322554,24928910.00
2018/07/13,4.72,4.96,4.70,4.96,13876379,68184496.00
2018/07/16,4.96,5.09,4.92,4.99,9310542,46662368.00
2018/07/17,4.96,5.24,4.95,5.10,10159364,51903872.00
2018/07/18,5.13,5.20,5.06,5.11,7464792,38330036.00
2018/07/19,5.13,5.18,4.95,4.97,11804976,59865364.00
2018/07/20,4.97,5.13,4.96,5.10,5394313,27259394.00
2018/07/23,5.12,5.31,5.10,5.26,8158094,42707516.00
2018/07/24,5.26,5.30,5.20,5.26,6616592,34674184.00
2018/07/25,5.26,5.30,5.21,5.25,4785936,25075076.00
2018/07/26,5.27,5.44,5.24,5.26,10545525,56239072.00
2018/07/27,5.26,5.37,5.13,5.14,9482752,49405268.00
2018/07/30,5.14,5.20,5.09,5.14,3881797,19976312.00
2018/07/31,5.20,5.26,5.13,5.26,4283495,22248038.00
2018/08/01,5.23,5.31,5.22,5.25,6089896,32109220.00
2018/08/02,5.25,5.29,5.04,5.15,8855257,45686192.00
2018/08/03,5.14,5.17,5.07,5.09,3427869,17532318.00
2018/08/06,5.11,5.18,5.06,5.09,4023562,20535266.00
2018/08/07,5.11,5.19,5.06,5.16,3712940,19031014.00
2018/08/08,5.16,5.20,4.95,4.99,7213420,36454940.00
2018/08/09,5.00,5.07,4.91,5.04,4540712,22878964.00
2018/08/10,5.03,5.15,5.02,5.07,4526243,23019372.00
2018/08/13,4.97,5.07,4.97,5.05,5132210,25804114.00
2018/08/14,5.05,5.15,5.05,5.07,3327980,16947306.00
2018/08/15,5.06,5.11,5.00,5.00,3165516,15987177.00
2018/08/16,5.03,5.15,4.98,5.07,4999419,25335618.00
2018/08/17,5.07,5.12,4.97,4.97,5310394,26705742.00
2018/08/20,5.00,5.02,4.72,4.82,7468619,36071336.00
2018/08/21,4.85,4.90,4.77,4.87,4254510,20635192.00
2018/08/22,4.85,4.92,4.83,4.84,2885114,14036874.00
2018/08/23,4.83,4.87,4.81,4.82,2913030,14084098.00
2018/08/24,4.93,5.04,4.88,4.93,5569744,27537138.00
2018/08/27,4.93,5.00,4.91,4.97,3797213,18819082.00
2018/08/28,4.98,5.04,4.96,5.03,3157728,15794947.00
2018/08/29,5.04,5.04,4.98,4.99,2082630,10411488.00
2018/08/30,4.99,4.99,4.90,4.90,3396201,16744523.00
2018/08/31,4.88,4.95,4.83,4.90,2684627,13134800.00
2018/09/03,4.90,4.90,4.80,4.86,2758400,13334951.00
2018/09/04,4.86,4.90,4.83,4.87,1936031,9416469.00
2018/09/05,4.85,4.93,4.85,4.86,2415523,11811787.00
2018/09/06,4.85,4.87,4.76,4.77,3253215,15650459.00
2018/09/07,4.80,4.82,4.67,4.69,3877100,18360596.00
2018/09/10,4.68,4.72,4.61,4.63,4186695,19517062.00
2018/09/11,4.64,4.72,4.60,4.67,2519022,11715875.00
2018/09/12,4.76,4.82,4.69,4.72,3625300,17211420.00
2018/09/13,4.72,4.75,4.69,4.71,3388323,15940342.00
2018/09/14,4.71,4.74,4.69,4.71,1820300,8574829.00
2018/09/17,4.70,4.70,4.61,4.63,2755016,12833296.00
2018/09/18,4.63,4.69,4.60,4.68,1720401,8011375.50
2018/09/19,4.68,4.73,4.65,4.70,2467902,11611360.00
2018/09/20,4.68,4.71,4.66,4.67,2964640,13884886.00
2018/09/21,4.70,4.73,4.67,4.72,2667871,12553865.00
2018/09/25,4.71,4.78,4.69,4.74,2721000,12890605.00
2018/09/26,4.75,4.82,4.74,4.78,3143896,15045482.00
2018/09/27,4.76,4.85,4.74,4.76,3354900,16110812.00
2018/09/28,4.77,4.86,4.77,4.82,3501953,16883940.00
2018/10/08,4.78,4.81,4.72,4.74,3382100,16113596.00
2018/10/09,4.74,4.80,4.73,4.76,2018941,9606187.00
2018/10/10,4.78,4.79,4.73,4.75,1520503,7235809.00
2018/10/11,4.64,4.68,4.51,4.51,5250553,23987264.00
2018/10/12,4.44,4.49,4.28,4.34,6484198,28114432.00
2018/10/15,4.36,4.42,4.32,4.32,3221695,14128595.00
2018/10/16,4.32,4.37,4.23,4.26,2291322,9865751.00
2018/10/17,4.27,4.34,4.05,4.09,9940632,40791844.00
2018/10/18,4.07,4.07,3.90,3.95,10503318,41405084.00
2018/10/19,3.93,4.09,3.91,4.09,5793702,23263606.00
2018/10/22,4.12,4.29,4.12,4.24,9543000,40515592.00
2018/10/23,4.25,4.33,4.20,4.26,6484018,27636116.00
2018/10/24,4.28,4.34,4.25,4.34,6439560,27667300.00
2018/10/25,4.37,4.46,4.28,4.36,10664419,46559176.00
2018/10/26,4.37,4.52,4.37,4.50,15904856,70827472.00
2018/10/29,4.52,4.56,4.35,4.35,7726700,34189764.00
2018/10/30,4.36,4.40,4.33,4.38,3528100,15420589.00
2018/10/31,4.38,4.45,4.36,4.41,5872052,25832296.00
2018/11/01,4.40,4.51,4.38,4.45,7824880,34755264.00
2018/11/02,4.49,4.52,4.42,4.50,8216596,36657908.00
2018/11/05,4.48,4.52,4.40,4.49,7314705,32711264.00
2018/11/06,4.45,4.52,4.43,4.50,5187175,23225894.00
2018/11/07,4.50,4.57,4.48,4.52,7298588,33030578.00
2018/11/08,4.54,4.75,4.53,4.66,10613022,49476220.00
2018/11/09,4.59,4.75,4.59,4.66,8616623,40291268.00
2018/11/12,4.67,4.71,4.57,4.70,6704161,31299230.00
2018/11/13,4.66,4.94,4.65,4.94,17671687,86091432.00
2018/11/14,4.93,5.08,4.82,4.88,13687161,67257192.00
2018/11/15,4.84,4.92,4.82,4.92,6069300,29565060.00
2018/11/16,4.92,5.06,4.86,5.05,9973333,49660404.00
2018/11/19,5.01,5.30,4.98,5.23,14632854,75854688.00
2018/11/20,5.19,5.36,5.17,5.22,12207109,64057024.00
2018/11/21,5.17,5.48,5.16,5.48,15352924,82448280.00
2018/11/22,5.52,5.65,5.38,5.59,15098024,83222152.00
2018/11/23,5.60,5.61,5.31,5.31,16245100,87917616.00
2018/11/26,5.31,5.34,5.08,5.23,10429664,54359740.00
2018/11/27,5.30,5.44,5.23,5.37,10788394,57492868.00
2018/11/28,5.38,5.39,5.26,5.35,5740531,30602032.00
2018/11/29,5.38,5.60,5.35,5.49,12610442,68990040.00
2018/11/30,5.49,5.54,5.38,5.49,9393160,51301444.00
2018/12/03,5.58,5.64,5.49,5.61,11410180,63557704.00
2018/12/04,5.59,5.63,5.33,5.38,21203907,115230704.00
2018/12/05,5.25,5.48,5.23,5.46,10906681,58754548.00
2018/12/06,5.40,5.40,5.19,5.19,14563050,76606544.00
2018/12/07,5.21,5.23,5.03,5.09,9234833,47249172.00
2018/12/10,5.04,5.31,5.03,5.23,8847602,45818508.00
2018/12/11,5.23,5.29,5.19,5.23,4227116,22132178.00
2018/12/12,5.22,5.23,5.12,5.13,3519916,18194272.00
2018/12/13,5.13,5.19,5.11,5.13,4529501,23330870.00
2018/12/14,5.12,5.13,4.99,4.99,5717400,28785924.00
2018/12/17,4.99,5.06,4.93,5.02,3855969,19236544.00
2018/12/18,5.00,5.07,4.98,5.06,3175927,15980794.00
2018/12/19,5.07,5.28,5.07,5.13,6348248,32884452.00
2018/12/20,5.14,5.17,5.08,5.16,3753780,19256552.00
2018/12/21,5.14,5.17,5.00,5.09,6086217,30908038.00
2018/12/24,5.06,5.12,5.06,5.12,2246023,11440587.00
2018/12/25,5.07,5.08,4.90,5.04,6491155,32310586.00
2018/12/26,5.00,5.04,4.92,4.97,4138208,20575824.00
2018/12/27,5.02,5.04,4.91,4.91,3785300,18826232.00
2018/12/28,4.92,5.02,4.92,4.96,2641400,13143341.00
2019/01/02,4.99,5.11,4.94,5.03,3706506,18684420.00
2019/01/03,5.03,5.07,4.97,4.99,2890700,14504867.00
2019/01/04,4.98,5.07,4.94,5.06,3650236,18350984.00
2019/01/07,5.10,5.12,5.05,5.08,3889373,19757842.00
2019/01/08,5.08,5.16,5.06,5.11,3568101,18244230.00
2019/01/09,5.12,5.13,5.06,5.11,3557700,18153632.00
2019/01/10,5.12,5.15,5.08,5.09,2741372,14019706.00
2019/01/11,5.09,5.12,5.06,5.10,2793470,14200457.00
2019/01/14,5.12,5.26,5.09,5.19,6246480,32400948.00
2019/01/15,5.19,5.26,5.19,5.21,3786724,19767422.00
2019/01/16,5.22,5.28,5.21,5.24,3388042,17753038.00
2019/01/17,5.24,5.24,5.14,5.15,3401100,17621696.00
2019/01/18,5.15,5.19,5.11,5.15,2508900,12915568.00
2019/01/21,5.13,5.19,5.09,5.10,3945800,20240728.00
2019/01/22,5.10,5.12,5.04,5.07,3304200,16771348.00
2019/01/23,5.08,5.09,5.02,5.06,2373940,11998132.00
2019/01/24,5.05,5.20,5.00,5.12,5065399,25721926.00
2019/01/25,5.10,5.19,5.04,5.10,4659338,23806420.00
2019/01/28,5.13,5.14,4.98,5.00,4498741,22651010.00
2019/01/29,4.96,5.00,4.75,4.77,6160220,29900000.00
2019/01/30,4.71,4.79,4.65,4.65,3956100,18704102.00
2019/01/31,4.66,4.69,4.59,4.66,3304040,15370027.00
2019/02/01,4.67,4.87,4.67,4.87,2956300,14065719.00
2019/02/11,4.84,4.97,4.83,4.95,3821515,18781710.00
2019/02/12,4.95,5.05,4.92,5.02,3466414,17299644.00
2019/02/13,5.00,5.04,4.99,5.04,3738361,18776678.00
2019/02/14,5.04,5.05,5.01,5.02,3633700,18288758.00
2019/02/15,5.03,5.03,4.95,4.99,3675301,18307020.00
2019/02/18,5.00,5.07,5.00,5.06,5075625,25584598.00
2019/02/19,5.05,5.08,5.01,5.03,5406361,27265242.00
2019/02/20,5.25,5.28,5.20,5.28,19575152,103214736.00
2019/02/21,5.22,5.34,5.13,5.19,14602387,76662920.00
2019/02/22,5.15,5.27,5.15,5.23,9705366,50691600.00
2019/02/25,5.20,5.49,5.19,5.44,18459619,99383912.00
2019/02/26,5.43,5.70,5.39,5.53,21020244,116440704.00
2019/02/27,5.55,5.78,5.53,5.70,13040174,73482512.00
2019/02/28,5.85,5.92,5.70,5.73,15962293,92710520.00
2019/03/01,5.75,5.80,5.63,5.72,9277776,52915324.00
2019/03/04,5.77,5.97,5.77,5.86,16835854,98937464.00
2019/03/05,5.80,5.99,5.78,5.98,11722794,69006248.00
2019/03/06,6.04,6.10,5.92,6.08,14827054,89259536.00
2019/03/07,6.08,6.38,6.02,6.38,20661239,130298568.00
2019/03/08,6.38,6.70,6.21,6.45,30559876,200225392.00
2019/03/11,6.49,6.77,6.49,6.77,16748241,111557632.00
2019/03/12,6.92,7.06,6.61,6.73,21666850,147503360.00
2019/03/13,6.81,6.97,6.64,6.78,16053970,108676832.00
2019/03/14,6.68,6.75,6.44,6.44,14139635,92431648.00
2019/03/15,6.46,6.53,6.32,6.40,14653968,93509152.00
2019/03/18,6.42,6.64,6.28,6.58,14261399,92557064.00
2019/03/19,6.60,6.82,6.56,6.80,15567500,104306144.00
2019/03/20,6.81,6.92,6.70,6.82,16584817,113080416.00
2019/03/21,6.80,6.88,6.74,6.78,10418711,70825904.00
2019/03/22,6.76,6.98,6.76,6.91,14004708,96190520.00
2019/03/25,6.82,7.10,6.76,7.08,14900749,103742096.00
2019/03/26,7.06,7.16,6.73,6.81,19727757,135666720.00
2019/03/27,6.79,6.88,6.65,6.85,11679835,78874792.00
2019/03/28,6.88,6.88,6.74,6.76,8452200,57506740.00
2019/03/29,6.78,6.83,6.51,6.73,14167446,94934840.00
2019/04/01,6.83,6.90,6.69,6.88,20169427,137490192.00
2019/04/02,6.88,7.22,6.83,7.21,24833742,175666992.00
2019/04/03,7.20,7.57,7.14,7.57,23056365,171580624.00
2019/04/04,7.82,7.95,7.63,7.95,32378474,255017392.00
2019/04/08,8.14,8.14,7.60,8.07,29555535,233699184.00
2019/04/09,7.87,8.05,7.80,7.98,17228825,136876224.00
2019/04/10,7.81,7.92,7.73,7.81,18485385,144547344.00
2019/04/11,7.81,7.93,7.66,7.78,14902098,115955552.00
2019/04/12,7.76,8.17,7.67,8.17,21116061,168152464.00
2019/04/15,8.29,8.35,8.03,8.08,19386109,158837776.00
2019/04/16,8.07,8.27,8.03,8.13,16231142,132245448.00
2019/04/18,8.14,8.75,7.56,7.58,69074043,555079808.00
2019/04/19,7.45,7.81,7.11,7.51,32216883,241586480.00
2019/04/22,7.45,7.46,7.00,7.06,33541676,241688528.00
2019/04/23,7.06,7.25,6.85,7.00,25740409,181385312.00
2019/04/24,7.01,7.05,6.86,6.93,14648117,101789488.00
2019/04/25,6.95,7.05,6.52,6.59,18115024,123474648.00
2019/04/26,6.56,6.64,6.37,6.53,16034601,104465368.00
2019/04/29,6.58,6.64,6.10,6.17,18218302,116395840.00
2019/04/30,6.08,6.29,6.08,6.24,10932002,68042168.00
2019/05/06,6.10,6.11,5.62,5.70,17730263,104220192.00
2019/05/07,5.81,6.17,5.72,6.15,20533675,122108280.00
2019/05/08,5.97,6.08,5.86,5.97,17509850,104956808.00
2019/05/09,5.91,6.03,5.85,5.85,9448852,55922996.00
2019/05/10,5.93,6.08,5.71,6.03,13734221,82081952.00
2019/05/13,6.00,6.44,5.91,6.18,15232200,94008384.00
2019/05/14,6.04,6.14,6.00,6.02,10510142,63573152.00
2019/05/15,6.20,6.30,6.14,6.26,15730695,97999296.00
2019/05/16,6.29,6.35,6.21,6.26,10945141,68606848.00
2019/05/17,6.20,6.26,6.03,6.06,11701700,71866232.00
2019/05/20,6.06,6.06,5.71,5.89,10698180,62814032.00
2019/05/21,5.99,6.08,5.95,6.03,9252300,55663136.00
2019/05/22,6.13,6.13,5.95,5.98,7810310,47053660.00
2019/05/23,5.95,5.96,5.82,5.89,6843461,40342636.00
2019/05/24,5.87,5.93,5.75,5.76,6265795,36476584.00
2019/05/27,5.80,5.89,5.67,5.87,6520791,37850668.00
2019/05/28,5.84,5.99,5.83,5.86,8106700,48014864.00
2019/05/29,5.86,5.90,5.82,5.85,4925817,28854306.00
2019/05/30,5.80,5.86,5.65,5.73,7324600,42063864.00
2019/05/31,5.80,5.92,5.75,5.82,7605709,44441032.00
2019/06/03,5.87,6.40,5.67,6.40,26147529,161460640.00
2019/06/04,6.55,6.85,6.17,6.21,42604860,276630080.00
2019/06/05,6.15,6.44,6.15,6.19,22773539,142906592.00
2019/06/06,6.20,6.20,5.81,5.87,18836867,112218184.00
2019/06/10,5.87,5.99,5.84,5.91,10415975,61475248.00
2019/06/11,5.99,6.50,5.97,6.50,14187178,90239712.00
2019/06/12,6.53,6.80,6.26,6.35,37597704,243207904.00
2019/06/13,6.37,6.41,6.22,6.38,18884502,119237520.00
2019/06/14,6.38,6.60,6.33,6.51,25657041,165928192.00
2019/06/17,6.62,6.64,6.45,6.56,20651325,135174352.00
2019/06/18,6.48,6.53,6.32,6.35,15025300,95919432.00
2019/06/19,6.48,6.54,6.37,6.44,13965800,90134096.00
2019/06/20,6.40,6.55,6.35,6.55,18417922,118983360.00
2019/06/21,6.51,6.64,6.49,6.55,18863134,123430816.00
2019/06/24,6.56,6.59,6.44,6.51,9371600,61053552.00
2019/06/25,6.49,6.49,6.25,6.33,11938400,75720984.00
2019/06/26,6.27,6.96,6.23,6.57,32456548,217309056.00
2019/06/27,6.48,6.62,6.45,6.52,19530018,127830360.00
2019/06/28,6.52,6.94,6.52,6.78,32589547,218371728.00
2019/07/01,6.88,7.27,6.80,7.10,37900635,264517008.00
2019/07/02,7.05,7.26,6.96,7.11,25216703,179944880.00
2019/07/03,7.07,7.48,7.03,7.14,30480737,220178448.00
2019/07/04,7.11,7.18,6.83,6.87,23854764,165846448.00
2019/07/05,6.88,6.92,6.70,6.80,15298120,103863464.00
2019/07/08,6.78,6.79,6.45,6.53,14909911,98367040.00
2019/07/09,6.53,6.70,6.48,6.66,11749722,77637592.00
2019/07/10,6.61,6.65,6.45,6.47,9865634,64495168.00
2019/07/11,6.54,6.59,6.36,6.39,9501196,61518972.00
2019/07/12,6.48,6.57,6.38,6.50,8726309,56524908.00
2019/07/15,5.85,6.00,5.85,5.85,38476502,225855136.00
2019/07/16,5.81,5.89,5.79,5.82,13969056,81475664.00
2019/07/17,5.83,5.85,5.71,5.71,11814416,68330176.00
2019/07/18,5.69,5.77,5.63,5.66,10998310,62597556.00
2019/07/19,5.66,5.72,5.65,5.68,5775587,32860830.00
2019/07/22,5.72,5.72,5.40,5.50,10571102,58355684.00
2019/07/23,5.51,5.54,5.43,5.49,5247200,28765594.00
2019/07/24,5.48,5.56,5.48,5.53,4780900,26456520.00
2019/07/25,5.60,5.77,5.58,5.75,11918395,67828400.00
2019/07/26,5.74,5.74,5.62,5.69,6238800,35397160.00
2019/07/29,5.75,5.75,5.65,5.69,3292638,18722816.00
2019/07/30,5.63,5.69,5.62,5.66,5443609,30760980.00
2019/07/31,5.67,5.68,5.51,5.54,5183758,28965736.00
2019/08/01,5.54,5.59,5.45,5.49,4591682,25287628.00
2019/08/02,5.39,5.39,5.27,5.32,6204795,33071986.00
2019/08/05,5.29,5.30,5.09,5.12,8822100,45574612.00
2019/08/06,4.97,5.00,4.78,4.94,11500774,56470388.00
2019/08/07,4.98,5.26,4.95,5.11,11382166,57660276.00
2019/08/08,5.14,5.17,4.99,5.00,6754800,34080776.00
2019/08/09,5.05,5.08,4.89,4.94,5675999,28358936.00
2019/08/12,4.93,5.07,4.91,5.06,4882000,24427396.00
2019/08/13,5.06,5.08,4.97,4.98,3446100,17253568.00
2019/08/14,5.04,5.13,5.01,5.02,4311025,21775608.00
2019/08/15,4.86,5.02,4.83,5.00,6197905,30533922.00
2019/08/16,4.97,5.08,4.95,5.01,5309100,26648268.00
2019/08/19,5.02,5.12,5.02,5.12,7101425,36077440.00
2019/08/20,5.12,5.17,5.07,5.12,7218900,36938548.00
2019/08/21,5.11,5.11,5.02,5.04,5875040,29709724.00
2019/08/22,5.07,5.07,4.99,5.05,5271700,26503352.00
2019/08/23,5.07,5.16,5.02,5.10,8835660,45038836.00
2019/08/26,5.01,5.24,5.01,5.19,11672503,59933328.00
2019/08/27,5.21,5.34,5.16,5.28,9318962,49034232.00
2019/08/28,5.34,5.34,5.22,5.23,5795818,30414344.00
2019/08/29,5.29,5.29,5.21,5.22,7059920,36980132.00
2019/08/30,5.23,5.29,5.17,5.26,7461532,39195408.00
2019/09/02,5.26,5.53,5.26,5.50,16180302,88210224.00
2019/09/03,5.46,5.53,5.39,5.51,9611799,52371472.00
2019/09/04,5.55,5.73,5.46,5.71,14062043,78870320.00
2019/09/05,5.68,5.87,5.63,5.70,15341750,88107248.00
2019/09/06,5.69,5.83,5.68,5.79,9624287,55432292.00
2019/09/09,5.82,5.87,5.76,5.86,9258259,53915740.00
2019/09/10,5.85,5.86,5.74,5.79,9047809,52525928.00
2019/09/11,5.81,5.85,5.76,5.82,8703020,50524672.00
2019/09/12,5.85,5.86,5.66,5.75,9924225,56937008.00
2019/09/16,5.77,5.79,5.67,5.70,6392514,36710312.00
2019/09/17,5.68,5.68,5.46,5.48,8784097,48743844.00
2019/09/18,5.52,5.69,5.51,5.59,6687560,37420692.00
2019/09/19,5.60,5.60,5.46,5.53,7036220,38758312.00
2019/09/20,5.54,5.59,5.47,5.54,6156400,34014752.00
2019/09/23,5.54,5.55,5.44,5.45,6317143,34574044.00
2019/09/24,5.45,5.50,5.42,5.43,5074330,27689046.00
2019/09/25,5.44,5.44,5.23,5.24,6956200,37032184.00
2019/09/26,5.29,5.34,5.20,5.21,7295201,38417660.00
2019/09/27,5.18,5.44,5.18,5.42,14295494,76194464.00
2019/09/30,5.44,5.67,5.42,5.53,11100000,61838164.00
2019/10/08,5.53,5.60,5.46,5.52,5751982,31725820.00
2019/10/09,5.52,5.61,5.45,5.60,6458624,35621044.00
2019/10/10,5.53,5.60,5.42,5.56,11880811,65290968.00
2019/10/11,5.52,5.67,5.49,5.61,7080331,39481628.00
2019/10/14,5.64,5.82,5.61,5.78,10408596,59578812.00
2019/10/15,5.80,5.81,5.71,5.76,5683340,32652278.00
2019/10/16,5.73,5.82,5.71,5.72,7166627,41287956.00
2019/10/17,5.70,5.99,5.68,5.95,16094552,94856464.00
2019/10/18,5.95,6.23,5.89,6.09,23195685,141814048.00
2019/10/21,6.01,6.39,5.95,6.33,18756965,116344184.00
2019/10/22,6.20,6.43,6.17,6.29,11508714,72135528.00
2019/10/23,6.26,6.43,6.19,6.19,12447743,78146728.00
2019/10/24,6.20,6.29,6.08,6.19,9573787,59058912.00
2019/10/25,6.22,6.33,6.14,6.28,9424764,58857000.00
2019/10/28,6.22,6.75,6.22,6.63,26368032,173038832.00
2019/10/29,6.73,6.95,6.45,6.54,32990151,219136960.00
2019/10/30,6.51,6.88,6.51,6.75,25295043,168092992.00
2019/10/31,6.78,6.78,6.08,6.08,34355203,217119360.00
2019/11/01,6.01,6.35,5.77,6.34,27108282,167328240.00
数据来源:通达信
