002697 红旗连锁 日线 前复权
      日期	    开盘	    最高	    最低	    收盘	    成交量	    成交额
2013/09/02,2.26,2.32,2.26,2.30,1607125,27030028.00
2013/09/03,2.30,2.37,2.30,2.35,2429186,41680264.00
2013/09/04,2.34,2.35,2.27,2.28,2921639,49196524.00
2013/09/05,2.29,2.39,2.29,2.35,3688003,63520152.00
2013/09/06,2.34,2.36,2.29,2.34,1857948,31521296.00
2013/09/09,2.33,2.35,2.31,2.33,2100549,35730984.00
2013/09/10,2.33,2.34,2.30,2.32,1747557,29618226.00
2013/09/11,2.33,2.34,2.30,2.31,2062785,34965384.00
2013/09/12,2.33,2.34,2.31,2.32,2005587,34079848.00
2013/09/13,2.33,2.47,2.33,2.43,9608447,169072432.00
2013/09/16,2.40,2.43,2.37,2.39,3277254,57222832.00
2013/09/17,2.39,2.44,2.32,2.32,6423544,110624600.00
2013/09/18,2.33,2.39,2.30,2.34,4215874,71937816.00
2013/09/23,2.38,2.40,2.32,2.37,5769384,99237120.00
2013/09/24,2.34,2.37,2.33,2.35,2929947,50252300.00
2013/09/25,2.36,2.46,2.35,2.43,6598598,116139688.00
2013/09/26,2.47,2.52,2.42,2.45,9436808,169679840.00
2013/09/27,2.45,2.46,2.32,2.32,5092533,88005208.00
2013/09/30,2.32,2.33,2.19,2.23,6227626,50804112.00
2013/10/08,2.23,2.23,2.14,2.21,7000145,55764776.00
2013/10/09,2.21,2.45,2.19,2.45,7768249,67188592.00
2013/10/10,2.63,2.71,2.54,2.71,43701437,417254592.00
2013/10/11,2.78,3.00,2.70,3.00,46239116,473810368.00
2013/10/14,3.07,3.32,3.01,3.32,51319455,587601856.00
2013/10/15,3.40,3.66,3.31,3.51,55959712,688364160.00
2013/10/16,3.40,3.43,3.15,3.38,43525833,510017600.00
2013/10/17,3.30,3.36,3.08,3.14,33913197,392659872.00
2013/10/18,3.16,3.47,3.15,3.47,53609067,648285440.00
2013/10/21,3.57,3.83,3.33,3.68,79584897,1015976384.00
2013/10/22,3.83,3.92,3.68,3.69,54193382,728617600.00
2013/10/23,3.47,3.55,3.30,3.31,42272610,511617376.00
2013/10/24,3.20,3.45,3.20,3.41,26421795,314800928.00
2013/10/25,3.36,3.42,3.13,3.21,22475442,260679952.00
2013/10/28,3.18,3.23,3.10,3.22,16588475,187833408.00
2013/10/29,3.22,3.33,2.90,3.01,27797790,308968192.00
2013/10/30,2.97,3.10,2.87,3.04,19505494,209407024.00
2013/10/31,2.98,2.98,2.81,2.91,18948925,197249040.00
2013/11/01,2.87,2.93,2.74,2.82,16716910,170097440.00
2013/11/04,2.83,2.90,2.82,2.84,10913875,112061720.00
2013/11/05,2.83,3.10,2.77,3.05,25247787,268034128.00
2013/11/06,3.00,3.19,2.95,3.09,27076065,297965184.00
2013/11/07,3.06,3.09,2.98,3.02,15496850,167705296.00
2013/11/08,2.97,3.00,2.82,2.86,13293796,138429376.00
2013/11/11,2.83,2.93,2.81,2.90,9002496,93375040.00
2013/11/12,2.89,2.89,2.75,2.80,12618664,127588864.00
2013/11/13,2.80,2.86,2.76,2.78,9512416,96246560.00
2013/11/14,2.73,2.79,2.65,2.79,10929155,107126912.00
2013/11/15,2.75,2.95,2.75,2.87,15979468,165065552.00
2013/11/18,2.86,2.95,2.84,2.94,15419642,160586320.00
2013/11/19,2.95,3.09,2.90,3.03,21585922,232382368.00
2013/11/20,2.99,3.10,2.96,3.08,16682651,180716064.00
2013/11/21,3.08,3.24,3.03,3.23,29063735,326234144.00
2013/11/22,3.17,3.19,3.03,3.04,18559883,206142576.00
2013/11/25,2.99,3.04,2.95,2.97,10145974,108808160.00
2013/11/26,2.96,3.07,2.95,3.00,8142370,88244192.00
2013/11/27,3.01,3.06,2.96,3.03,7904590,85702696.00
2013/11/28,3.02,3.05,2.98,3.03,8792688,95206240.00
2013/11/29,3.04,3.09,3.00,3.08,10083245,109629304.00
2013/12/02,3.02,3.02,2.77,2.79,12336823,127983320.00
2013/12/03,2.77,2.85,2.71,2.83,7290161,73175416.00
2013/12/04,2.82,2.98,2.81,2.94,8638921,90540696.00
2013/12/05,2.93,3.00,2.91,2.94,5353115,56603296.00
2013/12/06,2.92,3.02,2.92,2.98,6814730,72531872.00
2013/12/09,2.98,3.00,2.94,2.97,5452083,58026464.00
2013/12/10,2.96,3.02,2.93,3.00,10529861,112620352.00
2013/12/11,2.99,2.99,2.87,2.88,7819420,81449880.00
2013/12/12,2.89,2.92,2.85,2.87,4645741,48004624.00
2013/12/13,2.87,3.03,2.84,2.98,12086022,128212512.00
2013/12/16,2.99,3.03,2.90,2.91,6846391,72764880.00
2013/12/17,2.90,2.93,2.78,2.82,5783371,58896968.00
2013/12/18,2.79,2.92,2.79,2.88,5134012,52990564.00
2013/12/19,2.88,2.98,2.84,2.92,7373034,76690392.00
2013/12/20,2.89,3.00,2.87,3.00,18938937,201661536.00
2013/12/23,2.94,2.94,2.79,2.84,10464154,107241976.00
2013/12/24,2.82,2.87,2.79,2.83,6143054,62412736.00
2013/12/25,2.84,2.85,2.79,2.85,4878857,49563636.00
2013/12/26,2.85,2.87,2.80,2.80,4751674,48179348.00
2013/12/27,2.78,2.84,2.78,2.80,4729221,47953708.00
2013/12/30,2.84,2.85,2.80,2.81,4347923,44041440.00
2013/12/31,2.81,2.83,2.79,2.83,3740588,37852208.00
2014/01/02,2.82,2.88,2.80,2.86,4934618,50442616.00
2014/01/03,2.85,2.88,2.82,2.85,4394620,44949864.00
2014/01/06,2.83,2.84,2.74,2.75,5363857,53818076.00
2014/01/07,2.75,2.80,2.71,2.73,4161400,41249972.00
2014/01/08,2.73,2.78,2.71,2.75,4213143,41577344.00
2014/01/09,2.75,2.76,2.60,2.62,7539217,72627184.00
2014/01/10,2.60,2.60,2.46,2.51,7061521,64117704.00
2014/01/13,2.49,2.52,2.40,2.42,6223877,55354764.00
2014/01/14,2.42,2.54,2.42,2.52,5560628,50325404.00
2014/01/15,2.51,2.63,2.48,2.59,6167279,57068168.00
2014/01/16,2.55,2.72,2.55,2.71,10335941,100041560.00
2014/01/17,2.68,2.70,2.57,2.63,7230950,68768112.00
2014/01/20,2.60,2.65,2.53,2.57,3707974,34754704.00
2014/01/21,2.53,2.62,2.53,2.59,3231642,30253208.00
2014/01/22,2.60,2.68,2.58,2.67,5388132,51448424.00
2014/01/23,2.67,2.75,2.62,2.73,8232463,79779304.00
2014/01/24,2.70,2.78,2.69,2.75,8673156,86061104.00
2014/01/27,2.73,2.75,2.66,2.72,4728829,46210736.00
2014/01/28,2.72,2.76,2.68,2.73,4123396,40490588.00
2014/01/29,2.73,2.84,2.68,2.80,8935965,89290632.00
2014/01/30,2.81,2.82,2.75,2.75,5529938,55314264.00
2014/02/07,2.63,2.69,2.46,2.63,9399132,87658032.00
2014/02/10,2.61,2.68,2.59,2.67,14539229,138084352.00
2014/02/11,2.65,2.72,2.62,2.69,11036050,106427784.00
2014/02/12,2.76,2.98,2.76,2.98,14082971,147747008.00
2014/02/13,3.13,3.28,3.06,3.15,53111914,601066688.00
2014/02/14,3.22,3.45,3.16,3.28,41573449,489540800.00
2014/02/17,3.28,3.58,3.22,3.50,37344464,455177504.00
2014/02/18,3.43,3.45,3.33,3.41,27316961,329565824.00
2014/02/19,3.38,3.47,3.29,3.40,26909329,322876832.00
2014/02/20,3.40,3.41,3.19,3.22,18896863,220804752.00
2014/02/21,3.22,3.32,3.18,3.23,11697206,135472320.00
2014/02/24,3.24,3.25,3.13,3.21,10874372,124216680.00
2014/02/25,3.21,3.26,2.98,2.98,20883794,232571216.00
2014/02/26,2.90,2.94,2.83,2.92,12538273,130081336.00
2014/02/27,2.93,3.01,2.85,2.86,12785390,135623104.00
2014/02/28,2.84,2.93,2.78,2.92,8226427,84366032.00
2014/03/03,2.90,3.00,2.87,2.98,9529427,101033824.00
2014/03/04,2.95,2.97,2.87,2.92,8958132,94115464.00
2014/03/05,2.94,3.10,2.91,3.07,18113502,196604944.00
2014/03/06,3.08,3.14,2.97,3.01,12782676,139267776.00
2014/03/07,3.01,3.06,2.88,2.92,10604345,112444688.00
2014/03/10,2.90,2.90,2.72,2.75,10049462,100611024.00
2014/03/11,2.69,2.76,2.67,2.75,4524790,44406688.00
2014/03/12,2.73,2.92,2.71,2.92,12109720,123155352.00
2014/03/13,2.88,3.01,2.87,2.97,14622861,154249504.00
2014/03/14,2.92,2.98,2.87,2.88,10434077,109216208.00
2014/03/17,2.79,2.88,2.78,2.86,7821165,79631288.00
2014/03/18,2.86,2.96,2.83,2.88,8259394,85841208.00
2014/03/19,2.88,2.92,2.81,2.91,6564345,67513656.00
2014/03/20,2.90,3.15,2.87,3.03,25351094,275666240.00
2014/03/21,2.95,3.13,2.92,3.13,20168876,220160544.00
2014/03/24,3.14,3.17,3.05,3.10,14069181,156077968.00
2014/03/25,3.08,3.13,2.98,3.01,11475493,125604328.00
2014/03/26,3.00,3.05,2.99,3.03,6254924,67625264.00
2014/03/27,3.04,3.04,2.88,2.88,10252617,107839064.00
2014/03/28,2.88,2.90,2.78,2.78,7554651,76400584.00
2014/03/31,2.78,2.83,2.78,2.81,3419434,34537972.00
2014/04/01,2.81,2.85,2.80,2.84,3011097,30664288.00
2014/04/02,2.84,2.86,2.79,2.82,3471856,35162660.00
2014/04/03,2.80,2.85,2.80,2.82,3072389,31196046.00
2014/04/04,2.82,2.95,2.80,2.94,6935070,71537816.00
2014/04/08,2.93,3.07,2.91,3.03,9075107,97158872.00
2014/04/09,3.04,3.07,3.00,3.03,13432085,146099184.00
2014/04/10,3.00,3.13,2.98,2.98,11161250,121336736.00
2014/04/11,2.94,2.99,2.93,2.96,5240767,55613236.00
2014/04/14,2.98,2.99,2.93,2.97,3780757,40136348.00
2014/04/15,2.97,3.01,2.95,2.98,4636363,49643616.00
2014/04/16,2.98,3.03,2.96,3.01,4505873,48437768.00
2014/04/17,3.02,3.10,3.02,3.04,8211005,89988104.00
2014/04/18,3.00,3.08,2.97,3.04,4945375,53760356.00
2014/04/21,2.99,3.08,2.93,2.93,6372788,68744672.00
2014/04/22,2.88,2.95,2.82,2.93,5945510,61429448.00
2014/04/23,2.99,3.06,2.95,2.98,7787891,84172696.00
2014/04/24,2.93,3.06,2.90,2.98,8891995,95992264.00
2014/04/25,2.97,2.97,2.77,2.78,8918072,91213608.00
2014/04/28,2.78,2.78,2.68,2.68,4374899,42763164.00
2014/04/29,2.69,2.74,2.69,2.73,2542570,24908518.00
2014/04/30,2.73,2.79,2.72,2.78,2937202,29163932.00
2014/05/05,2.78,2.87,2.75,2.87,3866830,39158812.00
2014/05/06,2.86,2.95,2.85,2.94,8497487,88870352.00
2014/05/07,2.90,3.00,2.87,2.94,10520593,111187432.00
2014/05/08,2.91,2.97,2.85,2.86,7183926,75211400.00
2014/05/09,2.84,2.84,2.76,2.79,4405772,44329468.00
2014/05/12,2.82,2.86,2.78,2.85,3419077,34783500.00
2014/05/13,2.85,2.88,2.80,2.88,3991841,40704476.00
2014/05/14,2.85,2.86,2.80,2.84,2703250,27526374.00
2014/05/15,2.84,2.85,2.78,2.78,2731698,27467948.00
2014/05/16,2.77,2.80,2.73,2.78,2495836,24898724.00
2014/05/19,2.78,2.78,2.73,2.73,2084158,20564552.00
2014/05/20,2.73,2.77,2.73,2.74,1588651,15738203.00
2014/05/21,2.74,2.78,2.69,2.77,1869696,18471330.00
2014/05/22,2.75,2.86,2.74,2.84,5781169,58607232.00
2014/05/23,2.84,2.85,2.80,2.84,4890543,49812796.00
2014/05/26,2.84,2.86,2.82,2.85,4688871,47907616.00
2014/05/27,2.85,2.85,2.81,2.81,2262740,22966274.00
2014/05/28,2.80,2.89,2.80,2.88,7619571,78375344.00
2014/05/29,2.87,2.87,2.82,2.82,3118801,31890882.00
2014/05/30,2.80,2.91,2.80,2.88,6274880,64669564.00
2014/06/03,2.86,2.98,2.84,2.93,9575657,99611376.00
2014/06/04,2.90,2.94,2.87,2.93,9353757,97869632.00
2014/06/05,2.91,2.97,2.87,2.96,9300749,97985648.00
2014/06/06,2.93,3.03,2.93,2.97,10373035,110845088.00
2014/06/09,2.94,2.95,2.88,2.89,5178008,53949296.00
2014/06/10,2.89,2.92,2.86,2.90,4546471,46976168.00
2014/06/11,2.89,2.91,2.86,2.89,4042388,41679928.00
2014/06/12,2.89,2.96,2.83,2.95,8083082,83590872.00
2014/06/13,2.93,3.01,2.91,2.96,10271103,108613376.00
2014/06/16,2.96,3.00,2.94,2.95,5402506,57161452.00
2014/06/17,2.95,2.95,2.89,2.90,4049012,42067096.00
2014/06/18,2.88,2.89,2.79,2.79,9314243,94118432.00
2014/06/19,2.79,2.81,2.73,2.76,5291548,52567236.00
2014/06/20,2.76,2.81,2.76,2.81,2023644,20170434.00
2014/06/23,2.80,2.83,2.80,2.83,2733977,27564022.00
2014/06/24,2.83,2.83,2.81,2.83,2065255,20867618.00
2014/06/25,2.83,2.83,2.76,2.78,3063537,30495016.00
2014/06/26,2.78,2.81,2.78,2.81,3017974,30302008.00
2014/06/27,2.81,2.90,2.78,2.86,7715751,78694352.00
2014/06/30,2.88,2.90,2.85,2.88,6874661,70810440.00
2014/07/01,2.89,2.98,2.86,2.94,11259758,117635656.00
2014/07/02,2.90,2.94,2.88,2.91,6767281,70209432.00
2014/07/03,2.90,2.94,2.89,2.91,4990782,52056660.00
2014/07/04,2.91,2.91,2.87,2.89,4291566,44192472.00
2014/07/07,2.90,2.94,2.88,2.93,5211298,54271268.00
2014/07/08,2.93,2.93,2.88,2.91,3981080,41274380.00
2014/07/09,2.91,2.94,2.88,2.88,6515199,67758008.00
2014/07/10,2.88,2.92,2.87,2.91,5452102,56545312.00
2014/07/11,2.91,3.05,2.91,3.00,17227154,183152688.00
2014/07/14,3.23,3.23,3.09,3.13,25554752,285984064.00
2014/07/15,3.14,3.19,3.07,3.10,13779215,152908752.00
2014/07/16,3.10,3.42,3.07,3.32,26582820,308923552.00
2014/07/17,3.25,3.27,3.18,3.20,13363811,152922560.00
2014/07/18,3.19,3.27,3.16,3.17,9826208,112363312.00
2014/07/21,3.17,3.23,3.12,3.16,6917079,78209952.00
2014/07/22,3.17,3.22,3.16,3.20,6641390,75317648.00
2014/07/23,3.21,3.23,3.10,3.13,8538404,95719592.00
2014/07/24,3.12,3.22,3.11,3.19,7534946,84685800.00
2014/07/25,3.19,3.26,3.16,3.23,10366261,118694960.00
2014/07/28,3.21,3.27,3.18,3.23,10542804,120817776.00
2014/07/29,3.21,3.28,3.21,3.25,8897587,102888472.00
2014/07/30,3.23,3.38,3.19,3.32,13664200,159096256.00
2014/07/31,3.31,3.38,3.29,3.36,10410887,123289216.00
2014/08/01,3.35,3.48,3.29,3.29,23144114,279294144.00
2014/08/04,3.29,3.41,3.25,3.38,10282605,121482096.00
2014/08/05,3.36,3.46,3.36,3.40,12799308,154476848.00
2014/08/06,3.38,3.43,3.37,3.38,9898614,119295376.00
2014/08/07,3.38,3.38,3.27,3.28,11322995,133506448.00
2014/08/08,3.28,3.40,3.27,3.39,9167957,108558528.00
2014/08/11,3.41,3.45,3.38,3.44,11417993,138517024.00
2014/08/12,3.41,3.48,3.38,3.46,10147939,123289408.00
2014/08/13,3.55,3.82,3.47,3.71,36240819,468830848.00
2014/08/14,3.62,3.68,3.59,3.60,16581072,213051072.00
2014/08/15,3.61,3.67,3.60,3.62,9762384,125257816.00
2014/08/18,3.63,3.71,3.62,3.70,10929657,141458736.00
2014/08/19,3.71,3.72,3.62,3.65,9829051,127132960.00
2014/08/20,3.65,3.66,3.61,3.62,7377383,94581376.00
2014/08/21,3.63,3.65,3.59,3.65,6602646,84683192.00
2014/08/22,3.64,3.67,3.63,3.65,5768649,74466272.00
2014/08/25,3.65,3.70,3.63,3.64,5927922,76741208.00
2014/08/26,3.62,3.65,3.56,3.64,11008744,139981984.00
2014/08/27,3.61,3.63,3.59,3.59,3638146,46478476.00
2014/08/28,3.60,3.63,3.57,3.57,3749816,47707408.00
2014/08/29,3.58,3.63,3.58,3.62,3071370,39222600.00
2014/09/01,3.63,3.70,3.62,3.69,7196098,93495312.00
2014/09/02,3.72,3.73,3.67,3.72,9013841,117964400.00
2014/09/03,3.73,3.82,3.71,3.72,11441967,151920304.00
2014/09/04,3.84,4.11,3.83,4.06,33342207,474008800.00
2014/09/05,3.97,4.05,3.94,4.05,14262243,201875360.00
2014/09/09,4.00,4.41,4.00,4.25,22031745,329962880.00
2014/09/10,4.27,4.39,4.21,4.35,17575536,267277200.00
2014/09/11,4.35,4.39,4.19,4.31,17593182,265038784.00
2014/09/12,4.34,4.76,4.28,4.76,62062252,495829344.00
2014/09/15,4.96,5.24,4.96,5.24,63912178,575117824.00
2014/09/16,5.52,5.57,4.80,4.93,134400249,1212662016.00
2014/09/17,4.80,5.06,4.76,4.95,59918510,513561824.00
2014/09/18,4.89,4.90,4.72,4.76,42999597,359498816.00
2014/09/19,4.76,5.02,4.67,4.99,46540148,396272800.00
2014/09/22,4.92,4.93,4.79,4.81,27710140,234388624.00
2014/09/23,4.79,4.92,4.74,4.86,21882084,185030320.00
2014/09/24,4.88,4.99,4.81,4.92,31668351,269979840.00
2014/09/25,5.00,5.12,4.90,4.93,37391635,326434912.00
2014/09/26,4.90,4.90,4.81,4.86,17659265,149437136.00
2014/09/29,4.89,4.94,4.87,4.90,18143251,155036688.00
2014/09/30,4.92,4.93,4.85,4.91,15213241,129800840.00
2014/10/08,4.92,5.02,4.84,4.96,20496587,176393584.00
2014/10/09,4.96,4.99,4.88,4.95,19817900,170757552.00
2014/10/10,4.95,4.95,4.89,4.90,16504783,141413312.00
2014/10/13,4.92,5.15,4.89,5.14,47610109,419718624.00
2014/10/14,5.10,5.12,4.98,5.02,28467159,250915856.00
2014/10/15,4.99,5.03,4.90,4.97,17108254,147801920.00
2014/10/16,4.93,4.99,4.82,4.82,17252430,147932912.00
2014/10/17,4.80,4.87,4.63,4.73,15499991,128680488.00
2014/10/20,4.73,4.90,4.73,4.82,11483111,96666256.00
2014/10/21,4.82,4.82,4.72,4.73,11012085,91537944.00
2014/10/22,4.75,4.81,4.70,4.70,7893498,65575044.00
2014/10/23,4.71,4.72,4.53,4.54,14537594,116862672.00
2014/10/24,4.54,4.59,4.41,4.42,11146532,87789248.00
2014/10/27,4.42,4.52,4.41,4.47,6222775,48667488.00
2014/10/28,4.47,4.67,4.47,4.66,11165705,89859304.00
2014/10/29,4.66,4.72,4.63,4.69,12426804,101500952.00
2014/10/30,4.69,4.78,4.65,4.70,12536927,103336912.00
2014/10/31,4.75,4.77,4.64,4.71,11821765,96925872.00
2014/11/03,4.72,4.73,4.67,4.70,9840121,80744680.00
2014/11/04,4.69,4.69,4.61,4.63,11548677,93622848.00
2014/11/05,4.61,5.04,4.59,4.90,39329146,333211904.00
2014/11/06,4.90,4.97,4.78,4.94,30737710,262554976.00
2014/11/07,4.86,4.95,4.78,4.82,22010183,186803712.00
2014/11/10,4.80,4.86,4.77,4.84,10568735,88681160.00
2014/11/11,4.87,4.93,4.57,4.63,23047892,189717248.00
2014/11/12,4.58,4.89,4.54,4.87,21806000,181234528.00
2014/11/13,4.85,4.96,4.83,4.94,47211712,404863904.00
2014/11/14,4.89,4.97,4.78,4.91,28340485,242041504.00
2014/11/17,4.89,4.96,4.80,4.92,24889607,213150208.00
2014/11/18,4.90,4.90,4.79,4.80,16690237,140969344.00
2014/11/19,4.80,4.84,4.70,4.75,15690337,130483104.00
2014/11/20,4.72,4.75,4.69,4.70,9407646,77447504.00
2014/11/21,4.71,4.76,4.69,4.74,10445948,86213896.00
2014/11/24,4.76,4.78,4.71,4.73,14262778,118130352.00
2014/11/25,4.73,4.79,4.72,4.79,13702970,113882832.00
2014/11/26,4.79,4.81,4.74,4.80,13741335,114464048.00
2014/11/27,4.80,5.15,4.77,5.04,59203339,516086912.00
2014/11/28,5.03,5.03,4.84,4.91,31639459,272244576.00
2014/12/01,4.92,4.96,4.78,4.82,20579980,174036128.00
2014/12/02,4.80,4.86,4.76,4.83,14650282,123559000.00
2014/12/03,4.85,4.93,4.77,4.93,27105576,229367712.00
2014/12/04,4.93,5.03,4.88,4.97,32621749,282007904.00
2014/12/05,4.97,4.97,4.66,4.75,31725861,265744752.00
2014/12/08,4.69,4.83,4.64,4.77,21177979,176078384.00
2014/12/09,4.76,4.81,4.66,4.69,23854663,196985504.00
2014/12/10,4.69,4.84,4.68,4.84,19122656,159758224.00
2014/12/11,4.84,5.02,4.80,4.94,29777073,256442496.00
2014/12/12,4.97,5.02,4.87,4.92,17995534,154614368.00
2014/12/15,4.92,4.99,4.87,4.98,21920955,189500576.00
2014/12/16,4.98,5.00,4.91,4.92,17275746,148899408.00
2014/12/17,4.89,4.92,4.79,4.82,15470272,130585856.00
2014/12/18,4.82,4.82,4.74,4.77,10137239,84470032.00
2014/12/19,4.77,4.89,4.75,4.79,12214059,102458872.00
2014/12/22,4.81,4.81,4.60,4.63,14975882,122356392.00
2014/12/23,4.62,4.70,4.60,4.63,7456608,60660532.00
2014/12/24,4.64,4.77,4.64,4.73,7677756,63338884.00
2014/12/25,4.75,4.76,4.69,4.74,7326121,60471436.00
2014/12/26,4.74,4.77,4.70,4.73,7645422,63218012.00
2014/12/29,4.73,4.73,4.63,4.64,10183098,82870336.00
2014/12/30,4.68,4.86,4.68,4.74,18289971,153169648.00
2014/12/31,4.69,4.73,4.65,4.70,8159412,66720432.00
2015/01/05,4.70,4.70,4.62,4.69,12626902,102798376.00
2015/01/06,4.68,4.74,4.64,4.73,11524915,94576320.00
2015/01/07,4.74,4.97,4.70,4.87,26750264,225918592.00
2015/01/08,4.79,4.96,4.79,4.87,22043628,187982992.00
2015/01/09,4.86,4.86,4.72,4.73,16741070,140324848.00
2015/01/12,4.72,4.74,4.66,4.68,6682664,54807388.00
2015/01/13,4.67,4.74,4.67,4.73,5828440,47871944.00
2015/01/14,4.71,4.73,4.67,4.68,6421276,52659496.00
2015/01/15,4.69,4.73,4.67,4.69,6651183,54566728.00
2015/01/16,4.70,4.73,4.67,4.71,8387588,68831592.00
2015/01/19,4.68,4.71,4.46,4.57,12913847,104699408.00
2015/01/20,4.58,4.72,4.58,4.69,8833828,72052400.00
2015/01/21,4.70,4.79,4.69,4.77,13617989,113180368.00
2015/01/22,4.78,5.26,4.78,5.26,45839236,404963360.00
2015/01/23,5.44,5.52,5.13,5.19,81238993,750189440.00
2015/01/26,5.09,5.32,5.04,5.25,30862475,281440192.00
2015/01/27,5.26,5.42,5.23,5.34,34957662,324240992.00
2015/01/28,5.33,5.43,5.17,5.22,29811128,275729376.00
2015/01/29,5.17,5.17,5.07,5.09,20372647,181827968.00
2015/01/30,5.06,5.21,5.05,5.13,13360378,119413088.00
2015/02/02,5.10,5.17,5.00,5.12,11087505,98439360.00
2015/02/03,5.12,5.28,5.05,5.22,18743398,168802576.00
2015/02/04,5.22,5.24,5.04,5.08,14980693,134257776.00
2015/02/05,5.09,5.14,5.05,5.06,11751716,104248376.00
2015/02/06,5.04,5.04,4.92,5.00,13163578,114038888.00
2015/02/09,4.94,5.07,4.94,5.02,8065494,70559504.00
2015/02/10,4.99,5.04,4.94,4.99,7948763,69035216.00
2015/02/11,5.01,5.24,4.99,5.22,22066999,198261568.00
2015/02/12,5.20,5.20,5.12,5.15,14182733,127558936.00
2015/02/13,5.19,5.27,5.16,5.18,16683840,151644304.00
2015/02/16,5.17,5.32,5.17,5.31,21702220,199991760.00
2015/02/17,5.34,5.42,5.24,5.34,19964241,185484032.00
2015/03/18,5.89,5.89,5.89,5.89,907832,9287121.00
2015/03/19,6.49,6.49,6.19,6.49,95387788,1053202624.00
2015/03/20,6.56,6.56,6.28,6.33,48609825,538081920.00
2015/03/23,6.37,6.97,6.35,6.97,78618992,931434176.00
2015/03/24,7.34,7.65,6.63,7.44,88870839,1106414848.00
2015/03/25,7.34,7.70,7.09,7.39,49412054,624480576.00
2015/03/26,7.27,7.39,7.07,7.10,32686916,406585664.00
2015/03/27,7.06,7.06,6.76,6.93,33163852,394890528.00
2015/03/30,6.92,7.16,6.81,6.94,31373276,377219232.00
2015/03/31,6.94,7.12,6.83,7.02,27887302,336124864.00
2015/04/01,7.05,7.10,6.96,7.09,23389795,285396608.00
2015/04/02,7.16,7.46,7.14,7.40,45052327,571949824.00
2015/04/03,7.25,7.40,7.16,7.27,28485480,358396192.00
2015/04/07,7.27,7.40,7.16,7.25,33733498,422237472.00
2015/04/08,7.27,7.32,6.84,6.98,31548144,385022400.00
2015/04/09,6.95,6.96,6.49,6.67,28751075,333312480.00
2015/04/10,6.69,6.93,6.69,6.86,18419795,218478880.00
2015/04/13,6.90,7.06,6.84,7.03,27064882,326969760.00
2015/04/14,7.08,7.09,6.88,6.96,20778482,250974000.00
2015/04/15,6.93,6.93,6.63,6.63,16674156,195207376.00
2015/04/16,6.60,6.83,6.40,6.66,17176140,196633968.00
2015/04/17,6.72,7.17,6.67,7.10,35668620,429014208.00
2015/04/20,7.05,7.10,6.78,6.86,24195644,290398464.00
2015/04/21,6.78,7.17,6.76,7.16,29567053,360592864.00
2015/04/22,7.22,7.89,7.22,7.89,63134912,833788160.00
2015/04/23,7.94,7.98,7.58,7.88,49956541,672620224.00
2015/04/24,7.71,8.18,7.64,8.07,41438653,572590272.00
2015/04/27,8.08,8.45,7.98,8.00,38316259,540111040.00
2015/04/28,7.98,7.98,7.42,7.50,30755221,404476448.00
2015/04/29,7.52,7.82,7.52,7.71,18895783,251515680.00
2015/04/30,7.79,8.07,7.72,7.81,23552742,320697760.00
2015/05/04,7.81,8.25,7.81,8.06,31287684,437634048.00
2015/05/05,8.13,8.23,7.48,7.77,22752077,307288832.00
2015/05/06,7.77,7.85,7.41,7.50,17314070,228762704.00
2015/05/07,7.48,7.48,6.87,7.05,20744625,254370928.00
2015/05/08,7.14,7.77,7.04,7.71,27454627,352210144.00
2015/05/11,8.05,8.23,7.73,8.10,32470418,449467520.00
2015/05/12,8.11,8.21,7.84,8.05,26826908,370025792.00
2015/06/10,8.87,8.87,8.87,8.87,709230,10837034.00
2015/06/11,9.77,9.77,9.77,9.77,7557879,127047944.00
2015/06/12,10.75,10.75,10.45,10.75,19294170,355560416.00
2015/06/15,11.23,11.23,9.91,9.94,60887419,1094657920.00
2015/06/16,9.88,9.88,9.17,9.22,36104943,585778752.00
2015/06/17,9.11,9.88,9.03,9.77,27770788,454122240.00
2015/06/18,9.58,10.17,9.23,9.32,25377392,425125472.00
2015/06/19,8.70,9.26,8.38,8.38,23205071,348070720.00
2015/06/23,8.41,8.64,7.69,8.38,21384891,300723968.00
2015/06/24,8.57,8.88,8.38,8.62,22538776,335824608.00
2015/06/25,8.65,9.15,8.58,8.85,28732620,439182944.00
2015/06/26,8.11,8.58,7.95,7.95,20439225,287949408.00
2015/06/29,8.34,8.35,7.15,7.15,22763251,294644928.00
2015/06/30,7.17,7.52,6.42,7.51,28523140,342737728.00
2015/07/01,7.43,7.88,6.76,6.81,24959791,321914336.00
2015/07/02,6.94,7.11,6.11,6.11,28706973,315593824.00
2015/07/03,5.75,6.44,5.49,5.65,28862524,291916960.00
2015/07/06,6.22,6.22,5.29,5.80,35203114,360653568.00
2015/07/07,5.87,6.05,5.20,5.20,43104879,421909632.00
2015/07/08,4.67,5.53,4.67,5.47,65207512,561205632.00
2015/07/09,5.17,6.02,5.10,6.02,27791568,279121664.00
2015/07/10,6.44,6.64,6.24,6.64,15533227,176977632.00
2015/07/13,7.11,7.32,6.94,7.32,33019211,411719904.00
2015/07/14,7.49,8.01,7.15,7.47,43259890,567614144.00
2015/07/15,7.26,7.32,6.71,6.71,30644155,367840096.00
2015/07/16,6.71,7.24,6.34,7.10,24302355,290836320.00
2015/07/17,7.10,7.74,7.10,7.67,22332024,289800960.00
2015/07/20,7.67,7.88,7.39,7.61,26899408,355887744.00
2015/07/21,7.52,7.98,7.32,7.85,25570738,343273216.00
2015/07/22,7.82,8.02,7.53,7.77,20811713,279606368.00
2015/07/23,7.82,7.95,7.65,7.90,22669385,306379904.00
2015/07/24,7.90,8.27,7.71,7.97,34935195,479702816.00
2015/07/27,7.88,8.58,7.34,7.47,43986143,613976320.00
2015/07/28,6.94,7.81,6.72,7.41,31164833,388743552.00
2015/07/29,7.58,7.94,7.14,7.90,23957108,310608928.00
2015/07/30,7.89,8.00,7.40,7.49,25254544,341133760.00
2015/07/31,7.30,7.52,7.02,7.21,16294949,204946720.00
2015/08/03,7.00,7.14,6.47,6.52,18116067,210845120.00
2015/08/04,6.56,7.18,6.56,7.15,17536375,208814000.00
2015/08/05,7.18,7.38,6.92,6.99,17188309,211850624.00
2015/08/06,6.84,7.02,6.72,6.90,9889492,118305728.00
2015/08/07,6.99,7.60,6.99,7.60,37138944,481450944.00
2015/08/10,7.63,8.35,7.63,8.31,46931168,642528192.00
2015/08/11,9.05,9.15,9.00,9.15,25199197,396217056.00
2015/08/12,8.94,8.94,8.35,8.42,52947196,787944064.00
2015/08/13,8.44,8.61,7.98,8.42,41214205,589024576.00
2015/08/14,8.35,8.69,8.24,8.30,30991198,450326848.00
2015/08/17,8.29,8.69,8.11,8.50,25859514,374384480.00
2015/08/18,8.52,8.91,7.71,7.88,48648435,712505600.00
2015/08/19,7.59,8.44,7.30,8.38,34041516,464824832.00
2015/08/20,8.41,8.42,7.82,7.92,25416281,358598400.00
2015/08/21,7.71,7.95,7.29,7.34,18728114,245665312.00
2015/08/24,6.61,7.04,6.60,6.60,19154205,220666224.00
2015/08/25,5.92,6.29,5.92,5.92,20503753,215402368.00
2015/08/26,6.11,6.34,5.47,5.81,22668550,236987920.00
2015/08/27,6.00,6.17,5.70,6.14,15419418,159589392.00
2015/08/28,6.34,6.65,6.17,6.64,20615947,227822432.00
2015/08/31,6.47,6.58,6.20,6.21,17033226,187594448.00
2015/09/01,6.17,6.18,5.58,5.59,14621808,146614608.00
2015/09/02,5.28,5.92,5.20,5.35,12534715,120282048.00
2015/09/07,5.51,5.75,5.44,5.57,9853519,96276360.00
2015/09/08,5.62,5.97,5.51,5.95,9707533,96768840.00
2015/09/09,6.07,6.29,5.90,6.20,15829715,168348000.00
2015/09/10,6.06,6.26,5.94,6.01,11864909,126034104.00
2015/09/11,6.05,6.14,5.92,6.11,7883630,82552368.00
2015/09/14,6.14,6.16,5.48,5.48,12448780,123852520.00
2015/09/15,5.29,5.48,4.94,5.01,9966144,90682728.00
2015/09/16,5.04,5.52,5.04,5.52,10405648,95186032.00
2015/09/17,5.55,5.67,5.35,5.38,11872055,114130768.00
2015/09/18,5.47,5.81,5.38,5.71,12064456,117151952.00
2015/09/21,5.70,6.00,5.63,5.98,12491135,126466400.00
2015/09/22,5.99,6.13,5.85,5.99,11693034,121800144.00
2015/09/23,5.85,6.11,5.80,6.03,12232169,127227464.00
2015/09/24,6.17,6.23,6.03,6.13,11805070,125563000.00
2015/09/25,6.12,6.14,5.82,5.90,11078171,114488320.00
2015/09/28,5.90,6.00,5.76,5.93,10934870,65532612.00
2015/09/29,5.81,5.87,5.54,5.63,14375573,83616704.00
2015/09/30,5.69,5.78,5.64,5.70,8343767,48305824.00
2015/10/08,5.93,5.99,5.82,5.89,13420323,80399320.00
2015/10/09,5.90,6.06,5.82,6.01,16314727,98848288.00
2015/10/12,6.07,6.46,6.01,6.35,27570701,175111648.00
2015/10/13,6.31,6.39,6.23,6.33,19553206,125147120.00
2015/10/14,6.34,6.48,6.29,6.31,22907586,148264992.00
2015/10/15,6.26,6.48,6.24,6.45,23498984,152735440.00
2015/10/16,6.54,6.57,6.29,6.48,26460015,172280832.00
2015/10/19,6.46,6.71,6.36,6.68,30964023,203927360.00
2015/10/20,6.61,7.34,6.52,7.32,53359655,376662688.00
2015/10/21,7.29,7.35,6.59,6.67,53614372,381256608.00
2015/10/22,6.63,7.24,6.63,7.11,48236280,342714624.00
2015/10/23,7.02,7.20,6.92,7.13,44846355,321540192.00
2015/10/26,7.23,7.28,7.04,7.12,34769549,250980016.00
2015/10/27,7.10,7.10,6.67,7.06,26949582,188974528.00
2015/10/28,7.07,7.12,6.76,6.81,22372621,157592848.00
2015/10/29,6.89,6.94,6.76,6.85,14967863,104152336.00
2015/10/30,6.82,6.95,6.72,6.86,15968477,110609864.00
2015/11/02,6.71,7.02,6.69,6.82,18166334,126783864.00
2015/11/03,6.77,6.88,6.72,6.76,12141689,83503712.00
2015/11/04,6.77,7.06,6.77,7.05,28324817,199910720.00
2015/11/05,7.07,7.26,6.98,7.13,35543616,255886192.00
2015/11/06,7.17,7.48,7.17,7.44,49217254,368217504.00
2015/11/09,7.31,7.41,7.12,7.36,35102512,259297776.00
2015/11/10,7.32,7.85,7.22,7.79,70615299,542065664.00
2015/11/11,7.65,7.91,7.55,7.71,39358593,305880512.00
2015/11/12,7.71,7.93,7.62,7.81,47752834,375236512.00
2015/11/13,7.91,7.96,7.71,7.81,37152431,294543456.00
2015/11/16,7.66,8.52,7.66,8.47,105350577,868721664.00
2015/11/17,8.39,8.54,8.03,8.21,104348606,875216448.00
2015/11/18,8.16,8.21,7.61,7.70,56616413,452106784.00
2015/11/19,7.75,7.84,7.51,7.76,27723311,215323024.00
2015/11/20,7.76,8.01,7.62,8.01,39483874,311895296.00
2015/11/23,8.01,8.39,7.97,8.22,61832248,509311264.00
2015/11/24,8.16,8.17,7.94,8.12,28150117,229157616.00
2015/11/25,8.12,8.18,8.02,8.17,30307239,248059008.00
2015/11/26,8.20,8.21,7.94,7.94,28955031,235265680.00
2015/11/27,7.88,7.88,7.18,7.32,35725302,273764032.00
2015/11/30,7.38,7.55,6.98,7.40,29170916,217390016.00
2015/12/01,7.43,7.53,7.29,7.48,26953659,202439760.00
2015/12/02,7.48,7.48,7.01,7.25,21414354,156900448.00
2015/12/03,7.25,7.54,7.16,7.46,24751754,184440144.00
2015/12/04,7.41,7.47,7.32,7.34,14968793,111724792.00
2015/12/07,7.31,8.08,7.31,8.08,77952176,619571072.00
2015/12/08,7.92,7.98,7.56,7.56,56247096,442110240.00
2015/12/09,7.46,7.49,7.31,7.46,30353849,226836256.00
2015/12/10,7.43,7.81,7.34,7.65,36301837,279821728.00
2015/12/14,7.66,8.17,7.43,7.91,49342152,394746048.00
2015/12/15,7.81,8.08,7.71,7.94,37031465,295596896.00
2015/12/16,7.93,7.97,7.77,7.80,28946163,230151872.00
2015/12/17,7.80,8.05,7.80,7.98,34813710,280294304.00
2015/12/18,7.99,8.00,7.81,7.85,24694226,196448464.00
2015/12/21,7.80,7.88,7.73,7.86,19914889,157610464.00
2015/12/22,7.87,8.04,7.77,7.99,32354832,260021456.00
2015/12/23,7.97,7.97,7.81,7.81,24801413,197585200.00
2015/12/24,7.74,7.81,7.51,7.61,18978503,146695008.00
2015/12/25,7.62,7.72,7.61,7.66,10270631,79553896.00
2015/12/28,7.68,7.79,7.54,7.55,17290999,134038384.00
2015/12/29,7.51,7.60,7.47,7.58,10390735,79301056.00
2015/12/30,7.58,7.64,7.54,7.60,9834412,75529696.00
2015/12/31,7.60,7.66,7.55,7.62,11313724,87098952.00
2016/01/04,7.66,7.73,6.91,6.92,13579664,101700328.00
2016/01/05,6.71,7.20,6.51,6.94,20376306,142213008.00
2016/01/06,6.87,7.10,6.87,7.06,10970207,77865400.00
2016/01/07,6.98,6.98,6.36,6.41,4004131,27040104.00
2016/01/08,6.66,6.81,5.94,6.53,15200810,100774048.00
2016/01/11,6.41,6.61,5.96,5.99,14762628,94149272.00
2016/01/12,6.01,6.11,5.87,6.02,11267236,68603208.00
2016/01/13,6.06,6.09,5.87,5.90,10105801,61470492.00
2016/01/14,5.77,6.06,5.71,6.02,12530552,75023648.00
2016/01/15,6.02,6.02,5.71,5.78,10783824,64237540.00
2016/01/18,5.67,5.88,5.61,5.80,10114160,59497776.00
2016/01/19,5.79,5.99,5.76,5.98,10469197,62855868.00
2016/01/20,5.99,6.31,5.90,6.10,19316162,119323088.00
2016/01/21,6.01,6.16,5.91,5.91,12367950,75670840.00
2016/01/22,5.94,6.01,5.79,5.97,8238769,49567760.00
2016/01/25,6.01,6.07,5.96,6.01,6272791,38289736.00
2016/01/26,5.91,5.96,5.46,5.50,10520397,61433692.00
2016/01/27,5.73,5.73,5.23,5.52,10612342,58733040.00
2016/01/28,5.44,5.56,5.23,5.28,6171098,33928668.00
2016/01/29,5.29,5.50,5.23,5.43,7052119,38676436.00
2016/02/01,5.43,5.48,5.32,5.39,5443055,29824676.00
2016/02/02,5.39,5.54,5.37,5.51,6786688,37845588.00
2016/02/03,5.43,5.50,5.38,5.47,4774980,26364478.00
2016/02/04,5.47,5.62,5.47,5.56,7794405,44040924.00
2016/02/05,5.57,5.64,5.52,5.52,5644860,31952900.00
2016/02/15,5.31,5.60,5.28,5.49,6329811,34947016.00
2016/02/16,5.52,5.95,5.52,5.78,13042510,76569176.00
2016/02/17,5.79,5.86,5.71,5.81,10205774,59931904.00
2016/02/18,5.90,5.92,5.76,5.77,10572321,62535616.00
2016/02/19,5.82,5.83,5.75,5.80,7757665,45623980.00
2016/02/22,5.92,5.95,5.82,5.91,13956515,83375792.00
2016/02/23,5.93,5.94,5.78,5.84,10752871,63936128.00
2016/02/24,5.81,5.88,5.71,5.87,9992406,58923708.00
2016/02/25,5.84,5.84,5.29,5.31,14067110,79063424.00
2016/02/26,5.35,5.43,5.13,5.31,11177006,60307468.00
2016/02/29,5.31,5.32,4.91,4.99,12587550,64403980.00
2016/03/01,5.11,5.14,5.00,5.13,9758616,50571200.00
2016/03/02,5.13,5.39,5.13,5.38,14719363,79033360.00
2016/03/03,5.40,5.44,5.33,5.36,15095632,82669224.00
2016/03/04,5.32,5.36,5.03,5.16,14635450,77470688.00
2016/03/07,5.16,5.31,5.16,5.22,11397693,60637572.00
2016/03/08,5.22,5.22,5.02,5.21,12528021,65276224.00
2016/03/09,5.21,5.35,5.10,5.28,15235890,81548424.00
2016/03/10,5.24,5.29,5.11,5.15,8952707,47277420.00
2016/03/11,5.01,5.16,5.01,5.12,5378882,27907912.00
2016/03/14,5.27,5.33,5.18,5.26,14241313,76383128.00
2016/04/18,5.80,5.80,5.80,5.80,19989535,117738360.00
2016/04/19,6.10,6.39,5.96,6.39,91207878,579362688.00
2016/04/20,6.41,7.04,6.39,7.04,119478793,818013888.00
2016/04/21,7.09,7.19,6.63,6.66,83645533,575466944.00
2016/04/22,6.36,6.45,6.11,6.16,58640011,370957568.00
2016/04/25,6.16,6.28,6.07,6.26,44059145,275965536.00
2016/04/26,6.17,6.23,6.11,6.23,29921023,187312080.00
2016/04/27,6.20,6.22,6.01,6.07,29924663,185679792.00
2016/04/28,6.04,6.14,5.92,6.08,24121132,147527376.00
2016/04/29,6.05,6.09,5.98,6.01,15758408,96385792.00
2016/05/03,6.06,6.19,5.97,6.18,25917635,160832864.00
2016/05/04,6.14,6.18,6.08,6.11,24011671,149316384.00
2016/05/05,5.97,6.13,5.89,6.13,29768861,180983728.00
2016/05/06,6.07,6.11,5.92,6.01,28211778,171833856.00
2016/05/09,5.91,5.91,5.41,5.53,24821203,141880848.00
2016/05/10,5.41,5.55,5.37,5.44,13216060,73508360.00
2016/05/11,5.47,5.55,5.27,5.33,21569146,117999680.00
2016/05/12,5.22,5.40,5.13,5.38,16464076,87974936.00
2016/05/13,5.38,5.43,5.27,5.30,10035535,54603428.00
2016/05/16,5.28,5.36,5.21,5.35,10533864,56754408.00
2016/05/17,5.36,5.38,5.26,5.31,9895489,53454260.00
2016/05/18,5.30,5.30,5.09,5.11,11791773,61924600.00
2016/05/19,5.16,5.24,5.13,5.14,9744329,51421084.00
2016/05/20,5.10,5.19,5.06,5.19,7682566,40141560.00
2016/05/23,5.24,5.29,5.20,5.26,10067453,53711032.00
2016/05/24,5.23,5.26,5.12,5.17,8931512,46946712.00
2016/05/25,5.17,5.46,5.17,5.43,28311172,153944704.00
2016/05/26,5.45,5.54,5.25,5.40,21645724,118570608.00
2016/05/27,5.42,5.54,5.33,5.42,19226275,106625912.00
2016/05/30,5.34,5.36,5.21,5.29,11069203,59643912.00
2016/05/31,5.28,5.49,5.28,5.49,20376571,112641160.00
2016/06/01,5.51,5.53,5.42,5.45,17229521,95803000.00
2016/06/02,5.43,5.49,5.39,5.47,15526262,85768432.00
2016/06/03,5.46,5.53,5.42,5.48,15059710,83619640.00
2016/06/06,5.49,5.52,5.41,5.44,10722239,59389704.00
2016/06/07,5.45,5.46,5.35,5.39,9836962,53914176.00
2016/06/08,5.39,5.48,5.26,5.44,16613742,90728976.00
2016/06/13,5.39,5.99,5.33,5.99,53364168,320215232.00
2016/06/14,5.83,6.01,5.73,5.84,56080940,333013472.00
2016/06/15,5.76,6.21,5.69,6.11,57750639,351724096.00
2016/06/16,6.10,6.25,5.95,6.09,46174174,284985536.00
2016/06/17,6.26,6.71,6.04,6.10,65076710,418413184.00
2016/06/20,5.94,6.13,5.93,5.99,26075013,158982064.00
2016/06/21,6.04,6.12,5.79,5.83,25418465,152999424.00
2016/06/22,5.79,5.88,5.76,5.88,15112971,89401480.00
2016/06/23,5.88,5.88,5.73,5.77,13154589,77331712.00
2016/06/24,5.81,6.11,5.58,5.89,33639627,201021504.00
2016/06/27,5.79,5.95,5.73,5.94,22962296,137378432.00
2016/06/28,5.90,5.96,5.84,5.94,18332232,109608080.00
2016/06/29,5.96,6.11,5.95,6.03,28434971,174466560.00
2016/06/30,6.03,6.07,5.93,5.95,15368622,93033856.00
2016/07/01,5.96,5.99,5.91,5.98,13166596,79462768.00
2016/07/04,5.94,6.04,5.90,6.00,16434658,99944016.00
2016/07/05,5.99,6.03,5.95,6.00,14019143,85244560.00
2016/07/06,5.98,6.01,5.92,5.99,14231011,86231336.00
2016/07/07,6.00,6.01,5.86,5.94,16085095,96938872.00
2016/07/08,5.93,5.94,5.84,5.87,10927602,65201340.00
2016/07/11,5.74,5.75,5.60,5.68,33212146,191341040.00
2016/07/12,5.64,5.79,5.63,5.78,21233347,123324248.00
2016/07/13,5.80,5.92,5.75,5.90,19209714,114235144.00
2016/07/14,5.86,5.92,5.81,5.87,10670223,63462632.00
2016/07/15,5.87,5.98,5.83,5.95,15848928,95390544.00
2016/07/18,5.87,5.91,5.80,5.82,12108588,71780992.00
2016/07/19,5.80,5.85,5.73,5.83,10172124,59766744.00
2016/07/20,5.83,5.84,5.76,5.79,7744837,45645364.00
2016/07/21,5.78,5.82,5.74,5.76,8695967,51111240.00
2016/07/22,5.75,5.77,5.64,5.65,11362193,65762108.00
2016/07/25,5.64,5.79,5.64,5.75,7931987,46153696.00
2016/07/26,5.75,5.87,5.72,5.87,13647891,80923112.00
2016/07/27,5.83,5.88,5.34,5.52,24424357,138564672.00
2016/07/28,5.52,5.55,5.43,5.50,8879775,49564948.00
2016/07/29,5.51,5.62,5.47,5.55,8085510,45781000.00
2016/08/01,5.54,5.55,5.31,5.46,7458470,41112372.00
2016/08/02,5.43,5.48,5.39,5.47,4758472,26401958.00
2016/08/03,5.46,5.55,5.43,5.50,5006638,27974542.00
2016/08/04,5.49,5.52,5.45,5.50,4054363,22606892.00
2016/08/05,5.49,5.59,5.46,5.58,7975394,44853692.00
2016/08/08,5.58,5.77,5.51,5.75,14386956,82938360.00
2016/08/09,5.74,5.79,5.67,5.76,10593063,61715732.00
2016/08/10,5.76,5.77,5.66,5.67,7247970,41961664.00
2016/08/11,5.64,5.66,5.54,5.57,6748867,38323412.00
2016/08/12,5.55,5.68,5.53,5.64,6127440,34791792.00
2016/08/15,5.64,5.76,5.60,5.71,10449650,60545040.00
2016/08/16,5.72,5.82,5.71,5.78,12719200,74368184.00
2016/08/17,5.74,5.78,5.70,5.75,7805574,45523800.00
2016/08/18,5.76,5.97,5.74,5.89,24019928,142935008.00
2016/08/19,5.90,5.91,5.74,5.81,12028977,70986296.00
2016/08/22,5.81,5.83,5.71,5.72,7816029,45650932.00
2016/08/23,5.72,5.80,5.71,5.76,6051486,35425720.00
2016/08/24,5.76,5.79,5.66,5.69,8629261,50204148.00
2016/08/25,5.69,5.70,5.53,5.60,12006775,68179192.00
2016/08/26,5.58,5.75,5.58,5.67,10592184,61233896.00
2016/08/29,5.64,5.82,5.63,5.77,12569551,73393328.00
2016/08/30,5.81,5.84,5.71,5.72,8335457,48757520.00
2016/08/31,5.73,5.76,5.66,5.75,6052251,35132780.00
2016/09/01,5.72,5.77,5.67,5.67,6386650,37137488.00
2016/09/02,5.67,5.70,5.64,5.68,4745188,27328904.00
2016/09/05,5.69,5.74,5.67,5.69,5100524,29562272.00
2016/09/06,5.69,5.78,5.66,5.77,8758698,50977920.00
2016/09/07,5.79,5.81,5.70,5.74,11664863,68481248.00
2016/09/08,5.73,5.79,5.67,5.79,9338553,54619080.00
2016/09/09,5.89,5.99,5.77,5.77,20073522,119748896.00
2016/09/12,5.68,5.68,5.55,5.56,15291600,87096736.00
2016/09/13,5.57,5.88,5.57,5.83,18824375,109885320.00
2016/09/14,5.77,5.87,5.70,5.81,18302701,107986296.00
2016/09/19,5.81,5.89,5.79,5.84,13063728,77576744.00
2016/09/20,5.85,5.90,5.75,5.90,13468012,79749464.00
2016/09/21,5.88,5.95,5.81,5.83,12342630,73615976.00
2016/09/22,5.86,5.91,5.83,5.86,10297579,61337112.00
2016/09/23,5.86,5.86,5.75,5.77,8689335,51113948.00
2016/09/26,5.69,5.74,5.61,5.64,10123440,58274424.00
2016/09/27,5.62,5.69,5.61,5.68,4685686,26872440.00
2016/09/28,5.67,5.70,5.64,5.68,4326165,24956128.00
2016/09/29,5.67,5.72,5.67,5.69,3857185,22330226.00
2016/09/30,5.68,5.72,5.67,5.71,3823368,22125748.00
2016/10/10,5.73,5.81,5.71,5.81,8296320,48561460.00
2016/10/11,5.77,5.82,5.77,5.81,7647216,45015876.00
2016/10/12,5.76,5.87,5.76,5.87,10797576,63877484.00
2016/10/13,5.85,5.91,5.78,5.81,11158847,66083216.00
2016/10/14,5.82,5.82,5.75,5.79,6880150,40372716.00
2016/10/17,5.80,5.89,5.78,5.84,15328343,90907592.00
2016/10/18,5.79,5.88,5.78,5.88,11178923,66357704.00
2016/10/19,5.85,5.90,5.81,5.82,10148708,60181896.00
2016/10/20,5.82,5.84,5.78,5.79,7271091,42828692.00
2016/10/21,5.79,5.83,5.74,5.78,9068462,53265188.00
2016/10/24,5.80,5.84,5.78,5.84,8635452,51031528.00
2016/10/25,5.84,5.87,5.80,5.84,8719404,51610080.00
2016/10/26,5.83,5.90,5.81,5.85,11435706,67997152.00
2016/10/27,5.86,5.93,5.83,5.93,18522190,110562144.00
2016/10/28,5.98,6.13,5.83,5.84,36897826,224800544.00
2016/10/31,5.78,5.82,5.74,5.78,14069399,82472480.00
2016/11/01,5.78,6.37,5.76,6.37,50616304,317398336.00
2016/11/02,6.37,6.75,6.31,6.44,121867288,808469248.00
2016/11/03,6.29,6.68,6.18,6.49,73736419,480189632.00
2016/11/04,6.39,6.46,6.30,6.44,41694024,269555072.00
2016/11/07,6.47,6.64,6.33,6.36,40535828,265562752.00
2016/11/08,6.34,6.61,6.24,6.59,54231603,354925760.00
2016/11/09,6.49,6.67,6.30,6.49,48330859,318141632.00
2016/11/10,6.66,6.77,6.49,6.52,46658645,312177888.00
2016/11/11,6.51,6.51,6.39,6.43,33149555,215961280.00
2016/11/14,6.40,6.57,6.33,6.45,29421152,192657360.00
2016/11/15,6.45,6.45,6.32,6.38,21533820,138909808.00
2016/11/16,6.38,6.54,6.33,6.44,26661393,173626576.00
2016/11/17,6.40,6.49,6.34,6.43,19386984,126224264.00
2016/11/18,6.40,6.46,6.35,6.38,19376717,125668848.00
2016/11/21,6.40,6.43,6.32,6.33,16652180,107527136.00
2016/11/22,6.33,6.48,6.33,6.43,21941126,142979824.00
2016/11/23,6.44,6.46,6.35,6.38,16709776,108332184.00
2016/11/24,6.38,6.39,6.27,6.27,17479068,112058112.00
2016/11/25,6.24,6.27,6.06,6.25,20335712,127042848.00
2016/11/28,6.25,6.48,6.20,6.45,25050134,160545344.00
2016/11/29,6.41,6.65,6.37,6.47,49978317,332155616.00
2016/11/30,6.39,6.66,6.38,6.62,44150977,294108960.00
2016/12/01,6.51,6.76,6.46,6.61,40062430,267287648.00
2016/12/02,6.56,7.28,6.47,7.28,60328188,419045792.00
2016/12/05,7.13,7.49,7.01,7.31,92786635,684985728.00
2016/12/06,7.28,7.35,7.02,7.09,46108937,335919648.00
2016/12/07,7.12,7.81,7.12,7.53,83790990,635435008.00
2016/12/08,7.46,7.69,7.34,7.55,59920859,454042400.00
2016/12/09,7.31,7.47,7.16,7.24,44762779,330589888.00
2016/12/12,7.26,7.45,6.81,6.88,42554710,307148128.00
2016/12/13,6.81,6.91,6.45,6.84,34357821,233890416.00
2016/12/14,6.81,7.22,6.72,6.95,35218113,248874992.00
2016/12/15,6.91,7.65,6.86,7.31,73587927,551091200.00
2016/12/16,7.39,8.02,7.19,7.91,84239375,644560640.00
2016/12/19,8.35,8.71,8.26,8.71,37701936,327981312.00
2016/12/20,9.41,9.59,8.83,8.91,169511088,1588131456.00
2016/12/21,8.64,8.86,8.01,8.22,125697484,1063389888.00
2016/12/22,8.33,8.56,8.06,8.33,94404113,791509888.00
2016/12/23,8.14,8.25,7.94,8.06,57152120,467003520.00
2016/12/26,8.07,8.30,7.93,8.28,50878906,419559008.00
2016/12/27,8.18,8.58,8.06,8.30,70510884,594725952.00
2016/12/28,8.34,9.10,8.21,8.57,106794667,932956992.00
2016/12/29,8.43,8.43,8.01,8.11,68824370,568821952.00
2016/12/30,8.05,8.20,7.94,7.99,37205381,303182464.00
2017/01/03,7.99,8.08,7.83,8.03,32722853,263921376.00
2017/01/04,8.03,8.06,7.72,8.05,52990344,422848448.00
2017/01/05,8.76,8.86,8.46,8.86,147768606,1313327232.00
2017/01/06,8.70,8.70,8.27,8.32,115166932,984605632.00
2017/01/09,8.08,8.29,8.06,8.25,52805156,435166112.00
2017/01/10,8.19,9.08,8.19,9.08,116456399,1035522304.00
2017/01/11,9.16,9.16,8.53,8.73,121946623,1082540800.00
2017/01/12,8.61,8.89,8.47,8.85,88733196,781533824.00
2017/01/13,8.73,8.77,8.17,8.24,60759347,521284736.00
2017/01/16,8.04,8.17,7.41,7.54,59418574,467867904.00
2017/01/17,7.41,7.89,7.36,7.83,43189592,334323488.00
2017/01/18,7.81,7.87,7.61,7.64,29123506,227695296.00
2017/01/19,7.49,7.88,7.44,7.67,30611611,238230336.00
2017/01/20,7.61,7.77,7.56,7.70,28376388,220782352.00
2017/01/23,7.68,7.76,7.61,7.64,28014008,217670240.00
2017/01/24,7.60,7.69,7.45,7.45,23820630,181416736.00
2017/01/25,7.46,7.69,7.38,7.50,20740496,157959648.00
2017/01/26,7.47,7.55,7.42,7.48,13519921,102344240.00
2017/02/03,7.50,7.77,7.48,7.70,26953839,208660224.00
2017/02/06,7.63,7.76,7.62,7.76,20880914,162635296.00
2017/02/07,7.75,8.41,7.71,8.16,57614797,467926112.00
2017/02/08,8.08,8.12,7.86,8.11,34530738,279233120.00
2017/02/09,8.07,8.17,8.01,8.09,24641007,201202400.00
2017/02/10,8.03,8.11,7.83,7.84,33821496,271642144.00
2017/02/13,7.82,8.14,7.82,8.00,27032888,218846208.00
2017/02/14,8.02,8.19,7.99,8.06,26338579,215211712.00
2017/02/15,8.06,8.34,7.91,8.11,47092765,386597280.00
2017/02/16,8.04,8.50,7.96,8.38,60070248,501911264.00
2017/02/17,8.31,8.38,8.09,8.23,46006659,382890944.00
2017/02/20,8.21,8.44,8.13,8.30,38335613,320765984.00
2017/02/21,8.38,8.71,8.33,8.66,76242987,658284032.00
2017/02/22,8.56,8.60,8.45,8.54,39239118,337831456.00
2017/02/23,8.51,8.57,8.25,8.32,34099312,288433696.00
2017/02/24,8.25,8.41,8.25,8.32,16258563,136743376.00
2017/02/27,8.36,8.55,8.29,8.29,24158453,205488704.00
2017/02/28,8.23,8.28,8.12,8.25,20860484,172448576.00
2017/03/01,8.27,8.34,8.18,8.26,17225530,143931296.00
2017/03/02,8.22,8.28,7.98,8.02,28569804,233678688.00
2017/03/03,8.02,8.09,7.98,8.03,12856290,104489160.00
2017/03/06,8.02,8.07,7.91,8.00,18518960,149838112.00
2017/03/07,8.00,8.02,7.92,7.97,16637631,133948512.00
2017/03/08,7.98,7.99,7.79,7.82,19879460,158167056.00
2017/03/09,7.82,7.94,7.81,7.85,13701314,108883144.00
2017/03/10,7.79,7.91,7.76,7.82,10475304,83053864.00
2017/03/13,7.79,7.85,7.72,7.83,13340081,105067376.00
2017/03/14,7.82,7.84,7.73,7.74,11340671,89133424.00
2017/03/15,7.73,7.74,7.59,7.60,15920586,122867728.00
2017/03/16,7.64,7.86,7.62,7.83,18401281,144689808.00
2017/03/17,7.82,7.86,7.67,7.68,15617330,122537440.00
2017/03/20,7.69,7.76,7.61,7.69,9441224,73388936.00
2017/03/21,7.66,7.74,7.65,7.70,8514669,66328444.00
2017/03/22,7.66,7.69,7.56,7.62,12694711,97762336.00
2017/03/23,7.57,7.67,7.46,7.52,14355735,109579112.00
2017/03/24,7.54,7.57,7.46,7.57,9845543,74897336.00
2017/03/27,7.59,7.68,7.57,7.64,10170125,78602632.00
2017/03/28,7.64,7.70,7.61,7.69,8931870,69265640.00
2017/03/29,7.69,7.70,7.56,7.59,9477637,72904008.00
2017/03/30,7.57,7.59,7.36,7.36,12418900,93503480.00
2017/03/31,7.36,7.45,7.21,7.26,9872419,73267336.00
2017/04/05,7.26,7.40,7.20,7.39,10788027,79760976.00
2017/04/06,7.41,7.41,7.27,7.30,8944670,66168880.00
2017/04/07,7.29,7.39,7.21,7.31,9423437,69700640.00
2017/04/10,7.30,7.30,7.11,7.15,13268299,96412440.00
2017/04/11,6.92,7.27,6.92,7.15,13626247,98412512.00
2017/04/12,7.11,7.11,6.91,6.93,18099934,128101080.00
2017/04/13,6.94,6.96,6.75,6.76,19035466,131083904.00
2017/04/14,6.78,6.80,6.59,6.61,14306883,96526336.00
2017/04/17,6.61,6.67,6.57,6.63,10485244,70323376.00
2017/04/18,6.61,6.66,6.59,6.61,9708728,65181572.00
2017/04/19,6.68,6.68,6.31,6.44,14838266,96666888.00
2017/04/20,6.41,6.48,6.32,6.38,8168760,52890528.00
2017/04/21,6.37,6.42,6.33,6.35,5376290,34694596.00
2017/04/24,6.37,6.38,5.93,6.06,10464610,65098528.00
2017/04/25,6.09,6.14,6.03,6.07,8746828,53795572.00
2017/04/26,6.06,6.07,5.99,6.05,7341860,44859036.00
2017/04/27,6.07,6.07,5.83,6.04,11632030,70165736.00
2017/04/28,6.06,6.21,5.98,6.17,13755403,85142656.00
2017/05/02,6.13,6.27,6.08,6.24,11651712,73045304.00
2017/05/03,6.22,6.31,6.18,6.25,9850863,62138664.00
2017/05/04,6.23,6.23,6.08,6.10,8643588,53905172.00
2017/05/05,6.09,6.09,5.99,5.99,9503120,57876196.00
2017/05/08,5.94,6.01,5.83,5.83,9770473,58380636.00
2017/05/09,5.84,6.18,5.74,5.95,17577300,105906840.00
2017/05/10,5.97,5.97,5.77,5.78,9446640,56180280.00
2017/05/11,5.60,5.73,5.38,5.64,13202605,74642592.00
2017/05/12,5.64,5.69,5.57,5.66,6215809,35507512.00
2017/05/15,5.68,5.71,5.64,5.65,4635870,26621412.00
2017/05/16,5.66,5.76,5.49,5.75,8256850,46943492.00
2017/05/17,5.75,5.85,5.70,5.76,8437070,49390236.00
2017/05/18,5.71,5.76,5.67,5.70,4950540,28640596.00
2017/05/19,5.72,5.75,5.67,5.71,3997490,23118824.00
2017/05/22,5.70,5.74,5.61,5.62,5268649,30293808.00
2017/05/23,5.53,5.59,5.39,5.40,8604070,47848732.00
2017/05/24,5.34,5.41,5.23,5.38,6766482,36575916.00
2017/05/25,5.38,5.43,5.25,5.42,7294278,39573900.00
2017/05/26,5.40,5.57,5.37,5.47,6900337,38142308.00
2017/05/31,5.63,6.02,5.63,6.02,20511880,123135752.00
2017/06/01,6.02,6.27,5.95,5.97,47785545,295942400.00
2017/06/02,5.67,5.95,5.59,5.85,22625108,132006912.00
2017/06/05,5.80,6.33,5.74,6.28,36676636,227990384.00
2017/06/06,6.21,6.34,6.11,6.24,24365818,153625264.00
2017/06/07,6.21,6.30,6.13,6.25,22572293,142054480.00
2017/06/08,6.29,6.31,6.17,6.24,13842027,87159008.00
2017/06/09,6.30,6.53,6.23,6.24,20917036,134157216.00
2017/06/12,6.12,6.15,5.99,6.03,14864133,91076416.00
2017/06/13,6.05,6.08,5.99,6.05,9381365,57275604.00
2017/06/14,6.05,6.38,5.99,6.22,25586328,161452576.00
2017/06/15,6.22,6.26,6.09,6.22,13204227,82491536.00
2017/06/16,6.24,6.31,6.15,6.18,9243825,58130024.00
2017/06/19,6.23,6.23,6.12,6.17,6817281,42473728.00
2017/06/20,6.17,6.20,6.08,6.10,8769570,54363928.00
2017/06/21,6.12,6.15,6.03,6.09,7210195,44308664.00
2017/06/22,6.09,6.16,6.03,6.04,9256161,57092904.00
2017/06/23,6.03,6.08,5.93,6.07,8981946,54520544.00
2017/06/26,6.04,6.11,6.02,6.08,8162242,50140672.00
2017/06/27,6.07,6.17,6.06,6.14,8640183,53484708.00
2017/06/28,6.02,6.07,5.86,6.01,11943979,72366920.00
2017/06/29,5.99,6.04,5.98,5.99,5723441,34768804.00
2017/06/30,5.99,6.03,5.95,6.00,5324555,32233268.00
2017/07/03,6.00,6.03,5.96,6.01,4636870,28109138.00
2017/07/04,6.01,6.02,5.94,5.94,4945327,29858190.00
2017/07/05,5.93,5.98,5.90,5.95,6473873,38807008.00
2017/07/06,5.94,5.94,5.86,5.89,7883289,46966348.00
2017/07/07,5.89,5.89,5.75,5.78,10745506,63126756.00
2017/07/10,5.74,6.01,5.73,5.95,14059749,83973384.00
2017/07/11,5.93,6.43,5.89,6.11,24207161,151161536.00
2017/07/12,6.10,6.10,5.93,6.03,13008766,79013752.00
2017/07/13,6.00,6.18,5.98,6.14,14995170,92927864.00
2017/07/14,6.16,6.20,6.05,6.10,7185810,44269456.00
2017/07/17,6.12,6.12,5.69,5.77,13656578,81023104.00
2017/07/18,5.77,5.89,5.71,5.83,6431252,37792500.00
2017/07/19,5.78,5.88,5.76,5.86,7187441,42439040.00
2017/07/20,5.82,5.91,5.78,5.85,5721520,33888908.00
2017/07/21,5.85,5.91,5.80,5.85,5709800,33772968.00
2017/07/24,5.84,5.85,5.76,5.82,5447110,32028580.00
2017/07/25,5.79,5.86,5.78,5.85,4191571,24685760.00
2017/07/26,5.86,6.21,5.78,6.07,11980658,72457104.00
2017/07/27,6.00,6.10,5.98,6.04,11432763,69835328.00
2017/07/28,6.09,6.22,6.07,6.08,12666300,78426832.00
2017/07/31,6.05,6.18,6.01,6.10,11120384,68689496.00
2017/08/01,6.08,6.11,6.01,6.02,8678404,53004184.00
2017/08/02,6.02,6.05,5.97,5.98,6449120,39170344.00
2017/08/03,5.96,6.01,5.93,5.97,5361588,32370214.00
2017/08/04,5.98,6.02,5.87,5.91,8026690,48241136.00
2017/08/07,5.91,6.00,5.88,5.94,4248581,25541992.00
2017/08/08,5.94,5.98,5.91,5.95,4722495,28420034.00
2017/08/09,5.95,5.97,5.92,5.94,4438703,26660770.00
2017/08/10,5.92,5.93,5.83,5.86,5965923,35470840.00
2017/08/11,5.83,5.85,5.76,5.78,5456030,31993476.00
2017/08/14,5.80,5.85,5.78,5.82,4059970,23917140.00
2017/08/15,5.82,6.10,5.82,5.97,11378730,68958328.00
2017/08/16,5.91,5.92,5.83,5.90,8615173,51202828.00
2017/08/17,5.91,5.92,5.85,5.91,6443485,38392788.00
2017/08/18,5.89,5.89,5.85,5.87,5725501,33960968.00
2017/08/21,5.86,5.89,5.84,5.89,4141590,24580348.00
2017/08/22,5.89,5.91,5.84,5.86,4889520,28981246.00
2017/08/23,5.84,5.86,5.82,5.84,4379540,25881240.00
2017/08/24,5.83,5.85,5.79,5.81,3437903,20232074.00
2017/08/25,5.78,5.88,5.78,5.85,5327650,31442328.00
2017/08/28,5.87,5.87,5.83,5.87,8670581,51331420.00
2017/08/29,5.87,5.87,5.82,5.84,5978920,35372772.00
2017/08/30,5.83,5.83,5.80,5.82,6286847,37003576.00
2017/08/31,5.81,5.84,5.81,5.84,4594880,27071598.00
2017/09/01,5.84,5.88,5.81,5.86,6485600,38293716.00
2017/09/04,5.84,5.87,5.81,5.85,5634007,33265548.00
2017/09/05,5.85,5.86,5.83,5.84,4464216,26395270.00
2017/09/06,5.84,5.90,5.81,5.86,8274091,49007948.00
2017/09/07,5.86,5.86,5.83,5.83,5186734,30647058.00
2017/09/08,5.81,5.85,5.81,5.84,4275730,25223828.00
2017/09/11,5.82,5.88,5.80,5.86,7248418,42830116.00
2017/09/12,5.86,5.86,5.82,5.84,7273839,43002192.00
2017/09/13,5.83,5.87,5.81,5.86,6926900,40958756.00
2017/09/14,5.85,6.02,5.83,5.92,17488319,104839760.00
2017/09/15,5.92,5.99,5.86,5.95,13090863,78686912.00
2017/09/18,5.96,6.03,5.93,5.98,12058484,73008944.00
2017/09/19,5.98,6.30,5.96,6.16,32237848,199252512.00
2017/09/20,6.13,6.22,6.08,6.15,18403330,114029104.00
2017/09/21,6.13,6.13,6.03,6.03,14587268,89511632.00
2017/09/22,6.01,6.01,5.93,5.95,10339756,62290456.00
2017/09/25,5.95,6.07,5.94,6.02,10583028,64125092.00
2017/09/26,5.99,6.00,5.92,5.94,7796471,46904944.00
2017/09/27,6.03,6.14,5.97,5.99,12036283,73593984.00
2017/09/28,5.94,5.99,5.83,5.89,10988466,65961432.00
2017/09/29,5.90,5.94,5.87,5.92,6806861,40674596.00
2017/10/09,5.97,5.98,5.92,5.93,6900373,41454212.00
2017/10/10,5.94,6.11,5.94,6.08,18641357,113795336.00
2017/10/11,6.05,6.15,6.02,6.05,12598693,77367368.00
2017/10/12,6.03,6.27,5.99,6.19,30350599,188579504.00
2017/10/13,6.14,6.17,6.08,6.13,14271788,88289704.00
2017/10/16,6.14,6.18,6.00,6.05,14925914,92100280.00
2017/10/17,6.06,6.27,6.02,6.25,29661429,185775888.00
2017/10/18,6.29,6.30,6.11,6.14,20320370,127463536.00
2017/10/19,6.12,6.35,6.11,6.33,31557359,199006144.00
2017/10/20,6.29,6.69,6.24,6.55,51897312,341379904.00
2017/10/23,6.46,6.55,6.40,6.54,26841058,175651536.00
2017/10/24,6.49,6.65,6.28,6.38,28904384,189019200.00
2017/10/25,6.35,6.52,6.32,6.48,19118515,123796744.00
2017/10/26,6.44,6.50,6.35,6.38,15931490,103187464.00
2017/10/27,6.39,6.41,6.23,6.28,15793897,100473160.00
2017/10/30,6.24,6.27,6.01,6.08,14702531,90888056.00
2017/10/31,6.07,6.18,6.07,6.15,7898889,48855472.00
2017/11/01,6.16,6.21,6.03,6.06,9819316,60800072.00
2017/11/02,6.04,6.08,5.95,5.97,10458783,63590568.00
2017/11/03,5.98,6.01,5.88,5.90,8956480,53707640.00
2017/11/06,5.97,6.05,5.91,6.03,8241851,49813996.00
2017/11/07,6.04,6.05,5.98,6.01,6588670,40051908.00
2017/11/08,6.01,6.08,5.94,6.02,9835689,59766200.00
2017/11/09,6.02,6.02,5.98,5.99,6006750,36413344.00
2017/11/10,6.00,6.01,5.95,5.95,7481410,45204132.00
2017/11/13,5.96,5.97,5.81,5.83,17378225,102761080.00
2017/11/14,5.79,5.79,5.63,5.70,15382386,88905640.00
2017/11/15,5.66,5.76,5.62,5.68,7427020,42694052.00
2017/11/16,5.71,5.98,5.69,5.83,13831944,82067232.00
2017/11/17,5.85,5.85,5.58,5.64,9184770,53130060.00
2017/11/20,5.65,5.69,5.43,5.67,5098907,28846518.00
2017/11/21,5.64,5.77,5.61,5.75,5778290,33311516.00
2017/11/22,5.74,5.76,5.67,5.69,4341432,25062944.00
2017/11/23,5.70,5.72,5.54,5.55,5587480,31711088.00
2017/11/24,5.53,5.65,5.51,5.58,3945660,22276932.00
2017/11/27,5.53,5.59,5.50,5.51,3790350,21265430.00
2017/11/28,5.50,5.58,5.50,5.56,2991754,16815308.00
2017/11/29,5.58,5.62,5.49,5.56,3839790,21573938.00
2017/11/30,5.57,5.63,5.53,5.57,3722697,21069014.00
2017/12/01,5.59,5.60,5.56,5.57,2817043,15903022.00
2017/12/04,5.57,5.61,5.53,5.61,4026590,22785184.00
2017/12/05,5.61,5.82,5.58,5.72,15451783,89777552.00
2017/12/06,5.68,5.71,5.61,5.70,5794250,33160396.00
2017/12/07,5.71,5.83,5.70,5.73,5838830,34001596.00
2017/12/08,5.74,6.13,5.74,6.04,28101615,169676592.00
2017/12/11,6.01,6.28,5.99,6.25,31617809,197663872.00
2017/12/12,6.20,6.21,6.01,6.10,19475856,119941368.00
2017/12/13,6.04,6.15,6.04,6.12,11669127,71990960.00
2017/12/14,6.12,6.39,6.12,6.31,32647027,207509968.00
2018/01/03,6.95,6.95,6.95,6.95,4865929,34158820.00
2018/01/04,6.95,7.65,6.59,7.32,116004903,838589632.00
2018/01/05,7.08,7.46,6.95,7.02,71022084,512861856.00
2018/01/08,6.91,6.98,6.73,6.91,52042943,359203424.00
2018/01/09,6.83,6.98,6.74,6.85,33829918,235097744.00
2018/01/10,6.76,6.95,6.62,6.68,32715292,223339664.00
2018/01/11,6.63,6.88,6.46,6.72,39576003,264784688.00
2018/01/12,6.67,6.70,6.48,6.49,25413672,168618448.00
2018/01/15,6.43,6.48,6.08,6.17,34261406,216616416.00
2018/01/16,6.15,6.37,6.11,6.29,21342942,134828144.00
2018/01/17,6.19,6.33,6.03,6.23,23537287,146961520.00
2018/01/18,6.14,6.28,6.13,6.21,19014980,118815120.00
2018/01/19,6.17,6.24,6.08,6.10,18244333,113774584.00
2018/01/22,6.04,6.27,6.01,6.22,20873917,130422112.00
2018/01/23,6.23,6.29,6.17,6.18,15287927,96028232.00
2018/01/24,6.39,6.55,6.28,6.28,27722908,178359952.00
2018/01/25,6.23,6.37,6.15,6.16,20815160,131387608.00
2018/01/26,6.17,6.23,6.09,6.20,16192263,101134448.00
2018/01/29,6.16,6.20,5.98,5.99,17673752,108672096.00
2018/01/30,6.01,6.31,6.01,6.23,29761590,186606544.00
2018/01/31,6.16,6.23,6.08,6.13,17708207,110110816.00
2018/02/01,6.08,6.12,5.73,5.78,23635227,141281200.00
2018/02/02,5.73,5.80,5.51,5.79,10531037,60783168.00
2018/02/05,5.68,5.88,5.64,5.80,6888337,40402348.00
2018/02/06,5.69,5.74,5.45,5.45,13917368,78864008.00
2018/02/07,5.58,5.65,5.28,5.47,9624756,53481104.00
2018/02/08,5.43,5.56,5.43,5.54,6705087,37394568.00
2018/02/09,5.43,5.43,5.17,5.31,9964590,53715964.00
2018/02/12,5.33,5.47,5.33,5.45,6394930,35163532.00
2018/02/13,5.54,5.54,5.43,5.43,6146610,34081940.00
2018/02/14,5.45,5.54,5.43,5.51,4484049,24958446.00
2018/02/22,5.55,5.67,5.50,5.63,9850249,55893940.00
2018/02/23,5.63,5.83,5.57,5.67,8169680,46912816.00
2018/02/26,5.73,5.75,5.60,5.71,10333400,59435896.00
2018/02/27,5.67,5.78,5.65,5.70,9614600,55530248.00
2018/02/28,5.65,5.71,5.60,5.63,7767997,44463412.00
2018/03/01,5.63,5.68,5.60,5.66,5667004,32365170.00
2018/03/02,5.63,5.81,5.59,5.71,10116483,58473980.00
2018/03/05,5.71,5.75,5.66,5.73,7801001,45059280.00
2018/03/06,5.71,5.78,5.67,5.76,11824051,68580992.00
2018/03/07,5.73,5.75,5.61,5.61,9485590,54509116.00
2018/03/08,5.62,5.63,5.55,5.60,6260854,35410088.00
2018/03/09,5.57,5.66,5.57,5.66,8299990,47301532.00
2018/03/12,5.72,5.73,5.65,5.73,11913802,68671176.00
2018/03/13,5.73,5.88,5.67,5.78,18362943,107259264.00
2018/03/14,5.72,5.76,5.68,5.69,8810736,51025688.00
2018/03/15,5.67,5.79,5.64,5.76,12368180,71780744.00
2018/03/16,5.84,5.98,5.81,5.85,28580434,170451184.00
2018/03/19,5.85,5.96,5.80,5.94,16246906,96858696.00
2018/03/20,5.88,5.88,5.73,5.80,13081305,76856304.00
2018/03/21,5.76,5.94,5.75,5.77,12629527,74704816.00
2018/03/22,5.79,6.32,5.76,6.13,53085944,325664448.00
2018/03/23,5.88,6.18,5.60,5.80,40381567,241926080.00
2018/03/26,5.61,5.71,5.23,5.66,20879622,116812832.00
2018/03/27,5.67,5.78,5.67,5.71,14377888,83169496.00
2018/03/28,5.61,5.67,5.49,5.54,13613816,76871424.00
2018/03/29,5.55,5.59,5.48,5.54,9922420,55613828.00
2018/03/30,5.54,5.60,5.53,5.56,8257459,46495920.00
2018/04/02,5.61,5.69,5.55,5.60,10173470,57998752.00
2018/04/03,5.54,5.60,5.46,5.54,7827833,43942432.00
2018/04/04,5.54,5.61,5.51,5.52,6763917,38006888.00
2018/04/09,5.53,5.58,5.47,5.52,5999167,33463890.00
2018/04/10,5.51,5.56,5.47,5.53,6496723,36224832.00
2018/04/11,5.53,5.59,5.51,5.54,6428007,36054836.00
2018/04/12,5.54,5.55,5.47,5.47,5700300,31796518.00
2018/04/13,5.49,5.53,5.46,5.47,3679800,20438348.00
2018/04/16,5.43,5.49,5.37,5.39,5711990,31405236.00
2018/04/17,5.38,5.42,5.28,5.29,5858564,31712316.00
2018/04/18,5.36,5.38,5.20,5.33,6422524,34334296.00
2018/04/19,5.30,5.37,5.29,5.32,3908790,21145416.00
2018/04/20,5.31,5.32,5.21,5.22,5002708,26653252.00
2018/04/23,5.23,5.25,5.13,5.15,4416740,23193772.00
2018/04/24,5.16,5.37,5.16,5.30,5903264,31476144.00
2018/04/25,5.30,5.34,5.26,5.33,3786629,20402590.00
2018/04/26,5.35,5.37,5.23,5.24,4452871,23809192.00
2018/04/27,5.25,5.31,5.25,5.29,2820930,15080487.00
2018/05/02,5.29,5.33,5.26,5.26,3194173,17097748.00
2018/05/03,5.31,5.31,5.23,5.28,3931162,21006034.00
2018/05/04,5.30,5.31,5.23,5.31,4989580,26684948.00
2018/05/07,5.30,5.39,5.29,5.36,6551692,35525568.00
2018/05/08,5.35,5.48,5.34,5.44,8740419,47993796.00
2018/05/09,5.41,5.43,5.36,5.38,5027476,27424978.00
2018/05/10,5.42,5.43,5.34,5.37,4001420,21800170.00
2018/05/11,5.39,5.40,5.30,5.30,4288242,23170768.00
2018/05/14,5.24,5.32,5.24,5.27,2748460,14743892.00
2018/05/15,5.27,5.38,5.23,5.34,4379098,23446300.00
2018/05/16,5.32,5.34,5.28,5.30,3342190,17969818.00
2018/05/17,5.30,5.35,5.27,5.28,3066878,16457593.00
2018/05/18,5.28,5.37,5.27,5.37,6319873,34186412.00
2018/05/21,5.39,5.40,5.34,5.37,5474536,29786082.00
2018/05/22,5.37,5.45,5.35,5.41,6709448,36750740.00
2018/05/23,5.41,5.41,5.33,5.34,4241257,23026980.00
2018/05/24,5.34,5.47,5.28,5.40,9622747,52567548.00
2018/05/25,5.39,5.49,5.34,5.45,11644051,64140424.00
2018/05/28,5.44,5.70,5.38,5.58,20517216,115885296.00
2018/05/29,5.56,5.72,5.51,5.51,18868597,107574320.00
2018/05/30,5.34,5.54,5.34,5.43,11904982,65469280.00
2018/05/31,5.49,5.86,5.49,5.81,31995798,184477536.00
2018/06/01,5.81,5.97,5.71,5.79,27233690,160305136.00
2018/06/04,5.77,5.89,5.70,5.80,11824514,69223584.00
2018/06/05,5.79,5.82,5.62,5.75,14456746,83296968.00
2018/06/06,5.70,5.76,5.66,5.70,9801143,56390284.00
2018/06/07,5.69,5.83,5.66,5.77,9773478,56843032.00
2018/06/08,5.75,5.75,5.59,5.66,7293870,41673452.00
2018/06/11,5.62,5.76,5.61,5.67,7283374,41910060.00
2018/06/12,5.68,5.73,5.53,5.63,9551124,54041020.00
2018/06/13,5.61,5.62,5.51,5.52,7310500,41008280.00
2018/06/14,5.52,5.63,5.50,5.53,6550831,36773272.00
2018/06/15,5.53,5.60,5.50,5.56,6681560,37441336.00
2018/06/19,5.50,5.50,5.00,5.11,13124841,69301776.00
2018/06/20,5.15,5.22,5.05,5.15,6966479,36282804.00
2018/06/21,5.15,5.27,5.12,5.23,10221303,53826660.00
2018/06/22,5.20,5.24,5.12,5.21,4702294,24630688.00
2018/06/25,5.22,5.28,5.07,5.10,6223940,32519282.00
2018/06/26,5.03,5.16,5.01,5.14,3904850,20139116.00
2018/06/27,5.18,5.20,5.01,5.04,7008293,36031400.00
2018/06/28,5.05,5.08,4.63,4.67,17583772,85854056.00
2018/06/29,4.69,4.81,4.67,4.79,8211526,39327652.00
2018/07/02,4.75,4.84,4.70,4.74,5342602,25813028.00
2018/07/03,4.75,4.83,4.70,4.78,4512380,21742630.00
2018/07/04,4.80,4.82,4.74,4.81,5638010,27239410.00
2018/07/05,4.78,4.91,4.72,4.89,8986820,43801508.00
2018/07/06,4.91,5.13,4.89,4.97,9268781,46905568.00
2018/07/09,4.99,5.06,4.89,4.97,9006175,45139228.00
2018/07/10,4.94,5.02,4.89,4.95,6995846,34891256.00
2018/07/11,4.94,4.94,4.65,4.77,14395768,69219424.00
2018/07/12,4.77,4.88,4.73,4.86,6110410,29880194.00
2018/07/13,4.84,4.89,4.80,4.85,3521000,17287204.00
2018/07/16,4.91,5.05,4.88,4.99,8053104,40435208.00
2018/07/17,5.04,5.04,4.94,4.98,3668100,18446522.00
2018/07/18,4.96,5.05,4.96,4.97,4359520,22014848.00
2018/07/19,4.95,5.00,4.87,4.88,2838973,14087157.00
2018/07/20,4.92,4.94,4.83,4.92,3785941,18694156.00
2018/07/23,4.92,5.00,4.87,4.98,3504980,17580936.00
2018/07/24,4.99,5.05,4.95,5.03,5835968,29562340.00
2018/07/25,5.03,5.12,4.99,5.03,6183153,31620090.00
2018/07/26,5.10,5.11,5.01,5.03,6170341,31494804.00
2018/07/27,5.03,5.09,5.02,5.05,4472825,22802622.00
2018/07/30,5.02,5.05,4.92,4.98,4110993,20692720.00
2018/07/31,4.93,4.99,4.93,4.99,2727470,13693463.00
2018/08/01,4.96,5.01,4.92,4.92,3180930,15963122.00
2018/08/02,4.92,4.92,4.76,4.87,4005333,19539928.00
2018/08/03,4.87,4.88,4.77,4.77,2350165,11461760.00
2018/08/06,4.74,4.78,4.71,4.73,2867258,13732551.00
2018/08/07,4.75,4.84,4.73,4.82,3825104,18523608.00
2018/08/08,4.85,4.87,4.76,4.76,2381171,11536254.00
2018/08/09,4.75,4.84,4.73,4.81,2779967,13507669.00
2018/08/10,4.89,4.89,4.80,4.83,2506146,12214161.00
2018/08/13,4.75,4.80,4.73,4.79,2452520,11799662.00
2018/08/14,4.80,4.85,4.76,4.82,2547780,12363379.00
2018/08/15,4.81,4.81,4.73,4.76,2622056,12611307.00
2018/08/16,4.74,4.74,4.65,4.68,3710025,17573954.00
2018/08/17,4.72,4.73,4.66,4.68,2086070,9878106.00
2018/08/20,4.68,4.74,4.65,4.74,4035485,19165088.00
2018/08/21,4.76,4.84,4.72,4.81,3783188,18323100.00
2018/08/22,4.81,4.82,4.75,4.76,1851675,8933274.00
2018/08/23,4.77,4.83,4.75,4.79,2591943,12560192.00
2018/08/24,4.81,4.82,4.75,4.78,1819740,8780831.00
2018/08/27,4.80,4.87,4.78,4.84,3618527,17654780.00
2018/08/28,4.85,4.85,4.80,4.82,1913267,9315107.00
2018/08/29,4.83,4.83,4.76,4.77,1899463,9186032.00
2018/08/30,4.79,4.80,4.75,4.77,2176461,10493679.00
2018/08/31,4.75,4.78,4.61,4.68,5592217,26480012.00
2018/09/03,4.67,4.73,4.61,4.72,3904048,18462830.00
2018/09/04,4.70,4.75,4.70,4.73,3085100,14737922.00
2018/09/05,4.74,4.74,4.64,4.66,3308510,15639393.00
2018/09/06,4.65,4.68,4.59,4.62,2760640,12925628.00
2018/09/07,4.63,4.70,4.61,4.69,3635017,17112660.00
2018/09/10,4.65,4.70,4.64,4.65,2869024,13514780.00
2018/09/11,4.65,4.67,4.61,4.63,3817870,17915460.00
2018/09/12,4.63,4.68,4.59,4.64,2762191,12949114.00
2018/09/13,4.65,4.67,4.60,4.65,1759943,8252719.50
2018/09/14,4.64,4.66,4.60,4.61,2200380,10294039.00
2018/09/17,4.61,4.64,4.57,4.61,2258390,10503164.00
2018/09/18,4.61,4.72,4.61,4.70,2818848,13282535.00
2018/09/19,4.69,4.77,4.67,4.72,4061980,19400910.00
2018/09/20,4.72,4.74,4.69,4.69,2422151,11541786.00
2018/09/21,4.71,4.95,4.71,4.79,5870472,28616488.00
2018/09/25,4.75,4.79,4.65,4.73,2858888,13689687.00
2018/09/26,4.75,4.79,4.72,4.73,2938700,14122864.00
2018/09/27,4.74,4.76,4.70,4.72,2229617,10642176.00
2018/09/28,4.70,4.79,4.70,4.78,3097940,14897227.00
2018/10/08,4.74,4.83,4.70,4.74,4882290,23484088.00
2018/10/09,4.72,4.78,4.71,4.74,2599740,12453997.00
2018/10/10,4.74,4.82,4.72,4.79,3151086,15206967.00
2018/10/11,4.69,4.70,4.52,4.54,5525365,25790792.00
2018/10/12,4.61,4.71,4.46,4.67,5233050,24251500.00
2018/10/15,4.65,4.67,4.58,4.59,1904030,8902039.00
2018/10/16,4.59,4.65,4.57,4.59,1827590,8514732.00
2018/10/17,4.63,4.67,4.58,4.65,2153004,10074502.00
2018/10/18,4.65,4.65,4.56,4.56,2231874,10368187.00
2018/10/19,4.39,4.74,4.39,4.70,5402719,25262018.00
2018/10/22,4.74,4.97,4.74,4.91,11589343,57412192.00
2018/10/23,4.95,5.10,4.91,4.94,10752802,54444096.00
2018/10/24,4.94,5.05,4.90,5.03,6663025,33496942.00
2018/10/25,4.91,5.11,4.90,5.04,7915962,40249992.00
2018/10/26,5.05,5.12,5.01,5.05,6464549,33072688.00
2018/10/29,5.10,5.10,4.95,4.99,9895161,50327828.00
2018/10/30,5.05,5.08,4.98,5.02,6977651,35413044.00
2018/10/31,5.04,5.12,5.00,5.04,4686761,23993394.00
2018/11/01,5.10,5.35,5.07,5.19,12478861,65832424.00
2018/11/02,5.19,5.26,5.15,5.26,6622012,34784832.00
2018/11/05,5.24,5.24,5.16,5.19,4274384,22403450.00
2018/11/06,5.15,5.22,5.11,5.19,3751080,19612992.00
2018/11/07,5.17,5.33,5.16,5.32,7060020,37747688.00
2018/11/08,5.30,5.31,5.20,5.21,4705955,25003440.00
2018/11/09,5.21,5.27,5.13,5.16,3673554,19190310.00
2018/11/12,5.12,5.21,5.12,5.20,2217065,11597941.00
2018/11/13,5.15,5.27,5.13,5.23,4235257,22307986.00
2018/11/14,5.23,5.33,5.20,5.28,5353770,28567610.00
2018/11/15,5.26,5.39,5.26,5.32,4541955,24422142.00
2018/11/16,5.39,5.49,5.35,5.44,7314102,40207128.00
2018/11/19,5.41,5.51,5.36,5.39,3034346,16552608.00
2018/11/20,5.37,5.41,5.27,5.29,3358582,18053816.00
2018/11/21,5.27,5.33,5.20,5.30,3913600,20822148.00
2018/11/22,5.26,5.35,5.25,5.31,2895540,15525268.00
2018/11/23,5.31,5.31,5.03,5.04,5359582,27871298.00
2018/11/26,5.00,5.11,4.97,5.07,4393264,22439928.00
2018/11/27,5.07,5.13,5.02,5.04,2976947,15239622.00
2018/11/28,5.08,5.12,5.00,5.09,3788745,19398580.00
2018/11/29,5.12,5.20,5.06,5.11,4481013,23348610.00
2018/11/30,5.16,5.16,5.00,5.15,3633299,18626384.00
2018/12/03,5.20,5.36,5.20,5.29,5100614,27231900.00
2018/12/04,5.29,5.35,5.25,5.33,4620892,24773896.00
2018/12/05,5.25,5.35,5.23,5.31,4280201,22980174.00
2018/12/06,5.30,5.36,5.24,5.28,4681944,25026280.00
2018/12/07,5.27,5.33,5.26,5.33,2726444,14581778.00
2018/12/10,5.36,5.36,5.22,5.23,2901420,15375258.00
2018/12/11,5.23,5.27,5.19,5.26,2246079,11857403.00
2018/12/12,5.16,5.37,5.16,5.32,4812905,25745906.00
2018/12/13,5.31,5.35,5.24,5.29,6073862,32427598.00
2018/12/14,5.27,5.29,5.15,5.18,2819050,14835738.00
2018/12/17,5.16,5.24,5.11,5.20,3665773,19257638.00
2018/12/18,5.20,5.28,5.10,5.17,5238877,27307448.00
2018/12/19,5.11,5.18,5.11,5.12,3755926,19474664.00
2018/12/20,5.13,5.16,5.07,5.14,2659160,13761436.00
2018/12/21,5.10,5.15,5.05,5.07,2341020,12051168.00
2018/12/24,5.08,5.14,5.07,5.10,1980885,10209273.00
2018/12/25,5.09,5.09,4.95,5.01,3739930,18870422.00
2018/12/26,4.99,5.04,4.90,4.93,4443000,22311906.00
2018/12/27,4.97,5.19,4.97,5.07,7727577,39930500.00
2018/12/28,5.06,5.10,5.04,5.08,3151086,16162418.00
2019/01/02,5.09,5.11,5.01,5.04,2625946,13429469.00
2019/01/03,5.04,5.10,4.94,5.01,3921421,19910274.00
2019/01/04,5.01,5.07,4.96,5.04,4184055,21246438.00
2019/01/07,5.08,5.15,5.06,5.13,4468644,23033982.00
2019/01/08,5.15,5.19,5.11,5.15,3296688,17163038.00
2019/01/09,5.15,5.23,5.12,5.14,2898460,15175323.00
2019/01/10,5.11,5.15,5.06,5.08,3107788,16012283.00
2019/01/11,5.08,5.14,5.06,5.13,2487850,12838869.00
2019/01/14,5.11,5.27,5.11,5.24,6035842,31806426.00
2019/01/15,5.24,5.30,5.17,5.25,5595898,29483806.00
2019/01/16,5.23,5.24,5.18,5.21,3146700,16551791.00
2019/01/17,5.18,5.24,5.14,5.19,3755440,19707754.00
2019/01/18,5.18,5.20,5.08,5.17,3612503,18757636.00
2019/01/21,5.15,5.23,5.12,5.23,4305697,22604856.00
2019/01/22,5.24,5.24,5.17,5.21,2479043,13046278.00
2019/01/23,5.22,5.25,5.18,5.24,2766855,14599728.00
2019/01/24,5.22,5.30,5.22,5.27,2246498,11960338.00
2019/01/25,5.27,5.32,5.25,5.26,2732083,14580648.00
2019/01/28,5.26,5.37,5.25,5.31,5726399,30729376.00
2019/01/29,5.30,5.39,5.21,5.38,7402713,39818052.00
2019/01/30,5.35,5.35,5.09,5.11,8307622,43382440.00
2019/01/31,5.13,5.22,5.10,5.14,5201522,27120934.00
2019/02/01,5.16,5.21,5.14,5.20,3317652,17383630.00
2019/02/11,5.19,5.30,5.16,5.30,4134541,21953228.00
2019/02/12,5.30,5.39,5.28,5.29,5063257,27177812.00
2019/02/13,5.30,5.39,5.29,5.38,6610662,35761972.00
2019/02/14,5.37,5.43,5.28,5.32,5467092,29400332.00
2019/02/15,5.31,5.34,5.27,5.31,2733085,14620119.00
2019/02/18,5.29,5.53,5.28,5.44,8921756,48790784.00
2019/02/19,5.45,5.48,5.38,5.44,6697715,36654832.00
2019/02/20,5.44,5.48,5.37,5.47,7642716,41857668.00
2019/02/21,5.47,5.55,5.43,5.44,6674575,37003380.00
2019/02/22,5.44,5.48,5.37,5.45,6757901,36874372.00
2019/02/25,5.46,5.75,5.46,5.70,20070811,113231984.00
2019/02/26,5.65,5.71,5.54,5.60,16347366,92630536.00
2019/02/27,5.60,5.63,5.51,5.53,9078103,50925828.00
2019/02/28,5.61,5.65,5.51,5.58,9948691,55929296.00
2019/03/01,5.60,5.62,5.52,5.58,6795927,38156500.00
2019/03/04,5.61,5.65,5.55,5.59,15436706,87244632.00
2019/03/05,5.55,5.62,5.52,5.61,14480676,81135568.00
2019/03/06,5.61,5.66,5.55,5.63,19609603,110860768.00
2019/03/07,5.64,5.73,5.56,5.64,22749801,129176376.00
2019/03/08,5.57,5.58,5.31,5.34,22680427,124762384.00
2019/03/11,5.34,5.44,5.34,5.43,13306910,72403320.00
2019/03/12,5.43,5.51,5.38,5.44,15699120,86348656.00
2019/03/13,5.40,5.43,5.25,5.32,15814172,85247560.00
2019/03/14,5.32,5.32,5.13,5.18,14089266,74014080.00
2019/03/15,5.18,5.28,5.18,5.26,9918952,52426884.00
2019/03/18,5.26,5.42,5.19,5.40,17883830,96290432.00
2019/03/19,5.38,5.39,5.31,5.37,16001901,86302136.00
2019/03/20,5.35,5.38,5.26,5.34,11568940,62139572.00
2019/03/21,5.34,5.39,5.32,5.35,12800311,69268024.00
2019/03/22,5.33,5.38,5.24,5.31,11917229,63810056.00
2019/03/25,5.27,5.38,5.23,5.35,12403814,66664300.00
2019/03/26,5.36,5.38,5.20,5.22,11472725,61109092.00
2019/03/27,5.30,5.53,5.30,5.50,34283733,188022608.00
2019/03/28,5.47,5.71,5.47,5.53,32307639,182496416.00
2019/03/29,5.63,5.70,5.48,5.67,26620642,150803808.00
2019/04/01,5.74,5.82,5.66,5.74,28655300,166125536.00
2019/04/02,5.75,5.81,5.65,5.69,17828502,102515888.00
2019/04/03,5.66,5.84,5.65,5.76,21757973,126353168.00
2019/04/04,5.76,5.98,5.74,5.79,21502478,126409920.00
2019/04/08,5.85,6.00,5.82,5.95,29882523,178014896.00
2019/04/09,6.00,6.00,5.85,5.91,17841327,106388352.00
2019/04/10,5.93,6.03,5.90,5.93,17457141,104633696.00
2019/04/11,5.91,5.95,5.72,5.79,21555827,126463344.00
2019/04/12,5.82,5.98,5.70,5.92,24584803,145218080.00
2019/04/15,6.01,6.05,5.75,5.77,18304780,108423304.00
2019/04/16,5.70,5.87,5.70,5.82,12995129,76064024.00
2019/04/17,5.82,5.86,5.78,5.81,9711795,56983216.00
2019/04/18,5.85,5.93,5.77,5.79,12241672,72133368.00
2019/04/19,5.84,5.87,5.78,5.85,10435913,61337112.00
2019/04/22,5.87,5.89,5.75,5.76,9727830,57141828.00
2019/04/23,5.80,5.81,5.67,5.68,8887001,51530372.00
2019/04/24,5.68,5.90,5.68,5.85,15394972,90672040.00
2019/04/25,5.85,5.92,5.64,5.65,11872630,69598992.00
2019/04/26,5.68,5.72,5.58,5.67,11159960,63692656.00
2019/04/29,5.65,5.89,5.58,5.76,15338596,89308928.00
2019/04/30,5.71,6.05,5.71,6.03,22386205,134485424.00
2019/05/06,5.89,5.98,5.56,5.59,19566715,113896024.00
2019/05/07,5.61,5.94,5.61,5.85,22906011,133669368.00
2019/05/08,5.73,5.81,5.60,5.61,19172004,110312904.00
2019/05/09,5.56,5.57,5.36,5.45,15862759,87132368.00
2019/05/10,5.47,5.93,5.47,5.83,22885334,132781376.00
2019/05/13,5.81,5.97,5.77,5.93,14903176,88422056.00
2019/05/14,5.78,5.91,5.66,5.74,13880573,80050200.00
2019/05/15,5.77,6.22,5.77,6.14,29409539,177423088.00
2019/05/16,6.08,6.21,6.01,6.15,19283085,118081328.00
2019/05/17,6.20,6.23,5.99,6.03,19683520,119727728.00
2019/05/20,5.95,6.15,5.80,6.11,15865358,95417144.00
2019/05/21,6.14,6.15,6.00,6.08,12476380,75940024.00
2019/05/22,6.09,6.12,5.95,6.02,9551118,57634220.00
2019/05/23,6.03,6.04,5.75,5.85,11602662,68221200.00
2019/05/24,5.81,5.97,5.75,5.87,10705838,62835736.00
2019/05/27,5.90,5.97,5.78,5.95,8131294,48136664.00
2019/05/28,5.93,5.97,5.85,5.87,7147181,42217508.00
2019/05/29,5.86,6.04,5.83,5.97,9850014,58662224.00
2019/05/30,5.89,6.10,5.88,6.09,11590864,69634800.00
2019/05/31,6.08,6.15,5.98,6.01,8621868,52235984.00
2019/06/03,6.01,6.23,5.93,6.11,14811765,90714032.00
2019/06/04,6.05,6.20,5.97,6.02,9481632,57625608.00
2019/06/05,6.02,6.25,6.02,6.20,15006919,92788312.00
2019/06/06,6.23,6.26,6.10,6.10,11210325,69255800.00
2019/06/10,6.11,6.23,6.11,6.18,7442316,45888400.00
2019/06/11,6.14,6.25,6.13,6.24,15203009,94198960.00
2019/06/12,6.20,6.25,6.12,6.18,6818397,42110524.00
2019/06/13,6.18,6.19,6.02,6.11,7435732,45365576.00
2019/06/14,6.11,6.17,6.05,6.05,6454201,39402504.00
2019/06/17,6.09,6.12,6.02,6.05,3659970,22192372.00
2019/06/18,6.03,6.08,6.01,6.05,3299851,19951604.00
2019/06/19,6.11,6.15,6.03,6.04,5512335,33466202.00
2019/06/20,6.03,6.23,5.98,6.20,12397147,76227560.00
2019/06/21,6.21,6.26,6.16,6.24,7039835,43717024.00
2019/06/24,6.22,6.47,6.19,6.34,11370900,71841752.00
2019/06/25,6.33,6.34,6.19,6.29,6277380,39287564.00
2019/06/26,6.31,6.55,6.26,6.47,14646077,94306136.00
2019/06/27,6.55,6.55,6.38,6.47,10459270,67522432.00
2019/06/28,6.43,6.61,6.43,6.47,9518375,61898604.00
2019/07/01,6.57,6.57,6.47,6.53,11804350,76783568.00
2019/07/02,6.51,6.65,6.45,6.53,12510083,81826128.00
2019/07/03,6.54,6.60,6.41,6.46,9702320,63017628.00
2019/07/04,6.50,6.57,6.41,6.46,6915117,44807432.00
2019/07/05,6.69,6.69,6.28,6.32,13756837,88046168.00
2019/07/08,6.33,6.33,6.09,6.14,10845835,67004856.00
2019/07/09,6.14,6.20,6.06,6.16,9106538,55774676.00
2019/07/10,6.18,6.20,6.09,6.13,4595090,28195320.00
2019/07/11,6.16,6.21,6.12,6.18,5571210,34378580.00
2019/07/12,6.19,6.20,6.11,6.18,5035342,31091592.00
2019/07/15,6.25,6.43,6.20,6.38,12906021,81925672.00
2019/07/16,6.40,6.70,6.35,6.57,20086845,131997408.00
2019/07/17,6.65,6.71,6.57,6.63,14720604,97737592.00
2019/07/18,6.67,6.75,6.54,6.55,12590282,83421104.00
2019/07/19,6.66,6.70,6.51,6.57,9536625,62898832.00
2019/07/22,6.53,6.65,6.41,6.47,9217398,60064560.00
2019/07/23,6.47,6.80,6.46,6.73,20013987,133958544.00
2019/07/24,6.73,6.75,6.62,6.69,11201771,74789488.00
2019/07/25,6.73,6.87,6.72,6.83,12840232,87438208.00
2019/07/26,6.72,6.82,6.70,6.78,7432738,50197532.00
2019/07/29,6.80,6.92,6.73,6.90,11194241,76582472.00
2019/07/30,6.91,6.94,6.81,6.84,8444316,58016788.00
2019/07/31,6.83,6.93,6.77,6.85,10100933,69186288.00
2019/08/01,6.80,6.84,6.73,6.77,7677547,52001968.00
2019/08/02,6.67,6.80,6.62,6.76,8284090,55750620.00
2019/08/05,6.75,6.83,6.55,6.60,11003630,73429800.00
2019/08/06,6.51,6.61,6.38,6.54,10500751,68227016.00
2019/08/07,6.56,6.62,6.41,6.58,11538131,75486560.00
2019/08/08,6.58,6.63,6.48,6.54,9720400,63706332.00
2019/08/09,6.57,6.59,6.37,6.38,8023218,51765336.00
2019/08/12,6.56,6.56,6.40,6.55,7739612,50164660.00
2019/08/13,6.49,6.50,6.42,6.47,4619902,29781846.00
2019/08/14,6.53,6.59,6.44,6.47,7961588,51809132.00
2019/08/15,6.38,6.50,6.23,6.46,9275200,58997948.00
2019/08/16,6.46,6.46,6.38,6.43,6506888,41773128.00
2019/08/19,6.59,6.96,6.59,6.87,28922294,197173696.00
2019/08/20,6.92,6.95,6.77,6.81,16219707,111102712.00
2019/08/21,6.83,6.94,6.75,6.85,13830295,94541056.00
2019/08/22,6.87,6.88,6.74,6.80,11155591,75765288.00
2019/08/23,6.80,6.84,6.76,6.82,5901268,40177616.00
2019/08/26,6.69,6.95,6.67,6.92,12170453,83579952.00
2019/08/27,6.90,7.02,6.78,6.82,17544040,120418600.00
2019/08/28,6.89,7.02,6.79,6.86,13828600,95407128.00
2019/08/29,6.86,6.90,6.79,6.87,7943553,54424028.00
2019/08/30,6.91,6.92,6.76,6.82,7013975,47889564.00
2019/09/02,6.79,7.03,6.79,7.00,12287111,85247664.00
2019/09/03,6.98,7.05,6.89,7.04,8933012,62332676.00
2019/09/04,7.06,7.18,6.98,7.09,11026337,77882704.00
2019/09/05,7.09,7.15,7.04,7.08,8792138,62377860.00
2019/09/06,7.06,7.18,7.06,7.17,7217452,51375200.00
2019/09/09,7.20,7.20,7.00,7.06,11819838,83502272.00
2019/09/10,7.05,7.27,6.99,7.25,14425540,103171384.00
2019/09/11,7.25,7.29,7.10,7.16,10924208,78068968.00
2019/09/12,7.16,7.18,7.10,7.15,5754763,41086744.00
2019/09/16,7.14,7.23,7.10,7.15,5826780,41652560.00
2019/09/17,7.10,7.15,6.99,7.05,7038906,49663656.00
2019/09/18,7.06,7.23,7.04,7.19,10623228,76016592.00
2019/09/19,7.23,7.40,7.20,7.40,14313929,104615328.00
2019/09/20,7.41,7.43,7.26,7.42,10238950,75145792.00
2019/09/23,7.39,7.40,7.22,7.28,8571881,62446040.00
2019/09/24,7.35,7.47,7.28,7.42,9434723,69774984.00
2019/09/25,7.48,7.74,7.40,7.59,23670939,179191472.00
2019/09/26,7.65,7.66,7.41,7.47,12472944,93743968.00
2019/09/27,7.50,7.55,7.33,7.42,9459265,70101072.00
2019/09/30,7.36,7.52,7.36,7.45,7405875,55376368.00
2019/10/08,7.47,7.64,7.38,7.43,9948675,74745800.00
2019/10/09,7.42,7.48,7.28,7.41,9115064,67178248.00
2019/10/10,7.42,7.51,7.35,7.50,8062482,60101664.00
2019/10/11,7.80,7.88,7.53,7.67,22341995,171432208.00
2019/10/14,7.69,7.96,7.53,7.88,19683796,150919024.00
2019/10/15,7.79,7.81,7.64,7.70,13524751,104350424.00
2019/10/16,7.69,8.16,7.69,8.01,24715101,196774480.00
2019/10/17,7.99,8.18,7.94,8.10,15314688,123395216.00
2019/10/18,8.10,8.70,8.05,8.61,42547096,360526048.00
2019/10/21,8.62,8.96,7.90,8.03,49201742,411051488.00
2019/10/22,8.10,8.37,7.73,8.34,33359834,267113472.00
2019/10/23,8.18,8.59,8.01,8.38,29744284,246620912.00
2019/10/24,8.28,8.55,8.10,8.16,20592349,170522512.00
2019/10/25,8.05,8.15,7.89,7.97,20071889,160322704.00
2019/10/28,7.85,8.10,7.84,8.04,16380559,131501520.00
2019/10/29,8.00,8.24,7.90,7.98,19308627,155400160.00
2019/10/30,8.00,8.47,7.93,8.43,27507813,226601040.00
2019/10/31,8.35,8.59,8.28,8.55,20129974,169176432.00
2019/11/01,8.46,8.55,8.37,8.44,16179467,136873408.00
数据来源:通达信
