000925 众合科技 日线 前复权
      日期	    开盘	    最高	    最低	    收盘	    成交量	    成交额
2013/09/02,6.64,7.05,6.59,7.03,2637946,25352788.00
2013/09/03,7.00,7.37,6.95,7.33,5144581,52038084.00
2013/09/04,7.27,7.54,7.25,7.48,3836627,39865260.00
2013/09/05,7.48,7.86,7.48,7.59,6276503,67489280.00
2013/09/06,7.70,7.71,7.43,7.61,3601875,38267696.00
2013/09/09,7.69,7.85,7.51,7.71,6241320,67385992.00
2013/09/10,7.71,7.89,7.66,7.85,4635164,50751720.00
2013/09/11,7.72,7.86,7.54,7.81,4447259,48221324.00
2013/09/12,7.74,7.88,7.61,7.71,5442825,58966764.00
2013/09/13,7.79,7.82,7.62,7.63,5098878,54863192.00
2013/09/16,7.63,7.71,7.51,7.55,2574095,27346874.00
2013/09/17,7.60,7.79,7.51,7.79,4015934,43256820.00
2013/09/18,7.79,7.87,7.61,7.69,2489765,26831804.00
2013/09/23,7.73,7.86,7.64,7.76,2978167,32214422.00
2013/09/24,7.76,8.41,7.73,8.21,8621626,98287456.00
2013/09/25,8.21,8.36,7.94,7.99,6582016,75087624.00
2013/09/26,7.91,7.92,7.68,7.69,4687425,51101532.00
2013/09/27,7.70,7.86,7.61,7.70,2089981,22594906.00
2013/09/30,7.35,7.99,7.35,7.79,3489444,37620876.00
2013/10/08,7.82,8.09,7.73,8.07,3058173,33841752.00
2013/10/09,7.98,8.31,7.98,8.29,3457567,39681324.00
2013/10/10,8.22,8.45,8.11,8.22,3275500,37810128.00
2013/10/11,8.29,8.41,8.22,8.31,3153017,36746040.00
2013/10/14,8.41,9.06,8.28,8.82,7081483,87115672.00
2013/10/15,8.68,8.81,8.36,8.49,6792430,81536328.00
2013/10/16,8.43,8.71,8.34,8.40,4716093,56145824.00
2013/10/17,8.40,8.79,8.37,8.50,5101105,61424280.00
2013/10/18,8.50,8.61,8.09,8.26,4718269,54676060.00
2013/10/21,8.31,8.69,8.18,8.58,4997674,59480668.00
2013/10/22,8.57,8.91,8.49,8.69,6474076,78722416.00
2013/10/23,8.57,8.69,8.32,8.40,4070047,48259028.00
2013/10/24,8.41,8.54,8.20,8.32,1726220,20141834.00
2013/10/25,8.34,8.46,7.91,8.02,3498186,40105640.00
2013/10/28,8.04,8.14,7.76,7.77,2655082,29329772.00
2013/10/29,7.77,7.90,7.25,7.70,4267923,44843400.00
2013/10/30,7.68,7.69,7.41,7.53,2666188,28110750.00
2013/10/31,7.53,7.58,7.37,7.52,2090912,21809752.00
2013/11/01,7.50,7.64,7.38,7.46,2162005,22802254.00
2013/11/04,7.52,7.76,7.49,7.54,2591963,27603580.00
2013/11/05,7.51,7.69,7.44,7.63,1500510,15896445.00
2013/11/06,7.64,7.82,7.63,7.63,2054018,22187822.00
2013/11/07,7.61,7.64,7.46,7.56,1691995,17847880.00
2013/11/08,7.53,7.53,7.07,7.15,2961416,30059410.00
2013/11/11,7.21,7.47,7.13,7.41,1550569,15887292.00
2013/11/12,7.42,7.61,7.32,7.56,1261682,13195068.00
2013/11/13,7.56,7.56,7.30,7.36,1104536,11505209.00
2013/11/14,7.34,7.50,7.32,7.45,1042546,10834804.00
2013/11/15,7.37,7.93,7.37,7.76,3465133,37315120.00
2013/11/18,7.72,7.96,7.71,7.89,5032161,55226188.00
2013/11/19,7.89,8.27,7.80,8.13,5801230,65012508.00
2013/11/20,8.14,8.21,7.93,8.15,3287312,37156648.00
2013/11/21,8.15,8.26,8.00,8.20,2371355,26933822.00
2013/11/22,8.19,8.34,8.04,8.07,1885913,21448090.00
2013/11/25,8.04,8.13,7.88,7.94,2940188,32837884.00
2013/11/26,7.97,8.01,7.89,7.99,1651366,18397458.00
2013/11/27,8.04,8.13,7.92,8.04,1503691,16807658.00
2013/11/28,8.04,8.21,8.04,8.04,2485886,28243496.00
2013/11/29,8.01,8.14,7.95,8.04,1450157,16298503.00
2013/12/02,7.96,7.96,7.40,7.59,3319682,35683012.00
2013/12/03,7.56,7.96,7.56,7.78,2109111,22732510.00
2013/12/04,7.72,8.13,7.68,8.03,3523789,39363712.00
2013/12/05,8.00,8.15,7.86,7.94,2381975,26593546.00
2013/12/06,7.96,8.07,7.71,7.85,2277611,25097212.00
2013/12/09,7.94,7.99,7.71,7.90,2462564,26934506.00
2013/12/10,7.82,8.26,7.82,8.21,5412884,61372376.00
2013/12/11,8.21,8.24,8.08,8.22,2535352,28924888.00
2013/12/12,8.18,8.41,8.18,8.29,3060793,35461740.00
2013/12/13,8.31,8.48,8.24,8.39,2611101,30642424.00
2013/12/16,8.43,8.43,8.19,8.25,2055725,23736618.00
2013/12/17,8.29,8.37,8.13,8.22,1536939,17669394.00
2013/12/18,8.23,8.31,8.16,8.29,1081687,12471016.00
2013/12/19,8.41,8.43,7.99,7.99,1823751,20845550.00
2013/12/20,7.98,8.43,7.79,8.39,4020181,45670324.00
2013/12/23,8.27,8.37,8.18,8.36,2182002,25348486.00
2013/12/24,8.43,8.43,8.29,8.37,1614189,18864206.00
2013/12/25,8.16,8.57,8.16,8.57,3605378,42691224.00
2013/12/26,8.57,8.57,8.06,8.19,4161684,48421628.00
2013/12/27,8.11,8.33,8.06,8.14,2916564,33438386.00
2013/12/30,8.19,8.21,7.88,8.02,4558749,51046500.00
2013/12/31,8.00,8.10,7.86,8.07,2937323,32746724.00
2014/01/02,7.36,7.79,7.27,7.39,9698057,100998784.00
2014/01/03,7.35,7.52,7.30,7.46,4125572,42907696.00
2014/01/06,7.39,7.44,7.21,7.35,2076081,21238774.00
2014/01/07,7.35,7.51,7.35,7.49,1671899,17469628.00
2014/01/08,7.51,7.51,7.22,7.39,1918623,19856500.00
2014/01/09,7.40,7.47,7.27,7.28,1573834,16229160.00
2014/01/10,7.29,7.34,7.22,7.25,985373,10044758.00
2014/01/13,7.31,7.46,7.25,7.42,1027270,10590852.00
2014/01/14,7.42,7.54,7.37,7.46,1120846,11687985.00
2014/01/15,7.49,7.49,7.36,7.41,856379,8897107.00
2014/01/16,7.40,7.51,7.32,7.50,1573056,16352435.00
2014/01/17,7.78,7.78,7.49,7.54,1611121,17029856.00
2014/01/20,7.54,7.60,7.37,7.47,1196676,12522461.00
2014/01/21,7.47,7.54,7.21,7.30,3588327,36725960.00
2014/01/23,7.21,8.03,7.18,7.89,7573441,82478656.00
2014/01/24,7.71,8.36,7.68,8.21,6856253,78274232.00
2014/01/27,8.21,8.46,8.11,8.25,2694681,31231276.00
2014/01/28,8.25,8.34,8.02,8.11,1461207,16700528.00
2014/01/29,8.19,8.50,8.11,8.41,2560465,30092166.00
2014/01/30,8.28,8.55,8.28,8.46,1687914,20018606.00
2014/02/07,8.44,8.64,8.13,8.52,2400053,28522828.00
2014/02/10,8.49,8.62,8.38,8.56,4062152,48372436.00
2014/02/11,8.56,8.99,8.51,8.69,5718575,70334224.00
2014/02/12,8.78,8.90,8.51,8.79,3949012,48317628.00
2014/02/13,8.86,8.86,8.62,8.66,2315483,28154362.00
2014/02/14,8.64,8.82,8.50,8.79,2702602,32901228.00
2014/02/17,8.79,8.93,8.64,8.83,4041066,49795304.00
2014/02/18,8.80,8.86,8.66,8.86,3349493,41053936.00
2014/02/19,8.86,9.67,8.81,9.64,6813436,88859464.00
2014/02/20,9.60,9.61,9.21,9.26,4376221,57423020.00
2014/02/21,9.22,9.64,9.04,9.32,4243151,55308756.00
2014/02/24,9.34,9.44,9.06,9.20,3560246,45615336.00
2014/02/25,9.25,9.56,9.00,9.10,5586426,73072128.00
2014/02/26,9.04,9.13,8.57,9.07,4198898,51902756.00
2014/02/27,9.07,9.21,8.58,8.64,3629921,45057188.00
2014/02/28,8.58,8.90,8.50,8.84,1971792,23969102.00
2014/03/03,8.84,9.41,8.71,9.25,3436259,44046020.00
2014/03/04,9.14,9.41,9.07,9.21,1972475,25541146.00
2014/03/05,9.21,9.40,9.07,9.11,1385589,17849408.00
2014/03/06,9.09,9.29,8.89,9.01,1707564,21617796.00
2014/03/07,9.01,9.14,8.71,8.81,2101088,26101404.00
2014/03/10,8.86,8.86,8.56,8.73,1394855,17021012.00
2014/03/11,8.65,8.84,8.56,8.71,1447995,17645772.00
2014/03/12,8.71,8.76,8.51,8.71,1301740,15744219.00
2014/03/13,8.76,8.91,8.75,8.82,909076,11236655.00
2014/03/14,9.25,9.25,8.82,9.05,1797983,22588194.00
2014/03/17,8.99,9.43,8.99,9.39,2981740,38894188.00
2014/03/18,9.46,9.63,9.31,9.50,3177213,42183352.00
2014/03/19,9.56,9.57,9.21,9.39,2599086,33960848.00
2014/03/20,9.50,9.50,9.06,9.06,1807590,23357518.00
2014/03/21,9.05,9.17,8.86,9.12,1919054,24246132.00
2014/03/24,9.14,9.62,9.14,9.57,3485270,45976832.00
2014/03/25,9.63,9.64,9.42,9.50,1582722,21034606.00
2014/03/26,9.50,9.76,9.40,9.57,3092689,41697168.00
2014/08/22,10.53,10.53,10.43,10.53,12923234,190471632.00
2014/08/25,10.99,11.56,10.29,11.36,29216576,447405056.00
2014/08/26,11.05,11.36,10.64,11.07,15378610,237986320.00
2014/08/27,11.04,11.89,10.86,11.61,11011768,176883168.00
2014/08/28,11.36,11.56,10.86,11.03,7872879,122758720.00
2014/08/29,10.84,11.20,10.76,11.09,4420666,68093400.00
2014/09/01,11.03,11.79,10.92,11.70,10503266,168739760.00
2014/09/02,11.57,12.35,11.56,12.04,9795158,165112592.00
2014/09/03,12.09,12.45,11.86,12.14,10947136,184821648.00
2014/09/04,12.24,12.68,11.93,12.60,6700764,116735080.00
2014/09/05,12.50,13.77,12.43,13.07,11376234,210763120.00
2014/09/09,13.25,13.53,13.08,13.39,4586891,85363032.00
2014/09/10,13.57,14.27,13.39,13.84,5400488,104412944.00
2014/09/11,13.91,13.91,13.42,13.85,5358979,102461864.00
2014/09/12,13.77,13.93,13.43,13.65,4456547,85213856.00
2014/09/15,13.57,14.21,13.25,14.17,6922212,133619304.00
2014/09/16,14.11,14.41,13.27,13.30,6857331,132898464.00
2014/09/17,13.32,14.27,13.32,14.23,7515998,145055600.00
2014/09/18,14.19,14.64,14.17,14.18,3817307,76804648.00
2014/09/19,14.21,14.46,14.07,14.27,2541451,50875836.00
2014/09/22,14.21,15.24,14.09,15.09,7332110,150998384.00
2014/09/23,15.00,15.97,14.81,15.93,6432244,138355136.00
2014/09/24,15.86,16.07,15.58,15.94,4401270,97720448.00
2014/09/25,15.94,16.00,15.32,15.39,3708868,80594376.00
2014/09/26,15.49,16.35,15.41,16.14,3884137,86884848.00
2014/09/29,16.14,16.89,15.99,16.46,5763969,134528896.00
2014/09/30,16.46,16.78,16.07,16.53,3347416,76818936.00
2014/10/08,16.53,16.92,16.23,16.84,3145742,72634784.00
2014/10/09,16.84,16.99,16.44,16.77,2306095,54060732.00
2014/10/10,16.79,16.79,16.21,16.64,3545459,81382512.00
2014/10/13,16.44,16.82,15.85,16.64,4622908,104461656.00
2014/10/14,16.61,16.79,16.07,16.29,3105791,71180192.00
2014/10/15,15.97,16.64,15.38,16.29,5414043,120330624.00
2014/10/16,16.16,16.82,15.86,16.00,3930783,90002664.00
2014/10/17,15.93,16.34,15.61,15.79,2124255,47295084.00
2014/10/20,15.86,16.71,15.64,16.58,3917777,88814168.00
2014/10/21,16.51,17.52,16.50,16.96,3789231,90625248.00
2014/10/22,16.86,17.30,16.61,16.81,2142844,50613392.00
2014/10/23,16.81,17.21,16.50,16.54,1447765,33865728.00
2014/10/24,16.66,17.13,16.54,17.00,2573586,61072592.00
2014/10/27,17.03,17.14,16.50,17.07,1816983,42883776.00
2014/10/28,17.22,17.92,16.84,17.89,4798942,117725904.00
2014/10/29,17.86,18.64,17.72,18.36,3890429,99950032.00
2014/10/30,18.17,18.71,18.14,18.56,2777368,71981728.00
2014/10/31,18.56,18.93,17.46,18.27,5694833,144017360.00
2014/11/03,18.15,18.41,17.29,17.40,6119517,150135968.00
2014/11/04,17.49,17.49,15.67,15.72,7102286,161443120.00
2014/11/05,15.46,17.06,14.59,15.29,11217596,243538896.00
2014/11/06,15.15,16.03,15.00,15.87,7191956,158115808.00
2014/11/07,16.05,16.33,15.04,15.52,4596427,100946216.00
2014/11/10,15.50,15.50,14.29,14.54,7784995,159942752.00
2014/11/11,14.57,14.83,14.32,14.43,4991265,101676968.00
2014/11/12,14.42,15.25,14.37,14.79,4449332,92566936.00
2014/11/13,14.87,15.19,14.71,14.90,3276460,68388728.00
2014/11/14,14.68,15.21,14.68,14.79,2736502,57446772.00
2014/11/17,14.80,15.11,14.29,14.35,3374524,68835992.00
2014/11/18,14.34,14.50,13.64,13.68,6315428,122416648.00
2014/11/19,13.69,14.22,13.61,14.14,6057955,117757968.00
2014/11/20,14.00,14.49,13.96,14.39,4807278,96473384.00
2014/11/21,14.33,14.63,14.23,14.40,3145106,63634412.00
2014/11/24,14.40,14.59,14.21,14.29,3786755,75971344.00
2014/11/25,14.27,15.03,14.14,14.93,4781808,98538344.00
2014/11/26,14.82,16.14,14.82,16.14,8019680,176111152.00
2014/11/27,16.14,17.00,15.64,16.71,11411780,260374864.00
2014/11/28,16.79,16.84,16.16,16.54,6268318,143737472.00
2014/12/01,16.49,16.53,15.39,15.56,8217707,180127984.00
2014/12/02,15.51,15.99,15.15,15.71,6857966,150981744.00
2014/12/03,15.73,15.81,14.98,15.43,6721321,143794992.00
2014/12/04,15.44,15.59,15.14,15.45,4854058,104508416.00
2014/12/08,15.29,15.37,14.39,14.72,6258489,129556016.00
2014/12/09,15.22,15.29,13.82,14.00,7429545,149009504.00
2014/12/10,13.86,14.57,12.69,14.42,5510544,106119504.00
2014/12/11,14.14,14.83,13.81,14.34,3702295,74587056.00
2014/12/12,14.43,15.55,14.43,15.39,7260886,153360496.00
2014/12/15,15.39,15.61,14.87,15.29,3391412,72735312.00
2014/12/16,15.29,16.19,15.29,15.79,4430933,98247312.00
2014/12/17,15.79,15.79,15.06,15.26,2801591,60054876.00
2014/12/18,15.26,15.26,14.64,14.67,3065901,63870500.00
2014/12/19,14.95,14.95,14.24,14.47,3181074,65023344.00
2014/12/22,14.28,14.64,13.81,14.23,2576978,50914684.00
2014/12/23,13.66,14.61,13.66,14.36,1607793,32263750.00
2014/12/24,14.36,14.86,14.33,14.62,1662172,33903944.00
2014/12/25,14.61,15.63,14.46,15.51,3005446,63628480.00
2014/12/26,15.55,16.08,15.26,15.71,4606848,101503304.00
2014/12/29,15.75,15.82,15.14,15.30,1770294,38059460.00
2014/12/30,15.24,15.47,14.57,15.29,3042542,63564084.00
2015/01/12,15.46,16.81,15.46,16.81,8719853,202154496.00
2015/01/13,17.14,18.41,16.99,17.76,7818915,194067296.00
2015/01/14,17.76,18.20,17.22,17.65,3848285,95522360.00
2015/01/15,17.36,18.19,16.99,17.90,5226370,128790064.00
2015/01/16,17.89,17.96,17.49,17.81,3565636,88252416.00
2015/01/19,17.21,19.06,16.77,18.02,5775082,147044544.00
2015/01/20,18.09,19.38,17.65,19.24,5127972,136015152.00
2015/01/21,19.42,19.43,18.50,18.75,4824120,127111648.00
2015/01/22,18.74,18.84,17.90,18.51,6469399,167466672.00
2015/01/23,18.64,18.96,18.33,18.61,4154631,108948152.00
2015/01/26,18.61,20.43,18.36,20.01,5972367,164055360.00
2015/01/27,19.93,21.11,19.87,20.59,3137382,90301824.00
2015/01/28,20.36,21.41,20.30,20.41,7219629,211669888.00
2015/01/29,20.41,21.01,20.14,20.64,3413648,98007480.00
2015/01/30,20.57,20.61,19.57,19.65,1717690,48114284.00
2015/02/02,19.48,20.13,18.93,19.39,2959314,80110200.00
2015/02/03,19.50,19.76,18.59,19.49,3579266,95271840.00
2015/02/04,19.54,20.46,19.29,19.86,2424829,67865336.00
2015/02/05,19.92,20.61,19.43,19.86,2646765,75058680.00
2015/02/06,19.76,19.76,18.64,19.11,3998415,106246104.00
2015/02/09,19.06,20.00,18.16,18.98,2443379,64497692.00
2015/02/10,18.80,19.27,18.16,19.10,2594004,67559320.00
2015/02/11,19.10,19.52,18.49,19.07,1638090,43131128.00
2015/02/12,18.91,19.56,18.57,19.51,2390061,64194648.00
2015/02/13,19.43,20.32,19.29,19.75,2574458,71156536.00
2015/02/16,19.74,20.25,19.49,20.03,2100719,58695284.00
2015/02/17,20.00,20.36,19.91,20.11,886809,24932478.00
2015/02/25,19.71,19.93,18.10,18.10,4568896,117541896.00
2015/02/26,16.29,17.19,16.29,17.06,35626956,818592384.00
2015/02/27,16.49,16.69,16.22,16.46,22534941,518852320.00
2015/03/02,16.56,17.13,16.56,16.90,26382416,621481792.00
2015/03/03,16.91,16.93,16.51,16.65,17292293,404540992.00
2015/03/04,16.65,16.79,16.58,16.69,10180835,237738672.00
2015/03/05,16.71,16.78,16.07,16.29,18294863,418585984.00
2015/03/06,16.41,16.79,16.37,16.47,12121680,280995968.00
2015/03/09,16.50,16.65,16.32,16.60,9449855,218344800.00
2015/03/10,16.61,16.70,16.36,16.39,12586987,289812544.00
2015/03/11,16.39,16.39,15.94,16.00,13624633,306564448.00
2015/03/12,15.98,16.18,15.79,16.17,9408927,211470736.00
2015/03/13,16.20,16.29,16.07,16.21,7519080,170284608.00
2015/03/16,16.21,16.57,16.21,16.56,15186655,349579008.00
2015/03/17,16.59,17.13,16.56,16.84,22189509,521200608.00
2015/03/18,16.85,17.14,16.85,17.10,19644822,468108032.00
2015/03/19,17.11,17.14,16.79,16.93,18347936,434734528.00
2015/03/20,16.93,17.13,16.93,17.07,17214060,410475008.00
2015/03/23,17.14,18.17,17.14,18.09,26190191,646492928.00
2015/03/24,18.11,18.24,17.00,17.73,24922768,617402624.00
2015/03/25,17.66,17.71,17.21,17.47,16324359,399144448.00
2015/03/26,17.54,18.11,17.44,17.71,17915662,445886048.00
2015/03/27,17.71,17.96,17.50,17.60,11400851,281530080.00
2015/03/30,17.71,17.92,17.58,17.77,15661251,388610816.00
2015/03/31,17.86,17.86,17.46,17.56,14841657,365452672.00
2015/04/01,17.50,17.51,17.19,17.51,15576071,378904704.00
2015/04/02,17.52,19.21,17.41,19.01,36595533,941457728.00
2015/04/03,19.00,19.00,18.36,18.74,19722233,516346944.00
2015/04/07,18.74,19.01,18.61,18.82,15600896,410434464.00
2015/04/08,18.83,18.91,18.01,18.66,20473706,529459584.00
2015/04/09,18.59,18.59,17.50,17.96,13865870,349272032.00
2015/04/10,17.86,17.86,17.14,17.75,21031234,515946368.00
2015/04/13,17.86,18.76,17.76,18.39,25038293,643295232.00
2015/04/14,18.39,19.00,18.16,18.64,21223018,555516480.00
2015/04/15,18.57,18.57,17.39,17.40,14801399,372015872.00
2015/04/16,17.13,17.32,16.69,17.11,14784546,351915648.00
2015/04/17,17.21,17.55,17.14,17.21,12787821,309897984.00
2015/04/20,17.18,17.18,16.20,16.22,17376524,405328000.00
2015/04/21,16.23,16.89,16.23,16.86,10291259,238942416.00
2015/04/22,17.05,18.54,16.93,18.54,14854181,377378944.00
2015/04/23,19.25,20.36,18.80,19.15,32538439,881029312.00
2015/04/24,19.06,19.07,18.15,18.47,20433801,531386368.00
2015/04/27,18.61,18.89,18.29,18.65,16364159,425061536.00
2015/04/28,18.66,18.92,17.94,17.94,15645375,400566912.00
2015/04/29,17.86,18.62,17.36,18.61,15890431,406797536.00
2015/04/30,18.75,19.50,18.57,18.64,20502648,543122560.00
2015/05/04,18.54,19.43,18.43,19.02,14422456,383686720.00
2015/05/05,19.02,19.03,18.21,18.43,11077442,287660576.00
2015/05/06,18.46,19.00,18.07,18.21,14420219,377841120.00
2015/05/07,18.29,18.54,16.86,16.93,12184497,294306272.00
2015/05/08,17.13,17.46,16.66,17.36,9092458,218969456.00
2015/05/11,17.64,18.14,17.37,17.95,11707865,292476000.00
2015/05/12,17.97,18.34,17.57,18.00,13009384,326692064.00
2015/05/13,17.93,19.20,17.67,19.11,20776052,540336896.00
2015/05/14,19.29,19.64,18.86,19.45,22142693,597188480.00
2015/05/15,19.56,20.27,19.11,19.14,23949977,661659456.00
2015/05/18,19.21,19.89,18.79,19.56,17084228,462185344.00
2015/05/19,19.61,20.90,19.61,20.36,18210179,518506336.00
2015/05/20,20.16,22.14,20.14,21.17,19725773,588311488.00
2015/05/21,21.29,22.28,20.71,22.00,18049297,545201984.00
2015/05/22,22.09,22.54,21.07,21.45,19029651,577622464.00
2015/05/25,21.34,22.29,20.66,22.14,20560295,624428992.00
2015/05/26,22.24,23.07,21.85,23.00,18595779,588892864.00
2015/05/27,23.00,24.64,22.51,24.52,20830745,678992640.00
2015/05/28,24.51,26.71,23.70,23.77,23427786,829366848.00
2015/05/29,23.75,25.71,21.43,24.93,19085754,649335808.00
2015/06/01,25.71,26.11,25.00,25.64,18774535,670134272.00
2015/06/02,25.71,26.56,25.36,26.36,18728588,683842624.00
2015/06/03,26.33,29.00,25.64,29.00,22985813,877086336.00
2015/06/04,29.02,31.75,26.36,31.50,21929238,893803520.00
2015/06/05,31.69,32.89,30.54,30.86,21477687,950235584.00
2015/06/08,30.20,30.43,28.43,28.69,21842474,890819072.00
2015/06/09,28.59,31.56,27.94,31.56,19227868,799751552.00
2015/06/10,31.79,34.55,30.63,33.22,20719186,944797504.00
2015/06/11,31.85,33.93,31.25,32.76,22587619,1013525568.00
2015/06/12,32.14,32.47,30.43,30.43,20480587,897946752.00
2015/06/15,30.02,31.02,28.79,30.01,19776199,816675520.00
2015/06/16,29.29,30.32,27.50,28.14,12728380,518543424.00
2015/06/17,27.75,29.57,27.75,29.09,11330043,454102784.00
2015/06/18,29.43,30.36,26.79,27.49,11436536,465107264.00
2015/06/19,26.29,27.48,24.74,24.74,11463387,412235744.00
2015/06/23,22.94,24.94,22.26,23.66,14594645,475690784.00
2015/06/24,24.26,24.51,22.85,23.68,11972587,398385344.00
2015/06/25,23.70,24.57,21.93,22.93,11689734,390611328.00
2015/06/26,22.51,22.51,20.64,20.64,10052801,296299840.00
2015/06/29,21.36,21.57,18.57,18.57,16983626,458644608.00
2015/06/30,17.93,20.16,16.71,19.71,16589243,423336992.00
2015/07/01,19.47,20.57,17.74,17.79,13832001,380293120.00
2015/07/02,18.07,18.48,16.01,16.01,12747678,297918816.00
2015/07/03,14.65,16.47,14.41,14.41,17522799,366146464.00
2015/07/06,15.82,15.82,12.96,12.96,16777891,325183488.00
2015/07/07,11.75,12.14,11.67,11.67,3993200,65427472.00
2015/07/14,12.84,12.84,12.84,12.84,565506,10162143.00
2015/07/15,14.12,14.12,13.61,13.79,36127442,709263296.00
2015/07/16,12.71,14.27,12.41,13.87,27224254,514841952.00
2015/07/17,13.92,15.26,13.77,15.13,28637663,586748160.00
2015/07/20,15.15,16.19,15.13,15.89,29677047,650897152.00
2015/07/21,15.35,17.01,15.24,16.42,21402537,487593792.00
2015/07/22,16.41,16.79,15.58,16.18,21019627,477867264.00
2015/07/23,16.22,17.39,16.22,17.21,20304902,476566528.00
2015/07/24,17.48,18.71,17.15,18.17,27731412,692651264.00
2015/07/27,17.76,18.17,16.36,16.36,20292102,490464128.00
2015/07/28,14.84,16.14,14.72,14.85,20806611,436367392.00
2015/07/29,15.29,15.76,14.00,15.73,16883209,351293696.00
2015/07/30,15.56,15.73,14.20,14.46,15939965,341045696.00
2015/07/31,14.09,14.46,13.10,13.71,15638495,303128832.00
2015/08/03,13.21,13.43,12.34,12.34,12851884,229462560.00
2015/08/04,12.22,13.58,12.22,13.58,14497364,265568880.00
2015/08/05,13.79,14.57,13.59,13.95,18867429,372485120.00
2015/08/06,13.58,14.56,13.34,13.94,11052562,216919728.00
2015/08/07,14.30,15.14,14.01,15.06,18105794,371048960.00
2015/08/10,15.48,16.50,15.14,16.19,16084618,360352896.00
2015/08/11,16.31,17.30,16.07,16.45,15913184,372126496.00
2015/08/12,16.46,16.66,15.71,15.96,13312521,302381792.00
2015/08/13,16.14,16.57,15.79,16.43,13383846,304018432.00
2015/08/14,16.75,16.99,16.43,16.77,13754040,322769248.00
2015/08/17,16.84,16.84,15.86,16.79,10506552,241184544.00
2015/08/18,16.81,17.00,15.11,15.11,13213207,295333472.00
2015/08/19,14.28,15.82,13.60,15.21,14751169,299108288.00
2015/08/20,15.11,16.07,14.77,15.13,13503953,292052576.00
2015/08/21,14.42,14.84,13.97,14.19,13426580,270163328.00
2015/08/24,13.43,13.43,12.76,12.76,4611500,83151520.00
2015/08/25,11.49,11.71,11.49,11.49,6826153,109972456.00
2015/08/26,11.43,11.86,10.34,10.34,14090852,217216064.00
2015/08/27,10.64,10.95,9.99,10.74,9846381,145867984.00
2015/08/28,11.09,11.70,10.79,11.70,11051054,172621728.00
2015/08/31,11.67,11.67,10.58,10.70,9907448,154097296.00
2015/09/01,10.53,10.53,9.63,9.63,8265777,114984808.00
2015/09/02,8.96,9.99,8.66,8.76,10041685,128355232.00
2015/09/07,9.01,9.44,8.96,9.14,9386444,120893032.00
2015/09/08,9.14,9.99,9.00,9.96,9326792,123722128.00
2015/09/09,10.11,10.61,10.00,10.49,12033864,174123248.00
2015/09/10,10.29,10.68,10.15,10.29,8885852,130024544.00
2015/09/11,10.32,10.91,10.32,10.90,11272103,168563424.00
2015/09/14,11.14,11.24,9.81,9.81,10541650,152431840.00
2015/09/15,9.29,9.63,8.83,8.83,8541600,108657912.00
2015/09/16,9.07,9.71,8.86,9.71,8679047,112675768.00
2015/09/17,9.72,10.64,9.72,9.79,10799757,153832848.00
2015/09/18,10.01,10.26,9.84,10.16,8557015,120658584.00
2015/09/21,10.04,10.75,9.87,10.69,9559811,138231664.00
2015/09/22,10.71,10.96,10.36,10.66,13177713,196088192.00
2015/09/23,10.37,10.70,10.29,10.46,8650262,126846760.00
2015/09/24,10.47,10.82,10.47,10.81,8455984,126134504.00
2015/09/25,10.90,10.97,10.01,10.27,9176127,135547808.00
2015/09/28,10.21,10.57,10.01,10.54,6057038,87737808.00
2015/09/29,10.33,10.39,10.01,10.09,6944146,98894176.00
2015/09/30,10.22,10.35,10.10,10.20,4013702,57448876.00
2015/10/08,10.71,10.91,10.55,10.86,8726198,131413488.00
2015/10/09,10.87,11.34,10.82,11.29,11124644,173342448.00
2015/10/12,11.70,12.42,11.64,12.15,16410496,278920672.00
2015/10/13,11.86,13.09,11.80,12.80,18265563,321477184.00
2015/10/14,12.63,12.75,12.19,12.23,12479372,217435552.00
2015/10/15,12.14,13.20,12.09,13.19,14339440,257325808.00
2015/10/16,13.25,13.49,12.84,13.29,15667941,286660928.00
2015/10/19,13.30,13.31,12.86,13.19,13299046,243604288.00
2015/10/20,13.04,14.49,13.01,13.92,15140766,291092288.00
2015/10/21,13.96,14.00,12.53,12.53,14503750,269291744.00
2015/10/22,12.51,12.86,11.92,12.86,17928067,312908064.00
2015/10/23,12.86,13.43,12.54,13.06,20084910,361552480.00
2015/10/26,13.26,13.38,12.71,13.00,19816828,360193728.00
2015/10/27,12.77,12.91,12.01,12.79,14543015,254850432.00
2015/10/28,12.81,13.34,12.64,12.75,18060923,329035136.00
2015/10/29,12.75,13.19,12.64,12.97,11525426,208375520.00
2015/10/30,13.01,13.16,12.57,12.98,12171196,220714672.00
2015/11/02,13.00,13.71,12.86,13.20,20309941,379763648.00
2016/05/17,12.16,12.70,11.88,11.88,21764444,366956800.00
2016/05/18,11.29,11.43,10.71,10.87,20624682,319852416.00
2016/05/19,10.77,10.93,10.51,10.56,11279184,168712288.00
2016/05/20,10.35,10.66,10.29,10.57,7029649,102969768.00
2016/05/23,10.59,10.89,10.59,10.83,8814474,132669480.00
2016/05/24,10.73,11.36,10.71,10.93,10385376,161459232.00
2016/05/25,11.00,11.11,10.62,10.69,6974020,105341616.00
2016/05/26,10.70,10.70,10.13,10.39,6893672,99918504.00
2016/05/27,10.39,10.60,10.30,10.39,4352308,63603940.00
2016/05/30,10.43,11.11,10.34,10.91,10312112,157182064.00
2016/05/31,10.91,11.60,10.91,11.41,12483345,196969328.00
2016/06/01,11.34,12.18,11.24,11.94,13512285,222224064.00
2016/06/02,12.11,12.68,11.86,12.18,11172305,190109664.00
2016/06/03,12.14,12.39,11.96,12.03,8551136,145208512.00
2016/06/06,12.14,12.46,11.79,11.91,9019723,153054832.00
2016/06/07,11.91,13.11,11.81,13.11,19129232,338074304.00
2016/06/08,13.25,13.74,12.87,13.50,24272178,453870304.00
2016/06/13,13.08,13.39,12.16,12.21,14074932,253807584.00
2016/06/14,12.21,12.50,11.61,12.21,12108396,204176192.00
2016/06/15,11.96,13.44,11.93,13.44,16216690,291213280.00
2016/06/16,13.45,14.78,13.44,14.53,29231809,584465984.00
2016/06/17,14.50,14.50,13.82,14.26,22258875,439222400.00
2016/06/20,14.01,14.55,13.84,14.18,14127831,281634528.00
2016/06/21,14.29,14.48,13.46,13.69,12021266,233819664.00
2016/06/22,13.61,14.03,13.61,13.91,7217957,139865328.00
2016/06/23,13.99,14.05,13.59,13.82,6535842,126123616.00
2016/06/24,13.84,14.53,13.29,14.07,19831374,393867808.00
2016/06/27,13.93,14.76,13.78,14.64,15805781,319502720.00
2016/06/28,14.53,14.59,14.18,14.43,11739812,235630352.00
2016/06/29,14.43,14.50,13.80,13.96,13429243,263457632.00
2016/06/30,14.00,14.18,13.56,13.79,9595990,184806272.00
2016/07/01,13.76,14.00,13.57,13.92,8565298,166122560.00
2016/07/04,13.86,14.25,13.64,13.99,8312765,162761760.00
2016/07/05,14.20,14.20,13.71,13.79,8666485,168459840.00
2016/07/06,13.77,13.94,13.36,13.46,9775132,186878512.00
2016/07/07,13.42,13.65,13.21,13.57,7472997,140995840.00
2016/07/08,13.50,13.55,13.29,13.36,4962993,93179824.00
2016/07/11,13.36,13.54,13.29,13.36,5393949,101232208.00
2016/07/12,13.41,14.69,13.36,14.69,27725532,554239872.00
2016/07/13,14.61,14.61,14.07,14.19,18989505,378905760.00
2016/07/14,14.11,14.38,13.94,14.11,11118794,219315264.00
2016/07/15,14.05,14.18,13.60,13.62,10535182,203436944.00
2016/07/18,13.56,13.56,13.29,13.34,7605950,142602432.00
2016/07/19,13.34,13.69,13.29,13.59,6889589,130915216.00
2016/07/20,13.57,13.88,13.41,13.74,6188055,118132680.00
2016/07/21,13.70,13.96,13.64,13.66,5518489,106665592.00
2016/07/22,13.79,13.85,13.36,13.42,4690911,88688448.00
2016/07/25,13.56,13.86,13.26,13.84,6272542,119688448.00
2016/07/26,13.85,14.01,13.72,14.01,7554941,147151312.00
2016/07/27,14.01,14.05,12.89,12.98,9035267,169376784.00
2016/07/28,12.94,13.29,12.31,12.81,9428143,168962192.00
2016/07/29,12.68,12.92,12.66,12.78,3481900,62291228.00
2016/08/01,12.66,12.75,12.14,12.60,4572795,79985912.00
2016/08/02,12.69,12.69,12.51,12.66,1829370,32277800.00
2016/08/03,12.67,12.76,12.51,12.57,2241032,39558556.00
2016/08/04,12.57,12.71,12.45,12.61,2503390,44035104.00
2016/08/05,12.60,12.60,12.32,12.33,3642481,63373636.00
2016/08/08,12.21,12.33,12.02,12.26,4082371,69658256.00
2016/08/09,12.26,12.49,12.26,12.43,3535920,61316632.00
2016/08/10,12.44,12.47,12.15,12.29,5798862,99593904.00
2016/08/11,12.20,12.31,11.86,11.86,3747125,63309768.00
2016/08/12,11.96,12.04,11.72,11.96,3665157,60937972.00
2016/08/15,11.98,12.28,11.84,12.22,5463114,92598488.00
2016/08/16,12.28,12.49,12.16,12.36,5727051,99269584.00
2016/08/17,12.36,12.41,12.23,12.34,3106743,53589292.00
2016/08/18,12.34,12.57,12.31,12.41,4463762,77851392.00
2016/08/19,12.38,12.45,12.27,12.37,2759453,47688072.00
2016/08/22,12.31,12.51,12.30,12.39,3561826,61997924.00
2016/08/23,12.49,12.51,12.34,12.45,2781067,48409044.00
2016/08/24,12.45,12.60,12.41,12.47,3403304,59589088.00
2016/08/25,12.33,13.06,12.29,12.89,8590236,152735648.00
2016/08/26,12.93,13.15,12.76,13.04,8282102,150213504.00
2016/08/29,12.86,13.93,12.84,13.31,14754944,278841152.00
2016/08/30,13.31,13.48,12.88,13.07,6435862,118546912.00
2016/08/31,13.09,13.14,12.77,13.10,3524992,63885276.00
2016/09/01,13.26,13.26,12.69,12.71,4762009,85882832.00
2016/09/02,12.70,12.82,12.40,12.57,5087057,89765848.00
2016/09/05,12.61,13.16,12.61,13.08,8688145,157127744.00
2016/09/06,13.19,13.96,13.19,13.72,17342721,332392288.00
2016/09/07,13.86,14.69,13.84,14.31,25831884,519065824.00
2016/09/08,14.54,14.54,13.98,14.06,12510098,248189712.00
2016/09/09,14.27,15.47,14.27,15.47,7499546,160994320.00
2016/09/12,15.86,16.39,15.09,15.11,39087015,864434816.00
2016/09/13,15.16,16.21,14.84,15.47,30926731,677637568.00
2016/09/14,15.14,16.04,14.32,15.91,23315525,503584992.00
2016/09/19,15.63,16.26,15.51,15.79,14550579,323053792.00
2016/09/20,15.47,15.77,15.13,15.27,15410004,331164928.00
2016/09/21,15.26,15.54,15.09,15.41,7399688,158819648.00
2016/09/22,15.61,16.35,15.22,16.10,16433568,364599520.00
2016/09/23,15.96,16.38,15.54,15.69,11189387,251014624.00
2016/09/26,15.63,16.11,15.16,15.26,11565732,251924512.00
2016/09/27,15.00,15.68,14.97,15.45,7988633,171782432.00
2016/09/28,15.57,15.85,15.26,15.79,6256884,136355264.00
2016/09/29,15.76,16.54,15.74,16.14,12246974,278194560.00
2016/09/30,15.88,16.84,15.72,16.82,12733220,294681728.00
2016/10/10,16.82,18.51,16.51,17.64,18629213,445479552.00
2016/10/11,17.38,17.90,17.18,17.50,9438164,231070432.00
2016/10/12,17.44,18.14,17.02,17.57,11376051,278834464.00
2016/10/13,17.48,17.94,17.38,17.64,7739450,191381424.00
2016/10/14,17.57,18.64,17.46,18.43,14220323,362756928.00
2016/10/17,18.63,18.63,17.64,18.08,10399959,264952784.00
2016/10/18,17.94,18.39,17.75,18.01,7014419,177677680.00
2016/10/19,18.01,18.57,17.90,18.00,7078435,180687088.00
2016/10/20,18.06,18.86,17.34,17.51,10515890,262657760.00
2016/10/21,17.36,17.63,17.00,17.06,6296020,151787392.00
2016/10/24,17.19,17.39,16.88,17.10,7542004,180982400.00
2016/10/25,17.26,17.77,16.99,17.17,9590554,232283728.00
2016/10/26,17.09,17.34,16.54,16.98,8181242,193773424.00
2016/10/27,16.91,17.28,16.86,17.24,5815845,139526912.00
2016/10/28,17.26,17.61,17.06,17.43,7512252,182952816.00
2016/10/31,17.50,17.83,17.14,17.66,8803692,215601440.00
2016/11/01,17.55,18.30,17.55,18.11,9114963,229218784.00
2016/11/02,18.01,18.57,17.79,17.89,7753389,197544624.00
2016/11/03,17.71,18.50,17.64,18.26,6938100,176053600.00
2016/11/04,18.09,19.20,18.09,18.49,5940140,153613984.00
2016/11/07,18.48,18.48,17.23,17.78,9706435,241380752.00
2016/11/08,17.71,17.89,17.34,17.60,3592438,88684784.00
2016/11/09,17.50,17.97,17.26,17.89,4524522,111852136.00
2016/11/10,18.00,18.08,17.74,17.89,3754803,94087840.00
2016/11/11,17.84,18.05,17.66,17.71,3034019,75675176.00
2016/11/14,17.71,17.85,16.71,17.07,9647913,230478816.00
2016/11/15,16.93,17.24,16.86,17.15,5139559,122532008.00
2016/11/16,17.15,17.44,17.01,17.16,2001813,48276580.00
2016/11/17,17.14,17.84,17.14,17.80,6474259,158522336.00
2016/11/18,17.80,18.43,17.65,18.02,6558819,166777088.00
2016/11/21,18.04,18.36,17.98,18.02,4668804,118619080.00
2016/11/22,17.97,18.34,17.95,18.23,4025941,102593736.00
2016/11/23,18.18,18.36,17.78,17.81,4097201,103188856.00
2016/11/24,17.82,18.07,17.71,17.90,3470324,86866304.00
2016/11/25,17.82,17.89,17.26,17.87,2407219,59170824.00
2016/11/28,17.87,17.91,17.50,17.56,2255510,55809028.00
2016/11/29,17.56,19.25,17.15,17.77,7115877,179670208.00
2016/11/30,17.76,17.98,17.31,17.37,4650437,113859624.00
2016/12/01,17.19,17.49,17.14,17.24,3238010,78343032.00
2016/12/02,17.15,17.39,16.86,16.86,2338280,55891896.00
2016/12/05,16.43,17.06,16.14,16.79,2724227,63627328.00
2016/12/06,16.80,17.21,16.59,16.86,2302309,54562148.00
2016/12/07,17.02,17.04,16.73,16.94,1687258,39758444.00
2016/12/08,16.87,17.04,16.73,17.00,1824582,43141552.00
2016/12/09,16.85,17.11,16.85,17.01,1983507,47181008.00
2016/12/12,16.96,17.04,15.89,16.68,2896599,67055196.00
2016/12/13,16.36,16.80,16.36,16.62,2799654,64768780.00
2016/12/14,16.61,16.74,16.36,16.36,2185480,50311212.00
2016/12/15,16.29,16.61,16.07,16.61,1359568,31300502.00
2016/12/16,16.61,17.31,16.44,17.16,2652766,63519252.00
2016/12/19,17.00,17.39,16.92,17.07,2929903,70132632.00
2016/12/20,17.07,17.34,16.93,17.14,2818387,67608192.00
2016/12/21,17.28,17.46,17.08,17.25,3831725,92919648.00
2016/12/22,17.30,17.39,16.56,16.92,3710719,88230400.00
2016/12/23,16.79,17.32,16.79,17.07,2434043,58203132.00
2016/12/26,16.96,17.77,16.93,17.71,5455406,133656024.00
2016/12/27,17.74,18.00,17.54,17.78,3716452,92344056.00
2016/12/28,17.78,17.92,17.20,17.36,3769177,91894888.00
2016/12/29,17.15,17.49,17.15,17.45,2333778,56682680.00
2016/12/30,17.54,17.61,17.26,17.55,1549740,37906348.00
2017/01/03,17.57,17.68,17.38,17.54,1907801,46780332.00
2017/01/04,17.54,17.73,17.40,17.71,2174906,53520620.00
2017/01/12,17.79,17.79,16.11,16.37,9668504,226708112.00
2017/01/13,15.95,16.92,15.50,15.54,3472131,78157040.00
2017/01/16,15.44,15.44,14.07,14.87,4223951,87735536.00
2017/01/17,14.64,15.41,14.29,15.21,2067335,43598860.00
2017/01/18,15.14,15.42,15.09,15.21,1629776,34860580.00
2017/01/19,15.20,15.61,14.76,15.21,2136647,45249448.00
2017/01/20,15.13,15.72,15.13,15.69,2289609,49691944.00
2017/01/23,15.64,15.88,15.64,15.72,774608,17108584.00
2017/01/24,15.72,15.84,15.56,15.71,1159580,25496076.00
2017/01/25,15.58,15.94,15.58,15.73,972532,21453796.00
2017/01/26,15.73,15.87,15.66,15.82,864421,19091250.00
2017/02/03,15.82,16.00,15.68,15.79,957800,21091820.00
2017/02/06,15.79,15.99,15.78,15.96,958541,21349398.00
2017/02/07,15.89,16.07,15.71,15.94,1580300,35263584.00
2017/02/08,15.96,16.04,15.76,15.86,992309,22003940.00
2017/02/09,15.87,16.01,15.81,15.89,1068780,23781534.00
2017/02/10,15.76,15.92,15.37,15.57,2809769,61161524.00
2017/02/13,15.45,15.99,15.37,15.93,3208753,70442712.00
2017/02/14,16.04,16.14,15.79,15.93,1476179,32838668.00
2017/02/15,15.97,16.26,15.50,16.14,3944039,88003280.00
2017/02/16,16.01,16.43,15.85,16.41,2751391,62166480.00
2017/02/17,16.25,16.48,16.21,16.29,2321387,53002512.00
2017/02/20,16.41,16.46,16.18,16.29,1651835,37648348.00
2017/02/21,16.29,16.66,16.24,16.49,2943992,67873832.00
2017/02/22,16.45,16.59,16.36,16.46,1373326,31648280.00
2017/02/23,16.46,16.59,16.33,16.56,1239549,28524416.00
2017/02/24,16.61,16.61,16.36,16.47,1098687,25268674.00
2017/02/27,16.46,16.49,16.16,16.39,2455292,56128324.00
2017/02/28,16.39,16.41,16.07,16.12,1579630,35820672.00
2017/03/01,16.22,16.22,15.76,15.86,2323705,51815236.00
2017/03/02,16.02,16.19,15.88,16.02,2026477,45427884.00
2017/03/03,15.99,16.29,15.77,16.17,2736741,61646252.00
2017/03/06,16.15,16.39,16.01,16.31,2782982,63446564.00
2017/03/07,16.36,16.77,16.29,16.34,9027381,208014288.00
2017/03/08,16.29,16.46,16.25,16.29,5138571,117697104.00
2017/03/09,16.23,17.46,16.04,16.84,10194954,239408096.00
2017/03/10,16.71,17.26,16.67,17.16,8511600,203829520.00
2017/03/13,17.01,17.48,17.01,17.25,5973819,144512480.00
2017/03/14,17.21,17.38,17.04,17.14,3685208,88468240.00
2017/03/15,17.09,17.81,17.00,17.66,7684190,188613408.00
2017/03/16,17.71,18.30,17.58,18.02,7224603,182379008.00
2017/03/17,18.00,18.34,17.56,17.63,5796315,144677552.00
2017/03/20,17.56,17.96,17.41,17.74,4322773,106646616.00
2017/03/21,17.74,17.78,17.54,17.61,2189059,54059056.00
2017/03/22,17.53,18.14,17.50,18.06,6292520,157494528.00
2017/03/23,18.06,18.07,17.11,17.45,7192455,177237744.00
2017/03/24,17.46,17.57,17.21,17.46,3315214,80774472.00
2017/03/27,17.49,17.67,17.11,17.64,3790304,91819304.00
2017/03/28,17.60,17.61,17.13,17.19,3216937,77705944.00
2017/03/29,17.19,17.26,16.75,16.77,4052519,95858232.00
2017/03/30,16.84,17.04,16.57,16.77,2905301,68300848.00
2017/03/31,16.82,16.96,16.71,16.84,1399292,32936208.00
2017/04/05,17.09,17.11,16.67,17.04,2470445,58611700.00
2017/04/06,17.14,17.54,16.94,17.27,5441925,131421272.00
2017/04/07,17.26,17.39,16.96,17.01,3096076,74082464.00
2017/04/10,17.18,17.93,17.18,17.59,8069709,199064432.00
2017/04/11,17.59,17.96,17.28,17.67,4488208,110271016.00
2017/04/12,17.69,17.74,17.19,17.24,3651884,89198096.00
2017/04/13,17.24,17.40,17.14,17.24,2175541,52658188.00
2017/04/14,17.41,17.66,16.99,17.14,3295657,80000568.00
2017/04/17,17.02,17.12,16.54,16.68,4196657,97978376.00
2017/04/18,16.67,16.80,16.34,16.46,3706330,85523824.00
2017/04/19,16.39,16.50,16.22,16.44,4066984,93219344.00
2017/04/20,16.54,16.67,16.41,16.46,1381622,31856810.00
2017/04/21,16.46,16.62,16.36,16.49,2232652,51495744.00
2017/04/24,16.49,16.58,15.97,16.08,2953777,67167544.00
2017/04/25,16.09,16.43,16.09,16.26,2752928,62516756.00
2017/04/26,16.32,16.33,15.80,15.87,1729535,38853652.00
2017/04/27,15.89,16.61,15.89,16.57,2920499,66696996.00
2017/04/28,16.43,16.78,16.38,16.54,2968600,68867712.00
2017/05/02,16.75,17.18,16.71,17.11,3989427,94981568.00
2017/05/03,17.14,17.34,16.97,17.19,2798118,67296864.00
2017/05/04,17.19,17.49,17.06,17.27,2811857,68135680.00
2017/05/05,17.25,17.33,16.67,16.74,2884926,68348096.00
2017/05/08,16.74,16.74,16.18,16.24,1805147,41273580.00
2017/05/09,16.38,16.38,15.92,16.21,1620838,36560824.00
2017/05/10,16.19,16.41,15.90,15.90,1629307,36846888.00
2017/05/11,15.83,16.03,14.31,15.93,14099294,293306976.00
2017/05/12,15.81,15.81,14.94,15.34,5806002,123441784.00
2017/05/15,15.07,15.40,15.07,15.36,1626202,34614428.00
2017/05/16,15.24,16.06,15.24,15.72,3178891,69714392.00
2017/05/17,15.76,16.04,15.56,15.65,1943405,42942212.00
2017/05/18,15.37,15.86,15.36,15.49,1944218,42412228.00
2017/05/19,15.49,15.74,15.36,15.55,830254,18093504.00
2017/05/22,15.54,15.81,14.95,15.69,2126323,46335460.00
2017/05/23,15.64,15.66,15.19,15.44,2045700,44185812.00
2017/05/24,15.44,15.47,14.73,14.98,1548527,32575842.00
2017/05/25,15.21,15.21,14.88,14.99,2171500,45537120.00
2017/05/26,14.98,15.05,14.44,14.56,2605100,53591536.00
2017/05/31,14.91,14.91,14.28,14.31,1989700,40450092.00
2017/06/01,14.27,14.71,13.84,14.49,3122395,62494336.00
2017/06/02,14.49,14.68,14.00,14.43,3071677,61531956.00
2017/06/05,14.37,15.87,14.19,14.93,5062018,104793776.00
2017/06/06,14.65,15.04,14.49,14.73,3542568,73069824.00
2017/06/07,14.61,14.96,14.61,14.79,3376296,69987256.00
2017/06/08,14.79,14.90,14.51,14.79,2549875,52389140.00
2017/06/09,14.64,15.51,14.64,15.36,6329633,134255808.00
2017/06/12,15.35,15.49,15.09,15.10,3186049,67903248.00
2017/06/13,14.97,15.22,14.96,15.11,2131124,45141316.00
2017/06/14,15.08,15.25,15.00,15.11,1526006,32267586.00
2017/06/15,15.07,15.23,14.92,15.06,1627500,34269092.00
2017/06/16,15.11,15.13,14.76,14.86,1947542,40548868.00
2017/06/19,14.85,14.97,14.71,14.71,1404241,29142428.00
2017/06/20,14.71,14.86,14.66,14.79,1827680,37813496.00
2017/06/21,14.86,15.04,14.76,15.00,1981913,41424376.00
2017/06/22,15.00,15.16,14.91,15.00,1734728,36571396.00
2017/06/23,14.72,15.21,14.65,14.87,1369466,28672588.00
2017/06/26,14.70,15.74,14.36,15.27,5688212,119920664.00
2017/06/27,15.14,15.64,15.11,15.28,3687493,78906888.00
2017/06/28,15.19,15.30,14.97,14.98,1732965,36592388.00
2017/06/29,15.09,15.09,14.72,14.83,1938187,40261744.00
2017/06/30,14.88,14.89,14.69,14.84,1033398,21378114.00
2017/07/03,14.82,14.93,14.74,14.85,862500,17874090.00
2017/07/04,14.85,14.86,14.65,14.69,821726,16983688.00
2017/07/05,14.70,14.96,14.60,14.89,1755694,36507496.00
2017/07/06,14.89,14.99,14.64,14.74,2027100,42031356.00
2017/07/07,14.69,14.77,14.56,14.57,1552318,31856914.00
2017/07/10,14.59,14.88,14.53,14.54,1542699,31772026.00
2017/07/11,14.54,14.69,14.21,14.24,1673933,33699424.00
2017/07/12,14.26,14.32,13.07,13.37,6246854,118599448.00
2017/07/13,13.41,13.71,13.29,13.34,2370690,44446856.00
2017/07/14,13.32,13.80,13.21,13.68,2894176,55032388.00
2017/07/17,13.47,13.56,13.07,13.21,3737874,69840688.00
2017/07/18,13.08,13.27,11.89,12.38,6082482,105191032.00
2017/07/19,12.31,12.31,11.86,11.97,5545216,93009152.00
2017/07/20,11.96,12.76,11.96,12.06,3248623,55263292.00
2017/07/21,12.12,12.12,11.79,11.86,2908796,48801872.00
2017/07/24,12.06,12.75,11.89,12.57,3619018,62580156.00
2017/07/25,12.57,12.79,12.50,12.56,1751700,30913368.00
2017/07/26,12.78,12.82,12.44,12.51,1014589,17885210.00
2017/07/27,12.51,12.86,12.47,12.69,1622215,28714516.00
2017/07/28,12.73,13.02,12.50,12.57,1759799,31440528.00
2017/07/31,12.60,12.73,12.44,12.64,1001531,17625162.00
2017/08/01,12.59,12.68,12.39,12.41,1288476,22485626.00
2017/08/02,12.54,12.54,12.16,12.32,1917694,33062680.00
2017/08/03,12.33,12.36,12.21,12.22,941368,16145935.00
2017/08/04,12.28,12.28,11.98,11.98,1656100,27973430.00
2017/08/07,11.98,12.06,11.75,12.01,1834768,30698434.00
2017/08/08,12.01,12.09,11.43,11.98,1936481,32176018.00
2017/08/09,11.93,11.93,11.15,11.20,7207982,115341384.00
2017/08/10,11.15,11.41,10.08,11.31,6327479,96579648.00
2017/08/11,11.04,11.42,10.86,11.29,3373598,53031352.00
2017/08/14,11.21,11.64,11.21,11.47,2423000,38895156.00
2017/08/15,11.48,11.68,11.25,11.36,1935900,30900756.00
2017/08/16,11.41,11.52,11.31,11.49,2451000,39341868.00
2017/08/17,11.49,12.57,11.46,12.00,7027835,117995552.00
2017/08/18,11.99,12.53,11.83,12.34,7479221,128928096.00
2017/08/21,12.36,12.94,12.36,12.86,7127198,127274912.00
2017/08/22,12.86,12.98,12.56,12.90,4290444,76600296.00
2017/08/23,12.90,12.90,12.57,12.57,2332894,41367264.00
2017/08/24,12.59,12.71,12.39,12.48,2096730,36722328.00
2017/08/25,12.54,12.68,12.44,12.53,1861945,32746302.00
2017/08/28,12.44,12.81,12.43,12.80,3263655,57698600.00
2017/08/29,12.86,13.11,12.59,12.61,2136973,38341628.00
2017/08/30,12.61,12.81,12.46,12.74,2071213,36581296.00
2017/08/31,12.68,12.74,12.61,12.66,948950,16821760.00
2017/09/01,12.64,12.81,12.56,12.71,1889253,33516106.00
2017/09/04,12.78,12.91,12.52,12.86,2729400,48567504.00
2017/09/05,12.86,12.96,12.73,12.90,3082471,55535004.00
2017/09/06,12.92,13.30,12.79,13.23,4755511,86667104.00
2017/09/07,13.23,13.45,13.01,13.04,2619016,48434012.00
2017/09/08,13.04,13.32,13.03,13.18,1910069,35227464.00
2017/09/11,13.25,13.36,13.08,13.11,3094050,57019904.00
2017/09/12,13.06,13.24,12.56,12.66,5331371,95026528.00
2017/09/13,12.56,12.67,12.19,12.34,3363000,58056376.00
2017/09/14,12.32,12.55,12.26,12.35,1774737,30781790.00
2017/09/15,12.28,12.61,12.28,12.49,1716092,30044834.00
2017/09/18,12.40,12.71,12.39,12.51,1726500,30291534.00
2017/09/19,12.51,12.53,12.21,12.38,2855100,49341096.00
2017/09/20,12.30,12.50,12.00,12.36,2327254,39791572.00
2017/09/21,12.35,12.58,12.24,12.49,2237904,39023232.00
2017/09/22,12.41,12.54,12.29,12.43,1938600,33779984.00
2017/09/25,12.34,12.89,12.34,12.85,4583066,81052000.00
2017/09/26,12.85,12.85,12.49,12.62,3786184,67086284.00
2017/09/27,12.63,12.71,12.39,12.46,3243400,56865848.00
2017/09/28,12.56,12.56,12.18,12.19,3389521,58601080.00
2017/09/29,12.20,12.47,12.20,12.46,1827584,31618842.00
2017/10/09,12.64,12.64,12.36,12.42,2651816,46281976.00
2017/10/10,12.46,12.49,12.31,12.46,2259102,39128888.00
2017/10/11,12.46,13.46,12.46,12.78,6930697,124068072.00
2017/10/12,12.78,12.95,12.57,12.65,3897093,69319888.00
2017/10/13,12.63,12.84,12.50,12.72,3732500,66303452.00
2017/10/16,12.76,12.94,12.39,12.40,4637401,82113000.00
2017/10/17,12.31,12.59,12.09,12.56,5041148,86609192.00
2017/10/18,12.49,12.64,12.33,12.54,4336744,75903416.00
2017/10/19,12.54,12.54,12.18,12.19,2115400,36522320.00
2017/10/20,12.24,12.36,12.14,12.30,1155332,19865996.00
2017/10/23,12.24,12.43,12.21,12.36,1615978,27867498.00
2017/10/24,12.43,12.43,12.21,12.31,1301823,22379494.00
2017/10/25,12.23,12.38,12.23,12.29,921026,15883011.00
2017/10/26,12.26,12.64,12.14,12.63,4958779,86497672.00
2017/10/27,12.63,12.63,12.22,12.34,2729531,47509628.00
2017/10/30,12.34,12.43,11.64,11.75,3349702,56810516.00
2017/10/31,11.76,12.05,11.67,11.86,1745104,28961408.00
2017/11/01,11.66,11.85,11.50,11.57,3125300,50796896.00
2017/11/02,11.58,11.58,11.32,11.51,2495400,40036848.00
2017/11/03,11.44,12.64,11.41,11.75,2850862,47130684.00
2017/11/06,11.74,11.78,11.48,11.58,1952200,31709640.00
2017/11/07,11.58,11.65,11.34,11.46,1774163,28458280.00
2017/11/08,11.51,11.51,11.32,11.44,2110937,33746752.00
2017/11/09,11.47,11.57,11.31,11.44,2054321,32914384.00
2017/11/10,11.44,11.46,11.10,11.36,3853845,60727824.00
2017/11/13,11.34,11.34,11.08,11.10,2234580,34949144.00
2017/11/14,11.14,11.82,11.00,11.70,8010700,129495888.00
2017/11/15,11.61,11.78,11.52,11.56,1820030,29559314.00
2017/11/16,11.57,11.76,11.48,11.54,1862406,30348594.00
2017/11/17,11.51,11.54,11.18,11.29,3102330,49080364.00
2017/11/20,11.29,11.29,10.99,11.12,1414386,21897514.00
2017/11/21,11.10,11.21,10.94,11.11,1474497,22860210.00
2017/11/22,11.13,11.17,10.97,11.11,1293115,19988064.00
2017/11/23,11.16,11.16,10.89,10.90,1934915,29710856.00
2017/11/24,10.96,10.96,10.71,10.82,1609269,24412120.00
2017/11/27,10.74,10.89,10.50,10.64,1941922,29065970.00
2017/11/28,10.70,10.76,10.56,10.62,1586167,23591278.00
2017/11/29,10.61,10.65,10.21,10.64,3037793,44286628.00
2017/11/30,10.61,10.84,10.45,10.54,1643001,24430384.00
2017/12/01,10.54,10.63,10.43,10.51,1490500,21953988.00
2017/12/04,10.43,10.49,10.21,10.36,1990652,28740812.00
2017/12/05,10.21,10.29,9.74,10.11,2556197,36132476.00
2017/12/06,10.11,10.16,9.73,10.10,2105184,29308636.00
2017/12/07,10.14,10.14,9.93,9.93,1292600,18093548.00
2017/12/08,9.91,10.04,9.90,9.95,1188418,16592898.00
2017/12/11,9.96,10.04,9.87,9.99,1018202,14245622.00
2017/12/12,10.00,10.22,9.94,9.96,1880191,26524418.00
2017/12/13,9.81,10.04,9.81,10.02,1023548,14288848.00
2017/12/14,10.02,10.14,9.94,10.01,1435384,20149538.00
2017/12/15,9.99,10.03,9.84,9.89,1684966,23409464.00
2017/12/18,9.89,10.00,9.84,9.99,1022700,14223144.00
2017/12/19,9.94,10.04,9.94,9.99,753100,10536250.00
2017/12/20,9.96,10.06,9.94,10.00,1602300,22436160.00
2017/12/21,10.00,10.57,10.00,10.47,7000217,101670472.00
2017/12/22,10.43,10.80,10.36,10.76,6412117,94709520.00
2017/12/25,10.93,11.57,10.79,11.40,8291575,131022536.00
2017/12/26,11.49,11.54,10.83,11.50,10402517,162534288.00
2017/12/27,11.27,11.79,11.15,11.16,5302880,84559760.00
2017/12/28,11.14,11.27,10.91,10.97,3895795,60015288.00
2017/12/29,10.97,11.24,10.89,11.06,3465201,53721588.00
2018/01/02,11.04,11.44,10.99,11.30,2705129,42634288.00
2018/01/03,11.44,11.51,11.21,11.25,1975739,31270618.00
2018/01/04,11.26,11.43,11.19,11.30,2500196,39407036.00
2018/01/05,11.24,11.24,11.08,11.09,1708939,26676246.00
2018/01/08,11.11,11.14,10.92,10.97,1767559,27141612.00
2018/01/09,11.04,11.16,10.89,11.07,1926746,29710262.00
2018/01/10,11.07,11.32,10.96,11.18,3682648,57624664.00
2018/01/11,11.06,11.29,11.04,11.16,1637825,25511594.00
2018/01/12,11.19,11.24,10.94,10.94,1492800,23043512.00
2018/01/15,10.90,10.93,10.22,10.26,2759701,40889792.00
2018/01/16,10.14,10.34,9.96,10.09,2674660,37891576.00
2018/01/17,10.09,10.09,9.82,9.92,4618648,64005380.00
2018/01/18,9.87,9.99,9.82,9.89,2208300,30617208.00
2018/01/19,9.89,9.95,9.81,9.81,1894513,26216228.00
2018/01/22,9.81,9.87,9.66,9.80,1798100,24647130.00
2018/01/23,9.82,10.04,9.77,10.03,2580512,35735760.00
2018/01/24,10.00,10.06,9.86,9.96,1752600,24425156.00
2018/01/25,9.96,10.13,9.90,9.99,2117300,29677036.00
2018/01/26,9.99,10.20,9.97,10.05,2093600,29569910.00
2018/01/29,10.07,10.19,9.86,10.06,1762701,24750048.00
2018/01/30,9.94,10.07,9.91,10.00,1203700,16801070.00
2018/01/31,9.97,10.00,9.43,9.75,5191400,70736232.00
2018/02/01,9.72,9.84,8.78,8.78,7536101,94558256.00
2018/02/02,8.78,8.78,8.23,8.44,5083610,59766840.00
2018/02/05,8.21,8.44,7.93,7.94,3350403,38357928.00
2018/02/06,7.76,8.04,7.39,7.39,4381470,47135752.00
2018/02/07,7.56,7.96,7.32,7.60,4052707,43563676.00
2018/02/08,7.68,7.79,7.59,7.72,2372701,25647532.00
2018/02/09,7.59,7.78,7.41,7.56,2834407,30169888.00
2018/02/12,7.57,7.79,7.57,7.70,1622950,17574412.00
2018/02/13,7.79,7.85,7.59,7.61,1490944,16115702.00
2018/02/14,7.61,7.66,7.49,7.51,1584050,16722906.00
2018/02/22,7.59,7.79,7.52,7.74,1868700,20025944.00
2018/02/23,7.76,7.92,7.66,7.86,1864700,20446522.00
2018/02/26,7.80,8.14,7.80,8.06,1897354,21208326.00
2018/02/27,8.16,8.16,8.01,8.02,1620903,18281314.00
2018/02/28,7.91,8.12,7.91,8.03,1720290,19297612.00
2018/03/01,8.01,8.21,7.92,8.19,2709792,30671920.00
2018/03/02,8.12,8.32,8.11,8.22,2360688,27222068.00
2018/03/05,8.25,8.34,8.16,8.20,1900300,21830236.00
2018/03/06,8.21,8.42,8.14,8.39,2631505,30385066.00
2018/03/07,8.39,8.56,8.21,8.22,2414928,28284176.00
2018/03/08,8.17,8.34,8.15,8.31,1904906,22072530.00
2018/03/09,8.32,8.53,8.26,8.47,2159052,25372328.00
2018/03/12,8.66,8.81,8.59,8.63,3329693,40570884.00
2018/03/13,8.60,8.86,8.54,8.73,2357534,28761488.00
2018/03/14,8.81,8.81,8.61,8.66,1799637,21873420.00
2018/03/15,8.69,8.69,8.29,8.51,2652284,31552920.00
2018/03/16,8.57,8.64,8.44,8.51,1375456,16491688.00
2018/03/19,8.58,8.58,8.39,8.44,1898200,22632030.00
2018/03/20,8.34,8.47,8.24,8.41,2674335,31265676.00
2018/03/21,8.49,8.63,8.34,8.36,2661856,31756130.00
2018/03/22,8.36,9.20,8.31,9.20,9118036,113993632.00
2018/03/23,9.01,9.46,8.51,8.68,11493214,145250288.00
2018/03/26,8.43,8.65,7.82,8.59,5255969,61174288.00
2018/03/27,8.62,9.44,8.59,9.44,6714688,87561816.00
2018/03/28,9.70,9.88,9.40,9.46,16210093,218731168.00
2018/03/29,9.34,9.61,9.16,9.49,7933507,104041408.00
2018/03/30,9.39,9.61,9.28,9.46,6471896,85649504.00
2018/04/02,9.49,9.59,9.28,9.31,5961851,78633104.00
2018/04/03,9.11,9.24,8.96,9.07,4284012,54379008.00
2018/04/04,9.20,9.26,8.83,8.85,4270801,53827512.00
2018/04/09,8.83,8.84,8.57,8.75,3003883,36594972.00
2018/04/10,8.75,8.84,8.66,8.80,2437700,29939682.00
2018/04/11,8.83,8.89,8.72,8.73,2945300,36211048.00
2018/04/12,8.73,8.74,8.42,8.44,3968058,47603536.00
2018/04/13,8.38,8.69,8.38,8.56,3243072,38915248.00
2018/04/16,8.56,8.56,8.29,8.39,3038638,35724160.00
2018/04/17,8.34,8.44,8.11,8.13,2539339,29410002.00
2018/04/18,8.32,8.42,8.07,8.41,2227861,25732228.00
2018/04/19,8.39,9.25,8.38,8.85,11299733,142895120.00
2018/04/20,8.66,8.99,8.47,8.85,9290071,114023320.00
2018/04/23,8.85,9.04,8.71,9.00,7861705,98161936.00
2018/04/24,8.99,9.21,8.85,9.15,8011100,101427248.00
2018/04/25,9.14,9.50,8.99,9.21,9094899,117117664.00
2018/04/26,9.12,9.12,8.87,8.90,5061384,63615500.00
2018/04/27,9.07,9.07,8.58,8.64,5425227,66591384.00
2018/05/02,8.74,8.78,8.31,8.43,3907918,46931908.00
2018/05/03,8.44,8.49,8.16,8.43,5911188,69029008.00
2018/05/04,8.40,8.49,8.24,8.29,3333455,38964156.00
2018/05/07,8.29,8.48,8.29,8.41,5184500,60842280.00
2018/05/08,8.41,8.44,8.34,8.43,4650100,54605236.00
2018/05/09,8.44,9.27,8.43,8.86,16309625,202433728.00
2018/05/10,8.70,9.19,8.66,9.14,14173542,178344384.00
2018/05/11,9.07,9.21,8.96,9.06,9599504,121666424.00
2018/05/14,9.06,9.24,8.81,8.86,6780326,85817024.00
2018/05/15,8.96,9.11,8.84,9.09,5989106,75332376.00
2018/05/16,9.01,9.09,8.94,8.98,4149900,52227544.00
2018/05/17,8.99,9.06,8.82,9.04,4197839,52482512.00
2018/05/18,9.03,9.10,8.89,9.08,4092500,51779224.00
2018/05/21,9.18,9.26,9.04,9.21,8787133,112901248.00
2018/05/22,9.21,9.23,8.98,9.04,5310674,67472688.00
2018/05/23,9.00,9.00,8.85,8.91,4377218,54663848.00
2018/05/24,8.95,8.96,8.69,8.71,4522803,55585356.00
2018/05/25,8.70,8.76,8.43,8.49,5014766,60065256.00
2018/05/28,8.56,8.57,8.34,8.46,3221792,38285676.00
2018/05/29,8.51,8.54,8.41,8.43,3322615,39405120.00
2018/05/30,8.34,8.34,7.92,7.99,3730900,42586956.00
2018/05/31,8.06,8.12,7.94,7.99,3409500,38329548.00
2018/06/01,7.94,8.07,7.64,7.79,4582950,50363048.00
2018/06/04,7.84,7.90,7.61,7.64,3758300,40619856.00
2018/06/05,7.69,7.76,7.50,7.75,5752452,61391276.00
2018/06/06,7.77,8.06,7.74,7.80,7424010,81704648.00
2018/06/07,7.85,7.89,7.61,7.61,4153344,44712752.00
2018/06/08,7.63,7.65,7.16,7.31,6610985,67979176.00
2018/06/11,7.19,7.29,7.14,7.19,3823531,38611252.00
2018/06/12,7.22,7.26,7.16,7.21,4237387,42787136.00
2018/06/13,7.17,7.24,7.02,7.05,3926500,39476356.00
2018/06/14,7.10,7.35,7.08,7.25,5807962,59038900.00
2018/06/15,7.24,7.35,7.04,7.09,4073480,41048940.00
2018/06/19,6.99,7.06,6.38,6.38,6101720,56334008.00
2018/06/20,6.43,6.64,6.39,6.56,3921792,35887756.00
2018/06/21,6.56,6.70,5.90,5.92,10250940,62366720.00
2018/06/22,5.88,6.11,5.73,6.07,5996934,35963732.00
2018/06/25,6.16,6.24,6.08,6.10,4751440,29272182.00
2018/06/26,6.10,6.38,5.92,6.29,4719094,29483218.00
2018/06/27,6.26,6.33,6.17,6.23,3714514,23178262.00
2018/06/28,6.23,6.28,6.05,6.10,3642658,22505252.00
2018/06/29,6.14,6.25,6.05,6.20,7447613,45920688.00
2018/07/02,6.23,6.25,5.91,6.03,5037949,30828242.00
2018/07/03,6.05,6.24,5.98,6.24,7256726,44787128.00
2018/07/04,6.25,6.29,6.00,6.01,4795364,29333134.00
2018/07/05,6.01,6.08,5.80,5.83,4842080,28887014.00
2018/07/06,5.91,6.00,5.65,5.96,7241363,42651724.00
2018/07/09,5.97,6.13,5.92,6.10,5512433,33457696.00
2018/07/10,6.10,6.30,6.08,6.18,4162807,25773306.00
2018/07/11,6.11,6.12,5.97,6.04,3759380,22729288.00
2018/07/12,6.02,6.30,6.02,6.28,4793206,29685162.00
2018/07/13,6.40,6.40,6.14,6.29,5782811,36046592.00
2018/07/16,6.38,6.38,6.26,6.30,4210501,26567006.00
2018/07/17,6.37,6.37,6.21,6.32,3962941,24957164.00
2018/07/18,6.29,6.38,6.21,6.28,4724868,29706384.00
2018/07/19,6.22,6.26,6.08,6.16,3876416,23891334.00
2018/07/20,6.16,6.26,6.09,6.20,3232860,19991300.00
2018/07/23,6.24,6.35,6.18,6.35,3626360,22754826.00
2018/07/24,6.35,6.62,6.33,6.48,7604114,49521468.00
2018/07/25,6.48,6.96,6.45,6.94,11183353,75584360.00
2018/07/26,6.93,7.01,6.72,6.77,7608480,51855272.00
2018/07/27,6.74,6.84,6.70,6.75,3708100,25125576.00
2018/07/30,6.75,7.05,6.69,6.79,8156108,56065852.00
2018/07/31,6.78,6.78,6.51,6.66,5674040,37739888.00
2018/08/01,6.66,6.74,6.40,6.55,6065340,39694140.00
2018/08/02,6.51,6.51,6.20,6.32,4845300,30570004.00
2018/08/03,6.36,6.39,6.10,6.10,4017567,25048748.00
2018/08/06,6.08,6.15,5.80,5.97,3074220,18494530.00
2018/08/07,6.10,6.29,5.95,6.18,7344365,45027868.00
2018/08/08,6.25,6.27,6.11,6.20,3944640,24377482.00
2018/08/09,6.19,6.50,6.07,6.34,6643740,42098772.00
2018/08/10,6.42,6.46,6.28,6.30,4489800,28535588.00
2018/08/13,6.38,6.47,6.28,6.42,10152761,64901052.00
2018/08/14,6.34,6.43,6.30,6.34,4469634,28380088.00
2018/08/15,6.36,6.38,6.13,6.14,4228921,26389402.00
2018/08/16,6.09,6.14,5.93,6.07,3723120,22552886.00
2018/08/17,6.12,6.15,5.95,5.97,3753440,22627106.00
2018/08/20,5.99,6.00,5.38,5.67,10276643,57954036.00
2018/08/21,5.66,5.70,5.48,5.56,8425148,46951860.00
2018/08/22,5.59,5.61,5.46,5.50,6500687,36010028.00
2018/08/23,5.47,5.54,5.43,5.48,5390166,29590098.00
2018/08/24,5.46,5.46,5.37,5.41,7740624,41835360.00
2018/08/27,5.42,5.62,5.40,5.57,6331889,34892044.00
2018/08/28,5.56,5.62,5.53,5.60,4679749,26116182.00
2018/08/29,5.60,5.61,5.53,5.57,3001721,16711278.00
2018/08/30,5.57,5.60,5.39,5.40,3585421,19621790.00
2018/08/31,5.40,5.53,5.38,5.46,4177100,22827688.00
2018/09/03,5.46,5.48,5.28,5.39,4379791,23434194.00
2018/09/04,5.39,5.51,5.37,5.51,3516016,19165468.00
2018/09/05,5.51,5.52,5.40,5.40,3306920,18040220.00
2018/09/06,5.40,5.46,5.35,5.41,2465793,13347694.00
2018/09/07,5.41,5.52,5.36,5.50,4166980,22774300.00
2018/09/10,5.49,5.49,5.37,5.39,3210535,17354840.00
2018/09/11,5.38,5.44,5.35,5.39,2427420,13084654.00
2018/09/12,5.39,5.44,5.36,5.41,2242381,12126922.00
2018/09/13,5.47,5.49,5.41,5.47,2564257,13953727.00
2018/09/14,5.48,5.87,5.45,5.61,9856222,55609336.00
2018/09/17,5.58,5.58,5.40,5.45,4274381,23357122.00
2018/09/18,5.35,5.55,5.35,5.53,4589580,24959840.00
2018/09/19,5.55,5.72,5.48,5.64,7368400,41465308.00
2018/09/20,5.65,5.67,5.54,5.67,4752580,26646224.00
2018/09/21,5.66,5.79,5.62,5.73,5673889,32423682.00
2018/09/25,5.67,5.71,5.59,5.65,2908254,16439307.00
2018/09/26,5.63,5.68,5.60,5.62,3424390,19310296.00
2018/09/27,5.64,5.66,5.47,5.47,3284023,18190628.00
2018/09/28,5.48,5.55,5.48,5.53,1927282,10650406.00
2018/10/08,5.45,5.47,5.30,5.31,3076400,16532044.00
2018/10/09,5.32,5.38,5.30,5.32,1714086,9136885.00
2018/10/10,5.35,5.37,5.26,5.29,1806940,9591075.00
2018/10/11,5.16,5.17,4.76,4.76,6185579,30330406.00
2018/10/12,4.60,4.74,4.33,4.54,7920621,35844304.00
2018/10/15,4.58,4.59,4.40,4.41,3719446,16716175.00
2018/10/16,4.44,4.48,4.33,4.36,2711382,11933051.00
2018/10/17,4.44,4.47,4.22,4.40,4128716,17946040.00
2018/10/18,4.37,4.72,4.28,4.46,6426028,28553062.00
2018/10/19,4.38,4.53,4.25,4.44,7416198,32514688.00
2018/10/22,4.46,4.72,4.44,4.63,9269333,42674672.00
2018/10/23,4.63,4.69,4.54,4.56,5437517,25041106.00
2018/10/24,4.55,4.62,4.53,4.58,3265052,14940394.00
2018/10/25,4.48,4.62,4.38,4.57,5600923,24973564.00
2018/10/26,4.57,4.67,4.55,4.57,3426647,15761581.00
2018/10/29,4.57,4.68,4.56,4.61,4260613,19670574.00
2018/10/30,4.64,4.71,4.52,4.67,5472696,25344968.00
2018/10/31,4.69,4.75,4.67,4.71,6617766,31193982.00
2018/11/01,4.76,4.88,4.72,4.73,7646149,36711832.00
2018/11/02,4.81,4.87,4.75,4.85,8004010,38482608.00
2018/11/05,4.85,4.92,4.78,4.86,7816397,37858280.00
2018/11/06,4.90,5.07,4.82,4.98,13064738,64805980.00
2018/11/07,4.95,4.97,4.85,4.88,8977720,44201456.00
2018/11/08,4.93,5.37,4.85,5.28,33548520,176526944.00
2018/11/09,5.11,5.16,5.03,5.05,20274923,103074680.00
2018/11/12,5.01,5.19,4.95,5.15,13295680,67732096.00
2018/11/13,5.06,5.40,5.05,5.32,16663025,87263144.00
2018/11/14,5.33,5.49,5.26,5.30,15153977,80970288.00
2018/11/15,5.30,5.40,5.27,5.37,9625045,51434536.00
2018/11/16,5.36,5.69,5.34,5.51,14079811,77211128.00
2018/11/19,5.51,5.58,5.40,5.53,11508411,63270144.00
2018/11/20,5.46,5.48,5.19,5.25,10633268,56980676.00
2018/11/21,5.18,5.37,5.13,5.30,6559711,34507688.00
2018/11/22,5.31,5.42,5.30,5.33,7107560,38088972.00
2018/11/23,5.33,5.33,4.94,4.98,9143383,46711604.00
2018/11/26,4.97,5.10,4.97,5.03,4732459,23898422.00
2018/11/27,5.12,5.25,5.08,5.15,6928280,35816772.00
2018/11/28,5.21,5.45,5.16,5.31,11862220,62986576.00
2018/11/29,5.30,5.32,5.13,5.13,7962902,41745132.00
2018/11/30,5.15,5.17,4.98,5.12,6194160,31524970.00
2018/12/03,5.23,5.43,5.20,5.37,9354790,49733572.00
2018/12/04,5.38,5.43,5.32,5.40,8039787,43224416.00
2018/12/05,5.32,5.43,5.28,5.36,5843092,31230712.00
2018/12/06,5.33,5.35,5.15,5.26,6909780,36288668.00
2018/12/07,5.31,5.45,5.16,5.37,10242171,54683328.00
2018/12/10,5.29,5.31,5.12,5.18,7451662,38891788.00
2018/12/11,5.18,5.25,5.15,5.23,3356121,17497330.00
2018/12/12,5.27,5.72,5.22,5.49,20946806,114307552.00
2018/12/13,5.48,6.04,5.43,5.80,40661167,237362288.00
2018/12/14,5.72,6.29,5.62,6.05,45940295,272169504.00
2018/12/17,5.91,6.05,5.85,6.00,26173529,155691392.00
2018/12/18,5.90,5.96,5.70,5.78,17396049,101416424.00
2018/12/19,5.80,5.86,5.67,5.74,11913648,68475208.00
2018/12/20,5.70,5.98,5.69,5.91,16338151,94999352.00
2018/12/21,5.83,5.94,5.73,5.77,10199982,59471544.00
2018/12/24,5.80,6.03,5.59,5.99,15596186,91280040.00
2018/12/25,5.98,6.28,5.85,6.22,27844439,169452368.00
2018/12/26,6.10,6.26,6.00,6.14,18195672,111542992.00
2018/12/27,6.20,6.23,5.78,5.84,15133020,91039536.00
2018/12/28,5.85,5.97,5.66,5.85,11051141,64498328.00
2019/01/02,5.84,5.94,5.72,5.76,6325688,36714900.00
2019/01/03,5.73,5.82,5.48,5.54,10276061,57848504.00
2019/01/04,5.47,5.72,5.38,5.63,9132505,51150100.00
2019/01/07,5.78,6.18,5.78,5.99,21615613,129243592.00
2019/01/08,6.08,6.24,6.01,6.10,24922854,152672000.00
2019/01/09,6.13,6.70,5.95,6.35,36397094,231580096.00
2019/01/10,6.35,6.50,6.23,6.29,20021001,126799976.00
2019/01/11,6.45,6.78,6.35,6.46,28398451,185825200.00
2019/01/14,6.35,6.55,6.29,6.35,14845245,94701288.00
2019/01/15,6.28,6.35,6.18,6.35,11935220,74984416.00
2019/01/16,6.28,6.61,6.28,6.44,17083444,110829032.00
2019/01/17,6.38,6.44,6.17,6.17,13008089,81686992.00
2019/01/18,6.22,6.26,6.07,6.18,8273061,50961740.00
2019/01/21,6.22,6.41,6.13,6.37,11557799,72601672.00
2019/01/22,6.53,6.55,6.26,6.32,13272031,85124360.00
2019/01/23,6.23,6.39,6.11,6.39,8512219,53307312.00
2019/01/24,6.35,6.60,6.25,6.60,16533598,107098488.00
2019/01/25,6.56,6.96,6.53,6.66,25503583,173078192.00
2019/01/28,6.65,6.86,6.42,6.85,18430668,123512824.00
2019/01/29,6.76,7.39,6.70,7.28,34306583,242616080.00
2019/01/30,7.14,7.28,6.60,6.75,26902315,187978128.00
2019/01/31,6.42,6.71,6.08,6.08,29109747,185616592.00
2019/02/01,6.15,6.24,6.05,6.17,12151611,74858240.00
2019/02/11,6.19,6.50,6.18,6.49,12837749,81809088.00
2019/02/12,6.54,6.62,6.42,6.59,12543499,81868448.00
2019/02/13,6.58,6.86,6.50,6.78,15670583,105453296.00
2019/02/14,6.87,6.89,6.65,6.77,12548699,84603376.00
2019/02/15,6.71,6.79,6.52,6.56,12571527,83643768.00
2019/02/18,6.64,6.91,6.60,6.89,16046016,108730568.00
2019/02/19,6.99,7.14,6.75,6.87,18532628,128473824.00
2019/02/20,6.91,6.96,6.66,6.80,11059616,75037544.00
2019/02/21,6.79,7.08,6.68,6.93,19390018,134428592.00
2019/02/22,6.96,7.33,6.95,7.26,23753595,169849744.00
2019/02/25,7.37,7.65,7.16,7.60,28010653,207840160.00
2019/02/26,7.58,7.60,7.26,7.39,26850504,199280016.00
2019/02/27,7.21,7.39,7.07,7.22,17116024,124103760.00
2019/02/28,7.23,7.30,7.11,7.20,9561497,68763056.00
2019/03/01,7.23,7.29,7.15,7.29,9292690,67148624.00
2019/03/04,7.35,7.46,7.23,7.29,19750664,145416112.00
2019/03/05,7.29,7.56,7.17,7.56,21029657,155852112.00
2019/03/06,7.58,8.25,7.57,7.90,30897275,243278096.00
2019/03/07,7.80,8.05,7.70,7.82,22918418,179951344.00
2019/03/08,7.61,8.55,7.50,8.01,36380149,295212224.00
2019/03/11,8.35,8.68,8.10,8.60,32344625,270763296.00
2019/03/12,8.55,9.17,8.45,8.84,39304379,347299520.00
2019/03/13,8.71,8.72,8.21,8.27,27558155,234542304.00
2019/03/14,8.17,8.48,8.06,8.48,21199241,175584032.00
2019/03/15,8.58,8.95,8.48,8.74,28046347,245291056.00
2019/03/18,8.75,8.84,8.33,8.74,18996136,164307584.00
2019/03/19,8.82,8.82,8.52,8.59,13412504,115172880.00
2019/03/20,8.64,8.66,8.16,8.31,18288686,152772144.00
2019/03/21,8.35,8.63,8.22,8.44,20116942,170367088.00
2019/03/22,8.32,8.41,8.15,8.30,14415268,118984320.00
2019/03/25,8.15,8.46,8.11,8.28,14425173,119411224.00
2019/03/26,8.28,8.42,8.17,8.25,13341203,110637952.00
2019/03/27,8.25,8.33,7.75,8.16,14123021,114407696.00
2019/03/28,8.18,8.22,7.84,7.85,11802684,94721688.00
2019/03/29,7.86,8.02,7.63,8.01,12378773,97384600.00
2019/04/01,8.09,8.44,8.09,8.32,13390332,110847888.00
2019/04/02,8.34,8.46,8.22,8.46,14163275,118259664.00
2019/04/03,8.40,8.51,8.35,8.46,10688934,90163640.00
2019/04/04,8.40,8.47,8.25,8.36,11428360,95553944.00
2019/04/08,8.36,8.66,8.26,8.54,17218268,146169296.00
2019/04/09,8.53,8.58,8.26,8.32,9839100,82291480.00
2019/04/10,8.23,8.23,8.09,8.13,9441523,76916944.00
2019/04/11,8.13,8.29,8.00,8.00,8706097,70590944.00
2019/04/12,7.97,8.09,7.89,7.94,5561123,44377320.00
2019/04/15,8.04,8.19,7.91,7.91,5634780,45458656.00
2019/04/16,7.92,8.17,7.86,8.17,6911366,55599980.00
2019/04/17,8.11,8.25,8.04,8.08,9302210,75537264.00
2019/04/18,8.08,8.10,7.92,7.94,8211720,65676208.00
2019/04/19,7.95,8.26,7.94,8.22,11583348,93985160.00
2019/04/22,8.20,8.26,8.00,8.03,7302140,59046756.00
2019/04/23,8.01,8.02,7.75,7.85,8837664,69322256.00
2019/04/24,7.90,7.91,7.70,7.83,5585845,43526456.00
2019/04/25,7.83,7.85,7.53,7.55,5918582,45590348.00
2019/04/26,7.54,7.68,7.01,7.68,8911165,66022928.00
2019/04/29,7.64,7.94,7.57,7.68,10449041,81528040.00
2019/04/30,7.55,7.82,7.31,7.37,7581080,57154684.00
2019/05/06,7.04,7.21,6.63,6.68,8278950,57147040.00
2019/05/07,6.88,6.88,6.48,6.71,6770050,45205768.00
2019/05/08,6.64,6.81,6.50,6.65,3844164,25577828.00
2019/05/09,6.53,6.71,6.50,6.54,5023500,33177444.00
2019/05/10,6.56,6.80,6.42,6.80,7523662,50461752.00
2019/05/13,6.75,6.95,6.71,6.91,5662222,38907880.00
2019/05/14,6.82,6.94,6.75,6.81,6355360,43689164.00
2019/05/15,6.90,7.13,6.85,7.04,5124418,35921020.00
2019/05/16,7.06,7.12,7.00,7.03,4148896,29241034.00
2019/05/17,7.10,7.19,6.66,6.77,6188476,42846464.00
2019/05/20,6.68,6.91,6.64,6.90,5561790,37808936.00
2019/05/21,6.90,7.33,6.83,7.17,11252868,80114288.00
2019/05/22,7.12,7.19,7.01,7.04,6277997,44406284.00
2019/05/23,7.05,7.07,6.81,6.88,4885140,33744004.00
2019/05/24,6.77,6.95,6.75,6.75,3211698,22005596.00
2019/05/27,6.75,7.09,6.72,7.05,4643497,32239950.00
2019/05/28,7.01,7.18,6.91,6.96,5326741,37555020.00
2019/05/29,6.96,7.13,6.96,7.02,3604477,25394068.00
2019/05/30,6.97,7.09,6.83,6.90,3778421,26103416.00
2019/05/31,6.90,7.08,6.88,6.89,3570860,24898150.00
2019/06/03,6.89,6.94,6.63,6.76,3901440,26413258.00
2019/06/04,6.70,6.82,6.64,6.72,2819520,18959150.00
2019/06/05,6.76,6.83,6.64,6.67,3891520,26169346.00
2019/06/06,6.67,6.67,6.30,6.36,4533924,29272154.00
2019/06/10,6.37,6.51,6.35,6.45,2779680,17919206.00
2019/06/11,6.46,6.74,6.46,6.71,4816057,31992568.00
2019/06/12,6.76,6.84,6.69,6.73,3503393,23678868.00
2019/06/13,6.76,6.83,6.72,6.80,3258922,22118830.00
2019/06/14,6.82,6.88,6.59,6.60,3588440,24096520.00
2019/06/17,6.70,6.70,6.51,6.56,2693002,17741990.00
2019/06/18,6.56,6.63,6.45,6.48,2666821,17373950.00
2019/06/19,6.60,6.73,6.58,6.61,3809560,25310984.00
2019/06/20,6.62,6.78,6.58,6.73,4422248,29686910.00
2019/06/21,6.83,6.95,6.80,6.86,5442313,37455352.00
2019/06/24,6.86,7.15,6.86,7.03,8996585,63051812.00
2019/06/25,7.04,7.05,6.76,6.84,7258079,49720140.00
2019/06/26,6.80,6.84,6.71,6.74,3857238,26098602.00
2019/06/27,6.79,6.86,6.76,6.81,4165780,28397168.00
2019/06/28,6.88,7.13,6.77,7.10,11653909,81160360.00
2019/07/01,7.33,7.52,7.23,7.27,13599698,99956912.00
2019/07/02,7.32,7.78,7.32,7.48,15250760,114500976.00
2019/07/03,7.48,7.49,7.30,7.30,6998200,51519068.00
2019/07/04,7.34,7.42,7.15,7.23,7406720,53759036.00
2019/07/05,7.36,7.59,7.21,7.52,10052965,74602192.00
2019/07/08,7.55,7.77,7.23,7.36,13632469,102313080.00
2019/07/09,7.43,8.07,7.28,7.94,29123675,224407536.00
2019/07/10,7.79,8.04,7.63,7.70,22294190,173769088.00
2019/07/11,7.70,7.84,7.45,7.54,15398791,117539248.00
2019/07/12,7.50,7.55,7.13,7.33,16270710,118382344.00
2019/07/15,7.25,7.33,6.98,7.25,11716500,84013464.00
2019/07/16,7.21,7.38,7.17,7.38,10286848,74706032.00
2019/07/17,7.32,7.43,7.30,7.34,7695426,56641940.00
2019/07/18,7.34,7.35,7.14,7.15,6934708,50036528.00
2019/07/19,7.24,7.84,7.19,7.68,24366832,184669952.00
2019/07/22,7.62,7.70,7.00,7.16,18766933,136716064.00
2019/07/23,7.00,7.13,6.87,7.00,11176780,78359304.00
2019/07/24,7.00,7.13,7.00,7.05,6762789,47755348.00
2019/07/25,7.03,7.12,6.98,7.00,6444420,45373284.00
2019/07/26,7.00,7.00,6.81,6.86,8957880,61391652.00
2019/07/29,6.84,6.89,6.74,6.78,4685100,31851554.00
2019/07/30,6.82,6.87,6.79,6.84,4132800,28218458.00
2019/07/31,6.81,6.82,6.69,6.76,3754660,25343024.00
2019/08/01,6.67,6.80,6.66,6.72,4064680,27341290.00
2019/08/02,6.57,6.76,6.50,6.65,5079040,33756756.00
2019/08/05,6.65,6.71,6.58,6.66,3822640,25423438.00
2019/08/06,6.51,6.58,6.13,6.32,7190360,45491392.00
2019/08/07,6.35,6.40,6.20,6.23,3396540,21399544.00
2019/08/08,6.31,6.31,6.20,6.22,3006620,18797562.00
2019/08/09,6.25,6.39,6.22,6.24,4095000,25763160.00
2019/08/12,6.23,6.35,6.21,6.35,2596395,16352232.00
2019/08/13,6.38,6.52,6.34,6.45,5450402,35112068.00
2019/08/14,6.52,6.58,6.41,6.41,3533440,22928882.00
2019/08/15,6.20,6.41,6.08,6.38,4798260,29936464.00
2019/08/16,6.36,6.39,6.26,6.30,4076541,25829706.00
2019/08/19,6.34,6.55,6.33,6.55,5306439,34285752.00
2019/08/20,6.57,6.68,6.48,6.51,5140441,33783208.00
2019/08/21,6.44,6.52,6.43,6.44,3554360,22991920.00
2019/08/22,6.43,6.68,6.43,6.56,3875960,25215480.00
2019/08/23,6.49,6.54,6.43,6.48,3452480,22363956.00
2019/08/26,6.30,6.38,6.23,6.30,3408403,21528724.00
2019/08/27,6.36,6.45,6.34,6.41,4878589,31302180.00
2019/08/28,6.43,6.51,6.36,6.41,3098102,19879208.00
2019/08/29,6.41,6.45,6.35,6.41,2902620,18606300.00
2019/08/30,6.43,6.45,6.19,6.25,4896971,31020970.00
2019/09/02,6.25,6.45,6.25,6.42,3752611,23905014.00
2019/09/03,6.49,6.49,6.37,6.46,4814405,30933286.00
2019/09/04,6.57,6.57,6.43,6.50,4937220,32008936.00
2019/09/05,6.55,6.65,6.51,6.56,8701772,57299580.00
2019/09/06,6.56,6.68,6.55,6.59,5129696,33884060.00
2019/09/09,6.65,6.82,6.61,6.80,9260383,62457768.00
2019/09/10,6.81,6.94,6.76,6.87,6798272,46740980.00
2019/09/11,6.87,6.98,6.84,6.91,6709995,46336608.00
2019/09/12,6.83,7.17,6.83,7.12,10723160,75518624.00
2019/09/16,7.09,7.17,7.01,7.06,5799480,41058992.00
2019/09/17,7.16,7.33,6.90,6.97,11011640,78367536.00
2019/09/18,6.93,6.96,6.84,6.87,6059840,41835260.00
2019/09/19,6.92,6.95,6.87,6.92,3873840,26748498.00
2019/09/20,7.30,7.41,7.10,7.20,16892819,121958024.00
2019/09/23,7.15,7.19,6.97,7.05,7113707,50139636.00
2019/09/24,7.02,7.09,6.95,6.97,6889315,48366516.00
2019/09/25,6.90,6.96,6.76,6.78,6303880,43085236.00
2019/09/26,6.81,6.85,6.46,6.46,5812199,38500736.00
2019/09/27,6.49,6.64,6.49,6.55,2824420,18557710.00
2019/09/30,6.58,6.65,6.45,6.49,2875980,18769840.00
2019/10/08,6.46,6.48,6.31,6.33,3512860,22324356.00
2019/10/09,6.31,6.65,6.31,6.63,4795067,31092942.00
2019/10/10,6.63,6.69,6.55,6.67,3861100,25653868.00
2019/10/11,6.67,6.73,6.59,6.69,3969381,26408500.00
2019/10/14,6.76,6.81,6.65,6.67,5509772,37016348.00
2019/10/15,6.80,7.02,6.80,6.85,10575881,73030760.00
2019/10/16,6.90,6.90,6.67,6.70,6206998,41933308.00
2019/10/17,6.69,6.75,6.64,6.68,3439661,22986234.00
2019/10/18,6.70,6.72,6.48,6.50,4079684,26820540.00
2019/10/21,6.51,6.54,6.36,6.43,2620500,16789038.00
2019/10/22,6.50,6.54,6.40,6.53,2878224,18626580.00
2019/10/23,6.51,6.58,6.47,6.49,2064340,13459738.00
2019/10/24,6.49,6.49,6.41,6.47,2277600,14714586.00
2019/10/25,6.47,6.53,6.41,6.51,2261220,14626493.00
2019/10/28,7.09,7.09,6.71,6.99,12885147,88683512.00
2019/10/29,7.00,7.00,6.70,6.90,11737828,80362432.00
2019/10/30,6.80,7.39,6.80,7.01,20911327,148092912.00
2019/10/31,6.80,6.85,6.55,6.80,12735118,85167504.00
2019/11/01,6.67,6.83,6.63,6.71,4591598,30966944.00
数据来源:通达信
