002045 国光电器 日线 前复权
      日期	    开盘	    最高	    最低	    收盘	    成交量	    成交额
2013/09/02,6.19,6.72,6.12,6.70,19055101,131698952.00
2013/09/03,6.70,6.72,6.45,6.49,17304139,121798872.00
2013/09/04,6.50,6.97,6.42,6.82,22044098,159218960.00
2013/09/05,6.72,6.80,6.50,6.69,15948881,113809344.00
2013/09/06,6.72,6.99,6.55,6.98,15979478,116948632.00
2013/09/09,6.88,7.00,6.69,6.82,14344008,104551808.00
2013/09/10,6.74,7.20,6.73,6.94,15331640,114557120.00
2013/09/11,6.83,7.17,6.72,6.85,15168732,112195264.00
2013/09/12,6.73,6.94,6.73,6.84,9990870,73033080.00
2013/09/13,6.89,7.07,6.74,6.97,12488021,92372576.00
2013/09/16,6.98,7.03,6.27,6.29,24160041,168911392.00
2013/09/17,6.31,6.41,6.13,6.31,11233701,75897760.00
2013/09/18,6.32,6.37,6.03,6.31,8209019,54759188.00
2013/09/23,6.34,6.38,6.24,6.34,7492612,50860052.00
2013/09/24,6.39,6.39,6.12,6.17,9208837,61653568.00
2013/09/25,6.18,6.21,5.89,6.00,12686869,82170968.00
2013/09/26,5.98,6.08,5.88,5.95,7084732,45675924.00
2013/09/27,5.92,6.21,5.81,6.15,7659335,49856228.00
2013/09/30,6.15,6.34,6.10,6.30,6603128,44363888.00
2013/10/08,6.31,6.37,6.12,6.22,7637122,51156468.00
2013/10/09,6.24,6.27,6.02,6.15,9405363,62152016.00
2013/10/10,6.11,6.11,5.92,6.01,6164807,40006280.00
2013/10/11,6.02,6.09,5.89,6.00,7348746,47302340.00
2013/10/14,5.98,6.29,5.93,6.25,11574694,77157672.00
2013/10/15,6.25,6.25,6.01,6.13,7199546,47343020.00
2013/10/16,6.07,6.15,5.74,5.87,10726083,68776768.00
2013/10/17,5.84,5.96,5.75,5.81,5408894,34207340.00
2013/10/18,5.82,5.85,5.72,5.83,3894569,24348370.00
2013/10/21,5.82,6.04,5.76,5.96,8104751,51733900.00
2013/10/22,5.96,6.20,5.91,6.10,14729446,96689000.00
2013/10/23,6.06,6.25,6.00,6.11,9427720,62225412.00
2013/10/24,6.11,6.29,6.05,6.26,9803967,65514848.00
2013/10/25,6.28,6.38,6.01,6.21,10569336,71014640.00
2013/10/28,6.18,6.20,5.97,6.10,4888351,32111302.00
2013/10/29,6.08,6.14,5.44,5.82,8133287,50815212.00
2013/10/30,5.80,5.80,5.52,5.77,5215803,32164496.00
2013/10/31,5.72,5.84,5.60,5.77,2519846,15663497.00
2013/11/01,5.79,6.05,5.72,5.85,8212858,52708952.00
2013/11/04,5.82,5.96,5.72,5.78,2938031,18411698.00
2013/11/05,5.77,5.80,5.57,5.79,2715454,16772691.00
2013/11/06,5.77,5.96,5.75,5.84,4852383,30794478.00
2013/11/07,5.82,5.88,5.65,5.75,2689051,16846122.00
2013/11/08,5.75,5.88,5.64,5.74,2421710,15070953.00
2013/11/11,5.75,5.75,5.54,5.69,1983486,12174105.00
2013/11/12,5.64,5.73,5.62,5.70,1496520,9197710.00
2013/11/13,5.68,5.85,5.61,5.78,3622710,22541042.00
2013/11/14,5.73,5.90,5.72,5.81,3030966,19069534.00
2013/11/15,5.78,5.97,5.77,5.86,8062733,51122492.00
2013/11/18,5.86,5.93,5.83,5.88,10682954,67708200.00
2013/11/19,5.89,6.01,5.84,5.96,6167740,39518356.00
2013/11/20,5.99,6.00,5.84,5.89,4505642,28695684.00
2013/11/21,5.87,5.98,5.85,5.90,4246842,27079066.00
2013/11/22,5.90,6.01,5.69,5.75,9097081,57436568.00
2013/11/25,5.70,5.73,5.60,5.60,5340768,32699876.00
2013/11/26,5.60,5.75,5.57,5.65,3037824,18616838.00
2013/11/27,5.72,5.81,5.67,5.72,6889520,42853928.00
2013/11/28,5.68,5.74,5.66,5.70,5321876,32915806.00
2013/11/29,5.71,5.71,5.59,5.61,7239639,44279832.00
2013/12/02,5.51,5.51,5.04,5.14,8318364,47995636.00
2013/12/03,5.10,5.36,5.08,5.29,4495407,25586468.00
2013/12/04,5.26,5.40,5.24,5.32,5099164,29726344.00
2013/12/05,5.34,5.41,5.30,5.38,3990614,23267894.00
2013/12/06,5.38,5.39,5.27,5.35,2748465,15950070.00
2013/12/09,5.34,5.38,5.26,5.27,3354775,19474578.00
2013/12/10,5.27,5.33,5.25,5.29,2710411,15627358.00
2013/12/11,5.29,5.29,5.12,5.18,4944046,27962398.00
2013/12/12,5.14,5.23,5.14,5.17,3157221,17904362.00
2013/12/13,5.17,5.17,5.08,5.12,2628687,14749282.00
2013/12/16,5.12,5.18,5.07,5.13,2743038,15397040.00
2013/12/17,5.18,5.18,5.07,5.14,2485016,13891190.00
2013/12/18,5.13,5.19,5.12,5.17,2473767,13945316.00
2013/12/19,5.20,5.21,5.04,5.07,3002172,16747416.00
2013/12/20,5.08,5.09,4.82,4.89,5599033,30471766.00
2013/12/23,4.89,4.98,4.78,4.89,2460570,13226527.00
2013/12/24,4.92,5.02,4.90,4.98,2659809,14503035.00
2013/12/25,4.99,5.02,4.92,5.02,1812682,9887590.00
2013/12/26,5.47,5.47,5.07,5.07,8826116,50625860.00
2013/12/27,4.97,5.17,4.97,5.12,2962922,16550261.00
2013/12/30,5.12,5.23,5.11,5.16,2914569,16484168.00
2013/12/31,5.13,5.16,5.05,5.12,3016774,16878984.00
2014/01/02,5.10,5.22,5.02,5.17,3210485,17982762.00
2014/01/03,5.14,5.28,5.12,5.21,4540796,25836044.00
2014/01/06,5.20,5.31,5.07,5.11,6405607,36111844.00
2014/01/07,5.07,5.20,5.04,5.11,2551501,14303854.00
2014/01/08,5.11,5.16,5.05,5.14,4218424,23569102.00
2014/01/09,5.11,5.16,4.95,4.95,4444475,24661860.00
2014/01/10,4.85,4.95,4.70,4.76,3997497,21104420.00
2014/01/13,4.73,4.80,4.68,4.71,1902322,9939385.00
2014/01/14,4.75,4.85,4.64,4.83,2331764,12202982.00
2014/01/15,4.84,4.90,4.74,4.87,2381509,12663536.00
2014/01/16,4.87,4.96,4.83,4.89,2637208,14196390.00
2014/01/17,4.88,4.92,4.78,4.85,2261036,12067475.00
2014/01/20,4.85,4.88,4.79,4.86,1498443,7953893.00
2014/01/21,4.86,5.09,4.85,5.08,3745190,20500620.00
2014/01/22,5.08,5.19,5.08,5.14,4534272,25536542.00
2014/01/23,5.12,5.35,5.10,5.22,5615330,32171074.00
2014/01/24,5.19,5.54,5.16,5.45,8562210,50212768.00
2014/01/27,5.40,5.55,5.35,5.49,6316972,37563296.00
2014/01/28,5.45,5.52,5.39,5.43,3548755,21025334.00
2014/01/29,5.46,5.51,5.39,5.50,2999894,17849230.00
2014/01/30,5.51,5.52,5.35,5.39,3892168,22893222.00
2014/02/07,5.37,5.62,5.33,5.60,4891920,29278380.00
2014/02/10,5.66,6.11,5.64,5.69,28392047,177039696.00
2014/02/11,5.75,6.31,5.73,6.22,39868539,260063440.00
2014/02/12,6.12,6.31,6.04,6.29,23442961,156127872.00
2014/02/13,6.22,6.26,6.05,6.05,13828639,91836272.00
2014/02/14,6.04,6.19,6.01,6.16,10839343,71263712.00
2014/02/17,6.19,6.51,6.02,6.43,23148878,156261424.00
2014/02/18,6.39,6.41,6.27,6.35,11461479,78077936.00
2014/02/19,6.35,6.47,6.10,6.19,14256373,95069712.00
2014/02/20,6.20,6.20,5.82,6.00,12692677,81830144.00
2014/02/21,5.97,6.13,5.86,5.97,8219543,53115176.00
2014/02/24,5.95,6.02,5.82,6.01,6169412,39441028.00
2014/02/25,6.00,6.01,5.62,5.65,11160881,70464848.00
2014/02/26,5.61,5.78,5.47,5.75,8043467,49051412.00
2014/02/27,5.71,6.04,5.60,5.60,12082241,76621960.00
2014/02/28,5.63,5.91,5.57,5.91,9942085,62100008.00
2014/03/03,6.02,6.21,5.97,6.17,16877236,111109320.00
2014/03/04,6.10,6.35,6.02,6.22,14857736,99181192.00
2014/03/05,6.28,6.36,6.06,6.26,14119497,94318104.00
2014/03/06,6.25,6.41,6.13,6.34,15089913,102121208.00
2014/03/07,6.50,6.62,6.32,6.36,16014695,110774552.00
2014/03/10,6.24,6.24,5.77,5.83,12291436,79677208.00
2014/03/11,5.77,5.92,5.63,5.74,6660841,41774804.00
2014/03/12,5.72,5.83,5.61,5.78,5941422,36803964.00
2014/03/13,5.77,5.84,5.69,5.81,3480425,21784600.00
2014/03/14,5.83,5.92,5.75,5.84,5170784,32611954.00
2014/03/17,5.84,5.97,5.71,5.94,7884962,49969580.00
2014/03/18,5.94,6.00,5.87,5.89,5881004,37646732.00
2014/03/19,5.86,5.86,5.71,5.76,5544929,34517224.00
2014/03/20,5.77,5.81,5.60,5.60,4208313,26097582.00
2014/03/21,5.58,5.76,5.54,5.72,4501231,27568034.00
2014/03/24,5.73,5.80,5.70,5.75,4245997,26444970.00
2014/03/25,5.75,5.79,5.71,5.73,2684835,16724334.00
2014/03/26,5.75,5.86,5.72,5.81,3674456,23059366.00
2014/03/27,5.81,5.81,5.64,5.66,3505483,21707886.00
2014/03/28,5.65,5.70,5.26,5.32,8685779,51529636.00
2014/03/31,5.34,5.41,5.23,5.33,2955023,17155398.00
2014/04/01,5.52,5.59,5.31,5.45,6165028,36608028.00
2014/04/02,5.37,5.44,5.28,5.39,4941277,28763428.00
2014/04/03,5.38,5.45,5.27,5.34,4094505,23867762.00
2014/04/04,5.34,5.37,5.25,5.35,2734681,15834510.00
2014/04/08,5.34,5.41,5.29,5.41,3075468,17957328.00
2014/04/09,5.38,5.47,5.38,5.46,3336057,19751486.00
2014/04/10,5.46,5.57,5.42,5.50,4835616,28966562.00
2014/04/11,5.50,5.57,5.43,5.48,3299856,19708798.00
2014/04/14,5.46,5.58,5.46,5.56,3198845,19287668.00
2014/04/15,5.58,5.60,5.44,5.45,3270318,19478878.00
2014/04/16,5.45,5.45,5.31,5.37,4007630,23428704.00
2014/04/17,5.36,5.41,5.35,5.37,2463419,14425525.00
2014/04/18,5.35,5.39,5.32,5.38,2790099,16303581.00
2014/04/21,5.34,5.36,5.21,5.21,3597255,20793804.00
2014/04/22,5.20,5.23,5.05,5.12,3900080,21836116.00
2014/04/23,5.13,5.15,5.06,5.11,1886994,10535457.00
2014/04/24,5.10,5.14,5.03,5.03,2007710,11155207.00
2014/04/25,5.03,5.07,4.85,4.88,2843290,15456077.00
2014/04/28,4.83,4.83,4.60,4.60,3978244,20633798.00
2014/04/29,4.62,4.71,4.58,4.69,4240806,21664954.00
2014/04/30,4.75,4.76,4.70,4.74,2626118,13456281.00
2014/05/05,4.74,4.85,4.73,4.84,2744527,14247369.00
2014/05/06,4.85,4.94,4.84,4.89,2851869,15094960.00
2014/05/07,4.89,4.90,4.70,4.71,2454496,12779990.00
2014/05/08,4.71,4.80,4.70,4.71,1729817,8905241.00
2014/05/09,4.75,4.85,4.70,4.82,2427285,12582127.00
2014/05/12,4.85,4.92,4.79,4.90,3128326,16475016.00
2014/05/13,4.88,4.92,4.81,4.86,3167567,16664525.00
2014/05/14,4.86,4.86,4.77,4.80,2377651,12363216.00
2014/05/15,4.78,4.79,4.66,4.68,2458312,12555448.00
2014/05/16,4.68,4.72,4.61,4.68,1709880,8642029.00
2014/05/19,4.68,4.68,4.61,4.66,1585815,7992925.50
2014/05/20,4.68,4.73,4.65,4.65,1398105,7108849.50
2014/05/21,4.65,4.71,4.60,4.71,1307660,6632974.00
2014/05/22,4.70,4.77,4.68,4.69,1891528,9712325.00
2014/05/23,4.70,4.76,4.67,4.75,1585818,8113040.50
2014/05/26,4.79,4.86,4.77,4.83,3302001,17215164.00
2014/05/27,4.83,4.83,4.76,4.77,1683431,8732508.00
2014/05/28,4.77,4.86,4.77,4.86,2965665,15541839.00
2014/05/29,4.88,5.05,4.86,4.97,7530266,40503484.00
2014/05/30,4.95,5.00,4.92,4.98,3276121,17543136.00
2014/06/03,5.03,5.03,4.85,4.87,2961284,15801336.00
2014/06/04,4.89,4.93,4.80,4.91,2261410,11933581.00
2014/06/05,4.90,5.05,4.85,4.99,3400459,18337406.00
2014/06/06,4.96,4.99,4.88,4.93,1933997,10308382.00
2014/06/09,4.92,4.98,4.90,4.90,1797279,9591110.00
2014/06/10,4.91,5.00,4.88,4.99,2633487,14117222.00
2014/06/11,4.99,5.00,4.94,4.98,2243002,12069366.00
2014/06/12,5.00,5.00,4.90,4.91,2360979,12615587.00
2014/06/13,4.91,5.03,4.88,5.01,3191477,17208672.00
2014/06/16,5.00,5.10,4.97,5.10,3734394,20303022.00
2014/06/17,5.65,5.65,5.57,5.65,21831415,132039192.00
2014/06/18,5.75,6.15,5.66,6.07,49137593,308913120.00
2014/06/19,5.80,5.91,5.42,5.58,29761412,179967504.00
2014/06/20,5.53,5.63,5.39,5.56,13005241,76868544.00
2014/06/23,5.56,5.60,5.43,5.53,12902529,76319752.00
2014/06/24,5.48,5.55,5.43,5.49,10981904,64614068.00
2014/06/25,5.45,5.51,5.25,5.30,12108547,69431136.00
2014/06/26,5.33,5.45,5.29,5.45,10008612,58032060.00
2014/06/27,5.45,6.04,5.39,5.71,28779129,178523088.00
2014/06/30,5.73,5.78,5.52,5.64,13818029,83291856.00
2014/07/01,5.62,5.91,5.57,5.87,19298697,118750208.00
2014/07/02,5.82,5.83,5.66,5.77,12675805,77985088.00
2014/07/03,5.73,6.00,5.68,5.91,16331212,102505600.00
2014/07/04,5.90,5.95,5.75,5.78,9444385,58845908.00
2014/07/07,5.73,5.80,5.67,5.77,7674006,47002340.00
2014/07/08,5.74,5.88,5.67,5.84,7923201,48932540.00
2014/07/09,5.82,5.93,5.68,5.69,8652245,53604404.00
2014/07/10,5.73,5.77,5.67,5.69,4994430,30538086.00
2014/07/11,5.69,6.05,5.68,5.88,13494925,85123872.00
2014/07/14,5.88,6.13,5.86,6.09,16526100,106384824.00
2014/07/15,6.09,6.10,5.92,5.98,8759940,56040992.00
2014/07/16,5.97,6.25,5.94,5.99,8379049,54134344.00
2014/07/17,5.98,6.06,5.82,5.88,5417602,34104608.00
2014/07/18,5.86,6.01,5.80,5.90,5205644,32933684.00
2014/07/21,5.90,5.93,5.76,5.76,4997531,31066606.00
2014/07/22,5.71,5.98,5.70,5.92,6826744,42926084.00
2014/07/23,5.91,5.96,5.80,5.84,5520211,34632404.00
2014/07/24,5.81,5.90,5.70,5.77,5848366,36184628.00
2014/07/25,5.74,5.87,5.67,5.71,8740527,53589808.00
2014/07/28,5.70,5.82,5.69,5.79,5986569,36818204.00
2014/07/29,5.83,6.08,5.78,6.00,10113553,64223064.00
2014/07/30,5.98,6.05,5.90,5.96,6370571,40550876.00
2014/07/31,5.96,6.02,5.90,6.00,6203265,39541064.00
2014/08/01,5.98,6.16,5.96,5.98,11782470,76151632.00
2014/08/04,5.98,6.05,5.96,6.03,5972182,38282800.00
2014/08/05,6.03,6.06,5.96,6.05,4903329,31364426.00
2014/08/06,6.04,6.15,5.96,6.14,9610985,62250844.00
2014/08/07,6.13,6.16,5.96,5.97,8055871,52112096.00
2014/08/08,5.95,6.01,5.87,5.96,6296542,39923584.00
2014/08/11,5.97,6.05,5.91,6.04,4791196,30690906.00
2014/08/12,6.04,6.31,6.00,6.28,15133753,99483696.00
2014/08/13,6.26,6.36,6.15,6.30,11335269,75436496.00
2014/08/14,6.30,6.34,6.16,6.18,7733966,51543364.00
2014/08/15,6.18,6.39,6.14,6.35,8657481,57920012.00
2014/08/18,6.42,6.60,6.35,6.40,14705938,100855016.00
2014/08/19,6.38,6.56,6.30,6.38,8899257,60543212.00
2014/08/20,6.35,6.40,6.21,6.26,9798150,65770344.00
2014/08/21,6.23,6.33,6.16,6.26,7628383,50570376.00
2014/08/22,6.27,6.31,6.16,6.28,6556911,43536324.00
2014/08/25,6.29,6.30,6.18,6.21,4677725,30990650.00
2014/08/26,6.19,6.20,5.95,5.98,7605731,49243928.00
2014/08/27,5.99,6.03,5.94,5.98,3894381,24859924.00
2014/08/28,5.96,5.99,5.83,5.91,5124381,32303390.00
2014/08/29,5.92,6.13,5.90,6.13,5483079,35106900.00
2014/09/01,6.12,6.25,6.08,6.20,4739932,31233604.00
2014/09/02,6.20,6.29,6.17,6.28,7055535,46824400.00
2014/09/03,6.36,6.48,6.28,6.31,12137517,82171120.00
2014/09/04,6.32,6.34,6.24,6.30,7509721,50356324.00
2014/09/05,6.31,6.34,6.24,6.34,9141337,61231200.00
2014/09/09,6.33,6.49,6.31,6.42,9843024,67050596.00
2014/09/10,6.40,6.58,6.36,6.55,17054384,118072456.00
2014/09/11,6.53,6.70,6.40,6.50,14453350,100707272.00
2014/09/12,6.50,6.56,6.43,6.54,6981564,48221712.00
2014/09/15,6.52,6.68,6.51,6.64,10887652,76134016.00
2014/09/16,6.64,6.65,6.25,6.28,14963780,102847008.00
2014/09/17,6.29,6.52,6.23,6.47,9114627,61689744.00
2014/09/18,6.46,6.64,6.45,6.51,10436151,72406672.00
2014/09/19,6.53,6.68,6.41,6.63,12832393,89387496.00
2014/09/22,6.68,6.85,6.59,6.68,17302540,123236608.00
2014/09/23,6.71,7.00,6.68,7.00,16425333,118826960.00
2014/09/24,6.99,7.05,6.85,6.98,14524470,106726304.00
2014/09/25,6.98,7.23,6.91,6.94,17649655,131502496.00
2014/09/26,6.89,6.98,6.76,6.87,10479422,76121168.00
2014/09/29,6.87,7.03,6.83,6.97,13488002,98709712.00
2014/09/30,6.96,7.11,6.95,7.05,9307675,69225384.00
2014/10/08,7.04,7.25,7.00,7.25,13228222,99711080.00
2014/10/09,7.24,7.30,7.00,7.12,14139840,106502368.00
2014/10/10,7.13,7.20,6.97,7.04,14149838,105449152.00
2014/10/13,7.07,7.14,6.90,7.14,10347380,76974304.00
2014/10/14,7.09,7.15,6.97,6.99,8715760,64977180.00
2014/10/15,7.00,7.17,6.88,7.15,12277681,91247768.00
2014/10/16,7.10,7.22,6.99,6.99,10626663,79993104.00
2014/10/17,6.98,7.03,6.61,6.81,10048795,72578656.00
2014/10/20,6.85,6.88,6.78,6.86,6452692,46664520.00
2014/10/21,6.84,6.90,6.75,6.83,6546297,47196316.00
2014/10/22,6.83,6.88,6.62,6.64,8237480,59080592.00
2014/10/23,6.61,6.68,6.50,6.54,6245795,43567560.00
2014/10/24,6.54,6.59,6.50,6.54,3461224,24042016.00
2014/10/27,6.53,6.66,6.46,6.64,4073030,28453226.00
2014/10/28,6.67,6.80,6.65,6.79,5048162,36043472.00
2014/10/29,6.98,7.08,6.87,6.95,12860191,94787376.00
2014/10/30,6.95,7.26,6.90,7.16,15484553,116477104.00
2014/10/31,7.19,7.27,6.99,7.10,11144916,83399568.00
2014/11/03,7.12,7.21,7.02,7.17,9292296,69820584.00
2014/11/04,7.15,7.21,7.00,7.02,7295145,54723556.00
2014/11/05,7.00,7.02,6.92,6.95,5768601,42489584.00
2014/11/06,6.95,7.16,6.93,7.10,7425655,55278036.00
2014/11/07,7.10,7.24,6.87,6.92,12211219,91664376.00
2014/11/10,6.93,6.99,6.88,6.97,6324464,46367280.00
2014/11/11,6.97,6.97,6.58,6.70,9912121,70889904.00
2014/11/12,6.66,6.81,6.63,6.80,3855111,27485726.00
2014/11/13,6.82,6.82,6.51,6.52,8560687,60109616.00
2014/11/14,6.49,6.66,6.48,6.60,5291838,36954724.00
2014/11/17,6.59,6.75,6.58,6.68,4172490,29571364.00
2014/11/18,6.67,6.77,6.64,6.77,5472734,38959340.00
2014/11/19,6.78,6.88,6.77,6.84,5310328,38355588.00
2014/11/20,6.84,6.84,6.73,6.75,3609313,25903032.00
2014/11/21,6.78,6.93,6.75,6.85,4931267,35741256.00
2014/11/24,6.92,6.97,6.83,6.88,7570191,55207436.00
2014/11/25,6.90,7.05,6.87,6.99,8504579,62780580.00
2014/11/26,7.03,7.15,6.94,7.10,9673881,71898408.00
2014/11/27,7.07,7.55,7.01,7.38,21455716,165607088.00
2014/11/28,7.36,7.45,7.20,7.29,12166208,93710680.00
2014/12/01,7.29,7.44,7.21,7.43,9791990,75655584.00
2014/12/02,7.43,7.66,7.41,7.48,10828194,85831288.00
2014/12/03,7.44,7.54,7.25,7.50,12708758,98671232.00
2014/12/04,7.50,7.95,7.43,7.73,18428120,150463552.00
2014/12/05,7.69,7.70,7.23,7.34,14671598,115326048.00
2014/12/08,7.34,7.34,7.17,7.21,10483500,79889064.00
2014/12/09,7.16,7.17,6.90,6.90,10648804,79366880.00
2014/12/10,6.89,7.17,6.86,7.10,5930094,44144644.00
2014/12/11,7.05,7.22,7.04,7.19,6421198,48447536.00
2014/12/12,7.19,7.30,7.18,7.26,4586486,35025616.00
2014/12/15,7.35,7.42,7.19,7.42,6518552,50474368.00
2014/12/16,7.47,7.53,7.29,7.42,6593162,51336156.00
2014/12/17,7.37,7.38,7.09,7.32,8873832,67701152.00
2014/12/18,7.30,7.38,7.12,7.13,6433215,49345652.00
2014/12/19,7.09,7.14,6.85,6.94,6579388,48560736.00
2014/12/22,7.03,7.03,6.50,6.57,9681572,68762328.00
2014/12/23,6.58,6.76,6.48,6.52,4878816,34316080.00
2014/12/24,6.57,6.76,6.54,6.71,5131246,36255572.00
2014/12/25,6.75,6.87,6.71,6.79,3686379,26408460.00
2014/12/26,6.82,6.82,6.68,6.72,4557721,32417050.00
2014/12/29,6.73,6.74,6.44,6.49,6353035,43937900.00
2014/12/30,6.49,6.58,6.32,6.33,4248095,29060736.00
2014/12/31,6.31,6.40,6.24,6.38,4315231,29054268.00
2015/01/05,6.38,6.49,6.29,6.44,4648108,31560244.00
2015/01/06,6.43,6.65,6.34,6.62,5198095,35845736.00
2015/01/07,6.65,6.65,6.46,6.55,4579493,31732154.00
2015/01/08,6.53,6.56,6.46,6.49,3034653,20993082.00
2015/01/09,6.50,6.58,6.47,6.48,3632880,25186268.00
2015/01/12,6.45,6.45,6.21,6.28,4133061,27747348.00
2015/01/13,6.25,6.40,6.25,6.36,3364716,22684500.00
2015/01/14,6.36,6.42,6.32,6.39,3076184,20827936.00
2015/01/15,6.42,6.50,6.39,6.46,2974478,20405706.00
2015/01/16,6.48,6.56,6.42,6.55,3297916,22743450.00
2015/01/19,6.41,6.66,6.32,6.50,6247950,43324484.00
2015/01/20,6.51,6.79,6.51,6.74,6256643,44411612.00
2015/01/21,6.75,6.85,6.73,6.79,6933198,49943708.00
2015/01/22,6.81,6.87,6.73,6.80,5607479,40331404.00
2015/01/23,6.80,6.85,6.65,6.66,5065618,36066828.00
2015/01/26,6.64,6.80,6.63,6.80,5273392,37598732.00
2015/01/27,6.79,6.97,6.77,6.97,7370279,53595212.00
2015/01/28,7.00,7.05,6.89,6.90,7903270,58179764.00
2015/01/29,6.85,6.95,6.78,6.92,3994586,29109458.00
2015/01/30,6.92,7.07,6.89,6.97,6407161,47379032.00
2015/02/02,6.89,7.04,6.82,6.86,5583191,40966848.00
2015/02/03,6.83,7.00,6.83,6.95,4936379,36263564.00
2015/02/04,6.93,7.04,6.93,6.95,5776000,42626804.00
2015/02/05,6.98,7.19,6.91,7.09,10588622,79125032.00
2015/02/06,7.09,7.12,6.85,6.89,5943045,43958464.00
2015/02/09,6.82,6.92,6.73,6.77,3915232,28322416.00
2015/02/10,6.75,6.83,6.67,6.73,4431828,31567622.00
2015/02/11,6.73,6.82,6.70,6.75,4185810,30003192.00
2015/02/12,6.80,6.94,6.77,6.93,4571602,33211622.00
2015/02/13,7.00,7.04,6.95,7.01,5931745,43892416.00
2015/02/16,7.00,7.22,6.97,7.19,8551741,64552956.00
2015/02/17,7.20,7.25,7.15,7.16,6379624,48432344.00
2015/02/25,7.20,7.31,7.14,7.21,8003725,61075772.00
2015/02/26,7.20,7.42,7.17,7.34,9006434,69420216.00
2015/02/27,7.31,7.53,7.28,7.50,12783682,99781952.00
2015/03/02,7.50,7.76,7.48,7.74,19722576,158507712.00
2015/03/03,7.70,8.10,7.61,7.89,31857716,263809664.00
2015/03/04,7.81,7.97,7.79,7.89,15724009,130387768.00
2015/03/05,7.89,7.94,7.80,7.93,9980023,82485424.00
2015/03/06,7.92,7.92,7.58,7.59,14167061,114670840.00
2015/03/09,7.50,7.79,7.42,7.73,7631412,61315732.00
2015/03/10,7.68,7.88,7.68,7.78,6865676,56432808.00
2015/03/11,7.78,7.87,7.69,7.87,8215919,67294432.00
2015/03/12,7.88,7.93,7.77,7.81,7994053,66021784.00
2015/03/13,7.85,7.90,7.70,7.86,6436909,52815260.00
2015/03/16,7.91,8.19,7.91,8.19,13502675,114459752.00
2015/03/17,8.19,8.25,8.01,8.11,12184253,103969896.00
2015/03/18,8.15,8.32,8.04,8.28,13793894,118478696.00
2015/03/19,8.23,8.36,8.15,8.24,12094701,104374056.00
2015/03/20,8.24,8.39,8.21,8.37,14459207,125569704.00
2015/03/23,8.43,9.08,8.43,8.83,22815921,209694816.00
2015/03/24,8.89,9.22,8.56,9.22,29595269,274790784.00
2015/03/25,9.15,9.25,8.98,9.14,19068376,180941712.00
2015/03/26,9.03,9.15,8.84,9.00,16628018,156186896.00
2015/03/27,9.01,9.10,8.83,9.09,11357204,106439312.00
2015/03/30,9.06,9.48,9.02,9.21,14253490,136806896.00
2015/03/31,9.25,9.58,9.07,9.30,19938294,194332944.00
2015/04/01,9.28,9.74,9.20,9.55,21888615,216727008.00
2015/04/02,9.58,9.67,9.40,9.59,14295348,141962864.00
2015/04/03,9.52,9.93,9.47,9.89,20409535,206911888.00
2015/04/07,9.90,10.09,9.79,10.03,16368831,169785568.00
2015/04/08,10.04,10.13,9.60,9.77,21715331,222224544.00
2015/04/09,9.75,9.75,9.00,9.26,20733758,201558784.00
2015/04/10,9.26,9.55,9.08,9.47,13799683,135540192.00
2015/04/13,9.55,9.88,9.49,9.76,16579064,168141872.00
2015/04/14,9.74,9.80,9.50,9.59,15152451,151917728.00
2015/04/15,9.49,9.58,9.16,9.17,14481710,141089872.00
2015/04/16,9.14,9.35,8.92,9.21,10844904,103538192.00
2015/04/17,9.27,9.39,9.06,9.13,15716572,150291712.00
2015/04/20,9.08,9.18,8.69,8.69,15296235,143070800.00
2015/04/21,8.70,9.07,8.70,9.04,9489367,88770624.00
2015/04/22,9.08,9.50,9.08,9.44,17201406,167361472.00
2015/04/23,9.53,9.58,9.40,9.56,16075777,159033728.00
2015/04/24,9.45,9.93,9.35,9.84,26479043,267201008.00
2015/04/27,9.76,9.94,9.51,9.61,21890128,220520832.00
2015/04/28,9.59,9.67,8.85,9.00,16273325,156494640.00
2015/04/29,9.00,9.28,8.91,9.25,11132550,105751880.00
2015/04/30,9.25,9.68,9.15,9.37,15135211,149548976.00
2015/05/04,9.40,9.62,9.18,9.55,14315998,140719504.00
2015/05/05,9.48,9.51,9.03,9.08,11357836,109993600.00
2015/05/06,9.13,9.31,8.75,8.80,9728035,92748088.00
2015/05/07,8.72,8.85,8.40,8.40,10228667,91915232.00
2015/05/08,8.56,8.84,8.43,8.83,11973715,107668776.00
2015/05/11,8.90,9.19,8.80,9.12,15175865,142187104.00
2015/05/12,9.11,9.39,9.02,9.34,18997522,182630288.00
2015/05/13,9.25,9.80,9.20,9.65,26589540,265229872.00
2015/05/14,9.67,9.93,9.45,9.87,26420588,267651744.00
2015/05/15,9.95,10.14,9.69,10.01,27647383,284087872.00
2015/05/18,9.98,10.92,9.88,10.62,25760750,280158528.00
2015/05/19,10.58,10.77,10.38,10.67,19907523,217559792.00
2015/05/20,10.69,11.68,10.69,11.01,27101070,311323968.00
2015/05/21,11.01,12.08,10.86,11.98,27822333,327385472.00
2015/05/22,12.55,12.55,11.43,11.82,27518563,334497248.00
2015/05/25,11.61,12.08,11.44,11.90,23024659,280266176.00
2015/05/26,11.96,12.45,11.81,12.39,25195000,315541664.00
2015/05/27,12.40,12.66,11.94,12.24,23536263,296175232.00
2015/05/28,12.29,13.50,12.13,12.33,40206572,530308288.00
2015/05/29,12.34,13.60,11.48,13.60,47602338,639148032.00
2015/07/14,12.21,12.21,12.21,12.21,1505500,18863916.00
2015/07/15,10.96,10.96,10.96,10.96,236300,2665464.00
2015/07/16,9.83,10.56,9.83,9.83,84345333,863749312.00
2015/07/17,9.18,10.13,8.98,9.79,66399154,654098816.00
2015/07/20,9.58,9.80,9.18,9.33,41631949,408153696.00
2015/07/21,9.18,9.68,9.00,9.55,31095517,303914048.00
2015/07/22,9.55,10.03,9.53,9.85,34365379,347322080.00
2015/07/23,10.00,10.39,9.63,10.37,37995009,390168672.00
2015/07/24,10.81,11.36,10.18,10.83,49006689,551375552.00
2015/07/27,10.46,11.10,9.72,9.72,28745841,309908224.00
2015/07/28,8.75,9.61,8.72,8.72,32627831,298760800.00
2015/07/29,8.90,9.06,7.88,9.04,28664835,253969264.00
2015/07/30,8.82,8.93,8.28,8.28,20133059,182063184.00
2015/07/31,8.01,8.78,7.93,8.27,17771127,154943632.00
2015/08/03,8.24,8.47,7.48,7.60,16178216,133487960.00
2015/08/04,7.68,8.15,7.60,8.12,16769854,137491136.00
2015/08/05,8.09,8.25,7.76,7.93,15479419,129373472.00
2015/08/06,7.93,8.48,7.78,8.36,22385620,191965728.00
2015/08/07,8.63,9.13,8.38,9.06,31085666,283571616.00
2015/08/10,9.06,9.56,8.78,9.41,28939901,274623712.00
2015/08/11,9.52,9.84,9.12,9.52,24274259,237785008.00
2015/08/12,9.46,9.64,9.19,9.51,15904182,154901344.00
2015/08/13,9.48,9.92,9.36,9.85,18887873,187594416.00
2015/08/14,9.88,10.78,9.70,10.61,22626119,236355840.00
2015/08/24,9.52,9.52,9.52,9.52,690800,6797472.00
2015/08/25,8.54,8.54,8.54,8.54,305300,2704958.00
2015/08/26,7.65,8.38,7.65,7.65,32905519,266087920.00
2015/08/27,7.62,7.86,6.85,7.05,23779718,180042224.00
2015/08/28,7.25,7.79,7.14,7.79,19677631,156761872.00
2015/08/31,7.79,8.17,7.58,7.58,20248576,165736128.00
2015/09/01,7.45,7.46,6.79,6.79,15174774,109512360.00
2015/09/02,6.10,6.94,6.08,6.08,14725825,97198216.00
2015/09/07,6.27,6.59,5.88,6.04,11984088,78902896.00
2015/09/08,6.06,6.49,5.96,6.46,8592486,56356344.00
2015/09/09,6.53,6.89,6.49,6.87,12744924,90145952.00
2015/09/10,6.70,7.06,6.68,6.88,9523599,68508480.00
2015/09/11,6.87,6.97,6.61,6.80,7842899,55576536.00
2015/09/14,6.83,6.99,6.09,6.09,9334740,63749096.00
2015/09/15,5.95,6.08,5.45,5.46,8608442,51846184.00
2015/09/16,5.18,6.04,5.18,6.00,10448842,62384256.00
2015/09/17,5.90,6.43,5.84,5.92,11145643,71938288.00
2015/09/18,5.98,6.43,5.92,6.21,9635691,62743744.00
2015/09/21,6.11,6.86,5.96,6.86,12426953,85886416.00
2015/09/22,6.74,7.13,6.73,6.79,10211681,73829992.00
2015/09/23,6.68,7.13,6.63,6.88,10271250,74704000.00
2015/09/24,6.90,7.60,6.90,7.60,15301679,117472736.00
2015/09/25,7.58,7.58,6.88,7.08,10838956,81434312.00
2015/09/28,7.06,7.47,7.06,7.37,4885080,37106248.00
2015/09/29,7.33,7.33,7.06,7.13,6297243,47174672.00
2015/09/30,7.22,7.38,6.91,7.29,12295585,91723256.00
2015/10/08,7.58,7.80,7.45,7.67,13787678,109530152.00
2015/10/09,7.66,7.93,7.56,7.83,9326708,75323592.00
2015/10/12,7.88,8.64,7.88,8.25,11398668,99170928.00
2015/10/13,8.26,9.11,8.26,8.75,16336736,149481296.00
2015/10/14,8.66,8.73,8.23,8.26,11954316,105179368.00
2015/10/15,8.17,8.61,8.17,8.57,7619516,67263232.00
2015/10/16,8.62,9.03,8.54,8.68,11397554,103406016.00
2015/10/19,8.88,9.58,8.54,9.03,14994377,141132608.00
2015/10/20,9.00,9.49,8.73,9.08,14443501,134687664.00
2015/10/21,8.98,9.03,8.14,8.14,16847098,148472816.00
2015/10/22,8.13,8.33,7.79,8.18,19887425,166417440.00
2015/10/23,8.18,8.77,8.18,8.46,15394489,133901904.00
2015/10/26,8.53,8.72,8.24,8.42,15617082,136751168.00
2015/10/27,8.46,9.29,8.28,9.29,24856811,226495264.00
2015/10/28,10.25,10.25,10.13,10.25,47961495,506738592.00
2015/10/29,10.91,11.31,10.16,11.31,44660553,495893216.00
2015/10/30,11.27,12.47,10.98,12.12,60213537,746365440.00
2015/11/02,10.88,12.60,10.88,11.66,60499950,711038528.00
2015/11/03,11.62,12.86,11.19,12.86,51294203,664459392.00
2015/11/04,13.49,13.68,11.68,13.48,53398428,706781248.00
2015/11/05,13.18,14.86,13.18,13.88,42828916,625740928.00
2015/11/06,13.61,15.24,13.38,14.73,42900602,623166912.00
2015/11/09,14.46,15.59,14.13,14.88,33091511,500178720.00
2015/11/10,14.62,15.13,14.29,14.37,22030680,329112832.00
2015/11/11,14.39,14.68,13.97,14.48,24877258,362397216.00
2015/11/12,14.68,15.96,14.68,15.96,34483959,553908160.00
2015/11/13,16.05,17.52,15.74,16.86,28503680,480522048.00
2015/11/16,16.24,17.12,15.87,16.73,16598606,280350720.00
2015/11/17,16.78,16.97,15.11,15.46,29071148,474278080.00
2015/11/18,14.78,15.37,13.98,14.68,33642316,503809984.00
2015/11/19,14.63,15.91,14.30,15.67,28482806,441047712.00
2015/11/20,15.57,16.90,15.24,16.44,33679186,559844480.00
2015/11/23,16.13,17.08,15.18,15.65,28166144,460396352.00
2015/11/24,15.58,16.26,15.29,16.16,16733117,271134976.00
2015/11/25,16.44,16.66,15.89,16.48,15695921,259587104.00
2015/11/26,16.49,18.05,16.09,17.21,23500356,410544736.00
2015/11/27,17.48,18.47,15.88,17.26,26926182,477598048.00
2015/11/30,16.88,18.56,16.74,18.46,29511931,533760032.00
2015/12/01,18.68,19.48,18.03,18.43,20780879,397847328.00
2015/12/02,18.16,19.45,17.28,19.18,29331191,558794048.00
2015/12/03,19.48,21.13,19.04,21.13,23387320,482490144.00
2015/12/04,21.78,22.18,20.78,21.61,24359658,532881952.00
2015/12/07,21.38,22.88,21.03,22.30,24955203,560497472.00
2015/12/08,21.96,22.05,21.18,21.34,23257589,509868288.00
2015/12/09,20.68,22.68,20.48,22.43,18813970,416089856.00
2015/12/10,22.16,22.95,21.58,21.58,15040464,337280768.00
2015/12/11,21.59,21.80,19.88,20.02,16631431,348275680.00
2015/12/14,20.18,20.88,19.20,20.68,14473213,291082048.00
2015/12/15,20.68,21.04,19.93,20.28,16272234,336795680.00
2015/12/16,20.68,20.97,20.04,20.45,16233747,339280256.00
2015/12/17,20.48,21.00,20.27,20.68,14627096,306609728.00
2015/12/18,20.87,22.34,20.18,21.53,21087427,451683488.00
2015/12/21,21.78,22.18,20.67,20.84,18619830,402314848.00
2015/12/22,20.86,21.08,20.29,20.73,10992571,229173056.00
2015/12/23,20.48,22.84,20.48,22.84,29491363,668030720.00
2015/12/24,23.02,23.76,22.18,23.56,19451425,455827808.00
2015/12/25,23.56,23.66,22.54,23.46,13874322,324156768.00
2015/12/28,23.29,23.77,21.08,21.08,24502258,554502784.00
2015/12/29,20.18,20.68,18.94,19.87,44760921,880564352.00
2015/12/30,19.28,19.81,18.93,19.40,19074155,375889152.00
2015/12/31,19.08,19.93,18.09,18.58,18153561,350817088.00
2016/01/04,18.39,19.18,16.73,16.96,16039863,300450944.00
2016/01/05,16.32,17.68,16.08,17.47,18724006,324156448.00
2016/01/06,17.38,17.99,17.18,17.78,13986786,250899840.00
2016/01/07,17.59,17.59,15.97,15.97,3684000,61801856.00
2016/01/08,16.68,16.71,14.50,14.97,21127131,333259008.00
2016/01/11,14.18,14.62,13.44,13.44,14812049,207948352.00
2016/01/12,13.55,13.82,12.38,13.42,21895695,293662656.00
2016/01/13,13.48,13.51,12.58,12.63,14112869,189255328.00
2016/01/14,11.85,13.93,11.85,13.91,20387300,274261920.00
2016/01/15,13.68,14.18,12.56,13.28,14956222,208281296.00
2016/01/18,12.53,14.63,12.53,14.05,15133247,213886016.00
2016/01/19,14.13,14.88,13.97,14.76,14630128,216335984.00
2016/01/20,14.80,14.80,14.08,14.21,13311263,196234592.00
2016/01/21,13.85,14.36,12.83,13.22,13407794,187721280.00
2016/01/22,13.31,13.53,12.68,13.06,11311078,151679904.00
2016/01/25,13.18,13.37,12.34,12.61,14846205,196003520.00
2016/01/26,12.58,12.58,11.32,11.32,13892377,168530496.00
2016/01/27,11.08,11.33,10.16,10.73,27488709,294976192.00
2016/01/28,10.55,10.64,9.63,9.78,21005139,220583600.00
2016/01/29,9.68,10.79,9.64,10.79,21780648,233303120.00
2016/02/01,10.88,11.18,10.38,10.77,20507279,227064432.00
2016/02/02,10.70,11.53,10.70,11.13,19628101,225427232.00
2016/02/03,10.94,11.67,10.67,11.51,19147573,220128752.00
2016/02/04,11.51,12.39,11.40,12.12,18804764,231981904.00
2016/02/05,12.18,12.83,12.10,12.48,18588217,238882512.00
2016/02/15,11.72,12.66,11.39,12.35,14172946,174063392.00
2016/02/16,12.44,13.06,12.44,12.58,17920052,233582160.00
2016/02/17,12.68,13.61,12.60,13.45,21642694,292123904.00
2016/02/18,13.51,13.60,12.76,12.86,20981163,279863264.00
2016/02/19,12.72,13.08,12.63,12.88,13223563,174642992.00
2016/02/22,12.98,13.22,12.57,12.84,17494778,231433216.00
2016/02/23,12.88,12.96,12.38,12.58,13531442,175929248.00
2016/02/24,12.46,12.67,11.68,12.09,15913103,197585456.00
2016/02/25,12.28,12.33,10.85,10.85,15972148,188716048.00
2016/02/26,10.85,11.07,10.01,10.21,23483421,252033920.00
2016/02/29,10.03,10.21,9.16,9.16,18612413,180200048.00
2016/03/01,9.16,9.64,8.78,9.53,21399447,204534400.00
2016/03/02,9.56,10.52,9.43,10.52,23444300,243528464.00
2016/03/03,10.77,11.03,10.33,10.33,17330928,191161568.00
2016/03/04,10.20,10.73,9.68,10.10,18095163,191636928.00
2016/03/07,10.21,10.69,10.09,10.32,12426737,133045536.00
2016/03/08,10.16,10.75,9.64,10.65,18823856,197297504.00
2016/03/09,10.45,11.05,10.23,10.71,18842577,209996336.00
2016/03/10,10.77,10.97,10.47,10.68,11421993,126833424.00
2016/03/11,10.40,10.88,10.26,10.83,8203903,90471432.00
2016/03/14,11.01,11.88,11.00,11.58,14257578,168412176.00
2016/03/15,11.48,11.93,11.20,11.55,12589403,149761120.00
2016/03/16,11.66,11.95,11.53,11.57,13039048,157438576.00
2016/03/17,11.67,12.55,11.50,12.47,15200068,187891776.00
2016/03/18,12.31,13.17,12.30,12.69,17015362,223524672.00
2016/03/21,12.73,12.93,12.38,12.84,14584713,189364128.00
2016/03/22,12.68,12.75,12.40,12.56,10386987,133863320.00
2016/03/23,12.53,12.63,12.18,12.54,11062230,140233744.00
2016/03/24,12.34,12.56,12.18,12.24,8193062,103936512.00
2016/03/25,12.31,12.35,11.68,12.06,8218640,101559360.00
2016/03/28,12.20,12.48,11.96,12.12,8988302,113397664.00
2016/03/29,12.18,12.25,11.64,11.68,6865097,83278928.00
2016/03/30,11.89,12.30,11.82,12.30,9018128,111386840.00
2016/03/31,12.38,13.13,12.20,13.01,22195476,289525664.00
2016/04/01,13.06,13.08,12.60,12.77,13546790,178242192.00
2016/04/05,12.77,13.54,12.68,13.36,15274645,205166304.00
2016/04/06,13.37,14.18,13.22,13.99,17234870,243616672.00
2016/04/07,14.00,14.02,13.15,13.16,12939353,180153120.00
2016/04/08,12.93,13.07,12.38,12.76,11501056,149974480.00
2016/04/11,13.00,13.77,12.88,13.61,16538126,228368416.00
2016/04/12,13.59,13.59,13.03,13.49,9753127,133102520.00
2016/04/13,13.48,14.34,13.48,13.70,18435337,263883552.00
2016/04/14,13.74,13.95,13.44,13.78,10437053,145796320.00
2016/04/15,13.80,13.88,13.54,13.85,7761907,109008784.00
2016/04/18,13.67,14.00,13.43,13.85,9567559,134663248.00
2016/04/19,13.85,13.91,13.23,13.36,11140439,153527888.00
2016/04/20,13.47,13.51,11.99,11.99,15655642,200071088.00
2016/04/21,11.93,12.14,11.67,11.72,8679416,106205880.00
2016/04/22,11.38,12.01,11.06,12.01,14701480,173646912.00
2016/04/25,11.98,11.98,11.49,11.64,6717825,80592152.00
2016/04/26,11.76,11.89,11.59,11.89,6612762,79951272.00
2016/04/27,11.94,12.39,11.94,12.19,10030322,125917744.00
2016/04/28,12.19,12.19,11.61,11.92,7816704,95263552.00
2016/04/29,11.92,12.12,11.73,11.86,5487583,67221752.00
2016/05/03,11.91,12.48,11.64,12.36,14298805,176502784.00
2016/05/04,12.34,12.34,12.05,12.11,9820068,122745352.00
2016/05/05,12.06,12.32,12.00,12.28,8052884,100658000.00
2016/05/06,12.36,12.36,11.56,11.56,11502153,140950544.00
2016/05/09,11.44,11.44,10.68,10.77,8956775,100336504.00
2016/05/10,10.77,10.88,10.66,10.73,4023860,44618176.00
2016/05/11,10.83,10.89,10.38,10.38,8150909,88594376.00
2016/05/12,10.18,10.66,9.67,10.54,8806207,92842008.00
2016/05/13,10.50,10.68,10.40,10.55,6291448,68510728.00
2016/05/16,10.41,11.64,10.39,11.44,10997975,125780224.00
2016/05/17,11.33,11.99,11.24,11.62,18158150,218955824.00
2016/05/18,11.39,11.46,10.76,10.94,8912381,101507640.00
2016/05/19,10.96,11.40,10.86,11.02,6397291,73368536.00
2016/05/20,10.88,11.30,10.70,11.08,5138206,58322848.00
2016/05/23,11.44,12.22,11.28,12.22,19412215,238443520.00
2016/05/24,12.48,13.05,12.22,12.57,31427766,407086560.00
2016/05/25,12.40,12.56,11.88,12.26,27930493,350480064.00
2016/05/26,12.07,12.15,11.23,11.80,26779701,319463776.00
2016/05/27,11.56,11.88,11.34,11.61,17568473,209846320.00
2016/05/30,11.43,11.96,11.28,11.67,14770493,177831680.00
2016/05/31,11.68,12.16,11.66,12.16,17172837,211369136.00
2016/06/01,12.13,12.83,12.12,12.40,25106228,321860192.00
2016/06/02,12.38,13.26,12.33,13.17,35082568,462076480.00
2016/06/03,13.06,13.24,12.77,12.92,30989233,409724000.00
2016/06/06,14.24,14.24,14.24,14.24,3815918,55254492.00
2016/06/07,15.69,15.69,15.48,15.69,74980000,1194209024.00
2016/06/08,15.76,17.28,15.64,16.68,138470980,2287522816.00
2016/06/13,15.91,16.07,14.99,14.99,88427359,1396768384.00
2016/06/14,14.47,14.52,13.86,14.13,56937060,820666752.00
2016/06/15,13.98,15.15,13.98,14.79,80579143,1201029504.00
2016/06/16,14.58,15.64,14.51,15.27,79841388,1222157440.00
2016/06/17,15.16,15.27,13.92,14.40,67654475,1007075328.00
2016/06/20,14.46,14.99,14.10,14.99,51222605,766999104.00
2016/06/21,15.12,15.36,14.16,14.36,49410179,740694912.00
2016/06/22,14.46,14.74,14.24,14.70,31862589,469661728.00
2016/06/23,14.71,14.71,14.06,14.32,28835591,420091776.00
2016/06/24,14.36,14.51,13.19,13.76,43089007,609244160.00
2016/06/27,13.56,14.11,13.46,13.98,35456749,499752672.00
2016/06/28,13.78,14.44,13.64,14.41,51135469,727084608.00
2016/06/29,14.31,14.65,14.15,14.22,42130411,614806080.00
2016/06/30,14.24,14.32,13.79,14.04,30656507,437095168.00
2016/07/01,14.05,14.34,13.90,14.04,26111134,374948832.00
2016/07/04,13.79,14.28,13.77,14.13,24488213,350996800.00
2016/07/05,14.16,14.51,13.96,14.39,41397069,601553280.00
2016/07/06,14.33,14.54,14.11,14.17,33120905,481197920.00
2016/07/07,14.08,14.35,13.80,14.24,38105769,545863936.00
2016/07/08,14.11,14.36,13.94,14.15,27023427,389313504.00
2016/07/11,14.11,14.22,13.66,13.75,25906645,367467520.00
2016/07/12,13.72,13.98,13.29,13.88,26107110,361504256.00
2016/07/13,13.96,14.01,13.76,13.86,18435796,259895344.00
2016/07/14,13.84,13.85,13.59,13.66,19048169,265355872.00
2016/07/15,13.65,13.81,13.51,13.61,14377778,199593104.00
2016/07/18,13.56,13.58,13.16,13.19,17756977,240714512.00
2016/07/19,13.19,13.59,13.19,13.50,17295902,236646576.00
2016/07/20,13.52,13.59,13.36,13.41,11822491,162000208.00
2016/07/21,13.41,13.54,13.33,13.48,11797251,161495696.00
2016/07/22,13.48,13.50,13.17,13.23,13440292,182346848.00
2016/07/25,13.16,13.33,13.01,13.06,12392222,166241552.00
2016/07/26,13.12,13.69,13.01,13.61,23751556,324025536.00
2016/07/27,13.59,13.64,12.26,12.72,25903004,343453600.00
2016/07/28,12.71,12.84,11.86,12.06,20971779,262120784.00
2016/07/29,12.06,12.24,11.97,12.11,10962106,135613392.00
2016/08/01,12.05,12.05,11.37,11.48,16318729,192556480.00
2016/08/02,11.48,11.61,11.41,11.50,9895399,116155368.00
2016/08/03,11.50,11.59,11.38,11.59,11284752,132467368.00
2016/08/04,11.56,11.93,11.44,11.83,15147917,181549680.00
2016/08/05,11.78,11.81,11.58,11.60,8913803,106091440.00
2016/08/08,11.56,11.72,11.30,11.72,8823444,104164160.00
2016/08/09,11.59,12.03,11.59,11.98,13572207,165099488.00
2016/08/10,12.07,12.13,11.87,11.88,9232915,112741048.00
2016/08/11,11.84,11.88,11.59,11.61,7479600,89429784.00
2016/08/12,11.54,11.79,11.54,11.72,7708441,91705320.00
2016/08/15,11.67,12.18,11.57,12.03,15127006,184360256.00
2016/08/16,12.04,12.21,11.97,12.03,11900512,146930272.00
2016/08/17,12.05,12.21,11.96,12.16,10564588,130267040.00
2016/08/18,12.15,12.31,12.06,12.15,10822647,134260624.00
2016/08/19,12.08,12.13,11.86,12.09,10995933,134411136.00
2016/08/22,12.09,12.15,11.78,11.79,7887350,96024464.00
2016/08/23,11.80,11.89,11.61,11.71,7611636,91252512.00
2016/08/24,11.70,11.80,11.61,11.66,8092464,96585088.00
2016/08/25,11.56,11.63,11.33,11.45,12073728,140490864.00
2016/08/26,11.46,11.65,11.34,11.46,9689296,113980592.00
2016/08/29,11.45,11.61,11.41,11.59,10344082,121702880.00
2016/08/30,11.60,11.74,11.57,11.63,9512676,113092976.00
2016/08/31,11.65,11.65,11.44,11.56,8480864,99625456.00
2016/09/01,11.56,12.16,11.43,11.83,25546463,308999424.00
2016/09/02,11.79,12.05,11.71,11.98,17774020,215757392.00
2016/09/05,12.05,12.14,11.79,11.85,12720123,154866176.00
2016/09/06,11.85,11.95,11.46,11.95,13510191,161921712.00
2016/09/07,11.95,12.01,11.84,11.84,11292124,137400800.00
2016/09/08,11.85,12.16,11.85,12.15,19195659,236284128.00
2016/09/09,12.13,12.39,11.99,12.29,28126003,350689600.00
2016/09/12,12.01,12.25,11.92,12.02,17247825,212372640.00
2016/09/13,12.15,12.64,11.97,12.61,25019562,314280352.00
2016/09/14,12.46,12.93,12.33,12.50,27111747,349528640.00
2016/09/19,12.64,12.85,12.44,12.62,16299157,209324016.00
2016/09/20,12.57,12.84,12.40,12.81,20610905,266185568.00
2016/09/21,12.83,12.83,12.61,12.64,13984616,181022800.00
2016/09/22,12.74,12.79,12.41,12.42,15302118,195443408.00
2016/09/23,12.42,12.55,12.28,12.30,11369828,144067552.00
2016/09/26,12.36,13.12,12.36,12.86,40967458,536156000.00
2016/09/27,12.86,12.94,12.21,12.56,20874809,268469408.00
2016/09/28,12.57,12.60,12.34,12.45,8809599,111638768.00
2016/09/29,12.49,12.56,12.31,12.39,8774808,111009288.00
2016/09/30,12.33,12.50,12.33,12.44,5228285,66201344.00
2016/10/10,12.48,12.94,12.46,12.87,15290947,198852608.00
2016/10/11,12.85,12.90,12.65,12.72,11544844,150039424.00
2016/10/12,12.68,13.05,12.60,12.99,14760668,192774016.00
2016/10/13,12.94,13.44,12.89,13.35,24772961,333712960.00
2016/10/14,13.35,13.36,13.03,13.16,10019710,134087880.00
2016/10/17,13.21,13.29,12.69,12.87,10936233,144783328.00
2016/10/18,12.84,13.25,12.77,13.23,11022540,146902832.00
2016/10/19,13.66,13.83,13.11,13.17,16272037,221502048.00
2016/10/20,13.06,13.31,13.03,13.19,8157698,109593576.00
2016/10/21,13.08,13.20,12.80,13.01,8834952,116820368.00
2016/10/24,13.09,13.13,12.96,12.97,6567155,87232488.00
2016/10/25,12.96,13.06,12.86,12.91,7302622,96078072.00
2016/10/26,12.94,13.02,12.63,13.02,9894014,129596416.00
2016/10/27,13.20,13.46,13.04,13.16,16885097,227521840.00
2016/10/28,12.91,13.50,12.78,13.30,21293141,286430880.00
2016/10/31,13.36,13.62,13.17,13.29,14120383,192716384.00
2016/11/01,13.37,14.64,13.21,14.64,53722180,777329024.00
2016/11/02,14.86,15.23,14.36,14.49,53395778,798996224.00
2016/11/03,14.50,14.67,14.26,14.56,29696750,436684608.00
2016/11/04,14.49,14.70,14.05,14.08,25882338,378533216.00
2016/11/07,13.95,14.21,13.81,14.15,17388202,247598672.00
2016/11/08,14.18,14.28,13.99,14.10,14877561,213529856.00
2016/11/09,14.10,14.20,13.58,13.89,14392891,204120288.00
2016/11/10,13.97,14.31,13.82,14.13,16924970,240888480.00
2016/11/11,14.06,14.21,13.71,13.76,19208494,271256352.00
2016/11/14,13.68,13.87,13.65,13.80,10444022,146250944.00
2016/11/15,13.92,14.31,13.77,14.16,22262185,318596480.00
2016/11/16,14.20,14.20,13.95,14.07,12252322,175397200.00
2016/11/17,14.05,14.06,13.63,13.65,13257734,185434112.00
2016/11/18,13.55,13.81,13.31,13.38,10662111,147176048.00
2016/11/21,13.38,13.72,13.14,13.69,15469326,212849504.00
2016/11/22,13.61,13.71,13.41,13.61,7204572,99409856.00
2016/11/23,13.66,13.69,13.16,13.20,10453872,142480128.00
2016/11/24,13.21,13.28,12.94,13.06,9000266,120383752.00
2016/11/25,13.03,13.14,12.56,12.98,6452926,84632920.00
2016/11/28,13.09,13.51,12.96,13.24,11609069,157336272.00
2016/11/29,13.24,13.36,12.74,12.81,8826666,117151584.00
2016/11/30,12.81,12.94,12.63,12.80,4656536,60751852.00
2016/12/01,12.84,12.93,12.66,12.85,4744347,61703916.00
2016/12/02,12.84,12.91,12.37,12.39,6219199,79986816.00
2016/12/05,12.26,12.60,12.04,12.31,5109933,64383276.00
2016/12/06,12.38,12.76,12.33,12.37,5648649,72412424.00
2016/12/07,12.39,12.61,12.39,12.54,4293793,54781068.00
2016/12/08,12.57,12.70,12.49,12.54,4393274,56382724.00
2016/12/09,12.42,12.53,12.30,12.37,4796474,60535140.00
2016/12/12,12.27,12.35,11.34,11.35,9096199,109532408.00
2016/12/13,11.35,11.49,11.09,11.38,5723364,65835684.00
2016/12/14,11.37,11.37,10.93,10.98,8729455,98585528.00
2016/12/15,10.86,11.16,10.76,11.06,7607087,85437496.00
2016/12/16,11.05,11.70,10.96,11.55,14246883,166212096.00
2016/12/19,11.49,11.77,11.33,11.39,8399818,98800144.00
2016/12/20,11.34,11.61,11.29,11.55,6133976,71929880.00
2016/12/21,11.61,11.70,11.48,11.58,4310031,50905732.00
2016/12/22,11.62,11.63,11.32,11.51,6208288,72510800.00
2016/12/23,11.45,11.57,11.16,11.18,5898632,68143352.00
2016/12/26,11.25,11.66,11.11,11.65,8224244,95914816.00
2016/12/27,11.64,12.22,11.49,11.99,15567914,190305968.00
2016/12/28,11.99,12.21,11.89,12.03,8089346,99429080.00
2016/12/29,12.06,12.18,11.92,12.09,7924342,97683112.00
2016/12/30,12.11,12.35,11.97,12.21,9172204,114323304.00
2017/01/16,12.21,12.21,10.97,11.26,25542048,298866176.00
2017/01/17,11.06,12.41,10.77,12.41,21103177,261696896.00
2017/01/18,12.74,13.04,12.16,12.38,37150818,475914976.00
2017/01/19,12.30,12.30,11.74,12.12,15155904,185973072.00
2017/01/20,11.98,12.72,11.89,12.27,16338312,206116272.00
2017/01/23,12.14,12.31,12.00,12.18,13031841,161028032.00
2017/01/24,12.16,12.19,11.88,12.11,10783742,132215568.00
2017/01/25,12.06,12.71,11.94,12.56,14766014,187415840.00
2017/01/26,12.51,12.59,12.35,12.54,7555295,96075104.00
2017/02/03,12.55,12.73,12.43,12.46,5921343,75787016.00
2017/02/06,12.48,12.56,12.31,12.43,7727501,97905984.00
2017/02/07,12.46,13.20,12.34,12.98,19980736,261152832.00
2017/02/08,12.91,13.34,12.77,13.10,15316499,203902288.00
2017/02/09,13.12,13.43,12.97,13.14,11687655,156395216.00
2017/02/10,13.18,13.19,13.01,13.03,7274330,96725320.00
2017/02/13,12.96,13.10,12.86,12.99,6773323,89775248.00
2017/02/14,12.92,13.19,12.86,12.97,5093101,67353296.00
2017/02/15,13.01,13.29,12.92,13.20,11449578,152939008.00
2017/02/16,13.20,13.26,13.02,13.17,4847636,64760704.00
2017/02/17,13.15,13.15,12.62,12.68,7953473,104333216.00
2017/02/20,12.57,12.66,11.65,12.04,20504028,252499312.00
2017/02/21,12.01,12.17,11.92,12.04,6293625,77547904.00
2017/02/22,12.05,12.63,12.04,12.42,10998081,139038032.00
2017/02/23,12.40,12.40,12.06,12.22,5166024,64216080.00
2017/02/24,12.24,12.33,12.04,12.19,3710081,46033476.00
2017/02/27,12.18,12.61,12.07,12.31,5581964,70266448.00
2017/02/28,12.21,12.47,12.15,12.31,3946460,49590356.00
2017/03/01,12.34,12.53,12.25,12.49,6730147,85110344.00
2017/03/02,12.45,12.53,12.31,12.38,9432437,119483640.00
2017/03/03,12.31,12.52,12.27,12.45,4972589,63007816.00
2017/03/06,12.41,12.91,12.37,12.80,9534700,123369504.00
2017/03/07,12.78,13.76,12.76,13.52,26786430,365290432.00
2017/03/08,13.42,13.71,13.22,13.60,12680925,173536528.00
2017/03/09,13.52,13.81,13.41,13.46,12651385,175553264.00
2017/03/10,13.50,13.81,13.26,13.63,10750977,148528256.00
2017/03/13,13.64,13.80,13.45,13.60,10987225,152317168.00
2017/03/14,13.56,13.66,13.28,13.33,8427676,115266912.00
2017/03/15,13.32,13.53,13.14,13.36,6982216,94717464.00
2017/03/16,13.39,14.53,13.33,14.17,23894236,342582528.00
2017/03/17,14.28,14.60,13.84,13.91,23504357,339962752.00
2017/03/20,13.93,15.33,13.93,15.05,52769526,805303424.00
2017/03/21,14.81,15.92,14.77,15.56,43284319,681808128.00
2017/03/22,15.26,16.11,15.18,15.38,24785931,392393152.00
2017/03/23,15.61,16.62,15.16,16.59,33169126,537988800.00
2017/03/24,16.26,16.74,15.94,16.06,23721271,391407040.00
2017/03/27,16.21,16.60,15.86,15.89,18958059,312937824.00
2017/03/28,16.10,16.21,15.66,15.93,12698755,204276960.00
2017/03/29,15.82,16.72,15.77,16.31,18619201,307251712.00
2017/03/30,16.23,16.29,15.66,16.17,11166659,180451328.00
2017/03/31,16.06,16.12,15.16,15.56,20354308,322695776.00
2017/04/05,15.51,17.14,15.51,16.99,25972034,439887296.00
2017/04/06,17.11,17.41,16.76,17.08,20178896,349801568.00
2017/04/07,16.96,17.71,16.64,17.53,17185509,298852992.00
2017/04/10,17.53,17.90,17.15,17.36,17506759,311669408.00
2017/04/11,17.36,17.91,16.66,17.57,15182931,265263456.00
2017/04/12,17.26,17.71,17.06,17.21,6675544,117984608.00
2017/04/13,17.16,18.43,17.04,18.06,12409206,225130832.00
2017/04/14,17.96,18.14,17.49,17.75,8453735,152146928.00
2017/04/17,17.71,17.98,16.98,17.51,8777178,155953088.00
2017/04/18,17.51,17.76,17.11,17.15,6530925,115282216.00
2017/04/19,16.87,17.53,16.12,17.32,10887579,185509136.00
2017/04/20,17.32,17.50,16.79,16.89,9904508,171564208.00
2017/04/21,16.87,18.23,16.87,17.63,14984789,268516768.00
2017/04/24,17.76,17.88,16.76,17.42,9656752,169916032.00
2017/04/25,17.42,17.67,17.12,17.16,6725757,118204544.00
2017/04/26,17.19,17.76,17.10,17.58,8063036,143117600.00
2017/04/27,17.44,18.75,17.16,18.32,14452260,264326976.00
2017/04/28,18.24,19.41,18.23,18.93,12961851,248602304.00
2017/05/02,18.93,19.09,18.61,19.01,6421799,122743744.00
2017/05/03,19.03,19.03,18.61,18.88,4831421,91984232.00
2017/05/04,18.86,19.18,18.56,18.74,5048445,96225424.00
2017/05/05,18.61,19.05,18.28,18.28,6968823,131205256.00
2017/05/08,18.31,18.39,17.36,17.42,8142323,148471216.00
2017/05/09,17.06,17.84,17.03,17.54,6989408,123636120.00
2017/05/10,17.54,18.61,17.52,18.07,9414501,174369792.00
2017/05/11,17.88,18.44,17.36,18.18,11287574,205220672.00
2017/05/12,18.14,18.39,17.76,18.13,4756948,87024624.00
2017/05/15,18.11,18.44,18.06,18.14,4465315,82366208.00
2017/05/16,18.16,19.64,17.89,19.51,14220531,272666816.00
2017/05/17,19.53,20.11,18.74,19.06,10792786,212443488.00
2017/05/18,19.01,19.04,17.87,18.54,18690915,347106688.00
2017/05/19,18.34,18.62,17.74,18.21,7707889,141406720.00
2017/05/22,18.04,18.36,17.92,18.04,4292065,78659504.00
2017/05/23,18.13,18.47,18.04,18.19,6807569,125768496.00
2017/05/24,18.14,18.19,17.39,17.85,6315632,113502672.00
2017/05/25,17.74,17.99,17.42,17.62,6550815,116911640.00
2017/05/26,17.62,17.64,15.84,15.84,24719493,406623904.00
2017/05/31,15.85,16.14,15.15,15.84,13363595,211226528.00
2017/06/01,15.64,16.71,15.54,16.30,9457879,155079904.00
2017/06/02,16.29,16.50,15.85,16.30,4513713,73747920.00
2017/06/05,16.54,17.30,16.49,16.80,9805557,167253056.00
2017/06/06,17.54,17.59,15.34,16.27,17378982,291154368.00
2017/06/07,16.02,16.77,16.02,16.44,8920821,148247936.00
2017/06/08,16.64,16.76,16.37,16.42,7781660,129860944.00
2017/06/09,16.39,16.39,15.80,16.02,6503666,105203448.00
2017/06/12,15.97,15.97,14.94,15.39,10754223,167059568.00
2017/06/13,15.31,15.70,15.14,15.59,5735148,90083552.00
2017/06/14,15.64,15.73,15.23,15.49,4732758,73635616.00
2017/06/15,15.44,15.76,15.34,15.68,5585972,88075688.00
2017/06/16,15.68,16.09,15.32,15.42,10571642,167508688.00
2017/06/19,15.49,15.50,14.99,15.17,11071319,169897776.00
2017/06/20,15.22,16.00,15.10,15.74,12209382,191760656.00
2017/06/21,15.77,16.72,15.56,16.72,16675552,274858048.00
2017/06/22,16.73,16.82,16.39,16.56,9383252,157198608.00
2017/06/23,16.54,16.55,15.77,16.14,9266099,151226800.00
2017/06/26,16.17,16.67,16.04,16.54,8325737,137515360.00
2017/06/27,16.53,16.62,15.79,15.99,10843184,176982400.00
2017/06/28,15.84,15.92,15.30,15.52,9189454,143968144.00
2017/06/29,15.54,15.55,15.14,15.24,11593547,178930368.00
2017/06/30,15.13,15.79,15.13,15.73,9275002,145446336.00
2017/07/03,15.75,16.09,15.57,15.92,9030315,144122192.00
2017/07/04,15.91,16.59,15.51,15.97,14451639,232526288.00
2017/07/05,15.79,16.16,15.66,15.88,10667720,171357024.00
2017/07/06,15.84,17.46,15.74,17.14,30858755,516533760.00
2017/07/07,17.09,17.24,16.67,16.74,15971208,273169792.00
2017/07/10,16.68,17.03,16.54,16.63,9108100,153744064.00
2017/07/11,16.64,16.79,15.73,15.84,13000590,212663520.00
2017/07/12,15.77,16.13,15.65,16.09,7124091,114651440.00
2017/07/13,16.06,16.20,15.47,15.69,9585298,152731712.00
2017/07/14,15.52,15.79,15.44,15.71,4250678,67181848.00
2017/07/17,15.71,15.71,14.12,14.34,13789700,205256288.00
2017/07/18,14.29,14.49,13.76,14.08,9302977,132322952.00
2017/07/19,14.07,14.37,13.60,14.30,11221845,158238256.00
2017/07/20,14.19,15.31,14.14,15.03,13692982,206091072.00
2017/07/21,15.00,15.17,14.69,14.73,7196961,108195272.00
2017/07/24,14.64,14.91,14.34,14.70,8942545,131574312.00
2017/07/25,14.71,14.89,14.54,14.72,4299539,63906260.00
2017/07/26,14.74,14.77,14.36,14.60,3474265,51231548.00
2017/07/27,14.57,15.71,14.38,15.37,15567878,239760400.00
2017/07/28,15.64,16.07,15.35,15.52,11804415,187540640.00
2017/07/31,15.42,15.63,14.97,15.27,10962827,168535248.00
2017/08/01,15.19,15.49,15.09,15.21,5645825,87348848.00
2017/08/02,15.34,15.66,14.82,14.87,15140241,230995056.00
2017/08/03,14.85,15.40,14.54,15.01,7990929,121070944.00
2017/08/04,14.99,15.38,14.99,15.20,9634037,147817808.00
2017/08/07,15.34,16.12,15.23,15.93,19888497,318774048.00
2017/08/08,15.85,16.69,15.60,16.62,19427136,319275392.00
2017/08/09,16.49,17.45,16.39,17.00,20487007,351053952.00
2017/08/10,17.01,17.34,16.55,17.03,13960032,238452720.00
2017/08/11,16.76,17.44,16.61,16.91,13797301,238070064.00
2017/08/14,17.04,17.60,16.97,17.04,16287791,284214720.00
2017/08/15,17.11,17.41,17.01,17.19,10209341,177111456.00
2017/08/16,17.24,17.49,17.07,17.44,9983490,174698704.00
2017/08/17,17.14,17.40,16.86,17.06,9904439,170691008.00
2017/08/18,16.84,17.69,16.84,17.54,12526508,220073536.00
2017/08/21,17.52,18.35,17.46,18.33,17653555,322134848.00
2017/08/22,18.24,18.26,17.35,17.41,14362664,256515392.00
2017/08/23,17.51,17.52,17.04,17.17,7574418,131783008.00
2017/08/24,17.21,17.50,16.86,17.34,6357190,110441360.00
2017/08/25,17.34,17.34,16.94,17.24,5062701,87569032.00
2017/08/28,17.24,18.04,17.04,17.67,10606467,189445456.00
2017/08/29,17.59,17.94,17.06,17.29,9519149,167969344.00
2017/08/30,17.34,17.89,17.14,17.73,10020722,177523488.00
2017/08/31,17.67,17.99,17.44,17.49,10950613,195410576.00
2017/09/01,17.47,17.63,16.69,17.13,18630907,321590880.00
2017/09/04,17.11,17.17,16.56,16.92,14994188,255112912.00
2017/09/05,16.89,18.63,16.89,18.63,37975584,692386176.00
2017/09/06,18.18,18.74,17.97,18.53,27978087,519708480.00
2017/09/07,18.39,18.65,17.94,17.94,15391506,282865152.00
2017/09/08,17.83,18.24,17.64,18.08,13251139,240597600.00
2017/09/11,17.89,19.04,17.88,18.72,23373774,439567264.00
2017/09/12,18.59,18.88,18.20,18.29,16814166,313782240.00
2017/09/13,18.14,18.43,17.85,18.34,8641465,157696624.00
2017/09/14,18.27,19.16,18.22,18.94,16741358,318303648.00
2017/09/15,19.24,19.41,18.58,18.75,9368702,178084096.00
2017/09/18,18.64,19.08,18.34,18.94,8134639,153576464.00
2017/09/19,18.90,19.04,18.54,18.94,9768253,184193632.00
2017/09/20,18.78,18.84,18.32,18.49,8238158,153569712.00
2017/09/21,18.49,18.58,17.72,17.82,9053119,165158752.00
2017/09/22,17.79,17.79,16.84,17.48,7397791,129674592.00
2017/09/25,17.43,17.43,16.73,16.90,7091920,121555552.00
2017/09/26,16.84,17.30,16.76,17.22,5137836,88827400.00
2017/09/27,17.22,17.42,17.04,17.40,5620143,98131264.00
2017/09/28,17.43,17.47,16.94,17.03,5079206,88349760.00
2017/09/29,17.03,17.33,16.94,17.08,3731800,64349248.00
2017/10/09,17.42,17.77,17.04,17.59,6722777,118108152.00
2017/10/10,17.59,17.78,17.40,17.49,4776115,84720704.00
2017/10/11,17.44,17.79,17.14,17.55,6092400,107428720.00
2017/10/12,17.60,18.75,17.60,18.63,22961405,425252000.00
2017/10/13,18.48,19.05,18.20,18.74,12646880,238238576.00
2017/10/16,18.72,18.74,17.74,18.31,10079637,185787840.00
2017/10/17,18.12,18.72,17.99,18.55,6704878,125025824.00
2017/10/18,18.56,19.31,18.24,18.79,13857882,263966976.00
2017/10/19,18.79,19.04,17.69,17.92,9666572,179113024.00
2017/10/20,17.92,18.42,17.55,18.42,7259912,132689640.00
2017/10/23,18.39,18.51,18.04,18.46,6863123,126574504.00
2017/10/24,18.42,18.76,18.11,18.45,5728657,106286552.00
2017/10/25,18.54,18.62,18.04,18.39,8789768,161837424.00
2017/10/26,18.27,18.34,17.96,18.16,8797731,160781632.00
2017/10/27,18.19,18.19,17.52,17.67,10610880,190191056.00
2017/10/30,17.64,17.64,16.54,17.42,17117248,294949600.00
2017/10/31,17.14,17.47,16.99,17.32,7150894,124127952.00
2017/11/01,17.37,17.39,16.60,16.90,14792675,251288592.00
2017/11/02,16.91,16.91,16.34,16.74,7638961,128504384.00
2017/11/03,16.49,16.77,16.46,16.72,3775111,63367992.00
2017/11/06,16.76,17.13,16.64,17.08,7921347,135691152.00
2017/11/07,17.16,17.82,17.16,17.70,13655687,242869072.00
2017/11/08,17.70,18.47,17.55,18.14,17003237,310300320.00
2017/11/09,18.16,19.02,17.84,18.94,21200543,398573664.00
2017/11/10,18.96,19.30,18.64,19.12,14596470,279547936.00
2017/11/13,19.12,19.12,18.49,18.81,13698249,258175664.00
2017/11/14,18.88,19.53,18.34,18.97,15227886,291554784.00
2017/11/15,18.97,19.29,18.54,19.09,10757865,205332912.00
2017/11/16,19.09,19.13,18.56,18.84,7985873,151157280.00
2017/11/17,18.92,18.94,17.44,17.79,16705343,305082048.00
2017/11/20,17.24,17.34,16.39,17.08,23366459,396908928.00
2017/11/21,17.01,17.18,16.24,16.60,16659262,278476896.00
2017/11/22,16.60,17.00,16.35,16.70,8199186,138124480.00
2017/11/23,16.70,16.73,15.67,15.86,10713374,174615360.00
2017/11/24,15.79,16.05,15.04,15.99,15228071,238904960.00
2017/11/27,15.93,16.29,15.44,16.04,6564409,106121000.00
2017/11/28,16.05,16.66,15.93,16.62,8176865,135411520.00
2017/11/29,16.52,17.01,16.33,16.89,9795748,166104496.00
2017/11/30,16.99,16.99,16.22,16.42,6927199,115714272.00
2017/12/01,16.29,16.54,16.12,16.20,4284240,70352304.00
2017/12/04,16.14,16.56,16.06,16.29,3708074,61327384.00
2017/12/05,16.25,16.34,15.74,16.00,5704745,92262568.00
2017/12/06,16.09,16.29,15.72,16.29,6129798,98811560.00
2017/12/07,16.28,16.42,16.14,16.27,3639864,59803480.00
2017/12/08,16.38,16.59,16.17,16.46,5913048,98205936.00
2017/12/11,16.44,16.88,16.40,16.79,7113275,120429904.00
2017/12/12,16.82,16.91,16.22,16.28,6808345,113434576.00
2017/12/13,16.14,16.72,16.00,16.36,7428969,122604264.00
2017/12/14,16.34,16.57,16.08,16.37,5230088,86307032.00
2017/12/15,16.35,16.48,15.92,16.29,5004073,81742552.00
2017/12/18,16.28,16.28,15.94,16.20,4296104,69677256.00
2017/12/19,16.15,16.67,16.15,16.64,6041128,100571056.00
2017/12/20,16.58,16.79,16.39,16.79,4932105,82905784.00
2017/12/21,16.79,16.98,16.47,16.87,4760998,80712408.00
2017/12/22,16.80,16.96,16.75,16.91,2945751,50143896.00
2017/12/25,16.92,17.09,16.34,16.65,5963700,99642208.00
2017/12/26,16.59,16.64,16.31,16.57,3396014,56366424.00
2017/12/27,16.54,16.69,16.44,16.63,3224486,53885352.00
2017/12/28,16.64,16.71,16.44,16.44,3444300,57601704.00
2017/12/29,16.44,16.70,16.29,16.66,3834809,63815516.00
2018/01/02,16.84,17.75,16.84,17.60,23362989,408774720.00
2018/01/03,17.55,17.94,17.34,17.60,11903900,212676560.00
2018/01/04,17.79,18.39,17.74,18.20,14507964,265133040.00
2018/01/05,18.09,18.34,17.90,18.23,7607020,139403376.00
2018/01/08,18.29,18.29,17.27,18.06,14365610,257185472.00
2018/01/09,17.88,18.06,17.58,17.59,6206530,111521752.00
2018/01/10,17.75,17.95,17.47,17.60,6229840,111252912.00
2018/01/11,17.65,18.44,17.26,18.05,6256821,111505296.00
2018/01/12,17.84,18.94,17.75,18.67,16457734,308088128.00
2018/01/15,18.74,20.09,18.34,18.66,26162158,505135744.00
2018/01/16,18.38,18.72,17.41,17.84,16260397,294704512.00
2018/01/17,17.78,18.62,17.42,18.18,12666496,230146688.00
2018/01/18,18.19,18.77,18.02,18.37,9210003,171047328.00
2018/01/19,18.63,18.63,18.04,18.20,4521564,83476160.00
2018/01/22,18.34,18.62,17.89,18.21,9446787,173154624.00
2018/01/23,18.10,18.16,17.38,17.66,11399098,203574960.00
2018/01/24,18.04,18.25,17.23,18.02,11062654,197953376.00
2018/01/25,17.88,18.22,17.58,17.82,11697082,211170592.00
2018/01/26,17.79,17.84,16.79,17.22,12650883,220150736.00
2018/01/29,17.04,17.06,15.94,16.29,16839366,278300096.00
2018/01/30,16.30,16.36,15.94,16.02,5635125,91738080.00
2018/01/31,15.84,16.02,14.40,14.40,19825693,298149184.00
2018/02/01,14.54,14.54,12.94,13.46,33419720,450627840.00
2018/02/02,13.07,14.13,12.44,13.99,20813310,280908608.00
2018/02/05,13.59,13.94,13.26,13.74,13091081,179972960.00
2018/02/06,13.34,13.54,12.44,12.47,12124217,159120096.00
2018/02/07,12.87,13.09,11.56,12.76,18991130,238050048.00
2018/02/08,12.59,13.16,12.55,12.84,8906966,116886112.00
2018/02/09,12.42,12.74,12.00,12.32,9362425,117218408.00
2018/02/12,12.39,12.69,12.26,12.60,9715804,122671352.00
2018/02/13,12.66,12.80,12.14,12.25,9024088,113600216.00
2018/02/14,12.31,13.03,12.26,12.81,11628247,149406240.00
2018/02/22,12.90,13.22,12.54,13.20,11252493,146915584.00
2018/02/23,13.14,13.24,12.86,12.98,9152000,120513136.00
2018/02/26,13.11,13.79,12.87,13.44,20131697,273739744.00
2018/02/27,13.47,14.04,13.05,13.24,31816472,438293504.00
2018/02/28,13.24,13.92,13.11,13.84,19987594,275229376.00
2018/03/01,13.66,13.74,13.27,13.63,19946534,272803488.00
2018/03/02,13.44,13.82,13.34,13.47,11410129,156493024.00
2018/03/05,13.47,13.60,13.25,13.33,9366653,126562216.00
2018/03/06,13.34,13.59,13.29,13.42,11167220,151791008.00
2018/03/07,13.38,13.40,13.07,13.12,9109100,122110272.00
2018/03/08,13.08,13.26,12.99,13.08,9360321,124246200.00
2018/03/09,13.11,13.73,13.11,13.62,16747102,228499536.00
2018/03/12,13.65,14.07,13.65,13.85,22650050,317927776.00
2018/03/13,13.83,14.00,13.59,13.75,12210277,170430800.00
2018/03/14,13.74,13.75,13.34,13.37,12082011,165234784.00
2018/03/15,12.93,13.04,12.25,12.73,24320148,311943328.00
2018/03/16,12.64,13.03,12.55,12.76,9423928,122772888.00
2018/03/19,12.75,12.76,12.34,12.44,12172907,154109312.00
2018/03/20,12.40,12.57,12.05,12.55,10253844,128061528.00
2018/03/21,12.53,12.94,12.45,12.71,15717441,203457424.00
2018/03/22,12.72,12.82,12.38,12.57,6918578,88196680.00
2018/03/23,12.04,12.09,11.30,11.31,15935919,188745200.00
2018/03/26,10.84,11.44,10.74,11.15,11847101,132734120.00
2018/03/27,11.48,11.75,11.42,11.73,14118272,165741472.00
2018/03/28,11.49,11.62,11.34,11.49,9371661,109194800.00
2018/03/29,11.46,11.82,11.33,11.40,10723629,125685912.00
2018/03/30,11.50,12.56,11.50,12.56,24284362,302122336.00
2018/04/02,12.67,12.87,12.20,12.74,29200629,370600960.00
2018/04/03,12.35,12.64,12.30,12.38,13205946,166268240.00
2018/04/04,12.33,12.62,12.29,12.32,8274718,103960320.00
2018/04/09,12.12,12.27,11.68,11.84,11622211,139941792.00
2018/04/10,11.88,12.12,11.75,12.00,9236301,111567832.00
2018/04/11,12.04,12.24,11.99,12.05,9962222,122318328.00
2018/04/12,11.61,11.85,11.53,11.80,9862021,117213304.00
2018/04/13,11.87,11.96,11.62,11.66,5565400,66079488.00
2018/04/16,11.54,11.54,10.88,11.00,13800563,155556224.00
2018/04/17,11.08,11.12,10.76,10.86,8379393,92533048.00
2018/04/18,11.02,11.12,10.71,11.01,7798573,86484072.00
2018/04/19,11.09,11.45,11.00,11.36,9842810,112745688.00
2018/04/20,11.19,11.69,11.15,11.19,9201415,106410496.00
2018/04/23,11.17,11.24,10.74,10.91,6635502,73849568.00
2018/04/24,10.91,11.14,10.91,11.11,4751900,53340496.00
2018/04/25,11.04,11.21,10.92,10.94,5799500,64778996.00
2018/04/26,11.03,11.03,9.84,9.84,15578223,163438224.00
2018/04/27,9.89,10.12,9.88,10.05,7475857,76092272.00
2018/05/02,10.09,10.43,10.03,10.18,6088260,63184416.00
2018/05/03,10.17,10.36,9.94,10.34,6531778,67407656.00
2018/05/04,10.33,10.33,10.07,10.08,4829045,49992996.00
2018/05/07,10.14,10.37,10.14,10.30,6529880,67985504.00
2018/05/08,10.34,10.34,10.15,10.21,6302223,65468500.00
2018/05/09,10.26,10.49,10.19,10.37,6957753,73275976.00
2018/05/10,10.34,10.44,10.20,10.23,5896022,61627880.00
2018/05/11,10.26,10.32,10.20,10.29,3374059,35160856.00
2018/05/14,10.37,10.37,10.12,10.12,4676271,48107952.00
2018/05/15,10.16,10.17,9.73,9.98,9974465,99641864.00
2018/05/16,9.92,10.06,9.80,9.95,5640176,56351160.00
2018/05/17,9.89,10.10,9.86,9.88,4695139,47113884.00
2018/05/18,9.93,10.10,9.86,10.05,4544071,45889072.00
2018/05/21,10.09,10.48,10.09,10.38,9537003,99670352.00
2018/05/22,10.37,10.41,10.27,10.32,5179049,53889308.00
2018/05/23,10.33,10.45,9.96,10.02,7973803,81598560.00
2018/05/24,10.09,10.33,10.01,10.06,7236756,73901408.00
2018/05/25,10.04,10.16,9.86,9.95,4895463,49234824.00
2018/05/28,9.87,10.27,9.84,10.12,6305974,64152112.00
2018/05/29,10.08,10.14,9.86,9.94,4989594,50118816.00
2018/05/30,9.84,9.84,9.07,9.19,11988502,113606416.00
2018/05/31,9.30,9.60,9.19,9.41,6831803,64706620.00
2018/06/01,9.40,9.48,9.29,9.34,3655604,34598228.00
2018/06/04,9.47,9.57,9.12,9.24,3443400,32453768.00
2018/06/05,9.23,9.45,9.23,9.45,5385655,50932008.00
2018/06/06,9.46,9.57,9.38,9.45,3669536,34998764.00
2018/06/07,9.55,9.56,9.27,9.32,4203215,39794676.00
2018/06/08,9.13,9.31,8.93,9.18,6584887,60314516.00
2018/06/11,9.13,9.18,8.96,8.97,3859205,35205048.00
2018/06/12,8.99,9.07,8.76,8.82,8325139,74446176.00
2018/06/13,8.82,8.86,8.21,8.25,10632435,90627296.00
2018/06/14,8.22,8.27,7.42,7.42,24014674,187331888.00
2018/06/15,7.44,7.57,7.04,7.30,16623716,123083576.00
2018/06/19,7.10,7.10,6.56,6.56,15345400,104578464.00
2018/06/20,6.45,6.71,6.36,6.59,14371057,95422328.00
2018/06/21,6.86,7.26,6.78,6.95,32346443,233733648.00
2018/06/22,6.58,7.27,6.47,7.04,24965925,174108128.00
2018/06/25,7.09,7.14,6.75,6.94,16621785,116649024.00
2018/06/26,6.78,7.10,6.63,7.00,11552366,81527904.00
2018/06/27,6.96,7.03,6.79,6.84,9234703,64453704.00
2018/06/28,6.85,6.95,6.66,6.72,9799280,67352552.00
2018/06/29,6.70,7.12,6.68,7.07,12866872,90516208.00
2018/07/02,7.27,7.37,6.82,6.89,12484781,89112736.00
2018/07/03,6.92,7.12,6.92,7.09,9607658,68459912.00
2018/07/04,7.12,7.18,6.78,6.87,9468103,66479816.00
2018/07/05,6.86,6.97,6.59,6.60,7272302,49878052.00
2018/07/06,6.62,6.84,6.47,6.72,9326523,63244504.00
2018/07/09,6.74,7.00,6.74,6.86,6982901,48433320.00
2018/07/10,6.99,6.99,6.65,6.75,10090857,69286752.00
2018/07/11,6.62,6.73,6.39,6.55,9963201,66179992.00
2018/07/12,6.64,6.79,6.59,6.74,10687858,72690864.00
2018/07/13,6.84,6.86,6.65,6.72,7394657,50308584.00
2018/07/16,6.68,6.68,6.22,6.42,12583522,81668232.00
2018/07/17,6.42,6.46,6.30,6.42,6155301,39728864.00
2018/07/18,6.42,6.67,6.39,6.45,9372323,61860932.00
2018/07/19,6.40,6.44,6.22,6.25,8611400,54915124.00
2018/07/20,6.25,6.31,6.15,6.29,6604301,41727800.00
2018/07/23,6.27,6.39,6.21,6.38,6325524,40438252.00
2018/07/24,6.38,6.56,6.29,6.46,15011026,97769568.00
2018/07/25,6.52,6.57,6.43,6.50,9218600,60616688.00
2018/07/26,6.50,6.70,6.49,6.62,13804500,92322712.00
2018/07/27,6.58,6.75,6.49,6.51,11299700,75567088.00
2018/07/30,6.53,6.58,6.17,6.22,11946165,76406136.00
2018/07/31,6.20,6.41,6.16,6.39,8692264,55699184.00
2018/08/01,6.50,6.59,6.25,6.33,8692650,56556528.00
2018/08/02,6.27,6.30,5.81,5.97,10632801,64885252.00
2018/08/03,5.89,6.00,5.83,5.92,3779513,22677078.00
2018/08/06,5.91,5.95,5.47,5.57,7435415,43012524.00
2018/08/07,5.62,5.70,5.44,5.70,7854700,44685432.00
2018/08/08,5.70,5.70,5.52,5.57,5728600,32607012.00
2018/08/09,5.46,5.75,5.46,5.66,9215800,52992052.00
2018/08/10,5.67,5.77,5.61,5.73,7176100,41551808.00
2018/08/13,5.71,5.80,5.57,5.77,7670140,44485212.00
2018/08/14,5.80,6.09,5.76,5.82,12533883,74673296.00
2018/08/15,5.82,5.89,5.63,5.66,7543913,43837648.00
2018/08/16,5.59,5.76,5.47,5.74,6918547,39691516.00
2018/08/17,5.75,5.76,5.52,5.53,5595061,31959222.00
2018/08/20,5.52,5.64,5.48,5.60,4433434,25004690.00
2018/08/21,5.57,5.66,5.53,5.62,5374761,30598772.00
2018/08/22,5.62,5.64,5.45,5.46,5471000,30660838.00
2018/08/23,5.46,5.53,5.43,5.44,4463400,24802084.00
2018/08/24,5.47,5.47,5.35,5.37,4634200,25430284.00
2018/08/27,5.37,5.55,5.37,5.53,6486478,35930432.00
2018/08/28,5.49,5.62,5.46,5.49,6176400,34625832.00
2018/08/29,5.50,5.56,5.40,5.42,5952900,33099008.00
2018/08/30,5.40,5.47,5.19,5.25,8455576,45657420.00
2018/08/31,5.25,5.26,5.06,5.09,5934850,31030166.00
2018/09/03,5.12,5.18,5.04,5.16,5257471,27242384.00
2018/09/04,5.16,5.58,5.14,5.47,21576942,118049960.00
2018/09/05,5.39,5.68,5.35,5.43,17870588,100035160.00
2018/09/06,5.49,5.55,5.30,5.30,9532842,52395316.00
2018/09/07,5.30,5.56,5.28,5.36,12914936,71213960.00
2018/09/10,5.34,5.81,5.34,5.50,15439892,86970328.00
2018/09/11,5.52,5.53,5.35,5.52,10734638,59175440.00
2018/09/12,5.52,5.58,5.44,5.57,12271308,68738264.00
2018/09/13,5.60,5.66,5.45,5.55,10763647,60434964.00
2018/09/14,5.51,5.56,5.32,5.35,10398925,57416872.00
2018/09/17,5.30,5.30,5.13,5.17,5843500,30850996.00
2018/09/18,5.14,5.39,5.14,5.35,7813699,42039788.00
2018/09/19,5.34,5.47,5.28,5.39,7980796,43609804.00
2018/09/20,5.15,5.50,5.15,5.47,15406356,83729400.00
2018/09/21,5.50,5.57,5.38,5.47,11958227,66414200.00
2018/09/25,5.46,5.49,5.35,5.37,5298897,29067240.00
2018/09/26,5.37,5.49,5.35,5.39,8006400,44084400.00
2018/09/27,5.42,5.43,5.20,5.20,6290938,33828764.00
2018/09/28,5.22,5.44,5.18,5.25,9618600,51409776.00
2018/10/08,5.06,5.18,5.06,5.11,6120400,31807332.00
2018/10/09,5.13,5.18,4.99,5.06,6259700,32223784.00
2018/10/10,5.07,5.12,4.93,5.03,7850902,40049136.00
2018/10/11,4.87,4.87,4.52,4.52,10857387,51122868.00
2018/10/12,4.46,4.46,4.08,4.22,11844660,51648448.00
2018/10/15,4.29,4.37,4.23,4.25,5212700,22795000.00
2018/10/16,4.23,4.32,4.16,4.21,4769040,20550832.00
2018/10/17,4.30,4.35,4.17,4.25,4828442,20953714.00
2018/10/18,4.24,4.28,4.03,4.07,6219125,26192194.00
2018/10/19,4.20,4.39,4.07,4.28,11107000,47945072.00
2018/10/22,4.27,4.53,4.26,4.42,9903364,44529012.00
2018/10/23,4.26,4.36,4.12,4.22,15225522,65973704.00
2018/10/24,4.16,4.23,4.12,4.17,8540377,36336628.00
2018/10/25,4.03,4.06,3.89,4.03,11716983,47534788.00
2018/10/26,4.09,4.25,4.04,4.17,11028802,46777716.00
2018/10/29,4.22,4.25,4.08,4.13,6171793,26212388.00
2018/10/30,4.12,4.23,4.05,4.18,6701693,28465912.00
2018/10/31,4.23,4.27,4.19,4.25,6510852,28119862.00
2018/11/01,4.29,4.35,4.23,4.29,9267481,40602596.00
2018/11/02,4.35,4.57,4.35,4.51,17370225,79056368.00
2018/11/05,4.50,4.97,4.50,4.90,36897313,182596992.00
2018/11/06,4.89,5.02,4.68,4.90,29689008,146341024.00
2018/11/07,4.90,4.90,4.62,4.67,20340203,98107920.00
2018/11/08,4.69,4.72,4.59,4.59,8059800,38172380.00
2018/11/09,4.59,4.66,4.53,4.60,6970518,32740828.00
2018/11/12,4.61,4.86,4.61,4.83,13029120,63018124.00
2018/11/13,4.77,5.15,4.72,4.99,18543016,93319600.00
2018/11/14,5.09,5.29,4.98,5.18,26159014,136383952.00
2018/11/15,5.54,5.71,5.10,5.17,36082219,195322256.00
2018/11/16,5.19,5.70,5.19,5.70,30951151,171975360.00
2018/11/19,5.86,6.23,5.68,6.00,59258469,356618656.00
2018/11/20,5.75,5.83,5.41,5.54,35172571,201358640.00
2018/11/21,5.42,5.56,5.29,5.54,20246431,111322952.00
2018/11/22,5.52,5.73,5.38,5.61,20333680,114749616.00
2018/11/23,5.53,5.61,5.08,5.11,18300178,98344680.00
2018/11/26,5.14,5.22,5.04,5.18,9003641,47071160.00
2018/11/27,5.24,5.30,5.05,5.11,9005587,47213544.00
2018/11/28,5.12,5.19,4.80,5.18,12289545,63070332.00
2018/11/29,5.20,5.26,4.81,4.85,13485113,68822064.00
2018/11/30,4.83,4.97,4.80,4.92,9342320,46543900.00
2018/12/03,5.13,5.42,5.13,5.42,13291393,72346480.00
2018/12/04,5.62,5.78,5.43,5.62,47383546,269993280.00
2018/12/05,5.36,5.80,5.30,5.72,31285850,176085376.00
2018/12/06,5.58,5.69,5.41,5.42,19944373,112190400.00
2018/12/07,5.45,5.52,5.33,5.37,9806094,53770776.00
2018/12/10,5.23,5.33,5.12,5.24,8880441,47427760.00
2018/12/11,5.31,5.40,5.19,5.28,9477056,50811400.00
2018/12/12,5.30,5.34,5.18,5.22,7533177,40039288.00
2018/12/13,5.25,5.32,5.14,5.32,9099000,48589600.00
2018/12/14,5.27,5.29,5.12,5.15,8402337,44300668.00
2018/12/17,5.12,5.21,5.02,5.20,6009718,31256738.00
2018/12/18,5.14,5.20,5.02,5.07,5798794,29981540.00
2018/12/19,5.09,5.12,4.90,4.92,8939564,45207792.00
2018/12/20,4.90,5.09,4.83,5.07,8552965,43448056.00
2018/12/21,5.02,5.06,4.94,5.00,4434600,22514494.00
2018/12/24,4.98,5.04,4.95,5.01,4476700,22744072.00
2018/12/25,4.91,4.96,4.62,4.81,12796802,62224168.00
2018/12/26,4.81,4.93,4.80,4.84,7163865,35340052.00
2018/12/27,4.95,4.97,4.70,4.70,7050300,34645196.00
2018/12/28,4.71,4.75,4.48,4.52,8151329,38483336.00
2019/01/02,4.54,4.71,4.54,4.66,6527404,30767664.00
2019/01/03,4.70,4.80,4.63,4.66,5542900,26596592.00
2019/01/04,4.66,4.79,4.54,4.74,6819300,32633484.00
2019/01/07,4.80,4.88,4.78,4.83,7034400,34571904.00
2019/01/08,4.83,5.01,4.79,4.98,11813228,59009424.00
2019/01/09,5.06,5.17,4.91,5.09,19567235,99730408.00
2019/01/10,5.09,5.09,4.92,4.92,14356746,72739936.00
2019/01/11,4.85,4.97,4.85,4.92,8239000,41116344.00
2019/01/14,4.92,4.92,4.80,4.83,6375232,31382528.00
2019/01/15,4.80,4.94,4.80,4.91,7564600,37513036.00
2019/01/16,4.91,5.04,4.89,5.01,12186881,61647432.00
2019/01/17,5.02,5.02,4.77,4.86,12254901,60903332.00
2019/01/18,4.77,4.87,4.67,4.77,10651301,51601244.00
2019/01/21,4.75,4.84,4.75,4.75,5595800,27219784.00
2019/01/22,4.77,4.81,4.72,4.74,4319924,20912876.00
2019/01/23,4.73,4.78,4.63,4.67,4750201,22600816.00
2019/01/24,4.67,4.71,4.60,4.68,4700000,22284378.00
2019/01/25,4.69,4.70,4.55,4.57,5345701,25087714.00
2019/01/28,4.61,4.64,4.53,4.54,3822800,17791558.00
2019/01/29,4.50,4.52,4.18,4.43,7255701,32322340.00
2019/01/30,4.38,4.44,4.34,4.34,2985300,13358129.00
2019/01/31,4.37,4.39,4.17,4.22,6297500,27335916.00
2019/02/01,4.26,4.38,4.24,4.36,3070529,13494267.00
2019/02/11,4.40,4.51,4.38,4.49,3159546,14383731.00
2019/02/12,4.51,4.66,4.47,4.59,4256044,19794180.00
2019/02/13,4.59,5.06,4.59,4.97,19761382,99104520.00
2019/02/14,4.84,4.93,4.77,4.87,17949900,88462736.00
2019/02/15,4.91,5.20,4.83,5.04,23467833,119089648.00
2019/02/18,5.55,5.55,5.26,5.55,50810326,284162528.00
2019/02/19,5.60,6.11,5.52,5.74,73258720,434071488.00
2019/02/20,5.43,5.58,5.32,5.43,44829652,247698544.00
2019/02/21,5.35,5.46,5.20,5.33,31129847,168200000.00
2019/02/22,5.27,5.44,5.27,5.42,21335700,116248600.00
2019/02/25,5.46,5.92,5.33,5.75,42753378,244512736.00
2019/02/26,5.77,5.78,5.47,5.55,30522603,173521712.00
2019/02/27,5.49,5.72,5.45,5.49,20863959,117912304.00
2019/02/28,5.47,5.66,5.46,5.60,13835300,78251296.00
2019/03/01,5.62,5.68,5.56,5.67,14991510,85511136.00
2019/03/04,5.81,5.90,5.65,5.86,30282465,177221968.00
2019/03/05,5.82,6.22,5.73,6.16,41389937,250865360.00
2019/03/06,6.37,6.38,5.96,6.17,34551386,215214032.00
2019/03/07,6.16,6.37,6.04,6.28,33960919,213735696.00
2019/03/08,6.50,6.80,6.12,6.33,59136516,391853472.00
2019/03/11,6.62,6.67,6.24,6.59,43839364,288449376.00
2019/03/12,6.51,6.63,6.43,6.52,40826628,268856544.00
2019/03/13,6.48,6.49,6.13,6.22,27530438,176146480.00
2019/03/14,6.22,6.22,5.74,5.86,23758688,142753680.00
2019/03/15,5.97,6.05,5.89,5.95,13782439,83366176.00
2019/03/18,5.95,6.08,5.89,6.06,12213823,74307400.00
2019/03/19,6.07,6.16,6.03,6.08,13393038,82614584.00
2019/03/20,6.09,6.09,5.82,5.95,20008213,120349320.00
2019/03/21,5.96,6.06,5.91,5.99,20379732,123493400.00
2019/03/22,6.02,6.02,5.79,5.98,24349584,145822016.00
2019/03/25,5.87,5.92,5.77,5.79,15689127,92932320.00
2019/03/26,5.84,5.94,5.65,5.66,16873300,99591728.00
2019/03/27,5.69,5.71,5.41,5.51,15405432,86333320.00
2019/03/28,5.57,6.07,5.48,6.07,55768286,338988192.00
2019/03/29,5.99,6.04,5.72,5.94,51782188,309051328.00
2019/04/01,5.80,6.25,5.77,6.25,48085882,295630816.00
2019/04/02,6.22,6.46,6.01,6.37,48864109,309918112.00
2019/04/03,6.25,6.40,6.21,6.32,23905400,152505392.00
2019/04/04,6.36,6.42,6.12,6.20,23552354,149231936.00
2019/04/08,6.20,6.25,5.93,6.01,26449334,162605168.00
2019/04/09,6.01,6.15,5.93,6.07,16753572,102735040.00
2019/04/10,6.04,6.04,5.86,5.97,16214935,97608240.00
2019/04/11,5.99,5.99,5.84,5.84,11931884,71405840.00
2019/04/12,5.84,5.95,5.81,5.88,9656211,57465420.00
2019/04/15,5.94,5.97,5.72,5.73,13939800,82885160.00
2019/04/16,5.75,5.94,5.69,5.92,13074106,77140128.00
2019/04/17,5.95,6.18,5.90,6.09,24262705,149133968.00
2019/04/18,6.09,6.19,5.93,5.95,17351300,106444680.00
2019/04/19,5.98,6.44,5.95,6.25,31913190,199580656.00
2019/04/22,6.21,6.39,6.08,6.28,28096481,176921952.00
2019/04/23,6.43,6.92,6.43,6.92,21704392,148982896.00
2019/04/24,7.01,7.32,6.65,6.69,72060264,506384928.00
2019/04/25,6.54,6.68,6.14,6.16,41925591,270600832.00
2019/04/26,5.96,6.10,5.82,5.83,24900728,150187072.00
2019/04/29,5.84,5.90,5.42,5.55,21926411,124579408.00
2019/04/30,5.57,5.75,5.53,5.66,10431843,59840252.00
2019/05/06,5.40,5.50,5.09,5.09,17285200,92560168.00
2019/05/07,5.14,5.23,4.96,5.09,11562592,59933684.00
2019/05/08,4.94,5.57,4.90,5.17,15311210,81241816.00
2019/05/09,5.01,5.26,5.01,5.11,8978002,46957960.00
2019/05/10,5.17,5.28,4.96,5.28,15162650,79959888.00
2019/05/13,5.20,5.39,5.17,5.29,12114099,65176312.00
2019/05/14,5.14,5.27,5.08,5.13,12016395,62976808.00
2019/05/15,5.15,5.29,5.15,5.28,9740800,51777592.00
2019/05/16,5.31,5.47,5.28,5.33,12644930,68931312.00
2019/05/17,5.33,5.36,5.00,5.05,13271629,69946304.00
2019/05/20,5.11,5.17,4.96,5.15,10302400,52999312.00
2019/05/21,5.10,5.25,5.08,5.22,8881500,46807280.00
2019/05/22,5.26,5.30,5.14,5.20,8307100,43999328.00
2019/05/23,5.13,5.20,5.00,5.04,8688909,44987840.00
2019/05/24,5.04,5.09,4.97,5.02,5256500,26855990.00
2019/05/27,5.03,5.19,4.99,5.15,6328153,32789926.00
2019/05/28,5.14,5.23,5.12,5.15,8069858,42493660.00
2019/05/29,5.22,5.33,5.19,5.20,8915109,47395668.00
2019/05/30,5.19,5.22,5.00,5.08,8495200,43671948.00
2019/05/31,5.09,5.15,5.03,5.05,5872895,30380584.00
2019/06/03,5.03,5.10,4.95,5.01,6143839,31252242.00
2019/06/04,5.00,5.02,4.86,4.93,6752900,33819956.00
2019/06/05,4.95,5.00,4.89,4.91,4181900,20988904.00
2019/06/06,4.96,4.98,4.88,4.91,5341804,26722672.00
2019/06/10,4.91,5.12,4.90,5.01,6714719,34102748.00
2019/06/11,4.98,5.14,4.98,5.13,8061151,41691936.00
2019/06/12,5.12,5.17,5.04,5.05,6265499,32451382.00
2019/06/13,5.05,5.10,5.03,5.08,4309236,22193412.00
2019/06/14,5.09,5.11,4.97,4.97,5512986,28137806.00
2019/06/17,4.96,5.02,4.88,4.93,3798001,19039458.00
2019/06/18,4.92,4.98,4.90,4.94,2940700,14780266.00
2019/06/19,5.05,5.07,4.97,4.98,5176200,26367028.00
2019/06/20,4.98,5.06,4.94,5.03,5395169,27447710.00
2019/06/21,5.05,5.52,5.05,5.40,23198254,124463096.00
2019/06/24,5.40,5.49,5.26,5.42,13895975,74248928.00
2019/06/25,5.38,5.54,5.32,5.48,17988469,98313616.00
2019/06/26,5.55,5.56,5.30,5.31,12423800,67360112.00
2019/06/27,5.38,5.52,5.29,5.32,11376271,61374012.00
2019/06/28,5.29,5.49,5.25,5.43,11654074,62424620.00
2019/07/01,5.50,5.58,5.46,5.50,14541069,80153808.00
2019/07/02,5.47,5.50,5.34,5.43,12025101,64935188.00
2019/07/03,5.43,5.44,5.29,5.31,7169960,38211648.00
2019/07/04,5.34,5.35,5.18,5.21,7296748,38278072.00
2019/07/05,5.20,5.24,5.16,5.18,5784200,30048220.00
2019/07/08,5.17,5.18,4.92,4.92,11383591,56736968.00
2019/07/09,4.91,4.98,4.90,4.93,3850504,18992960.00
2019/07/10,4.98,4.99,4.81,4.81,7508800,36621144.00
2019/07/11,4.85,4.88,4.67,4.70,8819740,41999028.00
2019/07/12,4.73,4.73,4.63,4.72,4841105,22735636.00
2019/07/15,5.00,5.19,4.89,5.19,25917504,133415400.00
2019/07/16,5.24,5.41,5.16,5.34,45576519,241773936.00
2019/07/17,5.21,5.37,5.21,5.30,22194756,117512816.00
2019/07/18,5.26,5.29,5.13,5.13,13517237,70108608.00
2019/07/19,5.19,5.38,5.17,5.30,18474804,97723672.00
2019/07/22,5.35,5.38,5.13,5.20,12707503,66548256.00
2019/07/23,5.20,5.34,5.18,5.31,12363716,65165012.00
2019/07/24,5.31,5.38,5.27,5.31,17343600,92210664.00
2019/07/25,5.30,5.84,5.27,5.84,19650110,113240472.00
2019/07/26,6.00,6.08,5.62,5.64,67763532,397988480.00
2019/07/29,5.55,5.84,5.55,5.69,31724855,181187552.00
2019/07/30,5.73,5.76,5.60,5.60,23061650,130696880.00
2019/07/31,5.55,5.69,5.54,5.56,14767622,82572008.00
2019/08/01,5.65,5.70,5.50,5.70,19348672,108402208.00
2019/08/02,5.54,5.68,5.52,5.59,16841305,94175096.00
2019/08/05,5.53,5.65,5.34,5.44,20284661,111771168.00
2019/08/06,5.21,5.24,4.92,5.11,24607327,125258848.00
2019/08/07,5.14,5.18,5.02,5.02,11897801,60721548.00
2019/08/08,5.06,5.23,5.06,5.20,13957680,72016984.00
2019/08/09,5.25,5.34,5.11,5.12,12817300,66956828.00
2019/08/12,5.16,5.33,5.11,5.33,12853570,67412168.00
2019/08/13,5.26,5.59,5.26,5.40,18024200,98019224.00
2019/08/14,5.50,5.65,5.45,5.62,26112079,145539808.00
2019/08/15,5.47,5.74,5.44,5.72,22406301,125342224.00
2019/08/16,5.70,5.76,5.60,5.63,19006429,107743096.00
2019/08/19,5.73,5.82,5.66,5.78,18954300,109297808.00
2019/08/20,5.90,6.10,5.83,5.93,32912323,196208000.00
2019/08/21,5.91,6.52,5.81,6.52,71922131,457347008.00
2019/08/22,6.41,6.46,6.20,6.26,47464303,300065600.00
2019/08/23,6.27,6.30,6.16,6.18,23356739,145159328.00
2019/08/26,6.04,6.12,5.97,6.09,21699824,131377768.00
2019/08/27,6.10,6.32,6.07,6.26,27615399,171576128.00
2019/08/28,6.35,6.74,6.35,6.35,40263392,261210560.00
2019/08/29,6.48,6.50,6.23,6.24,22020771,139507984.00
2019/08/30,6.28,6.36,6.03,6.05,21504720,132991080.00
2019/09/02,6.04,6.38,6.04,6.31,26098995,163922320.00
2019/09/03,6.34,6.53,6.26,6.46,23595202,151660064.00
2019/09/04,6.46,6.51,6.31,6.43,19929301,127495960.00
2019/09/05,6.43,6.58,6.38,6.42,26962120,174332832.00
2019/09/06,6.42,7.00,6.41,6.93,49627694,333745280.00
2019/09/09,7.01,7.05,6.74,6.97,38703634,266620512.00
2019/09/10,6.90,7.02,6.78,6.95,23673121,163146192.00
2019/09/11,6.92,6.98,6.73,6.76,17580500,120458160.00
2019/09/12,6.80,6.96,6.71,6.88,14449030,99428896.00
2019/09/16,6.90,7.23,6.85,7.13,28032800,199085808.00
2019/09/17,7.08,7.13,6.80,6.82,20446400,141578752.00
2019/09/18,6.80,6.93,6.65,6.83,16661620,113187120.00
2019/09/19,6.78,6.88,6.74,6.88,12009600,81941024.00
2019/09/20,6.85,7.21,6.83,7.00,23910729,168858672.00
2019/09/23,7.02,7.14,6.83,7.05,17089735,119369104.00
2019/09/24,7.05,7.06,6.91,6.93,14462900,100778344.00
2019/09/25,6.85,6.85,6.54,6.56,20054016,133769208.00
2019/09/26,6.64,6.72,6.35,6.41,14778800,96578496.00
2019/09/27,6.42,7.03,6.41,6.79,24018500,162385680.00
2019/09/30,6.74,7.01,6.65,6.85,19417971,132751744.00
2019/10/08,6.87,7.05,6.76,7.02,20998771,145443968.00
2019/10/09,6.93,6.95,6.57,6.70,23873899,160730208.00
2019/10/10,6.68,7.37,6.61,7.37,52150777,372472768.00
2019/10/11,7.65,7.90,7.43,7.63,68323314,520551968.00
2019/10/14,7.56,8.26,7.52,7.99,56230554,445551776.00
2019/10/15,8.00,8.79,7.77,8.79,52049092,429248832.00
2019/10/16,8.80,9.32,8.40,9.01,75976252,669975168.00
2019/10/17,8.98,9.15,8.58,8.63,48518811,428653280.00
2019/10/18,8.54,8.77,8.30,8.32,41168756,348574016.00
2019/10/21,8.52,8.52,8.14,8.45,28782512,239849936.00
2019/10/22,8.50,9.16,8.46,8.99,44644957,397246560.00
2019/10/23,9.09,9.12,8.68,8.70,31978668,282938240.00
2019/10/24,8.68,9.01,8.61,8.84,29675033,261633824.00
2019/10/25,8.70,8.86,8.39,8.72,28841095,248372352.00
2019/10/28,8.60,9.57,8.45,9.24,46900091,427323392.00
2019/10/29,9.19,9.74,9.05,9.39,42383396,398632896.00
2019/10/30,9.25,10.09,9.20,9.98,51733113,503753056.00
2019/10/31,9.90,9.98,9.15,9.17,43442511,417334816.00
2019/11/01,8.84,9.73,8.84,9.65,37556463,352056448.00
数据来源:通达信
