002673 西部证券 日线 前复权
      日期	    开盘	    最高	    最低	    收盘	    成交量	    成交额
2013/09/02,6.02,6.24,5.94,6.20,26900195,354150528.00
2013/09/03,6.27,6.27,6.06,6.18,22074294,290835456.00
2013/09/04,6.16,6.19,6.10,6.13,11598962,152431744.00
2013/09/05,6.15,6.17,6.05,6.13,12497909,163737552.00
2013/09/06,6.13,6.21,6.11,6.17,17392430,230311872.00
2013/09/09,6.19,6.55,6.17,6.40,34209014,470891264.00
2013/09/10,6.36,6.53,6.35,6.52,27208477,379225728.00
2013/09/11,6.53,6.63,6.42,6.44,27432693,388069312.00
2013/09/12,6.40,6.63,6.40,6.50,22134294,313091136.00
2013/09/13,6.49,6.52,6.36,6.41,15642933,216972336.00
2013/09/16,6.43,6.46,6.31,6.33,10821316,148432448.00
2013/09/17,6.36,6.41,6.24,6.25,9447873,128676176.00
2013/09/18,6.24,6.46,6.16,6.36,15107415,205602064.00
2013/09/23,6.39,6.47,6.29,6.42,13124433,180667472.00
2013/09/24,6.40,6.47,6.23,6.42,17222040,235217232.00
2013/09/25,6.39,6.46,6.32,6.42,15532038,214282064.00
2013/09/26,6.37,6.40,6.13,6.13,14825052,199651840.00
2013/09/27,6.15,6.23,6.10,6.21,10576993,139545456.00
2013/09/30,6.22,6.23,6.10,6.14,7718800,101679656.00
2013/10/08,6.11,6.22,6.05,6.20,9333784,123297512.00
2013/10/09,6.16,6.26,6.15,6.22,7103643,94489376.00
2013/10/10,6.22,6.23,6.03,6.05,12005362,157153088.00
2013/10/11,6.11,6.19,6.10,6.15,10324097,135835600.00
2013/10/14,6.15,6.20,6.08,6.16,8418729,110653008.00
2013/10/15,6.21,6.23,6.13,6.18,10238495,135809200.00
2013/10/16,6.15,6.15,5.89,5.94,12624557,161789040.00
2013/10/17,6.01,6.08,5.92,5.97,9749632,124424840.00
2013/10/18,5.95,6.14,5.92,6.04,11073966,143188416.00
2013/10/21,6.04,6.13,5.98,6.10,10224220,132602200.00
2013/10/22,6.10,6.15,6.04,6.06,10318378,134821744.00
2013/10/23,6.08,6.27,6.05,6.10,20200373,267508048.00
2013/10/24,6.11,6.11,5.94,5.94,11756656,150323856.00
2013/10/25,5.96,6.03,5.85,5.87,8779528,111189952.00
2013/10/28,5.88,5.91,5.79,5.85,5710256,70954384.00
2013/10/29,5.86,5.98,5.67,5.81,11496802,142158912.00
2013/10/30,5.81,5.86,5.75,5.85,7216478,88893224.00
2013/10/31,5.87,5.92,5.80,5.86,7825833,97309608.00
2013/11/01,5.86,5.93,5.83,5.89,7058215,88418224.00
2013/11/04,5.89,5.94,5.84,5.85,5300522,66165568.00
2013/11/05,5.83,5.83,5.71,5.83,7396124,90381992.00
2013/11/06,5.80,5.83,5.74,5.75,5770662,70800112.00
2013/11/07,5.71,5.78,5.67,5.67,6419335,77466168.00
2013/11/08,5.65,5.70,5.50,5.52,7236917,85144440.00
2013/11/11,5.48,5.59,5.46,5.54,4320645,50119444.00
2013/11/12,5.56,5.61,5.53,5.57,3865683,45336644.00
2013/11/13,5.55,5.55,5.36,5.36,7234599,82456448.00
2013/11/14,5.36,5.42,5.32,5.40,5102181,57303956.00
2013/11/15,5.44,5.81,5.44,5.66,21817269,261401072.00
2013/11/18,5.71,5.92,5.64,5.91,22443423,276241696.00
2013/11/19,5.88,5.88,5.78,5.82,13133945,162331680.00
2013/11/20,5.85,5.89,5.78,5.87,10035104,124350480.00
2013/11/21,5.83,6.16,5.75,6.02,22980595,292211520.00
2013/11/22,6.01,6.12,5.97,5.99,19036040,245878864.00
2013/11/25,5.96,6.06,5.84,5.90,12814697,162194368.00
2013/11/26,5.89,6.06,5.88,5.95,12955417,165450176.00
2013/11/27,5.95,6.15,5.92,6.13,21587900,281832224.00
2013/11/28,6.10,6.18,6.07,6.08,16012235,209732976.00
2013/11/29,6.08,6.16,6.06,6.13,10229968,133738312.00
2013/12/02,6.34,6.52,6.20,6.28,43950583,602092864.00
2013/12/03,6.20,6.26,6.09,6.23,16334290,216944416.00
2013/12/04,6.23,6.35,6.19,6.25,15933272,215086672.00
2013/12/05,6.22,6.31,6.19,6.24,13178903,177405872.00
2013/12/06,6.22,6.25,6.10,6.11,11368923,150006816.00
2013/12/09,6.11,6.20,6.08,6.09,11815782,154962112.00
2013/12/10,6.10,6.17,6.09,6.12,7845277,102898976.00
2013/12/11,6.11,6.12,5.94,5.98,9931716,127434272.00
2013/12/12,5.97,6.12,5.96,6.06,10647469,137480224.00
2013/12/13,6.12,6.31,6.08,6.28,25669148,342223424.00
2013/12/16,6.34,6.35,6.13,6.13,18345247,243987792.00
2013/12/17,6.14,6.22,6.07,6.13,12928300,170670432.00
2013/12/18,6.13,6.31,6.12,6.26,18366221,246366576.00
2013/12/19,6.31,6.38,6.20,6.25,18378404,248773600.00
2013/12/20,6.24,6.35,6.18,6.25,18655535,252108896.00
2013/12/23,6.27,6.29,6.00,6.03,16215194,211437552.00
2013/12/24,6.04,6.10,5.84,5.88,15573715,198513296.00
2013/12/25,5.91,6.02,5.86,5.98,11216608,142492736.00
2013/12/26,5.95,5.98,5.79,5.82,10844567,135724848.00
2013/12/27,5.80,5.96,5.79,5.92,9897847,124611336.00
2013/12/30,6.03,6.03,5.95,5.97,8637566,110306312.00
2013/12/31,5.99,6.18,5.94,6.16,16557388,217034816.00
2014/01/02,6.16,6.16,6.07,6.13,10112905,132287776.00
2014/01/03,6.11,6.19,6.10,6.14,14745778,193932240.00
2014/01/06,6.12,6.23,5.98,6.23,19171533,252344480.00
2014/01/07,6.12,6.20,5.98,6.06,15954528,207838272.00
2014/01/08,6.04,6.28,6.03,6.11,15295423,201555984.00
2014/01/09,6.07,6.17,5.89,5.94,17172583,220943184.00
2014/01/10,5.88,5.92,5.63,5.70,16056836,194427248.00
2014/01/13,5.70,5.72,5.59,5.61,7540993,89724288.00
2014/01/14,5.60,5.72,5.60,5.69,6602633,79077512.00
2014/01/15,5.69,5.71,5.60,5.70,6799813,81229112.00
2014/01/16,5.68,5.78,5.65,5.71,7910718,95735944.00
2014/01/17,5.68,5.75,5.61,5.66,5223900,62599208.00
2014/01/20,5.63,5.73,5.62,5.68,5469079,65705580.00
2014/01/21,5.69,5.81,5.69,5.76,7741008,94596144.00
2014/01/22,5.76,5.87,5.75,5.86,9773722,120855912.00
2014/01/23,5.83,5.88,5.80,5.83,7784603,96381696.00
2014/01/24,5.83,5.94,5.80,5.88,9548218,119474360.00
2014/01/27,5.85,5.86,5.74,5.74,8470001,104023200.00
2014/01/28,5.76,5.85,5.75,5.78,5241412,64339440.00
2014/01/29,5.78,5.85,5.78,5.82,6112687,75538208.00
2014/01/30,5.81,5.87,5.78,5.79,6131420,75790328.00
2014/02/07,5.79,5.83,5.69,5.82,8162718,99409544.00
2014/02/10,5.82,5.95,5.81,5.93,11830865,148644128.00
2014/02/11,5.90,6.06,5.90,5.94,14575378,185552704.00
2014/02/12,5.97,6.02,5.89,5.94,10110957,128070720.00
2014/02/13,5.92,6.02,5.90,5.93,12662020,160596128.00
2014/02/14,5.93,5.98,5.89,5.96,8861794,112136160.00
2014/02/17,5.99,6.02,5.96,5.98,13101027,166972640.00
2014/02/18,5.97,6.00,5.81,5.83,14516434,181520560.00
2014/02/19,5.81,5.91,5.75,5.85,11316832,139843456.00
2014/02/20,5.88,5.97,5.76,5.77,13873611,173632384.00
2014/02/21,5.76,5.79,5.62,5.63,11732074,141317680.00
2014/02/24,5.60,5.61,5.52,5.58,10139176,118451424.00
2014/02/25,5.60,5.62,5.38,5.40,9061946,105076480.00
2014/02/26,5.40,5.48,5.38,5.47,6547498,74413976.00
2014/02/27,5.49,5.52,5.40,5.40,7576922,86999456.00
2014/02/28,5.40,5.65,5.38,5.59,12209575,141995456.00
2014/03/03,5.57,5.60,5.52,5.57,7695854,90014944.00
2014/03/04,5.63,5.67,5.54,5.60,7857470,92422144.00
2014/03/05,5.60,5.61,5.48,5.49,6734800,78552632.00
2014/03/06,5.48,5.57,5.42,5.52,7409953,85704208.00
2014/03/07,5.52,5.61,5.48,5.49,6132299,71402576.00
2014/03/10,5.46,5.47,5.33,5.33,6021197,67880392.00
2014/03/11,5.33,5.41,5.32,5.37,3978456,44493240.00
2014/03/12,5.36,5.41,5.27,5.34,5122492,57087696.00
2014/03/13,5.36,5.46,5.34,5.40,6091743,68946344.00
2014/03/14,5.36,5.46,5.35,5.38,5227458,58898404.00
2014/03/17,5.37,5.43,5.35,5.43,3835781,43262120.00
2014/03/18,5.43,5.48,5.41,5.45,5281382,60167128.00
2014/03/19,5.42,5.43,5.38,5.40,3853496,43421036.00
2014/03/20,5.38,5.44,5.27,5.27,5550500,61945192.00
2014/03/21,5.25,5.49,5.25,5.46,11357584,128212064.00
2014/03/24,5.45,5.59,5.42,5.52,11852981,136711520.00
2014/03/25,5.49,5.56,5.48,5.50,6801507,78867328.00
2014/03/26,5.55,5.58,5.46,5.48,5252504,60719308.00
2014/03/27,5.47,5.52,5.39,5.43,7124217,81540472.00
2014/03/28,5.42,5.46,5.34,5.36,5378509,60671448.00
2014/03/31,5.38,5.39,5.30,5.35,3435230,38399088.00
2014/04/01,5.35,5.46,5.35,5.44,5575028,63421032.00
2014/04/02,5.47,5.48,5.42,5.45,4846012,55319772.00
2014/04/03,5.48,5.57,5.43,5.44,7798342,89971792.00
2014/04/04,5.42,5.49,5.38,5.49,5866873,66959880.00
2014/04/08,5.46,5.60,5.45,5.56,10366116,120678000.00
2014/04/09,5.56,5.58,5.51,5.54,6327981,73615784.00
2014/04/10,5.56,5.71,5.52,5.64,17062044,202325424.00
2014/04/11,5.64,5.67,5.58,5.60,8866377,104771776.00
2014/04/14,5.57,5.61,5.55,5.58,4743265,55676408.00
2014/04/15,5.57,5.58,5.50,5.51,5385695,62571956.00
2014/04/16,5.50,5.62,5.50,5.55,4703983,54992668.00
2014/04/17,5.56,5.61,5.52,5.56,4684300,54884684.00
2014/04/18,5.54,5.62,5.52,5.60,6098419,71666792.00
2014/04/21,5.58,5.66,5.52,5.52,7589252,89387216.00
2014/04/22,5.50,5.54,5.44,5.53,5264922,60680216.00
2014/04/23,5.50,5.58,5.49,5.56,5134011,59810852.00
2014/04/24,5.55,5.59,5.49,5.51,5399931,62837892.00
2014/04/25,5.46,5.50,5.34,5.35,9526290,107122016.00
2014/04/28,5.35,5.36,5.27,5.28,4948385,54634780.00
2014/04/29,5.29,5.37,5.27,5.35,4330586,47974140.00
2014/04/30,5.35,5.35,5.32,5.35,2665817,29691518.00
2014/05/05,5.33,5.40,5.29,5.38,3858884,42920636.00
2014/05/06,5.36,5.41,5.35,5.37,3928728,44154456.00
2014/05/07,5.36,5.40,5.34,5.34,3417915,38299388.00
2014/05/08,5.33,5.46,5.31,5.38,5256233,59249140.00
2014/05/09,5.39,5.41,5.34,5.40,4515634,50771620.00
2014/05/12,5.52,5.66,5.42,5.56,12628994,147330528.00
2014/05/13,5.54,5.58,5.49,5.51,6045978,70238624.00
2014/05/14,5.54,5.56,5.50,5.50,4074751,47246568.00
2014/05/15,5.52,5.52,5.39,5.39,4618601,52645492.00
2014/05/16,5.38,5.42,5.33,5.34,4359698,48848236.00
2014/05/19,5.35,5.36,5.28,5.31,3977651,43989656.00
2014/05/20,5.34,5.36,5.30,5.31,3494430,38737760.00
2014/05/21,5.31,5.37,5.27,5.36,3759630,41857888.00
2014/05/22,5.37,5.41,5.33,5.33,3989278,44760564.00
2014/05/23,5.33,5.37,5.31,5.36,2910804,32450364.00
2014/05/26,5.38,5.40,5.35,5.37,3084816,34536484.00
2014/05/27,5.37,5.38,5.33,5.33,2823930,31524344.00
2014/05/28,5.34,5.41,5.31,5.40,6786500,76088104.00
2014/05/29,5.39,5.39,5.31,5.32,5107812,56997216.00
2014/05/30,5.32,5.36,5.31,5.33,3653807,40625836.00
2014/06/03,5.33,5.37,5.32,5.33,2558670,28471392.00
2014/06/04,5.32,5.33,5.27,5.29,3936339,43343640.00
2014/06/05,5.30,5.33,5.27,5.33,4294955,47362720.00
2014/06/06,5.33,5.33,5.25,5.27,4227359,46479892.00
2014/06/09,5.25,5.31,5.25,5.25,2611043,28627120.00
2014/06/10,5.28,5.33,5.26,5.32,4526106,50021980.00
2014/06/11,5.30,5.31,5.27,5.29,2887385,31810296.00
2014/06/12,5.27,5.30,5.26,5.27,3101116,34075312.00
2014/06/13,5.28,5.35,5.25,5.32,5673912,62403692.00
2014/06/16,5.32,5.35,5.31,5.34,4906403,54207700.00
2014/06/17,5.33,5.33,5.28,5.28,3815419,41903424.00
2014/06/18,5.28,5.31,5.24,5.24,4811379,52333012.00
2014/06/19,5.25,5.27,5.11,5.14,4779770,51132676.00
2014/06/27,5.21,5.23,5.13,5.19,6808592,72597424.00
2014/06/30,5.18,5.26,5.18,5.23,6327885,68157984.00
2014/07/01,5.23,5.25,5.20,5.23,4973647,53636008.00
2014/07/02,5.23,5.27,5.22,5.26,4569287,49562848.00
2014/07/03,5.26,5.28,5.23,5.26,4991233,54237836.00
2014/07/04,5.27,5.28,5.22,5.22,3977420,43057616.00
2014/07/07,5.22,5.26,5.19,5.22,3334085,35909364.00
2014/07/08,5.22,5.26,5.21,5.25,5003676,54118476.00
2014/07/09,5.24,5.26,5.16,5.17,5259060,56551172.00
2014/07/10,5.19,5.19,5.16,5.18,3343896,35661488.00
2014/07/11,5.18,5.24,5.16,5.18,7493075,80200328.00
2014/07/14,5.18,5.25,5.17,5.25,7782769,83658976.00
2014/07/15,5.25,5.33,5.22,5.33,11329008,123287528.00
2014/07/16,5.33,5.42,5.27,5.32,14373373,158987760.00
2014/07/17,5.30,5.35,5.26,5.33,8895989,97887072.00
2014/07/18,5.33,5.42,5.27,5.39,17534687,195249376.00
2014/07/21,5.38,5.38,5.30,5.36,8105194,89900368.00
2014/07/22,5.37,5.41,5.34,5.37,17530945,195831408.00
2014/07/23,5.37,5.42,5.33,5.34,13388850,149454544.00
2014/07/24,5.34,5.51,5.34,5.45,19871958,225025344.00
2014/07/25,5.43,5.50,5.40,5.47,12998924,147508656.00
2014/07/28,5.54,5.81,5.49,5.64,36470734,432229088.00
2014/07/29,5.59,5.67,5.57,5.58,20348182,238765856.00
2014/07/30,5.59,5.66,5.56,5.60,15102369,177357264.00
2014/07/31,5.60,5.64,5.58,5.64,11266809,132602888.00
2014/08/01,5.62,5.66,5.52,5.53,13505637,158173472.00
2014/08/04,5.57,5.70,5.54,5.69,19713425,233271424.00
2014/08/05,5.68,5.72,5.63,5.67,14009752,166746864.00
2014/08/06,5.65,5.72,5.62,5.67,15388455,183161824.00
2014/08/07,5.71,5.78,5.64,5.64,18017173,216532368.00
2014/08/08,5.65,5.69,5.58,5.61,11181627,132039584.00
2014/08/11,5.62,5.72,5.62,5.68,10603852,126605112.00
2014/08/12,5.70,5.70,5.63,5.68,10748918,127783680.00
2014/08/13,5.68,5.75,5.66,5.70,11975233,143298272.00
2014/08/14,5.69,5.77,5.66,5.67,14635886,176252080.00
2014/08/15,5.68,5.86,5.67,5.84,25728183,314116032.00
2014/08/18,5.85,5.88,5.77,5.80,16563294,203200128.00
2014/08/19,5.81,5.83,5.71,5.77,14580303,177105728.00
2014/08/20,5.76,5.83,5.74,5.78,11493741,140420672.00
2014/08/21,5.78,5.80,5.67,5.70,10351984,124449912.00
2014/08/22,5.70,5.78,5.69,5.76,9619772,115899592.00
2014/08/25,5.77,5.78,5.64,5.65,9951525,119427704.00
2014/08/26,5.64,5.68,5.52,5.55,9267848,108544920.00
2014/08/27,5.55,5.60,5.53,5.56,6501716,75662960.00
2014/08/28,5.55,5.60,5.49,5.52,7711829,89189032.00
2014/08/29,5.53,5.57,5.51,5.57,5232195,60665880.00
2014/09/01,5.57,5.62,5.56,5.60,7546252,88476184.00
2014/09/02,5.61,5.70,5.59,5.69,13695845,162285776.00
2014/09/03,5.69,5.73,5.67,5.69,11954087,143148128.00
2014/09/04,5.70,5.77,5.68,5.77,12963209,156506624.00
2014/09/05,5.81,5.85,5.74,5.80,17001244,207741392.00
2014/09/09,5.82,5.82,5.75,5.78,9518323,115964832.00
2014/09/10,5.77,5.77,5.72,5.75,8726205,105494088.00
2014/09/11,5.74,5.87,5.73,5.74,16809433,204878608.00
2014/09/12,5.74,5.78,5.70,5.78,7872643,95253952.00
2014/09/15,5.77,5.83,5.74,5.80,12119296,147630640.00
2014/09/16,5.80,5.82,5.65,5.65,16086446,194668112.00
2014/09/17,5.66,5.71,5.62,5.66,8289939,98443976.00
2014/09/18,5.65,5.77,5.63,5.74,11580574,138927088.00
2014/09/19,5.77,5.77,5.71,5.76,9563129,115734848.00
2014/09/22,5.76,5.86,5.76,5.77,23733813,290648960.00
2014/09/23,5.78,6.24,5.77,6.02,44062921,561152000.00
2014/09/24,5.97,6.53,5.95,6.53,60076934,812853632.00
2014/09/25,6.83,7.09,6.81,6.96,109441657,1655330048.00
2014/09/26,6.85,6.97,6.82,6.87,49319169,738089600.00
2014/09/29,6.94,7.02,6.80,6.86,51000375,764036416.00
2014/09/30,6.90,6.92,6.66,6.72,38488590,562009920.00
2014/10/08,6.72,6.87,6.63,6.81,34593181,506069920.00
2014/10/09,6.79,6.79,6.64,6.72,25962359,377203008.00
2014/10/10,6.68,6.85,6.65,6.75,28216694,412770976.00
2014/10/13,6.69,6.85,6.63,6.81,25462570,372680736.00
2014/10/14,6.80,6.87,6.62,6.70,25212728,369590336.00
2014/10/15,6.69,7.06,6.63,6.91,46811588,701604096.00
2014/10/16,6.83,6.97,6.70,6.70,32194061,476972064.00
2014/10/17,6.69,6.82,6.53,6.77,26779831,388324256.00
2014/10/20,6.73,6.85,6.68,6.77,19010424,279016448.00
2014/10/21,6.77,6.93,6.72,6.75,26293295,390174432.00
2014/10/22,6.75,6.92,6.68,6.75,26828343,396543424.00
2014/10/23,6.70,7.02,6.68,6.91,39153101,584430144.00
2014/10/24,6.89,6.94,6.77,6.81,21607597,321666624.00
2014/10/27,6.62,6.63,6.28,6.32,32419200,450426528.00
2014/10/28,6.38,6.61,6.34,6.56,28957544,403512704.00
2014/10/29,6.57,6.99,6.51,6.84,40205886,588619008.00
2014/10/30,6.78,7.01,6.76,6.96,34717623,522567712.00
2014/10/31,7.02,7.45,7.01,7.20,59511939,946329600.00
2014/11/03,7.22,7.35,7.10,7.14,39791527,628846464.00
2014/11/04,7.10,7.43,7.08,7.35,43218518,692860800.00
2014/11/05,7.32,7.70,7.23,7.49,44165427,727445056.00
2014/11/06,7.45,7.63,7.39,7.52,28542458,472714080.00
2014/11/07,7.57,8.08,7.53,7.66,46645154,803579712.00
2014/11/10,7.81,7.99,7.47,7.89,41589656,716384704.00
2014/11/11,7.93,8.23,7.50,7.68,51568464,898947712.00
2014/11/12,7.61,7.97,7.50,7.97,33460723,572364224.00
2014/11/13,7.97,8.15,7.82,7.87,40070625,709720896.00
2014/11/14,7.74,7.82,7.55,7.62,22039268,372917504.00
2014/11/17,7.74,7.79,7.41,7.56,25949488,436000896.00
2014/11/18,7.51,7.64,7.41,7.51,17063188,282961248.00
2014/11/19,7.49,7.66,7.46,7.56,16640978,279071296.00
2014/11/20,7.53,7.90,7.51,7.85,29417885,507253280.00
2014/11/21,7.84,8.44,7.73,8.36,45040009,812213568.00
2014/11/24,8.60,8.99,8.49,8.73,54651386,1073978880.00
2014/11/25,8.72,8.89,8.61,8.69,28748612,563826688.00
2014/11/26,8.80,9.27,8.76,8.94,36268658,734648320.00
2014/11/27,9.02,9.47,8.77,9.32,51642230,1062271552.00
2014/11/28,9.22,9.46,9.00,9.26,41235851,861538496.00
2014/12/01,9.29,9.60,8.97,9.19,39244690,826540352.00
2014/12/02,9.09,10.02,9.02,10.02,49144530,1085078272.00
2014/12/03,10.31,10.93,10.08,10.74,71838145,1752136704.00
2014/12/04,10.51,11.72,10.39,11.72,50167847,1291128576.00
2014/12/05,12.29,12.80,11.68,12.80,72038244,2103933056.00
2014/12/08,12.80,13.99,12.45,13.99,59217924,1874341248.00
2014/12/09,14.04,15.29,12.68,13.18,81466623,2813656576.00
2014/12/10,13.82,14.40,13.19,14.40,109683130,3630990336.00
2014/12/11,14.04,14.24,13.05,13.05,101849666,3233376512.00
2014/12/12,12.45,13.98,12.38,12.97,70019033,2155438848.00
2014/12/15,12.85,13.31,12.41,13.12,42137290,1260347264.00
2014/12/16,13.17,14.33,13.08,14.33,71876240,2326382336.00
2014/12/17,14.72,15.19,13.70,14.78,79006487,2725340160.00
2014/12/18,14.36,14.43,13.41,13.43,47173142,1541653248.00
2014/12/19,13.41,13.68,12.44,12.91,41761260,1275675648.00
2014/12/22,12.61,13.11,12.06,12.56,35574118,1044927808.00
2014/12/23,12.49,12.92,12.34,12.46,24290994,717607360.00
2014/12/24,12.61,12.80,11.46,11.74,38543367,1083733760.00
2014/12/25,11.79,12.82,11.70,12.82,57783361,1684994176.00
2014/12/26,12.81,14.01,12.71,14.01,71417993,2276851712.00
2014/12/29,14.44,15.02,13.97,14.40,80643613,2743661824.00
2014/12/30,14.40,15.74,14.24,15.74,89115367,3218068992.00
2014/12/31,15.62,17.14,15.51,15.81,88970617,3425433088.00
2015/01/05,15.63,16.58,15.31,15.91,76374660,2902939136.00
2015/01/06,15.35,15.71,14.60,15.15,73107866,2627899136.00
2015/01/07,15.07,16.02,14.97,15.15,60812940,2222879232.00
2015/01/08,15.07,15.91,14.31,15.34,77357193,2767288320.00
2015/01/09,15.05,16.02,14.83,14.84,76893987,2823690240.00
2015/01/12,14.67,15.09,14.30,14.54,39221291,1356998528.00
2015/01/13,14.44,14.95,14.32,14.89,40530306,1399120256.00
2015/01/14,14.83,15.04,14.52,14.64,33993848,1185483136.00
2015/01/15,14.56,15.18,14.20,14.95,45549722,1581706752.00
2015/01/16,14.88,14.99,14.45,14.65,38620214,1339399552.00
2015/01/19,13.28,13.42,13.28,13.28,13089224,407347584.00
2015/01/20,12.22,12.81,12.18,12.43,60175886,1743814272.00
2015/01/21,12.69,13.48,12.57,13.24,53787018,1621514880.00
2015/01/22,13.14,13.25,12.83,13.15,31514674,962479168.00
2015/01/23,13.17,14.00,13.17,13.51,44829021,1438349824.00
2015/01/26,13.73,13.91,13.40,13.55,25845029,824136832.00
2015/01/27,13.45,13.52,13.01,13.24,30159358,936072128.00
2015/01/28,13.21,13.63,13.05,13.28,26213898,821382144.00
2015/01/29,12.80,13.04,12.55,12.80,25664863,767395136.00
2015/01/30,12.86,12.97,12.45,12.45,20015690,591711488.00
2015/02/02,12.14,12.52,11.87,12.29,21001677,595076160.00
2015/02/03,12.51,12.86,12.34,12.80,25076604,735415296.00
2015/02/04,12.75,13.01,12.34,12.40,24858218,739713472.00
2015/02/05,12.85,12.85,12.30,12.35,24307667,716053824.00
2015/02/06,12.29,12.73,12.22,12.51,20809792,607024512.00
2015/02/09,12.59,13.67,12.59,13.67,47963279,1498787328.00
2015/02/10,14.04,14.83,13.89,14.63,76387758,2589524736.00
2015/02/11,14.52,14.88,14.30,14.87,48449445,1658679296.00
2015/02/12,14.79,14.83,14.44,14.60,33876398,1171089792.00
2015/02/13,14.72,14.83,14.28,14.32,39149156,1341557248.00
2015/02/16,14.21,15.23,14.21,14.91,49305654,1715420160.00
2015/02/17,14.85,15.42,14.72,14.82,42538951,1512306816.00
2015/02/25,14.79,14.81,14.22,14.34,22271125,757711872.00
2015/02/26,14.29,15.68,14.17,15.68,65938433,2388497408.00
2015/02/27,15.82,16.29,15.49,15.63,67226851,2534779648.00
2015/03/02,16.12,16.62,15.71,15.81,57573365,2198755328.00
2015/03/03,15.69,15.82,14.98,14.99,48129911,1739233280.00
2015/03/04,14.83,15.19,14.70,14.87,36078006,1268879872.00
2015/03/05,14.76,15.54,14.72,15.09,37905801,1358789248.00
2015/03/06,14.83,15.38,14.72,14.74,27992846,989655872.00
2015/03/09,14.17,14.73,13.68,14.52,35459291,1174384256.00
2015/03/10,14.40,15.27,14.34,14.84,32263173,1124993536.00
2015/03/11,14.84,15.51,14.79,15.10,36116901,1297905920.00
2015/03/12,15.15,15.61,14.76,15.26,37761937,1357845888.00
2015/03/13,15.47,15.71,15.00,15.14,32867455,1192817792.00
2015/03/16,15.20,15.49,14.79,15.35,34577991,1241680640.00
2015/03/17,15.53,15.83,15.24,15.64,48709484,1792966400.00
2015/03/18,15.74,15.87,15.45,15.66,38867948,1440592256.00
2015/03/19,15.58,15.69,15.37,15.39,30034175,1102945536.00
2015/03/20,15.40,16.84,15.39,16.84,81723955,3175237888.00
2015/03/23,17.17,18.43,16.85,18.43,85745340,3586277120.00
2015/03/24,18.78,20.06,18.21,19.28,84515165,3851499776.00
2015/03/25,19.28,20.12,18.56,18.60,70257796,3228577280.00
2015/03/26,18.40,19.32,18.02,18.76,58071375,2607470848.00
2015/03/27,18.45,19.03,18.19,18.47,34463183,1537812992.00
2015/03/30,18.42,19.47,18.33,19.04,45913472,2087016320.00
2015/03/31,19.20,20.34,18.36,18.76,55279850,2574282240.00
2015/04/01,18.60,19.40,18.60,19.20,37345614,1695705600.00
2015/04/02,19.20,19.38,18.65,19.00,30930867,1404963456.00
2015/04/03,18.74,19.44,18.67,19.16,38938431,1785574016.00
2015/04/07,19.20,19.56,18.93,19.42,42729774,1967275136.00
2015/04/08,19.42,21.27,19.20,21.27,61884911,3073422080.00
2015/04/09,22.49,23.30,21.27,21.51,87075072,4740048896.00
2015/04/10,21.28,23.56,20.79,23.56,64089066,3455035904.00
2015/04/13,24.79,25.82,24.02,25.82,64508033,3893520384.00
2015/04/14,25.82,28.28,24.60,26.58,76444010,4925048832.00
2015/04/15,25.95,27.45,24.68,24.68,51415957,3264354816.00
2015/04/16,23.85,25.91,23.69,24.56,46224675,2773263616.00
2015/04/17,24.50,25.14,24.01,24.40,41313089,2464985600.00
2015/04/20,24.48,24.48,22.77,23.29,40106467,2306111744.00
2015/04/21,23.56,25.52,23.56,25.52,37576567,2259322880.00
2015/04/22,26.74,27.98,26.03,27.98,51279343,3374501888.00
2015/04/23,29.04,30.51,27.18,27.81,78134173,5503874048.00
2015/04/24,27.22,28.72,26.78,27.71,57435794,3866622720.00
2015/04/27,27.52,28.27,26.91,27.16,39839927,2656126208.00
2015/04/28,27.10,27.33,26.08,26.37,43223824,2801522432.00
2015/04/29,25.95,28.13,24.76,27.35,49599025,3176024064.00
2015/04/30,27.45,27.72,26.07,26.10,34063363,2229758976.00
2015/05/04,25.67,26.95,25.39,26.11,23424834,1493233408.00
2015/05/05,25.87,27.72,25.79,26.38,42541667,2782702080.00
2015/05/06,26.41,27.70,26.04,26.83,39287464,2572311552.00
2015/05/07,26.70,28.88,26.34,28.04,50138960,3369939712.00
2015/05/08,27.93,28.19,26.41,27.34,44703761,2953710848.00
2015/05/11,27.53,28.41,27.14,28.32,48199690,3271418112.00
2015/05/12,28.06,30.15,27.53,28.74,56414658,3977534720.00
2015/05/13,28.42,28.52,27.50,27.52,37605466,2555592448.00
2015/05/14,27.53,28.27,26.97,27.17,27889927,1861340416.00
2015/05/15,26.98,26.98,25.67,26.00,29434221,1883086464.00
2015/05/18,25.55,26.90,25.35,26.00,24146172,1539463168.00
2015/05/19,26.01,28.51,25.95,28.20,62955455,4251308800.00
2015/05/20,27.80,27.91,26.96,27.26,45326594,3017535488.00
2015/05/21,26.98,27.41,26.58,27.02,30016010,1969301120.00
2015/05/22,27.42,28.51,27.11,27.74,52401126,3553166848.00
2015/05/25,27.74,28.85,27.74,28.07,53441768,3677216256.00
2015/05/26,28.08,28.63,27.31,28.30,49942364,3393961984.00
2015/05/27,28.44,30.94,28.13,29.46,64924437,4698017280.00
2015/05/28,29.12,29.66,26.61,26.61,49932808,3446210304.00
2015/05/29,26.15,27.10,25.42,25.84,36989361,2364421376.00
2015/06/01,25.83,27.45,25.75,27.10,32896220,2123212032.00
2015/06/02,26.90,27.41,26.55,27.08,26460414,1727867904.00
2015/06/03,27.33,28.51,27.14,27.66,31093485,2101843072.00
2015/06/04,28.33,30.13,27.71,29.52,60657806,4270461696.00
2015/06/05,30.67,30.81,28.49,29.06,46569594,3358418944.00
2015/06/08,29.12,31.87,28.72,31.87,57553760,4323916800.00
2015/06/09,32.93,33.87,31.53,32.49,61345868,4949343744.00
2015/06/10,31.86,32.20,30.58,31.26,49248162,3764460544.00
2015/06/11,30.91,31.26,29.82,30.40,40931766,3039794944.00
2015/06/12,29.97,32.16,29.97,30.04,108093988,4081686528.00
2015/06/15,30.53,31.28,28.24,28.30,96844354,3501306880.00
2015/06/16,27.44,29.02,26.08,26.72,79856894,2674758912.00
2015/06/17,26.72,27.12,25.21,26.67,72437689,2297283328.00
2015/06/18,26.40,26.40,24.14,24.31,72802962,2240453888.00
2015/06/19,23.65,25.81,23.24,23.66,84755999,2542721280.00
2015/06/23,23.93,25.93,23.45,25.73,88062150,2633170432.00
2015/06/24,25.94,25.95,24.89,25.78,80583996,2475720704.00
2015/06/25,25.61,26.04,24.08,24.51,67302314,2061826048.00
2015/06/26,23.74,25.23,22.16,22.16,79461828,2255927552.00
2015/06/29,23.08,23.19,20.04,21.47,101017703,2649514496.00
2015/06/30,21.64,23.52,20.61,23.52,95886006,2594141440.00
2015/07/01,23.69,24.91,23.24,23.70,122936090,3588774656.00
2015/07/02,24.74,25.44,23.47,24.74,134494461,4009130496.00
2015/07/03,23.86,26.85,23.47,25.69,147175029,4495830528.00
2015/07/06,28.16,28.16,25.69,27.49,142294790,4685763584.00
2015/07/07,26.40,27.43,24.84,24.84,135023715,4143525120.00
2015/07/08,22.46,22.83,22.46,22.46,170931857,4624057344.00
2015/07/09,22.46,24.60,20.31,24.60,83845971,2369021440.00
2015/07/10,24.82,26.96,24.62,26.96,96931090,3118355456.00
2015/07/13,27.00,28.94,25.61,27.76,124648296,4125644032.00
2015/07/14,26.50,27.97,25.62,25.87,90189442,2922585856.00
2015/07/15,25.22,26.78,24.08,24.12,70683161,2182285824.00
2015/07/16,22.43,25.09,22.43,23.94,51133673,1480338944.00
2015/07/17,24.26,25.98,23.70,25.43,56985482,1701124224.00
2015/07/20,25.43,25.98,24.42,24.81,56126849,1701846016.00
2015/07/21,24.27,25.77,23.86,24.92,68082337,2043489024.00
2015/07/22,24.46,24.93,23.94,24.09,45570333,1339176704.00
2015/07/23,24.26,25.43,24.26,24.77,60239722,1815381888.00
2015/07/24,24.78,25.03,23.70,23.86,55242166,1629540480.00
2015/07/27,23.24,23.70,21.58,21.58,51111949,1401659008.00
2015/07/28,20.88,22.90,19.52,22.40,74704514,1930659456.00
2015/07/29,22.27,22.43,21.26,22.27,40510537,1067950208.00
2015/07/30,21.94,22.67,20.65,21.12,35670061,940395648.00
2015/07/31,20.77,21.44,19.89,20.35,32081356,801438464.00
2015/08/03,19.93,20.62,19.20,19.35,28956952,683901376.00
2015/08/04,19.59,20.37,19.27,20.30,32975929,785417664.00
2015/08/05,20.21,20.40,19.62,19.73,28826889,690779328.00
2015/08/06,19.34,19.58,18.94,18.97,26740227,613978688.00
2015/08/07,19.27,19.55,19.03,19.35,30826026,711023616.00
2015/08/10,19.50,21.19,19.24,21.19,70232681,1701894144.00
2015/08/11,21.19,21.22,20.62,20.79,54964626,1382081408.00
2015/08/12,20.41,21.76,20.22,20.84,51272500,1294330880.00
2015/08/13,20.85,21.37,20.51,21.08,37107335,933992768.00
2015/08/14,21.36,21.62,20.93,21.10,43589552,1107552512.00
2015/08/17,20.85,20.93,20.43,20.59,32031248,791187968.00
2015/08/18,20.97,22.16,19.11,19.64,72366278,1835952128.00
2015/08/19,19.02,20.06,18.35,19.84,45326814,1050796800.00
2015/08/20,19.35,19.73,18.79,18.85,28924493,664796160.00
2015/08/21,18.66,19.42,18.08,18.23,36117085,813765056.00
2015/08/24,17.12,18.03,16.51,16.51,30779850,609907648.00
2015/08/25,14.96,15.36,14.96,14.96,30333841,535190816.00
2015/08/26,14.58,15.53,13.56,13.56,62874859,1057588992.00
2015/08/27,13.62,14.36,12.35,14.34,68050005,1078285568.00
2015/08/28,14.21,15.25,13.85,14.83,71181274,1194006528.00
2015/08/31,14.60,14.62,13.49,14.11,57499866,941376256.00
2015/09/01,13.77,14.77,13.03,14.75,79996108,1338245632.00
2015/09/02,13.86,15.17,13.70,14.96,68217887,1177930112.00
2015/09/07,14.97,15.73,14.50,14.52,31711512,562341952.00
2015/09/08,14.17,15.21,13.71,15.12,28807104,488013344.00
2015/09/09,15.13,15.82,14.89,15.41,41064767,743371456.00
2015/09/10,15.05,15.22,14.50,14.61,24942493,437824672.00
2015/09/11,14.61,14.94,14.45,14.52,15429306,265495808.00
2015/09/14,14.40,14.58,13.17,13.17,31677926,500367648.00
2015/09/15,12.63,13.10,11.96,11.96,28049890,401152480.00
2015/09/16,12.04,13.05,11.55,12.84,31057419,444324992.00
2015/09/17,12.58,13.00,12.18,12.23,27480935,403777568.00
2015/09/18,12.36,12.39,12.01,12.24,14747210,208553216.00
2015/09/21,12.05,12.81,11.94,12.69,21194828,305720416.00
2015/09/22,12.71,13.85,12.66,13.85,66748351,1064764416.00
2015/09/23,13.27,13.69,13.23,13.39,40405420,633697088.00
2015/09/24,13.52,13.77,13.30,13.51,26025411,410412160.00
2015/09/25,13.39,13.66,12.68,12.85,23993728,367355104.00
2015/09/28,13.03,13.17,12.67,13.12,15275742,230871952.00
2015/09/29,12.85,14.30,12.59,13.65,38631657,609823936.00
2015/09/30,13.47,14.26,13.39,13.85,45042447,732814272.00
2015/10/08,14.70,14.70,14.16,14.26,41233495,696480064.00
2015/10/09,14.11,14.66,14.02,14.49,33607081,567269312.00
2015/10/12,14.49,15.67,14.35,15.33,48500119,859754240.00
2015/10/13,15.01,15.50,14.95,15.14,32018852,571710336.00
2015/10/14,15.01,15.37,14.66,14.68,36046545,634906496.00
2015/10/15,14.54,15.08,14.51,15.07,35047893,612009728.00
2015/10/16,15.29,15.81,15.21,15.55,56696060,1039722368.00
2015/10/19,15.61,17.01,15.61,17.01,101147194,2013811712.00
2015/10/20,17.01,17.97,16.69,17.83,89323218,1819652096.00
2015/10/21,17.81,17.81,16.15,16.40,73139659,1487755392.00
2015/10/22,16.20,17.20,16.09,17.05,48109356,950203328.00
2015/10/23,16.98,17.30,16.52,17.03,58328122,1176859008.00
2015/10/26,17.20,18.63,17.11,18.03,91981642,1989603840.00
2015/10/27,17.53,18.02,16.38,17.75,61727824,1260630784.00
2015/10/28,17.41,17.66,16.71,16.84,41084464,838126976.00
2015/10/29,17.08,17.26,16.84,16.96,28457282,575588672.00
2015/10/30,16.81,18.55,16.49,17.97,108460311,2336635136.00
2015/11/02,16.96,17.99,16.47,17.12,59740964,1236122752.00
2015/11/03,17.12,18.25,17.12,17.82,66096548,1394552320.00
2015/11/04,18.09,19.51,17.92,19.51,95403028,2181321728.00
2015/11/05,20.85,21.35,20.57,21.35,43152420,1095432448.00
2015/11/06,22.04,23.39,21.65,23.39,138638906,3798069760.00
2015/11/09,24.04,25.62,24.03,25.27,172741111,5262882816.00
2015/11/10,24.42,27.70,24.35,27.34,169335029,5387402240.00
2015/11/11,26.62,29.97,26.07,29.97,149664725,5019853312.00
2015/11/12,29.36,32.75,29.34,30.85,182651133,6877317120.00
2015/11/13,30.36,33.19,30.36,32.27,154279612,5996882944.00
2015/11/16,31.24,33.14,30.93,32.27,109048196,4244044544.00
2015/11/17,32.43,35.40,32.43,33.43,185692146,7792353280.00
2015/11/18,33.31,33.31,30.19,30.46,168684248,6486050304.00
2015/11/19,30.80,32.63,30.49,32.60,122962121,4730453504.00
2015/11/20,32.26,32.35,30.83,31.53,108771858,4175470336.00
2015/11/23,31.56,32.83,30.02,30.93,100104750,3825579520.00
2015/11/24,30.61,32.59,30.30,31.66,100978371,3893435136.00
2015/11/25,31.16,32.12,30.85,31.67,84480622,3235222272.00
2015/11/26,32.00,32.91,30.76,30.97,105058680,4069498112.00
2015/11/27,30.09,30.52,27.97,27.98,105735063,3758328064.00
2015/11/30,28.25,30.01,27.35,29.45,104773891,3644906752.00
2015/12/01,29.10,29.10,27.82,28.34,71060032,2455992576.00
2015/12/02,28.34,30.24,27.84,29.92,101299765,3601368832.00
2015/12/03,29.39,30.20,28.69,29.26,81619730,2915814144.00
2015/12/04,28.79,29.12,28.11,28.33,59961807,2077619072.00
2015/12/07,28.01,28.77,27.12,28.31,66271105,2246337536.00
2015/12/08,27.99,29.22,27.76,28.11,69802058,2432263680.00
2015/12/09,27.76,29.36,27.61,28.78,76464378,2677856512.00
2015/12/10,29.02,31.16,28.94,29.28,116556602,4273962752.00
2015/12/11,28.54,30.69,28.03,29.62,99062479,3526317312.00
2015/12/14,28.85,32.48,28.70,32.48,140701104,5295587328.00
2015/12/15,32.75,33.16,31.35,31.44,133027208,5223117312.00
2015/12/16,31.51,32.24,30.77,31.06,86221070,3303827200.00
2015/12/17,31.36,32.20,30.77,31.05,112221604,4288150784.00
2015/12/18,30.89,31.31,30.37,30.65,74590586,2792719104.00
2015/12/21,30.52,31.32,29.56,30.20,90241603,3374146816.00
2015/12/22,30.21,30.60,29.85,30.41,58214125,2145127040.00
2015/12/23,30.49,31.55,30.21,30.50,132272047,4978696704.00
2015/12/24,29.74,29.99,28.17,28.49,93894534,3303520256.00
2015/12/25,28.49,28.62,27.54,28.08,55861782,1909690496.00
2015/12/28,28.56,28.95,27.85,28.00,54373618,1876779008.00
2015/12/29,27.98,28.77,27.90,28.43,43905834,1518237696.00
2015/12/30,28.43,28.50,27.90,28.07,44171634,1506243072.00
2015/12/31,28.15,28.27,27.12,27.12,58817088,1969176576.00
2016/01/04,26.40,26.71,24.51,24.51,46116397,1419522432.00
2016/01/05,23.14,25.05,22.43,24.62,68918956,1974184704.00
2016/01/06,24.34,25.20,23.86,24.66,56736321,1674400256.00
2016/01/07,24.03,24.12,22.30,22.39,16875451,468966592.00
2016/01/08,23.11,24.52,21.05,23.54,88514369,2485191424.00
2016/01/11,22.42,22.82,21.29,21.29,62754645,1674802176.00
2016/01/12,21.63,22.71,21.63,21.97,69486200,1855111040.00
2016/01/13,22.21,23.58,21.65,22.66,98868439,2699714304.00
2016/01/14,21.56,23.62,21.33,23.58,97823590,2725378816.00
2016/01/15,23.21,23.54,22.34,22.76,77249829,2135168640.00
2016/01/18,22.29,23.23,22.29,22.69,52964205,1455055488.00
2016/01/19,22.72,24.77,22.58,24.17,102674462,2948043264.00
2016/01/20,23.63,24.08,23.38,23.66,79206654,2270283776.00
2016/01/21,22.59,23.42,21.40,21.41,91458452,2485639424.00
2016/01/22,21.58,21.80,20.30,20.95,66604381,1677396352.00
2016/01/25,20.89,21.24,20.61,20.85,42552922,1067224320.00
2016/01/26,20.63,21.56,19.77,20.07,79752937,1993829760.00
2016/01/27,20.09,20.50,18.94,20.19,69410972,1658728832.00
2016/01/28,19.93,20.65,19.26,19.39,60055525,1442291200.00
2016/01/29,19.40,20.51,19.24,20.17,70643395,1701754752.00
2016/02/01,19.97,20.13,18.76,19.16,45450554,1057846144.00
2016/02/02,19.21,19.80,19.21,19.56,41994965,982910336.00
2016/02/03,18.86,19.13,18.47,19.03,49757347,1119457024.00
2016/02/04,19.22,19.81,19.01,19.54,63121675,1458394624.00
2016/02/05,19.41,19.43,18.74,18.77,41062549,937239680.00
2016/02/15,17.84,18.54,17.76,18.38,29233484,632813056.00
2016/02/16,18.82,19.93,18.70,19.60,67615309,1573381376.00
2016/02/17,19.41,20.00,19.28,19.83,64007129,1506220800.00
2016/02/18,20.06,20.46,19.35,19.42,74915366,1782368896.00
2016/02/19,19.34,19.65,19.10,19.40,50644663,1171871232.00
2016/02/22,19.70,20.84,19.42,20.38,93376772,2250002688.00
2016/02/23,20.26,20.27,19.65,19.91,55618976,1328013568.00
2016/02/24,19.75,20.13,19.35,20.04,52034911,1231601408.00
2016/02/25,20.05,20.09,18.14,18.14,66028392,1497371392.00
2016/02/26,18.19,18.36,16.88,17.47,56381255,1188104832.00
2016/02/29,17.19,17.23,15.82,16.26,54689136,1047397248.00
2016/03/01,16.26,17.67,15.71,17.08,64404587,1269590400.00
2016/03/02,16.80,18.15,16.74,17.88,76770065,1591475840.00
2016/03/03,17.74,18.13,17.50,17.52,63315836,1337211392.00
2016/03/04,17.62,18.04,17.14,17.44,68964749,1449431680.00
2016/03/07,17.59,18.11,17.52,17.67,48554063,1026166272.00
2016/03/08,17.56,17.56,16.47,17.39,47441844,955634048.00
2016/03/09,16.88,18.13,16.64,17.35,57764645,1201060224.00
2016/03/10,17.20,17.55,16.72,16.78,41131477,834018752.00
2016/03/11,16.48,17.42,16.48,16.98,46496046,937577536.00
2016/03/14,17.39,17.84,17.08,17.27,83590964,1735509760.00
2016/03/15,17.17,17.22,16.81,16.93,45202470,909608512.00
2016/03/16,16.89,17.25,16.65,16.75,39418598,789713408.00
2016/03/17,16.87,17.66,16.71,17.34,75312533,1537720960.00
2016/03/18,17.48,18.97,17.32,18.97,142573725,3119949568.00
2016/03/21,20.45,20.77,20.06,20.77,58289031,1438147584.00
2016/03/22,22.35,22.74,21.67,22.12,282369726,7578234880.00
2016/03/23,21.74,24.23,21.38,24.23,221903551,5973597184.00
2016/03/24,23.17,25.11,23.04,23.52,236645388,6876386816.00
2016/03/25,22.83,23.23,22.04,22.66,278923060,7635776512.00
2016/03/28,22.42,22.83,22.03,22.10,171248742,4612884480.00
2016/03/29,22.08,22.56,21.48,21.97,192053256,5102903296.00
2016/03/30,22.34,22.88,22.14,22.62,221405070,5992677888.00
2016/03/31,22.74,23.47,22.27,22.45,208461534,5703721984.00
2016/04/01,22.12,22.24,21.15,21.48,157886880,4107065344.00
2016/04/05,21.48,23.07,21.33,22.52,186091541,4963842560.00
2016/04/06,22.34,22.45,21.81,22.08,128248424,3418875648.00
2016/04/07,22.35,22.57,21.88,21.92,157142451,4212202496.00
2016/04/08,21.37,21.49,20.77,21.31,157894518,4008588032.00
2016/04/21,20.50,21.22,20.12,20.24,125843000,3093118720.00
2016/04/22,19.97,20.53,19.84,20.40,98484400,2387597568.00
2016/04/25,20.15,20.25,19.58,19.79,84031417,1999911040.00
2016/04/26,20.09,20.74,19.97,20.41,122169037,2977530112.00
2016/04/27,20.29,20.33,19.79,19.92,95484458,2292448768.00
2016/04/28,19.92,20.20,19.47,20.11,117179405,2786520320.00
2016/04/29,19.81,20.01,19.69,19.74,75273947,1785651840.00
2016/05/03,19.89,20.72,19.67,20.60,133992292,3273611264.00
2016/05/04,20.53,20.84,20.41,20.48,101868566,2514038272.00
2016/05/05,20.37,20.69,20.35,20.62,77728405,1911891584.00
2016/05/06,20.65,20.73,19.26,19.26,147897832,3532115200.00
2016/05/09,18.78,18.94,18.14,18.25,106942579,2356440576.00
2016/05/10,18.23,18.62,18.23,18.36,66770270,1465095808.00
2016/05/11,18.58,18.66,18.01,18.18,63784003,1393306368.00
2016/05/12,17.83,18.62,17.71,18.44,86303898,1881856512.00
2016/05/13,18.39,18.49,18.09,18.20,62998085,1371774208.00
2016/05/16,18.20,18.49,18.00,18.49,59409484,1292657792.00
2016/05/17,18.56,19.22,18.25,18.66,103925124,2313752576.00
2016/05/18,18.38,19.16,18.23,18.77,121244440,2693812992.00
2016/05/19,18.70,19.06,18.56,18.66,90449369,2029082880.00
2016/05/20,18.37,18.99,18.23,18.92,84221083,1877641216.00
2016/05/23,19.01,19.18,18.66,18.80,91637988,2069930752.00
2016/05/24,18.74,18.74,18.36,18.43,57133134,1260272640.00
2016/05/25,18.63,18.94,18.41,18.45,69337919,1544739584.00
2016/05/26,18.40,18.61,18.03,18.51,71303006,1553719296.00
2016/05/27,18.47,18.57,18.30,18.34,51204767,1124706432.00
2016/05/30,18.21,18.61,18.04,18.35,51076544,1116321280.00
2016/05/31,18.43,20.09,18.42,20.09,196960089,4673907200.00
2016/06/01,20.81,21.04,20.13,20.14,218782833,5387143168.00
2016/06/02,19.93,20.83,19.93,20.69,162515188,3978395904.00
2016/06/03,20.58,21.48,20.23,20.66,182776166,4550337024.00
2016/06/06,20.60,20.98,20.35,20.49,100473016,2484866560.00
2016/06/07,20.61,20.97,20.53,20.69,100610697,2499812096.00
2016/06/08,20.58,20.97,20.30,20.63,108274566,2678138368.00
2016/06/13,20.16,20.83,19.34,19.36,106748867,2595834624.00
2016/06/14,19.24,19.65,18.86,19.49,91612938,2119080832.00
2016/06/15,19.01,20.41,19.01,19.90,102174465,2416924416.00
2016/06/16,19.87,19.92,19.50,19.61,67136349,1580408960.00
2016/06/17,19.75,20.36,19.70,19.79,85315640,2028765568.00
2016/06/20,19.79,19.89,19.27,19.67,61979439,1438788736.00
2016/06/21,20.03,21.11,19.68,19.82,141264324,3405407232.00
2016/06/22,19.58,20.39,19.58,20.31,90434856,2148652288.00
2016/06/23,20.30,20.36,19.85,20.16,71667751,1711831424.00
2016/06/24,20.07,20.46,19.10,20.01,112074661,2663831808.00
2016/06/27,19.92,20.70,19.88,20.65,100898859,2442156800.00
2016/06/28,20.53,22.22,20.45,21.81,189691248,4794833920.00
2016/06/29,21.77,21.94,21.50,21.63,135140675,3493242880.00
2016/06/30,21.67,22.05,21.43,21.70,102682733,2659877888.00
2016/07/01,21.72,21.89,21.31,21.44,92661896,2382709504.00
2016/07/04,21.13,22.36,21.04,21.78,138731475,3606814976.00
2016/07/05,21.66,21.97,21.52,21.63,81587559,2110486656.00
2016/07/06,21.56,21.78,21.39,21.56,64542028,1655239936.00
2016/07/07,21.51,21.77,21.07,21.54,88550367,2260512256.00
2016/07/08,21.69,22.35,21.54,21.98,160804990,4229812736.00
2016/07/11,21.81,22.74,21.64,21.81,133641852,3522664960.00
2016/07/12,21.81,23.23,21.73,22.89,186467441,4994363392.00
2016/07/13,23.08,23.47,22.45,22.60,164924345,4518302720.00
2016/07/14,22.61,22.73,22.35,22.56,75502606,2026354944.00
2016/07/15,22.57,22.71,22.20,22.38,75601483,2018893824.00
2016/07/18,22.13,22.29,21.82,21.89,72376069,1897714048.00
2016/07/19,21.90,22.58,21.90,22.34,86612005,2295077376.00
2016/07/20,22.38,22.43,22.05,22.11,56162116,1488930432.00
2016/07/21,22.10,22.58,22.08,22.18,84687696,2258619136.00
2016/07/22,22.03,22.53,21.99,22.27,76154662,2025012480.00
2016/07/25,22.08,22.25,21.82,21.90,63918241,1676737024.00
2016/07/26,22.05,22.46,21.93,22.22,64463880,1709106560.00
2016/07/27,22.22,22.41,20.61,21.02,114802984,2927489280.00
2016/07/28,21.01,21.13,20.24,20.53,84557788,2074027392.00
2016/07/29,20.62,20.84,20.23,20.54,62041933,1512336000.00
2016/08/01,20.34,20.52,20.07,20.34,50274418,1209860224.00
2016/08/02,20.39,20.53,20.26,20.44,37831070,916522752.00
2016/08/03,20.35,20.43,20.16,20.29,45372436,1092619392.00
2016/08/04,20.23,20.39,19.93,20.36,54763757,1310543488.00
2016/08/05,20.24,20.70,20.12,20.35,67240741,1627874560.00
2016/08/08,20.20,20.51,19.99,20.45,49266100,1186613632.00
2016/08/09,20.45,20.83,20.35,20.74,72215911,1765320576.00
2016/08/10,20.70,21.01,20.58,20.63,68795734,1697682816.00
2016/08/11,20.63,21.13,20.63,20.72,91451314,2270444288.00
2016/08/12,20.61,21.06,20.47,21.01,79642305,1963295872.00
2016/08/15,21.14,23.00,21.07,22.73,254047698,6772450304.00
2016/08/16,22.52,22.71,22.21,22.24,141178071,3778000384.00
2016/08/17,22.53,22.76,21.87,22.09,129939562,3462566656.00
2016/08/18,21.89,22.21,21.81,21.97,77342496,2026203392.00
2016/08/19,22.00,22.12,21.82,21.91,50216948,1313447040.00
2016/08/22,21.90,21.99,21.31,21.34,67176255,1726559616.00
2016/08/23,21.40,21.67,21.27,21.51,50623960,1293413504.00
2016/08/24,21.50,21.62,21.30,21.36,42607166,1088231808.00
2016/08/25,21.27,21.80,21.19,21.50,71379999,1827855488.00
2016/08/26,21.50,21.59,21.34,21.39,44240802,1130057216.00
2016/08/29,21.28,21.71,21.28,21.56,39845007,1020181056.00
2016/08/30,21.54,21.79,21.48,21.62,51727778,1333978240.00
2016/08/31,21.72,21.89,21.46,21.73,55779479,1442782720.00
2016/09/01,21.77,21.84,21.42,21.42,48766759,1256886656.00
2016/09/02,21.28,21.77,21.28,21.39,48820405,1249006464.00
2016/09/05,21.40,21.70,21.30,21.36,42636369,1090997504.00
2016/09/06,21.33,21.51,20.82,21.46,62325362,1570595968.00
2016/09/07,21.39,21.54,21.22,21.26,42827700,1090439040.00
2016/09/08,21.19,21.30,21.02,21.08,37060452,932440960.00
2016/09/09,21.09,21.24,20.86,20.87,40413364,1010980032.00
2016/09/12,20.39,20.50,19.96,19.97,63347468,1520472320.00
2016/09/13,20.14,20.20,19.84,19.90,34159461,808638976.00
2016/09/14,19.75,19.96,19.68,19.77,28460921,667661568.00
2016/09/19,19.79,19.97,19.79,19.86,24687720,581508800.00
2016/09/20,19.85,20.03,19.83,19.98,23013388,543847488.00
2016/09/21,19.99,20.35,19.95,20.11,41870139,1000045376.00
2016/09/22,20.36,20.37,20.00,20.03,32268583,771737600.00
2016/09/23,20.04,20.13,19.85,19.86,22723205,538894400.00
2016/09/26,19.83,19.85,19.32,19.39,35884941,832856384.00
2016/09/27,19.39,19.73,19.39,19.71,31647610,735001024.00
2016/09/28,19.67,19.74,19.58,19.62,16439669,382678400.00
2016/09/29,19.72,20.04,19.67,19.77,34605941,815175808.00
2016/09/30,19.75,20.03,19.69,20.00,27964137,660316352.00
2016/10/10,20.31,20.39,20.04,20.25,34591108,829586304.00
2016/10/11,20.26,20.36,20.05,20.20,30838836,738952768.00
2016/10/12,20.20,20.28,20.07,20.18,22714961,542801984.00
2016/10/13,20.19,20.27,20.08,20.20,28696908,687213824.00
2016/10/14,20.15,20.20,19.93,20.08,23785689,565310656.00
2016/10/17,20.11,20.18,19.68,19.73,30254992,714906368.00
2016/10/18,19.74,20.42,19.74,20.31,59822240,1431566336.00
2016/10/19,20.31,20.35,20.01,20.10,33742371,807753920.00
2016/10/20,20.12,20.19,20.04,20.05,21229773,505881696.00
2016/10/21,20.05,20.74,20.01,20.30,70567272,1705825280.00
2016/10/24,20.19,21.48,20.15,20.74,115879429,2867989248.00
2016/10/25,20.73,20.73,20.47,20.54,48126742,1175318656.00
2016/10/26,20.60,20.77,20.39,20.45,40826698,996698624.00
2016/10/27,20.46,20.59,20.37,20.54,32374746,787654528.00
2016/10/28,20.81,21.33,20.47,20.48,79424974,1973955584.00
2016/10/31,20.35,20.51,20.12,20.39,36141965,870916544.00
2016/11/01,20.39,20.70,20.31,20.57,36215369,882576768.00
2016/11/02,20.51,20.91,20.47,20.56,51752548,1269628544.00
2016/11/03,20.53,21.46,20.46,20.89,118520876,2961017088.00
2016/11/04,20.79,20.98,20.66,20.73,53538516,1322748800.00
2016/11/07,20.74,20.85,20.66,20.82,37977137,936469056.00
2016/11/08,21.04,21.13,20.74,20.77,40341647,1001312064.00
2016/11/09,20.71,20.76,20.11,20.31,60278015,1464883584.00
2016/11/10,20.60,20.81,20.49,20.53,51203838,1255029760.00
2016/11/11,20.74,21.56,20.66,21.31,151129718,3809074176.00
2016/11/14,21.04,21.89,21.04,21.33,123654360,3162068992.00
2016/11/15,21.24,21.48,21.06,21.17,52875584,1333193856.00
2016/11/16,21.27,21.88,21.11,21.70,113753648,2917777152.00
2016/11/17,21.51,21.93,21.42,21.80,101106002,2617738752.00
2016/11/18,21.55,21.77,21.18,21.27,80962414,2068060928.00
2016/11/21,21.08,21.53,21.07,21.25,48641859,1234843008.00
2016/11/22,21.26,21.51,21.26,21.41,52639783,1339339520.00
2016/11/23,21.35,21.46,20.99,21.02,61375274,1549382400.00
2016/11/24,21.04,21.50,20.93,21.04,69170362,1745262464.00
2016/11/25,21.04,21.17,20.61,21.16,48584701,1206991744.00
2016/11/28,21.38,21.38,20.91,20.93,51423708,1291060096.00
2016/11/29,20.86,21.21,20.74,21.04,59035343,1476444544.00
2016/11/30,20.97,21.14,20.75,20.82,41129072,1022744640.00
2016/12/01,20.85,20.95,20.72,20.90,33138149,820432768.00
2016/12/02,21.01,21.04,20.31,20.44,53900816,1318622336.00
2016/12/05,20.07,20.34,19.57,19.62,54280755,1279361280.00
2016/12/06,19.68,19.78,19.51,19.55,29069056,675493824.00
2016/12/07,19.60,19.75,19.53,19.70,23202103,539846656.00
2016/12/08,19.72,19.76,19.43,19.45,26211729,607997376.00
2016/12/09,19.45,19.61,19.37,19.47,28487409,657425408.00
2016/12/12,19.46,19.54,18.08,18.25,55594199,1231375488.00
2016/12/13,18.23,18.45,18.16,18.25,30751899,663739840.00
2016/12/14,18.31,18.35,17.81,17.85,35273610,748391872.00
2016/12/15,17.82,18.08,17.77,17.97,26623873,561637120.00
2016/12/16,18.01,18.12,17.88,18.01,20989039,445041408.00
2016/12/19,17.93,18.01,17.82,17.93,19339365,407589632.00
2016/12/20,17.96,18.20,17.84,18.16,31168937,663502720.00
2016/12/21,18.27,18.33,18.06,18.20,28674046,614707072.00
2016/12/22,18.16,18.24,17.97,18.07,19760451,421361024.00
2016/12/23,18.06,18.08,17.73,17.73,23999123,504437760.00
2016/12/26,17.71,18.02,17.31,17.98,27809196,581432000.00
2016/12/27,17.94,18.04,17.78,17.89,15674357,330116192.00
2016/12/28,17.89,17.94,17.76,17.78,12578722,264000640.00
2016/12/29,17.75,17.87,17.58,17.62,15853117,330789568.00
2016/12/30,17.67,17.85,17.62,17.66,12906948,268979968.00
2017/01/03,17.71,17.88,17.71,17.78,15067974,315722208.00
2017/01/04,17.78,17.89,17.70,17.88,20104921,420808896.00
2017/01/05,17.89,17.89,17.76,17.77,15599627,326749248.00
2017/01/06,17.73,17.76,17.43,17.45,23683227,489143072.00
2017/01/09,17.49,17.55,17.40,17.47,14842188,304583136.00
2017/01/10,17.46,17.55,17.41,17.45,13886000,284969216.00
2017/01/11,17.41,17.49,17.27,17.27,16018629,326779168.00
2017/01/12,17.27,17.41,17.23,17.24,13355562,271299744.00
2017/01/13,17.24,17.49,16.98,17.28,25532123,518609216.00
2017/01/16,17.20,17.27,15.67,16.08,55084814,1056262272.00
2017/01/17,15.94,16.18,15.73,16.14,23812605,444222624.00
2017/01/18,16.12,16.19,15.94,15.94,14001791,262709920.00
2017/01/19,15.86,16.15,15.86,15.93,13098674,244522384.00
2017/01/20,15.90,16.13,15.77,16.02,21485961,400345536.00
2017/01/23,16.01,16.20,15.98,16.04,16616003,311983424.00
2017/01/24,16.08,16.12,15.90,15.92,13127695,244821728.00
2017/01/25,15.94,16.01,15.90,15.94,9743035,181343424.00
2017/01/26,15.97,16.05,15.97,16.02,10922658,204235520.00
2017/02/03,16.02,16.15,15.97,16.03,10583598,198449056.00
2017/02/06,16.04,16.09,15.96,16.08,11601392,217155712.00
2017/02/07,16.04,16.08,15.81,15.90,16265059,302223168.00
2017/02/08,15.90,17.01,15.80,16.83,50491565,973195776.00
2017/02/09,16.68,16.89,16.62,16.67,36545023,716398400.00
2017/02/10,16.74,17.20,16.54,16.85,44986352,889842304.00
2017/02/13,16.70,17.25,16.66,16.99,38033666,761858048.00
2017/02/14,16.97,17.12,16.89,16.93,23184676,461809920.00
2017/02/15,16.94,17.12,16.67,16.70,29634146,586177920.00
2017/02/16,16.69,17.01,16.58,16.85,28936783,570044928.00
2017/02/17,16.97,17.60,16.85,16.89,66518662,1342018816.00
2017/02/20,16.76,17.03,16.65,17.03,29811615,588453760.00
2017/02/21,17.01,17.32,16.98,17.06,32679209,656408832.00
2017/02/22,17.04,17.04,16.81,17.01,23023007,457065504.00
2017/02/23,17.04,17.06,16.77,16.84,20719342,409509952.00
2017/02/24,16.88,16.96,16.78,16.90,14443191,285473728.00
2017/02/27,16.87,17.02,16.79,16.82,18587953,368401056.00
2017/02/28,16.81,16.95,16.74,16.84,15476781,305026176.00
2017/03/01,16.82,16.92,16.74,16.77,17943119,353490144.00
2017/03/02,16.81,17.20,16.76,16.81,33473480,665937920.00
2017/03/03,16.70,16.74,16.54,16.60,20885508,406377696.00
2017/03/06,16.59,16.78,16.58,16.76,21042687,411168512.00
2017/03/07,16.73,16.75,16.62,16.69,13935338,272037792.00
2017/03/08,16.72,16.76,16.57,16.58,15158059,295409600.00
2017/03/09,16.58,16.64,16.42,16.43,17311828,334681504.00
2017/03/10,16.43,16.52,16.20,16.23,18359902,350791744.00
2017/03/13,16.15,16.31,16.12,16.31,15118068,286649984.00
2017/03/14,16.31,16.50,16.30,16.33,17654605,338496896.00
2017/03/15,16.31,16.43,16.25,16.33,13429104,256127040.00
2017/03/16,16.41,17.01,16.39,17.01,71545336,1411584512.00
2017/03/17,17.12,17.19,16.62,16.62,43431831,857924096.00
2017/03/20,16.58,16.62,16.35,16.48,22668404,436508864.00
2017/03/21,16.49,16.59,16.35,16.42,18515480,355638432.00
2017/03/22,16.35,16.54,16.31,16.38,19399427,372395392.00
2017/03/23,16.40,16.62,16.34,16.46,22688823,437106656.00
2017/03/24,16.40,16.96,16.31,16.75,43011131,836144768.00
2017/03/27,16.74,16.93,16.57,16.58,37272906,729341760.00
2017/03/28,16.47,16.48,16.20,16.20,57739895,1100636928.00
2017/03/29,16.06,16.07,15.51,15.69,78882309,1445694976.00
2017/04/11,15.32,16.11,15.32,16.01,32661685,524842528.00
2017/04/12,16.06,16.34,15.92,16.22,35696338,585791936.00
2017/04/13,16.20,16.20,16.01,16.04,12872286,209984944.00
2017/04/14,15.99,16.07,15.72,15.74,13841401,222710208.00
2017/04/17,15.46,16.17,15.46,15.97,20996822,338492832.00
2017/04/18,15.88,15.96,15.71,15.76,11108588,178632960.00
2017/04/19,15.60,15.82,15.57,15.63,13313306,211739568.00
2017/04/20,15.54,15.59,14.87,14.95,31622621,488706976.00
2017/04/21,14.98,15.04,13.92,14.08,52281477,769100864.00
2017/04/24,13.98,13.98,13.28,13.50,29362277,406134656.00
2017/04/25,13.55,13.71,13.41,13.55,19543583,269622016.00
2017/04/26,13.52,13.83,13.47,13.75,31145832,433549728.00
2017/04/27,13.65,13.79,13.39,13.63,23404774,323773248.00
2017/04/28,13.64,13.94,13.58,13.84,24662918,345213952.00
2017/05/02,13.78,13.88,13.64,13.75,16530958,231053840.00
2017/05/03,13.67,13.81,13.58,13.61,14409952,200120784.00
2017/05/04,13.54,13.69,13.44,13.49,15831195,218198816.00
2017/05/05,13.46,13.46,13.07,13.07,24195643,326289088.00
2017/05/08,12.96,13.01,12.60,12.64,27661553,359835968.00
2017/05/09,12.57,12.86,12.55,12.76,19023329,247044608.00
2017/05/10,12.76,13.06,12.66,12.77,30495305,399703456.00
2017/05/11,12.56,12.74,12.37,12.65,22850038,293046944.00
2017/05/12,12.64,13.94,12.60,13.28,60635602,824449408.00
2017/05/15,13.11,13.48,13.07,13.18,33707428,455309248.00
2017/05/16,13.12,13.48,13.08,13.44,36601426,497276896.00
2017/05/17,13.38,13.83,13.26,13.42,41171774,566169344.00
2017/05/18,13.26,13.42,13.12,13.13,22574820,304620192.00
2017/05/19,13.12,13.29,13.09,13.11,15824096,212160432.00
2017/05/22,13.07,13.11,12.63,12.69,26519341,346643520.00
2017/05/23,12.69,12.85,12.48,12.51,20921060,269933664.00
2017/05/24,12.47,13.02,12.42,12.89,33297061,435003200.00
2017/05/25,12.83,13.74,12.71,13.54,68164703,923902592.00
2017/05/26,13.39,13.65,13.30,13.32,40354809,552429760.00
2017/05/31,13.56,13.91,13.36,13.41,34948147,483868480.00
2017/06/01,13.32,13.51,13.12,13.26,28200893,381710432.00
2017/06/02,13.23,13.41,13.00,13.39,26801923,360787072.00
2017/06/05,13.35,13.50,13.27,13.38,19328233,263000656.00
2017/06/06,13.30,13.48,13.29,13.44,17017869,232114688.00
2017/06/07,13.34,13.71,13.34,13.63,37002003,511889184.00
2017/06/08,13.60,13.69,13.49,13.54,21882000,302075520.00
2017/06/09,13.54,13.64,13.35,13.42,21610979,296801920.00
2017/06/12,13.32,13.61,13.25,13.40,24200705,330102528.00
2017/06/13,13.27,13.61,13.27,13.48,20724193,284395296.00
2017/06/14,13.46,14.04,13.41,13.69,46810431,653046272.00
2017/06/15,13.58,14.01,13.58,13.93,47141014,663147072.00
2017/06/16,14.05,14.08,13.79,13.81,39085625,550342272.00
2017/06/19,13.77,14.44,13.77,14.33,66041549,947825408.00
2017/06/20,14.44,14.51,14.12,14.36,51901313,748436416.00
2017/06/21,14.77,14.84,14.15,14.26,62481423,913086336.00
2017/06/22,14.18,14.67,13.99,14.00,56120708,808066496.00
2017/06/23,13.88,13.98,13.69,13.91,32897976,459618112.00
2017/06/26,13.91,14.20,13.87,14.14,34995832,496837376.00
2017/06/27,14.10,14.18,14.00,14.09,23233867,330188512.00
2017/06/28,14.04,14.12,13.95,13.96,19848215,280672928.00
2017/06/29,13.96,14.05,13.93,13.96,17816960,251404112.00
2017/06/30,13.96,14.16,13.81,14.09,28172787,396845984.00
2017/07/03,14.06,14.10,13.95,14.05,16280201,230317728.00
2017/07/04,14.07,14.15,13.99,14.04,20571803,291950432.00
2017/07/05,14.04,14.16,14.01,14.16,23724092,337524800.00
2017/07/06,14.13,14.18,13.93,14.09,25344291,359475680.00
2017/07/07,14.16,15.10,14.09,14.66,67757838,993041728.00
2017/07/10,14.57,15.36,14.48,14.87,96183118,1453785728.00
2017/07/11,14.76,15.09,14.59,14.60,52288223,783283712.00
2017/07/12,14.60,14.80,14.31,14.50,35470301,519086688.00
2017/07/13,14.53,15.12,14.39,14.98,58819723,880127168.00
2017/07/14,14.95,15.26,14.82,14.88,42754381,647137856.00
2017/07/17,14.87,15.05,13.77,14.14,59999580,871595136.00
2017/07/18,14.09,14.34,13.98,14.19,30190412,431774624.00
2017/07/19,14.19,15.35,14.05,15.33,106458748,1591850240.00
2017/07/20,15.32,15.44,15.05,15.18,74928905,1149785472.00
2017/07/21,15.08,15.31,14.88,14.97,44225590,672639936.00
2017/07/24,14.94,15.21,14.89,15.06,35635868,541501696.00
2017/07/25,15.02,15.12,14.72,14.79,31368729,470652480.00
2017/07/26,14.82,15.04,14.64,14.90,33690172,504904064.00
2017/07/27,14.88,15.30,14.64,15.09,54936851,829958144.00
2017/07/28,14.99,15.20,14.95,14.97,30410675,461779808.00
2017/07/31,14.97,15.22,14.80,15.05,43790990,664138688.00
2017/08/01,15.03,15.45,15.03,15.13,63685318,981190336.00
2017/08/02,15.11,15.51,15.02,15.41,107151143,1653112576.00
2017/08/03,15.35,15.42,15.15,15.19,53770076,828072576.00
2017/08/04,15.16,15.47,14.98,15.00,67004530,1030488448.00
2017/08/07,14.97,15.05,14.83,14.85,41359746,622199296.00
2017/08/08,14.86,15.22,14.73,15.08,49124522,742744384.00
2017/08/09,15.03,15.04,14.77,14.80,31503847,472564480.00
2017/08/10,14.78,15.14,14.65,14.75,35089080,525416928.00
2017/08/11,14.62,14.65,14.17,14.18,46667483,677572160.00
2017/08/14,14.21,14.62,14.20,14.54,35087133,510063200.00
2017/08/15,14.52,14.59,14.36,14.40,18588044,271354400.00
2017/08/16,14.33,14.54,14.33,14.43,20126944,293485152.00
2017/08/17,14.41,14.85,14.38,14.67,38180584,564325504.00
2017/08/18,14.56,14.59,14.42,14.47,20332787,297465600.00
2017/08/21,14.53,14.61,14.48,14.58,17952099,263590304.00
2017/08/22,14.59,15.27,14.50,14.86,63539959,958099392.00
2017/08/23,14.87,16.36,14.79,15.77,175102065,2747004672.00
2017/08/24,15.56,15.64,15.24,15.31,99740635,1549059968.00
2017/08/25,15.22,16.15,15.22,15.78,144193224,2291997440.00
2017/08/28,15.87,16.75,15.70,16.53,174411793,2886329088.00
2017/08/29,16.32,16.44,16.12,16.16,101540970,1662141312.00
2017/08/30,16.13,16.56,15.90,15.99,86240767,1409066496.00
2017/08/31,15.95,16.16,15.89,16.03,55911778,903150208.00
2017/09/01,16.05,16.24,15.99,16.13,54630343,885897664.00
2017/09/04,16.13,16.19,15.93,16.03,43963680,710299136.00
2017/09/05,16.02,16.17,15.90,15.90,42564225,687320192.00
2017/09/06,15.78,15.84,15.56,15.73,45729952,723020224.00
2017/09/07,15.75,15.85,15.53,15.57,36609627,578481856.00
2017/09/08,15.58,15.85,15.53,15.71,36950682,584583296.00
2017/09/11,15.65,15.98,15.62,15.85,36085529,576094336.00
2017/09/12,15.87,16.25,15.80,15.97,64237204,1036695040.00
2017/09/13,15.96,16.03,15.83,15.95,23180412,371698880.00
2017/09/14,15.96,16.05,15.74,15.74,34988971,561272064.00
2017/09/15,15.74,16.02,15.57,15.78,36014304,573625536.00
2017/09/18,15.85,16.15,15.81,15.98,45996233,743046528.00
2017/09/19,16.02,16.06,15.58,15.68,34030262,541246848.00
2017/09/20,15.68,15.81,15.60,15.72,20161467,318923904.00
2017/09/21,15.72,15.90,15.55,15.56,28205371,447741024.00
2017/09/22,15.49,15.58,15.28,15.37,25097798,389872352.00
2017/09/25,15.37,15.65,15.26,15.35,21191068,329960448.00
2017/09/26,15.37,15.50,15.27,15.45,14522300,225185520.00
2017/09/27,15.46,15.55,15.37,15.38,16415932,255603728.00
2017/09/28,15.39,15.48,15.29,15.29,16710998,259479440.00
2017/09/29,15.34,15.61,15.34,15.46,22735831,355271424.00
2017/10/09,15.85,15.94,15.55,15.57,26384639,418193024.00
2017/10/10,15.46,15.85,15.46,15.73,24446842,385989728.00
2017/10/11,15.75,15.92,15.69,15.78,28586228,455392896.00
2017/10/12,15.79,15.92,15.58,15.67,22851219,362521856.00
2017/10/13,15.78,16.02,15.68,15.96,38581181,617012864.00
2017/10/16,16.00,16.17,15.74,15.76,56384759,909933568.00
2017/10/17,15.69,15.82,15.44,15.60,31518224,495640128.00
2017/10/18,15.64,15.67,15.29,15.39,26197948,408788576.00
2017/10/19,15.40,15.43,14.79,14.79,34310023,519264480.00
2017/10/20,14.86,14.93,14.78,14.87,13453289,201686240.00
2017/10/23,14.87,14.97,14.71,14.82,15638221,233764704.00
2017/10/24,14.77,14.92,14.76,14.88,13903836,208275232.00
2017/10/25,14.88,15.03,14.78,14.92,14140285,212483072.00
2017/10/26,14.92,15.18,14.84,15.02,22960504,348305952.00
2017/10/27,15.01,15.06,14.82,14.82,14646609,220476304.00
2017/10/30,14.73,14.74,13.91,14.10,40326126,576907776.00
2017/10/31,14.06,14.15,13.93,14.02,16221613,229695584.00
2017/11/01,14.06,14.18,13.96,13.97,17426991,247270272.00
2017/11/02,13.97,14.15,13.59,13.91,27715678,387706848.00
2017/11/03,13.81,13.89,13.59,13.65,19755896,273461600.00
2017/11/06,13.65,13.74,13.58,13.69,12510081,172559376.00
2017/11/07,13.68,13.90,13.65,13.84,21750769,303097664.00
2017/11/08,13.85,14.31,13.72,14.01,34480856,488622528.00
2017/11/09,13.95,14.04,13.89,13.98,16955232,238945424.00
2017/11/10,14.06,14.14,13.91,14.05,18717426,264909536.00
2017/11/13,14.05,14.21,13.99,13.99,16872036,239542224.00
2017/11/14,13.99,14.03,13.75,13.76,21057280,294355744.00
2017/11/15,13.72,13.84,13.65,13.66,13560697,188176384.00
2017/11/16,13.62,13.73,13.27,13.28,17066069,233538240.00
2017/11/17,13.28,13.41,12.85,12.95,26823346,355419968.00
2017/11/20,12.87,12.97,12.47,12.81,22276497,285939200.00
2017/11/21,12.87,13.53,12.82,13.34,41897897,562978944.00
2017/11/22,13.32,13.44,13.17,13.23,25938550,348063968.00
2017/11/23,13.23,13.34,12.78,12.80,23406616,308754720.00
2017/11/24,12.69,12.92,12.68,12.80,15057280,194739344.00
2017/11/27,12.79,13.71,12.70,13.17,28807436,382504032.00
2017/11/28,13.11,13.25,13.05,13.22,17283478,229660592.00
2017/11/29,13.22,13.33,13.02,13.26,21059083,280330784.00
2017/11/30,13.17,13.41,13.01,13.03,17597143,235069680.00
2017/12/01,13.03,13.26,13.02,13.08,13930559,184807424.00
2017/12/04,13.03,13.53,12.77,13.08,27215054,361406912.00
2017/12/05,13.02,13.30,12.91,12.98,23564247,311519872.00
2017/12/06,12.98,13.10,12.78,13.04,16564692,216293008.00
2017/12/07,13.04,13.04,12.71,12.72,24177547,313541696.00
2017/12/08,12.75,12.85,12.70,12.73,16799137,216540048.00
2017/12/11,12.78,12.80,12.66,12.78,16143541,207802368.00
2017/12/12,12.76,12.81,12.60,12.61,13988658,179733552.00
2017/12/13,12.63,12.78,12.63,12.68,16464190,211253536.00
2017/12/14,12.64,12.73,12.42,12.46,24355950,307893984.00
2017/12/15,12.48,12.65,12.45,12.48,16261926,205712480.00
2017/12/18,12.52,12.67,12.51,12.56,15448367,196354416.00
2017/12/19,12.57,12.70,12.57,12.65,16376405,209133552.00
2017/12/20,12.66,12.66,12.46,12.56,17066948,216424976.00
2017/12/21,12.54,12.72,12.45,12.62,21008792,267497968.00
2017/12/22,12.59,12.66,12.51,12.52,12605172,160279232.00
2017/12/25,12.52,12.56,11.99,12.12,24051170,299474944.00
2017/12/26,12.17,12.26,12.07,12.18,16314865,200778480.00
2017/12/27,12.18,12.25,12.02,12.03,17142080,210262384.00
2017/12/28,12.02,12.42,12.02,12.16,22788088,281484256.00
2017/12/29,12.20,12.29,12.11,12.19,12959297,159582048.00
2018/01/02,12.21,12.37,12.21,12.31,17798427,221346656.00
2018/01/03,12.29,12.64,12.25,12.54,31933918,402844448.00
2018/01/04,12.49,12.53,12.40,12.44,18281561,229885344.00
2018/01/05,12.45,12.65,12.42,12.44,23886206,302408864.00
2018/01/08,12.44,12.82,12.41,12.62,32780022,418186080.00
2018/01/09,12.63,12.68,12.47,12.52,16549116,209692800.00
2018/01/10,12.48,12.62,12.21,12.28,24556203,307283104.00
2018/01/11,12.23,12.42,12.22,12.36,15038115,187343088.00
2018/01/12,12.43,12.49,12.25,12.25,14423685,180117216.00
2018/01/15,12.25,12.29,11.72,11.76,34795742,420827552.00
2018/01/16,11.79,11.89,11.66,11.89,19747962,235451264.00
2018/01/17,11.94,12.64,11.94,12.36,61623949,770482880.00
2018/01/18,12.36,12.50,12.25,12.29,26448253,329986528.00
2018/01/19,12.28,13.42,12.26,12.92,84949217,1096979328.00
2018/01/22,12.82,13.11,12.66,12.93,45080217,585247488.00
2018/01/23,12.88,13.22,12.85,13.01,36458038,479657728.00
2018/01/24,13.22,13.85,13.22,13.49,99069751,1355201536.00
2018/01/25,13.21,13.36,13.06,13.07,54366991,726165376.00
2018/01/26,13.07,13.28,13.02,13.03,33939248,450608864.00
2018/01/29,13.03,13.14,12.77,12.90,31600900,413254880.00
2018/01/30,12.90,12.99,12.72,12.82,23678476,307310304.00
2018/01/31,12.77,12.84,12.32,12.38,36263253,460672416.00
2018/02/01,12.42,12.48,11.79,11.88,37945389,464361568.00
2018/02/02,11.79,12.05,11.54,12.00,23563855,282294912.00
2018/02/05,11.81,12.13,11.73,12.03,17306028,209260992.00
2018/02/06,11.83,11.91,10.87,10.87,38855829,452413856.00
2018/02/07,11.18,11.32,10.59,10.91,30837340,342892800.00
2018/02/08,10.90,11.02,10.83,10.96,20591124,227852128.00
2018/02/09,10.57,10.72,9.91,10.05,37789335,393838976.00
2018/02/12,10.16,10.23,10.05,10.13,20397312,209482848.00
2018/02/13,10.23,10.38,10.16,10.17,19172971,199264288.00
2018/02/14,10.16,10.23,10.07,10.18,11581580,119168448.00
2018/02/22,10.28,10.39,10.22,10.30,19444171,202868640.00
2018/02/23,10.34,10.42,10.27,10.33,15360171,160833056.00
2018/02/26,10.37,10.65,10.29,10.58,28284597,299673888.00
2018/02/27,10.59,10.61,10.46,10.50,16776233,178693808.00
2018/02/28,9.46,10.14,9.46,9.85,68208334,676849088.00
2018/03/01,9.67,9.85,9.64,9.83,28120651,278847904.00
2018/03/02,9.80,10.02,9.75,9.87,25191425,252377920.00
2018/03/05,9.86,9.99,9.84,9.88,15140695,151998272.00
2018/03/06,9.92,10.05,9.82,9.99,27564218,277625408.00
2018/03/07,9.93,10.05,9.90,9.92,19823846,199916432.00
2018/03/08,9.90,9.97,9.88,9.91,12669451,127363944.00
2018/03/09,9.91,10.22,9.90,10.15,32701304,333231168.00
2018/03/12,10.23,10.47,10.17,10.37,35522773,371938208.00
2018/03/13,10.34,10.48,10.27,10.32,26120804,274299968.00
2018/03/14,10.30,10.62,10.27,10.38,33521721,355519744.00
2018/03/15,10.32,10.33,10.14,10.23,21835849,226130144.00
2018/03/16,10.26,10.36,10.15,10.15,15268193,158028592.00
2018/03/19,10.14,10.26,10.09,10.09,15129460,155610160.00
2018/03/20,10.05,10.08,9.91,10.03,15513296,156881600.00
2018/03/21,10.03,10.35,10.03,10.12,28804400,297778368.00
2018/03/22,10.16,10.24,9.98,10.00,17211438,175881632.00
2018/03/23,9.79,9.79,9.02,9.15,45752026,437896608.00
2018/03/26,9.06,9.20,8.79,9.20,26164743,239381024.00
2018/03/27,9.35,9.43,9.25,9.38,22493240,213209472.00
2018/03/28,9.32,9.43,9.22,9.27,17148960,161973120.00
2018/03/29,9.34,9.70,9.26,9.56,34264844,331128704.00
2018/03/30,9.57,9.63,9.49,9.55,18197167,176164576.00
2018/04/02,9.54,9.96,9.51,9.69,30244919,299028000.00
2018/04/03,9.55,9.69,9.45,9.56,20328358,197200240.00
2018/04/04,9.64,9.81,9.48,9.50,19712046,192908576.00
2018/04/09,9.47,9.59,9.34,9.50,16549160,158912256.00
2018/04/10,9.55,9.74,9.52,9.68,23011958,224535872.00
2018/04/11,9.76,9.76,9.57,9.63,18505561,181128576.00
2018/04/12,9.63,9.79,9.58,9.65,15667172,153528080.00
2018/04/13,9.71,9.81,9.56,9.56,16999884,166896640.00
2018/04/16,9.52,9.55,9.22,9.22,21355212,202446944.00
2018/04/17,9.25,9.43,9.16,9.20,18569612,175405872.00
2018/04/18,9.31,9.38,9.19,9.34,16897245,159469840.00
2018/04/19,9.34,9.51,9.27,9.45,20123734,192076192.00
2018/04/20,9.38,9.41,9.14,9.18,16307153,153389584.00
2018/04/23,9.19,9.29,9.11,9.22,10891551,101648960.00
2018/04/24,9.27,9.41,9.23,9.41,19199252,181890080.00
2018/04/25,9.37,9.41,9.27,9.29,14720164,139258640.00
2018/04/26,9.30,9.33,8.92,8.97,17613729,163455440.00
2018/04/27,9.01,9.20,8.99,9.10,14910492,137365264.00
2018/05/02,9.23,9.29,9.05,9.13,9716029,90103192.00
2018/05/03,9.13,9.33,9.09,9.29,23236667,218321360.00
2018/05/04,9.30,9.30,9.18,9.19,12957714,121313048.00
2018/05/07,9.27,9.33,9.23,9.29,14800892,139472288.00
2018/05/08,9.29,9.40,9.25,9.33,16102767,152287616.00
2018/05/09,9.31,9.33,9.21,9.29,13185126,123774592.00
2018/05/10,9.31,9.35,9.21,9.31,11513674,108278440.00
2018/05/11,9.35,9.35,9.20,9.23,11845995,111127064.00
2018/05/14,9.22,9.29,9.19,9.20,10952782,102576256.00
2018/05/15,9.24,9.25,9.06,9.20,14321651,132858064.00
2018/05/16,9.18,9.19,9.07,9.07,10454844,96831432.00
2018/05/17,9.08,9.15,9.08,9.09,8524516,78733688.00
2018/05/18,9.10,9.22,9.09,9.17,12109565,112399688.00
2018/05/21,9.27,9.28,9.21,9.22,13316848,124780064.00
2018/05/22,9.22,9.26,9.13,9.18,11213848,104334632.00
2018/05/23,9.15,9.17,9.06,9.09,11186256,103333680.00
2018/05/24,9.08,9.14,9.02,9.04,9449790,87038000.00
2018/05/25,9.04,9.07,8.98,8.99,10073857,92148248.00
2018/05/28,8.99,9.03,8.89,8.91,9883552,89756064.00
2018/05/29,8.91,8.97,8.80,8.80,11626129,104765696.00
2018/05/30,8.71,8.71,8.34,8.35,20041108,173054832.00
2018/05/31,8.39,8.45,8.31,8.39,14107725,120089552.00
2018/06/01,8.37,8.75,8.30,8.57,21887640,189696736.00
2018/06/04,8.33,8.35,7.70,7.71,60865295,490911616.00
2018/06/05,7.63,7.63,7.27,7.54,57145265,433502624.00
2018/06/06,7.47,7.59,7.40,7.50,26002061,197945760.00
2018/06/07,7.54,7.72,7.48,7.53,31410981,242872432.00
2018/06/08,7.50,7.50,7.24,7.28,24550074,182894240.00
2018/06/11,7.27,7.39,7.21,7.26,15367335,114186176.00
2018/06/12,7.26,7.33,7.23,7.32,11634525,86386576.00
2018/06/13,7.21,7.27,7.04,7.05,18882897,137660432.00
2018/06/14,7.02,7.20,7.01,7.11,16609141,120508384.00
2018/06/15,7.12,7.69,7.06,7.33,37002369,276225024.00
2018/06/19,7.17,7.42,6.62,6.80,47288969,341391104.00
2018/06/20,6.75,7.02,6.69,6.97,29037936,203844048.00
2018/06/21,6.89,6.96,6.70,6.70,24174471,167866416.00
2018/06/22,6.71,7.06,6.69,7.05,36156868,253276848.00
2018/06/25,7.12,7.16,6.92,7.03,25992560,184447408.00
2018/06/26,6.89,7.27,6.82,7.24,30595861,220023408.00
2018/06/27,7.20,7.25,7.09,7.23,22867775,165214224.00
2018/06/28,7.22,7.62,7.16,7.34,51269367,383510592.00
2018/06/29,7.34,7.58,7.27,7.49,37584420,282391616.00
2018/07/02,7.41,7.49,7.09,7.21,27921792,205728400.00
2018/07/03,7.24,7.50,7.21,7.49,33638515,250643776.00
2018/07/04,7.40,7.46,7.19,7.32,24258222,179190592.00
2018/07/05,7.28,7.47,7.13,7.18,24806557,182948304.00
2018/07/06,7.21,7.47,6.95,7.20,37068560,269590080.00
2018/07/09,7.18,7.36,7.17,7.33,18659523,137244608.00
2018/07/10,7.31,7.47,7.25,7.44,25449689,188746192.00
2018/07/11,7.28,7.32,7.11,7.21,24267596,176646048.00
2018/07/12,7.19,7.70,7.19,7.56,44838154,338953504.00
2018/07/13,7.54,7.62,7.46,7.56,25120315,190776880.00
2018/07/16,7.54,7.57,7.43,7.46,16319250,123110480.00
2018/07/17,7.48,7.48,7.28,7.39,20653289,153000160.00
2018/07/18,7.39,7.47,7.25,7.26,16216893,120258880.00
2018/07/19,7.26,7.34,7.16,7.21,12194972,89065344.00
2018/07/20,7.20,7.44,7.17,7.41,33130076,245816336.00
2018/07/23,7.34,7.48,7.24,7.43,27292523,202919280.00
2018/07/24,7.43,7.70,7.40,7.53,43627170,332769568.00
2018/07/25,7.63,7.63,7.50,7.55,31576415,240781568.00
2018/07/26,7.55,7.68,7.49,7.60,28592785,218591072.00
2018/07/27,7.57,7.67,7.52,7.60,22726947,173574480.00
2018/07/30,7.58,7.61,7.35,7.38,23195711,174562944.00
2018/07/31,7.38,7.49,7.34,7.42,13413529,100089280.00
2018/08/01,7.46,7.49,7.16,7.19,19663916,145409296.00
2018/08/02,7.17,7.22,6.81,6.95,26449283,186349696.00
2018/08/03,6.94,7.02,6.85,6.87,10817436,75772704.00
2018/08/06,6.87,6.98,6.72,6.81,15428609,106727760.00
2018/08/07,6.86,7.16,6.85,7.15,27158182,192822224.00
2018/08/08,7.10,7.17,7.03,7.05,17201184,123003368.00
2018/08/09,7.08,7.41,7.04,7.34,32783243,240829664.00
2018/08/10,7.32,7.40,7.24,7.38,21751796,160367968.00
2018/08/13,7.24,7.36,7.19,7.31,15255772,111799752.00
2018/08/14,7.32,7.41,7.31,7.34,13928014,103210416.00
2018/08/15,7.34,7.35,7.17,7.17,13454860,98175304.00
2018/08/16,7.09,7.89,7.05,7.66,103699812,807493504.00
2018/08/17,7.62,7.89,7.57,7.70,84721830,659104000.00
2018/08/20,7.66,8.24,7.66,7.90,77099929,615745792.00
2018/08/21,7.93,7.97,7.77,7.94,54827898,435342016.00
2018/08/22,7.87,7.94,7.79,7.91,38649171,306036000.00
2018/08/23,7.81,8.06,7.69,7.90,59437664,471651104.00
2018/08/24,7.81,8.21,7.75,8.04,63751121,513301504.00
2018/08/27,8.03,8.13,7.96,8.10,52730299,428040704.00
2018/08/28,8.07,8.12,7.95,8.03,32598980,263298176.00
2018/08/29,7.97,8.23,7.96,8.04,40767962,331528800.00
2018/08/30,8.08,8.10,7.72,7.76,36488806,290416832.00
2018/08/31,7.72,8.01,7.72,7.84,37241979,295402208.00
2018/09/03,7.80,8.04,7.77,7.96,32202852,257321824.00
2018/09/04,7.94,8.07,7.83,8.01,38271982,307230880.00
2018/09/05,7.94,7.99,7.75,7.76,30101867,238708000.00
2018/09/06,7.74,7.86,7.69,7.75,21089327,165461104.00
2018/09/07,7.74,7.89,7.49,7.60,36838448,285300992.00
2018/09/10,7.51,7.55,7.29,7.29,32304414,240853264.00
2018/09/11,7.28,7.53,7.28,7.46,25887496,194037648.00
2018/09/12,7.41,7.72,7.41,7.52,31075978,237536720.00
2018/09/13,7.64,7.80,7.54,7.79,39240265,304791936.00
2018/09/14,7.79,7.80,7.65,7.67,22585852,175846896.00
2018/09/17,7.64,8.02,7.60,7.89,38495410,303464384.00
2018/09/18,7.81,8.13,7.81,8.08,47676008,384341504.00
2018/09/19,8.05,8.14,7.91,8.02,38552336,311356640.00
2018/09/20,8.03,8.16,7.97,8.02,28731093,232515392.00
2018/09/21,8.06,8.31,7.97,8.26,53081191,436164480.00
2018/09/25,8.19,8.20,8.04,8.09,26994667,220501600.00
2018/09/26,8.10,8.22,8.02,8.04,35826652,293067360.00
2018/09/27,8.05,8.06,7.90,7.93,22923973,184154976.00
2018/09/28,7.94,8.07,7.94,8.03,22151096,178956416.00
2018/10/08,7.88,7.91,7.66,7.72,26402000,207437456.00
2018/10/09,7.75,7.85,7.66,7.75,15939795,124427040.00
2018/10/10,7.75,7.81,7.69,7.76,14877751,116177224.00
2018/10/11,7.40,7.51,6.98,6.99,48657119,353129792.00
2018/10/12,7.03,7.12,6.79,7.04,27208178,191655712.00
2018/10/15,7.09,7.22,6.93,6.93,19374157,138025328.00
2018/10/16,6.94,7.18,6.93,6.98,24252165,172163120.00
2018/10/17,7.12,7.17,6.94,7.11,23002430,163999584.00
2018/10/18,7.04,7.18,6.99,7.02,22724420,162474816.00
2018/10/19,6.92,7.23,6.84,7.17,28242082,202993344.00
2018/10/22,7.22,7.89,7.19,7.89,61569937,477717056.00
2018/10/23,8.29,8.38,7.84,8.01,95583082,779759936.00
2018/10/24,7.84,8.52,7.82,8.15,89784919,737963904.00
2018/10/25,7.84,8.54,7.79,8.54,90672924,752092416.00
2018/10/26,8.56,8.56,8.19,8.26,68961173,580050880.00
2018/10/29,8.24,8.38,8.04,8.11,38529274,318256096.00
2018/10/30,8.12,8.70,7.99,8.50,85128514,722122432.00
2018/10/31,8.38,8.53,8.21,8.30,54073732,454746944.00
2018/11/01,8.35,8.78,8.21,8.23,72941381,622943104.00
2018/11/02,8.44,8.48,8.24,8.41,50741137,427162464.00
2018/11/05,8.39,8.64,8.30,8.62,66207191,566174080.00
2018/11/06,8.52,8.71,8.37,8.46,45227665,387176064.00
2018/11/07,8.40,8.44,8.23,8.24,39020705,326926752.00
2018/11/08,8.32,8.42,8.15,8.17,33989077,283665440.00
2018/11/09,8.17,8.62,8.13,8.30,44294541,373224096.00
2018/11/12,8.32,8.47,8.24,8.47,36688667,309562240.00
2018/11/13,8.35,8.93,8.33,8.67,85507578,741283456.00
2018/11/14,8.62,8.73,8.48,8.53,51463969,445202624.00
2018/11/15,8.52,8.83,8.49,8.77,61848094,542078592.00
2018/11/16,8.79,9.34,8.73,9.02,98563083,896474880.00
2018/11/19,8.99,9.39,8.87,9.23,84371940,779436352.00
2018/11/20,9.13,9.24,8.76,8.77,63368747,572499456.00
2018/11/21,8.66,8.86,8.60,8.77,34732447,305676160.00
2018/11/22,8.79,8.84,8.54,8.73,31141644,272989632.00
2018/11/23,8.69,8.80,8.34,8.34,35772656,307429728.00
2018/11/26,8.34,8.48,8.27,8.36,22054687,185601184.00
2018/11/27,8.43,8.51,8.31,8.36,20628762,174873392.00
2018/11/28,8.38,8.64,8.31,8.59,33945279,291247552.00
2018/11/29,8.64,8.69,8.18,8.21,31315340,266594064.00
2018/11/30,8.19,8.43,8.02,8.43,28617212,237117984.00
2018/12/03,8.79,8.89,8.54,8.60,39166839,342753344.00
2018/12/04,8.60,8.71,8.54,8.67,20925369,181882496.00
2018/12/05,8.51,8.62,8.48,8.51,18944510,162784032.00
2018/12/06,8.46,8.50,8.27,8.29,17903930,150735840.00
2018/12/07,8.31,8.44,8.31,8.32,13703439,115468208.00
2018/12/10,8.24,8.32,8.09,8.17,17834637,146841376.00
2018/12/11,8.22,8.28,8.18,8.26,11375575,94252560.00
2018/12/12,8.31,8.48,8.28,8.32,15469895,130335656.00
2018/12/13,8.33,8.49,8.23,8.40,21299171,180250336.00
2018/12/14,8.35,8.38,8.13,8.15,18278030,151741840.00
2018/12/17,8.12,8.23,8.04,8.19,13952597,114485720.00
2018/12/18,8.13,8.22,8.06,8.10,13624855,111497152.00
2018/12/19,8.11,8.16,8.03,8.04,11563046,94141712.00
2018/12/20,8.00,8.21,8.00,8.15,17937101,146630656.00
2018/12/21,8.11,8.16,8.02,8.10,12750579,103893280.00
2018/12/24,8.13,8.18,8.04,8.08,11634819,94900896.00
2018/12/25,7.98,7.98,7.54,7.81,27884267,217721424.00
2018/12/26,7.80,7.85,7.59,7.63,14649393,113598800.00
2018/12/27,7.80,7.83,7.52,7.52,13689213,106224192.00
2018/12/28,7.56,7.77,7.37,7.61,16658855,128442488.00
2019/01/02,7.65,7.72,7.56,7.61,12757329,98145064.00
2019/01/03,7.67,7.96,7.61,7.76,24741609,195060912.00
2019/01/04,7.67,8.52,7.64,8.34,59222598,486099776.00
2019/01/07,8.33,8.41,8.20,8.29,38510646,322497632.00
2019/01/08,8.28,8.52,8.20,8.30,34057392,286729472.00
2019/01/09,8.30,8.48,8.25,8.26,31780102,267337632.00
2019/01/10,8.24,8.26,8.07,8.11,23584165,193858304.00
2019/01/11,8.13,8.22,8.08,8.16,15400729,126333712.00
2019/01/14,8.23,8.25,8.07,8.10,13549494,110855792.00
2019/01/15,8.11,8.29,8.07,8.26,28382211,235152528.00
2019/01/16,8.26,8.27,8.11,8.13,15792280,130178648.00
2019/01/17,8.14,8.24,8.07,8.09,13613612,111683944.00
2019/01/18,8.09,8.21,8.09,8.12,14119982,115757696.00
2019/01/21,8.18,8.23,8.00,8.07,18276103,149313888.00
2019/01/22,8.05,8.11,8.00,8.02,12979737,105316752.00
2019/01/23,8.02,8.09,8.00,8.06,8220938,66643040.00
2019/01/24,8.08,8.23,8.06,8.12,20606783,169265200.00
2019/01/25,8.14,8.17,8.03,8.04,12300106,100433880.00
2019/01/28,8.10,8.22,7.98,8.00,16319475,132777360.00
2019/01/29,8.00,8.02,7.49,7.75,20177808,157482096.00
2019/01/30,7.72,7.82,7.61,7.62,9094075,70712360.00
2019/01/31,7.64,7.76,7.50,7.63,15573377,120105688.00
2019/02/01,7.74,7.84,7.71,7.82,13598509,106708960.00
2019/02/11,7.89,8.00,7.80,7.99,12894871,102878328.00
2019/02/12,8.00,8.09,7.95,8.03,15388663,124368720.00
2019/02/13,8.03,8.36,8.01,8.31,41679874,345615744.00
2019/02/14,8.34,8.38,8.23,8.27,23948192,199929680.00
2019/02/15,8.22,8.44,8.22,8.26,30039267,251618208.00
2019/02/18,8.35,8.81,8.34,8.67,53676620,462478624.00
2019/02/19,8.67,9.00,8.58,8.68,60944903,539007168.00
2019/02/20,8.66,9.44,8.62,9.02,83555264,758328000.00
2019/02/21,8.97,9.42,8.85,9.01,92184534,845271360.00
2019/02/22,9.07,9.92,8.90,9.92,148628598,1418554368.00
2019/02/25,10.44,10.92,10.07,10.92,174560784,1860447104.00
2019/02/26,10.98,11.60,10.56,10.61,186270297,2075007360.00
2019/02/27,10.46,10.99,10.25,10.53,105870399,1129398656.00
2019/02/28,10.50,10.50,9.94,10.18,70783051,726232128.00
2019/03/01,10.34,10.68,10.18,10.50,82398197,866056192.00
2019/03/04,10.68,11.22,10.30,10.58,125074624,1346907648.00
2019/03/05,10.44,10.64,10.36,10.59,69757386,736050816.00
2019/03/06,10.58,11.44,10.56,11.22,142840347,1570856832.00
2019/03/07,11.44,12.11,11.04,11.61,175268363,2026006784.00
2019/03/08,10.94,11.32,10.44,10.44,141138378,1541932416.00
2019/03/11,10.44,10.82,10.16,10.67,79566979,844460416.00
2019/03/12,10.78,11.08,10.64,10.80,90368878,986351424.00
2019/03/13,10.79,11.29,10.48,11.13,125479465,1373068288.00
2019/03/14,10.86,11.54,10.82,11.22,152872375,1727331584.00
2019/03/15,11.72,11.93,10.74,10.98,129997032,1479024640.00
2019/03/18,10.75,11.10,10.59,11.04,81960957,894569664.00
2019/03/19,10.99,11.18,10.79,10.85,69110892,761188416.00
2019/03/20,10.78,11.41,10.77,11.22,110134324,1231052160.00
2019/03/21,11.24,12.35,11.11,12.12,254929617,3068939008.00
2019/03/22,11.83,12.07,11.46,11.86,157048766,1861080192.00
2019/03/25,11.56,11.91,11.20,11.29,116409982,1352464256.00
2019/03/26,11.34,11.52,11.02,11.09,88499117,999699136.00
2019/03/27,11.19,11.27,10.94,11.16,72129211,807421120.00
2019/03/28,11.03,11.15,10.64,10.75,74346637,814618240.00
2019/03/29,10.82,11.58,10.78,11.47,128405371,1453242880.00
2019/04/01,11.49,11.92,11.28,11.63,123975009,1442954880.00
2019/04/02,11.64,11.90,11.43,11.53,98363986,1153096960.00
2019/04/03,11.44,12.05,11.35,12.00,130619942,1547736064.00
2019/04/04,12.14,12.26,11.78,11.99,101497178,1218976512.00
2019/04/08,12.06,12.13,11.34,11.59,97305132,1146093952.00
2019/04/09,11.89,12.62,11.79,12.23,167925383,2056055424.00
2019/04/10,11.91,12.34,11.64,12.03,120858242,1443405440.00
2019/04/11,11.84,12.03,11.64,11.71,69790034,828899648.00
2019/04/12,11.76,12.43,11.72,12.13,128847188,1574035072.00
2019/04/15,12.54,12.71,11.69,11.71,108875184,1334044544.00
2019/04/16,11.44,12.05,11.41,12.03,83335796,987246080.00
2019/04/17,11.99,12.06,11.76,11.85,61717853,736656256.00
2019/04/18,11.77,11.95,11.65,11.69,51649901,611865856.00
2019/04/19,11.72,11.98,11.72,11.87,48734695,579750080.00
2019/04/22,12.07,12.07,11.54,11.60,58786993,692532608.00
2019/04/23,11.54,11.83,11.27,11.46,63738033,740044736.00
2019/04/24,11.50,11.66,11.29,11.48,37641404,433979040.00
2019/04/25,11.44,11.65,10.97,11.07,55522847,634211008.00
2019/04/26,11.04,11.33,10.86,11.01,57113941,636043072.00
2019/04/29,11.04,11.07,10.34,10.46,68672092,733432320.00
2019/04/30,10.43,10.66,10.43,10.57,33114503,351762432.00
2019/05/06,10.11,10.27,9.51,9.51,66127314,658055872.00
2019/05/07,9.55,9.84,9.41,9.76,54532532,531002784.00
2019/05/08,9.54,9.86,9.47,9.66,34184645,333454016.00
2019/05/09,9.49,9.82,9.47,9.60,36920367,358341440.00
2019/05/10,9.74,10.09,9.64,10.02,58603825,584614720.00
2019/05/13,9.89,10.00,9.79,9.84,27712589,275777856.00
2019/05/14,9.74,9.97,9.65,9.82,28039928,277774976.00
2019/05/15,9.87,10.02,9.87,9.94,28461365,284689248.00
2019/05/16,9.95,9.99,9.86,9.94,25171933,251275328.00
2019/05/17,9.97,9.98,9.27,9.39,44325862,429180352.00
2019/05/20,9.36,9.68,9.31,9.52,27192742,259836272.00
2019/05/21,9.52,9.82,9.52,9.71,25385312,247666848.00
2019/05/22,9.67,9.82,9.55,9.62,19161818,186526096.00
2019/05/23,9.59,9.77,9.52,9.65,23477959,228138240.00
2019/05/24,9.58,9.72,9.54,9.56,19394016,187457376.00
2019/05/27,9.61,9.92,9.52,9.86,35803960,352290112.00
2019/05/28,9.83,9.94,9.75,9.89,25033414,247877408.00
2019/05/29,9.84,9.98,9.79,9.86,22876694,227349104.00
2019/05/30,9.77,9.84,9.66,9.73,18365873,179701712.00
2019/05/31,9.82,9.89,9.73,9.74,17734559,174900112.00
2019/06/03,9.81,9.99,9.72,9.73,22212486,219562240.00
2019/06/04,9.72,9.74,9.44,9.56,23253850,223907200.00
2019/06/05,9.65,9.82,9.60,9.60,20375658,198528928.00
2019/06/06,9.68,10.29,9.64,9.98,86641153,873058240.00
2019/06/10,9.88,9.90,9.48,9.79,55748262,544056640.00
2019/06/11,9.74,10.34,9.66,10.26,74748888,757731584.00
2019/06/12,10.15,10.24,10.06,10.08,40528414,412523616.00
2019/06/13,10.05,10.24,10.05,10.08,32094122,327063616.00
2019/06/14,10.07,10.15,9.80,9.83,29356915,294121696.00
2019/06/17,9.79,9.97,9.79,9.83,17435932,173109536.00
2019/06/18,9.88,9.93,9.78,9.84,15953524,158290144.00
2019/06/19,10.30,10.43,9.94,9.95,48392375,494669632.00
2019/06/20,9.97,10.64,9.91,10.36,85688296,889041536.00
2019/06/21,10.39,10.56,10.24,10.35,60537528,631983808.00
2019/06/24,10.43,10.47,10.20,10.25,33894638,351808608.00
2019/06/25,10.25,10.32,10.05,10.29,37070011,380522432.00
2019/06/26,10.09,10.17,10.00,10.08,21180875,215239392.00
2019/06/27,10.11,10.32,10.10,10.15,30522844,313606112.00
2019/06/28,10.14,10.16,9.93,10.02,25537943,257655376.00
2019/07/01,10.29,10.32,10.18,10.26,39809913,410566048.00
2019/07/02,10.24,10.29,10.15,10.21,23011744,236434528.00
2019/07/03,10.21,10.22,10.08,10.15,18323336,186634992.00
2019/07/04,10.17,10.28,10.10,10.17,22140936,226733792.00
2019/07/05,10.19,10.23,10.07,10.18,15006226,153377296.00
2019/07/08,10.18,10.18,9.78,9.81,30978455,309753088.00
2019/07/09,9.82,9.94,9.75,9.86,18354639,181882704.00
2019/07/10,9.88,9.92,9.72,9.76,19734114,194829520.00
2019/07/11,9.83,9.91,9.62,9.73,19836301,193746640.00
2019/07/12,9.68,9.80,9.63,9.74,13373420,130311672.00
2019/07/15,9.75,10.09,9.69,9.95,27259086,270244800.00
2019/07/16,9.92,10.02,9.92,9.95,14393310,143457488.00
2019/07/17,9.95,10.05,9.92,9.97,16253653,162254528.00
2019/07/18,9.91,9.95,9.82,9.83,14961284,147766880.00
2019/07/19,9.83,10.07,9.83,9.98,20574695,205345392.00
2019/07/22,10.05,10.08,9.70,9.71,21062154,206746688.00
2019/07/23,9.78,9.78,9.65,9.73,10891481,105884664.00
2019/07/24,9.78,9.87,9.75,9.77,16288184,159721104.00
2019/07/25,9.76,9.82,9.71,9.78,12385007,120863912.00
2019/07/26,9.77,9.78,9.68,9.74,10076046,98025528.00
2019/07/29,9.73,9.76,9.65,9.65,11381502,110130680.00
2019/07/30,9.68,9.82,9.68,9.74,13938217,136019168.00
2019/07/31,9.72,9.74,9.63,9.66,10499249,101460232.00
2019/08/01,9.63,9.65,9.42,9.52,16592270,158239728.00
2019/08/02,9.40,9.40,9.21,9.26,19664732,182952992.00
2019/08/05,9.24,9.38,9.09,9.11,18017281,166212352.00
2019/08/06,8.95,9.18,8.65,8.97,31838900,283218496.00
2019/08/07,9.00,9.05,8.81,8.85,13046138,116535176.00
2019/08/08,9.09,9.18,8.97,9.00,19081257,172992448.00
2019/08/09,9.06,9.09,8.82,8.84,13620041,122102128.00
2019/08/12,8.94,9.18,8.93,9.14,22746874,206822240.00
2019/08/13,9.05,9.06,8.95,9.04,11492976,103570304.00
2019/08/14,9.20,9.23,9.04,9.05,13098196,119272304.00
2019/08/15,8.81,9.05,8.70,9.01,14933070,132914760.00
2019/08/16,8.95,9.15,8.93,9.01,14955119,135420352.00
2019/08/19,9.13,9.51,9.06,9.48,46382632,432598496.00
2019/08/20,9.46,9.51,9.32,9.34,26237175,246938736.00
2019/08/21,9.31,9.38,9.28,9.28,15687935,146222416.00
2019/08/22,9.33,9.35,9.22,9.30,11843608,109900064.00
2019/08/23,9.30,9.43,9.24,9.26,13980056,130098672.00
2019/08/26,9.00,9.14,9.00,9.08,13478433,122434224.00
2019/08/27,9.15,9.36,9.12,9.21,24353496,225200432.00
2019/08/28,9.19,9.19,9.06,9.07,16054606,146035200.00
2019/08/29,9.10,9.13,9.01,9.02,11641776,105301944.00
2019/08/30,9.06,9.15,8.90,8.94,15003187,135367424.00
2019/09/02,8.90,9.15,8.90,9.09,18518829,167895360.00
2019/09/03,9.11,9.13,9.02,9.10,15780927,143133824.00
2019/09/04,9.06,9.28,9.06,9.18,28654836,263097632.00
2019/09/05,9.30,9.74,9.30,9.38,63203803,600769856.00
2019/09/06,9.47,9.51,9.33,9.43,28504521,268227136.00
2019/09/09,9.62,9.67,9.51,9.57,34399731,329444512.00
2019/09/10,9.55,9.74,9.42,9.64,37045829,354886016.00
2019/09/11,9.71,9.84,9.65,9.67,39791044,387203648.00
2019/09/12,9.67,9.81,9.60,9.73,25606480,248376560.00
2019/09/16,9.74,9.77,9.55,9.61,26817844,258012624.00
2019/09/17,9.40,9.41,9.18,9.21,46856766,435079328.00
2019/09/18,9.16,9.24,9.08,9.10,23469631,214482288.00
2019/09/19,9.12,9.17,9.09,9.16,16036722,146342448.00
2019/09/20,9.15,9.19,9.10,9.19,19051330,174156096.00
2019/09/23,9.14,9.20,9.08,9.15,13923056,127178224.00
2019/09/24,9.16,9.24,9.13,9.16,16007103,146981088.00
2019/09/25,9.13,9.21,9.09,9.10,14917172,136285584.00
2019/09/26,9.11,9.18,8.91,8.99,15009793,136071152.00
2019/09/27,9.02,9.10,9.00,9.05,8965107,81135032.00
2019/09/30,9.07,9.12,8.90,8.91,9924622,89325744.00
2019/10/08,8.91,8.96,8.80,8.84,9763483,86940512.00
2019/10/09,8.80,8.88,8.77,8.87,8356357,73862624.00
2019/10/10,8.90,8.96,8.87,8.94,7664954,68370400.00
2019/10/11,8.96,9.11,8.88,9.03,14520627,130917376.00
2019/10/14,9.18,9.29,9.11,9.13,23425422,215351584.00
2019/10/15,9.13,9.13,9.02,9.02,10233986,92636728.00
2019/10/16,9.02,9.13,8.98,9.02,10353693,93657216.00
2019/10/17,9.01,9.07,8.98,8.99,6557742,59106320.00
2019/10/18,8.99,9.03,8.85,8.85,10572677,94357056.00
2019/10/21,8.85,8.94,8.76,8.86,7883855,69675672.00
2019/10/22,8.86,8.93,8.85,8.91,5799418,51543020.00
2019/10/23,8.91,8.93,8.86,8.87,5835061,51901848.00
2019/10/24,8.87,8.98,8.87,8.93,8413477,75141200.00
2019/10/25,8.92,9.09,8.91,9.04,11533838,104079896.00
2019/10/28,9.04,9.15,9.01,9.11,15089468,137061200.00
2019/10/29,9.09,9.10,8.95,8.95,10227818,92121832.00
2019/10/30,8.93,8.97,8.85,8.88,7311167,65029132.00
2019/10/31,8.90,8.95,8.83,8.85,8369569,74284344.00
2019/11/01,8.85,8.96,8.83,8.94,8090426,72124472.00
数据来源:通达信
