002025 航天电器 日线 前复权
      日期	    开盘	    最高	    最低	    收盘	    成交量	    成交额
2013/09/02,7.89,8.11,7.87,8.09,4154003,49488904.00
2013/09/03,8.03,8.16,8.00,8.15,3645151,43784044.00
2013/09/04,8.16,8.38,8.12,8.26,6424023,78570216.00
2013/09/05,8.26,8.34,8.16,8.19,4461178,54331636.00
2013/09/06,8.20,8.42,8.19,8.41,8074106,99685848.00
2013/09/09,8.42,8.65,8.29,8.52,10329699,128899440.00
2013/09/10,8.52,8.52,8.31,8.45,6569605,81463656.00
2013/09/11,8.42,8.53,8.13,8.19,7618169,93274968.00
2013/09/12,8.14,8.29,8.13,8.15,4737004,57442136.00
2013/09/13,8.12,8.22,8.05,8.17,3156472,38023896.00
2013/09/16,8.21,8.27,8.16,8.23,3142870,38244352.00
2013/09/17,8.22,8.35,8.02,8.05,4003203,48690740.00
2013/09/18,8.04,8.10,7.92,8.06,2965492,35240984.00
2013/09/23,8.09,8.32,8.03,8.31,4321610,52591548.00
2013/09/24,8.30,8.45,8.26,8.39,5619752,69270544.00
2013/09/25,8.40,8.45,8.29,8.36,4295177,53077708.00
2013/09/26,8.37,8.43,8.17,8.18,5438781,66785656.00
2013/09/27,8.14,8.35,8.11,8.31,3688059,44927044.00
2013/09/30,8.32,8.46,8.27,8.41,3877336,48023020.00
2013/10/08,8.36,8.76,8.29,8.73,10671886,134906576.00
2013/10/09,8.62,8.69,8.53,8.65,7804647,98789128.00
2013/10/10,8.71,8.75,8.44,8.49,6381020,80688736.00
2013/10/11,8.54,8.70,8.50,8.70,6237004,79130832.00
2013/10/14,8.72,8.89,8.65,8.79,7673076,98960496.00
2013/10/15,8.79,8.84,8.46,8.54,9537723,120553424.00
2013/10/16,8.48,8.49,8.13,8.19,6181887,75695936.00
2013/10/17,8.25,8.31,8.03,8.07,5280374,63915768.00
2013/10/18,8.09,8.25,8.09,8.19,3503914,42404184.00
2013/10/21,8.22,8.40,8.16,8.39,4504346,55344856.00
2013/10/22,8.39,8.46,8.25,8.28,4446926,54791440.00
2013/10/23,8.30,8.33,7.94,7.94,5797340,69546960.00
2013/10/24,7.93,7.99,7.89,7.95,2644544,31222436.00
2013/10/25,7.98,8.00,7.79,7.85,2729385,32024752.00
2013/10/28,7.93,8.09,7.85,8.03,3676548,43645972.00
2013/10/29,8.03,8.07,7.39,7.59,6850216,78577608.00
2013/10/30,7.60,7.82,7.56,7.80,4063729,46686680.00
2013/10/31,7.73,7.77,7.59,7.63,2320259,26559162.00
2013/11/01,7.64,7.76,7.58,7.68,1706191,19520902.00
2013/11/04,7.72,7.87,7.71,7.78,2246654,26107012.00
2013/11/05,7.77,7.87,7.59,7.87,2633348,30397792.00
2013/11/06,7.83,7.94,7.72,7.72,2564107,29954952.00
2013/11/07,7.69,7.73,7.59,7.62,2300019,26277260.00
2013/11/08,7.57,7.65,7.44,7.47,1636618,18464598.00
2013/11/11,7.46,7.59,7.37,7.57,1482048,16628891.00
2013/11/12,7.57,7.69,7.56,7.65,1722923,19643216.00
2013/11/13,7.93,8.08,7.63,7.65,5044682,58939076.00
2013/11/14,7.63,8.15,7.48,8.08,7134129,83800808.00
2013/11/15,8.02,8.65,8.00,8.29,14991607,185685312.00
2013/11/18,8.47,8.92,8.32,8.71,17794416,227436528.00
2013/11/19,8.65,8.75,8.50,8.59,7693639,97303152.00
2013/11/20,8.65,9.31,8.55,9.05,19127396,251954592.00
2013/11/21,8.97,9.18,8.61,8.62,16935847,219563984.00
2013/11/22,8.60,8.86,8.60,8.61,9316628,119476200.00
2013/11/25,8.82,9.27,8.76,8.98,16935520,223636256.00
2013/11/26,8.94,9.36,8.87,9.30,15698897,210097264.00
2013/11/27,9.30,9.89,9.15,9.69,20178378,280329760.00
2013/11/28,9.59,9.75,9.50,9.69,13199982,184568240.00
2013/11/29,9.70,10.29,9.62,10.20,18836131,273266560.00
2013/12/02,9.64,9.86,9.07,9.13,20272244,276223520.00
2013/12/03,9.05,9.46,8.89,9.45,10993181,148328544.00
2013/12/04,9.41,9.60,9.22,9.50,11923383,164242768.00
2013/12/05,9.44,9.59,9.14,9.24,9324103,127085696.00
2013/12/06,9.09,9.22,8.92,8.96,7260005,96014336.00
2013/12/09,9.00,9.19,8.99,9.19,5365680,71331472.00
2013/12/10,9.13,9.17,8.81,8.97,6396153,83884824.00
2013/12/11,8.93,9.05,8.80,8.89,4583762,59831464.00
2013/12/12,8.87,9.00,8.83,8.90,4616501,60330184.00
2013/12/13,8.88,9.13,8.80,9.11,5280860,69714856.00
2013/12/16,9.11,9.12,8.63,8.69,5789786,75153064.00
2013/12/17,8.69,8.99,8.66,8.81,4572965,59281312.00
2013/12/18,8.81,8.86,8.66,8.70,3524556,45386320.00
2013/12/19,8.76,8.81,8.64,8.69,2247326,28810976.00
2013/12/20,8.69,8.78,8.51,8.63,3042693,38653168.00
2013/12/23,8.63,8.81,8.45,8.78,3595350,45812664.00
2013/12/24,8.79,8.98,8.63,8.79,5488724,71281904.00
2013/12/25,8.77,8.95,8.65,8.94,3683507,47912740.00
2013/12/26,8.93,8.93,8.59,8.67,5163652,66399932.00
2013/12/27,8.65,9.04,8.62,9.02,5867642,76527256.00
2013/12/30,9.10,9.20,8.97,9.00,6163217,81991840.00
2013/12/31,8.95,9.07,8.86,8.98,4383132,57690132.00
2014/01/02,8.98,9.35,8.95,9.29,8787541,118326072.00
2014/01/03,9.26,9.33,9.11,9.24,6126242,82390104.00
2014/01/06,9.18,9.18,8.59,8.61,8236954,106729120.00
2014/01/07,8.53,8.72,8.46,8.63,3971642,50363360.00
2014/01/08,8.65,8.89,8.64,8.77,5008213,64601600.00
2014/01/09,8.72,8.92,8.57,8.57,4766267,61283004.00
2014/01/10,8.58,8.62,8.17,8.21,4173275,51664540.00
2014/01/13,8.18,8.32,8.03,8.16,3602297,43474340.00
2014/01/14,8.22,8.39,8.15,8.38,3174819,38848884.00
2014/01/15,8.35,8.60,8.29,8.44,7532752,93643352.00
2014/01/16,8.47,8.47,8.26,8.32,5832908,71899952.00
2014/01/17,8.32,8.32,8.11,8.17,3389169,41132260.00
2014/01/20,8.15,8.35,8.12,8.23,2851550,34781688.00
2014/01/21,8.17,8.43,8.14,8.42,3733658,46099420.00
2014/01/22,8.40,8.69,8.35,8.65,4681757,58996524.00
2014/01/23,8.65,8.69,8.54,8.69,4764042,60504776.00
2014/01/24,8.67,8.96,8.62,8.88,7182301,92974016.00
2014/01/27,8.80,8.90,8.72,8.74,5217058,67445008.00
2014/01/28,8.75,8.85,8.56,8.68,3935916,50166976.00
2014/01/29,8.69,9.02,8.67,9.00,6383416,83352840.00
2014/01/30,8.95,9.23,8.89,8.98,6208179,82153176.00
2014/02/07,8.91,9.37,8.88,9.36,18043870,240420672.00
2014/02/10,9.37,9.62,9.33,9.46,12992856,179307456.00
2014/02/11,9.46,9.59,9.27,9.38,9389912,128725976.00
2014/02/12,9.39,9.60,9.27,9.50,8707168,119750824.00
2014/02/13,9.48,9.48,9.15,9.18,7879640,106817424.00
2014/02/14,9.19,9.85,9.12,9.78,14436508,200325952.00
2014/02/17,9.77,10.18,9.73,9.94,14707161,212411792.00
2014/02/18,9.91,10.02,9.75,9.82,10515336,150116944.00
2014/02/19,9.84,9.95,9.69,9.83,8879779,126324032.00
2014/02/20,9.80,9.82,9.45,9.49,8133501,113578176.00
2014/02/21,9.45,9.65,9.32,9.50,6669417,92191016.00
2014/02/24,9.40,10.27,9.36,10.25,15534574,221581568.00
2014/02/25,10.19,10.36,9.17,9.25,17444016,249228848.00
2014/02/26,9.15,9.59,9.13,9.47,12285638,168280448.00
2014/02/27,9.52,9.97,9.46,9.59,13484059,190552784.00
2014/02/28,9.49,10.67,9.25,10.67,22062860,321391168.00
2014/03/03,11.01,11.66,10.95,11.39,34968735,564576768.00
2014/03/04,11.19,11.92,11.18,11.54,28965462,475999488.00
2014/03/05,11.33,11.87,11.19,11.34,24508171,402897760.00
2014/03/06,11.29,11.61,10.94,11.48,20105421,324531776.00
2014/03/07,11.39,12.32,11.18,11.90,31932422,535793344.00
2014/03/10,11.67,11.79,10.79,11.15,19943197,323787136.00
2014/03/11,11.11,11.47,10.57,10.78,18892177,299740032.00
2014/03/12,10.64,10.92,10.25,10.78,15771005,240224544.00
2014/03/13,10.65,11.12,10.50,11.05,15210560,237402288.00
2014/03/14,10.86,11.19,10.58,10.77,11714178,183339952.00
2014/03/17,10.77,11.41,10.65,11.39,15040995,239100960.00
2014/03/18,11.32,11.53,11.15,11.20,12421098,201185776.00
2014/03/19,11.16,11.67,10.85,11.51,14520502,234711824.00
2014/03/20,11.35,11.46,10.62,10.67,13613055,216454112.00
2014/03/21,10.52,10.86,10.16,10.75,12040334,181932128.00
2014/03/24,10.67,10.74,10.40,10.45,7491245,113759648.00
2014/03/25,10.39,10.67,10.32,10.63,7132597,108044864.00
2014/03/26,10.66,10.83,10.49,10.50,6673718,102446680.00
2014/03/27,10.44,10.55,9.95,9.98,8837488,130635160.00
2014/03/28,9.99,10.06,9.64,9.85,6781468,96880616.00
2014/03/31,9.91,10.14,9.75,9.98,4937990,71590704.00
2014/04/01,9.89,10.15,9.89,10.14,3940031,57425624.00
2014/04/02,10.16,10.19,9.75,9.77,5492840,78882736.00
2014/04/03,9.81,10.12,9.71,10.02,5340787,77082712.00
2014/04/04,9.97,10.29,9.86,10.28,5499290,80394888.00
2014/04/08,10.19,10.55,10.15,10.42,8182461,122833432.00
2014/04/09,10.39,10.59,10.32,10.48,5787453,87165432.00
2014/04/10,10.48,10.75,10.45,10.55,7208898,110051008.00
2014/04/11,10.49,10.53,10.22,10.53,5543595,82986840.00
2014/04/14,10.48,10.69,10.39,10.48,5390775,81695872.00
2014/04/15,10.51,10.72,10.31,10.39,6514920,98755680.00
2014/04/16,10.34,10.44,10.16,10.28,4556236,67512288.00
2014/04/17,10.29,10.59,10.06,10.59,7188216,107138368.00
2014/04/18,10.54,10.67,10.48,10.59,5988662,91191864.00
2014/04/21,10.49,10.67,10.28,10.32,5003810,75608592.00
2014/04/22,10.32,10.35,9.75,9.93,6678078,96856016.00
2014/04/23,9.93,10.08,9.82,10.08,3988357,57562676.00
2014/04/24,10.04,10.05,9.75,9.75,3324710,47676012.00
2014/04/25,9.72,9.79,9.32,9.32,4713482,65303980.00
2014/04/28,9.32,9.45,9.25,9.28,3850054,52633752.00
2014/04/29,9.29,9.51,9.29,9.50,2250865,30808048.00
2014/04/30,9.44,9.59,9.41,9.53,2474160,34228020.00
2014/05/05,9.50,9.69,9.45,9.69,2331683,32504068.00
2014/05/06,9.69,9.84,9.64,9.68,3063296,43298112.00
2014/05/07,9.63,9.63,9.29,9.35,4249220,58471620.00
2014/05/08,9.29,9.59,9.27,9.35,2602889,35772684.00
2014/05/09,9.45,9.47,9.22,9.38,2103672,28669506.00
2014/05/12,9.54,9.80,9.42,9.78,4704790,66057004.00
2014/05/13,9.75,9.88,9.68,9.85,3350146,47532736.00
2014/05/14,9.81,9.85,9.69,9.71,2173806,30746132.00
2014/05/15,9.77,9.94,9.52,9.54,3898021,55250208.00
2014/05/16,9.40,9.62,9.37,9.57,2250720,31084342.00
2014/05/19,9.71,9.89,9.56,9.72,4252006,60071788.00
2014/05/20,9.79,9.87,9.67,9.74,2899488,41122984.00
2014/05/21,9.75,9.85,9.49,9.82,2428276,34229752.00
2014/05/22,9.85,9.99,9.75,9.75,3728034,53364808.00
2014/05/23,9.75,9.82,9.61,9.81,2732041,38595880.00
2014/05/26,9.85,10.07,9.85,10.01,4206299,60788900.00
2014/05/27,9.97,10.12,9.90,9.92,3081869,44695428.00
2014/05/28,9.98,10.11,9.86,10.07,4440773,64427332.00
2014/05/29,10.12,10.15,9.85,9.86,3943596,56932364.00
2014/05/30,9.86,10.15,9.75,10.08,5199841,75332896.00
2014/06/03,10.13,10.19,10.02,10.03,3705860,54196140.00
2014/06/04,10.04,10.07,9.75,9.85,3736428,53348912.00
2014/06/05,9.85,9.98,9.77,9.97,2949565,42272288.00
2014/06/06,9.97,9.97,9.64,9.68,4300974,61063500.00
2014/06/09,9.67,9.67,9.48,9.49,4049007,56357500.00
2014/06/10,9.51,9.67,9.47,9.65,3500168,48835088.00
2014/06/11,9.63,9.74,9.59,9.71,2790793,39194308.00
2014/06/12,9.66,9.81,9.66,9.70,3653498,51754392.00
2014/06/13,9.72,10.03,9.68,9.96,5569763,79912856.00
2014/06/16,9.96,10.18,9.94,10.12,5563193,81165232.00
2014/06/17,10.09,10.09,9.92,9.97,4066391,58752264.00
2014/06/18,9.96,10.23,9.93,10.02,6284238,91775192.00
2014/06/19,10.02,10.15,9.52,9.55,5722357,81190496.00
2014/06/20,9.53,9.72,9.52,9.72,2473376,34610396.00
2014/06/23,9.74,10.02,9.68,10.02,4290105,61584296.00
2014/06/24,10.02,10.22,9.95,10.21,6596212,96566008.00
2014/06/25,10.22,10.22,10.02,10.13,4327508,63284056.00
2014/06/26,10.26,10.45,10.17,10.31,7837028,116697632.00
2014/06/27,10.31,10.46,10.22,10.39,5461060,81406424.00
2014/06/30,10.48,11.16,10.48,10.93,20411560,319425120.00
2014/07/01,11.23,11.55,10.86,10.93,16742009,266766800.00
2014/07/02,10.96,11.46,10.87,11.07,16035572,257292192.00
2014/07/03,11.02,11.16,10.87,10.96,8873292,139897552.00
2014/07/04,11.02,11.04,10.77,10.83,6750390,104177808.00
2014/07/07,10.85,11.77,10.84,11.56,18149992,290774880.00
2014/07/08,11.59,11.69,11.25,11.63,13022974,210491488.00
2014/07/09,11.52,12.89,11.41,12.89,20581822,364595968.00
2014/07/10,13.08,14.09,12.79,12.89,44519796,830550976.00
2014/07/11,12.55,13.63,12.39,13.24,30614145,551952448.00
2014/07/14,13.02,13.29,12.79,12.95,18997550,345558592.00
2014/07/15,13.02,13.44,12.40,12.72,20416445,369114688.00
2014/07/16,12.55,12.60,11.75,11.91,17505948,299241760.00
2014/07/17,11.83,12.05,11.55,11.89,10113936,168590448.00
2014/07/18,11.89,12.15,11.80,11.92,7574237,127482184.00
2014/07/21,11.96,12.36,11.63,12.30,11609105,196300288.00
2014/07/22,12.11,12.32,12.03,12.14,8305557,142082160.00
2014/07/23,12.16,12.71,12.11,12.22,11822633,205976368.00
2014/07/24,12.17,12.29,11.39,11.62,11318439,186930608.00
2014/07/25,11.71,11.80,11.52,11.72,5585564,92053056.00
2014/07/28,11.77,12.53,11.77,12.39,11501576,197140384.00
2014/07/29,12.40,12.89,12.39,12.55,14069560,249469648.00
2014/07/30,12.55,13.09,12.45,12.76,14899712,266762656.00
2014/07/31,12.59,13.00,12.53,12.85,11110137,199201440.00
2014/08/01,12.86,13.29,12.46,12.48,15929760,287087712.00
2014/08/04,12.56,13.05,12.50,12.82,10331445,185147520.00
2014/08/05,12.85,13.12,12.63,13.08,11162913,201786832.00
2014/08/06,12.98,13.62,12.87,13.25,14069038,260734640.00
2014/08/07,13.63,14.67,13.62,14.10,35200039,700631488.00
2014/08/08,13.93,14.45,13.75,14.23,20465510,401591104.00
2014/08/11,14.11,14.55,14.08,14.22,14667901,290945344.00
2014/08/12,14.23,14.94,14.19,14.40,17126248,345095328.00
2014/08/13,14.43,14.47,13.78,14.12,13610668,266126112.00
2014/08/14,14.01,14.09,13.65,13.70,11241130,216761616.00
2014/08/15,13.72,13.85,13.55,13.77,7385961,141132224.00
2014/08/18,13.82,13.89,13.45,13.70,10095796,191585536.00
2014/08/19,13.65,14.00,13.55,13.88,10369701,199552800.00
2014/08/20,13.92,14.09,13.67,13.71,8677085,167450672.00
2014/08/21,13.71,13.95,13.63,13.78,7040202,135162576.00
2014/08/22,13.79,13.94,13.69,13.93,6869026,132055968.00
2014/08/25,13.98,14.00,13.44,13.45,7533035,143496192.00
2014/08/26,13.43,13.56,12.89,13.02,9295635,171308240.00
2014/08/27,13.02,13.61,12.99,13.52,9257853,173097184.00
2014/08/28,13.47,13.47,12.94,12.94,7533100,138563888.00
2014/08/29,12.94,13.33,12.93,13.26,4823240,88605864.00
2014/09/01,13.37,14.02,13.37,13.96,11968673,230431472.00
2014/09/02,14.00,14.72,13.79,14.50,22085802,439906720.00
2014/09/03,14.57,14.57,14.09,14.26,13727253,273173184.00
2014/09/04,14.38,15.08,14.25,14.58,17642738,360024288.00
2014/09/05,14.57,14.58,14.23,14.44,9748131,194620128.00
2014/09/09,14.40,14.55,14.24,14.32,8100477,161670144.00
2014/09/10,14.31,14.66,14.17,14.37,8674513,173985056.00
2014/09/11,14.35,14.65,14.11,14.35,10394390,207740864.00
2014/09/12,14.31,14.94,14.26,14.94,14346818,291483136.00
2014/09/15,15.08,15.47,14.91,15.05,15132064,317727904.00
2014/09/16,15.00,15.02,14.05,14.10,16239434,326778944.00
2014/09/17,14.05,14.20,13.59,13.92,8737866,168815840.00
2014/09/18,13.86,14.05,13.72,13.92,5374844,103913560.00
2014/09/19,13.91,14.20,13.81,14.13,5957500,116117688.00
2014/09/22,14.25,14.47,14.00,14.17,9157819,180987168.00
2014/09/23,14.09,14.78,14.02,14.68,13012382,262075952.00
2014/09/24,14.61,15.12,14.52,14.94,12479175,258318352.00
2014/09/25,15.03,15.62,14.99,15.13,18679303,396409056.00
2014/09/26,15.16,15.31,14.72,14.94,8968109,186046864.00
2014/09/29,14.92,15.28,14.79,15.02,7969769,166136304.00
2014/09/30,15.02,15.46,14.86,15.32,10109196,212395936.00
2014/10/08,15.31,16.29,15.22,16.02,15109394,333149152.00
2014/10/09,16.02,16.21,15.39,15.80,13264309,288925632.00
2014/10/10,15.69,16.70,15.60,16.49,18852359,421806592.00
2014/10/13,16.25,17.33,16.13,17.33,17455310,401221664.00
2014/10/14,17.17,17.36,16.60,16.95,15747489,368743136.00
2014/10/15,16.95,17.05,16.11,16.37,12158916,275197280.00
2014/10/16,16.18,16.52,15.83,15.83,10195458,227955712.00
2014/10/17,15.67,16.06,15.34,16.00,10801821,235364144.00
2014/10/20,15.86,16.60,15.84,16.40,9585888,215935600.00
2014/10/21,16.34,16.46,15.72,15.75,9168457,202582576.00
2014/10/22,15.72,16.34,15.72,15.74,10047645,222708896.00
2014/10/23,15.71,16.05,15.49,15.86,8998568,196841168.00
2014/10/24,15.86,15.92,15.27,15.32,9443975,202736768.00
2014/10/27,15.36,15.70,15.13,15.58,7220053,154515552.00
2014/10/28,15.69,16.29,15.59,16.27,10857697,239861152.00
2014/10/29,16.34,16.75,16.19,16.47,14246418,323743488.00
2014/10/30,16.44,16.62,16.09,16.13,9389255,211171424.00
2014/10/31,16.13,16.42,15.65,15.77,9975591,219455248.00
2014/11/03,15.79,16.09,15.63,15.82,7636110,167277152.00
2014/11/04,15.82,15.89,15.32,15.46,8843975,190006624.00
2014/11/05,15.46,15.75,15.36,15.55,6189322,133558808.00
2014/11/06,15.55,15.65,15.17,15.50,6722117,143065888.00
2014/11/07,15.52,15.74,15.25,15.32,7078052,151986144.00
2014/11/10,15.41,15.45,14.95,15.23,8613602,180191360.00
2014/11/11,15.25,15.34,14.32,14.41,12392897,253280528.00
2014/11/12,14.44,14.68,14.31,14.61,6639184,133744552.00
2014/11/13,14.56,14.59,13.64,13.79,10289032,200029520.00
2014/11/14,13.76,13.97,13.57,13.77,5752401,110548184.00
2014/11/17,13.79,14.14,13.72,14.02,6441321,125654656.00
2014/11/18,13.98,14.20,13.94,14.12,4512263,88275824.00
2014/11/19,14.14,14.25,13.92,14.15,5693807,111404064.00
2014/11/20,14.06,14.14,13.91,13.95,3959290,77167088.00
2014/11/21,13.95,14.14,13.86,14.10,4771925,93234432.00
2014/11/24,14.29,14.52,14.13,14.40,7492613,149346672.00
2014/11/25,14.39,14.70,14.33,14.55,6258744,126501680.00
2014/11/26,14.59,14.90,14.49,14.77,8244095,168205872.00
2014/11/27,14.85,14.89,14.55,14.69,7951594,162233936.00
2014/11/28,14.69,15.01,14.50,14.59,8787899,179536432.00
2014/12/01,14.59,14.68,13.99,14.01,9933566,195937840.00
2014/12/02,14.04,14.27,14.02,14.14,6574187,129286560.00
2014/12/03,14.13,14.55,13.87,14.55,11791236,232286000.00
2014/12/04,14.55,14.98,14.52,14.88,12379768,254103824.00
2014/12/05,15.16,16.25,13.63,16.24,31948085,683974912.00
2014/12/08,16.32,17.32,16.32,17.01,33234990,775092416.00
2014/12/09,17.16,17.16,15.21,15.21,26734895,594904768.00
2014/12/10,14.82,15.85,14.31,15.43,12765220,268311056.00
2014/12/11,15.32,15.79,14.99,15.49,11144130,237590000.00
2014/12/12,15.55,15.62,15.32,15.55,6411952,137117504.00
2014/12/15,14.59,15.63,14.59,15.44,10011078,211585312.00
2014/12/16,15.48,15.86,15.40,15.65,10705365,232272192.00
2014/12/17,15.79,15.79,15.02,15.17,8860862,187759232.00
2014/12/18,15.30,16.21,15.21,15.63,14931822,325182208.00
2014/12/19,15.52,15.69,14.54,14.95,12310872,257034976.00
2014/12/22,14.71,14.90,13.66,13.79,10527235,207017296.00
2014/12/23,13.79,14.06,13.34,13.40,7121428,136393760.00
2014/12/24,13.64,13.93,13.52,13.80,5607678,107416168.00
2014/12/25,13.91,14.12,13.63,14.03,7207117,139374896.00
2014/12/26,13.92,14.13,13.78,14.02,6005464,116562912.00
2014/12/29,13.93,14.02,13.40,13.73,7718334,146890144.00
2014/12/30,13.72,13.72,13.25,13.29,5618099,105459416.00
2014/12/31,13.36,13.62,13.33,13.55,4476664,84230640.00
2015/01/05,13.59,13.88,13.33,13.79,6241112,118793808.00
2015/01/06,13.73,14.39,13.64,14.25,9269523,182102512.00
2015/01/07,14.15,14.26,13.83,13.94,5080398,99205536.00
2015/01/08,13.94,14.14,13.87,13.95,4133334,80695808.00
2015/01/09,13.96,14.23,13.82,13.83,5512375,108046448.00
2015/01/12,13.83,13.83,13.32,13.48,4172993,78679992.00
2015/01/13,13.49,13.84,13.44,13.81,3880811,74171136.00
2015/01/14,13.81,14.09,13.79,13.86,4876172,94601192.00
2015/01/15,13.89,14.12,13.86,14.05,3512811,68461584.00
2015/01/16,14.05,14.29,13.94,14.21,5333806,104825456.00
2015/01/19,13.77,14.50,13.63,13.79,8032430,157314672.00
2015/01/20,14.00,14.47,14.00,14.46,9756333,193238224.00
2015/01/21,14.48,14.89,14.39,14.79,11156718,228112864.00
2015/01/22,14.86,15.84,14.66,15.38,16591799,349110624.00
2015/01/23,15.44,15.44,14.89,15.02,9917608,207635888.00
2015/01/26,15.17,15.28,15.02,15.19,6813740,142925440.00
2015/01/27,15.25,15.49,14.89,15.19,8455436,178080912.00
2015/01/28,15.08,15.30,14.86,14.94,5981306,124997416.00
2015/01/29,14.81,15.06,14.72,14.88,4721129,97750232.00
2015/01/30,14.99,15.25,14.72,15.02,6461220,134355600.00
2015/02/02,14.89,15.29,14.87,15.05,5805618,121660000.00
2015/02/03,15.09,15.45,15.04,15.36,7429528,157036432.00
2015/02/04,15.41,15.69,15.18,15.23,8746221,187376272.00
2015/02/05,15.32,15.35,14.88,15.02,7266662,152060736.00
2015/02/06,14.80,15.05,14.49,14.65,4963190,101080872.00
2015/02/09,14.70,14.77,14.45,14.47,3942067,79994136.00
2015/02/10,14.55,14.62,14.43,14.62,4348347,87609576.00
2015/02/11,14.68,14.87,14.59,14.85,3634332,74481232.00
2015/02/12,14.94,14.95,14.71,14.78,4160751,85312232.00
2015/02/13,14.86,15.22,14.82,15.07,6598784,137655920.00
2015/02/16,15.17,15.46,15.08,15.42,6056813,128410464.00
2015/02/17,15.50,15.55,15.22,15.35,6011591,127657656.00
2015/02/25,15.44,15.70,15.32,15.43,6756799,144990656.00
2015/02/26,15.40,15.59,15.33,15.54,4801119,102763608.00
2015/02/27,15.69,16.31,15.67,15.90,11398646,252582528.00
2015/03/02,16.02,16.19,15.86,16.12,8153000,180261264.00
2015/03/03,16.08,16.63,15.95,16.16,11248718,252690656.00
2015/03/04,16.25,16.51,16.12,16.42,9154345,205567360.00
2015/03/05,16.50,16.57,16.02,16.14,8345074,186260384.00
2015/03/06,16.15,16.25,15.55,15.55,7748081,169584192.00
2015/03/09,15.55,15.82,15.48,15.79,6309104,136832720.00
2015/03/10,15.79,16.01,15.68,15.81,5414486,118787824.00
2015/03/11,15.79,15.89,15.52,15.67,5686043,123337616.00
2015/03/12,15.65,15.92,15.64,15.91,6691980,145983568.00
2015/03/13,15.96,16.32,15.96,16.15,6751823,150513584.00
2015/03/16,16.23,16.49,16.17,16.37,11921785,268574752.00
2015/03/17,16.44,17.02,16.32,16.67,14811675,339105472.00
2015/03/18,16.68,17.05,16.52,16.88,12998449,299536896.00
2015/03/19,16.87,17.14,16.55,16.77,11430458,265456256.00
2015/03/20,16.86,17.32,16.79,17.03,11909932,279619648.00
2015/03/23,17.16,18.07,17.15,17.79,14010060,340410816.00
2015/03/24,17.89,18.12,16.89,17.45,15270713,367684192.00
2015/03/25,17.48,18.63,17.45,18.55,15703332,387388704.00
2015/03/26,18.40,18.85,17.79,18.17,14413631,362039104.00
2015/03/27,18.39,18.49,17.94,18.27,9025138,225405696.00
2015/03/30,18.29,18.69,18.22,18.40,10159536,256034928.00
2015/03/31,18.43,18.74,18.03,18.26,13776985,347085600.00
2015/04/01,18.26,18.62,18.05,18.55,11737200,295480608.00
2015/04/02,18.89,19.22,18.49,18.84,12123544,312254816.00
2015/04/03,18.68,19.54,18.59,19.52,14495644,380738016.00
2015/04/07,19.62,19.77,19.29,19.55,11705495,310468960.00
2015/04/08,19.55,19.57,18.44,18.64,16362087,422431008.00
2015/04/09,18.65,18.75,17.72,18.09,11864614,294260608.00
2015/04/10,18.09,18.75,17.99,18.68,9184396,232930864.00
2015/04/13,18.86,19.10,18.37,18.87,10348867,265615216.00
2015/04/14,18.88,19.45,18.63,19.07,10991236,286434848.00
2015/04/15,19.07,19.14,18.02,18.02,10035492,254216368.00
2015/04/16,17.79,18.55,17.72,18.12,7648122,190404320.00
2015/04/17,18.32,18.90,18.22,18.44,11466536,290454208.00
2015/04/20,18.52,19.40,18.28,19.08,18000320,467238848.00
2015/04/21,19.02,20.49,18.95,19.98,22094222,600012288.00
2015/04/22,20.15,20.48,19.79,20.09,16210047,444904192.00
2015/04/23,20.12,20.23,19.79,20.18,11864472,324417376.00
2015/04/24,19.82,20.89,19.75,20.17,15078698,417028480.00
2015/04/27,20.59,21.41,20.55,20.82,19326265,550256192.00
2015/04/28,20.72,20.99,19.54,19.74,15167854,417154400.00
2015/04/29,19.79,20.76,19.69,20.50,11483916,318530112.00
2015/04/30,20.51,20.86,20.17,20.25,12462129,348182560.00
2015/05/04,20.27,21.59,20.01,21.59,15527830,442330208.00
2015/05/05,21.48,21.69,20.03,20.55,12875007,366461152.00
2015/05/06,20.62,20.96,19.67,19.85,12172184,339870080.00
2015/05/07,19.86,20.39,19.75,19.75,8782321,240309776.00
2015/05/08,20.08,20.77,19.87,20.71,9715995,268297472.00
2015/05/11,20.85,21.70,20.63,21.65,14454223,418432224.00
2015/05/12,21.94,22.60,21.71,22.47,17937277,540348288.00
2015/05/13,22.17,22.42,21.69,21.77,13787380,412190880.00
2015/05/14,21.86,22.39,21.77,21.83,9891398,296122912.00
2015/05/15,21.98,23.40,21.83,22.94,17297322,534092032.00
2015/05/18,22.94,24.39,22.57,24.36,16152480,522215744.00
2015/05/19,24.36,24.40,23.63,24.10,11481939,372444480.00
2015/05/20,24.71,26.58,24.48,25.17,14255265,496999744.00
2015/05/21,25.49,27.31,25.48,27.07,14442196,515794240.00
2015/05/22,27.10,29.71,25.96,28.94,17172536,625435200.00
2015/05/25,28.25,30.98,27.46,30.49,17653827,705215872.00
2015/05/26,31.44,33.63,30.52,33.63,22596127,978260736.00
2015/05/27,33.66,35.16,32.10,32.48,26407519,1181973632.00
2015/05/28,32.15,33.24,29.13,29.13,21576002,900499904.00
2015/05/29,28.94,30.45,27.50,29.65,16879469,666682944.00
2015/06/01,29.72,31.77,29.72,31.65,12634260,525546880.00
2015/06/02,31.71,33.24,31.02,33.13,16101677,697560320.00
2015/06/03,33.20,34.13,31.83,32.55,12323798,544571904.00
2015/06/04,32.60,32.85,29.29,31.39,12788980,529504416.00
2015/06/05,31.97,33.05,31.17,32.15,11778474,507213600.00
2015/06/08,32.15,32.47,29.79,30.29,10418758,430521280.00
2015/06/09,30.29,31.27,29.79,30.36,7433102,304475616.00
2015/06/10,29.94,31.69,29.63,31.11,9657253,400182432.00
2015/06/11,31.12,32.17,30.86,32.09,10018606,422916608.00
2015/06/12,32.40,34.38,32.34,33.90,16695049,747362304.00
2015/06/15,33.79,34.94,32.34,32.52,14199607,639537792.00
2015/06/16,31.86,31.86,29.80,30.17,11830495,486600768.00
2015/06/17,30.55,31.30,28.44,31.17,10395535,422271840.00
2015/06/18,31.25,31.95,29.85,29.85,7492152,312741984.00
2015/06/19,29.54,30.67,27.22,27.36,8416353,329328064.00
2015/06/23,27.82,30.17,26.96,29.89,10647813,407458368.00
2015/06/24,30.77,32.25,30.21,32.20,15240584,639444096.00
2015/06/25,32.06,32.06,28.90,29.48,18862587,598300800.00
2015/06/26,28.61,28.62,26.45,26.45,11862249,331334592.00
2015/06/29,26.97,27.17,23.72,23.72,17053105,436782592.00
2015/06/30,22.57,25.58,21.27,25.37,18330271,442222304.00
2015/07/01,24.47,26.44,22.75,22.78,16465456,425636032.00
2015/07/02,22.78,23.55,20.42,20.42,15756431,348225152.00
2015/07/03,18.87,20.84,18.30,18.30,17522275,343975200.00
2015/07/06,20.21,20.21,16.39,16.64,23989241,443441088.00
2015/07/07,15.97,16.26,14.89,14.89,9744991,156393008.00
2015/07/08,13.32,16.22,13.32,15.17,47732048,725427456.00
2015/07/09,15.17,16.77,15.17,16.77,18099066,311813920.00
2015/07/10,18.53,18.53,18.17,18.53,5106434,98688608.00
2015/07/13,20.47,20.47,20.02,20.47,5591989,119033968.00
2015/07/14,22.60,22.60,22.05,22.60,31394765,734028480.00
2015/07/15,22.47,22.47,20.26,20.26,29018368,636908992.00
2015/07/16,20.26,22.37,18.40,22.37,26536456,597810048.00
2015/07/17,23.17,24.69,22.72,24.69,16333477,407127904.00
2015/07/20,26.97,27.24,26.17,27.24,39697577,1106913536.00
2015/07/21,26.17,28.27,25.78,26.90,42818254,1201806720.00
2015/07/22,26.27,29.67,26.27,29.67,46937667,1407472640.00
2015/07/23,29.41,31.57,28.17,30.86,40181108,1213369088.00
2015/07/24,29.93,33.67,29.93,31.18,35345205,1146469632.00
2015/07/27,30.66,32.75,27.98,28.01,34277734,1078557184.00
2015/07/28,26.17,30.89,25.68,30.89,43872538,1311217536.00
2015/07/29,32.06,34.06,31.67,34.06,51914529,1777403136.00
2015/07/30,35.17,37.55,34.76,37.55,50368664,1909037184.00
2015/07/31,37.55,38.97,33.89,35.09,57055306,2135613952.00
2015/08/03,33.05,35.03,31.50,31.50,32670912,1092453760.00
2015/08/04,30.19,34.73,30.19,34.73,45767624,1563710336.00
2015/08/05,36.47,37.85,33.88,35.25,63673345,2347941632.00
2015/08/06,33.15,35.80,32.37,32.59,40198739,1382292224.00
2015/08/07,33.92,34.17,32.17,33.70,36507388,1242246144.00
2015/08/10,33.78,36.27,32.98,35.42,42585669,1512782208.00
2015/08/11,34.95,35.94,33.38,34.22,38262624,1349613056.00
2015/08/12,34.96,35.76,33.17,33.22,29514630,1042639040.00
2015/08/13,32.27,33.67,31.32,33.41,26346297,876092288.00
2015/08/14,33.47,36.13,32.55,35.07,36018559,1263803776.00
2015/08/17,34.97,38.66,34.67,38.66,41752162,1622665984.00
2015/08/18,40.17,41.16,34.71,35.07,65529566,2524572416.00
2015/08/19,32.78,37.46,32.55,36.53,36587633,1309505152.00
2015/08/20,35.87,36.35,32.80,32.80,27144122,961321152.00
2015/08/21,31.32,34.47,30.20,30.52,22285933,742524992.00
2015/08/24,29.17,29.63,27.39,27.39,10131282,289970560.00
2015/08/25,24.57,24.57,24.57,24.57,3366200,85501480.00
2015/08/26,22.07,25.27,22.03,22.03,32136635,763711936.00
2015/08/27,23.15,23.61,19.97,22.82,28774199,669204160.00
2015/08/28,23.34,25.19,23.30,25.19,25417732,641618752.00
2015/08/31,26.17,27.17,24.77,25.38,37516493,1008629248.00
2015/09/01,24.47,24.47,22.76,22.76,21517660,511675488.00
2015/09/02,20.40,23.18,20.40,20.61,27176483,589747904.00
2015/09/07,20.95,22.17,18.47,18.47,34430865,705701248.00
2015/09/08,17.79,19.17,16.55,19.04,27196241,500258912.00
2015/09/09,18.86,20.55,18.52,19.40,44199411,897201280.00
2015/09/10,18.83,21.42,18.58,21.42,61605179,1341889536.00
2015/09/11,20.96,21.40,19.75,20.61,46813735,1005390784.00
2015/09/14,20.82,21.03,18.47,18.47,28062777,571508992.00
2015/09/15,17.31,17.83,16.54,16.54,22288806,397000960.00
2015/09/16,16.47,18.28,16.07,18.28,28940911,522732736.00
2015/09/17,18.17,19.17,17.37,17.37,36425920,700004608.00
2015/09/18,17.56,18.02,16.97,17.71,22587475,415590464.00
2015/09/21,17.92,19.56,17.92,19.56,43259117,867711808.00
2015/09/22,20.17,20.64,19.26,19.96,49345354,1030263744.00
2015/09/23,19.27,20.15,19.13,19.52,26545036,543080896.00
2015/09/24,19.62,20.57,19.62,20.10,26059596,547555008.00
2015/09/25,19.98,20.30,18.48,18.82,24450373,498431392.00
2015/09/28,18.83,19.82,18.38,19.80,18886255,378780576.00
2015/09/29,19.27,19.64,19.04,19.27,15146108,304752544.00
2015/09/30,19.42,21.16,19.37,20.36,31515462,663769408.00
2015/10/08,21.15,21.96,20.70,20.82,32632579,726524864.00
2015/10/09,20.67,22.42,20.49,21.56,29295828,658612864.00
2015/10/12,21.86,22.87,21.57,22.47,30900309,715492032.00
2015/10/13,22.19,22.87,22.00,22.62,23252673,542536576.00
2015/10/14,22.67,23.55,21.90,21.92,25453633,597620672.00
2015/10/15,21.82,23.37,21.48,23.26,25827345,602195264.00
2015/10/16,23.31,23.80,22.76,23.63,26498532,640235840.00
2015/10/19,23.55,23.56,22.14,22.73,26496809,628469888.00
2015/10/20,22.67,23.68,22.52,23.57,26238015,630300480.00
2015/10/21,23.33,23.37,21.13,21.13,29407416,680248384.00
2015/10/22,21.17,22.53,20.74,22.20,20791414,467605728.00
2015/10/23,22.29,22.86,21.65,22.60,20028266,465340192.00
2015/10/26,23.05,24.16,22.66,23.66,26416550,640741824.00
2015/10/27,23.32,26.11,23.22,26.11,44465992,1136854528.00
2015/10/28,27.01,27.66,25.77,25.97,54163239,1502761984.00
2015/10/29,25.80,28.07,25.55,27.29,38997019,1079868032.00
2015/10/30,26.96,27.46,25.97,26.37,26749275,734249024.00
2015/11/02,25.62,26.30,23.77,24.46,25168127,654584000.00
2015/11/03,24.55,25.16,23.90,24.45,21013123,530998368.00
2015/11/04,24.67,26.02,24.52,25.95,26771201,699237056.00
2015/11/05,25.92,26.16,25.16,26.07,27041869,719546304.00
2015/11/06,26.04,27.67,25.88,27.11,30133064,833122304.00
2015/11/09,26.87,27.36,26.09,26.90,26494784,732095360.00
2015/11/10,26.56,27.13,26.07,26.53,22226135,610453952.00
2015/11/11,26.73,27.42,26.45,27.15,24216682,671593152.00
2015/11/12,27.57,29.13,27.56,27.92,31806963,926122944.00
2015/11/13,27.57,27.57,26.15,26.69,20929878,579532416.00
2015/11/16,26.02,27.25,25.95,27.18,12497021,345698176.00
2015/11/17,27.57,28.97,27.35,27.35,27009153,779656192.00
2015/11/18,27.24,28.00,26.68,26.80,16585398,469410816.00
2015/11/19,27.07,27.78,26.50,27.67,16883741,472224256.00
2015/11/20,27.62,28.67,27.15,28.47,26950563,784264192.00
2015/11/23,28.47,28.77,27.36,27.51,19239716,557394944.00
2015/11/24,27.57,27.62,26.29,27.53,15582085,433535424.00
2015/11/25,28.37,28.57,27.57,27.94,17136737,493904928.00
2015/11/26,27.66,29.87,27.08,28.49,28684271,836782592.00
2015/11/27,28.57,29.13,25.59,25.75,26308064,748287360.00
2015/11/30,25.74,26.05,23.66,25.15,17438655,449121088.00
2015/12/01,25.17,26.00,25.05,25.49,12146638,320148896.00
2015/12/02,25.32,25.53,23.90,25.27,9107058,233469424.00
2015/12/03,25.60,25.94,25.35,25.82,8567256,226953008.00
2015/12/04,25.47,25.95,24.86,25.18,11410155,299709376.00
2015/12/07,25.49,25.55,24.97,25.36,6805486,177784736.00
2015/12/08,25.25,25.25,24.31,24.36,9365818,238708048.00
2015/12/09,24.19,25.33,24.11,24.97,9769989,249620896.00
2015/12/10,25.03,25.24,24.49,24.58,8000322,206223168.00
2015/12/11,24.57,25.16,24.39,24.77,7161136,184017472.00
2015/12/14,24.56,25.36,24.38,25.29,8375094,214956848.00
2015/12/15,25.44,25.67,25.17,25.26,9066483,237985232.00
2015/12/16,25.45,25.56,25.17,25.32,7314498,191642160.00
2015/12/17,25.50,25.90,25.50,25.85,10947012,291173216.00
2015/12/18,25.77,26.03,25.37,25.47,9183000,243380240.00
2015/12/21,25.57,25.95,25.38,25.92,10148385,269001984.00
2015/12/22,25.89,26.33,25.57,26.32,11627630,312255200.00
2015/12/23,26.29,26.35,25.49,25.66,9441050,253243936.00
2015/12/24,25.57,25.66,24.69,25.12,7441412,192741760.00
2015/12/25,24.99,25.35,24.99,25.17,5095626,132556544.00
2015/12/28,25.23,25.59,24.39,24.39,8402867,218161760.00
2015/12/29,24.35,24.62,24.24,24.59,5784694,145790368.00
2015/12/30,24.62,25.44,24.48,25.32,9816610,253754960.00
2015/12/31,25.46,25.96,25.14,25.16,9476904,249980400.00
2016/01/04,26.06,26.27,22.67,22.79,14433559,379652064.00
2016/01/05,21.17,24.32,21.17,23.98,17411972,420410656.00
2016/01/06,23.77,24.97,23.57,24.59,12532372,316931424.00
2016/01/07,23.86,23.86,22.05,22.06,4134188,97559192.00
2016/01/08,22.72,22.96,20.06,21.77,12757516,290977120.00
2016/01/11,21.07,21.12,19.51,19.51,12914903,269652576.00
2016/01/12,19.17,19.67,18.06,19.24,9244187,183283248.00
2016/01/13,19.12,19.65,17.57,17.74,7836206,154085392.00
2016/01/14,17.17,19.11,16.67,18.85,9836688,184349920.00
2016/01/15,18.72,19.72,18.22,18.56,12722399,253482992.00
2016/01/18,18.05,19.23,17.68,19.01,7665888,149779168.00
2016/01/19,18.77,20.17,18.77,19.97,10103945,205687280.00
2016/01/20,19.95,20.17,19.27,19.47,8658089,177897088.00
2016/01/21,18.96,19.58,18.05,18.05,7435196,147108992.00
2016/01/22,18.47,18.93,17.91,18.61,6144825,118516456.00
2016/01/25,19.02,19.12,18.68,18.92,4811042,94954168.00
2016/01/26,18.23,19.35,17.00,17.06,7586077,143718336.00
2016/01/27,17.38,17.89,15.67,17.71,11339133,198156688.00
2016/01/28,17.17,17.39,16.17,16.32,6202767,109847472.00
2016/01/29,16.47,17.37,16.12,17.04,7550943,133926528.00
2016/02/01,17.14,17.30,16.18,16.77,6726312,119336768.00
2016/02/02,16.97,18.53,16.96,18.53,8405381,160168976.00
2016/02/03,18.19,19.16,18.19,18.97,16506586,324210464.00
2016/02/04,18.86,19.34,18.86,18.99,13889793,276292288.00
2016/02/05,18.87,19.56,18.87,18.96,10247648,204886976.00
2016/02/15,18.13,19.51,18.12,19.24,9994251,198896480.00
2016/02/16,19.37,20.22,19.32,19.97,11098944,229442272.00
2016/02/17,19.98,21.27,19.98,20.47,13897928,299383808.00
2016/02/18,20.72,20.82,19.92,19.98,10709377,225061072.00
2016/02/19,20.02,20.36,19.93,20.16,7608956,159754560.00
2016/02/22,20.45,21.03,20.42,20.69,10136026,218826400.00
2016/02/23,20.52,21.05,20.08,20.45,9532528,203965504.00
2016/02/24,20.46,20.94,20.03,20.82,10596794,227131824.00
2016/02/25,20.58,20.72,18.66,18.66,13107311,266442176.00
2016/02/26,19.05,19.07,18.14,18.53,8465241,164982864.00
2016/02/29,18.55,18.66,16.88,17.27,8606260,156792560.00
2016/03/01,17.46,18.06,17.17,17.93,7962892,147480384.00
2016/03/02,17.75,19.22,17.68,19.12,11117764,215068560.00
2016/03/03,19.04,19.47,18.97,19.12,10092392,202521856.00
2016/03/04,18.99,19.69,18.47,18.75,11541999,230067968.00
2016/03/07,18.77,19.47,18.77,19.16,7862478,156875184.00
2016/03/08,19.16,19.26,17.67,18.89,8794446,169289328.00
2016/03/09,18.45,19.44,18.27,18.65,8344953,165539568.00
2016/03/10,18.67,18.85,17.97,18.06,6153967,118054360.00
2016/03/11,17.83,18.32,17.83,18.16,4114191,77986288.00
2016/03/14,18.50,19.27,18.36,18.97,8492813,168237184.00
2016/03/15,18.97,19.27,18.87,18.97,6301490,125130200.00
2016/03/16,19.15,19.27,18.53,18.62,5279544,103736648.00
2016/03/17,18.67,20.05,18.56,19.48,11179931,225413360.00
2016/03/18,19.67,20.32,19.52,20.11,12951129,269781472.00
2016/03/21,20.62,20.86,20.17,20.77,13513812,287853952.00
2016/03/22,20.67,22.14,20.35,21.09,17490296,386704000.00
2016/03/23,20.92,21.24,20.67,21.00,9182939,199614592.00
2016/03/24,20.77,21.67,20.60,20.60,13839568,305131872.00
2016/03/25,20.50,21.05,20.38,20.85,7765180,167594224.00
2016/03/28,21.37,21.72,20.58,20.96,11810849,259993152.00
2016/03/29,20.83,21.32,20.55,21.10,11530996,252278416.00
2016/03/30,21.32,22.23,21.28,22.20,18098480,409087264.00
2016/03/31,22.72,22.82,21.83,21.95,13442640,310058304.00
2016/04/01,21.87,22.32,21.41,22.22,9992275,226931200.00
2016/04/05,22.12,24.05,22.07,23.35,13025589,309557088.00
2016/04/06,23.07,23.75,22.97,23.39,10349150,249988048.00
2016/04/07,23.46,23.55,22.37,22.47,9780891,231647088.00
2016/04/08,22.43,23.17,22.25,22.74,9388658,220790224.00
2016/04/11,22.77,23.37,22.77,23.07,9746161,232398672.00
2016/04/12,22.79,23.02,22.19,22.33,9290192,217612304.00
2016/04/13,22.64,22.94,22.44,22.52,11115299,261571840.00
2016/04/14,22.68,22.80,22.19,22.79,9796004,228641408.00
2016/04/15,22.75,23.26,22.64,23.02,13445443,320563136.00
2016/04/18,23.09,23.77,22.72,23.55,15319915,369489280.00
2016/04/19,23.52,23.62,23.00,23.33,8842892,213486688.00
2016/04/20,23.31,23.85,21.39,22.17,14043694,332266688.00
2016/04/21,22.16,22.77,21.84,22.13,8240431,190788928.00
2016/04/22,22.10,22.43,21.67,22.20,6051340,138735392.00
2016/04/25,22.17,22.22,21.55,21.56,5287377,119751704.00
2016/04/26,21.43,21.96,21.27,21.86,4898248,110067208.00
2016/04/27,21.87,21.97,21.58,21.67,4549195,102839816.00
2016/04/28,21.76,21.82,21.04,21.72,5013231,111609600.00
2016/04/29,21.63,21.73,21.28,21.61,3960763,88599368.00
2016/05/03,21.67,22.35,21.61,22.31,8009665,183742160.00
2016/05/04,22.17,22.40,21.99,22.10,5598332,128984936.00
2016/05/05,22.10,22.36,22.04,22.25,4387842,101082032.00
2016/05/06,22.15,22.30,20.95,20.95,9287036,207339408.00
2016/05/09,20.83,20.83,19.52,19.59,6368336,132873632.00
2016/05/10,19.67,19.85,19.43,19.53,4625997,94659200.00
2016/05/11,19.67,19.82,18.99,19.03,5368407,108308976.00
2016/05/12,18.66,19.22,18.56,19.11,5552887,109682544.00
2016/05/13,19.11,19.53,18.88,19.07,5638144,112747624.00
2016/05/16,19.06,19.48,18.74,19.48,4525504,90845240.00
2016/05/17,19.39,19.58,19.17,19.45,4948197,99945440.00
2016/05/18,19.22,19.34,18.86,19.02,5098827,101743320.00
2016/05/19,19.16,19.41,18.94,19.09,3927710,78652336.00
2016/05/20,18.97,19.85,18.92,19.52,6512862,131785168.00
2016/05/23,19.47,19.80,19.47,19.66,5195250,106234088.00
2016/05/24,19.58,19.58,19.10,19.23,4389877,88392128.00
2016/05/25,19.39,19.52,19.08,19.16,3281455,66031916.00
2016/05/26,19.14,19.29,18.67,19.22,4249131,84095080.00
2016/05/27,19.28,19.80,19.23,19.56,6731030,136934848.00
2016/05/30,19.35,19.52,19.08,19.27,3378056,68034424.00
2016/05/31,19.35,20.40,19.32,20.32,8900853,185306864.00
2016/06/01,20.35,20.85,20.25,20.43,8900229,190806544.00
2016/06/02,20.41,20.76,20.29,20.71,6656445,141965456.00
2016/06/03,20.72,20.86,20.45,20.57,5549128,119292560.00
2016/06/06,20.65,20.74,20.32,20.54,3907770,83496920.00
2016/06/07,20.57,20.67,20.28,20.59,4009642,85548168.00
2016/06/08,20.59,20.82,20.33,20.65,7058187,151227840.00
2016/06/13,20.35,20.98,19.78,19.78,9855760,210927888.00
2016/06/14,19.47,19.87,19.38,19.62,4386442,89460584.00
2016/06/15,19.39,20.47,19.23,20.26,7054314,147852096.00
2016/06/16,20.26,20.45,19.97,20.23,5540214,116575688.00
2016/06/17,20.22,20.83,20.22,20.42,6916864,148126000.00
2016/06/20,20.39,20.79,20.20,20.71,6010146,128191328.00
2016/06/21,20.81,22.45,20.77,21.62,21827476,492247520.00
2016/06/22,21.39,22.26,21.37,21.86,13435387,304464704.00
2016/06/23,21.80,24.13,21.73,23.45,27062398,645301568.00
2016/06/24,23.07,23.91,22.36,23.72,24106059,582251520.00
2016/06/27,23.52,24.67,23.50,24.50,23249664,582180224.00
2016/06/28,24.18,24.37,23.72,24.08,15341271,380909440.00
2016/06/29,24.12,24.43,23.69,23.92,13768459,338961376.00
2016/06/30,23.84,24.33,23.55,24.04,11713038,287620640.00
2016/07/01,23.85,24.65,23.76,23.80,14324679,355380160.00
2016/07/04,23.70,25.14,23.69,24.86,21782157,544710592.00
2016/07/05,24.91,25.81,24.35,24.43,25972678,668857856.00
2016/07/06,24.43,24.53,23.93,24.40,10493856,260496736.00
2016/07/07,24.26,24.35,23.56,24.00,11535837,283430720.00
2016/07/08,23.95,25.02,23.75,24.65,15386792,387897120.00
2016/07/11,25.35,25.53,24.35,24.48,19670973,505389824.00
2016/07/12,24.28,24.67,23.98,24.64,10820415,270169248.00
2016/07/13,24.73,25.03,24.35,24.45,9404069,237628528.00
2016/07/14,24.50,25.31,24.35,24.82,13239496,338824640.00
2016/07/15,24.73,24.95,24.25,24.36,9192311,231015248.00
2016/07/18,24.50,24.50,23.93,24.06,5273712,130866784.00
2016/07/19,24.23,24.23,23.63,24.07,6291294,154302384.00
2016/07/20,24.10,24.65,23.99,24.30,7541257,188944288.00
2016/07/21,24.40,24.90,24.17,24.57,7202581,181370320.00
2016/07/22,24.87,24.88,24.34,24.36,9113647,230696560.00
2016/07/25,24.31,24.71,24.05,24.16,6654232,166595824.00
2016/07/26,24.20,24.62,24.20,24.51,5344275,133880224.00
2016/07/27,24.52,25.51,23.69,24.17,17815181,450960256.00
2016/07/28,24.00,24.71,23.15,23.45,14269854,350705184.00
2016/07/29,23.25,23.31,22.38,22.52,10661657,249329584.00
2016/08/01,22.36,22.79,22.00,22.41,5504314,127063624.00
2016/08/02,22.41,22.61,22.34,22.57,2855033,66039064.00
2016/08/03,22.54,22.67,22.26,22.38,4352074,100583944.00
2016/08/04,22.37,22.59,22.15,22.48,4597452,105991392.00
2016/08/05,22.53,22.53,22.21,22.25,3381718,77738544.00
2016/08/08,22.16,23.36,22.15,23.30,8325005,195261712.00
2016/08/09,23.14,23.36,23.03,23.19,4987291,118774480.00
2016/08/10,23.23,23.73,23.13,23.19,5365633,129284144.00
2016/08/11,23.11,23.43,22.80,22.83,3306681,78558672.00
2016/08/12,22.75,23.13,22.73,23.09,2953103,69779448.00
2016/08/15,23.18,24.18,23.14,24.10,9731756,237861632.00
2016/08/16,24.11,24.31,23.95,24.09,4950891,122563520.00
2016/08/17,24.06,24.72,23.96,24.15,6803597,170466192.00
2016/08/18,24.15,24.30,23.75,23.98,4935741,121377720.00
2016/08/19,24.00,24.03,23.79,23.83,3112275,76358760.00
2016/08/22,23.90,24.01,23.56,23.56,2761590,67630664.00
2016/08/23,23.75,23.75,23.44,23.56,2478179,60062640.00
2016/08/24,23.60,24.18,23.52,23.90,4088414,100528400.00
2016/08/25,23.59,24.10,23.23,24.04,4838297,118214048.00
2016/08/26,24.03,24.43,23.98,24.04,5142290,127732176.00
2016/08/29,24.31,24.44,23.86,23.89,3235956,80027048.00
2016/08/30,23.88,24.29,23.80,24.07,4152332,102838488.00
2016/08/31,24.04,24.13,23.60,23.64,4260612,103839424.00
2016/09/01,23.75,23.94,23.33,23.34,4039109,97905240.00
2016/09/02,23.30,23.49,23.05,23.27,3061483,73241448.00
2016/09/05,23.48,23.73,23.35,23.58,3092320,75042944.00
2016/09/06,23.60,24.11,23.55,24.08,4935801,121084768.00
2016/09/07,24.05,24.45,23.97,24.31,7381630,183841568.00
2016/09/08,24.31,24.41,23.95,24.07,4488608,111331224.00
2016/09/09,24.06,24.55,24.02,24.55,10058507,251533584.00
2017/07/04,22.06,22.06,22.06,22.06,1129000,25357340.00
2017/07/05,20.50,21.09,20.18,20.85,31326323,655976960.00
2017/07/06,20.55,20.98,20.44,20.81,14368074,303613536.00
2017/07/07,20.78,21.66,20.57,21.38,14409216,307891968.00
2017/07/10,21.56,21.86,20.80,20.88,14128858,306962080.00
2017/07/11,20.72,20.96,20.66,20.72,6726388,142555264.00
2017/07/12,20.71,20.85,20.00,20.43,6651788,138172416.00
2017/07/13,20.42,20.64,20.26,20.44,4651570,96863240.00
2017/07/14,20.42,20.78,20.33,20.50,5016764,105235608.00
2017/07/17,20.47,20.47,18.75,18.80,10694898,212732320.00
2017/07/18,18.88,19.33,18.65,19.24,4302086,83379424.00
2017/07/19,19.24,19.49,19.06,19.44,4117677,81182712.00
2017/07/20,19.40,19.86,19.32,19.65,4687453,93823256.00
2017/07/21,19.67,20.06,19.52,19.86,5444359,110115480.00
2017/07/24,19.78,20.46,19.73,20.25,5992422,123067936.00
2017/07/25,20.29,20.35,19.95,20.07,4858404,99576680.00
2017/07/26,20.18,20.26,19.76,19.96,3700992,75405272.00
2017/07/27,20.14,20.48,20.05,20.39,6878183,142633920.00
2017/07/28,20.37,20.37,20.03,20.15,3991969,82064664.00
2017/07/31,20.24,20.29,19.85,20.05,5325589,108654168.00
2017/08/01,20.07,20.22,19.93,20.02,4055701,82954312.00
2017/08/02,20.04,20.10,19.60,19.76,4037531,81526824.00
2017/08/03,19.65,19.96,19.65,19.77,2643965,53425504.00
2017/08/04,19.81,20.96,19.81,20.56,15230301,319431840.00
2017/08/07,20.50,20.90,20.35,20.60,6901804,144667344.00
2017/08/08,20.63,20.78,20.25,20.56,5872047,123010784.00
2017/08/09,20.43,20.86,20.43,20.70,5158025,108923080.00
2017/08/10,20.88,21.18,20.67,20.82,7524160,160431280.00
2017/08/11,20.94,21.35,20.47,20.50,9582776,205224032.00
2017/08/14,20.44,21.03,20.38,20.98,6709903,142563664.00
2017/08/15,21.00,21.38,20.81,21.30,7617448,164267328.00
2017/08/16,21.45,21.47,21.13,21.40,5719561,124175688.00
2017/08/17,21.46,21.98,21.38,21.48,11385334,251353904.00
2017/08/18,21.33,21.59,21.16,21.53,6234101,135789568.00
2017/08/21,21.68,21.95,21.46,21.60,5696000,125476760.00
2017/08/22,21.60,21.60,20.88,20.97,6660861,143581888.00
2017/08/23,21.10,21.24,20.90,21.09,3562270,76452568.00
2017/08/24,21.38,21.40,20.98,21.11,4234367,91465064.00
2017/08/25,21.14,21.46,20.91,21.38,4409274,95530216.00
2017/08/28,21.48,21.62,21.32,21.53,5410486,118577600.00
2017/08/29,21.47,21.47,20.99,21.06,6658523,144038864.00
2017/08/30,21.19,21.19,20.98,21.17,3151479,67815888.00
2017/08/31,21.34,21.49,21.20,21.29,4314552,93782880.00
2017/09/01,21.29,21.44,21.20,21.29,5126634,111279400.00
2017/09/04,21.40,21.50,21.26,21.43,4812178,104808624.00
2017/09/05,21.38,21.72,21.29,21.59,6050073,132484952.00
2017/09/06,21.50,21.81,21.43,21.65,6245421,137901040.00
2017/09/07,21.62,21.67,21.22,21.22,6590484,143661168.00
2017/09/08,21.24,21.35,21.02,21.15,3866594,83314520.00
2017/09/11,21.18,21.47,21.11,21.30,3402385,73789864.00
2017/09/12,21.26,21.32,21.06,21.08,4032620,86975912.00
2017/09/13,21.03,21.18,21.01,21.08,2618177,56302588.00
2017/09/14,21.09,21.19,21.00,21.05,2479952,53262032.00
2017/09/15,21.12,21.32,21.05,21.24,4045363,87454160.00
2017/09/18,21.30,21.35,21.10,21.17,4073610,87990696.00
2017/09/19,21.17,21.25,20.60,20.62,4376630,93251536.00
2017/09/20,20.69,20.80,20.65,20.72,2789414,58950976.00
2017/09/21,20.78,20.87,20.67,20.72,2258193,47829136.00
2017/09/22,20.75,20.81,19.60,20.48,3028871,63159708.00
2017/09/25,20.49,20.88,20.36,20.60,3248220,68547616.00
2017/09/26,20.70,20.70,20.30,20.44,1890837,39439552.00
2017/09/27,20.48,20.95,20.43,20.94,3310110,70155760.00
2017/09/28,20.93,21.30,20.80,21.15,4934360,106081808.00
2017/09/29,21.06,21.36,21.01,21.12,4224139,91195112.00
2017/10/09,21.39,21.46,21.12,21.20,4733286,102576368.00
2017/10/10,21.20,21.45,21.15,21.42,4430196,96221608.00
2017/10/11,21.40,21.74,21.30,21.68,6669082,146429712.00
2017/10/12,21.68,22.17,21.50,21.78,12102792,270000928.00
2017/10/13,21.64,22.58,21.64,22.48,9811193,220336688.00
2017/10/16,22.33,22.54,21.96,21.99,7353899,166521600.00
2017/10/17,21.91,22.17,21.71,21.83,3683699,82036384.00
2017/10/18,21.87,22.08,21.70,21.79,4292835,95708768.00
2017/10/19,21.80,21.93,21.25,21.30,3861020,84606864.00
2017/10/20,21.32,21.74,21.30,21.62,2398833,52652276.00
2017/10/23,21.55,21.70,21.26,21.39,3340692,72964664.00
2017/10/24,21.46,21.46,20.83,21.02,3554188,76625496.00
2017/10/25,21.09,21.39,21.03,21.31,4544718,98405232.00
2017/10/26,21.37,21.38,21.19,21.36,3991148,86639184.00
2017/10/27,21.36,21.77,21.23,21.65,6570395,143875216.00
2017/10/30,21.55,21.60,20.70,20.95,4586189,98691024.00
2017/10/31,20.90,21.05,20.58,20.98,3690054,78137848.00
2017/11/01,20.96,21.07,20.83,20.86,2377247,50684768.00
2017/11/02,20.81,21.09,20.22,20.25,4196333,87616288.00
2017/11/03,20.18,20.53,20.11,20.23,3133285,65024772.00
2017/11/06,20.25,20.45,20.18,20.43,2522825,52294156.00
2017/11/07,20.39,20.69,20.30,20.69,2940451,61442440.00
2017/11/08,20.61,20.93,20.57,20.62,3698452,78334056.00
2017/11/09,20.62,20.92,20.49,20.85,2671418,56410596.00
2017/11/10,20.89,20.94,20.70,20.89,3060502,64966620.00
2017/11/13,20.89,20.92,20.66,20.88,3199467,67789616.00
2017/11/14,20.85,21.17,20.63,21.10,5924335,126367296.00
2017/11/15,21.07,21.07,20.62,20.71,3330110,70575104.00
2017/11/16,20.71,20.83,20.25,20.25,2883497,60332056.00
2017/11/17,20.28,20.30,19.21,19.24,5744282,114736592.00
2017/11/20,19.19,19.74,18.99,19.64,2954835,58699812.00
2017/11/21,19.49,20.10,19.49,20.02,4123079,83054680.00
2017/11/22,19.98,20.80,19.83,20.53,6158829,128008776.00
2017/11/23,20.39,20.54,19.60,19.62,3561930,73078800.00
2017/11/24,19.76,20.04,19.55,19.72,2193824,44240692.00
2017/11/27,19.90,20.14,19.55,19.80,1788008,36167000.00
2017/11/28,19.73,19.88,19.56,19.85,1897521,38160232.00
2017/11/29,19.89,20.05,19.70,19.87,1661232,33647652.00
2017/11/30,20.00,20.19,19.83,19.86,2123731,43369712.00
2017/12/01,19.80,20.15,19.65,20.01,2131057,43441548.00
2017/12/04,19.98,20.09,19.64,19.64,2505579,50774764.00
2017/12/05,19.81,20.18,19.40,19.53,3145814,63461380.00
2017/12/06,19.46,20.05,19.43,19.94,2426415,48667924.00
2017/12/07,19.84,20.54,19.81,20.05,4871832,100582824.00
2017/12/08,20.10,20.44,20.02,20.15,2700372,55814588.00
2017/12/11,20.13,20.45,20.13,20.40,2265648,46886672.00
2017/12/12,20.39,20.44,20.06,20.11,2520495,51939616.00
2017/12/13,20.03,20.88,20.03,20.87,5754875,120551936.00
2017/12/14,20.75,21.08,20.58,20.90,3603270,76599384.00
2017/12/15,20.81,21.18,20.64,21.06,3775353,80602568.00
2017/12/18,21.01,21.22,20.67,20.93,2736794,58410884.00
2017/12/19,20.86,21.09,20.76,20.81,2397363,51100684.00
2017/12/20,20.80,20.98,20.43,20.59,2668872,56334028.00
2017/12/21,20.67,21.08,20.43,20.99,2568147,54425084.00
2017/12/22,20.90,21.70,20.88,21.50,6132539,132998272.00
2017/12/25,21.35,22.00,21.31,21.61,7946648,175289520.00
2017/12/26,21.61,22.00,21.46,21.79,4921375,109244144.00
2017/12/27,21.68,22.07,21.43,21.50,3803968,84454672.00
2017/12/28,21.43,21.67,21.23,21.42,4227777,92127816.00
2017/12/29,21.42,22.20,21.42,22.17,6046048,135338192.00
2018/01/02,22.19,22.95,22.11,22.82,9994612,230717472.00
2018/01/03,22.70,22.93,22.58,22.75,5856906,135548416.00
2018/01/04,22.69,23.95,22.61,23.61,10599227,254283904.00
2018/01/05,23.40,23.62,23.06,23.55,6997660,166401568.00
2018/01/08,23.37,23.52,22.91,23.31,4326348,102512112.00
2018/01/09,23.42,23.52,22.92,23.07,3573892,84135936.00
2018/01/10,23.00,23.65,22.95,23.17,4922383,116699352.00
2018/01/11,23.18,23.37,22.48,22.80,5088042,117491192.00
2018/01/12,22.74,22.95,22.25,22.40,4744157,108864640.00
2018/01/15,22.52,22.67,21.70,21.87,5060735,114708832.00
2018/01/16,21.89,22.10,21.02,21.26,10851827,236694592.00
2018/01/17,21.28,21.63,20.52,21.40,8026962,172962976.00
2018/01/18,21.28,21.50,20.90,20.97,4484659,96573104.00
2018/01/19,21.12,21.89,21.12,21.56,8426908,184956016.00
2018/01/22,21.45,21.78,21.10,21.64,6190639,135091792.00
2018/01/23,21.70,21.89,21.45,21.77,3675277,81060016.00
2018/01/24,21.70,22.13,21.16,22.03,5964055,131969784.00
2018/01/25,21.90,22.72,21.85,22.22,8313511,189530480.00
2018/01/26,22.22,22.75,22.22,22.50,6052997,138902288.00
2018/01/29,22.48,22.73,21.76,21.81,5699532,128010584.00
2018/01/30,21.73,22.30,21.63,22.15,4675720,105174968.00
2018/01/31,22.06,22.15,21.22,21.73,4819118,107053968.00
2018/02/01,21.71,22.19,20.58,20.88,5046234,110229072.00
2018/02/02,20.61,21.14,20.46,20.83,2743653,58348656.00
2018/02/05,20.60,20.94,20.34,20.55,2700455,56924064.00
2018/02/06,19.93,20.30,19.10,19.17,4768535,95731184.00
2018/02/07,19.73,19.87,18.52,19.37,2662839,52394336.00
2018/02/08,19.15,20.10,19.15,19.97,2507329,50350516.00
2018/02/09,19.50,20.00,18.58,19.10,4614529,91197736.00
2018/02/12,19.20,19.82,19.20,19.65,2215349,44485816.00
2018/02/13,19.81,20.68,19.70,20.14,3804605,78892472.00
2018/02/14,20.12,20.50,19.76,19.90,2247110,45769016.00
2018/02/22,20.10,20.45,19.98,20.27,1484487,30668166.00
2018/02/23,20.31,20.60,20.17,20.47,2347291,48887996.00
2018/02/26,20.59,21.70,20.43,21.54,5991671,128928840.00
2018/02/27,21.68,22.29,21.62,21.78,6503201,145318912.00
2018/02/28,21.78,22.95,21.63,22.20,9014550,206212912.00
2018/03/01,22.11,22.87,21.96,22.60,7981048,182901680.00
2018/03/02,22.60,23.39,22.22,22.35,10578829,246541456.00
2018/03/05,22.75,23.36,22.68,22.95,6510099,152190928.00
2018/03/06,22.77,23.22,22.58,22.92,6699508,155821552.00
2018/03/07,22.91,22.91,22.35,22.62,4504926,103645904.00
2018/03/08,22.52,23.10,22.41,22.62,4003820,92548536.00
2018/03/09,22.60,23.35,22.50,23.17,5814374,136176960.00
2018/03/12,23.35,23.67,22.86,23.23,6470133,153443664.00
2018/03/13,23.20,23.55,22.96,23.28,5094703,120542880.00
2018/03/14,23.06,23.10,22.45,22.58,5138684,118617696.00
2018/03/15,22.58,23.06,22.26,22.73,4098817,94393784.00
2018/03/16,22.66,22.82,22.23,22.33,3218605,73629728.00
2018/03/19,22.41,23.38,22.41,23.36,7270745,171063104.00
2018/03/20,23.29,23.52,22.90,23.41,4623312,109409864.00
2018/03/21,23.35,23.93,23.15,23.30,9140874,219121888.00
2018/03/22,23.10,23.85,22.99,23.41,6780075,161600512.00
2018/03/23,22.10,23.38,22.10,22.64,9179106,212833968.00
2018/03/26,22.60,24.26,22.58,24.25,14829472,356973856.00
2018/03/27,24.02,25.26,23.82,25.18,16963428,422403488.00
2018/03/28,24.70,26.98,24.62,25.77,19847494,524199392.00
2018/03/29,25.90,26.07,25.11,25.62,9685254,250803008.00
2018/03/30,25.55,26.70,25.40,26.04,15227187,402720224.00
2018/04/02,25.94,27.58,25.94,26.82,13316215,362743072.00
2018/04/03,26.55,27.28,26.07,27.20,9211523,249067728.00
2018/04/04,27.13,27.40,25.82,26.05,9153831,246359616.00
2018/04/09,26.25,26.83,25.61,26.69,6884772,184819696.00
2018/04/10,26.48,26.57,25.00,25.60,10901550,283592160.00
2018/04/11,25.78,26.19,25.48,26.13,8210437,216376880.00
2018/04/12,26.13,26.55,25.35,25.39,6701163,175835728.00
2018/04/13,25.86,26.39,25.40,25.59,8645121,226777456.00
2018/04/16,25.84,26.88,25.84,26.73,11162501,299989568.00
2018/04/17,26.62,27.41,25.42,25.56,10229608,273257376.00
2018/04/18,25.68,26.70,25.13,26.60,8952740,237109616.00
2018/04/19,26.48,27.36,26.31,26.60,10711072,292020768.00
2018/04/20,26.83,27.04,25.85,26.09,6699802,179285248.00
2018/04/23,26.10,26.32,24.20,24.49,8145685,208310704.00
2018/04/24,24.43,26.98,24.43,26.98,15119372,403751136.00
2018/04/25,26.96,27.35,26.34,27.31,12211241,333252320.00
2018/04/26,26.29,26.40,25.13,25.36,16487952,430967552.00
2018/04/27,25.59,25.79,24.59,25.29,6499092,166534144.00
2018/05/02,25.11,25.80,24.62,25.22,5732702,146381888.00
2018/05/03,24.96,25.23,24.50,25.06,6022737,151996384.00
2018/05/04,25.00,25.15,24.66,24.82,4491353,113480096.00
2018/05/07,24.85,25.28,24.75,25.13,4103356,104662128.00
2018/05/08,25.45,26.06,25.18,25.35,7065924,183874128.00
2018/05/09,25.10,25.39,24.51,24.61,7997044,201459104.00
2018/05/10,24.70,24.71,24.15,24.64,6339445,157004176.00
2018/05/11,24.55,24.55,24.28,24.40,3395221,84141600.00
2018/05/14,24.28,24.53,24.10,24.28,4282456,105653240.00
2018/05/15,24.28,24.55,24.11,24.54,3982404,98604072.00
2018/05/16,24.55,25.15,24.44,24.90,5846418,147746608.00
2018/05/17,24.90,25.01,24.20,24.55,3367234,83900496.00
2018/05/18,24.55,24.56,24.10,24.33,2592781,64068308.00
2018/05/21,24.35,24.93,24.30,24.69,3835609,96074512.00
2018/05/22,24.79,24.80,24.47,24.75,3244627,81292352.00
2018/05/23,24.80,24.90,24.40,24.78,3386592,84845600.00
2018/05/24,24.78,25.01,24.30,24.44,2745235,68836528.00
2018/05/25,24.20,24.36,23.52,23.75,5474427,132589176.00
2018/05/28,23.68,23.68,22.95,23.20,3695491,87278928.00
2018/05/29,23.39,23.39,22.74,22.85,2914750,68124032.00
2018/05/30,22.70,23.15,22.34,22.80,3222345,74880800.00
2018/05/31,22.93,23.13,22.74,22.82,3129785,72926936.00
2018/06/01,22.82,22.96,22.10,22.30,5379700,122783304.00
2018/06/04,22.50,22.87,22.21,22.71,2507902,57781332.00
2018/06/05,22.79,23.24,22.68,23.11,2556414,59797580.00
2018/06/06,23.20,23.50,22.85,23.05,2359269,55679620.00
2018/06/07,23.10,23.15,22.37,22.39,2540476,58511348.00
2018/06/08,22.43,22.56,22.10,22.30,2141012,48590628.00
2018/06/11,22.30,22.80,22.20,22.48,1986472,45752696.00
2018/06/12,22.51,22.95,22.40,22.79,1867465,43280024.00
2018/06/13,22.80,22.92,22.38,22.60,1626552,37565696.00
2018/06/14,22.46,22.67,21.77,21.87,3143325,70886008.00
2018/06/15,21.86,21.94,20.85,21.07,3294155,71503376.00
2018/06/19,21.06,21.53,19.69,20.30,5670303,118722544.00
2018/06/20,20.29,21.10,20.19,20.61,3679106,77584504.00
2018/06/21,20.69,21.22,20.35,20.88,5769503,122985160.00
2018/06/22,20.65,21.70,20.35,21.55,4422807,95350552.00
2018/06/25,21.70,23.36,21.60,22.77,6142240,141930080.00
2018/06/26,22.58,23.16,22.26,22.83,2818462,65260748.00
2018/06/27,22.83,23.06,22.26,22.56,2504730,56996868.00
2018/06/28,22.45,22.83,21.94,22.12,2219253,50226672.00
2018/06/29,21.93,23.02,21.93,22.95,3672849,84202128.00
2018/07/02,22.94,23.33,22.31,22.73,3704616,85865760.00
2018/07/03,22.84,23.73,22.46,23.70,6807260,159921488.00
2018/07/04,23.41,24.03,23.25,23.42,4213157,100187096.00
2018/07/05,23.30,23.50,22.75,23.03,2208182,51246872.00
2018/07/06,22.85,23.35,22.53,22.65,5020363,116520992.00
2018/07/09,22.67,23.84,22.67,23.66,4435923,104356528.00
2018/07/10,23.65,23.77,23.47,23.77,2164355,51486956.00
2018/07/11,23.53,23.65,22.90,23.54,2713094,63387088.00
2018/07/12,23.54,24.06,23.38,24.02,4287967,103042560.00
2018/07/13,23.99,24.04,23.54,23.85,3058882,73383912.00
2018/07/16,23.85,24.44,23.70,24.39,4178627,101976080.00
2018/07/17,24.25,24.45,24.02,24.35,2751326,67153448.00
2018/07/18,24.25,24.81,24.25,24.47,4234019,104785192.00
2018/07/19,24.35,24.51,23.67,23.84,4274752,103205712.00
2018/07/20,23.73,24.70,23.66,24.43,3836852,93373008.00
2018/07/23,24.36,26.64,24.36,25.78,11491440,298147392.00
2018/07/24,25.80,25.95,25.23,25.79,6890557,178015472.00
2018/07/25,25.72,26.37,25.51,25.67,3979759,103495608.00
2018/07/26,25.85,26.01,25.35,25.63,2103628,54164436.00
2018/07/27,25.05,25.59,24.95,25.45,2462247,62763372.00
2018/07/30,25.37,26.13,25.01,25.47,3292014,84322792.00
2018/07/31,25.54,25.92,25.44,25.70,2532021,65636128.00
2018/08/01,25.71,26.35,24.65,24.80,4304906,110796920.00
2018/08/02,24.94,24.94,23.63,24.24,6497858,157135344.00
2018/08/03,24.02,25.65,24.02,24.85,6721601,169217792.00
2018/08/06,24.81,25.37,22.86,22.89,5897170,141982336.00
2018/08/07,22.89,24.33,22.86,24.27,4558933,108955248.00
2018/08/08,24.43,24.77,23.13,23.25,3880942,93378192.00
2018/08/09,23.55,24.80,23.27,24.64,5040357,123652352.00
2018/08/10,24.75,25.20,24.41,24.99,4652065,116228224.00
2018/08/13,24.75,25.55,24.40,25.55,5022975,126408184.00
2018/08/14,25.35,25.42,24.60,25.08,3907188,98096976.00
2018/08/15,25.08,25.23,23.80,24.25,5002041,122502360.00
2018/08/16,23.92,24.35,23.53,23.85,2356074,56856500.00
2018/08/17,24.10,24.27,23.23,23.54,2071554,49362264.00
2018/08/20,23.63,23.82,23.05,23.69,2760898,65173876.00
2018/08/21,23.36,24.83,23.36,24.71,3679982,90505968.00
2018/08/22,24.67,25.03,24.43,24.65,3074888,76532824.00
2018/08/23,24.52,25.01,24.35,24.98,3745323,93389816.00
2018/08/24,24.90,25.22,24.59,25.11,2614899,65762924.00
2018/08/27,25.15,26.21,25.12,25.75,5305363,137614752.00
2018/08/28,25.76,26.25,25.38,25.99,4233634,109745960.00
2018/08/29,25.85,26.00,25.56,25.84,1928030,49986004.00
2018/08/30,25.63,25.92,25.00,25.45,3411957,86911144.00
2018/08/31,25.47,25.70,25.13,25.45,2015250,51535996.00
2018/09/03,25.32,26.61,24.88,26.51,6402398,167451984.00
2018/09/04,26.32,27.41,26.15,27.11,7717080,209431952.00
2018/09/05,27.39,27.39,26.75,26.85,3525856,95884760.00
2018/09/06,26.85,28.10,26.73,27.33,5596887,155095664.00
2018/09/07,27.25,27.86,26.47,26.66,5161659,141180848.00
2018/09/10,26.65,27.45,26.04,26.23,4598658,123164168.00
2018/09/11,26.55,27.04,26.25,26.66,5020632,134678000.00
2018/09/12,26.85,27.70,26.62,27.61,7271191,200206352.00
2018/09/13,27.55,28.84,27.40,28.70,7224410,204214864.00
2018/09/14,28.70,28.70,26.15,26.78,8142830,224012896.00
2018/09/17,26.55,26.84,25.69,26.11,7121826,187824144.00
2018/09/18,25.97,26.75,25.96,26.62,4032198,106727760.00
2018/09/19,26.62,27.69,26.37,27.65,5759767,157500560.00
2018/09/20,27.55,27.55,26.29,26.73,4386847,117947392.00
2018/09/21,26.71,26.97,26.23,26.75,3494349,93486496.00
2018/09/25,26.58,27.72,26.24,27.58,5132944,140523488.00
2018/09/26,27.43,27.88,27.25,27.65,4860997,134917424.00
2018/09/27,27.36,27.65,26.87,27.12,3892139,106503160.00
2018/09/28,27.25,27.28,26.43,27.23,2806719,75983048.00
2018/10/08,26.86,27.85,26.16,26.21,5624116,153351744.00
2018/10/09,25.85,26.63,25.50,26.01,5216836,136373616.00
2018/10/10,25.85,26.35,25.10,25.97,2963013,76887328.00
2018/10/11,25.44,26.38,23.76,24.11,5642111,140954384.00
2018/10/12,24.11,25.95,23.56,25.59,5063626,125426624.00
2018/10/15,25.85,26.13,24.80,25.03,2963107,76144600.00
2018/10/16,25.00,25.55,24.11,24.46,3726799,92723320.00
2018/10/17,24.74,25.23,23.07,24.11,5057857,122152536.00
2018/10/18,23.80,23.85,22.81,23.20,4116906,96766560.00
2018/10/19,23.08,25.20,22.55,24.91,5624951,136398784.00
2018/10/22,25.66,27.42,24.81,26.84,8625731,230330576.00
2018/10/23,26.81,27.05,26.22,26.60,4534038,121642376.00
2018/10/24,26.60,26.85,26.15,26.25,2793711,74442760.00
2018/10/25,25.63,26.36,25.35,26.05,3342323,87414400.00
2018/10/26,26.35,27.57,23.95,25.26,11751333,303250112.00
2018/10/29,24.68,25.23,24.35,24.95,5815948,145514544.00
2018/10/30,24.77,25.31,24.15,24.98,5770275,144089856.00
2018/10/31,24.99,25.60,24.53,25.33,5958214,151637568.00
2018/11/01,25.37,25.90,24.96,25.01,5847484,150002832.00
2018/11/02,25.23,25.90,24.93,25.86,4859542,124473464.00
2018/11/05,25.65,26.77,25.39,26.51,5872768,154991712.00
2018/11/06,26.51,26.51,25.75,26.33,3836159,100790536.00
2018/11/07,26.25,26.80,26.02,26.10,2840043,75325312.00
2018/11/08,26.45,26.59,25.96,25.99,2493384,65754556.00
2018/11/09,25.88,26.65,25.76,26.45,3333628,88303976.00
2018/11/12,26.18,26.67,26.16,26.65,4295062,114394632.00
2018/11/13,26.34,26.92,26.18,26.71,4152614,110879768.00
2018/11/14,26.52,26.81,25.90,26.05,4237110,111510936.00
2018/11/15,26.05,26.40,25.65,26.25,3175524,83458384.00
2018/11/16,26.15,26.61,25.85,25.96,4606893,121306824.00
2018/11/19,25.85,25.99,24.87,25.27,8297730,209770224.00
2018/11/20,24.96,25.65,24.90,25.10,4987396,127129976.00
2018/11/21,24.79,25.10,24.69,25.09,2807058,70302704.00
2018/11/22,25.09,25.47,24.93,25.24,2688366,68142160.00
2018/11/23,25.15,25.25,24.11,24.45,3247080,80166992.00
2018/11/26,24.53,24.65,23.73,23.99,4593153,111208752.00
2018/11/27,24.18,24.50,24.08,24.37,1559191,38139192.00
2018/11/28,24.37,24.95,24.35,24.77,2395268,59585016.00
2018/11/29,24.89,25.35,24.57,24.59,2570389,64592400.00
2018/11/30,24.63,24.97,24.19,24.71,1901903,47087368.00
2018/12/03,25.10,25.78,24.90,25.67,4286848,109208072.00
2018/12/04,25.60,25.60,24.51,25.15,6364451,159568944.00
2018/12/05,24.70,24.90,24.45,24.75,3482412,86412624.00
2018/12/06,24.63,25.00,24.22,24.24,3042371,75326640.00
2018/12/07,24.41,24.65,24.16,24.27,2473399,60561156.00
2018/12/10,24.05,24.23,23.61,24.07,3475322,83576632.00
2018/12/11,24.09,24.42,23.95,24.27,1834053,44780012.00
2018/12/12,24.28,24.54,24.04,24.14,2270621,55468352.00
2018/12/13,24.35,24.82,24.15,24.79,2622165,64890900.00
2018/12/14,24.70,24.93,24.39,24.42,1699530,42198488.00
2018/12/17,24.38,24.94,23.95,24.37,2430862,59809472.00
2018/12/18,24.33,24.45,23.40,23.66,5184989,123635240.00
2018/12/19,23.77,23.84,22.55,22.62,5698218,131682864.00
2018/12/20,22.62,22.80,21.88,22.13,5506626,122699416.00
2018/12/21,22.14,22.14,20.73,21.33,7924059,169552256.00
2018/12/24,21.32,21.59,21.00,21.53,3978204,85555336.00
2018/12/25,21.33,21.83,20.95,21.70,4833889,104192544.00
2018/12/26,21.64,21.92,21.07,21.23,4336341,93250976.00
2018/12/27,21.45,21.73,21.15,21.20,6455177,139245536.00
2018/12/28,21.32,21.54,21.17,21.28,4040920,86655560.00
2019/01/02,21.29,21.93,20.37,21.58,8277581,177541744.00
2019/01/03,21.18,22.81,21.18,22.04,7726688,172397824.00
2019/01/04,21.91,22.61,21.75,22.44,5194468,116417040.00
2019/01/07,22.60,23.82,22.60,23.52,7118216,167397408.00
2019/01/08,23.40,24.32,23.22,24.10,7257272,174368048.00
2019/01/09,24.10,24.31,23.55,23.60,6678107,161112544.00
2019/01/10,23.65,24.23,23.48,23.77,4063788,98345672.00
2019/01/11,24.11,24.80,23.97,24.50,4808911,117733936.00
2019/01/14,24.49,24.72,24.20,24.30,2971258,73006784.00
2019/01/15,24.31,25.00,24.20,24.79,3629914,90151704.00
2019/01/16,24.75,25.02,24.36,24.68,2964236,73616336.00
2019/01/17,24.66,24.74,24.11,24.31,3189889,78106368.00
2019/01/18,24.21,24.75,24.20,24.53,2174002,53476364.00
2019/01/21,24.55,24.94,24.41,24.81,2495812,62041916.00
2019/01/22,24.85,24.85,23.93,24.35,4329682,105879928.00
2019/01/23,23.95,24.89,23.93,24.74,2668045,66157100.00
2019/01/24,24.83,24.88,24.32,24.50,2902460,71659056.00
2019/01/25,24.65,24.87,24.35,24.58,2968898,73721752.00
2019/01/28,24.60,25.15,24.45,24.53,2328992,58148744.00
2019/01/29,24.53,24.84,23.65,24.30,2681019,65412344.00
2019/01/30,24.32,25.73,24.11,25.06,4444111,112340128.00
2019/01/31,25.10,25.33,23.98,24.68,4730220,116555736.00
2019/02/01,24.50,24.95,24.16,24.85,2887549,71574352.00
2019/02/11,24.83,25.83,24.75,25.73,3997079,102284328.00
2019/02/12,25.76,26.00,25.49,25.82,3024105,78468192.00
2019/02/13,25.83,26.46,25.59,26.26,4744133,124176152.00
2019/02/14,26.15,26.43,26.03,26.26,3007897,79541160.00
2019/02/15,26.36,26.36,25.54,25.62,2802079,72971312.00
2019/02/18,25.68,26.45,25.68,26.45,5087416,133843768.00
2019/02/19,26.52,26.60,25.70,26.15,4662756,122112288.00
2019/02/20,26.11,26.43,25.85,26.21,3884606,102159752.00
2019/02/21,26.07,26.62,25.31,25.85,9239947,240488240.00
2019/02/22,25.60,26.95,25.47,26.65,7255454,191721136.00
2019/02/25,26.84,27.79,26.76,27.58,11128436,305884224.00
2019/02/26,27.65,27.76,26.98,27.57,7330348,202432544.00
2019/02/27,27.58,28.80,27.34,28.00,8162604,230255888.00
2019/02/28,27.99,28.32,27.42,27.72,4754574,133013584.00
2019/03/01,27.85,27.89,26.95,27.53,6379320,174587424.00
2019/03/04,27.55,27.98,27.01,27.54,10063855,278714496.00
2019/03/05,27.40,28.15,27.21,28.15,7124708,199562912.00
2019/03/06,28.63,28.63,27.68,28.05,7647485,215415920.00
2019/03/07,27.91,28.42,27.29,27.56,6447096,179370448.00
2019/03/08,27.35,29.31,26.97,27.74,10488050,295507072.00
2019/03/11,27.74,29.15,27.74,29.10,10986352,316980480.00
2019/03/12,29.48,30.10,28.82,29.75,10791691,317922240.00
2019/03/13,29.76,30.23,28.16,28.61,10020811,298865824.00
2019/03/14,28.15,28.49,27.54,28.09,5932348,166776032.00
2019/03/15,28.15,28.30,27.55,28.07,5833859,163596624.00
2019/03/18,28.09,28.42,27.85,28.42,5250741,149033632.00
2019/03/19,28.52,29.05,27.87,28.25,7083886,201901200.00
2019/03/20,28.26,28.30,27.46,27.86,5007886,140330544.00
2019/03/21,27.91,28.10,27.57,27.86,6413199,179334912.00
2019/03/22,27.86,28.11,27.69,27.96,4767599,133765760.00
2019/03/25,27.85,30.15,27.65,29.07,14052072,408871360.00
2019/03/26,28.96,29.14,27.12,27.32,11495315,322881760.00
2019/03/27,27.28,27.55,26.37,26.93,5413522,145842160.00
2019/03/28,26.83,27.34,26.53,26.58,3857318,104421128.00
2019/03/29,26.74,27.70,26.60,27.59,6274754,171999552.00
2019/04/01,27.75,28.65,27.75,28.52,5978892,170826912.00
2019/04/02,28.53,29.31,28.38,28.69,6678456,193483392.00
2019/04/03,28.49,28.82,28.22,28.73,4454889,128199984.00
2019/04/04,28.93,29.04,28.31,28.58,5682208,162837504.00
2019/04/08,28.55,28.71,27.41,27.80,6555266,184791424.00
2019/04/09,27.89,27.95,27.36,27.84,3318002,92457432.00
2019/04/10,27.74,27.90,27.50,27.83,2821853,78591480.00
2019/04/11,27.77,27.95,27.06,27.21,3666899,101106208.00
2019/04/12,27.30,27.39,26.65,26.95,4016678,108768272.00
2019/04/15,27.25,27.39,27.00,27.09,3935783,107471760.00
2019/04/16,26.84,26.89,25.86,26.85,7676541,203112624.00
2019/04/17,26.80,27.05,26.39,26.68,5637108,151152560.00
2019/04/18,26.57,26.69,26.21,26.35,4643021,123395192.00
2019/04/19,26.32,26.51,25.83,26.50,3845069,101431688.00
2019/04/22,26.53,26.74,26.38,26.50,3629908,96849208.00
2019/04/23,26.49,26.49,25.88,26.05,3620231,94985824.00
2019/04/24,26.06,26.32,25.97,26.26,3445547,90704928.00
2019/04/25,26.19,26.41,25.50,25.60,3646585,95472944.00
2019/04/26,25.40,25.73,25.26,25.30,3527759,90378432.00
2019/04/29,25.65,26.35,25.65,25.86,5386874,140854704.00
2019/04/30,25.87,26.52,25.86,26.12,3882940,102456448.00
2019/05/06,25.75,25.84,24.35,24.48,4828019,121535704.00
2019/05/07,24.64,25.37,24.64,25.25,3386285,85620896.00
2019/05/08,24.91,25.55,24.65,25.30,2511194,63827192.00
2019/05/09,25.28,25.70,24.87,25.36,2809713,72131456.00
2019/05/10,25.63,26.20,24.95,26.05,4604953,119188664.00
2019/05/13,25.87,26.18,25.66,25.95,3782521,98806568.00
2019/05/14,25.56,26.30,25.56,25.97,4477701,117072448.00
2019/05/15,25.94,26.10,25.82,26.06,4851489,126682880.00
2019/05/16,25.97,26.31,25.91,26.07,4464721,117087104.00
2019/05/17,26.07,26.17,24.90,25.07,4372650,112051496.00
2019/05/20,25.07,25.51,24.96,25.25,3935202,99672520.00
2019/05/21,25.13,25.47,24.86,25.39,3084590,78274024.00
2019/05/22,25.39,25.55,25.15,25.27,2414783,61653560.00
2019/05/23,25.20,25.44,24.35,24.44,4071555,102087072.00
2019/05/24,24.24,24.61,24.14,24.35,2140597,52344836.00
2019/05/27,24.30,24.72,24.03,24.71,3283325,80949504.00
2019/05/28,24.70,24.85,24.47,24.54,2612234,64860184.00
2019/05/29,24.40,24.66,24.20,24.42,2561223,62976888.00
2019/05/30,24.45,24.46,24.03,24.30,2003850,48802520.00
2019/05/31,24.23,24.67,24.22,24.35,2092700,51432964.00
2019/06/03,24.57,24.57,23.82,23.95,2937737,71275416.00
2019/06/04,23.94,23.99,23.31,23.44,2518228,59641856.00
2019/06/05,23.68,23.85,23.45,23.61,2892251,68835504.00
2019/06/06,23.59,23.77,22.86,22.92,3261823,76372592.00
2019/06/10,22.97,23.65,22.97,23.51,2615019,61611564.00
2019/06/11,23.49,24.32,23.45,24.23,3807047,92065432.00
2019/06/12,24.21,24.30,23.93,23.94,2944393,71344512.00
2019/06/13,24.03,24.23,23.75,24.11,3360394,81352640.00
2019/06/14,24.12,24.65,23.67,23.84,3017751,73460744.00
2019/06/17,23.86,23.94,23.43,23.65,2943591,69983296.00
2019/06/18,23.56,23.66,23.37,23.62,1875200,44363080.00
2019/06/19,24.03,24.19,23.66,23.69,4207014,101242224.00
2019/06/20,23.75,24.34,23.50,24.21,4621196,111804264.00
2019/06/21,24.38,24.95,24.35,24.80,5223411,129780208.00
2019/06/24,24.86,25.17,24.52,25.05,5448283,136067024.00
2019/06/25,24.87,25.00,24.45,24.75,3553621,88270952.00
2019/06/26,24.74,24.94,24.55,24.71,3425553,85106264.00
2019/06/27,24.71,25.00,24.59,24.71,4230197,105379328.00
2019/06/28,24.75,24.78,24.30,24.38,3513504,85992608.00
2019/07/01,24.80,25.52,24.77,25.47,7963364,200532368.00
2019/07/02,25.45,25.77,25.26,25.49,4405351,112200688.00
2019/07/03,25.48,25.93,25.15,25.60,5312104,135963968.00
2019/07/04,25.64,26.13,25.34,25.80,8489430,218492112.00
2019/07/05,25.60,25.79,25.32,25.52,3999710,102086064.00
2019/07/08,25.54,25.72,25.03,25.32,4940360,125562000.00
2019/07/09,25.11,25.77,25.11,25.71,4502555,115135712.00
2019/07/10,25.69,26.06,25.27,25.57,4670496,119843832.00
2019/07/11,25.56,25.66,25.20,25.27,3680285,93382640.00
2019/07/12,25.30,25.39,24.96,25.26,2413124,60841952.00
2019/07/15,25.35,25.84,25.08,25.75,4267830,109192808.00
2019/07/16,25.68,25.98,25.56,25.77,3302308,85026888.00
2019/07/17,25.72,26.38,25.66,26.23,7796037,203612128.00
2019/07/18,26.11,26.14,25.55,25.55,5027505,129724400.00
2019/07/19,25.62,25.74,25.42,25.60,2706339,69238592.00
2019/07/22,25.62,25.66,24.55,24.66,4408162,110793696.00
2019/07/23,24.83,24.97,24.67,24.87,2557922,63466228.00
2019/07/24,24.89,25.52,24.89,25.40,3687277,93280976.00
2019/07/25,25.55,25.75,25.41,25.70,3930673,100710096.00
2019/07/26,26.00,26.08,25.70,25.91,5144504,133272448.00
2019/07/29,25.99,26.59,25.98,26.45,7046053,185924128.00
2019/07/30,26.61,26.61,26.28,26.44,4751850,125555528.00
2019/07/31,26.32,26.77,26.19,26.65,4994908,132750288.00
2019/08/01,26.49,27.10,26.43,26.74,6618208,177682592.00
2019/08/02,26.30,27.06,26.05,26.76,5589258,148995072.00
2019/08/05,26.80,27.09,26.53,26.57,5855683,157175408.00
2019/08/06,26.09,26.97,25.90,26.65,8202262,216687280.00
2019/08/07,26.80,27.20,26.18,26.65,8040159,215423168.00
2019/08/08,26.52,27.19,26.29,27.19,6496794,174170432.00
2019/08/09,27.21,27.30,26.57,26.76,5648236,152300032.00
2019/08/12,26.36,27.05,26.36,27.05,5050475,135367984.00
2019/08/13,26.98,27.86,26.84,27.62,9983042,274517920.00
2019/08/14,27.88,28.11,27.52,27.91,8318747,232163408.00
2019/08/15,27.53,28.26,27.40,28.20,7172866,200274480.00
2019/08/16,28.10,28.26,27.68,27.79,8401353,235358608.00
2019/08/19,27.86,29.08,27.77,29.07,11630344,331498944.00
2019/08/20,28.84,28.84,28.04,28.08,11267734,319286592.00
2019/08/21,28.08,28.28,27.84,28.00,5100742,143176672.00
2019/08/22,28.13,28.44,27.98,28.29,5023804,141656080.00
2019/08/23,28.29,28.29,27.55,27.85,6115152,169980832.00
2019/08/26,27.38,27.96,27.38,27.81,4207732,116525848.00
2019/08/27,27.79,28.57,27.66,28.41,6517368,183774752.00
2019/08/28,28.25,28.70,27.98,28.29,5664913,160946096.00
2019/08/29,28.40,28.48,27.91,28.00,4407847,124282944.00
2019/08/30,28.10,28.94,27.92,28.80,8740930,248929984.00
2019/09/02,28.69,30.05,28.60,29.83,14086562,415302048.00
2019/09/03,30.00,30.16,29.40,29.63,9346703,276949664.00
2019/09/04,29.41,29.57,28.60,28.98,10932175,316898080.00
2019/09/05,28.81,29.75,28.81,29.06,10877843,317795808.00
2019/09/06,29.13,29.29,28.80,29.12,5895352,171110416.00
2019/09/09,29.19,29.94,29.05,29.91,8454510,249128352.00
2019/09/10,29.68,30.30,29.09,29.13,9300063,274590976.00
2019/09/11,29.15,29.25,28.30,28.40,7257067,208323968.00
2019/09/12,28.40,28.58,28.26,28.57,5091579,144739808.00
2019/09/16,28.57,28.75,27.78,28.08,7685503,216509056.00
2019/09/17,28.07,28.28,27.52,27.60,5024497,139720544.00
2019/09/18,27.61,27.75,27.18,27.46,4549991,124812232.00
2019/09/19,27.50,27.80,27.43,27.73,3660795,101096608.00
2019/09/20,27.75,27.83,27.10,27.42,6374103,174119136.00
2019/09/23,27.38,27.38,26.74,27.10,4731118,127983408.00
2019/09/24,27.05,27.55,27.02,27.26,4585692,125269400.00
2019/09/25,27.33,27.64,27.17,27.45,5819619,159837872.00
2019/09/26,27.55,27.60,26.00,26.10,7188253,190406736.00
2019/09/27,26.10,26.37,26.06,26.15,2499770,65614060.00
2019/09/30,26.13,26.44,25.80,25.96,3234600,84514120.00
2019/10/08,26.08,26.21,25.75,25.95,2509052,65236868.00
2019/10/09,25.89,26.30,25.66,26.28,2469732,64314236.00
2019/10/10,26.38,26.48,26.21,26.40,2954329,77905752.00
2019/10/11,26.46,26.56,26.16,26.35,3133559,82691344.00
2019/10/14,26.35,26.78,26.22,26.49,5118836,135648448.00
2019/10/15,26.56,26.56,25.82,25.89,3669228,95530896.00
2019/10/16,26.10,26.15,25.36,25.48,4995218,128346848.00
2019/10/17,25.52,25.62,25.28,25.50,3664806,93398328.00
2019/10/18,25.63,25.63,24.90,24.99,4683784,117751936.00
2019/10/21,24.92,25.32,24.64,25.30,3161362,79194000.00
2019/10/22,24.91,25.48,24.75,25.43,3487049,88010584.00
2019/10/23,25.43,25.58,25.06,25.10,2806042,70982640.00
2019/10/24,25.11,25.25,24.80,24.92,2435823,60765660.00
2019/10/25,24.92,25.19,24.74,25.16,2378532,59294456.00
2019/10/28,25.00,25.75,25.00,25.70,4538797,115582216.00
2019/10/29,25.67,25.67,25.26,25.29,3804289,96827784.00
2019/10/30,25.14,25.53,25.02,25.37,2666798,67652672.00
2019/10/31,25.52,25.54,25.21,25.30,1865112,47283140.00
2019/11/01,25.30,25.45,25.02,25.38,2474194,62568480.00
数据来源:通达信
