002241 歌尔股份 日线 前复权
      日期	    开盘	    最高	    最低	    收盘	    成交量	    成交额
2013/09/02,20.08,20.81,20.07,20.81,5117010,214922336.00
2013/09/03,20.88,21.43,20.82,21.27,5238098,226649456.00
2013/09/04,21.29,21.70,20.77,20.83,6789273,292736192.00
2013/09/05,20.76,21.18,20.42,20.68,6235543,264209184.00
2013/09/06,20.73,20.88,20.44,20.55,4896701,205527360.00
2013/09/09,20.55,20.83,20.02,20.83,9837293,408131840.00
2013/09/10,20.71,20.73,19.67,20.23,15852845,650878464.00
2013/09/11,18.48,18.78,18.17,18.17,32914479,1229995136.00
2013/09/12,17.71,18.41,17.53,17.74,23387441,853216448.00
2013/09/13,18.08,18.84,18.08,18.58,18831422,714722496.00
2013/09/16,18.57,19.37,18.28,19.28,13113549,509123680.00
2013/09/17,19.07,19.68,18.81,18.99,8646528,339924672.00
2013/09/18,19.15,19.15,17.97,18.64,20466099,769810176.00
2013/09/23,18.72,19.90,18.72,19.82,18219866,728743744.00
2013/09/24,20.35,21.03,20.35,20.47,14243656,599701824.00
2013/09/25,20.43,21.17,20.03,20.68,14481364,614108096.00
2013/09/26,20.53,20.96,20.45,20.47,6180288,260199408.00
2013/09/27,20.47,20.89,20.13,20.31,5844162,244069760.00
2013/09/30,20.30,20.93,20.26,20.72,5669642,239992256.00
2013/10/08,20.55,20.72,19.53,20.13,10552638,429278784.00
2013/10/09,20.07,20.07,19.02,19.43,16056828,632492288.00
2013/10/10,19.43,19.44,18.56,19.27,19570781,756765312.00
2013/10/11,19.22,19.78,18.57,18.90,18295833,712238016.00
2013/10/14,18.88,19.26,18.74,19.07,8633607,335989280.00
2013/10/15,18.76,19.07,18.57,18.67,10498035,402551040.00
2013/10/16,18.67,19.02,18.48,18.73,9769010,374344160.00
2013/10/17,18.86,19.27,18.74,19.10,7447228,289009600.00
2013/10/18,19.12,19.12,18.58,18.67,6485295,248403632.00
2013/10/21,18.68,19.23,18.67,19.17,8485244,329306112.00
2013/10/22,19.06,19.36,18.78,18.99,9225346,358280192.00
2013/10/23,19.18,19.33,18.63,19.01,6296836,244080464.00
2013/10/24,18.98,19.11,18.63,18.65,4272408,164349024.00
2013/10/25,18.62,18.62,17.06,17.78,17365345,626953920.00
2013/10/28,17.71,18.38,17.58,18.03,7211697,267755984.00
2013/10/29,17.93,18.19,17.14,18.05,5802839,210855680.00
2013/10/30,17.88,18.15,17.73,17.85,5084054,187086656.00
2013/10/31,17.79,17.82,16.94,17.02,9469087,333243552.00
2013/11/01,17.16,17.65,16.82,17.49,6229211,219918128.00
2013/11/04,17.56,18.01,17.55,17.76,4802206,174777328.00
2013/11/05,17.58,17.81,17.35,17.59,6420872,230755408.00
2013/11/06,17.62,17.75,17.18,17.25,5153546,184368464.00
2013/11/07,17.32,17.38,16.43,16.59,9488964,324147360.00
2013/11/08,16.44,16.74,15.80,16.48,13274798,441724320.00
2013/11/11,16.33,17.49,16.33,17.31,7893742,276067392.00
2013/11/12,17.20,17.55,17.18,17.34,4297425,152803648.00
2013/11/13,17.08,17.55,17.02,17.02,4638285,164277744.00
2013/11/14,17.37,17.66,16.93,17.59,7855295,278912512.00
2013/11/15,17.59,18.02,17.45,17.61,6633819,242082704.00
2013/11/18,17.63,18.47,17.63,18.28,8366052,312173696.00
2013/11/19,18.28,18.78,18.13,18.25,9117829,343714400.00
2013/11/20,18.58,18.61,17.83,18.23,6515598,240604832.00
2013/11/21,18.08,18.13,17.75,18.04,3942578,144456800.00
2013/11/22,18.09,18.13,17.56,17.58,3665158,132957984.00
2013/11/25,17.38,17.99,17.38,17.77,4389450,160171536.00
2013/11/26,17.83,18.12,17.28,18.08,6198429,225599456.00
2013/11/27,17.98,19.48,17.98,19.33,19897229,770338048.00
2013/11/28,19.33,19.63,18.94,19.17,12590658,496758976.00
2013/11/29,19.00,19.16,18.61,18.89,9518153,366654848.00
2013/12/02,18.33,18.80,18.13,18.28,9556778,360244192.00
2013/12/03,18.38,18.42,17.82,18.28,6484066,241229056.00
2013/12/04,18.28,18.95,18.13,18.54,8079599,307229888.00
2013/12/05,18.57,18.68,17.88,17.93,7471758,277889088.00
2013/12/06,17.93,18.23,17.59,17.67,6314333,230422656.00
2013/12/09,17.83,18.00,17.45,17.69,5272824,190758112.00
2013/12/10,17.83,17.96,17.63,17.80,4669776,170245552.00
2013/12/11,17.57,17.85,17.48,17.69,5303351,191267424.00
2013/12/12,17.66,18.06,17.58,17.98,5211216,190389776.00
2013/12/13,17.58,18.12,17.57,17.77,5460831,199660416.00
2013/12/16,17.90,17.90,17.49,17.62,4189779,151856000.00
2013/12/17,17.68,17.70,17.35,17.41,3892819,139265264.00
2013/12/18,17.41,17.63,17.23,17.49,3931717,140415440.00
2013/12/19,17.51,17.61,16.93,17.03,9500141,333645792.00
2013/12/20,17.20,17.20,16.38,16.63,7818574,266712496.00
2013/12/23,16.48,16.88,16.45,16.85,4977482,170998400.00
2013/12/24,16.98,17.66,16.98,17.50,7331647,262013232.00
2013/12/25,17.52,17.84,17.34,17.67,5299138,191679840.00
2013/12/26,17.58,17.59,17.08,17.18,4906556,173324016.00
2013/12/27,17.16,17.49,17.02,17.37,4855869,172032560.00
2013/12/30,17.42,17.44,16.88,16.96,6251189,218044480.00
2013/12/31,16.96,17.43,16.89,17.12,6204454,217972176.00
2014/01/02,16.98,18.55,16.98,18.23,16936259,625228480.00
2014/01/03,18.02,18.68,17.98,18.56,16004276,607526912.00
2014/01/06,18.55,18.55,17.68,17.76,7708602,282678432.00
2014/01/07,17.90,18.23,17.57,18.08,6409609,235710336.00
2014/01/08,18.03,18.47,17.84,17.95,7179152,266229440.00
2014/01/09,17.83,18.11,17.18,17.28,10186227,367563360.00
2014/01/10,17.09,17.10,16.19,16.30,17857806,604875840.00
2014/01/13,16.23,16.23,15.45,15.87,21128641,681587648.00
2014/01/14,15.82,15.93,15.47,15.88,12787177,411250368.00
2014/01/15,15.89,16.43,15.88,16.28,10482335,349672192.00
2014/01/16,16.28,16.68,15.89,16.09,9172509,305117696.00
2014/01/17,16.08,16.17,15.28,15.65,17908307,571557184.00
2014/01/20,15.58,15.58,14.95,15.03,10654862,333052736.00
2014/01/21,15.02,15.51,15.01,15.20,9706576,303611808.00
2014/01/22,15.25,15.87,14.93,15.68,15393413,493057824.00
2014/01/23,15.71,15.78,15.38,15.69,13778257,439947584.00
2014/01/24,15.58,15.98,15.40,15.72,11494446,371906720.00
2014/01/27,15.74,16.02,15.35,15.37,11556521,369684832.00
2014/01/28,15.38,15.45,13.79,14.57,26765678,794002240.00
2014/01/29,14.22,14.73,14.14,14.32,15433814,455325728.00
2014/01/30,14.28,14.28,13.87,14.02,12100169,349917568.00
2014/02/07,14.03,14.85,14.02,14.83,11591777,348376640.00
2014/02/10,14.98,15.70,14.97,15.46,16746537,530066528.00
2014/02/11,15.57,15.76,15.08,15.28,12229190,387711008.00
2014/02/12,15.23,15.68,14.90,15.66,15448096,486886816.00
2014/02/13,15.66,16.02,15.48,15.53,15124707,489597760.00
2014/02/14,15.48,15.62,15.18,15.40,12610004,396378752.00
2014/02/17,15.44,15.57,14.58,14.99,30257062,929115200.00
2014/02/18,15.01,15.01,14.63,14.74,23725345,719312384.00
2014/02/19,14.80,14.90,14.52,14.77,14172425,427891136.00
2014/02/20,14.80,14.85,14.38,14.42,13632261,407285056.00
2014/02/21,14.36,14.38,14.08,14.22,13001511,380924160.00
2014/02/24,14.23,14.74,14.23,14.57,14769596,441848512.00
2014/02/25,14.57,14.57,13.19,13.54,26600882,763127488.00
2014/02/26,13.37,13.38,12.73,13.18,21103804,569664512.00
2014/02/27,13.24,13.43,12.88,12.92,11997256,324963808.00
2014/02/28,12.93,13.36,12.93,13.33,7590090,205474528.00
2014/03/03,13.28,13.52,13.03,13.08,13319957,362410272.00
2014/03/04,12.98,13.07,12.50,12.51,16837591,441307616.00
2014/03/05,12.56,12.87,12.46,12.63,12242929,319687168.00
2014/03/06,12.68,12.72,12.18,12.31,14297074,364904064.00
2014/03/07,12.26,12.48,12.23,12.41,11023273,281330272.00
2014/03/10,12.25,12.32,11.92,11.94,12216813,306287168.00
2014/03/11,11.94,12.57,11.93,12.34,19983636,510420832.00
2014/03/12,12.40,13.55,12.40,13.08,30084750,812187456.00
2014/03/13,13.21,13.32,12.93,13.24,20201823,548104832.00
2014/03/14,13.09,13.37,13.02,13.10,11718630,319007808.00
2014/03/17,13.12,13.33,12.84,13.29,14375911,389608096.00
2014/03/18,13.30,13.80,13.28,13.40,21455707,598627008.00
2014/03/19,13.38,13.38,12.43,12.52,24257147,636238464.00
2014/03/20,12.49,12.60,12.17,12.18,15726774,402680000.00
2014/03/21,12.08,12.64,11.87,12.57,13563876,344938912.00
2014/03/24,12.59,12.72,12.33,12.55,9850417,255455808.00
2014/03/25,12.53,12.55,12.18,12.26,10765689,274290976.00
2014/03/26,12.38,12.72,12.31,12.69,14272728,371296608.00
2014/03/27,12.72,12.76,12.49,12.51,9156833,237693312.00
2014/03/28,12.39,12.46,12.01,12.16,8938614,225630560.00
2014/03/31,12.16,12.55,11.99,12.38,8149599,208144688.00
2014/04/01,12.38,13.01,12.37,12.94,16933141,446320288.00
2014/04/02,12.96,13.56,12.85,13.55,30547047,840692736.00
2014/04/03,13.52,13.63,13.28,13.39,19778711,548805376.00
2014/04/04,13.30,13.92,13.18,13.78,18871194,532142304.00
2014/04/08,13.70,14.11,13.58,13.73,16873159,481152160.00
2014/04/09,13.72,14.20,13.68,13.97,18114010,523810624.00
2014/04/10,14.03,14.13,13.63,13.72,13873004,394563584.00
2014/04/11,13.58,13.59,13.13,13.31,15883583,435865504.00
2014/04/14,13.35,13.57,13.10,13.52,11566833,319455904.00
2014/04/15,13.42,13.47,13.23,13.25,10389491,286145184.00
2014/04/16,13.17,13.63,13.17,13.62,10626027,295030912.00
2014/04/17,13.65,14.30,13.64,14.20,27101436,787587264.00
2014/04/18,14.22,14.67,14.04,14.20,24851703,736356160.00
2014/04/21,14.08,14.67,13.98,14.41,22809879,680163584.00
2014/04/22,14.40,14.52,13.78,14.16,15625472,453478048.00
2014/04/23,14.15,14.25,13.88,14.25,9065067,262936720.00
2014/04/24,14.24,14.63,14.12,14.28,12674465,376701088.00
2014/04/25,14.33,14.49,13.68,13.83,12120005,349021408.00
2014/04/28,13.55,13.55,12.95,12.96,17026750,461285120.00
2014/04/29,12.92,13.37,12.80,13.29,8378977,227678176.00
2014/04/30,13.12,13.49,13.03,13.48,7889341,215554464.00
2014/05/05,13.40,14.11,12.93,13.88,13750013,378228096.00
2014/05/06,13.82,14.77,13.73,14.33,31341548,932594048.00
2014/05/07,14.33,14.55,14.15,14.23,10794319,318062368.00
2014/05/08,14.15,14.48,14.08,14.08,11027490,325355680.00
2014/05/09,13.93,13.95,12.78,13.38,31272910,852621056.00
2014/05/12,13.08,13.93,13.08,13.91,16043228,445802848.00
2014/05/13,13.87,14.00,13.53,13.61,9311764,264070816.00
2014/05/14,13.63,13.78,13.53,13.67,5827290,163167824.00
2014/05/15,13.68,13.71,13.26,13.33,6884526,189697936.00
2014/05/16,13.32,13.50,13.15,13.36,5555519,152109248.00
2014/05/19,13.27,13.34,13.03,13.24,5025281,136253104.00
2014/05/20,13.35,13.60,13.07,13.17,5085359,139051104.00
2014/05/21,13.11,13.42,13.04,13.30,4374656,119451672.00
2014/05/22,13.35,13.53,13.18,13.18,6373953,175001856.00
2014/05/23,13.18,13.27,12.92,13.09,7428685,199230640.00
2014/05/26,13.23,13.26,12.62,12.88,19621759,519501152.00
2014/05/27,12.83,12.94,12.69,12.78,8611991,226672592.00
2014/05/28,12.79,13.15,12.73,13.07,12390589,330349312.00
2014/05/29,13.50,13.50,12.78,12.80,12164504,326986176.00
2014/05/30,12.73,13.08,12.62,12.94,10483871,277596992.00
2014/06/03,12.94,13.37,12.94,13.12,12679401,344165888.00
2014/06/04,13.06,13.12,12.84,12.93,5608437,149447056.00
2014/06/05,12.93,12.93,12.47,12.68,16226317,421957952.00
2014/06/06,12.69,13.37,12.69,13.14,24803186,672250240.00
2014/06/09,13.08,13.21,12.87,12.94,11589571,311345536.00
2014/06/10,12.95,13.70,12.95,13.61,27524472,759162304.00
2014/06/11,13.60,13.89,13.46,13.64,17359182,488481216.00
2014/06/12,13.60,13.64,13.34,13.37,15252338,421857664.00
2014/06/13,13.41,13.71,13.25,13.52,13606377,377683296.00
2014/06/16,13.67,13.75,13.37,13.64,12047052,336172992.00
2014/06/17,13.58,13.58,13.32,13.37,12120601,333842240.00
2014/06/18,13.37,13.41,13.16,13.22,7267452,198434288.00
2014/06/19,13.36,13.36,12.71,12.79,11230654,299850816.00
2014/06/20,12.80,12.94,12.73,12.85,6459993,170635360.00
2014/06/23,12.92,13.12,12.79,12.83,7790636,207115472.00
2014/06/24,12.89,12.89,12.63,12.76,9655517,252800608.00
2014/06/25,12.83,12.83,12.53,12.61,9282588,241377360.00
2014/06/26,12.64,12.91,12.64,12.88,10522759,277612064.00
2014/06/27,12.92,12.92,12.64,12.68,16243780,425490080.00
2014/06/30,12.71,12.96,12.68,12.96,14294909,377339232.00
2014/07/01,12.91,13.22,12.89,13.18,13573786,365544512.00
2014/07/02,13.23,13.30,13.05,13.18,11073500,299867072.00
2014/07/03,13.18,13.18,12.92,12.96,10297545,275539744.00
2014/07/04,13.00,13.08,12.83,12.87,8132791,215834848.00
2014/07/07,12.88,12.90,12.64,12.78,11052250,289631392.00
2014/07/08,12.78,12.98,12.74,12.90,7691341,203657984.00
2014/07/09,12.83,13.16,12.78,12.95,17503369,468211008.00
2014/07/10,12.93,12.93,12.08,12.12,36528884,929670528.00
2014/07/11,12.13,12.35,11.89,12.00,23675722,587337152.00
2014/07/14,12.03,12.17,11.93,12.08,14297285,355613568.00
2014/07/15,12.09,12.21,12.00,12.12,10127480,252613728.00
2014/07/16,12.13,12.18,11.92,11.94,8116786,200872544.00
2014/07/17,11.95,12.00,11.69,11.72,12862807,312752864.00
2014/07/18,11.68,11.68,11.32,11.33,21943549,518932064.00
2014/07/21,11.35,11.59,11.29,11.54,10778216,255656928.00
2014/07/22,11.56,11.57,11.37,11.50,10688312,253083456.00
2014/07/23,11.50,11.78,11.45,11.49,16108676,386664096.00
2014/07/24,11.52,11.63,11.46,11.56,8783298,209162720.00
2014/07/25,11.56,11.63,11.49,11.63,9437419,224907808.00
2014/07/28,11.67,12.16,11.67,12.04,20218152,499766976.00
2014/07/29,12.04,12.70,11.91,12.54,34057166,873882112.00
2014/07/30,12.54,12.68,12.43,12.63,21291053,551520128.00
2014/07/31,12.65,12.65,12.31,12.63,11691699,300747520.00
2014/08/01,12.53,12.75,12.40,12.45,14078197,365271552.00
2014/08/04,12.43,12.63,12.42,12.53,9098830,234989824.00
2014/08/05,12.55,12.61,12.47,12.56,10264908,264979024.00
2014/08/06,12.48,12.93,12.46,12.83,19018441,498786336.00
2014/08/07,12.90,12.98,12.55,12.59,10369012,272265856.00
2014/08/08,12.63,12.88,12.63,12.81,11023008,289855552.00
2014/08/11,12.96,13.05,12.79,12.93,11318716,300982624.00
2014/08/12,12.85,13.21,12.83,13.08,17576626,471992352.00
2014/08/13,13.12,13.63,12.99,13.01,32206659,875837120.00
2014/08/14,13.03,13.32,12.81,12.82,17279270,464170688.00
2014/08/15,12.87,13.01,12.58,12.92,14448293,380999040.00
2014/08/18,12.98,13.34,12.87,13.26,23378839,634281216.00
2014/08/19,13.23,13.54,13.15,13.26,25979367,712437312.00
2014/08/20,13.25,13.76,13.22,13.70,32392936,904104192.00
2014/08/21,13.63,13.73,13.34,13.64,19936288,553197568.00
2014/08/22,13.59,13.77,13.45,13.54,13455153,375126624.00
2014/08/25,13.63,13.63,13.30,13.36,11897994,327804416.00
2014/08/26,13.33,13.47,12.88,13.02,16390880,442219552.00
2014/08/27,13.00,13.21,12.98,13.04,9430318,253731760.00
2014/08/28,13.07,13.11,12.63,12.80,11811566,312147616.00
2014/08/29,12.86,13.45,12.86,13.36,15314782,416405568.00
2014/09/01,13.41,13.58,13.34,13.48,13687057,379585568.00
2014/09/02,13.54,13.70,13.38,13.63,18064673,502199392.00
2014/09/03,13.65,13.81,13.44,13.60,19101970,534264096.00
2014/09/04,13.59,13.59,13.32,13.55,21244124,586416384.00
2014/09/05,13.55,13.97,13.39,13.97,31420031,884104384.00
2014/09/09,13.96,14.12,13.78,13.98,22899270,656388416.00
2014/09/10,13.95,13.95,13.57,13.60,28158169,790086656.00
2014/09/11,13.58,13.93,13.58,13.69,22426599,634134656.00
2014/09/12,13.66,13.68,13.27,13.44,27881486,767204992.00
2014/09/15,13.44,13.44,13.23,13.37,21838457,598391232.00
2014/09/16,13.34,13.51,13.14,13.15,18671067,513085760.00
2014/09/17,13.18,13.37,13.08,13.20,12674404,343802368.00
2014/09/18,13.21,13.30,13.13,13.24,8148553,221548576.00
2014/09/19,13.25,13.37,13.19,13.33,9798867,268104624.00
2014/09/22,13.33,13.62,13.18,13.42,18282592,504887840.00
2014/09/23,13.44,13.69,13.44,13.62,16695198,466321248.00
2014/09/24,13.56,13.70,13.48,13.64,12724071,356002240.00
2014/09/25,13.65,13.74,13.44,13.47,15840740,440975680.00
2014/09/26,13.36,13.38,13.07,13.24,17591667,477679040.00
2014/09/29,13.26,13.35,13.08,13.28,14170827,384869120.00
2014/09/30,13.30,13.49,13.24,13.40,12863921,354274944.00
2014/10/08,13.40,13.46,13.18,13.39,14190451,387983104.00
2014/10/09,13.45,13.69,13.43,13.59,17468876,487325760.00
2014/10/10,13.68,13.68,13.46,13.50,10486219,291818784.00
2014/10/13,13.40,13.42,13.13,13.30,11656475,317435968.00
2014/10/14,13.26,13.34,13.14,13.19,11580219,314425152.00
2014/10/15,13.19,13.28,13.15,13.25,7222788,196399200.00
2014/10/16,13.28,13.29,13.07,13.07,9401730,255165840.00
2014/10/17,13.05,13.28,12.86,13.27,13597731,366358592.00
2014/10/22,13.44,13.86,13.38,13.55,34504008,965692672.00
2014/10/23,13.38,13.61,13.20,13.22,11639224,319822144.00
2014/10/24,13.22,13.48,13.20,13.29,11662363,320285664.00
2014/10/27,13.23,13.42,12.93,13.02,13045031,351431584.00
2014/10/28,12.98,13.30,12.98,13.23,12373393,333369664.00
2014/10/29,13.27,13.28,13.04,13.24,15888263,429714240.00
2014/10/30,13.24,13.25,13.02,13.04,14880796,400814368.00
2014/10/31,13.04,13.18,12.95,13.13,12266852,329701216.00
2014/11/03,13.15,13.47,13.04,13.46,23860367,652404352.00
2014/11/04,13.39,13.55,13.33,13.48,15690833,433850560.00
2014/11/05,13.48,13.54,13.28,13.37,12702387,349291616.00
2014/11/06,13.37,13.47,13.33,13.44,11595965,319775552.00
2014/11/07,13.44,13.47,13.28,13.33,16399633,450520832.00
2014/11/10,13.33,13.35,12.91,13.02,21455360,573956096.00
2014/11/11,13.03,13.07,12.43,12.55,27383265,713669760.00
2014/11/12,12.52,12.70,12.42,12.62,13178014,340323488.00
2014/11/13,12.60,12.60,12.10,12.38,17251086,436608512.00
2014/11/14,12.32,12.46,12.25,12.37,7394829,188235328.00
2014/11/17,12.29,12.44,12.29,12.40,8187208,208872528.00
2014/11/18,12.42,12.68,12.40,12.57,12573536,325143680.00
2014/11/19,12.55,12.65,12.44,12.57,8624817,223289136.00
2014/11/20,12.51,12.52,12.32,12.33,5926567,151128448.00
2014/11/21,12.33,12.38,12.23,12.35,8530390,216386560.00
2014/11/24,12.38,12.49,12.28,12.35,12102808,308471328.00
2014/11/25,12.37,12.93,12.30,12.91,25086954,652950720.00
2014/11/26,12.92,13.12,12.75,12.93,15787634,419463136.00
2014/11/27,12.93,12.99,12.77,12.92,14682599,388518624.00
2014/11/28,12.96,13.07,12.77,12.99,18781955,500621408.00
2014/12/01,13.02,13.02,12.57,12.84,21451855,562296256.00
2014/12/02,12.80,12.96,12.74,12.89,14410683,381822176.00
2014/12/03,12.89,13.55,12.74,13.48,36058388,977174784.00
2014/12/04,13.48,13.68,13.41,13.51,22985994,639978560.00
2014/12/05,13.56,13.58,12.94,13.18,22133546,601113472.00
2014/12/08,13.17,13.46,13.02,13.10,23353612,633437824.00
2014/12/09,13.09,13.09,12.36,12.46,27774989,729575104.00
2014/12/10,12.70,13.10,12.63,12.90,19347444,512988480.00
2014/12/11,12.90,13.22,12.83,12.97,19387537,518730144.00
2014/12/12,12.88,12.95,12.65,12.82,15253312,402239744.00
2014/12/15,12.78,12.81,12.53,12.76,18245045,475686016.00
2014/12/16,12.76,12.91,12.70,12.81,14816420,390199232.00
2014/12/17,12.78,12.85,12.44,12.52,22431746,578983744.00
2014/12/18,12.51,12.68,12.42,12.49,12917927,333736288.00
2014/12/19,12.49,12.68,12.16,12.43,16052141,410313056.00
2014/12/22,12.32,12.33,11.78,12.00,20813504,516669216.00
2014/12/23,11.98,12.26,11.88,12.00,10944382,273326688.00
2014/12/24,12.03,12.38,11.92,12.23,12438088,311729248.00
2014/12/25,12.28,12.34,12.08,12.13,12249242,307716544.00
2014/12/26,12.18,12.25,11.99,12.11,14514397,363234592.00
2014/12/29,12.10,12.47,12.05,12.28,17991024,455295136.00
2014/12/30,12.14,12.23,11.78,11.79,18217490,450512960.00
2014/12/31,11.79,12.01,11.68,11.89,14225839,348269792.00
2015/01/05,11.89,12.53,11.65,12.32,26841104,668877312.00
2015/01/06,12.21,12.79,12.16,12.63,25918384,670131776.00
2015/01/07,12.66,12.82,12.40,12.56,17616827,455590048.00
2015/01/08,12.54,12.82,12.49,12.68,16414237,428113152.00
2015/01/09,12.69,13.52,12.63,12.99,44136128,1197015936.00
2015/01/12,13.02,13.82,13.02,13.66,44613139,1229409664.00
2015/01/13,13.78,14.79,13.50,14.33,63204505,1837848704.00
2015/01/14,14.32,14.55,14.03,14.22,30361450,885357248.00
2015/01/15,14.17,14.42,14.03,14.23,21861200,637342016.00
2015/01/16,14.16,14.23,13.82,14.04,33292408,956071232.00
2015/01/19,13.68,14.63,13.48,13.76,38353286,1107828224.00
2015/01/20,13.84,14.53,13.77,14.42,37193490,1080904704.00
2015/01/21,14.48,14.71,14.13,14.45,34437744,1017550848.00
2015/01/22,14.32,15.27,14.30,14.95,40602159,1237821184.00
2015/01/23,14.98,15.10,14.67,14.74,21878273,663646208.00
2015/01/26,14.88,15.03,14.59,14.86,15968276,484047136.00
2015/01/27,14.97,14.99,14.39,14.52,20860800,625063424.00
2015/01/28,14.53,14.81,14.17,14.18,18508371,550811520.00
2015/01/29,14.17,14.52,14.03,14.26,17224868,504847360.00
2015/01/30,14.26,14.36,13.98,13.98,13318012,386472704.00
2015/02/02,13.63,14.11,13.63,13.79,14217640,405519200.00
2015/02/03,14.03,14.45,13.96,14.26,18748385,547451712.00
2015/02/04,14.33,14.38,13.82,13.84,16830257,486056512.00
2015/02/05,14.02,14.18,13.66,13.73,14779295,422100704.00
2015/02/06,13.78,13.94,13.57,13.72,15767845,444795904.00
2015/02/09,13.82,13.83,13.38,13.40,16600896,461338048.00
2015/02/10,13.40,13.87,13.28,13.77,17821857,496567680.00
2015/02/11,13.79,14.06,13.78,13.78,14167833,404402816.00
2015/02/12,13.78,14.12,13.78,13.98,12864497,369010272.00
2015/02/13,14.03,14.26,13.98,14.02,14776887,428833440.00
2015/02/16,14.07,14.72,14.05,14.67,25465817,755362624.00
2015/02/17,14.58,14.77,14.45,14.58,16811189,502520064.00
2015/02/25,14.62,15.01,14.61,14.73,19357604,586331072.00
2015/02/26,14.80,14.97,14.55,14.91,20870515,632389312.00
2015/02/27,14.90,14.91,14.44,14.50,25646762,767811328.00
2015/03/02,14.40,14.40,14.05,14.35,38887797,1133011456.00
2015/03/03,14.24,14.42,14.08,14.10,22437397,655645952.00
2015/03/04,14.18,14.42,14.11,14.35,21322978,624138560.00
2015/03/05,14.32,14.70,14.22,14.70,29144022,867433408.00
2015/03/06,14.79,14.84,14.22,14.23,21253165,632018944.00
2015/03/09,14.02,14.36,13.96,14.35,15037504,436944192.00
2015/03/10,14.53,15.49,14.36,15.13,46614867,1428979968.00
2015/03/11,15.02,15.43,14.88,15.18,33312733,1037710208.00
2015/03/12,15.19,15.63,14.87,15.13,25580619,800875968.00
2015/03/13,15.18,15.26,14.90,15.09,18799117,579879616.00
2015/03/16,15.18,15.63,15.18,15.33,25680222,809442624.00
2015/03/17,15.33,15.51,15.08,15.19,26259035,821327296.00
2015/03/18,15.13,15.68,15.06,15.62,36649929,1153956352.00
2015/03/19,15.58,15.70,15.29,15.48,27656099,876100864.00
2015/03/20,15.46,15.58,15.19,15.30,26229545,823372800.00
2015/03/23,15.24,15.89,15.24,15.78,40131424,1288648832.00
2015/03/24,15.78,16.05,15.29,15.69,41531286,1329680384.00
2015/03/25,15.63,16.13,15.40,16.00,37604118,1210806400.00
2015/03/26,15.83,15.96,15.52,15.56,24967169,803075008.00
2015/03/27,15.50,15.72,15.45,15.51,19563260,623212672.00
2015/03/30,15.51,15.86,15.28,15.80,36544967,1164767744.00
2015/03/31,15.61,16.42,15.55,16.28,55706787,1827249664.00
2015/04/01,16.28,16.78,16.19,16.52,43015703,1448735232.00
2015/04/02,16.53,17.63,16.53,17.28,50003278,1749607680.00
2015/04/03,17.13,17.56,17.02,17.27,25898689,909719744.00
2015/04/07,17.30,18.00,17.28,17.55,33203157,1195888896.00
2015/04/08,17.60,17.63,16.63,16.97,30167884,1051435712.00
2015/04/09,16.79,17.01,15.91,16.84,34621679,1165576576.00
2015/04/10,16.84,16.98,16.62,16.67,40879166,1401707904.00
2015/04/13,16.67,17.08,16.39,16.71,38603082,1321664512.00
2015/04/14,16.74,16.84,16.29,16.40,33796247,1139150720.00
2015/04/15,16.31,16.84,16.28,16.37,33405128,1126740352.00
2015/04/16,16.23,16.51,15.88,16.37,31129333,1035717248.00
2015/04/24,16.88,17.64,16.42,17.12,64257146,2234347264.00
2015/04/27,17.20,17.28,16.63,16.75,41677464,1438793088.00
2015/04/28,16.77,16.85,15.53,15.76,57078155,1868662144.00
2015/04/29,15.78,16.05,15.68,16.01,30292426,985342208.00
2015/04/30,15.99,16.22,15.79,15.98,27994633,916367552.00
2015/05/04,16.00,16.01,15.63,15.76,25328031,817412224.00
2015/05/05,15.78,15.95,15.42,15.86,34809788,1117313280.00
2015/05/06,15.86,16.49,15.74,16.13,40442159,1340504320.00
2015/05/07,16.02,16.83,15.95,16.37,37917918,1277747200.00
2015/05/08,16.37,16.68,16.23,16.66,38032292,1284827520.00
2015/05/11,16.73,17.48,16.56,17.33,57896676,2015180800.00
2015/05/12,17.28,17.45,17.03,17.33,44680177,1572808960.00
2015/05/13,17.34,17.62,17.00,17.24,42788874,1510948096.00
2015/05/14,17.23,17.95,17.08,17.44,48976065,1753637120.00
2015/05/15,17.30,17.31,16.83,17.06,36359553,1263200384.00
2015/05/18,16.91,17.27,16.86,16.96,36907605,1287353088.00
2015/05/19,16.94,17.57,16.77,17.54,39074585,1372872064.00
2015/05/20,17.54,18.61,17.43,17.85,58742694,2170780928.00
2015/05/21,17.91,19.16,17.90,19.01,59263638,2263702016.00
2015/05/22,19.24,19.39,18.38,18.84,54172902,2075556224.00
2015/05/25,18.63,19.18,18.48,19.02,48805323,1877216640.00
2015/05/26,19.13,20.14,19.12,19.57,51492042,2066579584.00
2015/05/27,19.43,20.13,19.30,19.99,41347305,1662450432.00
2015/05/28,19.89,20.03,18.11,18.13,54147113,2120471296.00
2015/05/29,18.28,19.98,17.88,19.98,70171720,2740792576.00
2015/06/01,20.57,22.01,20.33,21.78,91021354,3928938496.00
2015/06/02,21.96,22.33,21.33,21.97,54938517,2430827776.00
2015/06/03,21.83,21.88,20.63,21.12,41930229,1817681152.00
2015/06/04,21.37,21.47,18.97,20.63,45025239,1846131200.00
2015/06/05,20.90,21.38,19.88,20.57,38681239,1628166912.00
2015/06/08,20.57,20.60,19.46,19.70,44821856,1809049088.00
2015/06/09,19.72,20.40,19.72,20.01,35789078,1462528768.00
2015/06/10,19.88,21.28,19.71,21.02,45233132,1906442624.00
2015/06/11,21.03,21.23,20.53,20.89,31571394,1336557440.00
2015/06/12,20.94,21.95,20.89,21.24,43983094,1922255232.00
2015/06/15,21.43,21.68,20.22,20.38,39842415,1682791808.00
2015/06/16,20.18,20.18,19.22,19.64,34894292,1398874496.00
2015/06/17,19.58,20.27,19.43,20.09,26918574,1082248064.00
2015/06/18,19.88,20.13,18.78,18.93,31246808,1227571840.00
2015/06/19,18.68,18.93,17.93,18.18,26071502,980620608.00
2015/06/23,18.26,19.23,18.03,19.16,36373964,1390503040.00
2015/06/24,19.63,19.84,18.88,19.63,37651493,1490455424.00
2015/06/25,19.56,19.56,18.35,18.48,28019725,1082414080.00
2015/06/26,18.02,18.06,16.60,16.60,37532345,1305704064.00
2015/06/29,17.03,17.10,14.91,16.28,48664781,1588904192.00
2015/06/30,15.78,17.78,14.97,17.63,45352163,1530243840.00
2015/07/01,17.28,18.92,16.93,17.28,39044774,1433613312.00
2015/07/02,17.45,17.93,15.62,16.02,33556320,1139179904.00
2015/07/03,15.93,16.52,14.38,15.62,44266748,1379383040.00
2015/07/06,17.16,17.16,14.13,15.68,52056262,1639170304.00
2015/07/07,15.13,15.43,14.08,14.08,57285396,1673138304.00
2015/07/17,15.52,15.52,14.99,15.52,38489051,1208066688.00
2015/07/20,15.88,16.68,15.57,16.18,37623476,1240017664.00
2015/07/21,15.72,16.33,15.62,15.96,27758742,906741056.00
2015/07/22,15.74,16.26,15.60,15.91,22380844,726858752.00
2015/07/23,15.98,16.79,15.98,16.67,32755477,1092593152.00
2015/07/24,16.68,16.82,15.88,16.08,31522147,1055524608.00
2015/07/27,16.03,16.41,14.44,14.44,33590089,1072890240.00
2015/07/28,13.68,14.95,13.17,14.76,39326990,1128092416.00
2015/07/29,15.23,15.33,14.23,15.33,24174527,724038976.00
2015/07/30,15.18,15.36,14.08,14.18,23074104,700492544.00
2015/07/31,13.95,14.67,13.89,14.50,25848779,758647936.00
2015/08/03,14.24,14.80,14.19,14.78,27357829,807547648.00
2015/08/04,14.95,15.50,14.63,15.25,18805341,578938112.00
2015/08/05,15.26,15.28,14.58,14.64,18495464,562921792.00
2015/08/06,14.31,14.72,14.20,14.40,10253390,303465728.00
2015/08/07,14.58,14.84,14.48,14.73,13865344,416755360.00
2015/08/10,14.95,15.59,14.85,15.52,25015217,780600256.00
2015/08/11,15.53,15.86,15.19,15.38,24574553,776555712.00
2015/08/12,15.23,15.85,15.15,15.54,25259781,804796224.00
2015/08/13,15.68,15.78,15.24,15.71,19540172,620866112.00
2015/08/14,15.98,16.30,15.73,15.82,22397330,733006528.00
2015/08/17,15.78,15.97,15.44,15.90,15693018,503136256.00
2015/08/18,15.93,16.15,14.28,14.52,25536685,792321152.00
2015/08/19,13.94,14.78,13.58,14.62,17472191,509086880.00
2015/08/20,14.52,14.95,14.19,14.29,17990667,535665856.00
2015/08/21,13.93,14.43,13.43,13.54,18147028,514562720.00
2015/08/24,12.90,13.15,12.16,12.16,31559862,797455040.00
2015/08/25,11.08,11.72,10.91,10.91,27063876,617706752.00
2015/08/26,11.17,11.28,9.78,9.78,26133390,573176128.00
2015/08/27,10.18,10.31,9.48,10.15,27761797,567727040.00
2015/08/28,10.44,11.07,10.14,11.03,26810901,579995648.00
2015/08/31,11.05,11.53,10.63,11.45,25640919,585327104.00
2015/09/01,11.19,11.56,10.51,11.55,30264337,696729024.00
2015/09/02,11.05,11.92,10.85,11.85,28186295,674171456.00
2015/09/07,11.85,12.46,11.28,11.49,17543227,428939840.00
2015/09/08,11.47,11.93,11.06,11.89,11510726,272743872.00
2015/09/09,12.07,13.03,11.93,12.78,22690543,574957120.00
2015/09/10,12.42,12.50,11.47,11.62,20947678,518649536.00
2015/09/11,11.62,11.98,11.33,11.82,12540508,300888192.00
2015/09/14,11.80,11.92,10.61,10.61,14669401,334557024.00
2015/09/15,10.53,10.67,9.68,9.76,11632557,242094912.00
2015/09/16,9.82,10.77,9.82,10.70,10280758,217807312.00
2015/09/17,10.67,11.26,10.43,10.80,18275816,412118816.00
2015/09/18,10.84,11.27,10.69,10.93,10817514,246100160.00
2015/09/21,10.73,11.38,10.71,11.30,9896679,228485552.00
2015/09/22,11.37,11.77,11.33,11.63,11183082,265961696.00
2015/09/23,11.38,11.52,11.23,11.27,7851440,183274768.00
2015/09/24,11.50,11.62,11.06,11.30,10660646,247710064.00
2015/09/25,11.23,11.24,10.42,10.42,13089954,290833984.00
2015/09/28,10.56,10.86,10.39,10.82,10352644,227883744.00
2015/09/29,10.60,10.68,10.34,10.43,7422130,160601616.00
2015/09/30,10.58,11.50,10.57,11.50,26362933,610039616.00
2015/10/08,11.98,12.28,11.43,11.71,39768552,968275200.00
2015/10/09,11.72,11.96,11.68,11.90,15424957,373954624.00
2015/10/12,11.97,12.73,11.97,12.33,21729049,550116672.00
2015/10/13,12.22,12.80,12.19,12.58,17605857,455019904.00
2015/10/14,12.48,12.78,12.32,12.33,13654435,351910240.00
2015/10/15,12.26,12.84,12.25,12.69,13304054,345116576.00
2015/10/16,12.84,12.88,12.33,12.68,13139339,339590912.00
2015/10/19,12.78,12.98,12.63,12.88,15476701,407107968.00
2015/10/20,12.93,13.78,12.93,13.37,19910371,544422848.00
2015/10/21,13.38,13.60,12.18,12.49,20287642,541811456.00
2015/10/22,12.44,13.01,12.44,12.95,14738392,387215264.00
2015/10/23,13.13,13.18,12.73,13.03,12352558,327866944.00
2015/10/26,13.28,13.43,12.89,13.13,12499484,335294112.00
2015/10/27,13.05,13.06,12.46,13.00,10362927,271634528.00
2015/10/28,12.88,13.05,12.43,12.50,11007758,286323296.00
2015/10/29,12.53,12.63,12.03,12.37,16221703,411386688.00
2015/10/30,12.36,12.73,12.04,12.47,14551856,370511904.00
2015/11/02,12.19,12.40,12.05,12.09,8758946,220096176.00
2015/11/03,12.10,12.30,11.96,12.07,6703372,166932320.00
2015/11/04,12.10,12.79,12.10,12.73,15849394,407097728.00
2015/11/05,12.70,13.01,12.61,12.85,21566542,566933888.00
2015/11/06,12.73,13.75,12.73,13.69,23956031,657565696.00
2015/11/09,13.55,14.27,13.32,13.89,21530392,607068224.00
2015/11/10,13.73,15.05,13.73,14.50,35814205,1068033792.00
2015/11/11,15.23,15.68,14.43,14.53,28382712,861631040.00
2015/11/12,15.13,15.18,14.20,14.48,24868996,739377280.00
2015/11/13,14.18,14.32,13.42,13.73,21379911,607044288.00
2015/11/16,13.78,14.61,13.78,14.43,31090793,909411712.00
2015/11/17,14.86,15.25,14.46,14.68,41828533,1275589632.00
2015/11/18,14.77,16.00,14.53,15.10,36892756,1155577984.00
2015/11/19,15.33,16.64,15.28,16.64,58999591,1977026304.00
2015/11/20,17.43,18.11,16.83,17.73,76380176,2720670720.00
2015/11/23,17.18,17.51,16.66,16.91,40862064,1418398208.00
2015/11/24,16.75,16.97,16.03,16.63,29058627,976552448.00
2015/11/25,16.48,17.12,16.45,16.78,30453368,1044624832.00
2015/11/26,16.70,17.10,16.08,16.28,26804921,910142272.00
2015/11/27,16.18,16.37,14.73,14.84,33566722,1064219392.00
2015/11/30,14.88,15.68,14.28,15.52,29219623,900845056.00
2015/12/01,15.25,15.65,14.98,15.26,15892463,496433440.00
2015/12/02,15.31,15.93,14.69,15.60,17714825,556634048.00
2015/12/03,15.68,16.38,15.49,16.30,17605117,569965376.00
2015/12/04,16.12,16.20,15.58,15.70,15643456,506897824.00
2015/12/07,15.76,15.90,15.16,15.38,17956164,565903040.00
2015/12/08,15.30,15.83,14.83,15.38,18432610,576544704.00
2015/12/09,15.19,15.97,15.12,15.63,18615166,595414592.00
2015/12/10,15.57,16.36,15.47,16.01,20245936,662707776.00
2015/12/11,16.03,16.81,15.71,15.74,17323870,577029312.00
2015/12/14,15.68,16.10,15.52,16.02,10867638,349283168.00
2015/12/15,16.14,17.01,16.12,16.89,23933602,814939072.00
2015/12/16,17.07,17.69,16.75,17.35,40322207,1425907072.00
2015/12/17,17.40,17.50,16.77,17.13,46989205,1631404672.00
2015/12/18,16.98,17.35,16.39,16.52,28761159,984908096.00
2015/12/21,16.36,17.19,16.13,16.90,51549530,1750275456.00
2015/12/22,16.83,17.12,16.63,17.00,25748189,886309120.00
2015/12/23,16.98,17.00,16.42,16.86,21549576,733859328.00
2015/12/24,16.70,16.81,16.36,16.80,15727795,532971104.00
2015/12/25,16.85,17.57,16.73,17.42,40286644,1411887104.00
2015/12/28,17.43,17.81,16.68,16.68,29465002,1037666560.00
2015/12/29,16.68,17.38,16.43,17.31,21756028,748982272.00
2015/12/30,17.15,17.76,17.15,17.68,27878148,994785728.00
2015/12/31,17.64,17.68,16.80,16.98,22764522,796529664.00
2016/01/04,17.16,17.43,15.33,15.37,16987979,574651584.00
2016/01/05,14.78,15.85,14.53,15.63,25787761,806317312.00
2016/01/06,15.73,16.19,15.58,15.88,20696435,671612288.00
2016/01/07,15.52,15.52,14.26,14.26,6669600,200387008.00
2016/01/08,14.78,14.92,13.43,14.12,24876444,731419200.00
2016/01/11,13.68,14.08,12.75,12.98,23626190,649219968.00
2016/01/12,13.18,13.43,12.78,13.10,15581004,419119744.00
2016/01/13,13.28,13.36,12.77,12.88,13184629,353735424.00
2016/01/14,12.28,13.42,12.23,13.42,17142480,459156480.00
2016/01/15,13.28,13.53,12.68,12.85,18498764,497324800.00
2016/01/18,12.55,14.17,12.55,13.65,23451800,646541184.00
2016/01/19,13.63,14.32,13.44,14.05,16088391,457949120.00
2016/01/20,14.00,14.15,13.40,13.53,17602024,495017088.00
2016/01/21,13.20,13.78,12.98,12.98,15991529,438565216.00
2016/01/22,13.24,13.58,12.78,13.52,15765906,428148544.00
2016/01/25,13.77,14.54,13.73,14.13,21237420,613940544.00
2016/01/26,13.89,14.11,12.73,13.45,21382909,594513088.00
2016/01/27,13.38,13.84,12.78,13.58,18942864,511343456.00
2016/01/28,13.32,13.53,12.83,13.12,12014086,322947584.00
2016/01/29,13.10,13.63,12.70,13.37,15267389,413103552.00
2016/02/01,13.39,13.76,13.02,13.70,15794364,436034240.00
2016/02/02,13.62,14.30,13.60,14.06,14309056,412344448.00
2016/02/03,13.90,14.29,13.79,14.11,10540897,301824896.00
2016/02/04,14.19,14.35,14.08,14.19,11591486,336768448.00
2016/02/05,14.19,14.28,13.83,14.09,9637825,277649120.00
2016/02/15,13.68,14.38,13.68,14.16,11297231,326832800.00
2016/02/16,14.19,14.83,14.18,14.69,14219471,424752288.00
2016/02/17,14.64,15.16,14.46,15.01,15069726,456821120.00
2016/02/18,15.06,15.22,14.58,14.60,14889253,451099456.00
2016/02/19,14.51,14.93,14.49,14.72,10630866,320149792.00
2016/02/22,14.88,15.02,14.68,14.93,13687978,415547200.00
2016/02/23,15.03,15.37,14.88,15.00,19011469,587393216.00
2016/02/24,14.78,14.95,14.23,14.53,14714869,438489952.00
2016/02/25,14.51,14.60,13.05,13.05,19301719,540205760.00
2016/02/26,13.13,13.20,12.46,12.78,15805555,415571072.00
2016/02/29,12.68,12.68,11.47,11.50,23787702,565607744.00
2016/03/01,11.48,12.02,11.10,11.84,17092977,405626976.00
2016/03/02,11.86,12.33,11.58,12.25,22425845,551631232.00
2016/03/03,12.25,12.50,12.09,12.10,18677717,471116064.00
2016/03/04,12.00,12.06,10.86,11.00,35795896,844485504.00
2016/03/07,11.10,11.40,10.98,11.19,17890717,411972288.00
2016/03/08,11.15,11.23,10.53,11.20,21028859,470915808.00
2016/03/09,10.93,11.45,10.81,11.23,18451760,426325408.00
2016/03/10,11.22,11.37,10.96,11.07,11834812,271834208.00
2016/03/11,10.93,11.03,10.68,10.75,16426701,365973568.00
2016/03/14,10.93,11.45,10.86,11.28,16912791,391836960.00
2016/03/15,11.95,12.08,11.50,11.54,25224806,609092672.00
2016/03/16,11.70,11.80,11.14,11.43,20546850,485299904.00
2016/03/17,11.44,12.32,11.44,12.17,31283940,765760256.00
2016/03/18,12.28,12.83,12.25,12.52,31067513,798851840.00
2016/03/21,12.92,13.20,12.63,13.20,27868032,739469952.00
2016/03/22,12.98,13.24,12.84,12.98,16898602,452311200.00
2016/03/23,12.95,13.16,12.55,12.84,19535214,512875840.00
2016/03/24,12.78,12.80,12.48,12.54,17012347,441211296.00
2016/03/25,12.44,12.84,12.41,12.73,13100115,340423168.00
2016/03/28,12.90,13.15,12.41,12.50,16533284,432664640.00
2016/03/29,12.23,12.36,11.94,12.12,19589831,489379904.00
2016/03/30,12.25,12.77,12.13,12.76,17915345,456329760.00
2016/03/31,12.82,12.82,12.40,12.48,20155840,518831040.00
2016/04/01,12.48,12.60,12.23,12.39,12555897,318752320.00
2016/04/05,12.44,12.75,12.28,12.73,15515480,400619488.00
2016/04/06,12.73,13.29,12.68,13.10,27494262,738136448.00
2016/04/07,13.13,13.20,12.62,12.64,15156621,400032768.00
2016/04/08,12.62,12.90,12.38,12.68,13099810,340730368.00
2016/04/11,12.88,13.16,12.69,12.93,17186378,457796480.00
2016/04/12,12.92,13.04,12.60,12.75,9785911,256829120.00
2016/04/13,12.90,13.42,12.89,13.18,26178456,708705664.00
2016/04/14,13.23,13.38,13.10,13.37,16619288,450962080.00
2016/04/15,13.42,13.86,13.33,13.56,22284832,621177728.00
2016/04/18,13.56,13.98,13.47,13.76,25631189,722638016.00
2016/04/19,13.81,13.88,13.47,13.59,17382029,484088640.00
2016/04/20,13.58,13.66,12.58,13.03,24362598,655264448.00
2016/04/21,12.99,13.54,12.80,13.17,16435690,445127776.00
2016/04/22,13.14,14.25,13.03,14.07,32071553,913226880.00
2016/04/25,13.94,14.32,13.58,14.17,22903847,652718976.00
2016/04/26,14.08,14.30,13.93,14.20,16764128,484781984.00
2016/04/27,14.20,14.66,14.00,14.36,20538219,604957824.00
2016/04/28,14.33,14.75,14.08,14.31,16030668,472794944.00
2016/04/29,14.30,14.36,13.98,14.01,10182882,294362528.00
2016/05/03,14.08,14.65,14.01,14.44,17354835,512046528.00
2016/05/04,14.33,14.95,14.28,14.93,20696867,620542656.00
2016/05/05,14.82,15.02,14.55,14.60,17145636,516353824.00
2016/05/06,14.68,14.82,14.00,14.00,22000212,647766912.00
2016/05/09,13.93,13.93,13.58,13.61,14490722,406982720.00
2016/05/10,13.59,14.00,13.59,13.82,11927579,338184032.00
2016/05/11,13.93,13.97,13.31,13.38,13668923,379037536.00
2016/05/12,13.19,13.78,13.08,13.75,12976971,357957216.00
2016/05/13,13.68,13.91,13.27,13.39,9977989,277898112.00
2016/05/16,13.39,13.68,13.37,13.66,7573221,210485360.00
2016/05/17,13.68,13.82,13.43,13.70,9523158,266466336.00
2016/05/18,13.66,13.66,13.03,13.33,12419336,336738272.00
2016/05/19,13.35,13.62,13.23,13.27,8685793,239144528.00
2016/05/20,13.12,13.32,12.95,13.21,10620661,285376960.00
2016/05/23,13.23,13.66,13.23,13.38,8675476,239220800.00
2016/05/24,13.38,13.60,13.24,13.40,7327551,201079856.00
2016/05/25,13.44,13.59,12.94,13.04,15941822,430787840.00
2016/05/26,12.98,13.12,12.25,12.69,22300756,576607040.00
2016/05/27,12.70,12.82,12.47,12.72,10663015,277539712.00
2016/05/30,12.55,12.80,12.50,12.62,7692104,200226064.00
2016/05/31,12.58,13.30,12.58,13.24,13524740,361933856.00
2016/06/01,13.24,13.42,13.22,13.26,9747030,265935296.00
2016/06/02,13.38,13.52,13.18,13.49,12903286,353004512.00
2016/06/03,13.64,14.10,13.53,13.98,25331032,719307008.00
2016/06/06,14.68,14.97,14.20,14.42,28126155,836040192.00
2016/06/07,14.33,14.58,14.12,14.19,12398757,361820192.00
2016/06/08,14.11,14.47,13.89,14.33,17703895,512898336.00
2016/06/13,14.08,14.18,13.33,13.33,16601777,471202912.00
2016/06/14,13.32,13.81,13.32,13.69,10731613,299543552.00
2016/06/15,13.55,14.32,13.48,14.09,14922328,428084000.00
2016/06/16,14.14,14.42,13.95,13.98,12922200,374967040.00
2016/06/17,14.00,14.34,14.00,14.17,10020678,290241888.00
2016/06/20,14.33,14.33,13.95,14.20,6550988,188264832.00
2016/06/21,14.23,14.35,13.97,13.99,7636313,220311664.00
2016/06/22,13.92,14.13,13.83,14.09,4867660,139072544.00
2016/06/23,14.06,14.41,14.03,14.17,8910645,258742688.00
2016/06/24,14.10,14.20,13.65,13.81,12653770,357975968.00
2016/06/27,13.66,14.36,13.59,14.35,13989563,400243968.00
2016/06/28,14.26,14.32,14.09,14.25,9164655,265435440.00
2016/06/29,14.28,14.38,14.11,14.18,6474538,187293344.00
2016/06/30,14.27,14.32,14.05,14.07,8664090,249928464.00
2016/07/01,14.08,14.22,13.96,13.98,6940702,198957760.00
2016/07/04,13.97,14.28,13.82,14.25,10964537,314720960.00
2016/07/05,14.22,14.22,13.95,14.07,7617365,218656640.00
2016/07/06,14.08,14.08,13.74,13.84,10284627,290454688.00
2016/07/07,13.87,13.87,13.48,13.70,11803820,329724160.00
2016/07/08,13.59,13.77,13.52,13.58,7787121,216528048.00
2016/07/11,13.68,13.75,13.40,13.42,13907517,384378176.00
2016/07/12,13.45,13.59,13.33,13.58,9281786,255065840.00
2016/07/13,13.65,13.96,13.59,13.85,17090779,480261344.00
2016/07/14,13.88,13.88,13.63,13.70,9248741,258768176.00
2016/07/15,13.74,13.84,13.60,13.60,11690254,326251168.00
2016/07/18,13.56,13.60,13.31,13.34,10834440,296676192.00
2016/07/19,13.35,13.69,13.35,13.58,10054490,277930624.00
2016/07/20,13.56,13.75,13.43,13.65,10076030,279438432.00
2016/07/21,13.65,13.82,13.58,13.64,8870435,247705008.00
2016/07/22,13.64,13.68,13.34,13.39,7754758,212577248.00
2016/07/25,13.35,13.53,13.30,13.53,7273440,198989376.00
2016/07/26,13.43,13.62,13.40,13.57,8058513,222184144.00
2016/07/27,13.62,13.62,12.79,12.98,14949699,403613152.00
2016/07/28,12.98,13.05,12.48,12.63,16203312,420314272.00
2016/07/29,12.68,12.73,12.38,12.48,10879316,278061376.00
2016/08/01,12.48,12.52,12.26,12.38,7299988,184518960.00
2016/08/02,12.45,12.59,12.38,12.49,4694637,119866728.00
2016/08/03,12.48,12.59,12.38,12.58,7464411,190132320.00
2016/08/04,12.58,12.61,12.49,12.60,4850613,124493528.00
2016/08/05,12.60,12.65,12.48,12.51,4237369,108935664.00
2016/08/08,12.50,12.71,12.38,12.70,6772391,173517952.00
2016/08/09,12.79,13.84,12.79,13.47,23092268,628262784.00
2016/08/10,13.47,13.47,13.19,13.22,9760580,264978624.00
2016/08/11,13.23,13.28,12.79,12.80,11370073,301401472.00
2016/08/12,12.82,12.97,12.75,12.93,8122978,212837296.00
2016/08/15,12.93,13.32,12.89,13.12,15912068,426336992.00
2016/08/16,13.18,13.26,13.09,13.11,8152849,219067104.00
2016/08/17,13.22,13.53,13.19,13.33,14451174,394560096.00
2016/08/18,13.72,14.62,13.70,14.08,48621618,1406134656.00
2016/08/19,14.18,14.44,14.05,14.10,25159656,730129472.00
2016/08/22,14.11,14.32,14.01,14.11,14531981,420242432.00
2016/08/23,14.08,14.55,13.98,14.33,18636891,542268608.00
2016/08/24,14.33,14.76,14.32,14.53,25629464,760773312.00
2016/08/25,14.42,14.71,14.23,14.67,17165069,507467008.00
2016/08/26,14.77,14.82,14.51,14.53,13151553,392683008.00
2016/08/29,14.53,14.70,14.36,14.44,10147973,300517408.00
2016/08/30,14.45,14.65,14.39,14.52,6785764,200934240.00
2016/08/31,14.58,14.68,14.15,14.25,11115928,324294912.00
2016/09/01,14.26,14.73,14.21,14.59,15945936,472687744.00
2016/09/02,14.52,14.90,14.34,14.77,23087777,688943424.00
2016/09/05,14.64,15.07,14.59,14.76,18574790,562753216.00
2016/09/06,14.75,15.78,14.68,15.55,26704558,832502080.00
2016/09/07,15.50,15.78,15.18,15.55,16848861,531435584.00
2016/09/08,15.41,15.57,15.25,15.48,9434589,295759456.00
2016/09/09,15.49,15.58,14.44,14.50,29271445,880329984.00
2016/09/12,14.23,14.46,13.95,13.99,13700238,396655296.00
2016/09/13,14.13,14.42,14.04,14.29,11612490,338080448.00
2016/09/14,14.38,15.01,14.38,14.50,16278292,487396672.00
2016/09/19,15.02,15.08,14.54,14.58,12132540,365285216.00
2016/09/20,14.65,14.69,14.31,14.36,5985954,175722656.00
2016/09/21,14.34,14.71,14.26,14.67,6754970,200343776.00
2016/09/22,14.82,14.88,14.52,14.63,8970981,268531072.00
2016/09/23,14.88,15.15,14.83,15.03,12435189,379830528.00
2016/09/26,14.95,14.98,14.24,14.31,10864724,321992704.00
2016/09/27,14.27,14.39,14.06,14.29,8229380,238043680.00
2016/09/28,14.29,14.65,14.23,14.37,8317832,245558304.00
2016/09/29,14.32,14.81,14.32,14.77,9543173,284815680.00
2016/09/30,14.83,15.16,14.73,14.84,11306475,344305280.00
2016/10/10,15.13,15.21,14.93,15.10,9322887,286157312.00
2016/10/11,15.13,15.43,15.06,15.30,11010977,341435712.00
2016/10/12,15.24,15.30,15.05,15.30,7399702,229002752.00
2016/10/13,15.24,15.47,14.98,15.25,8348065,258534608.00
2016/10/14,15.20,15.40,15.07,15.12,6061938,187699152.00
2016/10/17,15.19,15.37,14.94,15.01,8392965,259965488.00
2016/10/18,15.13,15.13,14.78,15.05,10128525,308209088.00
2016/10/19,15.07,15.09,14.84,14.97,4899133,149159904.00
2016/10/20,14.97,15.83,14.97,15.66,19832359,630128192.00
2016/10/21,15.56,15.78,15.50,15.68,9257127,294629248.00
2016/10/24,15.72,15.94,15.56,15.78,10935910,349466112.00
2016/10/25,15.65,15.82,15.41,15.61,12102915,383859200.00
2016/10/26,15.60,15.78,15.48,15.48,7497486,238240608.00
2016/10/27,15.41,15.47,15.05,15.14,9639488,298346368.00
2016/10/28,15.10,15.29,14.92,15.18,6759762,207573456.00
2016/10/31,15.13,15.27,14.98,15.09,6379022,196422320.00
2016/11/01,15.13,15.39,14.99,15.33,7016516,217438160.00
2016/11/02,15.24,15.32,15.03,15.08,6034261,186143824.00
2016/11/03,15.16,15.27,15.04,15.05,7036029,217246032.00
2016/11/04,15.08,15.17,14.83,14.89,6243501,190906048.00
2016/11/07,14.85,15.02,14.79,14.99,6791932,206262384.00
2016/11/08,15.07,15.18,14.94,15.09,5133031,157800624.00
2016/11/09,15.10,15.16,14.52,14.73,10159980,306120960.00
2016/11/10,14.95,14.97,14.77,14.90,5971829,180938720.00
2016/11/11,14.88,14.89,14.14,14.25,27453910,802717056.00
2016/11/14,14.18,14.30,14.00,14.22,17649323,508558848.00
2016/11/15,14.24,14.25,14.00,14.23,10875380,313357344.00
2016/11/16,14.27,14.31,14.13,14.28,11049233,320789408.00
2016/11/17,14.33,14.45,14.23,14.39,10208739,298786816.00
2016/11/18,14.35,14.48,14.31,14.35,7498800,220031264.00
2016/11/21,14.31,14.45,14.14,14.19,7396539,214772304.00
2016/11/22,14.22,14.34,14.12,14.32,6568192,190442720.00
2016/11/23,14.34,14.38,14.23,14.35,6835332,199459856.00
2016/11/24,14.38,14.38,13.72,13.79,22562938,641368704.00
2016/11/25,13.78,13.84,13.52,13.73,15841823,441855104.00
2016/11/28,13.74,13.96,13.73,13.87,8907217,251827616.00
2016/11/29,13.87,13.92,13.66,13.67,8980624,252393808.00
2016/11/30,13.67,13.95,13.65,13.88,8694536,245786624.00
2016/12/01,13.94,13.94,13.68,13.76,8299226,232975520.00
2016/12/02,13.76,13.85,13.52,13.67,9872696,274890752.00
2016/12/05,13.68,13.87,13.62,13.78,9991316,280366560.00
2016/12/06,13.77,13.89,13.72,13.73,7954455,224071392.00
2016/12/07,13.75,13.75,13.59,13.68,6739274,188048736.00
2016/12/08,13.75,13.78,13.64,13.65,6080407,169853712.00
2016/12/09,13.65,13.69,13.32,13.47,11963946,328140960.00
2016/12/12,13.43,13.43,12.86,13.00,11018943,295124608.00
2016/12/13,12.95,13.16,12.95,13.03,4780309,127382296.00
2016/12/14,13.03,13.23,12.88,13.07,6528058,173658608.00
2016/12/15,13.03,13.26,12.99,13.11,5498534,147322096.00
2016/12/16,13.12,13.26,13.04,13.19,5542279,149301184.00
2016/12/19,13.19,13.19,12.97,13.09,5506264,146716192.00
2016/12/20,13.07,13.36,12.97,13.35,8250033,222733760.00
2016/12/21,13.32,13.50,13.26,13.34,7697981,210257792.00
2016/12/22,13.37,13.42,13.30,13.39,4062705,110888912.00
2016/12/23,13.39,13.65,13.23,13.25,5726515,157081536.00
2016/12/26,13.23,13.28,12.89,13.11,7666945,203784960.00
2016/12/27,13.13,13.19,13.01,13.05,4527001,120983344.00
2016/12/28,13.05,13.10,12.93,12.99,3949142,104740200.00
2016/12/29,12.98,13.18,12.96,13.10,4895608,130826376.00
2016/12/30,13.06,13.18,12.98,12.99,5366932,143186096.00
2017/01/03,13.08,13.40,13.03,13.34,8288283,224351248.00
2017/01/04,13.31,13.53,13.31,13.44,7852834,215301584.00
2017/01/05,13.47,13.57,13.40,13.45,5008133,137542736.00
2017/01/06,13.42,13.45,13.13,13.25,8932567,241579520.00
2017/01/09,13.25,13.47,13.22,13.41,4958904,135496256.00
2017/01/10,13.36,13.42,13.28,13.31,3887260,105760248.00
2017/01/11,13.31,13.49,13.28,13.35,4159575,113801528.00
2017/01/12,13.27,13.44,13.17,13.17,4088257,110898424.00
2017/01/13,13.18,13.31,13.16,13.22,5504491,148666720.00
2017/01/16,13.18,13.25,12.58,13.05,7390794,196963888.00
2017/01/17,13.02,13.41,12.94,13.38,5530602,149100304.00
2017/01/18,13.39,13.48,13.33,13.44,4113560,112636528.00
2017/01/19,13.38,13.46,13.32,13.36,2788324,76181816.00
2017/01/20,13.36,13.55,13.32,13.49,3994115,109863952.00
2017/01/23,13.48,13.56,13.43,13.54,3947097,108819680.00
2017/01/24,13.49,13.55,13.26,13.36,4836791,131950552.00
2017/01/25,13.33,13.48,13.23,13.39,3496397,95467120.00
2017/01/26,13.43,13.60,13.40,13.58,8248995,227714352.00
2017/02/03,13.59,13.63,13.50,13.55,2890962,80087456.00
2017/02/06,13.56,13.86,13.55,13.77,7886909,220736720.00
2017/02/07,14.03,14.13,13.78,13.93,16874986,480705600.00
2017/02/08,13.83,14.31,13.80,14.24,14252707,410513472.00
2017/02/09,14.27,14.32,14.17,14.23,8871463,257777696.00
2017/02/10,14.23,14.23,14.10,14.21,5887291,169913136.00
2017/02/13,14.14,14.30,14.03,14.06,9065200,261477184.00
2017/02/14,14.09,14.31,13.98,14.23,11361154,329176000.00
2017/02/15,14.24,14.84,14.24,14.59,21795197,648797056.00
2017/02/16,14.58,14.96,14.58,14.65,14360517,432116576.00
2017/02/17,14.66,14.77,14.41,14.42,9409495,278879360.00
2017/02/20,14.48,14.75,14.43,14.70,8599159,256158208.00
2017/02/21,14.68,14.84,14.63,14.77,7878096,236554496.00
2017/02/22,14.83,14.97,14.78,14.93,10166352,308829760.00
2017/02/23,14.97,15.02,14.83,14.87,7267333,220770624.00
2017/02/24,14.82,14.86,14.40,14.63,14408061,427664928.00
2017/02/27,14.62,14.75,14.54,14.67,7810465,233725648.00
2017/02/28,14.63,14.77,14.55,14.61,5653783,168845936.00
2017/03/01,14.62,14.82,14.60,14.75,9153852,274476864.00
2017/03/02,14.82,14.97,14.69,14.70,7605901,230240176.00
2017/03/03,14.64,15.25,14.55,15.21,16067424,492508320.00
2017/03/06,15.13,15.77,15.13,15.71,19550498,620282624.00
2017/03/07,15.66,15.88,15.48,15.71,17043967,545666112.00
2017/03/08,15.71,15.72,15.44,15.54,6329587,200093040.00
2017/03/09,15.44,15.57,15.30,15.44,6686430,210124496.00
2017/03/10,15.39,15.52,15.33,15.47,5002543,157089040.00
2017/03/13,15.46,16.22,15.44,16.04,15581281,506591232.00
2017/03/14,16.15,16.15,15.87,16.00,6980613,226722432.00
2017/03/15,15.98,16.11,15.74,15.92,7175036,232344928.00
2017/03/16,15.92,16.09,15.78,15.98,8125366,262456544.00
2017/03/17,15.99,16.23,15.61,15.65,10579040,342601728.00
2017/03/20,15.65,15.75,15.45,15.69,9090486,288733600.00
2017/03/21,15.71,16.30,15.51,16.22,14842060,482496576.00
2017/03/22,16.23,16.97,16.13,16.50,17502565,590494208.00
2017/03/23,16.53,16.81,16.37,16.70,9075280,305813632.00
2017/03/24,16.58,17.30,16.53,17.00,16866265,583817792.00
2017/03/27,16.94,17.09,16.57,16.68,11073718,377003904.00
2017/03/28,16.64,16.78,16.44,16.66,8413655,283497632.00
2017/03/29,16.71,16.73,16.31,16.38,14001441,467554816.00
2017/03/30,16.39,16.55,16.24,16.43,6381601,212521504.00
2017/03/31,16.52,16.82,16.41,16.75,9588428,324775008.00
2017/04/05,16.78,16.93,16.58,16.61,10757221,365762816.00
2017/04/06,16.62,16.63,15.81,16.07,21018312,686833536.00
2017/04/07,16.05,16.38,16.05,16.33,12647831,417591008.00
2017/04/10,16.33,16.33,15.93,16.08,9856243,322360448.00
2017/04/11,16.18,16.18,15.72,15.97,8902483,288123552.00
2017/04/12,16.05,16.25,15.92,16.05,5516100,180376256.00
2017/04/13,15.95,16.26,15.93,16.25,7116920,232917920.00
2017/04/14,16.25,16.27,15.98,16.11,6285834,205195216.00
2017/04/17,15.94,16.06,15.42,15.55,10122043,324462880.00
2017/04/18,15.66,16.05,15.46,15.91,10313897,330693824.00
2017/04/19,15.78,16.20,15.73,16.16,9184212,299742496.00
2017/04/20,16.23,16.65,16.07,16.52,14254752,476298816.00
2017/04/21,16.49,16.58,16.23,16.44,7856445,262307472.00
2017/04/24,16.53,16.61,16.13,16.36,8833385,294843424.00
2017/04/25,16.49,16.98,16.35,16.80,12165572,415909408.00
2017/04/26,16.79,17.67,16.73,17.29,25915237,910783040.00
2017/04/27,17.19,17.23,16.85,17.17,17200526,596452544.00
2017/04/28,17.10,17.65,16.71,17.17,28530337,497601888.00
2017/05/02,17.11,17.38,17.00,17.33,19889219,346630848.00
2017/05/03,17.15,17.19,16.60,16.70,27260109,464294720.00
2017/05/04,16.65,17.13,16.55,16.70,18604771,317788576.00
2017/05/05,16.61,17.11,16.56,16.80,15310176,261430320.00
2017/05/08,16.76,16.88,16.08,16.46,21818695,365231136.00
2017/05/09,16.40,17.00,16.22,16.98,20126134,339619936.00
2017/05/10,17.13,17.65,16.90,17.34,34054055,596456448.00
2017/05/11,17.20,17.31,16.80,17.11,23659085,408947200.00
2017/05/12,17.25,17.41,16.85,17.10,18229421,314832320.00
2017/05/15,17.10,17.90,16.72,17.82,33627759,587191616.00
2017/05/16,17.55,18.35,17.41,18.32,46521107,844467328.00
2017/05/17,18.17,18.40,17.69,17.90,37203643,678678656.00
2017/05/18,17.60,18.08,17.41,17.53,24648619,440208640.00
2017/05/19,17.50,17.77,17.42,17.59,15078460,267351568.00
2017/05/22,17.57,17.73,17.20,17.34,16727679,294223520.00
2017/05/23,17.32,17.67,17.14,17.42,24951335,439018848.00
2017/05/24,17.29,17.29,16.71,17.20,19395994,334637376.00
2017/05/25,17.10,17.45,16.88,17.24,21768208,378496640.00
2017/05/26,17.10,17.21,16.48,16.78,33379921,567254336.00
2017/05/31,16.92,17.04,16.70,16.80,16208856,276183264.00
2017/06/01,16.92,17.25,16.67,17.00,21312047,366605696.00
2017/06/02,16.96,17.15,16.79,17.06,18586467,319051424.00
2017/06/05,17.06,18.00,17.00,17.65,35875564,638774720.00
2017/06/06,17.83,18.25,17.67,18.05,39519345,721178240.00
2017/06/07,18.03,19.08,18.01,18.84,57325961,1081388928.00
2017/06/08,18.85,19.39,18.56,18.81,36680806,699693568.00
2017/06/09,18.71,19.23,18.71,19.22,34105018,655677824.00
2017/06/12,19.10,19.29,18.75,18.84,28372947,542886976.00
2017/06/13,18.80,18.91,18.43,18.85,25881277,488232352.00
2017/06/14,18.76,18.78,18.32,18.52,14154301,264569168.00
2017/06/15,18.46,18.78,18.25,18.75,16848375,315503712.00
2017/06/16,18.56,18.70,18.13,18.30,19671494,365215968.00
2017/06/19,18.32,18.80,18.26,18.79,15584778,293169504.00
2017/06/20,18.81,18.90,18.50,18.61,16366389,308896256.00
2017/06/21,18.73,19.28,18.53,19.28,22891161,437276672.00
2017/06/22,19.00,19.33,18.60,18.80,22565199,434318400.00
2017/06/23,18.70,19.17,18.42,19.15,24200379,460279456.00
2017/06/26,19.15,19.86,18.99,19.75,36352787,717499520.00
2017/06/27,19.74,19.95,19.16,19.25,34163471,670316032.00
2017/06/28,19.25,19.29,18.40,18.64,48447799,916379648.00
2017/06/29,18.67,18.94,18.60,18.94,29232317,553912896.00
2017/06/30,18.88,19.08,18.66,19.08,24645306,469317056.00
2017/07/03,19.16,19.16,17.90,18.05,56083728,1041086208.00
2017/07/04,18.13,18.21,17.78,18.12,32182479,584956160.00
2017/07/05,18.13,18.53,18.02,18.49,23307823,432714784.00
2017/07/06,18.50,18.68,18.13,18.43,20000048,372465408.00
2017/07/07,18.40,18.55,18.22,18.36,16105350,299396448.00
2017/07/10,18.40,18.58,18.17,18.24,15355056,285062208.00
2017/07/11,18.15,18.55,18.00,18.22,19738353,364788992.00
2017/07/12,18.20,18.40,17.78,18.33,26133713,477408832.00
2017/07/13,18.38,18.48,17.81,17.90,29446810,538827392.00
2017/07/14,17.73,18.29,17.10,18.21,44618912,797317888.00
2017/07/17,18.14,18.15,17.50,17.79,24020661,434277824.00
2017/07/18,17.60,17.91,17.31,17.69,16236622,290383008.00
2017/07/19,17.70,18.63,17.70,18.44,41197776,761664640.00
2017/07/20,18.44,19.40,18.31,19.24,50570163,972939136.00
2017/07/21,19.30,19.59,18.75,18.80,43784298,844550848.00
2017/07/24,18.76,19.16,18.49,19.00,23840034,453539904.00
2017/07/25,18.95,19.40,18.75,18.88,20937155,404025152.00
2017/07/26,18.80,18.98,18.10,18.29,30040271,558500928.00
2017/07/27,18.25,19.10,17.98,19.04,26972656,506217216.00
2017/07/28,18.85,19.04,18.60,18.89,20483521,390133152.00
2017/07/31,18.88,19.32,18.85,19.03,23674033,456691008.00
2017/08/01,18.95,19.25,18.87,19.04,16175908,311031776.00
2017/08/02,19.23,19.68,18.99,19.06,38368289,748420288.00
2017/08/03,19.20,19.27,18.28,18.49,37961931,712200000.00
2017/08/04,18.36,18.52,18.10,18.38,25795523,478263296.00
2017/08/07,18.35,18.48,18.04,18.20,16033373,295866080.00
2017/08/08,18.13,18.96,18.00,18.95,26525615,492979040.00
2017/08/09,18.95,18.97,18.61,18.69,19662546,372944832.00
2017/08/10,18.70,19.55,18.70,19.51,52676202,1027737408.00
2017/08/11,19.30,20.03,19.18,19.26,48665535,968192768.00
2017/08/14,19.25,20.65,19.25,20.62,51496772,1052491072.00
2017/08/15,20.52,20.90,20.30,20.70,42634896,887547328.00
2017/08/16,20.50,20.97,20.38,20.80,36250722,758581952.00
2017/08/17,20.69,20.69,20.17,20.38,33778422,695278080.00
2017/08/18,20.00,20.43,19.69,19.88,43013185,864894272.00
2017/08/21,19.97,20.48,19.94,20.05,32331429,659408896.00
2017/08/22,20.22,20.26,19.71,19.80,19449845,390992896.00
2017/08/23,19.88,20.19,19.84,20.04,16708919,338048672.00
2017/08/24,20.15,20.18,19.72,20.02,15023400,302240640.00
2017/08/25,19.98,20.14,19.80,20.05,16736725,338282624.00
2017/08/28,20.24,21.83,20.24,21.35,70352494,1497189376.00
2017/08/29,21.37,21.55,21.01,21.50,35903099,772821248.00
2017/08/30,21.40,22.29,21.35,21.65,51437253,1137726464.00
2017/08/31,21.83,21.90,21.10,21.40,33539696,724900736.00
2017/09/01,21.40,21.87,21.20,21.73,29422089,642354944.00
2017/09/04,21.73,22.34,21.40,22.19,41186034,919082688.00
2017/09/05,22.18,22.35,22.02,22.21,22630660,506926976.00
2017/09/06,22.16,22.19,21.51,21.70,36525538,799464704.00
2017/09/07,21.70,21.80,21.15,21.20,32692752,705069824.00
2017/09/08,21.14,21.50,20.90,21.44,34653175,740273664.00
2017/09/11,21.38,21.38,21.10,21.37,26435097,566610688.00
2017/09/12,21.30,21.60,21.16,21.30,32905811,707826432.00
2017/09/13,21.38,21.38,20.24,20.52,49360702,1023060416.00
2017/09/14,20.52,20.91,20.36,20.59,24564704,512321536.00
2017/09/15,20.59,20.90,20.48,20.60,16868907,352037760.00
2017/09/18,20.52,20.77,20.39,20.61,17947746,372572864.00
2017/09/19,20.51,20.59,19.76,19.98,43252789,875932608.00
2017/09/20,19.90,20.24,19.81,20.09,22938154,464695136.00
2017/09/21,20.09,20.20,19.90,19.95,15925431,321854080.00
2017/09/22,19.92,20.15,19.80,20.04,17151390,346947904.00
2017/09/25,19.90,19.98,18.93,19.16,46877832,914895616.00
2017/09/26,19.02,19.30,18.97,19.25,17142361,332220640.00
2017/09/27,19.30,20.11,19.30,19.96,26183207,523797568.00
2017/09/28,20.10,20.31,19.89,19.91,24016772,488556992.00
2017/09/29,19.97,20.18,19.90,20.04,15077580,305565152.00
2017/10/09,19.71,19.95,18.95,19.63,63452585,1240574208.00
2017/10/10,19.40,19.88,19.37,19.56,30223826,599773376.00
2017/10/11,19.55,19.69,19.19,19.54,21708231,424950176.00
2017/10/12,19.59,20.05,19.50,20.03,31795230,638062528.00
2017/10/13,20.08,20.66,19.84,20.62,42596653,878933824.00
2017/10/16,20.63,21.11,20.35,20.48,39606712,828141120.00
2017/10/17,20.59,20.93,20.44,20.63,28227938,590160896.00
2017/10/18,20.60,21.02,20.39,20.79,32758121,686099136.00
2017/10/19,20.79,21.26,20.61,20.86,33469485,710969984.00
2017/10/20,20.00,20.39,19.83,20.14,45851270,931900736.00
2017/10/23,20.25,20.36,19.96,20.36,24425601,498621184.00
2017/10/24,20.30,21.02,20.22,21.02,35181353,737416640.00
2017/10/25,21.02,21.49,20.93,21.45,47022629,1011099072.00
2017/10/26,21.47,21.82,21.21,21.33,44756633,973297536.00
2017/10/27,21.44,21.80,21.08,21.52,31285653,677831424.00
2017/10/30,22.20,22.40,21.71,21.86,64378822,1430506880.00
2017/10/31,21.98,22.00,21.20,21.94,35760743,780345728.00
2017/11/01,21.88,21.89,20.98,21.06,46994345,1011600896.00
2017/11/02,21.03,21.31,20.70,21.26,34673663,735258304.00
2017/11/03,21.25,21.85,20.93,21.17,35642397,771572032.00
2017/11/06,21.16,21.28,20.12,20.62,61386570,1274063616.00
2017/11/07,20.63,21.17,20.10,21.16,55018642,1147126528.00
2017/11/08,21.00,21.09,20.28,20.40,69226112,1440552192.00
2017/11/09,20.39,20.90,20.16,20.87,41452590,859374976.00
2017/11/10,20.78,21.94,20.70,21.85,83942265,1804338048.00
2017/11/13,21.96,22.77,21.58,22.60,86183903,1937544960.00
2017/11/14,22.60,23.00,22.21,22.30,76254696,1738963200.00
2017/11/15,22.23,22.52,21.59,21.80,47886883,1062958144.00
2017/11/16,21.84,22.02,21.07,21.65,62617830,1359120768.00
2017/11/17,21.43,21.62,20.91,21.16,49192761,1055436032.00
2017/11/20,20.85,21.63,20.40,21.58,37493552,798244800.00
2017/11/21,21.45,21.78,21.10,21.33,39372424,848095872.00
2017/11/22,21.48,22.29,21.48,22.03,76275153,1687788800.00
2017/11/23,21.80,21.80,20.16,20.60,81253305,1711003008.00
2017/11/24,20.36,20.67,18.83,20.63,49673084,1004651712.00
2017/11/27,20.30,20.52,19.98,20.25,22635116,463031680.00
2017/11/28,20.12,20.43,19.62,19.93,28825804,579786368.00
2017/11/29,20.02,20.08,19.20,19.30,33048079,649601472.00
2017/11/30,19.20,19.30,18.42,18.73,33891339,645482432.00
2017/12/01,18.69,19.35,18.65,18.88,24114748,463162592.00
2017/12/04,18.81,19.02,18.54,18.90,19652941,374036256.00
2017/12/05,18.90,18.90,17.56,17.94,79504745,1443263360.00
2017/12/06,18.10,18.23,17.67,17.92,39502834,717243648.00
2017/12/07,17.97,18.07,17.74,17.91,26293487,476364512.00
2017/12/08,17.92,18.16,17.79,18.12,31269912,569200128.00
2017/12/11,18.14,18.45,17.98,18.44,36069930,664852672.00
2017/12/12,18.40,18.41,17.75,17.76,38472064,700790720.00
2017/12/13,17.65,17.72,17.03,17.43,50831161,887813824.00
2017/12/14,17.46,17.72,17.21,17.62,30114400,533400448.00
2017/12/15,17.58,17.85,17.50,17.58,22949534,410926304.00
2017/12/18,17.58,17.58,16.73,16.77,44914844,771784128.00
2017/12/19,16.85,17.25,16.79,17.16,31207019,539483456.00
2017/12/20,17.22,17.35,16.76,16.86,24595283,423816864.00
2017/12/21,17.00,17.57,16.79,17.42,35816241,624175360.00
2017/12/22,17.35,17.40,17.13,17.34,28186173,491887296.00
2017/12/25,17.24,17.29,16.22,16.63,64646684,1085316224.00
2017/12/26,16.48,16.63,16.33,16.58,23724807,395944448.00
2017/12/27,16.73,17.05,16.55,16.59,30733690,521391136.00
2017/12/28,16.60,16.88,16.59,16.61,26138919,442045632.00
2017/12/29,16.74,17.16,16.63,17.15,32878354,566070656.00
2018/01/02,17.23,17.34,16.93,17.12,28846694,499169216.00
2018/01/03,17.22,17.75,17.04,17.50,46329730,820535232.00
2018/01/04,17.50,17.59,17.18,17.38,37676866,660044160.00
2018/01/05,17.35,17.36,17.04,17.10,28103550,487734240.00
2018/01/08,17.24,17.24,16.51,16.63,45528406,767596160.00
2018/01/09,16.61,16.79,16.53,16.74,26263009,442833216.00
2018/01/10,16.74,16.88,16.39,16.50,27316823,458949408.00
2018/01/11,16.50,16.83,16.40,16.82,31339042,527257664.00
2018/01/12,16.80,16.81,16.46,16.48,24695692,414303904.00
2018/01/15,16.46,16.55,15.92,16.14,28832617,471265952.00
2018/01/16,16.10,16.10,15.42,15.58,46991501,749474240.00
2018/01/17,15.58,16.19,15.23,15.99,44004930,700706944.00
2018/01/18,15.88,16.08,15.70,15.80,29851780,479975008.00
2018/01/19,15.86,16.03,15.70,16.01,29814638,479105472.00
2018/01/22,15.95,16.25,15.64,16.01,35370099,571910976.00
2018/01/23,16.01,16.09,15.65,15.67,33931312,541702848.00
2018/01/24,15.65,15.94,15.33,15.87,36813761,586196736.00
2018/01/25,15.91,16.18,15.75,15.96,32251253,522796512.00
2018/01/26,15.95,15.96,15.53,15.56,46469164,737756224.00
2018/01/29,15.54,15.55,14.69,14.70,73152535,1106003968.00
2018/01/30,14.60,14.82,14.45,14.56,31626258,468317792.00
2018/01/31,14.45,14.48,13.58,13.80,65686864,925919360.00
2018/02/01,13.63,13.99,13.60,13.81,32266815,452654016.00
2018/02/02,13.82,14.30,13.78,14.30,43909092,628014656.00
2018/02/05,14.02,14.14,13.60,13.64,49015641,685234176.00
2018/02/06,13.13,13.39,12.84,13.11,46970519,623157312.00
2018/02/07,13.40,13.44,12.78,12.88,41942168,557613184.00
2018/02/08,12.68,13.27,12.65,13.20,31959252,425893216.00
2018/02/09,12.79,13.09,12.61,12.82,40094383,523285728.00
2018/02/12,12.98,13.25,12.90,13.20,33416920,443662912.00
2018/02/13,13.37,13.48,13.12,13.22,28350118,383746912.00
2018/02/14,13.21,13.27,12.90,12.95,21241368,281385856.00
2018/02/22,13.18,13.67,13.10,13.67,34658815,471345984.00
2018/02/23,13.66,13.76,13.38,13.50,28143968,386582304.00
2018/02/26,13.66,14.87,13.57,14.73,89613379,1313043456.00
2018/02/27,14.85,15.46,14.73,15.05,95081290,1450023808.00
2018/02/28,14.87,15.50,14.81,15.36,63526979,984885696.00
2018/03/01,15.20,15.65,15.13,15.44,62511346,972088000.00
2018/03/02,15.28,15.44,14.89,14.95,48497036,742123584.00
2018/03/05,15.07,15.15,14.86,15.08,34520761,525491744.00
2018/03/06,15.20,15.46,14.98,15.28,54409434,841394240.00
2018/03/07,15.30,15.30,14.90,14.94,28367248,432466336.00
2018/03/08,14.91,14.92,14.48,14.69,52271742,775950144.00
2018/03/09,14.69,15.46,14.62,15.41,73680051,1125945600.00
2018/03/12,15.50,15.87,15.30,15.85,89175480,1411070976.00
2018/03/13,15.75,15.80,15.50,15.52,50009565,792749120.00
2018/03/14,15.34,15.52,15.05,15.10,42182542,651994368.00
2018/03/15,14.97,15.27,14.85,15.21,33282379,506900352.00
2018/03/16,15.20,15.34,14.88,14.88,28768734,439616672.00
2018/03/19,14.83,15.13,14.68,14.86,30892211,466931264.00
2018/03/20,14.63,14.77,14.35,14.74,39019818,576460032.00
2018/03/21,14.69,15.12,14.48,14.48,37680581,566629120.00
2018/03/22,14.45,14.68,14.22,14.34,33579602,491594272.00
2018/03/23,13.55,13.79,12.89,13.20,79878189,1075338368.00
2018/03/26,12.85,13.35,12.57,13.29,48838795,640705344.00
2018/03/27,13.56,13.89,13.42,13.80,49165535,679985600.00
2018/03/28,13.58,13.70,13.20,13.20,36624325,498872960.00
2018/03/29,13.38,13.56,13.17,13.46,29888279,405175936.00
2018/03/30,12.93,13.36,12.77,13.22,59951964,795350656.00
2018/04/02,13.33,14.23,13.30,13.91,78076250,1097414912.00
2018/04/03,13.65,14.05,13.64,13.87,50221748,704080576.00
2018/04/04,13.90,14.01,13.50,13.51,37685270,523567360.00
2018/04/09,13.31,13.54,13.16,13.26,32884701,443886752.00
2018/04/10,13.20,13.54,13.15,13.54,29261536,395972000.00
2018/04/11,13.53,13.85,13.50,13.56,34202523,474549024.00
2018/04/12,13.63,13.85,13.60,13.67,32272828,449196000.00
2018/04/13,13.80,13.85,13.51,13.54,23275291,321894400.00
2018/04/16,13.46,13.70,13.35,13.59,28126981,387222720.00
2018/04/17,13.63,13.67,12.85,12.87,42339299,564502080.00
2018/04/18,12.98,13.06,12.18,12.77,41455390,530820096.00
2018/04/19,12.65,12.80,12.45,12.63,27068923,347398720.00
2018/04/20,12.42,12.56,11.84,11.95,47522822,588861888.00
2018/04/23,11.69,11.69,10.81,10.96,64294290,725074048.00
2018/04/24,10.94,11.20,10.91,11.13,29165420,329142304.00
2018/04/25,11.05,11.28,11.00,11.19,20682543,235448384.00
2018/04/26,11.20,11.25,10.81,10.86,30196140,336090144.00
2018/04/27,10.93,11.18,10.83,11.11,23731939,265974432.00
2018/05/02,11.22,11.34,10.84,10.94,25632061,288640576.00
2018/05/03,10.95,11.41,10.83,11.40,39381527,446719168.00
2018/05/04,11.37,11.37,11.09,11.12,28381283,323049568.00
2018/05/07,11.23,11.54,11.16,11.40,30977773,357370048.00
2018/05/08,11.43,11.74,11.31,11.62,35492881,416292608.00
2018/05/09,11.60,11.75,11.47,11.66,23073556,273083488.00
2018/05/10,11.70,11.72,11.37,11.49,28685392,336306144.00
2018/05/11,11.55,11.60,11.37,11.38,16632278,193556208.00
2018/05/14,11.52,11.75,11.50,11.55,28303101,334561728.00
2018/05/15,11.70,11.75,11.49,11.58,21170772,249801776.00
2018/05/16,11.54,11.54,11.37,11.40,18204447,211780608.00
2018/05/17,11.42,11.46,11.19,11.24,18489737,212379136.00
2018/05/18,11.24,11.37,11.15,11.34,13993457,160913232.00
2018/05/21,11.59,12.49,11.59,12.38,75237723,938516608.00
2018/05/22,12.33,12.38,12.16,12.34,46797879,578724416.00
2018/05/23,12.30,12.30,12.01,12.01,33121543,406485728.00
2018/05/24,12.05,12.34,12.04,12.05,37337254,458799968.00
2018/05/25,12.02,12.03,11.48,11.50,40931625,482747008.00
2018/05/28,11.50,11.75,11.50,11.60,20733172,243422944.00
2018/05/29,11.65,11.85,11.61,11.67,19576849,231417264.00
2018/05/30,11.15,11.28,10.98,10.99,34590175,389003488.00
2018/05/31,10.98,11.27,10.98,11.19,20811974,234128880.00
2018/06/01,11.19,11.32,11.08,11.20,16104597,181939120.00
2018/06/04,11.36,11.42,11.10,11.16,17274896,195891728.00
2018/06/05,11.10,11.96,11.10,11.86,52970944,622814400.00
2018/06/06,11.75,11.85,11.67,11.78,28913838,342792736.00
2018/06/07,11.85,12.03,11.71,11.85,27913209,334136928.00
2018/06/08,11.85,12.18,11.64,12.10,44148832,530069504.00
2018/06/11,11.98,12.00,11.75,11.82,26980688,323067264.00
2018/06/12,11.85,11.93,11.45,11.71,25223000,296999552.00
2018/06/13,11.71,11.71,11.20,11.22,29492628,339362880.00
2018/06/14,11.15,11.42,11.11,11.25,19820576,225742128.00
2018/06/15,11.21,11.35,10.95,11.02,22949449,256807264.00
2018/06/19,10.35,10.64,9.91,9.97,51907537,535280896.00
2018/06/20,9.90,10.10,9.30,9.91,46788391,460571200.00
2018/06/21,9.91,9.96,9.54,9.63,27400373,269731168.00
2018/06/22,9.59,9.94,9.41,9.85,25447546,251642624.00
2018/06/25,10.01,10.08,9.73,9.75,18201017,182494544.00
2018/06/26,9.64,10.08,9.54,9.95,15964357,159043856.00
2018/06/27,9.87,10.09,9.68,9.77,15708795,156157024.00
2018/06/28,9.72,10.01,9.66,9.75,15559663,154503088.00
2018/06/29,9.83,10.19,9.61,10.09,26201810,263507472.00
2018/07/02,10.00,10.07,9.75,9.76,18479481,184605408.00
2018/07/03,9.83,9.94,9.58,9.91,23224319,230373728.00
2018/07/04,9.85,9.88,9.55,9.62,22906393,223669440.00
2018/07/05,9.60,9.64,9.04,9.20,24223748,228321344.00
2018/07/06,9.23,9.51,9.10,9.34,19949709,188065312.00
2018/07/09,9.40,9.65,9.38,9.62,15087264,146012928.00
2018/07/10,9.63,9.72,9.58,9.66,12257004,119369480.00
2018/07/11,9.35,9.47,9.20,9.38,16643439,156981344.00
2018/07/12,9.39,10.08,9.35,9.97,40125011,399932256.00
2018/07/13,9.91,9.94,9.75,9.82,19389223,192754112.00
2018/07/16,9.85,9.94,9.74,9.85,11791000,117135128.00
2018/07/17,9.90,9.93,9.73,9.90,11231964,111304264.00
2018/07/18,9.95,10.05,9.76,9.77,20232876,202875264.00
2018/07/19,9.75,9.82,9.51,9.57,14930028,145322880.00
2018/07/20,9.50,9.72,9.50,9.64,11110029,108207440.00
2018/07/23,9.61,9.88,9.58,9.85,17148932,169385152.00
2018/07/24,9.85,10.17,9.76,10.07,26836759,271892800.00
2018/07/25,10.32,10.41,9.99,10.25,33780513,348233152.00
2018/07/26,10.20,10.20,9.88,9.90,29811014,299713120.00
2018/07/27,9.84,9.88,9.73,9.77,12980232,128409568.00
2018/07/30,9.77,9.83,9.53,9.58,16007366,155733584.00
2018/07/31,9.51,9.63,9.46,9.52,10370436,100049760.00
2018/08/01,9.60,9.67,9.29,9.32,16361703,156492896.00
2018/08/02,9.27,9.29,8.70,8.86,28167335,255077792.00
2018/08/03,8.93,8.93,8.62,8.63,14397787,127269936.00
2018/08/06,8.60,8.73,8.24,8.29,17877969,152725376.00
2018/08/07,8.36,8.57,8.28,8.54,14779815,125914624.00
2018/08/08,8.55,8.55,8.28,8.30,11832500,100551728.00
2018/08/09,8.30,8.67,8.26,8.58,17243743,148851040.00
2018/08/10,8.57,8.64,8.51,8.62,11361143,98689504.00
2018/08/13,8.48,8.75,8.44,8.70,12782071,110840864.00
2018/08/14,8.69,8.74,8.49,8.52,16170100,140115200.00
2018/08/15,8.52,8.55,8.20,8.21,19916022,167955744.00
2018/08/16,8.11,8.21,7.96,8.02,16821345,137864560.00
2018/08/17,8.12,8.28,7.99,8.00,15229851,125585880.00
2018/08/20,8.00,8.21,7.92,8.08,17236610,140151904.00
2018/08/21,8.05,8.16,7.97,8.05,20433689,166868704.00
2018/08/22,8.29,8.56,8.17,8.19,37517665,316863264.00
2018/08/23,8.13,8.60,8.09,8.48,41809600,353138880.00
2018/08/24,8.41,8.65,8.33,8.46,24505805,210650912.00
2018/08/27,8.55,8.94,8.50,8.81,33582239,298111968.00
2018/08/28,8.82,9.07,8.74,8.93,28622260,258267584.00
2018/08/29,8.90,9.00,8.76,8.93,24491220,220389696.00
2018/08/30,8.89,8.97,8.77,8.85,18065592,161686096.00
2018/08/31,8.78,8.94,8.75,8.78,12841904,114513256.00
2018/09/03,8.79,8.85,8.67,8.83,16173823,143323008.00
2018/09/04,8.83,8.90,8.68,8.79,21565640,192049488.00
2018/09/05,8.78,8.94,8.71,8.71,18564174,165997424.00
2018/09/06,8.68,8.81,8.57,8.60,16837239,147566640.00
2018/09/07,8.61,8.77,8.33,8.48,27608518,238003616.00
2018/09/10,8.40,8.47,8.09,8.11,27762218,230885184.00
2018/09/11,8.09,8.50,8.03,8.38,30412282,254547968.00
2018/09/12,8.36,8.53,8.23,8.39,17918931,151897824.00
2018/09/13,8.57,8.64,8.34,8.41,19483522,167195232.00
2018/09/14,8.46,8.53,8.32,8.39,17082601,145162240.00
2018/09/17,8.32,8.32,8.10,8.11,15273213,126250512.00
2018/09/18,8.08,8.28,8.03,8.24,17340232,143095728.00
2018/09/19,8.25,8.39,8.14,8.27,18005555,150598016.00
2018/09/20,8.28,8.41,8.19,8.22,13130165,110016624.00
2018/09/21,8.25,8.43,8.14,8.43,18692893,157374720.00
2018/09/25,8.34,8.46,8.29,8.37,11899040,100713928.00
2018/09/26,8.37,8.52,8.27,8.45,23030305,195840992.00
2018/09/27,8.41,8.50,8.13,8.16,20965400,176211696.00
2018/09/28,8.18,8.27,8.09,8.20,11841111,98158128.00
2018/10/08,8.05,8.07,7.85,7.85,19271882,155144848.00
2018/10/09,7.85,7.92,7.63,7.70,18118058,141726080.00
2018/10/10,7.71,7.99,7.69,7.82,16712307,132455568.00
2018/10/11,7.42,7.70,7.22,7.25,42436468,320933824.00
2018/10/12,7.20,7.35,6.94,7.23,19357901,141191792.00
2018/10/15,7.24,7.33,6.92,6.93,18003341,129191992.00
2018/10/16,6.92,6.99,6.58,6.62,17175306,118166832.00
2018/10/17,6.75,6.81,6.52,6.73,14939537,101640376.00
2018/10/18,6.70,7.01,6.63,6.79,21527608,149620448.00
2018/10/19,6.70,7.02,6.65,6.96,22145304,154926176.00
2018/10/22,7.03,7.44,6.99,7.33,26518695,194291872.00
2018/10/23,7.35,7.35,7.08,7.11,16932402,123635536.00
2018/10/24,7.10,7.21,6.97,7.00,14820565,106340272.00
2018/10/25,6.72,6.97,6.63,6.96,13573578,93916520.00
2018/10/26,7.00,7.08,6.92,7.01,17347915,123219848.00
2018/10/29,7.05,7.26,6.99,7.06,24370340,176175328.00
2018/10/30,7.05,7.23,6.94,7.09,17412565,125365792.00
2018/10/31,7.10,7.25,7.07,7.17,18075668,131371192.00
2018/11/01,7.24,7.40,7.21,7.24,27874445,206420896.00
2018/11/02,7.49,7.69,7.41,7.66,43519782,333943008.00
2018/11/05,7.53,7.64,7.44,7.51,28247813,215586688.00
2018/11/06,7.51,7.51,7.33,7.48,17403562,130505704.00
2018/11/07,7.49,7.54,7.34,7.35,19740249,148861424.00
2018/11/08,7.46,7.48,7.25,7.27,15532041,115603504.00
2018/11/09,7.23,7.33,7.18,7.23,11333182,83319920.00
2018/11/12,7.24,7.45,7.21,7.44,19695214,147252288.00
2018/11/13,7.30,7.56,7.25,7.50,32713237,246588992.00
2018/11/14,7.49,7.78,7.45,7.58,37206021,288212960.00
2018/11/15,7.61,7.68,7.49,7.66,25991696,199836304.00
2018/11/16,7.65,7.92,7.53,7.75,43042069,336861280.00
2018/11/19,7.74,7.75,7.61,7.69,22809710,177474272.00
2018/11/20,7.55,7.63,7.36,7.36,25521509,193499888.00
2018/11/21,7.22,7.33,7.16,7.27,23444004,171923184.00
2018/11/22,7.34,7.34,7.21,7.25,15108540,111352560.00
2018/11/23,7.28,7.33,6.91,6.96,26305704,188686112.00
2018/11/26,6.97,7.19,6.90,7.01,18164059,129253176.00
2018/11/27,7.05,7.11,7.01,7.10,11941188,85540224.00
2018/11/28,7.08,7.15,6.97,7.13,14123529,101542504.00
2018/11/29,7.18,7.21,6.95,6.96,16972764,122306016.00
2018/11/30,6.95,7.10,6.91,7.09,13403241,95167048.00
2018/12/03,7.40,7.51,7.26,7.44,37583770,282235648.00
2018/12/04,7.43,7.59,7.38,7.50,21061174,159866336.00
2018/12/05,7.32,7.47,7.28,7.40,14358617,107469256.00
2018/12/06,7.30,7.35,7.15,7.18,18842720,138610656.00
2018/12/07,7.18,7.29,7.18,7.21,9327422,68301016.00
2018/12/10,7.15,7.20,7.07,7.11,11773946,85127288.00
2018/12/11,7.13,7.20,7.08,7.13,10245887,74011672.00
2018/12/12,7.18,7.19,7.05,7.12,9408499,67824216.00
2018/12/13,7.15,7.27,7.05,7.19,14576675,106146456.00
2018/12/14,7.17,7.17,6.95,6.97,14466544,103407008.00
2018/12/17,6.93,6.99,6.80,6.93,11149163,78147304.00
2018/12/18,6.87,6.98,6.77,6.88,9130156,63617964.00
2018/12/19,6.88,6.91,6.81,6.85,6950406,48391324.00
2018/12/20,6.85,6.96,6.80,6.92,8036369,56186172.00
2018/12/21,6.89,6.94,6.79,6.86,10676700,74296936.00
2018/12/24,6.81,6.96,6.80,6.90,9660899,67478408.00
2018/12/25,6.83,7.02,6.65,6.99,20196470,139932912.00
2018/12/26,7.00,7.08,6.90,6.93,11951976,84724688.00
2018/12/27,7.09,7.09,6.71,6.75,14443581,101350152.00
2018/12/28,6.77,6.86,6.73,6.78,10450712,72026104.00
2019/01/02,6.79,6.86,6.75,6.78,8011578,55200196.00
2019/01/03,6.78,6.89,6.66,6.67,13843698,95171968.00
2019/01/04,6.58,6.80,6.56,6.79,19225273,130904352.00
2019/01/07,6.85,6.93,6.79,6.92,16168844,112961328.00
2019/01/08,6.93,7.03,6.86,6.97,13703108,96449808.00
2019/01/09,6.97,7.07,6.92,6.94,20453553,145607600.00
2019/01/10,6.96,7.01,6.90,6.91,12664317,89382040.00
2019/01/11,6.90,7.03,6.90,6.98,11795699,83373792.00
2019/01/14,6.98,7.03,6.93,7.00,12035867,85157376.00
2019/01/15,7.02,7.07,6.95,7.06,17233212,122637408.00
2019/01/16,7.06,7.16,6.94,6.99,17979225,128510136.00
2019/01/17,6.97,6.99,6.83,6.86,13102279,91845104.00
2019/01/18,6.88,7.00,6.82,6.97,15174185,106330384.00
2019/01/21,6.89,6.97,6.71,6.87,27109912,188143264.00
2019/01/22,6.85,7.02,6.78,6.81,19353398,135263744.00
2019/01/23,6.81,6.82,6.71,6.73,12895087,88328048.00
2019/01/24,6.74,6.88,6.70,6.83,12971083,89713312.00
2019/01/25,6.85,6.98,6.77,6.85,24721905,172474400.00
2019/01/28,6.88,6.94,6.63,6.71,28545916,195887376.00
2019/01/29,6.65,6.69,6.46,6.55,24526204,163450928.00
2019/01/30,6.51,6.62,6.49,6.50,10427980,69434208.00
2019/01/31,6.54,6.61,6.48,6.53,12594411,83716936.00
2019/02/01,6.54,6.72,6.54,6.72,15882795,107324064.00
2019/02/11,6.73,7.36,6.73,7.21,47567024,339833376.00
2019/02/12,7.20,7.34,7.12,7.30,46124052,339153952.00
2019/02/13,7.29,7.95,7.26,7.66,73912142,571053056.00
2019/02/14,7.65,7.80,7.52,7.64,47484115,368720224.00
2019/02/15,7.67,7.87,7.65,7.71,42764981,335538208.00
2019/02/18,7.88,8.35,7.75,8.30,69779833,568089664.00
2019/02/19,8.25,8.34,8.02,8.19,62546067,517519904.00
2019/02/20,8.21,8.34,8.06,8.19,40517878,335162208.00
2019/02/21,8.19,8.49,8.11,8.21,62533167,525662816.00
2019/02/22,8.22,8.57,8.16,8.53,63015196,532819072.00
2019/02/25,8.80,9.27,8.60,9.27,100342770,913155008.00
2019/02/26,9.29,9.29,8.84,8.88,79153121,721012736.00
2019/02/27,8.85,8.95,8.58,8.68,53802991,475877504.00
2019/02/28,8.63,8.87,8.57,8.78,36625558,323176864.00
2019/03/01,8.85,8.85,8.61,8.75,23869950,210343888.00
2019/03/04,8.88,9.15,8.86,8.95,61474523,558526336.00
2019/03/05,8.92,9.19,8.83,9.17,49971872,455416864.00
2019/03/06,9.30,9.39,8.93,9.11,49583641,456002848.00
2019/03/07,9.05,9.08,8.88,9.00,46164670,419403456.00
2019/03/08,8.80,9.91,8.68,9.91,150745343,1458422656.00
2019/03/11,10.22,10.91,10.14,10.91,145433830,1564004224.00
2019/03/12,11.10,11.10,10.45,10.71,141772448,1532191744.00
2019/03/13,10.55,10.55,9.78,9.91,117226821,1205175808.00
2019/03/14,9.84,10.01,9.41,9.60,65345752,636372544.00
2019/03/15,9.68,10.00,9.57,9.68,71949132,711011840.00
2019/03/18,9.70,9.75,9.35,9.71,63162872,608244288.00
2019/03/19,9.71,9.98,9.57,9.85,59315891,586777600.00
2019/03/20,9.82,9.82,9.36,9.59,65707054,634539008.00
2019/03/21,9.51,9.96,9.46,9.77,68572930,676798528.00
2019/03/22,9.87,10.05,9.57,10.05,62703897,622597568.00
2019/03/25,9.80,10.03,9.67,9.72,55123376,548499008.00
2019/03/26,9.78,9.95,9.44,9.54,67590569,660586624.00
2019/03/27,9.62,10.46,9.46,10.06,95315479,958486080.00
2019/03/28,9.70,10.33,9.63,9.92,81593343,830629568.00
2019/03/29,10.00,10.40,9.70,10.40,83920331,858553664.00
2019/04/01,10.41,10.99,10.30,10.70,98380210,1057012416.00
2019/04/02,10.70,10.95,10.55,10.69,77601991,841988672.00
2019/04/03,10.70,10.73,10.44,10.60,58860181,627516992.00
2019/04/04,10.69,10.73,10.31,10.37,60691520,640822080.00
2019/04/08,10.40,10.47,9.95,9.99,58512122,599112448.00
2019/04/09,9.93,10.24,9.82,10.13,43207934,440141280.00
2019/04/10,10.02,10.13,9.91,10.01,29961536,302755584.00
2019/04/11,9.95,10.11,9.70,9.72,44664138,445610560.00
2019/04/12,9.72,9.92,9.65,9.77,25277306,249632928.00
2019/04/15,9.91,10.10,9.64,9.71,31737912,317855520.00
2019/04/16,9.70,9.98,9.50,9.96,37860435,373644448.00
2019/04/17,10.02,10.42,9.96,10.16,60848876,628862976.00
2019/04/18,10.07,10.24,9.98,10.06,24580810,249847184.00
2019/04/19,10.00,10.25,9.86,10.17,30557700,311524128.00
2019/04/22,10.22,10.30,9.91,9.97,27444403,277843616.00
2019/04/23,9.90,10.34,9.86,10.13,54516061,560416448.00
2019/04/24,10.20,11.06,10.15,10.94,130638305,1416673920.00
2019/04/25,11.19,11.39,10.56,10.59,122328842,1359262464.00
2019/04/26,10.60,11.12,10.60,10.85,93390713,1027078208.00
2019/04/29,10.90,11.05,10.11,10.27,69284352,733602624.00
2019/04/30,10.29,10.85,10.20,10.56,51105603,548587648.00
2019/05/06,9.89,9.89,9.49,9.49,60368467,583072000.00
2019/05/07,9.39,9.75,9.07,9.21,68663622,650017984.00
2019/05/08,8.80,9.21,8.69,8.79,47310432,427244928.00
2019/05/09,8.78,8.87,8.35,8.37,52183676,453295040.00
2019/05/10,8.57,8.99,8.22,8.93,67016540,591297152.00
2019/05/13,8.70,8.81,8.45,8.52,42914192,372592640.00
2019/05/14,8.40,8.65,8.34,8.36,39855575,341628224.00
2019/05/15,8.45,8.64,8.45,8.62,30615373,264615824.00
2019/05/16,8.64,8.71,8.39,8.54,40965380,353425536.00
2019/05/17,8.50,8.66,7.83,8.09,68235091,565221824.00
2019/05/20,8.15,8.19,7.65,7.97,48998886,390670080.00
2019/05/21,7.92,8.35,7.92,8.25,41958219,347304544.00
2019/05/22,8.29,8.34,7.98,8.10,33308091,275536640.00
2019/05/23,8.04,8.07,7.73,7.80,34889696,278925952.00
2019/05/24,7.80,7.95,7.63,7.90,53342501,420563840.00
2019/05/27,8.03,8.15,7.82,8.08,54577111,442627136.00
2019/05/28,8.07,8.10,7.92,8.03,41394439,335974272.00
2019/05/29,7.97,8.07,7.91,7.98,28292087,229255136.00
2019/05/30,7.94,7.95,7.81,7.90,22296608,177921312.00
2019/05/31,7.91,7.99,7.78,7.81,23421853,186736688.00
2019/06/03,7.77,7.86,7.68,7.78,26324198,206943312.00
2019/06/04,7.77,7.93,7.69,7.81,21781647,172216016.00
2019/06/05,7.91,7.96,7.74,7.92,29424406,234650144.00
2019/06/06,7.92,7.92,7.66,7.74,21108427,165996448.00
2019/06/10,7.77,7.94,7.72,7.86,21790376,173306464.00
2019/06/11,7.89,8.23,7.81,8.21,39184685,320808480.00
2019/06/12,8.20,8.35,8.13,8.18,28476344,236983968.00
2019/06/13,8.21,8.27,8.06,8.15,25615502,208329568.00
2019/06/14,8.16,8.17,7.91,7.99,22669041,181873936.00
2019/06/17,7.96,8.02,7.76,7.82,26507927,208530976.00
2019/06/18,7.80,7.84,7.60,7.65,32232918,246701216.00
2019/06/19,8.06,8.26,8.06,8.09,68795437,560501248.00
2019/06/20,8.12,8.32,8.04,8.29,42086950,345800384.00
2019/06/21,8.35,8.44,8.26,8.29,35488185,296354336.00
2019/06/24,8.32,8.35,8.10,8.14,25020711,204309296.00
2019/06/25,8.17,8.18,7.87,7.98,27034909,215984096.00
2019/06/26,7.93,8.34,7.89,8.19,37011529,301202816.00
2019/06/27,8.31,8.84,8.23,8.65,72784980,621990912.00
2019/06/28,8.60,8.93,8.49,8.89,53977544,469952864.00
2019/07/01,9.55,9.68,9.29,9.51,93937821,889989312.00
2019/07/02,9.46,9.86,9.36,9.41,58221462,558255936.00
2019/07/03,9.45,9.65,9.31,9.53,42023466,398913696.00
2019/07/04,9.46,9.74,9.45,9.52,42372482,406616480.00
2019/07/05,9.57,9.66,9.45,9.51,27472259,262808432.00
2019/07/08,9.55,9.69,9.15,9.56,54487475,515039200.00
2019/07/09,9.56,9.60,9.17,9.25,43402942,403410080.00
2019/07/10,9.33,9.52,9.18,9.49,43452399,407849408.00
2019/07/11,9.55,9.61,9.26,9.34,35906639,337669984.00
2019/07/12,9.27,9.42,9.26,9.36,18926886,177168672.00
2019/07/15,9.38,10.18,9.08,10.01,69820821,683334912.00
2019/07/16,9.97,10.40,9.91,10.38,75529611,773644288.00
2019/07/17,10.37,10.45,10.18,10.22,46379811,477340000.00
2019/07/18,10.18,10.29,9.85,9.93,45925276,460743072.00
2019/07/19,10.07,10.16,9.86,9.93,24900687,249298736.00
2019/07/22,9.98,10.44,9.71,10.15,47958780,489991328.00
2019/07/23,10.19,11.07,10.01,10.92,77296330,824248512.00
2019/07/24,11.00,11.18,10.77,10.90,73871689,811145920.00
2019/07/25,10.91,11.96,10.90,11.84,112019288,1300626944.00
2019/07/26,11.74,11.85,11.58,11.82,66266379,775794048.00
2019/07/29,11.64,12.12,11.58,11.80,67386961,798779776.00
2019/07/30,11.75,11.94,11.55,11.66,55347525,647143488.00
2019/07/31,11.64,11.84,11.40,11.67,49844636,580474240.00
2019/08/01,11.58,11.82,11.51,11.74,55643059,649900544.00
2019/08/02,11.08,11.23,10.71,11.01,112665884,1238973440.00
2019/08/05,10.99,11.35,10.87,10.90,63711517,704848384.00
2019/08/06,10.51,10.77,10.20,10.60,74791289,783949504.00
2019/08/07,10.72,10.75,10.33,10.36,41752142,440424800.00
2019/08/08,10.48,10.89,10.26,10.70,68374509,724505984.00
2019/08/09,10.79,11.22,10.54,10.56,72964635,792878912.00
2019/08/12,10.72,11.62,10.62,11.62,86896351,973974912.00
2019/08/13,11.69,11.87,11.40,11.78,87266265,1015335552.00
2019/08/14,12.20,12.55,11.71,11.73,112942151,1371561600.00
2019/08/15,11.48,12.55,11.41,12.34,96785136,1158300800.00
2019/08/16,12.28,12.92,12.15,12.41,97604050,1218677632.00
2019/08/19,12.64,13.55,12.52,13.25,105864067,1384905472.00
2019/08/20,13.25,13.45,12.93,13.17,62166879,817116672.00
2019/08/21,13.25,14.28,13.12,14.12,131602962,1817442944.00
2019/08/22,14.05,14.13,13.52,13.89,116919503,1616378368.00
2019/08/23,13.81,14.35,13.58,14.11,97298945,1357402752.00
2019/08/26,13.57,13.91,13.24,13.65,109721863,1488192000.00
2019/08/27,13.72,14.13,13.51,13.86,93432626,1295342336.00
2019/08/28,13.70,14.45,13.51,14.00,83703453,1165808000.00
2019/08/29,13.96,14.24,13.76,13.95,61687866,860159168.00
2019/08/30,13.96,14.21,12.97,13.16,132922411,1797471360.00
2019/09/02,13.15,13.88,13.13,13.58,100067229,1351023360.00
2019/09/03,13.67,14.94,13.60,14.94,155302159,2239888640.00
2019/09/04,15.01,15.30,14.61,15.05,125853158,1877453184.00
2019/09/05,15.07,15.64,14.75,14.87,130508339,1973696512.00
2019/09/06,14.96,15.19,14.32,14.69,95671446,1408016512.00
2019/09/09,14.77,15.27,14.58,15.10,97041501,1451393664.00
2019/09/10,15.06,15.20,14.47,14.81,75407031,1116255488.00
2019/09/11,14.60,14.68,14.08,14.37,94286915,1356028544.00
2019/09/12,14.44,14.65,14.15,14.52,63746749,917518208.00
2019/09/16,14.58,15.33,14.49,15.06,101127148,1517594496.00
2019/09/17,15.09,15.24,14.60,15.13,79942844,1197138688.00
2019/09/18,15.06,15.99,14.80,15.72,106833101,1651905792.00
2019/09/19,15.88,16.14,15.50,15.86,97718366,1544774272.00
2019/09/20,16.20,17.17,16.06,16.79,129883403,2161610240.00
2019/09/23,16.75,17.44,16.60,17.28,100023986,1709907712.00
2019/09/24,17.20,18.33,17.12,18.05,117450886,2097805312.00
2019/09/25,17.78,17.99,16.91,17.18,112701740,1949436928.00
2019/09/26,17.20,17.41,16.00,16.52,123249566,2062396032.00
2019/09/27,17.11,18.17,16.92,18.17,114481949,2016439040.00
2019/09/30,18.40,18.64,17.20,17.58,112729690,2012280832.00
2019/10/08,17.59,18.10,16.42,16.88,113339787,1922115200.00
2019/10/09,16.66,17.07,15.99,17.01,100760091,1661618048.00
2019/10/10,16.68,18.15,16.44,18.07,131168004,2299175424.00
2019/10/11,18.00,19.01,17.85,18.40,126690734,2338719232.00
2019/10/14,18.75,19.28,18.24,18.70,115982037,2170690048.00
2019/10/15,18.14,18.29,17.65,18.04,92148469,1657524096.00
2019/10/16,17.94,18.50,17.40,18.21,79279032,1429143296.00
2019/10/17,18.00,19.15,17.88,19.10,106009127,1990360704.00
2019/10/18,18.96,19.08,18.05,18.08,94659864,1752844928.00
2019/10/21,17.97,18.44,17.48,18.27,65552183,1176538112.00
2019/10/22,17.81,18.62,17.50,18.08,100441804,1812677760.00
2019/10/23,17.80,17.81,16.92,17.10,108197980,1881953280.00
2019/10/24,17.14,17.87,17.14,17.52,100693637,1774713344.00
2019/10/25,17.33,17.86,17.14,17.84,71539374,1257093760.00
2019/10/28,17.70,18.43,17.36,18.23,81180298,1461310336.00
2019/10/29,18.23,18.85,17.90,17.96,77260239,1419545344.00
2019/10/30,17.62,19.25,17.55,19.03,122792501,2283297792.00
2019/10/31,18.97,19.32,18.40,18.58,88214003,1661837824.00
2019/11/01,18.45,18.77,18.00,18.63,62570334,1150553984.00
数据来源:通达信
