002463 沪电股份 日线 前复权
      日期	    开盘	    最高	    最低	    收盘	    成交量	    成交额
2013/09/02,2.87,2.90,2.85,2.88,3731322,14141254.00
2013/09/03,2.89,3.08,2.88,3.06,18113257,71839016.00
2013/09/04,3.04,3.06,3.01,3.04,7366550,29333704.00
2013/09/05,3.05,3.17,3.02,3.11,20948383,85032024.00
2013/09/06,3.12,3.12,2.99,3.08,14093649,56700692.00
2013/09/09,3.05,3.10,3.03,3.08,9125893,36752532.00
2013/09/10,3.09,3.10,3.01,3.06,10038799,40200908.00
2013/09/11,3.07,3.07,3.02,3.03,8196147,32705572.00
2013/09/12,3.03,3.13,3.03,3.09,19153645,77449712.00
2013/09/13,3.08,3.09,3.02,3.06,8149592,32600246.00
2013/09/16,3.05,3.08,3.03,3.06,5292443,21197950.00
2013/09/17,3.05,3.07,2.88,2.95,10190285,40133224.00
2013/09/18,2.93,3.01,2.92,2.98,3878328,15131196.00
2013/09/23,2.99,3.07,2.94,3.05,7751849,30598110.00
2013/09/24,3.05,3.19,3.03,3.11,25023077,101996264.00
2013/09/25,3.09,3.14,3.05,3.07,17825139,72560104.00
2013/09/26,3.07,3.36,3.06,3.19,51895602,217899712.00
2013/09/27,3.21,3.29,3.13,3.27,25733261,108293272.00
2013/09/30,3.28,3.31,3.19,3.25,14740976,62389956.00
2013/10/08,3.23,3.49,3.23,3.40,24248256,106431896.00
2013/10/09,3.37,3.47,3.31,3.40,21181472,93232744.00
2013/10/10,3.40,3.43,3.19,3.26,28566066,122306656.00
2013/10/11,3.28,3.35,3.26,3.33,16428903,70584560.00
2013/10/14,3.33,3.47,3.29,3.39,22545229,99493744.00
2013/10/15,3.35,3.37,3.22,3.27,21879223,93165568.00
2013/10/16,3.25,3.26,3.13,3.13,14080010,58471976.00
2013/10/17,3.13,3.29,3.13,3.21,13947875,58377856.00
2013/10/18,3.18,3.20,3.13,3.15,7440445,30822316.00
2013/10/21,3.16,3.26,3.14,3.23,9873119,41434456.00
2013/10/22,3.23,3.25,3.17,3.18,8941188,37324592.00
2013/10/23,3.17,3.20,3.03,3.03,18413686,74540320.00
2013/10/24,3.03,3.04,2.95,3.02,7295732,28724298.00
2013/10/25,3.02,3.03,2.89,2.93,9773481,37893212.00
2013/10/28,2.93,2.98,2.90,2.97,4398690,17015198.00
2013/10/29,2.97,2.99,2.78,2.83,9160021,34704220.00
2013/10/30,2.85,2.88,2.83,2.87,4804516,18122648.00
2013/10/31,2.85,2.88,2.83,2.84,3889855,14630906.00
2013/11/01,2.84,2.87,2.81,2.84,2877369,10755545.00
2013/11/04,2.84,2.92,2.84,2.88,3837422,14590426.00
2013/11/05,2.88,2.93,2.84,2.93,3104020,11846971.00
2013/11/06,2.93,2.95,2.85,2.87,4294085,16439949.00
2013/11/07,2.85,2.88,2.79,2.80,4053503,15145908.00
2013/11/08,2.80,2.80,2.70,2.73,6455705,23357696.00
2013/11/11,2.73,2.79,2.73,2.75,2197085,8014415.50
2013/11/12,2.76,2.79,2.76,2.78,2204136,8092462.50
2013/11/13,2.78,2.83,2.73,2.75,4128408,15190576.00
2013/11/14,2.75,2.81,2.75,2.80,2347192,8637758.00
2013/11/15,2.81,2.91,2.80,2.83,8139142,30631540.00
2013/11/18,2.83,2.93,2.83,2.90,5947430,22685320.00
2013/11/19,2.91,2.92,2.87,2.88,4891965,18593718.00
2013/11/20,2.88,2.92,2.88,2.92,3745634,14336505.00
2013/11/21,2.93,2.96,2.90,2.92,6476258,24950220.00
2013/11/22,2.93,2.94,2.87,2.88,4219778,16113054.00
2013/11/25,2.88,2.89,2.86,2.88,7836044,29691290.00
2013/11/26,2.88,2.98,2.87,2.96,9192315,35505480.00
2013/11/27,2.96,2.98,2.92,2.95,5156677,19992808.00
2013/11/28,2.96,3.00,2.95,2.98,5882998,23019200.00
2013/11/29,2.98,3.08,2.95,3.07,12772174,50731212.00
2013/12/02,3.02,3.09,2.88,3.03,23340902,92406336.00
2013/12/03,3.03,3.16,2.99,3.09,22025999,89095312.00
2013/12/04,3.15,3.15,3.08,3.13,15208364,61964996.00
2013/12/05,3.17,3.18,3.03,3.03,17045655,68665472.00
2013/12/06,3.03,3.05,2.95,2.98,10358593,40626908.00
2013/12/09,2.97,3.00,2.97,3.00,4222210,16560516.00
2013/12/10,3.00,3.02,2.95,2.98,6194254,24250660.00
2013/12/11,2.97,2.98,2.91,2.93,6709897,25914014.00
2013/12/12,2.92,2.97,2.91,2.93,4073484,15752029.00
2013/12/13,2.93,2.98,2.90,2.96,3419978,13267142.00
2013/12/16,2.96,2.97,2.88,2.88,6609006,25309920.00
2013/12/17,2.88,2.89,2.82,2.83,4497502,16871176.00
2013/12/18,2.83,2.88,2.81,2.87,8629503,32329628.00
2013/12/19,2.87,2.88,2.85,2.88,5744814,21734300.00
2013/12/20,2.88,2.89,2.80,2.83,4096070,15441700.00
2013/12/23,2.83,2.91,2.82,2.83,14570498,55201372.00
2013/12/24,2.84,2.84,2.70,2.74,15392507,56725040.00
2013/12/25,2.73,2.78,2.68,2.76,9130757,32893226.00
2013/12/26,2.76,2.76,2.68,2.68,4149727,14836973.00
2013/12/27,2.68,2.83,2.68,2.78,9434222,34543692.00
2013/12/30,2.78,2.87,2.74,2.80,18829251,70025376.00
2013/12/31,2.78,2.83,2.75,2.79,23980485,88394320.00
2014/01/02,2.75,2.81,2.69,2.71,35788537,128840616.00
2014/01/03,2.68,2.69,2.63,2.64,13517497,47677388.00
2014/01/06,2.63,2.63,2.54,2.55,8889368,30516130.00
2014/01/07,2.53,2.57,2.52,2.56,5487207,18669178.00
2014/01/08,2.57,2.61,2.53,2.57,7630433,26048126.00
2014/01/09,2.57,2.59,2.53,2.53,6233870,21324394.00
2014/01/10,2.53,2.54,2.43,2.46,6940848,22943272.00
2014/01/13,2.45,2.48,2.44,2.45,4095956,13477226.00
2014/01/14,2.46,2.52,2.45,2.51,5098730,16973222.00
2014/01/15,2.50,2.58,2.49,2.53,4670867,15813647.00
2014/01/16,2.54,2.58,2.53,2.53,4145710,14082044.00
2014/01/17,2.53,2.54,2.48,2.49,3592781,11957146.00
2014/01/20,2.48,2.50,2.45,2.45,3435752,11373048.00
2014/01/21,2.47,2.54,2.46,2.53,4452037,14944460.00
2014/01/22,2.54,2.60,2.53,2.58,6083434,20829700.00
2014/01/23,2.58,2.60,2.57,2.59,5721124,19675454.00
2014/01/24,2.59,2.63,2.58,2.61,5879259,20389312.00
2014/01/27,2.59,2.63,2.56,2.57,5551171,19104716.00
2014/01/28,2.57,2.60,2.56,2.58,4765686,16346742.00
2014/01/29,2.58,2.63,2.58,2.59,4695274,16267872.00
2014/01/30,2.61,2.62,2.58,2.58,4093392,14120610.00
2014/02/07,2.57,2.64,2.55,2.64,5491630,19032982.00
2014/02/10,2.65,2.71,2.64,2.70,8366024,29886428.00
2014/02/11,2.69,2.73,2.67,2.70,7908818,28250646.00
2014/02/12,2.70,2.76,2.68,2.73,12773993,46175772.00
2014/02/13,2.74,2.75,2.68,2.68,11077608,39828408.00
2014/02/14,2.68,2.73,2.67,2.73,9133941,32696934.00
2014/02/17,2.76,2.78,2.73,2.78,13029253,47435440.00
2014/02/18,2.78,2.80,2.74,2.78,11861618,43515600.00
2014/02/19,2.78,2.84,2.77,2.80,11340076,41966772.00
2014/02/20,2.82,2.83,2.73,2.73,10479144,38305416.00
2014/02/21,2.73,2.76,2.68,2.71,7791312,28061276.00
2014/02/24,2.70,2.75,2.66,2.73,7999609,28730314.00
2014/02/25,2.73,2.81,2.58,2.63,16807704,60646528.00
2014/02/26,2.61,2.70,2.58,2.70,10404206,36464848.00
2014/02/27,2.68,2.73,2.62,2.63,8532640,30325472.00
2014/02/28,2.63,2.68,2.60,2.68,6899938,24242288.00
2014/03/03,2.65,2.75,2.65,2.74,10300207,37117600.00
2014/03/04,2.74,2.77,2.71,2.76,8285750,30031304.00
2014/03/05,2.76,2.79,2.72,2.73,7196037,26210078.00
2014/03/06,2.73,2.73,2.66,2.69,7673322,27365984.00
2014/03/07,2.69,2.71,2.63,2.65,7251051,25702778.00
2014/03/10,2.62,2.63,2.49,2.51,8587872,29371388.00
2014/03/11,2.51,2.54,2.48,2.53,3806417,12802853.00
2014/03/12,2.55,2.55,2.48,2.54,4153249,13989014.00
2014/03/13,2.55,2.58,2.53,2.55,3584158,12181577.00
2014/03/14,2.53,2.57,2.52,2.54,3871632,13096257.00
2014/03/17,2.54,2.59,2.53,2.59,5083012,17367630.00
2014/03/18,2.59,2.61,2.57,2.59,4608976,15894003.00
2014/03/19,2.68,2.88,2.66,2.88,22740900,85236704.00
2014/03/20,2.93,3.06,2.83,2.83,64023674,248882928.00
2014/03/21,2.72,2.85,2.68,2.83,29520331,108030184.00
2014/03/24,2.81,2.91,2.78,2.86,19809732,74041176.00
2014/03/25,2.84,2.96,2.78,2.83,17407805,65868640.00
2014/03/26,2.83,2.88,2.78,2.78,14055767,52429720.00
2014/03/27,2.78,2.82,2.73,2.74,12661333,46191920.00
2014/03/28,2.74,2.76,2.69,2.71,9714962,35072876.00
2014/03/31,2.68,2.72,2.63,2.64,9549697,33703440.00
2014/04/01,2.64,2.70,2.63,2.69,4927744,17484596.00
2014/04/02,2.68,2.72,2.68,2.70,5071351,18130346.00
2014/04/03,2.69,2.70,2.65,2.66,6032259,21410190.00
2014/04/04,2.65,2.70,2.64,2.70,3786287,13440623.00
2014/04/08,2.68,2.74,2.68,2.73,7727946,27862082.00
2014/04/09,2.73,2.77,2.73,2.74,6269102,22778922.00
2014/04/10,2.74,2.76,2.73,2.73,6033764,21904000.00
2014/04/11,2.74,2.74,2.70,2.73,5270151,18968306.00
2014/04/14,2.73,2.74,2.70,2.73,5144936,18586348.00
2014/04/15,2.73,2.73,2.67,2.68,6568985,23513114.00
2014/04/16,2.68,2.73,2.67,2.72,5163502,18490032.00
2014/04/17,2.74,2.77,2.73,2.73,6636552,24110696.00
2014/04/18,2.73,2.76,2.71,2.74,4487458,16243004.00
2014/04/21,2.73,2.78,2.71,2.73,8212204,29860488.00
2014/04/22,2.72,2.73,2.62,2.63,12711773,44873676.00
2014/04/23,2.63,2.65,2.62,2.63,4364484,15283498.00
2014/04/24,2.63,2.65,2.61,2.64,3861172,13516892.00
2014/04/25,2.64,2.67,2.62,2.62,5885906,20701204.00
2014/04/28,2.67,2.91,2.67,2.78,38767540,144023008.00
2014/04/29,2.68,2.75,2.63,2.71,17554050,62575724.00
2014/04/30,2.69,2.83,2.67,2.82,20113216,73901600.00
2014/05/05,2.80,2.83,2.77,2.82,11446122,42349656.00
2014/05/06,2.80,2.85,2.78,2.78,13068753,48723908.00
2014/05/07,2.79,2.79,2.72,2.73,9287577,33764448.00
2014/05/08,2.73,2.77,2.70,2.73,7054198,25576112.00
2014/05/09,2.72,2.89,2.70,2.87,21299859,79223384.00
2014/05/12,2.87,2.92,2.82,2.89,17200909,65105844.00
2014/05/13,2.89,2.90,2.84,2.88,10857572,41084160.00
2014/05/14,2.88,2.91,2.85,2.88,8603547,32710330.00
2014/05/15,2.88,2.88,2.77,2.78,9307603,34632988.00
2014/05/16,2.77,2.83,2.76,2.82,6983496,25874808.00
2014/05/19,2.81,2.82,2.77,2.81,4670927,17255392.00
2014/05/20,2.82,2.84,2.76,2.78,6640832,24556324.00
2014/05/21,2.78,2.78,2.71,2.78,6480047,23536406.00
2014/05/22,2.77,2.79,2.76,2.76,5894062,21637312.00
2014/05/23,2.74,2.78,2.72,2.78,6638584,24065192.00
2014/05/26,2.76,2.78,2.75,2.78,6427401,23522720.00
2014/05/27,2.76,2.78,2.73,2.75,6056689,21990354.00
2014/05/28,2.75,2.81,2.73,2.81,9410896,34589252.00
2014/05/29,2.80,2.83,2.76,2.77,5191659,19124734.00
2014/05/30,2.78,2.78,2.72,2.73,10160352,36870008.00
2014/06/03,2.73,2.75,2.73,2.73,4286330,15521901.00
2014/06/04,2.74,2.74,2.65,2.65,6603891,23486908.00
2014/06/05,2.67,2.70,2.66,2.69,5006036,17792076.00
2014/06/06,2.70,2.76,2.69,2.72,5292826,19098848.00
2014/06/09,2.71,2.73,2.69,2.70,2575394,9244668.00
2014/06/10,2.70,2.73,2.68,2.73,3769709,13530067.00
2014/06/11,2.73,2.75,2.71,2.73,3883649,14022496.00
2014/06/12,2.76,2.78,2.73,2.74,5538232,20157692.00
2014/06/13,2.73,2.76,2.72,2.75,4537592,16488367.00
2014/06/16,2.74,2.78,2.74,2.76,5919331,21598790.00
2014/06/17,2.75,2.76,2.73,2.73,3261761,11819387.00
2014/06/18,2.73,2.78,2.71,2.78,9400497,34355996.00
2014/06/19,2.78,2.79,2.66,2.69,6827131,24778934.00
2014/06/20,2.70,2.80,2.68,2.79,10075561,36892160.00
2014/06/23,2.82,2.92,2.81,2.85,16523988,62540016.00
2014/06/24,2.83,2.90,2.83,2.85,6727484,25327474.00
2014/06/25,2.87,2.90,2.84,2.88,8677899,32879994.00
2014/06/26,2.88,2.89,2.85,2.88,12150752,45974764.00
2014/06/27,2.88,3.00,2.86,2.91,18348985,57255200.00
2014/06/30,2.94,3.05,2.87,3.03,26924575,85221808.00
2014/07/01,3.07,3.08,2.95,2.98,20446108,65401444.00
2014/07/02,2.96,3.02,2.92,2.98,15804427,50022056.00
2014/07/03,2.98,3.05,2.95,3.02,16327571,52153836.00
2014/07/04,3.02,3.05,2.98,3.00,12784887,40839168.00
2014/07/07,2.99,2.99,2.95,2.98,9814091,31057324.00
2014/07/08,2.97,2.98,2.91,2.96,8422983,26499552.00
2014/07/09,2.95,3.01,2.94,2.94,12993338,41307336.00
2014/07/10,2.96,2.99,2.93,2.96,7914408,25046948.00
2014/07/11,2.96,2.99,2.95,2.98,6631587,21062436.00
2014/07/14,2.99,3.06,2.98,3.04,15646614,50533352.00
2014/07/15,3.02,3.27,3.02,3.16,39531930,132761872.00
2014/07/16,3.14,3.16,3.09,3.13,12649680,42154108.00
2014/07/17,3.11,3.12,2.98,3.02,22327186,72139944.00
2014/07/18,3.01,3.04,2.99,3.01,8147217,26186626.00
2014/07/21,3.02,3.02,2.98,3.01,4218407,13471730.00
2014/07/22,3.01,3.05,2.98,3.02,13411694,43048968.00
2014/07/23,3.03,3.05,2.99,3.00,12392589,39837196.00
2014/07/24,3.01,3.01,2.94,2.99,13756725,43621052.00
2014/07/25,2.98,3.06,2.98,3.05,11726392,37814524.00
2014/07/28,3.06,3.11,3.03,3.09,16668795,54664968.00
2014/07/29,3.09,3.15,3.08,3.10,17744634,58869176.00
2014/07/30,3.11,3.14,3.08,3.13,11574446,38310040.00
2014/07/31,3.15,3.15,3.10,3.13,8065041,26776408.00
2014/08/01,3.12,3.14,3.05,3.06,13693788,45199248.00
2014/08/04,3.07,3.13,3.06,3.12,12924293,42614728.00
2014/08/05,3.11,3.14,3.08,3.13,15367990,50856872.00
2014/08/06,3.12,3.21,3.10,3.18,22395380,74870432.00
2014/08/07,3.17,3.21,3.11,3.12,16574405,55534180.00
2014/08/08,3.12,3.13,3.10,3.11,10857246,35973052.00
2014/08/11,3.12,3.18,3.12,3.17,15697645,52594076.00
2014/08/12,3.17,3.23,3.16,3.20,16937223,57509792.00
2014/08/13,3.20,3.21,3.13,3.18,17596057,59293060.00
2014/08/14,3.17,3.24,3.16,3.17,19384847,65997476.00
2014/08/15,3.17,3.22,3.14,3.22,19891452,67387424.00
2014/08/18,3.24,3.27,3.21,3.24,15046353,51755512.00
2014/08/19,3.26,3.27,3.21,3.26,21197922,73019976.00
2014/08/20,3.26,3.28,3.23,3.24,19272145,66687096.00
2014/08/21,3.24,3.24,3.18,3.21,16846483,57421864.00
2014/08/22,3.21,3.23,3.19,3.21,20163586,68702560.00
2014/08/25,3.22,3.23,3.19,3.20,13673732,46620816.00
2014/08/26,3.19,3.20,3.08,3.10,19758854,66089136.00
2014/08/27,3.10,3.15,3.10,3.13,12012713,39924244.00
2014/08/28,3.13,3.14,3.05,3.08,11537835,38011148.00
2014/08/29,3.07,3.11,3.06,3.10,7309021,24014396.00
2014/09/01,3.10,3.20,3.09,3.19,19686537,66022744.00
2014/09/02,3.18,3.28,3.17,3.25,38632746,133090552.00
2014/09/03,3.25,3.35,3.23,3.34,35311121,123244896.00
2014/09/04,3.33,3.54,3.31,3.42,40689958,148044496.00
2014/09/05,3.44,3.44,3.33,3.39,27332521,97884120.00
2014/09/09,3.40,3.75,3.37,3.75,69106797,264778320.00
2014/09/10,3.85,4.01,3.75,3.79,105092146,424974688.00
2014/09/11,3.77,3.81,3.66,3.69,60873251,239076784.00
2014/09/12,3.70,3.80,3.67,3.72,43985673,172990960.00
2014/09/15,3.72,3.82,3.69,3.79,47565365,189018368.00
2014/09/16,3.80,3.82,3.62,3.64,48394033,189738496.00
2014/09/17,3.63,3.70,3.58,3.67,22657309,87184328.00
2014/09/18,3.67,3.87,3.66,3.86,47523725,190233872.00
2014/09/19,3.84,3.90,3.77,3.83,22463670,90381480.00
2014/09/22,3.83,3.84,3.75,3.77,18747913,74613744.00
2014/09/23,3.78,3.80,3.73,3.78,15015069,59548728.00
2014/09/24,3.80,3.89,3.78,3.84,26192697,105619888.00
2014/09/25,3.85,3.88,3.76,3.78,25624748,103162216.00
2014/09/26,3.77,3.82,3.76,3.80,14782675,59020124.00
2014/09/29,3.80,3.92,3.80,3.85,24105485,97616192.00
2014/09/30,3.86,3.95,3.83,3.93,28193391,115414120.00
2014/10/08,3.93,4.01,3.92,3.94,23397931,97093040.00
2014/10/09,3.98,4.16,3.93,4.13,46237169,195832752.00
2014/10/10,4.14,4.34,4.08,4.22,53014487,234485712.00
2014/10/13,4.20,4.31,4.03,4.31,43544733,189665984.00
2014/10/14,4.30,4.54,4.25,4.46,60046505,278491840.00
2014/10/15,4.40,4.93,4.33,4.93,99802116,489827296.00
2014/10/16,4.89,5.04,4.70,4.70,79150407,398368000.00
2014/10/17,4.66,4.98,4.50,4.92,63469909,313242432.00
2014/10/20,4.95,5.08,4.82,4.88,43961266,226325872.00
2014/10/21,4.84,4.97,4.69,4.69,38798589,193984528.00
2014/10/22,4.66,4.82,4.62,4.70,29971493,147581360.00
2014/10/23,4.69,4.76,4.37,4.38,40419415,191072880.00
2014/10/24,4.40,4.57,4.35,4.48,22490043,105064592.00
2014/10/27,4.47,4.60,4.44,4.56,16540363,78468496.00
2014/10/28,4.59,4.83,4.59,4.83,29721138,147255632.00
2014/10/29,4.84,4.92,4.70,4.90,37465805,188246128.00
2014/10/30,4.88,4.92,4.70,4.78,34361523,172090976.00
2014/10/31,4.79,4.80,4.62,4.72,31738375,155412992.00
2014/11/03,4.72,4.78,4.60,4.73,19181242,94649832.00
2014/11/04,4.71,4.75,4.64,4.74,13559639,66278792.00
2014/11/05,4.73,4.91,4.67,4.87,25694195,129789808.00
2014/11/06,4.86,5.07,4.83,5.03,41461529,215518112.00
2014/11/07,5.02,5.06,4.83,4.98,32922499,170363232.00
2014/11/10,4.95,4.97,4.77,4.80,40106361,201531888.00
2014/11/11,4.81,4.87,4.30,4.70,60634626,291048384.00
2014/11/12,4.66,4.75,4.51,4.70,24850001,121160648.00
2014/11/13,4.70,4.77,4.58,4.60,22730438,110059368.00
2014/11/14,4.57,4.76,4.45,4.67,19836679,95221296.00
2014/11/17,4.65,4.83,4.61,4.76,18385224,90794472.00
2014/11/18,4.74,4.82,4.70,4.80,12219920,60788536.00
2014/11/19,4.79,4.88,4.73,4.82,13638141,68347680.00
2014/11/20,4.79,4.80,4.67,4.69,14363174,70947784.00
2014/11/21,4.69,4.70,4.56,4.65,16159262,78032136.00
2014/11/24,4.67,4.81,4.65,4.77,23185808,114599392.00
2014/11/25,4.78,5.27,4.76,5.24,64384154,342270624.00
2014/11/26,5.23,5.38,5.13,5.27,44595700,243185488.00
2014/11/27,5.26,5.70,5.23,5.45,43637939,247721424.00
2014/11/28,5.50,5.71,5.37,5.59,45882302,265942880.00
2014/12/01,5.56,5.98,5.55,5.80,41312646,247882032.00
2014/12/02,5.80,6.06,5.69,5.93,33542097,204134192.00
2014/12/03,5.92,6.11,5.79,5.90,32261614,197045856.00
2014/12/04,5.90,5.94,5.72,5.80,33499303,199907392.00
2014/12/05,5.79,5.79,5.45,5.50,33526195,193492320.00
2014/12/08,5.50,5.73,5.40,5.51,29478937,169794256.00
2014/12/09,5.45,5.48,5.02,5.07,39064376,216062208.00
2014/12/10,5.05,5.33,4.89,5.28,28739175,152894704.00
2014/12/11,5.26,5.40,5.17,5.29,17826996,97535464.00
2014/12/12,5.32,5.43,5.29,5.43,15520283,86643760.00
2014/12/15,5.40,5.58,5.35,5.58,16953286,96637128.00
2014/12/16,5.58,5.75,5.40,5.51,22071565,127075112.00
2014/12/17,5.50,5.51,5.13,5.25,37712354,206664848.00
2014/12/18,5.22,5.24,5.05,5.06,26852608,143825520.00
2014/12/19,5.09,5.24,4.87,5.23,34477690,179164592.00
2014/12/22,5.18,5.18,4.87,4.88,25441261,131732680.00
2014/12/23,4.90,5.05,4.48,4.55,30512928,150894432.00
2014/12/24,4.58,4.79,4.47,4.72,21397673,103187768.00
2014/12/25,4.70,4.79,4.68,4.78,10531412,51883760.00
2014/12/26,4.82,4.88,4.70,4.76,14802434,73609584.00
2014/12/29,4.81,4.81,4.59,4.69,14433055,70470520.00
2014/12/30,4.68,4.72,4.54,4.56,10999563,52949888.00
2014/12/31,4.57,4.62,4.49,4.59,14054253,66620860.00
2015/01/05,4.54,4.67,4.49,4.62,17135898,81953928.00
2015/01/06,4.62,4.85,4.54,4.85,25457938,125824120.00
2015/01/07,4.85,4.94,4.72,4.79,16354133,81679904.00
2015/01/08,4.80,4.82,4.70,4.73,10265736,50710532.00
2015/01/09,4.72,4.76,4.61,4.63,12012460,58772580.00
2015/01/12,4.62,4.62,4.47,4.48,11517474,54395288.00
2015/01/13,4.47,4.54,4.46,4.51,7490729,35239764.00
2015/01/14,4.51,4.52,4.46,4.48,6880741,32278812.00
2015/01/15,4.48,4.53,4.46,4.52,8450453,39696680.00
2015/01/16,4.50,4.56,4.44,4.45,16890748,79271328.00
2015/01/19,4.39,4.43,4.10,4.28,31759087,141933344.00
2015/01/20,4.26,4.40,4.23,4.39,19054213,85871088.00
2015/01/21,4.37,4.50,4.35,4.50,15293482,71067360.00
2015/01/22,4.53,4.61,4.48,4.57,22762243,107887984.00
2015/01/23,4.55,4.58,4.45,4.48,19072944,89901864.00
2015/01/26,4.48,4.58,4.43,4.56,20544718,96853368.00
2015/01/27,4.59,4.89,4.56,4.79,49902355,248055024.00
2015/01/28,4.80,4.81,4.67,4.73,19463747,96063472.00
2015/01/29,4.69,4.79,4.65,4.75,17858816,88367384.00
2015/01/30,4.76,4.78,4.62,4.63,14500954,70880064.00
2015/02/02,4.59,4.68,4.52,4.64,12857774,61672188.00
2015/02/03,4.66,4.71,4.63,4.67,11931192,57969516.00
2015/02/04,4.67,4.68,4.53,4.53,13239373,63685084.00
2015/02/05,4.60,4.61,4.37,4.40,16350327,76749024.00
2015/02/06,4.40,4.55,4.35,4.36,13325156,61660504.00
2015/02/09,4.36,4.44,4.31,4.37,5908606,27070410.00
2015/02/10,4.37,4.39,4.29,4.39,9313296,42172788.00
2015/02/11,4.40,4.43,4.35,4.41,7166310,32949794.00
2015/02/12,4.41,4.67,4.38,4.61,19195383,91290120.00
2015/02/13,4.62,4.70,4.58,4.62,14506205,70109448.00
2015/02/16,4.61,4.72,4.61,4.67,12605876,61256968.00
2015/02/17,4.65,4.72,4.63,4.66,10314369,50235108.00
2015/02/25,4.67,4.83,4.67,4.72,25337524,125811896.00
2015/02/26,4.73,4.79,4.67,4.74,17956483,88428528.00
2015/02/27,4.75,4.79,4.71,4.74,19751748,97893392.00
2015/03/02,4.77,4.83,4.71,4.83,32012150,159133280.00
2015/03/03,4.83,5.33,4.77,5.20,87443384,469098656.00
2015/03/04,5.14,5.28,5.07,5.23,44111106,236175424.00
2015/03/05,5.20,5.41,5.16,5.29,31619340,173977824.00
2015/03/06,5.32,5.40,5.13,5.13,23790924,128861776.00
2015/03/09,5.07,5.21,4.96,5.16,18965872,100622864.00
2015/03/10,5.15,5.38,5.12,5.25,26384820,144543424.00
2015/03/11,5.22,5.40,5.22,5.34,20109209,110766520.00
2015/03/12,5.34,5.36,5.15,5.27,18503415,100948584.00
2015/03/13,5.27,5.49,5.21,5.48,35949262,201116192.00
2015/03/16,5.48,5.92,5.48,5.73,49454814,294722784.00
2015/03/17,5.73,5.89,5.59,5.77,39978796,237877616.00
2015/03/18,5.78,5.87,5.70,5.81,31240736,187235248.00
2015/03/19,5.81,6.00,5.68,5.95,39918360,242419232.00
2015/03/20,5.94,6.01,5.83,5.89,33970362,207428912.00
2015/03/23,5.91,5.95,5.79,5.88,42287107,255986704.00
2015/03/24,5.88,5.90,5.60,5.78,41742602,249779600.00
2015/03/25,5.78,6.37,5.74,6.26,68614094,427592224.00
2015/03/26,6.12,6.22,5.93,6.01,55205181,345415808.00
2015/03/27,5.99,6.08,5.93,6.01,46370093,287103040.00
2015/03/30,6.00,6.06,5.89,6.00,53762148,331273600.00
2015/03/31,5.98,6.15,5.96,6.01,50286787,314380864.00
2015/04/01,6.00,6.01,5.94,6.01,39387276,243277888.00
2015/04/02,6.00,6.23,6.00,6.07,46658390,293453632.00
2015/04/03,6.06,6.44,6.02,6.26,59207695,381894592.00
2015/04/07,6.27,6.45,6.18,6.37,42442816,276856448.00
2015/04/08,6.36,6.43,6.11,6.18,41053588,264845808.00
2015/04/09,6.18,6.21,5.70,5.94,56976585,350518272.00
2015/04/10,5.89,6.00,5.84,5.99,47302676,291402240.00
2015/04/13,5.98,6.31,5.94,6.20,74352305,472640576.00
2015/04/14,6.20,6.44,6.13,6.17,72331410,466376192.00
2015/04/15,6.17,6.25,5.88,5.90,43674112,273010368.00
2015/04/16,5.80,6.05,5.72,5.96,37375807,228242688.00
2015/04/17,5.91,6.06,5.91,5.98,50581910,312795584.00
2015/04/20,5.98,6.00,5.78,5.79,53893336,328527136.00
2015/04/21,5.79,6.05,5.79,6.05,47111623,289911744.00
2015/04/22,6.10,6.68,6.10,6.68,84012991,558317568.00
2015/04/23,7.10,7.37,6.98,7.37,32885101,243892848.00
2015/04/24,8.00,8.00,7.40,7.60,182413977,1435108736.00
2015/04/27,7.91,8.18,7.30,7.55,117704080,923757312.00
2015/04/28,7.35,7.49,6.88,6.95,97129400,711110720.00
2015/04/29,6.82,7.29,6.81,7.21,62310990,459494048.00
2015/04/30,7.22,7.79,7.22,7.53,82971726,644828160.00
2015/05/04,7.55,7.67,7.28,7.46,52788187,402226976.00
2015/05/05,7.46,7.49,6.93,7.06,45160359,333084800.00
2015/05/06,7.05,7.18,6.68,6.79,43708394,311498944.00
2015/05/07,6.79,6.79,6.30,6.36,42510792,283609344.00
2015/05/08,6.45,6.60,6.38,6.60,34648640,232745056.00
2015/05/11,6.71,7.17,6.60,7.10,43790962,310075968.00
2015/05/12,7.11,7.16,6.87,7.00,55197097,396332384.00
2015/05/13,7.01,7.43,6.90,7.19,68363249,504448224.00
2015/05/14,7.14,7.34,6.98,7.05,53561237,391496480.00
2015/05/15,7.08,7.34,7.02,7.22,74119470,545801344.00
2015/05/18,7.26,7.96,7.26,7.96,110413922,877625984.00
2015/05/19,8.14,8.78,8.13,8.78,92180779,807595584.00
2015/05/20,9.42,9.68,8.83,8.96,246717129,2367330816.00
2015/05/21,8.85,9.28,8.47,9.08,172459140,1554503680.00
2015/05/22,9.01,9.20,8.75,9.02,122263068,1114832640.00
2015/05/25,9.03,9.74,9.03,9.33,108705182,1042458304.00
2015/05/26,9.41,9.61,9.11,9.42,105694208,1011212352.00
2015/05/27,9.43,10.36,9.05,10.13,130135991,1270050560.00
2015/05/28,10.13,10.73,9.50,9.72,130229201,1356811264.00
2015/05/29,9.70,10.15,8.87,10.00,113252257,1125045504.00
2015/06/01,10.07,10.70,10.06,10.50,91403216,971219200.00
2015/06/02,10.41,11.57,10.41,11.57,98542879,1119045760.00
2015/06/03,11.95,12.45,11.18,12.00,119419957,1454295424.00
2015/06/04,12.00,12.16,10.81,11.72,93288842,1093988096.00
2015/06/05,11.80,12.16,11.30,11.89,92101512,1104624384.00
2015/06/08,11.83,12.15,11.31,11.33,92020686,1089151616.00
2015/06/09,11.35,11.83,11.00,11.63,71990786,846451520.00
2015/06/10,11.48,12.68,11.33,12.35,100015931,1244234240.00
2015/06/11,12.35,12.68,12.08,12.39,68626758,862705216.00
2015/06/12,12.43,12.68,12.10,12.55,71552592,897781376.00
2015/06/15,12.49,13.30,12.49,12.78,71074441,937435072.00
2015/06/16,12.70,12.70,11.55,11.78,70934422,873125312.00
2015/06/17,11.70,12.15,10.81,11.96,67463878,786108160.00
2015/06/18,11.93,11.93,11.20,11.33,43339034,510128480.00
2015/06/19,11.10,11.10,10.18,10.18,55165062,592512128.00
2015/06/23,10.18,10.38,9.14,9.72,61459948,601478848.00
2015/06/24,9.90,10.39,9.81,10.12,64309291,662451520.00
2015/06/25,10.23,10.29,9.30,9.66,53887426,546805888.00
2015/06/26,9.30,9.30,8.67,8.67,55453525,501914944.00
2015/06/29,8.95,9.10,7.78,7.78,71314540,591958208.00
2015/06/30,7.55,8.30,6.98,8.15,90612465,701750016.00
2015/07/01,8.14,8.57,7.32,7.48,65162826,543739008.00
2015/07/02,7.55,7.81,6.71,6.71,68441071,492169888.00
2015/07/03,6.17,6.63,6.02,6.02,72041551,459127648.00
2015/07/06,6.64,6.64,5.40,5.47,112402289,667189568.00
2015/07/07,5.29,5.29,4.90,4.90,41145468,210896480.00
2015/07/08,4.39,5.41,4.39,5.36,279260615,1393150336.00
2015/07/09,5.05,5.92,5.05,5.92,62265126,363808416.00
2015/07/10,6.30,6.53,6.00,6.53,47846067,317805888.00
2015/07/13,6.87,7.20,6.58,7.20,105454174,762403136.00
2015/07/14,7.15,7.57,6.81,7.00,116748190,862422976.00
2015/07/15,6.80,6.80,6.28,6.28,65720990,438235712.00
2015/07/16,6.28,6.70,5.70,6.55,57518609,377260928.00
2015/07/17,6.56,7.11,6.55,6.98,46113298,326556480.00
2015/07/20,6.98,7.28,6.80,6.98,50476502,364005344.00
2015/07/21,6.83,7.07,6.68,6.95,37195017,265176864.00
2015/07/22,6.92,7.12,6.75,7.06,67907513,484516352.00
2015/07/23,7.05,7.48,6.91,7.40,81747716,607445376.00
2015/07/24,7.41,7.60,6.90,7.03,73582277,554503616.00
2015/07/27,6.81,7.00,6.31,6.31,61104259,421756992.00
2015/07/28,6.05,6.30,5.66,5.96,62150156,379424736.00
2015/07/29,6.10,6.36,5.79,6.34,42476098,264548064.00
2015/07/30,6.36,6.55,6.01,6.05,41806040,272058432.00
2015/07/31,6.04,6.16,5.93,6.08,30130490,188342128.00
2015/08/03,5.97,6.37,5.91,6.36,37980709,238181184.00
2015/08/04,6.34,6.69,6.12,6.65,38733468,259215408.00
2015/08/05,6.70,6.72,6.38,6.45,30774309,207594160.00
2015/08/06,6.35,6.44,6.17,6.25,18966088,123351952.00
2015/08/07,6.30,6.54,6.30,6.44,28398743,187279024.00
2015/08/10,6.49,7.09,6.43,6.89,44639812,311576192.00
2015/08/11,6.90,7.04,6.80,6.89,53515224,381548768.00
2015/08/12,6.80,7.03,6.75,6.89,40690022,289160576.00
2015/08/13,6.86,7.46,6.81,7.30,70082968,517323200.00
2015/08/14,7.30,8.05,7.21,8.05,122642462,986114688.00
2015/08/17,8.28,8.68,7.97,8.16,151272577,1274039168.00
2015/08/18,8.15,8.15,7.32,7.32,98847089,776734016.00
2015/08/19,6.79,7.56,6.59,7.51,71278869,513858944.00
2015/08/20,7.29,7.48,6.99,6.99,49945067,369024992.00
2015/08/21,6.84,7.05,6.33,6.46,42979360,296674144.00
2015/08/24,5.99,6.19,5.79,5.79,31228323,189487392.00
2015/08/25,5.19,5.33,5.19,5.19,31691585,171459616.00
2015/08/26,5.19,5.37,4.65,4.65,65345475,336628608.00
2015/08/27,4.76,4.90,4.38,4.84,40589379,199914624.00
2015/08/28,5.00,5.27,4.82,5.22,47958196,249896240.00
2015/08/31,5.22,5.22,4.87,4.87,30604417,158819328.00
2015/09/01,4.89,4.89,4.41,4.49,28101165,134509632.00
2015/09/02,4.25,4.65,4.15,4.20,31031778,140645456.00
2015/09/07,4.35,4.55,4.28,4.37,26409148,121997512.00
2015/09/08,4.31,4.77,4.30,4.69,22646272,106767616.00
2015/09/09,4.77,4.97,4.77,4.94,34597427,175808768.00
2015/09/10,4.75,4.91,4.75,4.79,21501055,108217352.00
2015/09/11,4.80,4.92,4.71,4.82,20176323,101191064.00
2015/09/14,4.88,4.95,4.32,4.32,28435710,134859392.00
2015/09/15,4.18,4.29,3.87,3.91,26422796,113616024.00
2015/09/16,3.97,4.32,3.93,4.32,26506941,114137152.00
2015/09/17,4.32,4.70,4.19,4.27,35964839,165603680.00
2015/09/18,4.32,4.38,4.20,4.31,19799447,89154008.00
2015/09/21,4.29,4.54,4.23,4.49,23726793,109673520.00
2015/09/22,4.51,4.62,4.44,4.54,24969262,118365896.00
2015/09/23,4.45,4.54,4.37,4.39,19355487,89764664.00
2015/09/24,4.41,4.53,4.39,4.47,16702572,77862808.00
2015/09/25,4.43,4.78,4.42,4.49,35038317,166780416.00
2015/09/28,4.42,4.53,4.35,4.51,19795464,91934680.00
2015/09/29,4.41,4.46,4.31,4.35,12662207,58106864.00
2015/09/30,4.41,4.46,4.34,4.38,9071872,41696636.00
2015/10/08,4.53,4.64,4.52,4.58,19488005,93155424.00
2015/10/09,4.58,4.66,4.53,4.64,20941347,100621408.00
2015/10/12,4.68,4.96,4.64,4.90,35781973,179862800.00
2015/10/13,4.84,4.97,4.81,4.95,28959519,147867840.00
2015/10/14,4.91,4.99,4.84,4.84,28062720,143518368.00
2015/10/15,4.82,5.12,4.80,5.07,39946532,208107840.00
2015/10/16,5.06,5.18,4.96,5.14,45098714,237707744.00
2015/10/19,5.12,5.22,4.99,5.07,35441956,187720608.00
2015/10/20,5.05,5.27,5.00,5.19,35782895,190785584.00
2015/10/21,5.20,5.38,4.76,4.79,56432931,298677600.00
2015/10/22,4.82,5.04,4.79,4.99,33678091,171982736.00
2015/10/23,5.03,5.26,4.96,5.17,42722962,227025024.00
2015/10/26,5.22,5.24,5.07,5.20,41260183,220924192.00
2015/10/27,5.14,5.17,4.83,5.16,37946061,199213488.00
2015/10/28,5.22,5.39,5.12,5.26,67111339,367332064.00
2015/10/29,5.39,5.46,5.22,5.30,45532960,251578304.00
2015/10/30,5.29,5.30,5.10,5.16,31905726,172568848.00
2015/11/02,5.10,5.26,5.03,5.07,27923044,149189520.00
2015/11/03,5.11,5.17,5.02,5.05,21696313,114600120.00
2015/11/04,5.14,5.58,5.12,5.58,36482914,205898624.00
2015/11/05,6.16,6.16,5.63,5.68,117447147,718973248.00
2015/11/06,5.76,6.27,5.71,6.27,147234849,927637824.00
2015/11/09,6.29,6.45,5.98,6.15,177628580,1125774976.00
2015/11/10,6.00,6.11,5.97,6.09,71655662,447138848.00
2015/11/11,6.02,6.22,5.98,6.08,55579866,349708384.00
2015/11/12,6.10,6.13,5.86,5.93,68060672,418078432.00
2015/11/13,5.86,6.05,5.78,5.90,50811364,309147680.00
2015/11/16,5.81,6.03,5.78,6.00,37681731,231500224.00
2015/11/17,6.02,6.11,5.83,5.88,85101707,523221344.00
2015/11/18,5.88,5.93,5.80,5.82,33678794,203870960.00
2015/11/19,5.83,5.91,5.78,5.89,33943083,205296768.00
2015/11/20,5.90,6.04,5.86,5.96,75456547,462728960.00
2015/11/23,5.98,6.44,5.95,6.35,163266287,1054364608.00
2015/11/24,6.31,6.43,6.12,6.36,67467092,436090912.00
2015/11/25,6.40,6.81,6.40,6.80,99210039,681991424.00
2015/11/26,6.90,7.03,6.64,6.70,94192537,658387328.00
2015/11/27,6.70,6.91,6.08,6.32,77830143,530979360.00
2015/11/30,6.30,6.49,5.81,6.39,50818115,327572864.00
2015/12/01,6.30,6.47,6.10,6.20,38599082,250428576.00
2015/12/02,6.20,6.28,5.91,6.20,31348946,198402416.00
2015/12/03,6.26,6.72,6.18,6.59,58321958,389878208.00
2015/12/04,6.50,6.73,6.40,6.50,65995028,445159904.00
2015/12/07,6.53,6.69,6.40,6.63,49044334,331048096.00
2015/12/08,6.58,6.80,6.50,6.70,81431697,560573504.00
2015/12/09,6.69,6.70,6.48,6.52,39085170,264891056.00
2015/12/10,6.54,6.74,6.38,6.43,42615269,289423136.00
2015/12/11,6.40,6.43,6.22,6.30,27255133,176733792.00
2015/12/14,6.25,6.46,6.23,6.45,27803183,181665376.00
2015/12/15,6.43,6.63,6.40,6.48,27078297,181774528.00
2015/12/16,6.50,6.67,6.43,6.48,29511705,198421712.00
2015/12/17,6.49,6.73,6.49,6.65,58585468,397372672.00
2015/12/18,6.61,6.68,6.35,6.37,71304960,476028032.00
2015/12/21,6.34,6.46,6.25,6.39,39495802,258647584.00
2015/12/22,6.39,6.40,6.26,6.38,30531010,199179904.00
2015/12/23,6.37,6.38,6.20,6.20,32907949,213401248.00
2015/12/24,6.19,6.23,6.05,6.13,23656148,149775040.00
2015/12/25,6.16,6.27,6.16,6.22,20723486,132916112.00
2015/12/28,6.28,6.40,6.18,6.18,37913768,246258560.00
2015/12/29,6.11,6.34,6.09,6.34,28718251,184187232.00
2015/12/30,6.37,6.55,6.32,6.43,40417220,268336096.00
2015/12/31,6.50,6.50,6.25,6.26,25652501,168336064.00
2016/01/04,6.19,6.25,5.61,5.62,26817692,164855280.00
2016/01/05,5.57,5.75,5.08,5.41,41718119,236586512.00
2016/01/06,5.42,5.64,5.35,5.64,29441029,167715008.00
2016/01/07,5.51,5.52,5.06,5.07,7558002,41381404.00
2016/01/08,5.22,5.36,4.80,5.15,30747260,164496560.00
2016/01/11,5.08,5.08,4.62,4.63,29416618,148159472.00
2016/01/12,4.65,4.75,4.58,4.68,17990384,87713512.00
2016/01/13,4.71,4.76,4.39,4.41,19616958,94820480.00
2016/01/14,4.27,4.64,4.19,4.60,22032787,102341776.00
2016/01/15,4.57,4.65,4.28,4.32,22148639,103386752.00
2016/01/18,4.26,4.48,4.20,4.38,16460470,75399120.00
2016/01/19,4.39,4.59,4.38,4.59,21430260,100523544.00
2016/01/20,4.61,4.65,4.48,4.55,21132231,100783040.00
2016/01/21,4.47,4.60,4.30,4.33,18063200,84862800.00
2016/01/22,4.40,4.44,4.27,4.41,17232238,78788000.00
2016/01/25,4.45,4.49,4.37,4.42,14956879,69331864.00
2016/01/26,4.34,4.39,3.96,3.97,21867398,96137520.00
2016/01/27,4.04,4.05,3.60,3.96,24141698,98474664.00
2016/01/28,3.89,3.96,3.63,3.70,21035841,84404536.00
2016/01/29,3.74,3.87,3.64,3.82,27459289,109391112.00
2016/02/01,3.82,3.85,3.64,3.71,23816119,93969200.00
2016/02/02,3.73,3.85,3.71,3.84,24396702,97920664.00
2016/02/03,3.80,3.91,3.74,3.89,22224323,89265304.00
2016/02/04,3.90,4.00,3.89,3.99,22832234,94939896.00
2016/02/05,4.00,4.03,3.93,3.93,16297314,67950336.00
2016/02/15,3.79,3.92,3.75,3.87,14873808,59924808.00
2016/02/16,3.91,4.09,3.88,4.09,21916346,92453208.00
2016/02/17,4.05,4.17,4.03,4.15,21870920,93832536.00
2016/02/18,4.17,4.43,4.15,4.22,28489278,126826776.00
2016/02/19,4.19,4.27,4.14,4.21,15901967,69915600.00
2016/02/22,4.25,4.31,4.23,4.29,26360710,117742352.00
2016/02/23,4.32,4.34,4.14,4.22,24328537,108247000.00
2016/02/24,4.20,4.26,4.13,4.25,21967775,96778248.00
2016/02/25,4.24,4.27,3.81,3.82,43555024,185692736.00
2016/02/26,3.86,3.92,3.77,3.87,19225788,78026936.00
2016/02/29,3.84,3.87,3.59,3.69,21965772,85096528.00
2016/03/01,3.71,3.81,3.63,3.81,20160121,79245392.00
2016/03/02,3.79,4.03,3.76,4.00,29165192,120003744.00
2016/03/03,3.97,4.07,3.97,4.02,27076653,114279520.00
2016/03/04,4.00,4.03,3.81,3.87,26923792,110993000.00
2016/03/07,3.88,3.99,3.88,3.95,18120652,75105160.00
2016/03/08,3.94,3.97,3.76,3.96,22006248,89240352.00
2016/03/09,3.86,3.92,3.84,3.87,13416881,54726424.00
2016/03/10,3.87,3.90,3.80,3.82,13483535,54664812.00
2016/03/11,3.80,3.83,3.75,3.80,10578780,42166432.00
2016/03/14,3.83,3.96,3.83,3.96,56786116,233663136.00
2016/03/15,3.92,3.93,3.83,3.87,27949226,114156688.00
2016/03/16,3.88,3.91,3.81,3.86,22861393,92764304.00
2016/03/17,3.87,3.98,3.84,3.95,33992224,140279696.00
2016/03/18,3.96,4.37,3.92,4.37,104861589,466442176.00
2016/03/21,4.50,4.64,4.38,4.52,100438495,468982816.00
2016/03/22,4.40,4.50,4.32,4.43,49059799,226648128.00
2016/03/23,4.38,4.89,4.36,4.87,96003322,467319040.00
2016/03/24,4.71,5.00,4.55,4.56,86014220,425770080.00
2016/03/25,4.90,5.03,4.50,4.65,61316148,299946848.00
2016/03/28,4.71,4.75,4.44,4.50,58677179,280204096.00
2016/03/29,4.48,4.51,4.27,4.37,43934474,201183232.00
2016/03/30,4.42,4.54,4.39,4.54,41278129,192830128.00
2016/03/31,4.56,4.61,4.49,4.52,38949308,184958336.00
2016/04/01,4.51,4.56,4.40,4.49,30019741,139871984.00
2016/04/05,4.49,4.63,4.45,4.63,40693754,194161184.00
2016/04/06,4.63,4.77,4.56,4.68,49545370,240891840.00
2016/04/07,4.69,4.73,4.52,4.52,35070736,168422240.00
2016/04/08,4.49,4.62,4.43,4.57,30972851,146119744.00
2016/04/11,4.65,4.70,4.60,4.66,34925232,169635120.00
2016/04/12,4.62,4.65,4.54,4.59,23982162,114470576.00
2016/04/13,4.61,4.72,4.60,4.64,50617046,246730432.00
2016/04/14,4.67,4.69,4.62,4.68,26221140,127392664.00
2016/04/15,4.66,4.76,4.62,4.73,33949524,166122896.00
2016/04/18,4.71,4.71,4.54,4.61,25342567,122153696.00
2016/04/19,4.62,4.65,4.52,4.61,20025137,96042640.00
2016/04/20,4.62,4.65,4.21,4.35,38282956,177160448.00
2016/04/21,4.32,4.40,4.27,4.29,20217547,91774936.00
2016/04/22,4.27,4.33,4.23,4.32,13100433,58777164.00
2016/04/25,4.30,4.31,4.21,4.27,12519602,55733732.00
2016/04/26,4.27,4.38,4.25,4.38,14566015,65642536.00
2016/04/27,4.36,4.43,4.31,4.33,14048925,64194680.00
2016/04/28,4.33,4.36,4.20,4.28,19377368,86470968.00
2016/04/29,4.25,4.32,4.22,4.26,10299870,46139680.00
2016/05/03,4.29,4.41,4.24,4.40,16833880,76702560.00
2016/05/04,4.38,4.48,4.36,4.43,22198462,102742672.00
2016/05/05,4.43,4.89,4.42,4.89,91665460,462165760.00
2016/05/06,4.99,5.22,4.73,4.78,147751113,765826432.00
2016/05/09,4.66,4.81,4.54,4.74,56512482,276191424.00
2016/05/10,4.69,5.05,4.56,4.77,58693662,290372416.00
2016/05/11,4.82,4.90,4.68,4.76,40592064,203262000.00
2016/05/12,4.60,4.77,4.40,4.76,36632377,176393280.00
2016/05/13,4.72,4.86,4.68,4.83,31265177,155586288.00
2016/05/16,4.83,5.33,4.83,5.33,134836926,721814208.00
2016/05/17,5.32,5.58,5.25,5.41,128741135,723990656.00
2016/05/18,5.31,5.39,5.11,5.28,58055945,316005888.00
2016/05/19,5.24,5.37,5.21,5.30,43788989,240843520.00
2016/05/20,5.21,5.34,5.10,5.29,37280885,202472352.00
2016/05/23,5.75,5.84,5.75,5.84,22363495,134904880.00
2016/05/24,6.13,6.14,5.49,5.53,91349920,541749888.00
2016/05/25,5.56,5.73,5.50,5.53,56740805,330243712.00
2016/05/26,5.42,5.71,5.23,5.61,58340727,329180288.00
2016/05/27,5.58,5.88,5.46,5.77,59085868,348129120.00
2016/05/30,5.68,5.78,5.52,5.61,31506511,184909568.00
2016/05/31,5.58,5.95,5.58,5.83,51453910,308386496.00
2016/06/01,5.80,6.10,5.77,5.86,64998813,399418752.00
2016/06/02,5.70,5.80,5.51,5.69,85765437,501914016.00
2016/06/03,5.68,5.68,5.47,5.48,66309165,379944704.00
2016/06/06,5.50,5.54,5.36,5.39,46040146,259159776.00
2016/06/07,5.40,5.58,5.29,5.57,60430631,341194784.00
2016/06/08,5.55,5.55,5.32,5.41,44498345,249925456.00
2016/06/13,5.29,5.37,5.06,5.07,33377569,182456976.00
2016/06/14,5.05,5.19,5.02,5.08,23844826,126002456.00
2016/06/15,5.03,5.35,5.00,5.29,34854577,190344256.00
2016/06/16,5.30,5.45,5.26,5.29,37796708,209614336.00
2016/06/17,5.28,5.38,5.13,5.20,30546098,166419664.00
2016/06/20,5.21,5.43,5.13,5.40,46622844,257224560.00
2016/06/21,5.44,5.45,5.20,5.25,32269917,178919376.00
2016/06/22,5.22,5.28,5.16,5.25,25080405,135803456.00
2016/06/23,5.24,5.26,5.13,5.14,24856448,133290512.00
2016/06/24,5.16,5.18,4.70,4.95,46765934,242802768.00
2016/06/27,4.86,5.09,4.83,5.06,34394217,178325120.00
2016/06/28,5.01,5.17,5.01,5.08,31747148,167522688.00
2016/06/29,5.10,5.14,5.01,5.02,25541839,134534192.00
2016/06/30,5.00,5.15,4.96,5.08,37719758,197940304.00
2016/07/01,5.10,5.18,5.04,5.06,35405813,187597296.00
2016/07/04,5.01,5.22,5.00,5.17,43463163,232206624.00
2016/07/05,5.18,5.32,5.16,5.29,41321193,226215648.00
2016/07/06,5.28,5.65,5.19,5.52,61458588,345770112.00
2016/07/07,5.50,5.70,5.45,5.59,69035981,400895552.00
2016/07/08,5.55,5.79,5.50,5.57,45528232,266663424.00
2016/07/11,5.58,5.69,5.50,5.54,38796291,223907216.00
2016/07/12,5.55,5.57,5.20,5.45,45895789,257315520.00
2016/07/13,5.41,5.54,5.38,5.43,28220167,159157248.00
2016/07/14,5.43,5.76,5.35,5.70,57198138,331744320.00
2016/07/15,5.65,5.79,5.58,5.61,35777802,209965360.00
2016/07/18,5.61,5.67,5.45,5.63,32988799,190046160.00
2016/07/19,5.67,5.78,5.56,5.65,34201068,200981552.00
2016/07/20,5.59,5.69,5.56,5.60,25633695,148962528.00
2016/07/21,5.61,5.64,5.48,5.51,31443698,180585520.00
2016/07/22,5.50,5.53,5.38,5.41,27456440,154630208.00
2016/07/25,5.41,5.52,5.38,5.45,20081500,113523840.00
2016/07/26,5.45,5.58,5.41,5.56,20459307,117328296.00
2016/07/27,5.60,5.61,5.15,5.18,39327492,218133152.00
2016/07/28,5.18,5.24,5.10,5.18,20332284,109036728.00
2016/07/29,5.19,5.23,5.06,5.12,13802425,73366232.00
2016/08/01,5.14,5.28,5.02,5.16,27728576,149024976.00
2016/08/02,5.13,5.28,5.12,5.25,16903628,92015912.00
2016/08/03,5.24,5.30,5.21,5.25,12731837,69307848.00
2016/08/04,5.25,5.29,5.20,5.26,13137185,71590168.00
2016/08/05,5.27,5.27,5.19,5.20,11744472,63568036.00
2016/08/08,5.16,5.23,5.01,5.22,17391023,92763080.00
2016/08/09,5.21,5.30,5.19,5.23,20433890,111118344.00
2016/08/10,5.21,5.25,5.16,5.18,14834429,80138312.00
2016/08/11,5.18,5.21,5.04,5.04,20835409,110974952.00
2016/08/12,5.04,5.11,5.01,5.11,19501881,102841992.00
2016/08/15,5.12,5.21,5.03,5.19,36371044,194061600.00
2016/08/16,5.18,5.23,5.09,5.20,26805988,144189056.00
2016/08/17,5.19,5.20,5.11,5.14,21632862,115911136.00
2016/08/18,5.17,5.18,5.12,5.16,18626290,99553928.00
2016/08/19,5.16,5.22,5.12,5.14,23782402,127430704.00
2016/08/22,5.14,5.38,5.14,5.26,51720869,284385504.00
2016/08/23,5.26,5.33,5.21,5.24,26268724,143523456.00
2016/08/24,5.24,5.27,5.20,5.25,17219325,93610696.00
2016/08/25,5.25,5.27,5.10,5.18,26976057,144896864.00
2016/08/26,5.19,5.26,5.15,5.15,25306067,136755760.00
2016/08/29,5.16,5.19,5.13,5.16,18593577,99691960.00
2016/08/30,5.16,5.22,5.15,5.18,14390310,77496088.00
2016/08/31,5.18,5.18,5.08,5.12,22366041,118869800.00
2016/09/01,5.12,5.16,5.09,5.10,13935678,74181352.00
2016/09/02,5.09,5.13,4.99,5.07,20677135,109009464.00
2016/09/05,5.08,5.18,5.06,5.13,20331211,108219776.00
2016/09/06,5.14,5.35,5.09,5.34,62175807,339960704.00
2016/09/07,5.39,5.45,5.27,5.28,44363342,246363600.00
2016/09/08,5.25,5.32,5.22,5.28,23613835,129065136.00
2016/09/09,5.27,5.33,5.22,5.23,19948674,108990680.00
2016/09/12,5.14,5.18,5.00,5.04,29671631,156599040.00
2016/09/13,5.08,5.10,5.00,5.04,17279410,90566680.00
2016/09/14,4.99,5.02,4.96,4.99,14293701,74186224.00
2016/09/19,4.99,5.06,4.99,5.06,12917325,67767016.00
2016/09/20,5.05,5.07,5.01,5.02,10943462,57407764.00
2016/09/21,5.02,5.09,5.00,5.06,11740056,61623032.00
2016/09/22,5.09,5.22,5.07,5.16,25721538,137374624.00
2016/09/23,5.22,5.22,5.10,5.11,14045836,75015528.00
2016/09/26,5.11,5.11,4.98,4.98,11863903,62126052.00
2016/09/27,4.99,5.04,4.96,5.03,9813619,50964648.00
2016/09/28,5.05,5.08,5.00,5.02,8043090,42148692.00
2016/09/29,5.03,5.07,5.00,5.01,9311116,48659964.00
2016/09/30,5.01,5.04,5.00,5.03,6648513,34701880.00
2016/10/10,5.04,5.12,5.02,5.12,24335346,127945488.00
2016/10/11,5.10,5.17,5.08,5.13,21823099,116044576.00
2016/10/12,5.11,5.12,5.06,5.10,13031825,68947552.00
2016/10/13,5.10,5.11,5.04,5.04,18718106,98566568.00
2016/10/14,5.04,5.07,4.96,4.99,23137923,120445176.00
2016/10/17,4.99,5.03,4.90,4.92,22947093,118711232.00
2016/10/18,4.91,5.01,4.90,5.00,15983445,82400248.00
2016/10/19,5.00,5.04,4.98,5.01,15179127,78985336.00
2016/10/20,5.04,5.15,5.02,5.09,39059437,206720176.00
2016/10/21,5.06,5.09,4.99,5.05,20305116,106211968.00
2016/10/24,5.03,5.08,5.00,5.07,18082786,94949600.00
2016/10/25,5.08,5.10,5.04,5.06,19159728,100872784.00
2016/10/26,5.07,5.07,5.00,5.02,15759747,82390864.00
2016/10/27,5.02,5.05,5.00,5.05,14481759,75649040.00
2016/10/28,5.04,5.06,4.99,4.99,14663600,76713448.00
2016/10/31,4.99,5.00,4.95,4.98,9516822,49254272.00
2016/11/01,4.99,5.01,4.97,5.01,15276918,79230872.00
2016/11/02,4.99,4.99,4.93,4.93,16423878,84668664.00
2016/11/03,4.93,4.99,4.91,4.96,16337804,84193704.00
2016/11/04,4.96,4.98,4.93,4.95,10944995,56377588.00
2016/11/07,4.96,4.99,4.95,4.97,10443656,53968812.00
2016/11/08,4.98,5.08,4.95,5.03,23668393,123745952.00
2016/11/09,5.02,5.02,4.92,4.97,18419515,95270624.00
2016/11/10,4.99,5.05,4.99,4.99,20523751,106949224.00
2016/11/11,5.00,5.04,4.98,5.03,25636413,133671936.00
2016/11/14,5.03,5.10,5.02,5.09,32090160,168782624.00
2016/11/15,5.09,5.09,5.04,5.08,17647486,92893128.00
2016/11/16,5.08,5.15,5.06,5.07,22210364,117708048.00
2016/11/17,5.08,5.09,5.03,5.06,16091071,84516192.00
2016/11/18,5.06,5.07,5.01,5.02,16860844,88251488.00
2016/11/21,5.01,5.05,4.99,5.04,20704468,107990576.00
2016/11/22,5.03,5.06,5.01,5.06,18527468,97056176.00
2016/11/23,5.05,5.09,5.03,5.05,16667269,87708760.00
2016/11/24,5.04,5.06,4.99,5.01,16245496,84872840.00
2016/11/25,5.00,5.02,4.93,5.02,16959006,87655816.00
2016/11/28,5.06,5.09,5.04,5.07,30101136,158564272.00
2016/11/29,5.05,5.06,4.99,5.00,22403392,117040168.00
2016/11/30,4.98,5.02,4.96,4.98,15065908,78157560.00
2016/12/01,4.98,5.00,4.96,5.00,14401746,74582440.00
2016/12/02,5.00,5.00,4.87,4.88,26478371,135734224.00
2016/12/05,4.86,4.93,4.85,4.86,15330897,77951264.00
2016/12/06,4.86,4.89,4.86,4.87,7383329,37496296.00
2016/12/07,4.88,4.91,4.86,4.90,10460503,53125096.00
2016/12/08,4.90,4.92,4.87,4.88,7290398,37117320.00
2016/12/09,4.87,4.89,4.86,4.87,7689818,38978076.00
2016/12/12,4.87,4.88,4.58,4.58,23670875,116556976.00
2016/12/13,4.57,4.57,4.47,4.54,13541938,63964660.00
2016/12/14,4.56,4.56,4.46,4.49,9978655,47006772.00
2016/12/15,4.46,4.79,4.42,4.61,27056770,129942072.00
2016/12/16,4.64,4.64,4.57,4.60,11667627,56061756.00
2016/12/19,4.59,4.60,4.55,4.57,8027141,38317152.00
2016/12/20,4.58,4.64,4.56,4.61,11675204,56128500.00
2016/12/21,4.65,4.78,4.65,4.70,18533512,91105744.00
2016/12/22,4.70,4.70,4.64,4.66,8278604,40307700.00
2016/12/23,4.66,4.72,4.62,4.63,8606599,41873128.00
2016/12/26,4.61,4.64,4.53,4.63,9570830,45777884.00
2016/12/27,4.62,4.64,4.59,4.62,6622658,31907224.00
2016/12/28,4.61,4.62,4.55,4.56,6936846,33162404.00
2016/12/29,4.56,4.61,4.54,4.57,6123017,29266750.00
2016/12/30,4.58,4.60,4.56,4.58,5441930,26021474.00
2017/01/03,4.58,4.66,4.57,4.64,9643300,46637500.00
2017/01/04,4.65,4.68,4.64,4.68,10017087,48783224.00
2017/01/05,4.67,4.70,4.65,4.69,9180116,44722568.00
2017/01/06,4.67,4.71,4.65,4.66,7666889,37335652.00
2017/01/09,4.66,4.69,4.63,4.67,10644614,51729336.00
2017/01/10,4.67,4.72,4.65,4.69,10152602,49633840.00
2017/01/11,4.68,4.69,4.61,4.62,8910532,43110204.00
2017/01/12,4.63,4.66,4.61,4.61,8148119,39398684.00
2017/01/13,4.60,4.72,4.57,4.71,36771865,178353920.00
2017/01/16,4.65,4.68,4.29,4.44,30504496,143359728.00
2017/01/17,4.38,4.47,4.36,4.44,10050087,46230296.00
2017/01/18,4.42,4.44,4.39,4.40,10597715,48936216.00
2017/01/19,4.40,4.40,4.35,4.37,7152075,32697356.00
2017/01/20,4.36,4.47,4.34,4.46,9364722,43353684.00
2017/01/23,4.44,4.56,4.42,4.53,17609359,82625200.00
2017/01/24,4.58,4.64,4.52,4.53,20043635,95820072.00
2017/01/25,4.50,4.57,4.50,4.54,7145705,33881848.00
2017/01/26,4.55,4.58,4.54,4.57,6379598,30406040.00
2017/02/03,4.58,4.60,4.54,4.56,5560555,26488836.00
2017/02/06,4.55,4.60,4.55,4.59,11615102,55490084.00
2017/02/07,4.62,4.75,4.60,4.64,25871159,125991016.00
2017/02/08,4.62,4.68,4.62,4.66,14268995,69181464.00
2017/02/09,4.66,4.67,4.63,4.66,16920027,82034592.00
2017/02/10,4.66,4.67,4.63,4.65,11930265,57883620.00
2017/02/13,4.65,4.68,4.64,4.66,9887129,48025384.00
2017/02/14,4.65,4.67,4.63,4.65,8323702,40321992.00
2017/02/15,4.64,4.67,4.62,4.64,11519769,55853064.00
2017/02/16,4.62,4.69,4.61,4.67,11921050,57819840.00
2017/02/17,4.66,4.68,4.61,4.61,10574504,51203192.00
2017/02/20,4.62,4.70,4.62,4.70,16765882,81646168.00
2017/02/21,4.70,4.73,4.68,4.70,12223712,59883452.00
2017/02/22,4.69,4.75,4.69,4.73,14458862,71296552.00
2017/02/23,4.73,4.73,4.67,4.71,10759081,52680596.00
2017/02/24,4.71,4.71,4.66,4.70,7172250,35014196.00
2017/02/27,4.69,4.73,4.67,4.68,10077925,49418436.00
2017/02/28,4.70,4.72,4.68,4.72,10591402,51940492.00
2017/03/01,4.71,4.73,4.68,4.69,11721126,57432416.00
2017/03/02,4.69,4.71,4.65,4.66,9423766,45953496.00
2017/03/03,4.66,4.66,4.61,4.63,10009256,48343076.00
2017/03/06,4.64,4.72,4.63,4.71,15994737,78185064.00
2017/03/07,4.72,4.79,4.70,4.77,22815002,112908040.00
2017/03/08,4.77,4.82,4.71,4.73,13797298,68329656.00
2017/03/09,4.71,4.74,4.66,4.68,11869571,57995864.00
2017/03/10,4.66,4.69,4.58,4.63,16605225,80207688.00
2017/03/13,4.61,4.68,4.58,4.67,14617222,70701496.00
2017/03/14,4.66,4.70,4.63,4.65,9988180,48612828.00
2017/03/15,4.64,4.66,4.61,4.63,7671362,37106128.00
2017/03/16,4.64,4.68,4.63,4.67,11700594,56831948.00
2017/03/17,4.66,4.69,4.64,4.65,14606868,71160464.00
2017/03/20,4.66,4.68,4.64,4.66,8405840,40817596.00
2017/03/21,4.66,4.67,4.64,4.66,8660766,42015056.00
2017/03/22,4.64,4.64,4.56,4.57,11654881,55860680.00
2017/03/23,4.57,4.60,4.52,4.56,9664795,46069888.00
2017/03/24,4.55,4.61,4.53,4.59,9857133,47019376.00
2017/03/27,4.60,4.66,4.60,4.65,11229165,54210704.00
2017/03/28,4.65,4.67,4.61,4.63,9348671,45232484.00
2017/03/29,4.70,4.87,4.70,4.71,40775284,202813808.00
2017/03/30,4.66,4.71,4.55,4.71,28504002,137921392.00
2017/03/31,4.70,4.84,4.67,4.80,36226773,180324384.00
2017/04/05,4.79,5.09,4.74,5.05,85881860,445610144.00
2017/04/06,5.00,5.12,4.98,5.05,42927245,225092416.00
2017/04/07,5.02,5.05,4.97,5.04,27069760,141019616.00
2017/04/10,5.02,5.02,4.93,4.94,26941562,139429696.00
2017/04/11,4.93,5.03,4.91,5.03,26741050,138363072.00
2017/04/12,5.03,5.03,4.96,5.00,14918906,77475224.00
2017/04/13,4.99,5.00,4.92,4.94,17057994,88027152.00
2017/04/14,4.95,4.99,4.81,4.83,20158854,102414096.00
2017/04/17,4.82,4.91,4.80,4.84,19709757,99623632.00
2017/04/18,4.87,4.91,4.81,4.81,13088758,66183332.00
2017/04/19,4.78,4.80,4.62,4.69,20851955,102054880.00
2017/04/20,4.69,4.71,4.56,4.62,19350650,93331896.00
2017/04/21,4.62,4.66,4.56,4.60,17953263,86343920.00
2017/04/24,4.63,4.65,4.53,4.58,15476023,74316128.00
2017/04/25,4.54,4.63,4.52,4.52,16129477,77127936.00
2017/04/26,4.55,4.56,4.40,4.42,28046318,130278272.00
2017/04/27,4.43,4.47,4.37,4.47,19802972,91718512.00
2017/04/28,4.45,4.53,4.42,4.51,19224086,90153952.00
2017/05/02,4.53,4.54,4.45,4.46,15516135,72819960.00
2017/05/03,4.46,4.51,4.42,4.44,16315556,76011544.00
2017/05/04,4.43,4.51,4.40,4.46,13204477,61617232.00
2017/05/05,4.41,4.44,4.36,4.37,17275753,79242568.00
2017/05/08,4.39,4.40,4.33,4.34,10926745,49939792.00
2017/05/09,4.37,4.37,4.31,4.35,14709861,66727572.00
2017/05/10,4.35,4.37,4.17,4.21,25711932,115276040.00
2017/05/11,4.19,4.20,4.03,4.12,21519261,92707128.00
2017/05/12,4.11,4.22,4.08,4.18,15475179,67260384.00
2017/05/15,4.17,4.24,4.16,4.18,8952599,39317088.00
2017/05/16,4.18,4.27,4.12,4.26,14330760,63116764.00
2017/05/17,4.25,4.31,4.22,4.26,15304982,68529128.00
2017/05/18,4.22,4.29,4.19,4.23,9719517,43210760.00
2017/05/19,4.24,4.30,4.23,4.29,10744124,48027924.00
2017/05/22,4.30,4.31,4.15,4.20,15082706,65878460.00
2017/05/23,4.17,4.23,4.11,4.12,11948274,51718600.00
2017/05/24,4.09,4.16,4.06,4.14,9769318,41651836.00
2017/05/25,4.15,4.20,4.11,4.20,9234319,39830136.00
2017/05/26,4.19,4.21,4.15,4.16,10454975,45221152.00
2017/05/31,4.20,4.21,4.15,4.15,7777669,33733656.00
2017/06/01,4.15,4.17,4.07,4.08,9526615,40811732.00
2017/06/02,4.05,4.19,4.00,4.14,14293843,60670588.00
2017/06/05,4.14,4.17,4.11,4.14,8546070,36716820.00
2017/06/06,4.12,4.20,4.12,4.18,10457174,45094564.00
2017/06/07,4.16,4.28,4.16,4.27,15709490,68936392.00
2017/06/08,4.27,4.27,4.22,4.24,8410862,36933132.00
2017/06/09,4.23,4.27,4.20,4.26,8163283,35794532.00
2017/06/12,4.22,4.35,4.22,4.29,15549641,69283832.00
2017/06/13,4.28,4.36,4.27,4.35,13110320,58694804.00
2017/06/14,4.33,4.36,4.28,4.30,7848732,34981996.00
2017/06/15,4.30,4.38,4.28,4.36,10341419,46472432.00
2017/06/16,4.36,4.36,4.30,4.30,7658908,34291644.00
2017/06/19,4.31,4.36,4.30,4.35,6578628,29507926.00
2017/06/20,4.35,4.43,4.35,4.38,15545959,70538064.00
2017/06/21,4.41,4.45,4.34,4.44,20374175,92664296.00
2017/06/22,4.43,4.53,4.41,4.41,22590124,104229632.00
2017/06/23,4.44,4.44,4.31,4.41,13284970,60240612.00
2017/06/26,4.41,4.46,4.38,4.46,10460228,47921368.00
2017/06/27,4.44,4.51,4.43,4.44,8547341,39479848.00
2017/06/28,4.43,4.43,4.38,4.38,6583421,29980698.00
2017/06/29,4.38,4.42,4.37,4.38,8339563,37889008.00
2017/06/30,4.38,4.40,4.35,4.40,6426692,29090746.00
2017/07/03,4.40,4.44,4.37,4.43,9031781,41160292.00
2017/07/04,4.43,4.43,4.35,4.40,8532205,38827028.00
2017/07/05,4.38,4.43,4.37,4.43,8240874,37562212.00
2017/07/06,4.42,4.45,4.39,4.42,8811016,40263804.00
2017/07/07,4.41,4.43,4.38,4.42,6260962,28518770.00
2017/07/10,4.40,4.49,4.39,4.46,12943164,59450752.00
2017/07/11,4.45,4.46,4.39,4.39,9733807,44509916.00
2017/07/12,4.39,4.40,4.26,4.32,11533014,51640220.00
2017/07/13,4.31,4.35,4.29,4.33,7931660,35516032.00
2017/07/14,4.33,4.35,4.29,4.34,6720400,30020630.00
2017/07/17,4.34,4.34,4.13,4.14,14444663,62801876.00
2017/07/18,4.13,4.18,4.08,4.17,12776574,54775804.00
2017/07/19,4.15,4.22,4.13,4.21,10924402,47236272.00
2017/07/20,4.21,4.23,4.18,4.22,9950273,43405808.00
2017/07/21,4.22,4.24,4.20,4.21,7654260,33424026.00
2017/07/24,4.21,4.27,4.18,4.25,10143674,44335548.00
2017/07/25,4.24,4.28,4.22,4.25,9058110,39793264.00
2017/07/26,4.25,4.26,4.19,4.21,7316241,31944196.00
2017/07/27,4.21,4.42,4.20,4.34,22730739,101147224.00
2017/07/28,4.33,4.34,4.27,4.29,12787746,56807476.00
2017/07/31,4.29,4.34,4.28,4.32,11494869,51291568.00
2017/08/01,4.32,4.40,4.32,4.37,16057118,72423584.00
2017/08/02,4.37,4.37,4.29,4.31,10430210,46759096.00
2017/08/03,4.31,4.39,4.27,4.35,11184246,50346904.00
2017/08/04,4.35,4.37,4.31,4.31,8653690,38862744.00
2017/08/07,4.32,4.36,4.28,4.35,10322712,46123208.00
2017/08/08,4.35,4.36,4.31,4.34,10411776,46640868.00
2017/08/09,4.33,4.34,4.30,4.33,7936997,35479392.00
2017/08/10,4.32,4.34,4.25,4.26,11521738,51093968.00
2017/08/11,4.24,4.28,4.21,4.22,8430237,36999820.00
2017/08/14,4.21,4.29,4.21,4.29,14318035,63259004.00
2017/08/15,4.30,4.31,4.25,4.28,7447916,32968396.00
2017/08/16,4.28,4.36,4.26,4.34,16761649,74900488.00
2017/08/17,4.34,4.38,4.31,4.36,16933721,76316768.00
2017/08/18,4.35,4.40,4.34,4.38,11740060,53039024.00
2017/08/21,4.37,4.43,4.36,4.42,14334314,65149896.00
2017/08/22,4.47,4.47,4.37,4.44,21906373,99873368.00
2017/08/23,4.43,4.44,4.37,4.37,12502780,56866860.00
2017/08/24,4.36,4.39,4.35,4.37,10625648,48063500.00
2017/08/25,4.37,4.42,4.37,4.42,10335745,47099584.00
2017/08/28,4.42,4.49,4.40,4.46,14489292,66869400.00
2017/08/29,4.46,4.53,4.43,4.44,15292381,70783488.00
2017/08/30,4.43,4.48,4.43,4.43,10675037,49044348.00
2017/08/31,4.44,4.47,4.41,4.47,10248036,47048252.00
2017/09/01,4.46,4.50,4.43,4.48,14330427,66144180.00
2017/09/04,4.47,4.51,4.46,4.51,12662259,58818452.00
2017/09/05,4.51,4.58,4.50,4.57,16233040,76184896.00
2017/09/06,4.55,4.59,4.53,4.58,10966905,51670340.00
2017/09/07,4.57,4.60,4.55,4.57,12902947,60942656.00
2017/09/08,4.55,4.62,4.55,4.61,12606128,59818144.00
2017/09/11,4.61,4.65,4.57,4.64,16571010,79040568.00
2017/09/12,4.64,4.65,4.58,4.61,14084242,67055048.00
2017/09/13,4.60,4.61,4.57,4.60,11619481,55114392.00
2017/09/14,4.60,4.60,4.52,4.57,18359727,86515888.00
2017/09/15,4.57,4.59,4.53,4.58,12888275,60647600.00
2017/09/18,4.56,4.62,4.56,4.57,12609906,59775340.00
2017/09/19,4.58,4.67,4.57,4.66,18830405,89867088.00
2017/09/20,4.65,4.79,4.63,4.73,26658783,129207528.00
2017/09/21,4.71,4.78,4.65,4.66,18308319,89085928.00
2017/09/22,4.64,4.65,4.57,4.60,14588516,69301368.00
2017/09/25,4.59,4.62,4.44,4.48,14228047,66801244.00
2017/09/26,4.45,4.58,4.45,4.57,13662979,63793392.00
2017/09/27,4.55,4.78,4.53,4.75,30165532,146286592.00
2017/09/28,4.76,4.77,4.69,4.75,14434279,70440152.00
2017/09/29,4.75,4.80,4.72,4.79,15879213,78076504.00
2017/10/09,4.83,4.99,4.81,4.88,35729952,181483872.00
2017/10/10,4.88,5.19,4.87,5.07,65980266,345372512.00
2017/10/11,5.07,5.17,4.95,5.06,47060628,245507296.00
2017/10/12,5.05,5.17,4.99,5.10,30502588,159017488.00
2017/10/13,5.08,5.16,5.00,5.04,33897244,178122736.00
2017/10/16,5.05,5.14,4.91,4.97,44500424,230883520.00
2017/10/17,4.97,5.00,4.83,4.95,30792717,156050080.00
2017/10/18,4.97,4.99,4.86,4.87,15615748,79078792.00
2017/10/19,4.86,4.86,4.73,4.80,21510400,106132696.00
2017/10/20,4.83,4.85,4.77,4.78,17540497,86803752.00
2017/10/23,4.81,4.93,4.78,4.86,20112376,100958192.00
2017/10/24,4.84,4.89,4.80,4.83,14097956,70305296.00
2017/10/25,4.84,5.09,4.82,5.04,39803916,205733200.00
2017/10/26,5.04,5.10,4.99,5.09,23453026,121721336.00
2017/10/27,5.21,5.44,5.15,5.17,74588297,404226432.00
2017/10/30,5.18,5.38,5.12,5.28,73782233,400543424.00
2017/10/31,5.24,5.43,5.20,5.38,53423273,293126720.00
2017/11/01,5.36,5.45,5.25,5.26,42046990,230774080.00
2017/11/02,5.24,5.27,5.11,5.19,31625938,169012096.00
2017/11/03,5.17,5.34,5.15,5.25,35737466,192560480.00
2017/11/06,5.27,5.49,5.22,5.49,57251875,316556992.00
2017/11/07,5.50,5.57,5.39,5.48,39107272,219756000.00
2017/11/08,5.45,5.52,5.37,5.39,32712372,183025120.00
2017/11/09,5.38,5.63,5.33,5.60,51322669,290816864.00
2017/11/10,5.57,5.74,5.51,5.68,57219406,332487232.00
2017/11/13,5.65,5.93,5.60,5.78,59101688,351141760.00
2017/11/14,5.74,5.81,5.58,5.64,40479689,235865792.00
2017/11/15,5.61,5.74,5.52,5.64,36553296,211065920.00
2017/11/16,5.56,5.71,5.56,5.67,22864638,132442600.00
2017/11/17,5.67,5.70,5.31,5.34,40486025,228352608.00
2017/11/20,5.26,5.53,5.24,5.52,27780372,154114400.00
2017/11/21,5.53,5.79,5.53,5.75,47685372,277716544.00
2017/11/22,5.73,5.80,5.55,5.64,36512791,213433200.00
2017/11/23,5.68,5.68,5.28,5.31,37139806,207842848.00
2017/11/24,5.33,5.48,5.28,5.33,26204594,144905776.00
2017/11/27,5.28,5.30,5.00,5.05,29052334,153960976.00
2017/11/28,5.10,5.21,5.06,5.20,19904301,105272984.00
2017/11/29,5.21,5.21,5.08,5.13,20932659,110476064.00
2017/11/30,5.14,5.31,5.10,5.15,25410099,135841120.00
2017/12/01,5.16,5.34,5.14,5.27,22546558,122358168.00
2017/12/04,5.30,5.53,5.27,5.38,30924222,171932624.00
2017/12/05,5.36,5.42,5.15,5.21,27466394,149042272.00
2017/12/06,5.10,5.43,5.09,5.42,33075282,178978864.00
2017/12/07,5.41,5.41,5.26,5.26,27143034,148597680.00
2017/12/08,5.20,5.50,5.20,5.40,37988478,211086176.00
2017/12/11,5.43,5.62,5.37,5.58,41625401,237340736.00
2017/12/12,5.58,5.63,5.51,5.52,26432249,150767568.00
2017/12/13,5.52,5.66,5.48,5.64,29163884,166885120.00
2017/12/14,5.61,5.66,5.52,5.55,35972421,205940224.00
2017/12/15,5.50,5.53,5.33,5.39,33637160,187415184.00
2017/12/18,5.38,5.42,5.28,5.41,20268193,111566664.00
2017/12/19,5.41,5.47,5.32,5.39,16775828,92977128.00
2017/12/20,5.36,5.58,5.27,5.55,47674309,267354016.00
2017/12/21,5.54,5.70,5.48,5.65,49391304,284368000.00
2017/12/22,5.64,5.71,5.59,5.63,30806890,178301744.00
2017/12/25,5.66,5.69,5.55,5.64,32665808,188386144.00
2017/12/26,5.60,5.61,5.31,5.40,51559315,287496896.00
2017/12/27,5.43,5.43,5.11,5.17,53951238,290346272.00
2017/12/28,5.12,5.23,5.08,5.13,25488838,135466320.00
2017/12/29,5.13,5.23,5.12,5.18,20400926,108411560.00
2018/01/02,5.15,5.21,5.14,5.17,19306315,102677224.00
2018/01/03,5.17,5.19,5.06,5.18,32959116,173921840.00
2018/01/04,5.16,5.26,5.12,5.20,29023090,154927760.00
2018/01/05,5.21,5.26,5.13,5.13,26753311,142472480.00
2018/01/08,5.15,5.15,4.92,4.99,36459788,187479984.00
2018/01/09,4.97,5.05,4.95,5.00,22926743,117913952.00
2018/01/10,4.98,5.04,4.91,5.02,24868203,127236688.00
2018/01/11,5.00,5.03,4.93,4.99,15426800,79169744.00
2018/01/12,5.00,5.02,4.93,4.93,13383989,68553800.00
2018/01/15,4.91,4.92,4.74,4.75,28221421,140297536.00
2018/01/16,4.72,4.80,4.55,4.60,32442830,156409600.00
2018/01/17,4.59,4.67,4.43,4.60,26400698,124083512.00
2018/01/18,4.60,4.67,4.57,4.60,15696992,74862144.00
2018/01/19,4.60,4.65,4.50,4.58,23910048,112697880.00
2018/01/22,4.56,4.72,4.53,4.71,22744258,108561208.00
2018/01/23,4.67,4.73,4.64,4.68,12304567,59433908.00
2018/01/24,4.70,4.70,4.60,4.68,18138916,86910168.00
2018/01/25,4.67,4.73,4.63,4.65,17219729,83152592.00
2018/01/26,4.61,4.67,4.60,4.62,13985544,66786344.00
2018/01/29,4.62,4.64,4.47,4.50,19807616,92894808.00
2018/01/30,4.49,4.52,4.48,4.51,7617972,35462688.00
2018/01/31,4.51,4.51,4.24,4.26,25902303,116532976.00
2018/02/01,4.26,4.31,4.06,4.12,44664504,191037520.00
2018/02/02,4.08,4.19,4.03,4.16,13369031,57336540.00
2018/02/05,4.08,4.16,4.06,4.11,11003989,46990196.00
2018/02/06,4.04,4.09,3.92,3.93,20908863,86566216.00
2018/02/07,4.01,4.04,3.77,3.96,27032000,109744464.00
2018/02/08,3.95,4.07,3.91,4.03,14120310,58743944.00
2018/02/09,3.91,4.15,3.89,4.05,25676002,107685680.00
2018/02/12,4.06,4.33,4.05,4.31,27179795,118435944.00
2018/02/13,4.30,4.31,4.14,4.22,19236396,84080688.00
2018/02/14,4.19,4.24,4.11,4.13,10227934,43986052.00
2018/02/22,4.17,4.27,4.15,4.23,12694660,55519728.00
2018/02/23,4.21,4.28,4.17,4.23,12581271,55056080.00
2018/02/26,4.24,4.46,4.22,4.43,26994060,122052368.00
2018/02/27,4.42,4.50,4.40,4.43,18246886,83886648.00
2018/02/28,4.40,4.54,4.35,4.46,16140496,74570616.00
2018/03/01,4.44,4.57,4.41,4.54,13478640,62936736.00
2018/03/02,4.50,4.64,4.50,4.52,21305427,100560112.00
2018/03/05,4.50,4.56,4.44,4.51,14513053,67407104.00
2018/03/06,4.52,4.62,4.52,4.60,16551846,78395008.00
2018/03/07,4.63,4.63,4.51,4.53,13780727,64818436.00
2018/03/08,4.51,4.54,4.48,4.52,8943919,41716532.00
2018/03/09,4.55,4.76,4.55,4.70,26131384,126146936.00
2018/03/12,4.70,4.87,4.70,4.71,22967379,113138824.00
2018/03/13,4.72,4.76,4.67,4.72,12678149,61865244.00
2018/03/14,4.67,4.73,4.53,4.56,18284220,87365400.00
2018/03/15,4.55,4.57,4.43,4.50,19695693,91558696.00
2018/03/16,4.50,4.56,4.45,4.47,11010500,51242528.00
2018/03/19,4.47,4.56,4.40,4.45,17834496,82672368.00
2018/03/20,4.41,4.51,4.41,4.51,10802767,49767536.00
2018/03/21,4.54,4.56,4.44,4.46,12471594,58138488.00
2018/03/22,4.42,4.45,4.17,4.19,36838786,163049760.00
2018/03/23,4.02,4.09,3.90,3.93,29991667,124213272.00
2018/03/26,3.90,4.02,3.83,4.01,18416857,75361552.00
2018/03/27,4.09,4.16,4.05,4.11,19181345,81671936.00
2018/03/28,4.05,4.12,4.03,4.07,10819784,45811960.00
2018/03/29,4.09,4.14,4.08,4.12,9658015,41145032.00
2018/03/30,4.14,4.23,4.13,4.21,13691419,59336588.00
2018/04/02,4.23,4.32,4.18,4.27,16962553,74821688.00
2018/04/03,4.20,4.21,4.13,4.18,14183560,61189856.00
2018/04/04,4.18,4.21,4.08,4.08,10508343,45075176.00
2018/04/09,4.07,4.10,3.96,4.00,14766870,61429204.00
2018/04/10,4.02,4.04,3.92,4.01,19635415,80951776.00
2018/04/11,4.02,4.08,4.00,4.04,13567487,56922844.00
2018/04/12,4.04,4.09,3.99,4.06,13180208,55427600.00
2018/04/13,4.07,4.09,4.03,4.05,8472562,35641680.00
2018/04/16,4.03,4.08,3.95,3.98,12440235,51741020.00
2018/04/17,4.01,4.04,3.98,4.01,13467391,56137248.00
2018/04/18,4.07,4.43,4.01,4.25,39166733,171049632.00
2018/04/19,4.25,4.25,4.11,4.15,29730268,128467672.00
2018/04/20,4.11,4.21,4.08,4.17,21512395,92522432.00
2018/04/23,4.14,4.20,4.07,4.13,19629450,83967552.00
2018/04/24,4.16,4.31,4.11,4.28,28843616,125996800.00
2018/04/25,4.23,4.33,4.23,4.31,20721840,91807288.00
2018/04/26,4.32,4.40,4.26,4.28,22807794,101933648.00
2018/04/27,4.28,4.34,4.20,4.22,18068690,79724560.00
2018/05/02,4.25,4.26,4.09,4.24,19003480,82213192.00
2018/05/03,4.20,4.32,4.12,4.30,19052433,83504504.00
2018/05/04,4.28,4.30,4.21,4.21,13138856,57838956.00
2018/05/07,4.21,4.29,4.20,4.29,14206211,62565628.00
2018/05/08,4.30,4.40,4.27,4.40,20186259,90630400.00
2018/05/09,4.37,4.42,4.33,4.35,12000796,54218828.00
2018/05/10,4.36,4.37,4.26,4.30,11785154,51968300.00
2018/05/11,4.32,4.34,4.26,4.27,9051661,39701816.00
2018/05/14,4.29,4.34,4.27,4.30,12056642,53093468.00
2018/05/15,4.32,4.38,4.23,4.37,12968289,57233684.00
2018/05/16,4.40,4.43,4.35,4.38,18387350,82686328.00
2018/05/17,4.40,4.42,4.33,4.37,9654169,43245736.00
2018/05/18,4.37,4.37,4.29,4.35,8604200,38127860.00
2018/05/21,4.37,4.46,4.36,4.42,12538497,56739280.00
2018/05/22,4.42,4.45,4.35,4.38,10222833,45975784.00
2018/05/23,4.37,4.40,4.30,4.35,10466811,46479304.00
2018/05/24,4.33,4.35,4.25,4.27,12922474,56726976.00
2018/05/25,4.26,4.28,4.20,4.23,6298581,27331882.00
2018/05/28,4.23,4.26,4.18,4.19,7362274,31798644.00
2018/05/29,4.18,4.22,4.14,4.16,8875320,37985708.00
2018/05/30,4.10,4.14,3.97,3.98,11826946,49227096.00
2018/05/31,4.00,4.08,4.00,4.03,8593735,35567852.00
2018/06/01,4.02,4.06,3.96,3.99,8122459,33370058.00
2018/06/04,4.02,4.06,3.98,4.03,8409966,34686184.00
2018/06/05,4.02,4.10,4.01,4.10,6371694,26546920.00
2018/06/06,4.09,4.10,4.05,4.08,4533726,18917102.00
2018/06/07,4.09,4.11,4.03,4.06,5412469,22564734.00
2018/06/08,4.04,4.09,3.99,4.03,7385811,30649846.00
2018/06/11,4.00,4.12,3.98,4.11,16495166,69088488.00
2018/06/12,4.08,4.12,4.05,4.10,10206476,42661300.00
2018/06/13,4.07,4.13,4.04,4.05,8211601,34379500.00
2018/06/14,4.03,4.06,3.97,4.06,9831348,40556412.00
2018/06/15,4.04,4.07,3.99,4.01,7861042,32424520.00
2018/06/19,3.98,3.98,3.61,3.65,19508315,75832208.00
2018/06/20,3.62,3.78,3.62,3.74,8255247,31380722.00
2018/06/21,3.73,3.78,3.57,3.59,11731845,44181044.00
2018/06/22,3.58,3.67,3.54,3.64,6438207,23967318.00
2018/06/25,3.69,3.70,3.58,3.60,7935700,29540702.00
2018/06/26,3.56,3.60,3.26,3.55,8837625,32043010.00
2018/06/27,3.57,3.59,3.50,3.53,8145773,29713232.00
2018/06/28,3.53,3.57,3.50,3.50,7297159,26501948.00
2018/06/29,3.51,3.65,3.51,3.64,8671040,32073384.00
2018/07/02,3.64,3.76,3.60,3.63,7899337,29765156.00
2018/07/03,3.63,3.73,3.63,3.72,8175515,30949668.00
2018/07/04,3.74,3.75,3.67,3.70,7976351,30417166.00
2018/07/05,3.70,3.77,3.67,3.67,8170619,31252084.00
2018/07/06,3.68,3.77,3.61,3.72,10311805,39254420.00
2018/07/09,3.72,3.81,3.71,3.80,7547741,29283190.00
2018/07/10,4.00,4.12,3.97,4.07,33484400,138048400.00
2018/07/11,3.99,4.04,3.89,3.96,15963705,64764172.00
2018/07/12,3.95,4.08,3.90,4.06,16054155,66651996.00
2018/07/13,4.08,4.11,4.00,4.09,13013905,54302056.00
2018/07/16,4.12,4.30,4.10,4.24,20144080,86990296.00
2018/07/17,4.19,4.40,4.19,4.30,26811514,118522664.00
2018/07/18,4.41,4.66,4.31,4.31,34734732,159143552.00
2018/07/19,4.38,4.48,4.32,4.41,24209526,109010144.00
2018/07/20,4.38,4.44,4.25,4.36,27876137,124091096.00
2018/07/23,4.36,4.47,4.36,4.41,18185097,82035176.00
2018/07/24,4.38,4.42,4.33,4.36,18992821,84948776.00
2018/07/25,4.35,4.50,4.34,4.49,23308895,106096912.00
2018/07/26,4.51,4.57,4.38,4.40,26632370,122149864.00
2018/07/27,4.39,4.62,4.36,4.57,33195521,154310288.00
2018/07/30,4.57,4.62,4.46,4.48,22275940,103181808.00
2018/07/31,4.43,4.48,4.29,4.40,22804135,102072760.00
2018/08/01,4.40,4.60,4.40,4.49,33867490,157041984.00
2018/08/02,4.49,4.53,4.16,4.46,34049230,151336480.00
2018/08/03,4.41,4.45,4.23,4.26,25791608,114218240.00
2018/08/06,4.21,4.42,4.18,4.26,21558237,95336768.00
2018/08/07,4.27,4.37,4.26,4.37,12560584,55736972.00
2018/08/08,4.40,4.46,4.35,4.37,14130243,63582940.00
2018/08/09,4.35,4.68,4.33,4.66,33068901,154839888.00
2018/08/10,4.68,4.76,4.61,4.71,24023870,115421336.00
2018/08/13,4.77,4.95,4.72,4.86,42393158,209645504.00
2018/08/14,4.90,4.92,4.78,4.80,26899746,133215704.00
2018/08/15,4.85,4.91,4.73,4.78,24819365,122168248.00
2018/08/16,4.74,4.93,4.71,4.78,25989875,128508800.00
2018/08/17,4.80,5.05,4.80,4.85,37154059,187437632.00
2018/08/20,4.77,5.14,4.76,5.13,45625717,233637552.00
2018/08/21,5.12,5.22,5.05,5.12,28034265,146294032.00
2018/08/22,5.14,5.14,4.88,4.98,27961952,142098880.00
2018/08/23,4.98,5.27,4.93,5.23,48014127,253092528.00
2018/08/24,5.51,5.76,5.50,5.76,62800406,365766560.00
2018/08/27,6.04,6.35,5.83,6.35,119019402,744260032.00
2018/08/28,6.52,6.52,6.22,6.29,122487477,792076480.00
2018/08/29,6.36,6.37,6.17,6.24,65864784,419510912.00
2018/08/30,6.30,6.49,6.25,6.37,80995363,524198336.00
2018/08/31,6.27,6.48,6.00,6.22,63960124,408179744.00
2018/09/03,6.32,6.85,6.05,6.85,104907250,682534784.00
2018/09/04,6.80,7.04,6.47,6.57,126827110,862978688.00
2018/09/05,6.48,6.64,6.45,6.48,67201058,445724448.00
2018/09/06,6.42,6.59,6.28,6.44,51143696,334128992.00
2018/09/07,6.48,6.64,6.15,6.23,78304240,509518112.00
2018/09/10,6.19,6.37,6.07,6.15,62243457,392967360.00
2018/09/11,6.23,6.55,6.16,6.33,65739420,423279328.00
2018/09/12,6.35,6.51,6.22,6.34,49690156,320591040.00
2018/09/13,6.44,6.54,6.10,6.45,64236581,414359232.00
2018/09/14,6.43,6.49,6.08,6.09,52737051,334674464.00
2018/09/17,6.05,6.18,6.00,6.01,31023097,191724720.00
2018/09/18,5.98,6.45,5.98,6.39,59953246,377582432.00
2018/09/19,6.36,7.03,6.30,6.71,71037570,475810432.00
2018/09/20,6.71,6.77,6.59,6.65,37698726,255036128.00
2018/09/21,6.68,6.75,6.52,6.71,33889178,228513552.00
2018/09/25,6.59,6.85,6.55,6.75,28751086,196439952.00
2018/09/26,6.83,7.00,6.62,6.72,39234938,271688256.00
2018/09/27,6.75,6.75,6.49,6.51,41642204,278672384.00
2018/09/28,6.51,6.57,6.09,6.35,72530501,460696096.00
2018/10/08,6.10,6.30,6.02,6.09,40592315,253460448.00
2018/10/09,6.15,6.21,5.81,5.98,46170301,279395616.00
2018/10/10,5.97,6.09,5.75,5.96,39561316,238745056.00
2018/10/11,5.70,5.95,5.49,5.60,49508309,287192736.00
2018/10/12,5.65,6.12,5.56,6.03,57726096,343145632.00
2018/10/15,6.03,6.35,5.99,6.13,52713316,331352288.00
2018/10/16,6.12,6.29,5.91,6.04,32718612,201942112.00
2018/10/17,6.15,6.54,6.10,6.39,68287537,436924608.00
2018/10/18,6.31,6.53,6.13,6.24,45210035,290112032.00
2018/10/19,5.99,6.69,5.74,6.63,69690182,445586784.00
2018/10/22,7.05,7.30,7.00,7.30,47286728,345477856.00
2018/10/23,7.85,7.90,7.22,7.30,120846717,922348544.00
2018/10/24,7.23,7.50,7.04,7.18,63454953,467486336.00
2018/10/25,7.01,7.70,6.85,7.58,70715617,520292768.00
2018/10/26,7.51,7.68,7.23,7.38,51493554,389470720.00
2018/10/29,7.38,7.48,7.12,7.38,33288591,247093232.00
2018/10/30,7.35,7.44,6.87,7.14,56107104,406139520.00
2018/10/31,7.05,7.28,6.92,7.21,44389195,320863296.00
2018/11/01,7.20,7.64,7.20,7.26,56435320,423595552.00
2018/11/02,7.47,7.64,7.34,7.57,57876143,439857856.00
2018/11/05,7.56,7.88,7.14,7.62,64766822,493802176.00
2018/11/06,7.50,8.30,7.44,8.00,85182170,676389632.00
2018/11/07,7.90,8.17,7.81,7.88,60595213,488545504.00
2018/11/08,7.95,7.99,7.57,7.64,43850651,344842048.00
2018/11/09,7.56,7.95,7.53,7.78,41482082,327191072.00
2018/11/12,7.80,7.95,7.62,7.89,40875995,324016480.00
2018/11/13,7.75,8.13,7.72,7.76,59305462,475004768.00
2018/11/14,7.60,7.73,7.53,7.60,39471787,304897696.00
2018/11/15,7.60,7.83,7.43,7.75,53351038,413784928.00
2018/11/16,7.67,8.05,7.61,8.00,59070358,470626784.00
2018/11/19,7.92,8.00,7.62,7.74,48291550,378993792.00
2018/11/20,7.56,7.67,7.19,7.23,50277337,378222624.00
2018/11/21,7.12,7.42,7.06,7.34,34432681,254232592.00
2018/11/22,7.33,7.37,7.02,7.02,43854982,317236864.00
2018/11/23,7.02,7.14,6.91,7.10,36535867,260728864.00
2018/11/26,7.08,7.23,6.97,7.16,32455642,233819504.00
2018/11/27,7.20,7.62,7.11,7.58,62641318,471372928.00
2018/11/28,7.58,7.58,7.28,7.45,38812598,293117248.00
2018/11/29,7.48,7.66,7.03,7.09,49836257,371615136.00
2018/11/30,7.02,7.27,7.00,7.23,35269727,253781568.00
2018/12/03,7.66,7.82,7.46,7.76,69709204,541780160.00
2018/12/04,7.70,7.81,7.56,7.67,41923995,325114144.00
2018/12/05,7.51,7.80,7.47,7.56,43138769,334295456.00
2018/12/06,7.20,7.20,6.79,6.79,116871738,825522752.00
2018/12/07,6.85,7.05,6.85,6.95,55147514,390269248.00
2018/12/10,6.85,7.19,6.81,7.05,50435006,362412480.00
2018/12/11,7.19,7.34,7.05,7.18,35595744,260544960.00
2018/12/12,7.33,7.35,7.15,7.16,28186193,206526528.00
2018/12/13,7.21,7.35,7.16,7.23,35636605,262247920.00
2018/12/14,7.19,7.20,6.80,6.90,54112392,383968192.00
2018/12/17,6.80,6.93,6.61,6.75,33733217,230768048.00
2018/12/18,6.68,6.79,6.39,6.53,51617362,342976032.00
2018/12/19,6.58,6.68,6.53,6.54,32122378,215667456.00
2018/12/20,6.53,6.63,6.44,6.61,29540450,196177696.00
2018/12/21,6.57,6.68,6.50,6.62,32266038,216058272.00
2018/12/24,6.59,7.15,6.56,7.10,71587284,501734496.00
2018/12/25,6.98,7.33,6.86,7.17,68720726,493549280.00
2018/12/26,7.13,7.24,7.00,7.14,42601972,306728416.00
2018/12/27,7.24,7.24,6.97,7.01,39096428,281300384.00
2018/12/28,7.01,7.15,6.86,7.07,36207814,257937808.00
2019/01/02,7.10,7.20,7.03,7.09,32321363,232998320.00
2019/01/03,7.01,7.13,6.70,6.70,49015198,341026976.00
2019/01/04,6.60,7.38,6.58,7.33,74567796,533757472.00
2019/01/07,7.31,7.88,7.31,7.67,87043669,670289792.00
2019/01/08,7.71,7.98,7.58,7.74,68016509,534852128.00
2019/01/09,7.74,7.93,7.58,7.67,62600821,492755520.00
2019/01/10,7.67,7.83,7.47,7.61,55162346,427045504.00
2019/01/11,7.67,7.93,7.57,7.65,55912388,438390016.00
2019/01/14,7.59,7.78,7.45,7.74,46403140,358598176.00
2019/01/15,7.66,7.79,7.49,7.73,49760157,384165792.00
2019/01/16,7.71,8.39,7.63,8.14,103222937,847770176.00
2019/01/17,8.06,8.27,7.93,8.00,56329137,460647712.00
2019/01/18,7.90,8.09,7.79,8.03,54138768,434862080.00
2019/01/21,8.00,8.29,7.95,8.20,62430058,515099872.00
2019/01/22,8.12,8.15,7.90,7.97,45495743,368713728.00
2019/01/23,7.86,8.01,7.78,7.86,31732911,253198176.00
2019/01/24,7.85,8.15,7.75,8.04,42657557,346133856.00
2019/01/25,8.02,8.22,7.92,7.94,38724958,316680416.00
2019/01/28,7.97,8.45,7.89,8.25,63430129,528646976.00
2019/01/29,8.21,8.38,8.01,8.16,50959252,422498720.00
2019/01/30,8.17,8.17,7.90,7.91,35474002,287188576.00
2019/01/31,7.91,8.21,7.90,8.02,37166985,303276512.00
2019/02/01,7.99,8.49,7.99,8.47,52204192,437987392.00
2019/02/11,8.54,8.98,8.48,8.95,62771232,554715648.00
2019/02/12,8.91,9.01,8.75,8.89,53257808,476650848.00
2019/02/13,8.90,9.19,8.82,8.92,65189902,590698560.00
2019/02/14,8.90,9.14,8.72,9.02,48328947,435108608.00
2019/02/15,8.96,9.12,8.79,8.83,45735654,412759776.00
2019/02/18,8.88,9.72,8.87,9.72,86607889,819352576.00
2019/02/19,9.95,10.25,9.80,10.00,98958063,996293888.00
2019/02/20,9.90,10.55,9.87,10.46,77059979,795681600.00
2019/02/21,10.45,11.08,10.01,10.16,114846299,1220868480.00
2019/02/22,10.23,10.77,10.12,10.58,99483300,1044893632.00
2019/02/25,10.96,11.65,10.62,11.65,127781199,1453428096.00
2019/02/26,11.66,11.70,10.99,11.00,126523296,1444735488.00
2019/02/27,10.94,11.34,10.48,10.70,92806506,1013154688.00
2019/02/28,10.58,10.85,10.41,10.76,59475121,638551808.00
2019/03/01,10.85,10.93,10.43,10.80,57044631,615761856.00
2019/03/04,10.87,11.48,10.71,10.93,113256398,1268296960.00
2019/03/05,10.78,11.27,10.65,11.25,81776636,913576256.00
2019/03/06,11.21,11.36,10.91,11.10,83783932,934168000.00
2019/03/07,10.94,10.95,10.42,10.64,104507545,1123854720.00
2019/03/08,10.27,11.33,10.12,10.73,114470611,1259052032.00
2019/03/11,10.83,11.79,10.67,11.79,128981201,1471534592.00
2019/03/12,11.80,12.00,11.27,11.61,108866773,1278739456.00
2019/03/13,11.40,11.48,10.87,10.98,77283594,870737600.00
2019/03/14,10.90,11.55,10.65,11.19,85292678,952707200.00
2019/03/15,11.30,11.38,10.90,11.00,50753810,568527808.00
2019/03/18,11.00,11.08,10.50,11.03,68817506,749976320.00
2019/03/19,10.99,11.35,10.85,11.09,56222060,631489152.00
2019/03/20,11.01,11.17,10.68,11.02,39332597,434237376.00
2019/03/21,11.06,11.27,10.92,10.95,53264600,594922880.00
2019/03/22,10.93,10.99,10.60,10.78,50819578,551542336.00
2019/03/25,10.49,10.87,10.41,10.78,36990390,400106496.00
2019/03/26,10.96,11.18,10.47,10.49,63118918,687838464.00
2019/03/27,10.65,11.48,10.52,11.28,101429952,1131048192.00
2019/03/28,11.13,11.65,10.95,11.01,82084717,935941440.00
2019/03/29,11.10,11.45,10.75,11.43,84839093,958197376.00
2019/04/01,11.75,12.58,11.50,12.58,128499070,1573341952.00
2019/04/02,12.61,12.88,12.20,12.28,101576944,1283058944.00
2019/04/03,12.15,12.58,11.98,12.52,65521530,816547584.00
2019/04/04,12.48,12.77,12.28,12.43,55910069,703001792.00
2019/04/08,12.47,12.65,11.80,11.98,69465073,850227648.00
2019/04/09,11.95,12.45,11.81,12.13,48937909,599426112.00
2019/04/10,12.01,12.27,11.80,12.05,46559968,563564544.00
2019/04/11,11.95,12.05,11.50,11.56,47681551,561465984.00
2019/04/12,11.53,11.75,11.46,11.56,30185768,353930848.00
2019/04/15,11.86,12.17,11.59,11.65,55183515,662727744.00
2019/04/16,11.55,12.67,11.45,12.59,93329485,1151280512.00
2019/04/17,12.63,12.73,12.28,12.33,67518420,847414400.00
2019/04/18,12.26,12.72,12.15,12.36,57464071,721340800.00
2019/04/19,12.37,12.50,12.03,12.42,45974769,569109376.00
2019/04/22,12.45,13.24,12.34,12.74,80354309,1039811456.00
2019/04/23,12.60,12.69,12.19,12.27,57833370,722624768.00
2019/04/24,12.36,12.55,12.07,12.45,47073849,584121408.00
2019/04/25,12.39,12.40,11.71,11.80,51845978,632225600.00
2019/04/26,11.71,12.08,11.62,11.75,39738579,475517472.00
2019/04/29,11.73,11.96,11.45,11.59,41844433,492749056.00
2019/04/30,11.48,11.77,11.02,11.29,50947271,582379456.00
2019/05/06,10.60,10.81,10.15,10.15,51131376,533830240.00
2019/05/07,10.02,10.18,9.60,9.97,61793213,618762944.00
2019/05/08,9.57,10.15,9.46,9.82,46822452,465955104.00
2019/05/09,9.71,9.99,9.62,9.79,28450893,282861888.00
2019/05/10,10.01,10.76,9.80,10.57,75488641,785747456.00
2019/05/13,10.40,10.56,10.07,10.22,45470678,469088000.00
2019/05/14,10.10,10.45,10.10,10.30,40943602,422194848.00
2019/05/15,10.41,10.75,10.41,10.66,45841543,486139040.00
2019/05/16,10.60,10.60,10.13,10.29,69875782,719870080.00
2019/05/17,10.21,10.47,9.80,9.89,58616329,592601920.00
2019/05/20,9.88,9.95,8.90,8.97,121465796,1096837248.00
2019/05/21,9.00,9.38,8.81,9.18,87683732,799590464.00
2019/05/22,9.28,9.59,9.20,9.31,70906557,665352256.00
2019/05/23,9.17,9.39,8.90,9.10,56831486,519098880.00
2019/05/24,9.12,9.35,9.05,9.14,39149998,358755648.00
2019/05/27,9.17,9.55,9.10,9.50,56354231,527699616.00
2019/05/28,9.45,9.55,9.31,9.35,47442640,446674464.00
2019/05/29,9.29,9.47,9.26,9.36,39808614,373624544.00
2019/05/30,9.27,9.28,8.95,9.10,48018650,435865120.00
2019/05/31,9.11,9.39,9.10,9.20,40357017,373956096.00
2019/06/03,9.26,10.12,9.26,9.95,124496767,1213802880.00
2019/06/04,10.16,10.68,9.88,10.37,135744583,1405469568.00
2019/06/05,10.68,10.75,10.21,10.50,94245474,988347008.00
2019/06/06,10.42,10.46,9.81,9.88,78485452,784757248.00
2019/06/10,9.89,10.64,9.89,10.51,86393602,891557440.00
2019/06/11,10.50,10.74,10.20,10.65,95412813,1002418432.00
2019/06/12,10.50,10.84,10.45,10.50,77793894,828255680.00
2019/06/13,10.50,10.78,10.25,10.47,51223580,538081792.00
2019/06/14,10.45,10.53,10.11,10.15,40595783,417375424.00
2019/06/17,10.15,10.25,10.03,10.19,28733382,291612544.00
2019/06/18,10.17,10.27,9.94,10.12,29669309,300516608.00
2019/06/19,10.69,10.80,10.42,10.43,83358093,886956672.00
2019/06/20,10.43,10.81,10.37,10.64,55557657,589721728.00
2019/06/21,10.75,11.25,10.75,11.14,73595947,814308800.00
2019/06/24,11.10,11.10,10.81,10.88,49295147,537422848.00
2019/06/25,10.85,10.87,10.58,10.79,38543829,412783232.00
2019/06/26,10.65,11.44,10.65,11.25,70848355,794200512.00
2019/06/27,12.38,12.38,12.38,12.38,13318484,164882832.00
2019/06/28,13.62,13.62,13.49,13.62,118778255,1617282816.00
2019/07/01,14.49,14.98,14.17,14.98,302893416,4458103296.00
2019/07/02,14.63,14.64,13.66,13.79,232388211,3281745152.00
2019/07/03,14.03,14.35,13.75,14.09,154054796,2164456960.00
2019/07/04,13.79,13.97,13.23,13.61,136542588,1852936448.00
2019/07/05,13.62,13.84,13.36,13.70,92358251,1259851264.00
2019/07/08,13.75,13.95,13.35,13.95,104557724,1431640704.00
2019/07/09,13.86,14.17,13.57,13.87,91296634,1267986304.00
2019/07/10,14.00,14.10,13.45,13.47,76822381,1055009792.00
2019/07/11,13.50,14.65,13.31,14.25,126047796,1755304064.00
2019/07/12,14.10,14.29,13.77,13.87,66747128,933579456.00
2019/07/15,13.81,14.63,13.60,14.28,86496400,1229196416.00
2019/07/16,14.19,15.50,14.16,15.26,123665051,1853171328.00
2019/07/17,15.10,15.47,14.85,15.02,91344994,1379843200.00
2019/07/18,14.89,14.96,14.40,14.41,75048101,1099511168.00
2019/07/19,14.49,14.73,14.31,14.39,50091635,726534336.00
2019/07/22,14.43,14.58,13.88,14.27,51085311,731719808.00
2019/07/23,14.37,14.90,14.22,14.86,67337354,987143744.00
2019/07/24,14.88,15.47,14.75,15.17,88474080,1336295680.00
2019/07/25,15.18,16.59,15.02,16.04,122781176,1953421056.00
2019/07/26,15.85,16.24,15.77,15.99,67512524,1078950528.00
2019/07/29,16.08,16.94,16.08,16.68,87749155,1454170112.00
2019/07/30,16.57,16.74,16.01,16.16,90211263,1475969664.00
2019/07/31,16.20,16.50,16.04,16.38,65690619,1069546304.00
2019/08/01,16.20,16.33,16.01,16.29,45498160,735841088.00
2019/08/02,15.77,16.24,15.31,16.06,69402603,1100444160.00
2019/08/05,15.99,16.83,15.89,16.17,79993815,1311791488.00
2019/08/06,15.61,17.60,15.61,17.24,125795685,2089042688.00
2019/08/07,17.25,17.68,16.93,17.24,85845791,1481892096.00
2019/08/08,17.08,18.87,17.03,18.61,104833659,1868099072.00
2019/08/09,18.55,19.68,17.57,18.50,127833853,2393630464.00
2019/08/12,18.44,20.24,18.20,20.10,110296137,2096671104.00
2019/08/13,19.71,20.09,19.00,19.53,119823617,2341846272.00
2019/08/14,19.90,20.20,18.40,18.54,153344775,2950664704.00
2019/08/15,17.65,19.15,17.09,18.69,132988429,2391779072.00
2019/08/16,18.21,18.74,18.19,18.26,88604202,1633866624.00
2019/08/19,18.49,19.59,18.20,19.00,134505743,2545969920.00
2019/08/20,18.90,19.99,18.90,19.37,124029974,2410850304.00
2019/08/21,19.20,20.18,18.92,19.92,117135549,2294983168.00
2019/08/22,19.93,20.19,19.21,19.41,91858441,1806139264.00
2019/08/23,19.24,19.88,18.65,19.39,91831560,1769326592.00
2019/08/26,18.86,19.72,18.86,19.28,69274623,1333115392.00
2019/08/27,19.45,20.18,19.28,19.79,103175190,2038712960.00
2019/08/28,19.74,19.96,19.41,19.47,61046491,1197811968.00
2019/08/29,20.45,21.42,20.06,21.42,139720144,2925885440.00
2019/08/30,22.55,23.07,21.57,21.59,164696902,3668548352.00
2019/09/02,21.77,23.75,21.77,23.45,141751289,3246795776.00
2019/09/03,23.58,25.80,23.55,25.80,149216534,3657952000.00
2019/09/04,26.22,26.59,25.18,26.41,139102695,3601996032.00
2019/09/05,26.00,28.58,25.87,27.29,142121921,3857610496.00
2019/09/06,27.46,28.20,26.10,26.88,129861155,3510183424.00
2019/09/09,27.16,27.66,26.20,27.55,122499904,3298205952.00
2019/09/10,27.53,27.53,25.67,25.89,150708717,3974323456.00
2019/09/11,26.10,27.50,25.56,27.12,164095489,4354442240.00
2019/09/12,26.82,27.05,25.55,26.10,117648814,3068978176.00
2019/09/16,26.00,26.49,25.01,26.12,91012589,2356470016.00
2019/09/17,25.77,26.95,25.65,26.70,120549399,3202136320.00
2019/09/18,26.70,27.25,25.70,26.52,98657952,2605096192.00
2019/09/19,26.26,27.20,26.20,26.97,93235665,2500631296.00
2019/09/20,27.25,29.47,26.90,28.72,163887943,4622134272.00
2019/09/23,28.08,29.45,27.77,29.15,128762800,3684973056.00
2019/09/24,28.95,29.60,28.33,28.47,103651790,2994464768.00
2019/09/25,28.02,28.35,25.99,26.98,107777259,2935456768.00
2019/09/26,26.80,27.17,25.02,25.10,109770329,2848881920.00
2019/09/27,25.15,25.94,25.15,25.46,72636746,1859616384.00
2019/09/30,25.60,25.74,23.88,24.50,77836910,1928849536.00
2019/10/08,24.96,25.43,23.88,24.10,76738387,1886478208.00
2019/10/09,24.00,24.56,23.57,24.46,70469923,1708182528.00
2019/10/10,24.37,25.40,24.22,25.35,90104004,2243281152.00
2019/10/11,26.10,26.47,25.38,25.81,100007690,2592540160.00
2019/10/14,26.10,27.25,25.75,27.13,96959670,2585524480.00
2019/10/15,26.61,26.98,25.91,25.93,75635568,1988234496.00
2019/10/16,25.70,26.30,25.31,25.53,51582212,1324237184.00
2019/10/17,25.74,25.80,24.84,25.41,54109949,1367086848.00
2019/10/18,25.55,25.61,24.40,24.50,54803191,1366641152.00
2019/10/21,24.46,24.50,23.40,23.86,61903672,1473520384.00
2019/10/22,24.15,24.66,23.93,24.53,55496459,1353259264.00
2019/10/23,24.54,25.08,24.10,24.45,59653641,1469019904.00
2019/10/24,24.40,24.57,23.81,24.07,41575702,1002978240.00
2019/10/25,24.10,24.68,23.69,24.67,58257798,1410469376.00
2019/10/28,24.60,25.79,24.48,25.77,85189905,2146699904.00
2019/10/29,25.70,25.70,23.50,24.02,111462839,2710228224.00
2019/10/30,23.51,23.66,22.72,22.91,86328735,1993625088.00
2019/10/31,22.83,23.15,21.55,21.69,106322899,2358871552.00
2019/11/01,21.52,22.00,21.45,21.85,61789439,1345975808.00
数据来源:通达信
