002281 光迅科技 日线 前复权
      日期	    开盘	    最高	    最低	    收盘	    成交量	    成交额
2013/09/02,8.77,9.07,8.75,8.91,2172448,64047360.00
2013/09/03,8.91,9.28,8.81,9.28,2232981,66638220.00
2013/09/04,9.23,9.34,9.02,9.11,1986963,60108728.00
2013/09/05,9.08,9.38,8.99,9.20,2127637,64846428.00
2013/09/06,9.18,9.36,9.12,9.21,1605451,48918648.00
2013/09/09,9.21,9.32,8.77,8.88,3227473,95605120.00
2013/09/10,8.92,8.96,8.63,8.68,2971068,85875160.00
2013/09/11,8.67,8.74,8.14,8.29,3526801,98275760.00
2013/09/12,8.22,8.40,8.21,8.31,2303648,63771424.00
2013/09/13,8.31,8.47,8.03,8.42,2383635,65345084.00
2013/09/16,8.41,8.72,8.36,8.58,2549955,72720952.00
2013/09/17,8.60,8.75,8.45,8.55,2355627,67457216.00
2013/09/18,8.42,8.64,8.42,8.51,1782299,50630844.00
2013/09/23,8.55,8.87,8.53,8.86,2555255,74031544.00
2013/09/24,8.91,8.94,8.60,8.74,2324742,67663000.00
2013/09/25,8.68,8.81,8.44,8.53,2084478,59604532.00
2013/09/26,8.51,8.54,8.28,8.36,1670253,46716620.00
2013/09/27,8.36,8.47,8.28,8.31,1230297,34232932.00
2013/09/30,8.38,8.54,8.34,8.53,1096136,30810974.00
2013/10/08,8.51,9.18,8.43,9.13,4438749,130704832.00
2013/10/09,9.04,9.31,9.02,9.15,3660026,110706520.00
2013/10/10,9.14,9.21,8.82,8.91,2895728,86120000.00
2013/10/11,8.92,9.13,8.82,9.03,2387992,70770480.00
2013/10/14,9.07,9.07,8.72,8.90,2255227,66289140.00
2013/10/15,8.91,9.20,8.79,9.03,4196644,125052088.00
2013/10/16,8.84,9.01,8.39,8.50,3168500,90508360.00
2013/10/17,8.56,8.62,8.35,8.41,1558185,43941660.00
2013/10/18,8.49,8.66,8.34,8.66,1602729,45438620.00
2013/10/21,8.71,8.90,8.68,8.87,2744257,80294296.00
2013/10/22,8.84,8.87,8.41,8.45,2568715,73339472.00
2013/10/23,8.44,8.50,8.08,8.21,1962980,54254024.00
2013/10/24,8.16,8.37,8.08,8.16,1240379,34032612.00
2013/10/25,8.16,8.34,8.16,8.21,1158446,31799904.00
2013/10/28,8.24,8.44,8.19,8.35,898845,24926958.00
2013/10/29,8.31,8.40,7.45,8.40,1876995,50675200.00
2013/10/30,8.40,8.60,8.38,8.54,1399906,39669572.00
2013/10/31,8.55,8.60,8.25,8.29,792906,22052662.00
2013/11/01,8.29,8.35,8.08,8.11,787663,21411988.00
2013/11/04,8.11,8.29,8.01,8.07,823610,22405726.00
2013/11/05,8.03,8.19,8.02,8.17,925496,25132578.00
2013/11/06,8.19,8.32,8.12,8.14,927708,25457984.00
2013/11/07,8.08,8.14,7.97,7.98,757878,20350946.00
2013/11/08,7.96,8.03,7.76,7.80,602711,15876323.00
2013/11/11,7.78,7.98,7.74,7.92,409507,10767982.00
2013/11/12,7.91,8.06,7.91,8.00,626749,16797034.00
2013/11/13,7.91,8.04,7.81,7.82,680439,17992706.00
2013/11/14,7.81,8.07,7.69,8.07,1012216,26865902.00
2013/11/15,8.05,8.47,8.05,8.45,2568448,71389712.00
2013/11/18,8.51,8.77,8.50,8.62,3197508,91805888.00
2013/11/19,8.74,8.77,8.64,8.65,2742609,79241880.00
2013/11/20,8.71,9.04,8.71,9.02,4137250,122329992.00
2013/11/21,9.06,9.20,8.92,8.96,3793151,113468360.00
2013/11/22,8.95,9.10,8.68,8.76,2304624,67540752.00
2013/11/25,8.76,8.91,8.64,8.78,1563732,45693944.00
2013/11/26,8.78,9.48,8.78,9.34,6132739,186853904.00
2013/11/27,9.30,9.52,9.23,9.44,4910449,152006256.00
2013/11/28,9.50,9.83,9.28,9.81,5549189,173952048.00
2013/11/29,9.74,10.87,9.64,10.84,10586804,360335840.00
2013/12/09,10.04,10.39,9.66,10.38,8910472,291967168.00
2013/12/10,10.28,10.51,9.84,9.88,5437372,180083360.00
2013/12/11,9.87,10.01,9.66,9.69,3638548,116759552.00
2013/12/12,9.72,10.19,9.71,10.01,4260124,139364912.00
2013/12/13,10.07,10.28,9.82,10.05,3245098,107313720.00
2013/12/16,10.01,10.01,9.34,9.34,5266154,165603808.00
2013/12/17,9.34,9.41,8.98,9.11,3614318,109292400.00
2013/12/18,9.07,9.53,9.01,9.46,2982242,92312864.00
2013/12/19,9.53,9.67,9.35,9.36,2938679,92403952.00
2013/12/20,9.35,9.85,9.25,9.74,3991751,126384256.00
2013/12/23,9.69,10.76,9.69,10.51,6616912,223185760.00
2013/12/24,10.38,10.85,10.36,10.74,6185484,215105424.00
2013/12/25,10.64,10.83,10.32,10.74,5753748,198890896.00
2013/12/26,10.74,11.24,10.47,10.53,5793310,206267392.00
2013/12/27,10.43,11.04,10.42,10.81,4427524,155463984.00
2013/12/30,10.84,11.87,10.84,11.67,5596900,207796512.00
2013/12/31,11.54,11.74,11.24,11.48,4148740,154202560.00
2014/01/02,11.58,11.79,11.38,11.60,3912890,147117280.00
2014/01/03,11.51,11.88,11.18,11.54,4299207,160318608.00
2014/01/06,11.68,11.68,10.71,10.80,3597346,130053440.00
2014/01/07,10.72,11.00,10.64,10.82,2517421,88480384.00
2014/01/08,10.83,11.34,10.83,11.14,3401654,123220424.00
2014/01/09,11.01,11.24,10.58,10.84,4373767,155784816.00
2014/01/10,10.64,10.84,10.35,10.39,3548520,122432832.00
2014/01/13,10.51,10.69,10.37,10.51,2145714,73768152.00
2014/01/14,10.51,11.06,10.49,11.05,3236045,114264872.00
2014/01/15,11.01,11.21,10.86,11.13,3113452,111771936.00
2014/01/16,11.14,11.26,10.91,11.04,2341072,84136728.00
2014/01/17,10.98,11.06,10.61,10.66,2392082,83973664.00
2014/01/20,10.64,10.79,10.07,10.11,2731780,92990376.00
2014/01/21,10.11,10.39,10.11,10.34,1853323,62262032.00
2014/01/22,10.38,10.84,10.28,10.73,2941042,101528912.00
2014/01/23,10.67,10.90,10.57,10.73,2498810,87372632.00
2014/01/24,10.71,11.27,10.71,11.10,4286222,154323152.00
2014/01/27,11.04,11.36,11.04,11.08,2994663,108544104.00
2014/01/28,11.08,11.24,10.80,10.89,2128920,75840480.00
2014/01/29,10.86,11.27,10.86,11.24,2366196,85591056.00
2014/01/30,11.14,11.32,10.99,11.07,1480699,53366320.00
2014/02/07,10.86,11.41,10.81,11.33,3200499,115592400.00
2014/02/10,11.38,11.93,11.38,11.74,4179811,158318736.00
2014/02/11,11.74,12.48,11.66,12.41,7412899,292419872.00
2014/02/12,12.41,12.66,12.14,12.46,3555879,141819360.00
2014/02/13,12.44,12.47,11.20,11.40,5016446,192495712.00
2014/02/14,11.38,11.67,11.31,11.64,3181896,118832744.00
2014/02/17,11.62,12.18,11.48,12.14,5341534,204604032.00
2014/02/18,12.10,12.41,11.74,11.81,4979791,194254944.00
2014/02/19,11.74,12.27,11.51,12.08,6913993,267205744.00
2014/02/20,11.41,12.07,11.13,11.41,7933729,294828800.00
2014/02/21,11.44,11.61,10.52,10.82,7922615,281489408.00
2014/02/24,10.77,10.89,10.48,10.82,2581521,90352280.00
2014/02/25,10.88,11.13,9.92,10.15,4738260,164524832.00
2014/02/26,10.11,10.32,9.78,10.01,2913676,95639640.00
2014/02/27,10.07,10.25,9.91,10.01,2250523,74284448.00
2014/02/28,10.21,10.75,10.04,10.75,3887018,132160792.00
2014/03/03,10.76,10.94,10.54,10.89,3018300,105983752.00
2014/03/04,10.84,10.85,10.49,10.68,2009439,69819240.00
2014/03/05,10.65,10.91,10.60,10.68,1798306,63121736.00
2014/03/06,10.74,10.81,10.41,10.63,1456010,50138248.00
2014/03/07,10.64,10.77,10.08,10.39,3193951,108906304.00
2014/03/10,10.40,10.60,10.04,10.31,1375461,46328612.00
2014/03/11,10.29,10.44,10.08,10.16,1051710,35203812.00
2014/03/12,10.13,10.23,9.60,9.87,1605770,52183272.00
2014/03/13,9.79,9.97,9.74,9.86,1625117,52500180.00
2014/03/14,9.85,9.91,9.40,9.79,1719805,54816884.00
2014/03/17,9.80,10.24,9.71,10.21,2083121,68535072.00
2014/03/18,10.20,10.48,10.15,10.18,1688927,57007636.00
2014/03/19,10.17,10.28,10.02,10.20,935861,31122466.00
2014/03/20,10.21,10.41,9.94,9.94,1323326,44331152.00
2014/03/21,9.91,10.21,9.43,10.16,5460920,174384016.00
2014/03/24,10.17,10.27,9.98,9.99,1031363,34039956.00
2014/03/25,9.90,10.06,9.90,10.04,592036,19388010.00
2014/03/26,10.05,10.14,9.94,10.08,958911,31559776.00
2014/03/27,10.07,10.08,9.54,9.54,1367361,43845036.00
2014/03/28,9.42,9.56,8.99,9.20,2198330,66876124.00
2014/03/31,9.14,9.27,9.08,9.14,651541,19758454.00
2014/04/01,9.14,9.34,9.08,9.34,663559,20221050.00
2014/04/02,9.34,9.35,9.13,9.20,541663,16496649.00
2014/04/03,9.14,9.37,9.12,9.37,720457,21982094.00
2014/04/04,9.34,9.49,9.24,9.47,863116,26651154.00
2014/04/08,9.34,9.66,9.28,9.58,953185,29931662.00
2014/04/09,9.61,9.66,9.48,9.58,710257,22398082.00
2014/04/10,9.61,9.82,9.61,9.69,922560,29456592.00
2014/04/11,9.68,9.68,9.41,9.48,1056184,32985952.00
2014/04/14,9.44,9.62,9.34,9.43,708495,21988080.00
2014/04/15,9.43,9.66,9.43,9.61,1248691,39443176.00
2014/04/16,9.59,9.68,9.49,9.64,696060,21973668.00
2014/04/17,9.63,9.86,9.63,9.82,1234718,39707596.00
2014/04/18,9.74,9.94,9.74,9.84,1172471,37900896.00
2014/04/21,9.74,9.84,9.61,9.66,1076667,34289964.00
2014/04/22,9.65,9.73,9.21,9.39,1088438,33651416.00
2014/04/23,9.32,9.52,9.31,9.47,893558,27708970.00
2014/04/24,9.41,9.57,9.27,9.51,1030772,31904132.00
2014/04/25,9.40,9.53,8.75,9.24,2973639,90485696.00
2014/04/28,9.20,9.20,8.68,8.81,1945891,56879832.00
2014/04/29,8.58,9.11,8.58,9.06,2619831,76977512.00
2014/04/30,9.25,9.25,8.91,9.19,2174386,65189928.00
2014/05/05,9.08,9.21,8.98,9.21,576722,17301356.00
2014/05/06,9.44,9.44,9.08,9.21,1717500,52224008.00
2014/05/07,9.30,9.30,8.90,8.91,728959,21743050.00
2014/05/08,8.85,9.02,8.74,8.84,609525,17873566.00
2014/05/09,8.83,8.84,8.48,8.63,1070594,30568834.00
2014/05/12,8.71,8.91,8.64,8.91,884636,25679304.00
2014/05/13,8.92,8.92,8.75,8.81,642860,18637634.00
2014/05/14,8.88,8.88,8.72,8.81,646409,18606900.00
2014/05/15,8.74,8.79,8.51,8.62,2016618,57317256.00
2014/05/16,8.62,8.62,8.18,8.33,2237826,61644988.00
2014/05/19,8.24,8.41,7.96,8.39,3559886,95996224.00
2014/05/20,8.39,8.48,8.26,8.38,850033,23542036.00
2014/05/21,8.36,8.54,8.29,8.52,741709,20658666.00
2014/05/22,8.55,8.60,8.46,8.59,1450782,40914912.00
2014/05/23,8.61,8.71,8.49,8.71,844208,23909976.00
2014/05/26,8.72,9.09,8.66,9.04,2837116,82618152.00
2014/05/27,9.03,9.09,8.87,8.99,2489378,73505000.00
2014/05/28,9.02,9.12,8.86,9.10,2333671,68999200.00
2014/05/29,9.16,9.29,8.83,8.90,2225712,66399556.00
2014/05/30,8.78,9.48,8.75,9.45,4585874,138085520.00
2014/06/03,9.53,10.32,9.48,10.14,8803803,284084320.00
2014/06/04,10.02,10.09,9.71,9.93,4137313,133207896.00
2014/06/05,9.85,10.38,9.75,10.30,8159248,268130624.00
2014/06/06,10.30,10.42,10.01,10.09,4454955,147459728.00
2014/06/09,10.21,10.21,9.70,9.92,3640569,117027280.00
2014/06/10,9.83,10.29,9.82,10.21,7890368,256793632.00
2014/06/11,10.16,10.91,10.10,10.58,11749033,398729376.00
2014/06/12,10.60,10.80,10.40,10.58,6966880,239743248.00
2014/06/13,10.58,10.89,10.45,10.57,11290151,389088704.00
2014/06/16,10.52,10.75,10.39,10.42,6172721,211767936.00
2014/06/17,10.34,10.75,10.16,10.70,11101164,377097472.00
2014/06/18,10.83,10.83,10.48,10.48,5805761,200506224.00
2014/06/19,10.53,10.54,9.66,9.73,8490012,276794496.00
2014/06/20,9.69,10.02,9.65,9.96,5122439,164190480.00
2014/06/23,9.90,10.31,9.89,10.14,6240699,204715584.00
2014/06/24,10.15,10.29,10.01,10.11,4717043,155269408.00
2014/06/25,10.16,10.19,10.02,10.09,2725832,89270888.00
2014/06/26,10.09,10.66,10.04,10.47,7176611,241476288.00
2014/06/27,10.52,10.72,10.34,10.63,6069889,207261152.00
2014/06/30,10.63,10.75,10.52,10.62,3366217,115986816.00
2014/07/01,10.63,10.87,10.50,10.69,4846370,167948880.00
2014/07/02,10.85,10.86,10.53,10.62,2703492,93477896.00
2014/07/03,10.57,10.98,10.45,10.72,4519885,156630416.00
2014/07/04,10.72,10.72,10.49,10.53,1906497,65273296.00
2014/07/07,10.53,10.71,10.40,10.69,3914210,133757504.00
2014/07/08,10.59,11.29,10.53,11.22,9827225,347149696.00
2014/07/09,11.59,11.59,11.04,11.04,6848531,249194400.00
2014/07/10,10.99,11.39,10.90,11.31,5999959,217563088.00
2014/07/11,11.35,11.60,10.66,10.74,7948788,286302560.00
2014/07/14,10.73,10.86,10.39,10.63,4297163,146734688.00
2014/07/15,10.60,10.60,10.35,10.43,2487279,84175224.00
2014/07/16,10.42,10.46,10.16,10.19,2179257,72703888.00
2014/07/17,10.23,10.41,10.19,10.39,1227213,41009336.00
2014/07/18,10.34,10.54,10.22,10.22,1490549,50213152.00
2014/07/21,10.22,10.32,9.86,9.92,2191187,71215944.00
2014/07/22,9.92,10.41,9.92,10.30,2539552,84268560.00
2014/07/23,10.29,10.33,9.86,10.02,2408103,79099960.00
2014/07/24,10.02,10.14,9.77,10.14,1243166,40258588.00
2014/07/25,10.14,10.27,10.03,10.21,1258333,41535316.00
2014/07/28,10.22,10.47,10.19,10.37,1617669,54247032.00
2014/07/29,10.44,10.65,10.43,10.43,1972607,67283656.00
2014/07/30,10.44,10.56,10.23,10.49,2093294,70484320.00
2014/07/31,10.49,10.49,10.30,10.38,1222357,41198168.00
2014/08/01,10.38,10.41,10.17,10.18,1451997,48477680.00
2014/08/04,10.17,10.24,10.09,10.16,1736407,57238092.00
2014/08/05,10.16,10.35,10.09,10.34,1652702,54947736.00
2014/08/06,10.34,10.39,10.18,10.23,2198553,73265384.00
2014/08/07,10.23,10.34,10.20,10.20,1477134,49213544.00
2014/08/08,10.17,10.60,10.16,10.60,3348811,113621576.00
2014/08/11,10.63,10.88,10.63,10.74,3443565,120072216.00
2014/08/12,10.77,10.85,10.68,10.82,2435733,84974728.00
2014/08/13,10.82,10.87,10.61,10.67,1643249,56864344.00
2014/08/14,10.67,10.68,10.36,10.38,2385621,81393616.00
2014/08/15,10.34,10.64,10.34,10.56,1845190,63036888.00
2014/08/18,10.54,11.22,10.54,11.17,5536391,196959872.00
2014/08/19,11.16,11.29,10.99,11.05,2385588,85626128.00
2014/08/20,11.05,11.28,11.05,11.05,2057387,74168008.00
2014/08/21,11.08,11.21,10.94,11.11,2332020,83385304.00
2014/08/22,11.15,11.20,10.99,11.16,1905861,68469208.00
2014/08/25,11.16,11.19,10.96,11.06,1659428,59182092.00
2014/08/26,11.01,11.10,10.70,10.74,1801226,63463752.00
2014/08/27,10.80,11.08,10.76,10.82,2256568,79504040.00
2014/08/28,10.82,11.43,10.82,11.41,4472102,161707072.00
2014/08/29,11.38,11.43,11.19,11.30,2555445,93112680.00
2014/09/01,11.31,11.52,11.31,11.37,2144742,78929088.00
2014/09/02,11.49,11.56,11.35,11.54,2541034,93732704.00
2014/09/03,11.54,11.83,11.51,11.55,2528345,94974616.00
2014/09/04,11.57,12.12,11.57,11.92,3587597,137451984.00
2014/09/05,12.01,12.01,11.61,11.80,2600850,98479176.00
2014/09/09,11.82,11.89,11.69,11.74,1687198,63910780.00
2014/09/10,11.73,11.89,11.63,11.77,1560001,59113652.00
2014/09/11,11.78,11.84,11.43,11.50,2716551,101800480.00
2014/09/12,11.50,11.65,11.41,11.59,1564537,58100180.00
2014/09/15,11.56,12.19,11.50,12.00,4919195,188707856.00
2014/09/16,12.01,12.49,11.98,12.03,5635276,220827744.00
2014/09/17,12.12,12.29,11.85,12.15,3186180,123472992.00
2014/09/18,12.15,12.62,12.07,12.60,3970767,157959344.00
2014/09/19,12.59,12.75,12.43,12.62,3449595,138993008.00
2014/09/22,12.43,12.53,12.13,12.16,3168920,125116896.00
2014/09/23,12.16,12.71,12.11,12.71,3084692,123543264.00
2014/09/24,12.69,12.84,12.55,12.65,2201194,89369072.00
2014/09/25,12.65,12.76,12.33,12.36,4342607,172793312.00
2014/09/26,12.36,12.38,12.06,12.20,3816420,149687808.00
2014/09/29,12.19,12.60,12.19,12.59,2804999,111519504.00
2014/09/30,12.59,12.86,12.50,12.71,3501082,142228720.00
2014/10/08,12.65,12.76,12.42,12.46,2975937,119529264.00
2014/10/09,12.46,12.55,12.20,12.28,3163030,124891776.00
2014/10/10,12.26,12.39,12.15,12.34,2301979,90705256.00
2014/10/13,12.26,12.28,11.55,11.85,3793741,144824912.00
2014/10/14,12.13,12.32,11.78,11.87,3154903,121887344.00
2014/10/15,11.83,12.10,11.83,12.03,1681169,64641060.00
2014/10/16,11.96,12.02,11.69,11.71,2869050,109152544.00
2014/10/17,11.71,11.78,11.44,11.59,2162174,80848984.00
2014/10/20,11.59,11.96,11.56,11.79,3352603,127101032.00
2014/10/21,11.88,11.91,11.67,11.86,2238238,84925008.00
2014/10/22,11.87,11.99,11.43,11.43,2478784,93134808.00
2014/10/23,11.46,11.98,11.43,11.96,4125437,156476928.00
2014/10/24,11.96,12.02,11.83,11.93,1539893,58905992.00
2014/10/27,11.86,12.09,11.79,11.96,1734908,66774756.00
2014/10/28,11.98,12.23,11.91,12.22,2169669,84615480.00
2014/10/29,12.22,12.45,12.17,12.29,2980958,117680040.00
2014/10/30,12.34,12.52,12.28,12.33,2208768,87566952.00
2014/10/31,12.33,12.46,12.13,12.32,2894665,113630568.00
2014/11/03,12.32,12.43,12.16,12.22,2202105,86821264.00
2014/11/04,12.23,12.23,11.82,11.93,2497224,96200440.00
2014/11/12,11.29,12.45,11.29,12.00,4196350,160876160.00
2014/11/13,12.06,12.14,11.58,11.61,1680086,63887844.00
2014/11/14,11.81,11.81,11.60,11.72,1238273,46603972.00
2014/11/17,11.69,12.26,11.69,12.11,2048265,79675792.00
2014/11/18,12.11,12.35,11.99,12.00,1777197,69379512.00
2014/11/19,12.00,12.32,11.89,12.19,2601464,101271728.00
2014/11/20,12.13,12.65,12.13,12.50,3692498,147380208.00
2014/11/21,12.47,12.57,12.39,12.44,1955565,78079208.00
2014/11/24,12.47,12.72,12.43,12.49,2514014,101198992.00
2014/11/25,12.43,12.65,12.24,12.26,4220196,167463584.00
2014/11/26,12.26,12.59,12.16,12.44,2987352,118371400.00
2014/11/27,12.57,12.69,12.20,12.39,2756224,110059752.00
2014/11/28,12.33,12.61,12.24,12.38,2828890,112230488.00
2014/12/01,12.54,13.70,12.41,13.70,9329809,392440480.00
2014/12/02,13.69,13.83,13.39,13.78,6042790,262318192.00
2014/12/03,13.66,14.09,13.39,13.77,5063166,220508976.00
2014/12/04,13.73,14.09,13.63,13.69,4602954,202155904.00
2014/12/05,13.64,13.64,12.66,12.76,5902992,245402384.00
2014/12/08,12.66,13.09,12.46,12.58,4120443,168207904.00
2014/12/09,12.46,12.82,12.29,12.36,4691885,188016624.00
2014/12/10,12.36,12.58,11.54,12.54,3025184,120145720.00
2014/12/11,12.36,12.56,12.26,12.42,2664168,106085024.00
2014/12/12,12.42,12.93,12.42,12.92,3210900,130593240.00
2014/12/15,12.83,13.26,12.73,12.96,2778172,115422656.00
2014/12/16,12.96,13.09,12.59,12.66,2323931,94617992.00
2014/12/17,12.67,12.72,12.31,12.41,2401151,95413088.00
2014/12/18,12.36,12.36,12.04,12.08,3365905,131493912.00
2014/12/19,12.04,12.04,11.58,11.69,3089623,116623368.00
2014/12/22,11.57,12.09,11.33,11.82,3052787,114585560.00
2014/12/23,11.83,11.99,11.56,11.63,1366401,51620552.00
2014/12/24,11.66,11.98,11.66,11.91,1303366,49616996.00
2014/12/25,11.84,12.11,11.83,11.94,1319458,50691356.00
2014/12/26,12.06,12.06,11.85,11.94,1004576,38489528.00
2014/12/29,11.94,11.94,11.24,11.41,3137438,115651944.00
2014/12/30,11.49,11.69,11.38,11.44,1594330,59035388.00
2014/12/31,11.45,11.56,11.40,11.55,1077739,39876444.00
2015/01/05,11.55,11.61,11.07,11.30,2443489,88663472.00
2015/01/06,11.30,11.68,11.26,11.67,2443106,90206272.00
2015/01/07,11.69,11.80,11.46,11.51,1955965,72948784.00
2015/01/08,11.54,11.61,11.33,11.52,1610408,59529564.00
2015/01/09,11.52,11.67,11.43,11.45,1712936,63734008.00
2015/01/12,11.47,11.58,11.08,11.19,1775200,64690764.00
2015/01/13,11.16,12.08,11.16,11.86,3892403,146705696.00
2015/01/14,11.96,11.96,11.71,11.92,1827274,69481176.00
2015/01/15,11.99,12.15,11.83,11.91,1594956,61403028.00
2015/01/16,11.91,12.13,11.70,11.98,1827508,69897936.00
2015/01/19,11.84,12.16,11.40,11.62,2470025,94092848.00
2015/01/20,11.65,12.10,11.65,12.09,2451444,93833944.00
2015/01/21,12.16,12.49,12.10,12.33,3438289,136200304.00
2015/01/22,12.33,12.53,12.25,12.48,2949173,117541048.00
2015/01/23,12.49,12.57,12.08,12.15,2866256,113398760.00
2015/01/26,12.16,12.51,12.16,12.34,3056913,121294912.00
2015/01/27,12.39,12.78,12.35,12.67,4263897,172065840.00
2015/01/28,12.74,13.02,12.49,12.62,3681360,150240688.00
2015/01/29,12.43,12.56,12.33,12.41,2411240,96020440.00
2015/01/30,12.49,12.49,12.08,12.09,1850071,72384840.00
2015/02/02,12.04,12.32,11.96,12.09,1192026,46405540.00
2015/02/03,12.16,12.69,12.14,12.55,3398628,135809728.00
2015/02/04,12.64,12.82,12.33,12.36,2029458,81155176.00
2015/02/05,12.45,12.77,12.44,12.49,3149852,126799272.00
2015/02/06,12.49,12.63,11.99,12.06,2139764,83452200.00
2015/02/09,12.10,12.14,11.66,11.74,1353473,51664236.00
2015/02/10,11.83,11.90,11.71,11.89,1099131,41703788.00
2015/02/11,11.89,12.17,11.87,12.06,1007084,39057848.00
2015/02/12,12.15,12.53,12.03,12.51,2701378,107342224.00
2015/02/13,12.52,12.68,12.39,12.39,2900470,116087848.00
2015/02/16,12.49,13.22,12.44,12.93,3974233,163107232.00
2015/02/17,12.89,13.01,12.73,12.82,2248128,92398952.00
2015/02/25,12.89,13.28,12.72,12.99,2726597,113249144.00
2015/02/26,13.07,13.09,12.72,12.78,2214608,90989416.00
2015/02/27,12.63,12.83,12.47,12.83,4465650,180462432.00
2015/03/02,12.86,13.23,12.82,13.14,4131779,172381200.00
2015/03/03,13.14,13.14,12.73,12.75,3043155,125945592.00
2015/03/04,12.73,13.68,12.70,13.46,5680731,241654000.00
2015/03/05,13.48,13.48,13.09,13.19,3400097,143313776.00
2015/03/06,13.16,13.49,12.83,13.02,2573686,108030520.00
2015/03/09,13.03,13.56,12.86,13.38,3973475,168888768.00
2015/03/10,13.38,13.75,13.33,13.53,3562625,153683456.00
2015/03/11,13.49,14.33,13.49,14.14,6506113,290599520.00
2015/03/12,14.01,14.43,13.56,13.96,4356673,192761200.00
2015/03/13,14.07,14.33,13.79,14.27,3619278,161878256.00
2015/03/16,14.33,14.76,14.29,14.58,4569580,210241248.00
2015/03/17,14.49,14.86,14.09,14.19,5398678,246961632.00
2015/03/18,14.19,15.49,13.89,15.17,5746978,268279968.00
2015/03/19,15.16,15.75,15.03,15.73,5612214,273541952.00
2015/03/20,15.16,15.39,15.00,15.08,9132922,437869664.00
2015/03/23,15.14,15.31,14.83,15.18,6796220,323688704.00
2015/03/24,15.11,15.18,14.33,14.78,6656793,312123104.00
2015/03/25,14.77,15.14,14.66,14.74,5784496,272628032.00
2015/03/26,14.73,14.73,13.83,14.08,6471541,293641984.00
2015/03/27,14.09,14.26,13.88,14.14,3855650,172202592.00
2015/03/30,14.31,14.39,14.06,14.33,4463192,201737264.00
2015/03/31,14.33,14.60,14.11,14.22,4097576,187404784.00
2015/04/01,14.26,14.68,14.23,14.59,4516892,208418912.00
2015/04/02,14.57,14.89,14.53,14.77,5565294,259333216.00
2015/04/03,14.73,14.79,14.33,14.59,5571670,257122448.00
2015/04/07,14.69,15.30,14.68,15.17,6981677,334006496.00
2015/04/08,15.18,15.55,14.66,15.38,6959418,333264320.00
2015/04/09,15.13,15.32,14.50,14.72,4516808,211687552.00
2015/04/10,14.69,15.00,14.52,14.99,2800154,131812160.00
2015/04/13,15.06,16.58,15.00,16.58,8685330,438983168.00
2015/04/14,16.95,17.62,16.60,16.99,7211456,387309920.00
2015/04/15,16.96,16.96,15.95,15.96,4870262,250819120.00
2015/04/16,15.76,16.56,15.33,16.09,3719292,188184608.00
2015/04/17,16.43,16.53,15.66,15.82,4278433,216613264.00
2015/04/20,15.81,15.81,14.58,14.66,7196367,343659008.00
2015/04/21,14.76,15.28,14.76,15.28,4590052,219434288.00
2015/04/22,15.52,15.63,15.29,15.48,4713368,230887984.00
2015/04/23,15.49,15.76,15.29,15.59,4795799,235073600.00
2015/04/24,15.46,15.48,14.99,15.31,3686470,178036576.00
2015/04/27,15.49,15.93,15.38,15.59,4531585,224117184.00
2015/04/28,15.72,16.27,15.60,15.86,6856214,345565632.00
2015/04/29,15.83,16.32,15.16,16.23,5161700,260107392.00
2015/04/30,16.28,16.56,16.03,16.10,4317771,221227824.00
2015/05/04,16.13,17.00,16.12,16.89,7016460,368910912.00
2015/05/05,16.82,17.00,15.83,16.06,4340615,223219152.00
2015/05/06,16.12,16.46,15.49,15.53,3791523,191901760.00
2015/05/07,15.16,15.46,14.83,14.89,3025157,144741744.00
2015/05/08,15.25,15.44,14.95,15.44,4689485,224881472.00
2015/05/11,15.74,16.29,15.56,16.29,5571255,283178048.00
2015/05/12,16.29,16.66,16.09,16.43,5388882,278975872.00
2015/05/13,16.33,17.79,16.11,17.31,7483090,406645824.00
2015/05/14,17.92,18.25,17.03,17.08,7600735,422055712.00
2015/05/15,16.83,17.45,16.45,17.34,4926259,261281600.00
2015/05/18,17.16,18.15,17.16,18.13,6594931,366349056.00
2015/05/19,17.90,18.29,17.56,18.05,5341633,300504384.00
2015/05/20,18.13,18.99,18.03,18.18,8293353,479168608.00
2015/05/21,18.63,19.86,18.19,19.56,7851192,469580768.00
2015/05/22,19.73,19.99,18.69,18.91,7649584,457217152.00
2015/05/25,18.70,19.64,18.10,19.10,5940062,351796576.00
2015/05/26,19.19,21.09,19.19,21.09,7312704,462070464.00
2015/05/27,21.66,22.16,20.53,21.63,5522996,370791264.00
2015/05/28,21.33,21.81,19.38,19.38,6656090,429724224.00
2015/05/29,19.69,20.99,19.25,20.79,6562442,415507104.00
2015/06/01,21.10,22.32,20.75,22.22,6258690,419481344.00
2015/06/02,21.99,23.12,21.88,22.83,5236094,366009472.00
2015/06/03,22.84,23.33,21.39,22.28,4690299,322138912.00
2015/06/04,22.06,22.13,20.09,21.83,4230526,279979488.00
2015/06/05,22.16,22.58,21.33,21.49,4953635,335826432.00
2015/06/08,21.36,21.49,20.23,20.56,5884466,375033760.00
2015/06/09,20.56,21.11,20.46,20.95,3820944,245853488.00
2015/06/10,20.79,22.10,20.59,21.86,4798197,319422592.00
2015/06/11,21.86,22.25,21.66,21.94,3574997,243160272.00
2015/06/12,22.01,23.12,22.00,22.61,4250929,299149440.00
2015/06/15,22.96,23.11,21.82,21.83,4521541,310348480.00
2015/06/16,21.53,21.67,20.33,20.70,4246598,276329760.00
2015/06/17,20.70,21.03,19.96,20.90,2887685,183818608.00
2015/06/18,20.72,20.73,19.23,19.23,5114921,317918112.00
2015/06/19,18.49,18.82,17.33,17.36,3111004,176885008.00
2015/06/23,17.66,18.63,17.31,18.48,3214400,179427584.00
2015/06/24,18.75,19.22,18.46,18.80,3448277,202044944.00
2015/06/25,18.86,19.15,18.04,18.10,3284888,192046016.00
2015/06/26,17.33,17.71,16.22,16.22,4477766,232658064.00
2015/06/29,16.69,16.72,14.53,14.53,5650954,267776528.00
2015/06/30,14.34,15.66,13.01,15.35,7257291,324429216.00
2015/07/01,15.12,15.60,13.75,13.77,6271934,295157696.00
2015/07/02,13.93,14.21,12.33,12.33,7481166,307739776.00
2015/07/03,12.19,13.36,11.33,11.75,6588302,257069120.00
2015/07/06,12.99,12.99,11.17,12.70,7987772,310437792.00
2015/07/07,12.03,12.64,11.36,11.36,6763510,251694752.00
2015/07/08,10.16,10.89,10.16,10.61,7852811,257993056.00
2015/07/14,11.74,11.74,11.74,11.74,123353,4594899.00
2015/07/15,12.99,12.99,12.59,12.61,9487010,384380544.00
2015/07/16,11.98,13.40,11.78,13.10,7062098,287362272.00
2015/07/17,13.42,14.48,13.42,14.48,6963071,308337120.00
2015/07/20,14.42,15.16,14.18,14.49,8865244,405187520.00
2015/07/21,14.07,14.82,13.93,14.60,5592778,252902016.00
2015/07/22,14.39,15.22,14.33,14.89,5828059,270551488.00
2015/07/23,14.93,15.61,14.70,15.50,6476164,308927392.00
2015/07/24,15.66,16.07,14.83,14.99,7423368,361889952.00
2015/07/27,14.67,15.31,13.43,13.43,6253554,285210208.00
2015/07/28,12.63,13.73,12.36,13.11,7627775,313112352.00
2015/07/29,13.50,14.33,12.83,14.32,4441287,186670800.00
2015/07/30,14.10,14.66,13.50,13.66,4877564,219880800.00
2015/07/31,13.40,14.55,13.29,14.06,5649662,244618992.00
2015/08/03,14.06,14.27,13.06,13.33,3335015,143198592.00
2015/08/04,13.58,14.69,13.41,14.67,3754820,165752144.00
2015/08/05,14.65,14.95,14.32,14.43,3566107,163759920.00
2015/08/06,14.01,14.52,13.92,14.09,2755489,123083544.00
2015/08/07,14.29,14.89,14.18,14.83,4664929,214468336.00
2015/08/10,15.02,15.86,14.83,15.60,4412916,211707408.00
2015/08/11,15.46,15.62,15.15,15.28,4345613,209064512.00
2015/08/12,15.11,15.72,15.08,15.23,3650322,176503920.00
2015/08/13,15.16,15.56,15.08,15.54,2880986,138234928.00
2015/08/14,15.61,15.69,15.20,15.36,2797251,135607872.00
2015/08/17,15.26,15.30,14.85,15.17,3479635,164187840.00
2015/08/18,15.14,15.58,13.59,13.59,4541463,209387712.00
2015/08/19,13.29,14.29,12.95,14.16,3941546,168687840.00
2015/08/20,13.99,14.92,13.99,14.49,3718011,170562368.00
2015/08/21,13.63,13.74,12.98,12.98,4652864,194284800.00
2015/08/24,11.99,12.22,11.61,11.61,5281471,195659696.00
2015/08/25,10.49,11.38,10.38,10.38,4820124,165727248.00
2015/08/26,10.59,11.15,9.99,10.09,5255430,178136880.00
2015/08/27,10.53,10.82,10.08,10.82,3517320,118041672.00
2015/08/28,11.04,11.66,10.84,11.66,4116925,146782272.00
2015/08/31,11.56,11.56,10.66,10.66,3302809,116974984.00
2015/09/01,10.66,10.93,9.62,9.82,3956115,130729912.00
2015/09/02,9.39,10.33,9.19,10.16,3998416,126870792.00
2015/09/07,10.16,10.89,10.16,10.49,3290666,111512072.00
2015/09/08,10.33,11.13,10.26,11.06,2527690,85988136.00
2015/09/09,11.17,11.61,11.01,11.36,4150066,149677648.00
2015/09/10,11.16,11.43,10.96,11.02,2814228,100281328.00
2015/09/11,11.07,11.33,10.96,11.18,2087879,74134200.00
2015/09/14,11.29,11.31,9.99,9.99,3057257,102530672.00
2015/09/15,9.89,9.96,8.95,9.05,2942635,89149008.00
2015/09/16,9.19,10.02,8.99,10.00,2883373,87739072.00
2015/09/17,9.90,10.44,9.74,9.87,3224029,104228512.00
2015/09/18,9.98,10.49,9.86,10.33,3542263,115159216.00
2015/09/21,10.16,10.81,10.06,10.81,2981954,100229592.00
2015/09/22,10.81,11.05,10.60,10.79,2444500,84370840.00
2015/09/23,10.66,10.84,10.50,10.70,2223963,75599504.00
2015/09/24,10.79,10.98,10.62,10.79,1945008,67069664.00
2015/09/25,10.79,10.92,10.06,10.19,2272735,76433752.00
2015/09/28,10.21,10.79,10.00,10.75,1912293,64185688.00
2015/09/29,10.53,10.72,10.33,10.45,1504446,50653144.00
2015/09/30,10.58,10.74,10.23,10.36,2677435,89033728.00
2015/10/08,10.89,11.15,10.78,11.02,4470443,156332944.00
2015/10/09,11.07,12.05,11.05,11.89,6673187,243981024.00
2015/10/12,12.06,13.14,12.06,13.14,7957710,318600192.00
2015/10/13,13.03,13.41,12.98,13.39,4707715,195574256.00
2015/10/14,13.10,13.29,12.80,12.80,4553178,186736768.00
2015/10/15,12.81,13.47,12.81,13.32,7780403,324179936.00
2015/10/16,13.53,13.63,13.00,13.29,5583094,233324896.00
2015/10/19,13.43,13.44,12.99,13.39,5963461,249131456.00
2015/10/20,13.33,14.56,13.31,14.18,8896205,392047360.00
2015/10/21,14.06,14.17,12.69,12.70,9281356,392484288.00
2015/10/22,12.76,13.26,12.53,13.24,6093798,250161120.00
2015/10/23,13.51,13.65,13.11,13.62,6670769,282175296.00
2015/10/26,13.71,14.29,13.49,13.96,7738547,336884896.00
2015/10/27,13.80,13.99,12.99,13.89,4611459,197714016.00
2015/10/28,13.81,14.33,13.63,13.64,5590317,246556064.00
2015/10/29,14.06,14.66,13.95,14.14,10006720,448550656.00
2015/10/30,14.16,14.83,13.86,14.43,9175405,413896032.00
2015/11/02,14.01,14.83,13.86,14.20,8665459,391082560.00
2015/11/03,14.21,14.52,13.88,14.33,5857651,261665856.00
2015/11/04,14.55,15.83,14.47,15.79,10671740,512010944.00
2015/11/05,15.66,15.83,15.33,15.49,8773492,427467168.00
2015/11/06,15.62,16.42,15.56,16.00,8253466,415702656.00
2015/11/09,15.73,16.59,15.51,16.21,8403800,422023456.00
2015/11/10,16.13,16.80,15.93,16.10,6791348,346762080.00
2015/11/11,16.04,16.79,15.99,16.73,8005257,411428992.00
2015/11/12,16.78,16.98,16.04,16.35,8101932,415067200.00
2015/11/13,16.04,16.21,15.57,15.75,6998980,347412992.00
2015/11/16,15.59,17.39,15.45,17.39,11661199,612706240.00
2015/11/17,17.29,17.55,16.55,16.63,11893829,632324544.00
2015/11/18,16.75,16.93,16.33,16.46,5611628,292075712.00
2015/11/19,16.83,17.39,16.52,17.27,8022412,426998624.00
2015/11/20,17.36,17.71,17.07,17.49,8844962,481005536.00
2015/11/23,17.49,18.65,17.49,17.79,8805380,495715520.00
2015/11/24,17.96,19.64,17.90,19.64,11225084,665095104.00
2015/11/25,19.96,20.05,19.23,19.69,10256410,623443136.00
2015/11/26,19.53,21.14,19.53,19.95,12277668,776230912.00
2015/11/27,19.62,20.77,18.90,19.19,10412170,641583936.00
2015/11/30,19.44,21.18,18.76,21.18,11989301,743010368.00
2015/12/01,20.99,21.47,19.73,20.50,10088520,646530304.00
2015/12/02,20.33,20.41,18.39,18.48,11919125,701734016.00
2015/12/03,18.66,19.13,18.49,19.13,7680053,450189408.00
2015/12/04,18.99,19.14,18.56,18.88,6521235,381350624.00
2015/12/07,18.96,19.52,18.81,19.11,5608697,333968096.00
2015/12/08,18.99,18.99,18.38,18.46,6443972,372730304.00
2015/12/09,18.36,18.77,17.95,17.96,5948093,339965216.00
2015/12/10,18.32,19.16,18.09,18.74,8359485,487930176.00
2015/12/11,18.53,19.74,18.45,19.37,7599931,455009888.00
2015/12/14,19.15,19.80,18.91,19.79,5541440,332302880.00
2015/12/15,19.73,20.09,19.35,19.86,6029288,368384448.00
2015/12/16,20.16,20.93,20.06,20.07,6581749,417244096.00
2015/12/17,20.42,22.14,20.33,22.14,12512319,836409600.00
2015/12/18,22.12,22.29,21.46,21.69,8681935,583507328.00
2015/12/21,21.76,22.99,21.58,22.42,7954524,546500544.00
2015/12/22,22.33,22.49,21.83,22.43,5410165,370894368.00
2015/12/23,22.27,23.31,21.50,21.67,7527132,521294688.00
2015/12/24,21.46,23.78,21.31,23.43,9340130,655341376.00
2015/12/25,23.43,24.26,23.03,23.88,6831442,497093568.00
2015/12/28,23.63,23.85,22.13,22.16,7796276,552654848.00
2015/12/29,22.25,22.89,22.05,22.63,5217780,361856160.00
2015/12/30,22.69,23.65,22.69,22.96,5798724,413797920.00
2015/12/31,22.69,22.93,20.92,20.94,9981243,668255744.00
2016/01/04,20.95,21.59,18.83,18.88,6186858,395321536.00
2016/01/05,18.33,20.54,18.26,19.99,9527242,578165824.00
2016/01/06,19.99,20.33,19.19,20.16,6456521,397806720.00
2016/01/07,19.49,19.53,18.08,18.08,1876661,108651000.00
2016/01/08,18.66,19.28,16.49,18.89,8958306,505620640.00
2016/01/11,18.05,18.81,16.95,16.99,7293043,406833152.00
2016/01/12,16.99,18.32,16.93,17.64,9069233,502068544.00
2016/01/13,17.69,17.96,16.25,16.25,6206491,331014912.00
2016/01/14,15.53,17.26,15.38,17.08,7443231,382220992.00
2016/01/15,16.74,16.92,15.75,15.91,5830219,298067680.00
2016/01/18,15.39,16.78,15.33,16.27,6307623,321498560.00
2016/01/19,16.16,17.44,16.16,17.27,6977573,364639712.00
2016/01/20,17.09,17.49,16.75,17.12,5540813,295113984.00
2016/01/21,16.79,17.43,15.93,15.93,6468327,339078048.00
2016/01/22,16.23,16.65,15.56,16.36,5706957,287747648.00
2016/01/25,16.62,17.06,16.33,16.53,4201063,218884176.00
2016/01/26,16.19,16.30,14.81,14.81,5746719,279768128.00
2016/01/27,14.74,14.99,13.30,14.31,7092590,313139808.00
2016/01/28,14.39,15.18,14.19,14.29,6958270,322280448.00
2016/01/29,14.14,15.72,14.14,15.47,6076679,286701472.00
2016/02/01,15.33,16.40,15.16,15.95,6222576,308859008.00
2016/02/02,15.96,17.26,15.86,17.08,6897475,358761504.00
2016/02/03,16.73,17.29,16.49,17.13,5038520,263612816.00
2016/02/04,17.06,17.49,16.96,17.33,4880011,260822912.00
2016/02/05,17.23,17.32,16.56,16.64,3619336,192166032.00
2016/02/15,16.08,17.99,15.99,17.64,5642658,300760512.00
2016/02/16,17.62,18.42,17.55,18.13,5690844,319698784.00
2016/02/17,18.12,18.62,17.99,18.35,4792515,273630816.00
2016/02/18,18.45,18.68,18.04,18.11,3221868,183060656.00
2016/02/19,17.73,18.21,17.66,18.06,3800524,212619056.00
2016/02/22,18.33,18.42,17.88,18.16,3897240,219266912.00
2016/02/23,18.19,18.19,17.43,17.69,3393186,187945024.00
2016/02/24,17.82,17.91,16.63,17.16,5204187,278152672.00
2016/02/25,17.11,17.28,15.38,15.39,5989915,303140928.00
2016/02/26,15.75,16.41,15.49,15.82,4754151,236859648.00
2016/02/29,15.79,15.79,14.19,14.81,4798456,222181536.00
2016/03/01,14.86,15.56,14.66,15.42,3874054,183828448.00
2016/03/02,15.34,16.39,15.27,16.28,4715263,233543872.00
2016/03/03,16.16,16.65,16.05,16.05,3671159,187482816.00
2016/03/04,15.96,16.21,14.83,15.02,3808971,185731984.00
2016/03/07,15.28,16.59,15.28,16.59,5789405,291092960.00
2016/03/08,16.49,17.64,15.89,17.33,6933656,363740800.00
2016/03/09,16.98,17.84,16.86,16.91,5095423,274556640.00
2016/03/10,16.93,17.50,16.85,16.92,3925964,210028960.00
2016/03/11,16.82,17.50,16.56,17.49,4729133,253516224.00
2016/03/14,17.88,18.93,17.73,18.08,8387131,481407744.00
2016/03/15,17.93,18.39,17.88,18.10,4471147,252576464.00
2016/03/16,18.33,18.42,16.89,17.33,7365564,401164064.00
2016/03/17,17.33,18.73,17.33,18.67,7513315,421763232.00
2016/03/18,18.64,19.18,18.43,18.86,8756580,512299424.00
2016/03/21,19.26,19.33,18.66,19.12,7225747,426639392.00
2016/03/22,18.96,19.77,18.85,18.96,5723267,343261408.00
2016/03/23,18.99,19.25,18.79,19.23,4742370,280250880.00
2016/03/24,18.98,19.60,18.93,19.05,5885063,351793600.00
2016/03/25,18.93,19.33,18.29,18.81,4605739,268973248.00
2016/03/28,18.71,20.55,18.71,19.85,8527598,521872416.00
2016/03/29,19.76,20.32,19.42,20.16,6803154,419709600.00
2016/03/30,20.30,21.30,19.83,21.20,8030168,511585600.00
2016/03/31,20.39,20.66,19.53,19.53,14595826,908467904.00
2016/04/01,19.63,19.99,19.46,19.60,5934849,363851968.00
2016/04/05,19.66,20.09,18.93,19.83,7404628,449160896.00
2016/04/06,19.68,20.43,19.66,19.90,5925106,369364160.00
2016/04/07,19.96,20.12,19.06,19.09,6331974,381475264.00
2016/04/08,18.93,19.01,18.36,18.62,4992615,290289536.00
2016/04/11,18.86,19.36,18.86,19.00,3947695,234579616.00
2016/04/12,19.07,19.09,18.53,18.73,3110583,180912960.00
2016/04/13,18.78,19.52,18.78,19.21,4538941,271930688.00
2016/04/14,19.34,19.73,19.30,19.63,3768468,228564240.00
2016/04/15,19.73,19.79,19.41,19.57,2712348,164918352.00
2016/04/18,19.26,19.26,18.53,18.71,4234646,247569872.00
2016/04/19,18.79,18.92,18.42,18.65,3154422,182678736.00
2016/04/20,18.77,18.88,16.83,17.47,6208485,342689504.00
2016/04/21,17.33,17.49,16.92,16.99,3396762,182840688.00
2016/04/22,16.83,17.53,16.77,17.39,2786063,150028416.00
2016/04/25,17.33,17.36,16.89,17.25,3262790,173967184.00
2016/04/26,17.23,17.49,16.93,17.36,3023079,162407552.00
2016/04/27,17.40,17.99,17.33,17.56,4076349,224025856.00
2016/04/28,17.56,17.72,17.12,17.40,2967394,161099584.00
2016/04/29,17.39,17.94,17.17,17.73,3252001,179590160.00
2016/05/03,17.79,18.44,17.67,18.24,5120398,290010880.00
2016/05/04,18.22,18.52,18.19,18.21,3706326,211118336.00
2016/05/05,18.07,18.20,17.92,18.14,2732445,153602544.00
2016/05/06,18.19,18.63,17.49,17.49,5204010,293147520.00
2016/05/09,17.33,17.33,16.42,16.59,4491189,234317280.00
2016/05/10,16.55,16.75,16.42,16.53,2199944,114112136.00
2016/05/11,16.69,16.76,16.38,16.41,2105136,108820464.00
2016/05/12,16.23,16.72,15.83,16.67,3057118,156594560.00
2016/05/13,16.53,16.90,16.45,16.57,2977291,155294832.00
2016/05/16,16.41,16.86,16.41,16.79,2374271,123530000.00
2016/05/17,16.88,17.03,16.56,16.74,2470447,129476616.00
2016/05/18,16.62,16.62,16.04,16.25,2778821,141880384.00
2016/05/19,16.39,17.14,16.33,16.76,4758945,250545648.00
2016/05/20,16.62,17.44,16.50,17.34,3940244,211387920.00
2016/05/23,17.41,18.19,17.41,17.97,5511821,308024064.00
2016/05/24,17.95,18.24,17.77,18.05,4405306,247317088.00
2016/05/25,18.23,18.41,17.55,17.73,4027617,225781152.00
2016/05/26,17.66,18.49,17.26,18.46,4848070,270811776.00
2016/05/27,18.33,18.72,18.23,18.25,4066602,233074656.00
2016/05/30,18.12,18.76,18.11,18.19,4338482,249407616.00
2016/05/31,18.29,19.35,18.23,19.27,7179057,421175200.00
2016/06/01,19.25,19.49,19.08,19.25,6215893,371900672.00
2016/06/02,19.24,19.57,19.13,19.42,4862849,291748064.00
2016/06/03,19.43,19.81,19.34,19.41,6756402,410014304.00
2016/06/06,19.56,19.56,19.14,19.33,4968016,298117184.00
2016/06/07,19.34,19.58,19.09,19.46,3714973,222833424.00
2016/06/08,19.43,19.81,19.26,19.60,4845439,293694112.00
2016/06/13,19.32,20.11,18.43,18.43,7203483,435063200.00
2016/06/14,18.49,18.82,18.23,18.71,3869335,223255792.00
2016/06/15,18.56,19.99,18.56,19.75,6370938,386176960.00
2016/06/16,19.66,19.94,19.57,19.66,4840538,296299136.00
2016/06/17,19.72,20.37,19.67,19.85,5643425,350775840.00
2016/06/20,19.99,20.99,19.92,20.79,7133287,450565568.00
2016/06/21,20.93,20.95,19.99,20.07,6108585,386126720.00
2016/06/22,19.93,20.65,19.93,20.63,3813211,238871504.00
2016/06/23,20.66,21.26,20.33,20.58,5009753,320343520.00
2016/06/24,20.69,21.16,19.83,20.77,7244991,458694304.00
2016/06/27,20.75,21.59,20.67,21.52,6349866,414032704.00
2016/06/28,21.41,21.48,21.07,21.26,6299941,411339040.00
2016/06/29,21.39,21.52,21.06,21.29,4922496,321561760.00
2016/06/30,21.26,21.56,20.79,20.89,6913000,450281760.00
2016/07/01,20.99,21.14,20.31,20.54,7331990,466107296.00
2016/07/04,20.28,20.95,20.26,20.83,5224522,332404480.00
2016/07/05,20.75,20.83,20.34,20.58,4044506,255723024.00
2016/07/06,20.53,21.22,20.50,21.11,6022073,387959648.00
2016/07/07,21.01,21.12,20.36,20.62,6422652,407258656.00
2016/07/08,20.64,20.75,20.46,20.49,4069972,257753136.00
2016/07/11,20.63,20.78,20.18,20.21,3735297,235753168.00
2016/07/12,20.31,20.55,19.43,20.24,4861401,299524416.00
2016/07/13,20.22,20.54,20.00,20.39,3412854,213433824.00
2016/07/14,20.36,21.03,20.33,20.81,4856884,310111520.00
2016/07/15,20.88,21.24,20.67,21.13,4712716,303716384.00
2016/07/18,21.16,21.49,20.76,20.79,6042194,393004224.00
2016/07/19,20.74,20.82,19.83,20.22,7926089,491199552.00
2016/07/20,20.16,20.25,19.95,20.14,2955998,183013568.00
2016/07/21,20.16,22.20,20.10,22.20,14067041,922360384.00
2016/07/22,22.26,22.33,21.68,21.71,9302078,626950592.00
2016/07/25,21.69,22.04,21.35,21.99,7493051,497786208.00
2016/07/26,21.84,22.32,21.65,21.99,7132089,481130016.00
2016/07/27,21.97,22.48,19.83,20.25,11460095,743599104.00
2016/07/28,20.09,20.42,19.63,20.21,5952081,367315616.00
2016/07/29,20.16,20.48,20.09,20.19,3409905,212741408.00
2016/08/01,19.83,19.99,18.99,19.49,4930231,294185984.00
2016/08/02,19.55,19.89,19.46,19.88,2582440,156184416.00
2016/08/03,19.78,19.79,19.49,19.71,2855296,172608864.00
2016/08/04,19.69,19.98,19.36,19.76,2856321,173074592.00
2016/08/05,19.63,19.74,19.34,19.34,2766816,166382784.00
2016/08/08,19.34,19.50,18.87,19.49,3085140,182311216.00
2016/08/09,19.50,19.94,19.50,19.93,4390873,266672688.00
2016/08/10,20.20,20.99,20.20,20.23,8431923,533974624.00
2016/08/11,20.31,20.76,20.24,20.41,5390895,339782880.00
2016/08/12,20.41,20.70,20.27,20.61,3838089,242009600.00
2016/08/15,20.76,21.11,20.46,21.01,4982327,319361056.00
2016/08/16,20.96,21.01,20.64,20.78,4185540,267231344.00
2016/08/17,20.76,21.28,20.68,20.94,4175228,269960256.00
2016/08/18,20.89,21.15,20.71,20.73,4110743,263590720.00
2016/08/19,20.83,20.89,20.34,20.47,3580159,226099264.00
2016/08/22,20.69,20.98,20.46,20.57,2856760,181631632.00
2016/08/23,20.49,20.60,19.78,19.99,4936181,304815584.00
2016/08/24,20.01,20.27,19.93,20.18,2294301,142285136.00
2016/08/25,20.00,20.42,19.89,20.25,2495158,155162816.00
2016/08/26,20.00,20.49,19.86,20.13,4521764,280271680.00
2016/08/29,20.16,20.82,20.11,20.53,4879624,308736640.00
2016/08/30,20.56,20.79,20.52,20.58,2802355,177681200.00
2016/08/31,20.57,20.64,20.23,20.37,2662637,166921808.00
2016/09/01,20.37,20.99,20.30,20.83,4811370,306026144.00
2016/09/02,20.78,21.09,20.26,20.37,4462507,283828288.00
2016/09/05,20.33,20.82,20.31,20.79,3094038,195952640.00
2016/09/06,20.80,22.92,20.80,22.79,17424561,1194588928.00
2016/09/07,22.52,23.86,22.52,22.92,13607806,966611136.00
2016/09/08,22.76,24.49,22.76,23.91,11337752,823059584.00
2016/09/09,23.86,24.62,23.60,23.84,7436602,547687744.00
2016/09/12,23.69,25.69,23.69,24.73,11536660,874718464.00
2016/09/13,24.99,25.77,23.83,23.93,10764574,817896896.00
2016/09/14,23.67,24.58,23.62,24.26,6819605,504970624.00
2016/09/19,24.33,26.38,24.27,26.38,8276118,647998272.00
2016/09/20,26.28,26.76,25.43,26.10,7088444,561226624.00
2016/09/21,25.89,26.92,25.25,25.49,7302426,579739136.00
2016/09/22,25.73,27.76,25.60,27.64,8923118,732846784.00
2016/09/23,27.79,28.15,27.03,27.44,7221786,607024320.00
2016/09/26,27.33,27.99,24.90,25.24,9657055,776274176.00
2016/09/27,25.23,26.37,24.57,26.35,8938442,698068800.00
2016/09/28,26.16,26.42,25.85,25.97,5840954,466457472.00
2016/09/29,26.16,26.21,25.40,25.51,5004568,393110144.00
2016/09/30,25.59,27.63,25.43,27.29,7962074,650820736.00
2016/10/10,27.73,28.78,27.61,28.08,7308610,626898816.00
2016/10/11,28.11,28.79,27.79,27.96,6488400,557540800.00
2016/10/12,28.00,29.13,28.00,29.05,7117877,623878656.00
2016/10/13,28.86,29.03,28.42,28.78,4245505,371773568.00
2016/10/14,28.59,29.09,27.13,28.12,8501700,723118848.00
2016/10/17,27.82,27.89,26.45,26.88,7728402,639734976.00
2016/10/18,26.88,27.55,26.77,27.40,5417265,448618752.00
2016/10/19,27.31,27.59,26.39,26.83,5822741,479124672.00
2016/10/20,26.69,27.18,26.43,26.82,4397004,360251072.00
2016/10/21,26.89,27.02,25.58,26.04,6545725,522939808.00
2016/10/24,25.96,26.49,25.79,26.16,5539012,443476864.00
2016/10/25,25.59,25.59,24.34,24.40,14020242,1058830592.00
2016/10/26,24.16,24.68,24.10,24.40,5417922,405914688.00
2016/10/27,24.36,24.52,24.26,24.41,2923513,218453488.00
2016/10/28,24.44,25.28,24.43,24.89,7133721,544431360.00
2016/10/31,24.79,24.86,24.03,24.62,4410591,330090528.00
2016/11/01,24.71,25.75,24.49,25.56,7087587,549407296.00
2016/11/02,25.36,25.56,24.91,25.09,4054479,312414752.00
2016/11/03,24.86,25.33,24.49,24.90,4455296,339397888.00
2016/11/04,24.95,25.28,24.60,24.90,3260213,249377760.00
2016/11/07,24.83,25.51,24.83,24.89,3850442,296481440.00
2016/11/08,24.99,25.39,24.74,25.05,3369396,258782912.00
2016/11/09,25.05,25.31,24.49,24.71,4261099,325698688.00
2016/11/10,24.89,25.79,24.79,25.49,6175577,477275584.00
2016/11/11,25.50,25.71,24.93,25.04,4251479,327961152.00
2016/11/14,25.04,25.43,24.75,24.97,2979652,228776368.00
2016/11/15,24.89,25.08,24.46,24.75,3465529,261382384.00
2016/11/16,24.77,25.40,24.77,25.13,5310253,409113088.00
2016/11/17,24.91,25.35,24.83,25.23,3451166,265675744.00
2016/11/18,25.54,26.89,25.49,26.31,8732649,699828224.00
2016/11/21,26.70,27.65,26.36,27.44,8690647,716465600.00
2016/11/22,27.28,28.66,27.23,28.09,9157791,780218240.00
2016/11/23,27.86,28.06,27.23,27.82,5618230,474643200.00
2016/11/24,27.72,27.72,27.00,27.35,6090417,508895104.00
2016/11/25,27.14,27.30,26.20,27.24,4488847,366568640.00
2016/11/28,27.01,27.15,25.94,26.04,5089725,409660960.00
2016/11/29,26.10,26.49,26.01,26.32,3120664,250425600.00
2016/11/30,26.29,26.38,25.60,26.38,2754343,219530064.00
2016/12/01,26.66,26.69,26.16,26.62,3389229,274257312.00
2016/12/02,26.64,26.66,25.66,26.06,3611532,287234112.00
2016/12/05,25.79,27.16,25.68,26.84,4862841,396536480.00
2016/12/06,26.83,27.10,26.56,26.96,2783287,228902432.00
2016/12/07,26.83,27.06,26.36,26.98,2729877,222451456.00
2016/12/08,26.22,26.56,26.00,26.18,3114386,249973968.00
2016/12/09,25.99,26.12,24.66,24.89,5426694,418319136.00
2016/12/12,24.82,25.05,24.30,24.38,3062985,230285392.00
2016/12/13,24.33,24.58,24.03,24.39,2015351,149970256.00
2016/12/14,24.27,24.43,23.56,23.67,2626838,191989728.00
2016/12/15,23.69,24.56,23.69,24.13,2630876,194654032.00
2016/12/16,24.09,24.21,23.80,24.06,2223373,163682672.00
2016/12/19,24.06,25.21,23.83,25.09,3764155,284297568.00
2016/12/20,24.99,25.74,24.71,25.44,3309366,256551920.00
2016/12/21,25.38,25.67,25.11,25.43,1999370,155516800.00
2016/12/22,25.19,25.55,25.19,25.46,1127546,87634504.00
2016/12/23,25.42,25.66,24.69,24.83,1672902,128521704.00
2016/12/26,24.73,25.15,23.88,24.94,1584790,119057864.00
2016/12/27,24.88,25.01,24.41,24.49,1411588,106721520.00
2016/12/28,24.55,24.78,24.29,24.56,1364112,102267416.00
2016/12/29,24.49,25.13,24.37,25.11,1815548,137191376.00
2016/12/30,24.93,25.75,24.86,25.66,3651350,284288288.00
2017/01/03,25.64,25.74,25.18,25.42,2165985,168311984.00
2017/01/04,25.43,25.49,24.93,25.23,2647564,203426352.00
2017/01/05,25.03,25.32,25.02,25.24,1452367,111777280.00
2017/01/06,25.23,25.23,24.37,24.63,2600018,196776928.00
2017/01/09,24.59,24.91,24.39,24.76,1280551,96903208.00
2017/01/10,24.81,25.09,24.53,24.82,1256132,95594648.00
2017/01/11,24.85,25.01,24.46,24.66,1557858,118204544.00
2017/01/12,24.49,24.79,23.96,24.09,1481175,110333168.00
2017/01/13,24.03,24.16,22.91,23.22,2809423,201821296.00
2017/01/16,22.93,22.96,21.57,22.15,3553843,241955184.00
2017/01/17,22.09,22.69,21.83,22.39,1881859,129383624.00
2017/01/18,22.39,22.49,22.19,22.38,1403610,96239064.00
2017/01/19,22.00,22.38,21.96,22.38,941474,64154460.00
2017/01/20,22.26,23.32,22.23,23.14,1833103,128334224.00
2017/01/23,23.05,23.64,22.93,23.36,1063756,76091984.00
2017/01/24,23.36,23.45,22.99,23.32,739727,52484608.00
2017/01/25,23.31,23.42,23.07,23.39,840048,59932084.00
2017/01/26,23.01,23.33,23.01,23.32,1308220,92985408.00
2017/02/03,23.16,23.23,22.85,22.93,928852,65373152.00
2017/02/06,23.09,23.56,22.80,23.45,1411622,100616384.00
2017/02/07,23.42,23.46,23.22,23.25,926926,66238304.00
2017/02/08,23.33,23.56,23.06,23.48,1176949,84138056.00
2017/02/09,23.49,24.22,23.49,24.01,1745786,128156768.00
2017/02/10,24.16,24.45,24.00,24.03,1504767,111523632.00
2017/02/13,23.95,24.74,23.73,24.65,2026833,151087744.00
2017/02/14,24.47,25.33,24.33,25.02,2321609,176295696.00
2017/02/15,24.96,25.21,24.83,25.06,1818612,139420672.00
2017/02/16,25.06,25.06,24.61,24.76,1555211,117629456.00
2017/02/17,24.60,24.96,24.35,24.53,1138217,85639064.00
2017/02/20,24.45,24.68,23.90,24.49,2225733,164863584.00
2017/02/21,24.39,24.65,24.24,24.53,1465313,109433848.00
2017/02/22,24.53,25.91,24.46,25.76,4683479,361936256.00
2017/02/23,26.06,26.75,25.83,26.08,5858996,472196096.00
2017/02/24,25.90,26.25,25.72,26.15,3249680,259268864.00
2017/02/27,26.06,26.54,25.39,25.42,3129200,246732048.00
2017/02/28,25.32,25.62,25.17,25.50,1350769,104656120.00
2017/03/01,25.39,25.60,24.18,24.58,3830813,292924320.00
2017/03/02,24.62,24.91,24.23,24.66,2352441,176835520.00
2017/03/03,24.50,25.56,24.29,25.46,3015909,230767552.00
2017/03/06,25.63,26.03,25.36,25.69,3325400,261211488.00
2017/03/07,25.79,26.49,25.66,26.13,3713695,296873472.00
2017/03/08,25.96,26.28,25.59,25.91,2696384,213515856.00
2017/03/09,25.56,28.16,25.17,26.46,10431064,844674560.00
2017/03/10,26.45,26.82,25.92,26.16,5691978,456949728.00
2017/03/13,26.09,26.27,25.70,26.13,5135876,408601216.00
2017/03/14,26.03,26.59,25.78,25.78,4371443,349004096.00
2017/03/15,25.52,25.89,25.26,25.45,3942713,307969664.00
2017/03/16,25.63,26.39,25.50,26.39,5514023,440576896.00
2017/03/17,26.41,26.96,26.27,26.38,5472549,445832000.00
2017/03/20,26.54,26.69,26.23,26.62,3582199,289850368.00
2017/03/21,26.62,26.78,26.09,26.19,3570904,287539456.00
2017/03/22,25.99,26.18,25.61,25.75,4232334,334144768.00
2017/03/23,25.87,26.15,25.33,25.63,3629102,285848032.00
2017/03/24,25.63,25.75,25.39,25.48,3167620,247389904.00
2017/03/27,25.48,25.65,24.86,24.98,4087746,315923008.00
2017/03/28,24.98,25.27,24.88,24.99,3506687,268783232.00
2017/03/29,25.04,25.40,24.84,25.16,3282171,252618320.00
2017/03/30,25.16,25.16,23.40,23.69,5977406,440270368.00
2017/03/31,23.76,24.05,23.61,23.79,3112899,227437152.00
2017/04/05,23.79,24.32,23.67,24.19,2306316,170345472.00
2017/04/06,24.17,24.32,24.03,24.10,2117212,156761312.00
2017/04/07,24.11,24.23,23.93,24.09,1686134,124181216.00
2017/04/10,24.21,24.23,23.28,23.62,3337921,242299328.00
2017/04/11,23.63,24.26,23.63,24.19,2233676,163872032.00
2017/04/12,24.20,24.20,23.73,23.83,1521174,111326064.00
2017/04/13,23.91,24.16,23.49,23.51,2352444,171928304.00
2017/04/14,23.08,23.46,21.53,21.64,17457189,394181728.00
2017/04/17,20.96,21.56,20.75,21.46,9290322,200692928.00
2017/04/18,21.37,22.10,21.22,21.65,6219523,137502336.00
2017/04/19,21.56,21.61,20.66,21.12,6861251,146764272.00
2017/04/20,21.06,21.08,19.65,20.37,15836464,327501152.00
2017/04/21,20.15,20.39,19.70,19.71,7044120,142773840.00
2017/04/24,19.38,19.81,18.69,19.56,7898954,155918240.00
2017/04/25,19.68,20.06,18.94,18.96,9264549,184888480.00
2017/04/26,18.90,19.42,18.90,19.36,7262819,141984720.00
2017/04/27,19.55,20.86,19.47,20.47,13436971,274924256.00
2017/04/28,20.51,20.91,20.29,20.59,9091838,190027984.00
2017/05/02,20.54,21.18,20.54,20.74,8451910,179295152.00
2017/05/03,20.72,21.12,20.48,20.88,7759028,164390896.00
2017/05/04,20.92,21.34,20.76,21.16,10796899,232057184.00
2017/05/05,21.01,21.25,20.43,20.53,10514575,220802832.00
2017/05/08,20.43,20.83,20.24,20.36,5430340,113577840.00
2017/05/09,20.16,20.91,20.16,20.71,5518681,115492216.00
2017/05/10,20.73,20.82,20.26,20.31,5347511,111817720.00
2017/05/11,20.27,20.41,19.48,20.24,8289652,168123712.00
2017/05/12,20.16,20.26,19.84,20.01,4054368,82480584.00
2017/05/15,20.11,20.41,20.04,20.16,5485097,112778256.00
2017/05/16,20.17,22.21,19.75,22.21,16802924,362477120.00
2017/05/17,22.10,22.31,21.66,21.67,14002305,310396032.00
2017/05/18,21.67,22.11,21.47,22.01,11658578,259131728.00
2017/05/19,21.96,22.14,21.60,21.76,5213439,115314544.00
2017/05/22,21.63,21.83,21.00,21.08,9275951,200736624.00
2017/05/23,21.08,21.30,20.76,20.83,5108752,109067944.00
2017/05/24,20.78,21.34,20.72,21.21,5424039,116175744.00
2017/05/25,21.22,22.10,20.99,21.81,8108627,177599312.00
2017/05/26,22.09,22.09,21.61,21.71,5693101,125961656.00
2017/05/31,22.13,22.24,21.27,21.33,6132654,135762432.00
2017/06/01,21.32,21.57,19.76,20.53,8839474,188517168.00
2017/06/02,20.26,20.85,20.15,20.50,5106140,106210808.00
2017/06/05,20.71,20.94,20.50,20.58,3641860,76686432.00
2017/06/06,20.55,20.81,20.30,20.69,3975432,83051536.00
2017/06/07,20.14,21.46,20.07,21.25,13803500,292156608.00
2017/06/08,21.17,21.35,20.81,20.83,7528362,160502208.00
2017/06/09,20.89,21.02,20.67,20.81,4875467,103229488.00
2017/06/12,20.56,20.94,20.26,20.42,5150996,107365752.00
2017/06/13,20.41,21.00,20.41,20.90,5774973,122130200.00
2017/06/14,21.04,21.04,20.64,20.76,3701905,78387352.00
2017/06/15,20.78,21.83,20.78,21.52,11923956,259025744.00
2017/06/16,21.47,21.55,21.11,21.30,6249766,135082384.00
2017/06/19,21.35,21.93,21.30,21.84,9532949,209981264.00
2017/06/20,21.96,22.15,21.47,21.56,7051503,155852352.00
2017/06/21,21.66,21.94,21.43,21.70,4981556,109832848.00
2017/06/22,21.66,21.73,21.29,21.41,5698165,124320072.00
2017/06/23,21.41,21.66,20.66,21.30,6144985,132957608.00
2017/06/26,21.30,22.24,21.20,22.20,13376850,295859456.00
2017/06/27,22.18,22.46,21.95,22.08,6901043,154889312.00
2017/06/28,22.18,22.68,21.93,21.99,10234376,231642976.00
2017/06/29,22.07,22.26,21.66,22.14,7332175,163754144.00
2017/06/30,22.04,22.21,21.78,21.88,6383228,142188656.00
2017/07/03,21.45,21.74,21.16,21.56,10657255,231490384.00
2017/07/04,21.54,21.63,21.29,21.41,6248642,135918224.00
2017/07/05,21.38,21.61,21.32,21.44,5450324,118592824.00
2017/07/06,21.34,21.50,20.44,20.52,15072405,319889440.00
2017/07/07,20.46,20.67,20.28,20.41,5961252,124125912.00
2017/07/10,20.39,20.78,20.34,20.57,5928951,124134008.00
2017/07/11,20.56,20.77,20.30,20.44,3947937,82532840.00
2017/07/12,20.35,20.46,19.74,20.09,5145671,105147632.00
2017/07/13,20.06,20.32,20.01,20.27,4382174,89763896.00
2017/07/14,20.19,20.53,20.19,20.27,3058298,63304696.00
2017/07/17,19.97,20.01,18.21,18.21,17055828,324787072.00
2017/07/18,18.13,18.26,16.54,18.20,14198916,250678352.00
2017/07/19,17.76,17.92,17.51,17.83,6248052,113022272.00
2017/07/20,17.85,18.14,17.84,18.02,5595526,102477704.00
2017/07/21,18.02,18.05,17.31,17.52,6502932,117109384.00
2017/07/24,17.22,17.75,17.19,17.62,3783606,67487344.00
2017/07/25,17.61,17.81,17.48,17.67,2996680,54050924.00
2017/07/26,17.68,17.81,17.59,17.69,2658667,47942280.00
2017/07/27,17.69,19.41,17.69,19.16,13741166,262184528.00
2017/07/28,19.11,19.11,18.60,18.68,6659522,127482176.00
2017/07/31,18.68,19.24,18.66,18.82,5223550,100978368.00
2017/08/01,18.86,19.01,18.66,18.88,3769464,72289288.00
2017/08/02,18.89,18.98,18.36,18.43,4437139,84180496.00
2017/08/03,18.36,18.98,18.36,18.73,3729881,71216448.00
2017/08/04,18.81,19.48,18.81,19.12,8287336,162366096.00
2017/08/07,19.04,19.59,18.96,19.37,4582796,90305936.00
2017/08/08,19.37,19.61,19.14,19.38,3937528,77856912.00
2017/08/09,19.39,19.96,19.39,19.83,5416284,108892800.00
2017/08/10,20.05,21.10,20.01,20.70,13527567,283292608.00
2017/08/11,20.55,20.94,19.67,20.36,10073191,211169728.00
2017/08/14,20.39,21.15,20.39,20.78,8926052,188851648.00
2017/08/15,21.08,21.08,20.56,20.79,5372923,113145992.00
2017/08/16,20.67,21.43,20.64,21.30,8346969,178627648.00
2017/08/17,21.36,22.18,21.16,21.66,12901573,285377440.00
2017/08/18,21.66,22.03,21.20,21.38,8577342,187537600.00
2017/08/21,21.39,21.86,20.84,21.11,8359463,180052464.00
2017/08/22,21.14,21.54,20.94,21.26,6183227,133454032.00
2017/08/23,21.21,21.48,21.06,21.11,3977920,85774408.00
2017/08/24,20.98,21.13,20.44,20.63,8648800,181737600.00
2017/08/25,20.64,21.12,20.54,21.04,10737956,227367952.00
2017/08/28,21.12,21.25,20.76,21.00,10865433,232184208.00
2017/08/29,21.04,21.10,20.84,20.99,7036100,149917664.00
2017/08/30,20.99,21.22,20.68,20.74,7484570,159485472.00
2017/08/31,20.74,20.84,20.45,20.58,5203979,108805680.00
2017/09/01,20.70,21.34,20.52,21.24,8902594,188886112.00
2017/09/04,21.25,21.55,21.04,21.12,8466832,182359680.00
2017/09/05,21.24,21.31,20.99,21.19,6444935,138602080.00
2017/09/06,21.04,23.34,20.96,22.84,32015789,724207872.00
2017/09/07,22.83,22.83,22.35,22.53,18245990,417855680.00
2017/09/08,22.66,23.04,22.31,22.46,12023618,275398816.00
2017/09/11,22.63,23.53,22.36,23.36,19706889,460965856.00
2017/09/12,23.16,23.88,22.84,23.79,19744581,467129184.00
2017/09/13,23.36,23.71,23.18,23.25,10563551,251216384.00
2017/09/14,23.22,24.74,23.01,24.50,24624061,598168384.00
2017/09/15,24.64,25.21,23.56,23.56,33035130,816674560.00
2017/09/18,23.66,24.25,23.34,23.74,12196287,293934048.00
2017/09/19,23.74,26.14,23.46,25.81,31968814,817034048.00
2017/09/20,25.61,25.91,25.16,25.67,20017263,518167584.00
2017/09/21,25.86,25.86,25.03,25.14,14131065,362249376.00
2017/09/22,24.99,26.59,24.44,26.35,29658311,771066432.00
2017/09/25,26.16,26.76,24.63,24.75,33132982,865341056.00
2017/09/26,24.49,24.74,23.76,24.64,14188100,348840384.00
2017/09/27,24.49,26.01,24.23,25.26,27468321,699025600.00
2017/09/28,24.96,25.20,24.36,24.38,21540943,541151936.00
2017/09/29,24.41,25.86,24.41,25.08,19771944,503780512.00
2017/10/09,25.86,27.62,25.65,26.24,40486780,1091809792.00
2017/10/10,26.30,27.09,26.14,26.99,30873903,834787520.00
2017/10/11,26.54,26.54,25.96,26.01,18632114,494312736.00
2017/10/12,26.04,26.75,25.88,26.16,16750337,446500096.00
2017/10/13,26.24,26.32,25.23,25.69,19040453,493345856.00
2017/10/16,25.45,26.08,25.24,25.28,14280094,370685376.00
2017/10/17,25.22,25.46,24.22,24.33,15552901,391335872.00
2017/10/18,24.38,24.61,24.22,24.36,8587623,212654640.00
2017/10/19,24.33,24.54,23.77,24.19,11230122,274818336.00
2017/10/20,24.19,24.59,24.19,24.52,5361849,132909512.00
2017/10/23,24.76,25.06,24.54,24.80,7625801,191613120.00
2017/10/24,24.79,24.79,23.82,24.07,9662771,236985520.00
2017/10/25,23.92,24.41,23.89,24.36,5316086,130677472.00
2017/10/26,24.46,25.63,24.46,25.12,14350954,365284160.00
2017/10/27,25.12,25.33,24.66,24.80,8644435,218527664.00
2017/10/30,24.64,25.17,24.18,24.46,10229511,255785744.00
2017/10/31,24.49,25.85,24.39,25.79,18523407,475912576.00
2017/11/01,25.76,26.29,25.41,25.89,16698348,438353568.00
2017/11/02,25.66,25.87,25.44,25.76,11954792,310580032.00
2017/11/03,25.57,26.42,25.57,25.96,18484146,487039552.00
2017/11/06,26.51,27.74,26.06,27.37,32003416,875274240.00
2017/11/07,27.47,27.74,26.89,27.59,21978310,606784768.00
2017/11/08,27.52,28.22,26.78,26.87,24051441,671176192.00
2017/11/09,26.74,27.65,26.48,27.65,17551072,482633664.00
2017/11/10,27.68,29.54,27.56,29.06,34088936,990475072.00
2017/11/13,29.06,30.24,28.90,29.59,28875718,864799296.00
2017/11/14,29.54,30.44,29.02,29.66,24121163,726141248.00
2017/11/15,29.48,30.81,29.21,30.45,29646977,905125632.00
2017/11/16,30.15,30.88,29.27,30.73,26179535,792568896.00
2017/11/17,30.37,30.71,28.24,28.52,27861669,833415680.00
2017/11/20,27.96,31.41,27.96,31.41,35741911,1077270016.00
2017/11/21,31.56,32.95,31.03,32.25,41224905,1331648640.00
2017/11/22,31.87,33.18,31.67,33.18,36579012,1197135616.00
2017/11/23,32.99,33.46,29.84,30.36,37660998,1215351808.00
2017/11/24,31.13,32.53,29.27,29.49,35310518,1118275712.00
2017/11/27,29.92,30.33,28.06,28.59,30636395,909444928.00
2017/11/28,28.63,31.04,28.63,31.04,31208531,944246336.00
2017/11/29,31.05,31.05,29.99,30.44,25236128,777515264.00
2017/11/30,29.62,30.36,28.14,29.17,29416813,867933120.00
2017/12/01,29.25,30.34,29.05,29.66,22416530,675961344.00
2017/12/04,29.41,30.10,29.06,29.35,18899448,566509824.00
2017/12/05,29.36,29.57,27.01,27.58,28459509,809926976.00
2017/12/06,27.64,28.36,26.98,28.18,17730944,497966496.00
2017/12/07,27.71,28.32,27.37,27.96,13861286,392949088.00
2017/12/08,28.09,29.61,27.85,29.02,22147080,648317504.00
2017/12/11,29.05,30.08,29.03,29.96,29327733,875678144.00
2017/12/12,30.09,30.18,29.55,29.61,17249447,521056928.00
2017/12/13,29.45,30.30,29.42,29.96,16659252,504078880.00
2017/12/14,30.34,31.61,30.16,31.02,34853139,1087635072.00
2017/12/15,30.56,30.86,29.69,30.17,23622022,723780160.00
2017/12/18,29.84,30.44,29.06,29.54,16905446,508732160.00
2017/12/19,29.58,30.55,29.58,30.51,15414855,468261120.00
2017/12/20,30.36,31.05,30.24,30.49,21702059,674081600.00
2017/12/21,30.66,31.96,30.48,31.89,29038542,920644288.00
2017/12/22,31.76,31.95,31.32,31.59,18531280,591614784.00
2017/12/25,31.65,31.96,31.14,31.73,17147145,547442944.00
2017/12/26,31.76,31.82,30.82,31.22,16114367,507560448.00
2017/12/27,31.22,31.26,28.46,28.89,26269082,794545088.00
2017/12/28,28.66,29.43,28.46,28.66,15042414,439696672.00
2017/12/29,28.76,29.50,28.76,29.06,10810886,318823168.00
2018/01/02,29.33,29.45,28.74,29.26,12373681,363851936.00
2018/01/03,29.58,30.81,29.28,30.70,24102191,738206784.00
2018/01/04,30.66,30.76,30.24,30.74,13887830,428830944.00
2018/01/05,30.61,30.76,29.71,29.84,17986903,547312064.00
2018/01/08,29.68,29.84,28.86,29.83,14124798,418704416.00
2018/01/09,30.15,31.12,29.84,31.09,23720430,730734016.00
2018/01/10,30.74,31.08,29.99,30.56,15501122,479175968.00
2018/01/11,30.26,31.76,30.06,31.45,26241574,826948288.00
2018/01/12,31.36,31.72,30.81,30.83,15132657,476780544.00
2018/01/15,30.46,30.61,29.20,29.38,21742753,657612992.00
2018/01/16,29.16,29.94,28.87,29.67,17160806,511524448.00
2018/01/17,29.74,29.83,27.26,28.43,26139592,750141632.00
2018/01/18,28.07,28.64,27.56,27.69,11922616,337486656.00
2018/01/19,27.70,28.00,26.64,26.66,17870739,492199872.00
2018/01/22,26.71,27.30,26.10,26.94,14560117,393287808.00
2018/01/23,26.39,26.91,25.47,25.73,17810400,471461632.00
2018/01/24,25.62,26.90,25.56,26.90,15701955,415809632.00
2018/01/25,26.81,26.81,26.35,26.47,11794752,317238688.00
2018/01/26,26.46,26.85,25.96,26.33,7201113,192234912.00
2018/01/29,26.24,26.64,25.03,25.10,14086915,364804608.00
2018/01/30,25.02,25.47,24.71,24.98,5328799,135775968.00
2018/01/31,24.71,25.31,24.18,24.81,8728802,218685264.00
2018/02/01,24.69,24.89,22.46,22.48,17206782,413114272.00
2018/02/02,22.66,23.14,22.47,22.76,9974882,231188992.00
2018/02/05,22.26,23.14,22.06,22.72,7531743,173900576.00
2018/02/06,22.11,22.51,20.53,20.61,11273411,246705680.00
2018/02/07,21.46,21.50,19.66,20.98,12318495,258858096.00
2018/02/08,20.86,22.31,20.56,21.96,13802055,305178432.00
2018/02/09,21.16,22.52,20.86,21.63,12079919,267837904.00
2018/02/12,22.11,22.71,21.76,22.56,11659733,264135440.00
2018/02/13,22.66,22.77,22.24,22.35,8744824,199333712.00
2018/02/14,22.44,22.53,21.96,22.39,5091010,115473384.00
2018/02/22,22.66,23.86,22.45,23.51,12346618,291425728.00
2018/02/23,23.39,23.82,23.16,23.52,8552466,204158512.00
2018/02/26,23.89,25.91,23.61,25.91,20169303,510470912.00
2018/02/27,26.06,26.44,25.46,25.48,22550523,591818176.00
2018/02/28,25.18,26.03,24.96,25.59,15985016,415350816.00
2018/03/01,25.26,26.52,25.16,26.22,17421116,458613504.00
2018/03/02,25.87,26.48,25.76,25.96,13221265,349517152.00
2018/03/05,26.01,26.95,25.95,26.58,15927533,426800320.00
2018/03/06,26.71,27.27,26.26,26.44,21934607,594846144.00
2018/03/07,26.15,26.36,25.83,25.89,11502598,303631968.00
2018/03/08,25.78,26.22,25.54,25.78,9642478,252725808.00
2018/03/09,25.74,28.38,25.74,28.25,31322616,867616000.00
2018/03/12,28.16,28.50,27.84,28.31,27518296,783739456.00
2018/03/13,27.96,28.44,27.51,27.95,16006101,452640928.00
2018/03/14,27.75,28.39,27.71,27.75,13255872,376721536.00
2018/03/15,27.46,28.21,26.69,27.84,14998520,417209248.00
2018/03/16,27.84,28.09,27.07,27.16,10032994,279916832.00
2018/03/19,27.18,28.12,26.83,27.52,13217569,371217024.00
2018/03/20,27.09,27.56,26.57,27.14,10810684,295942816.00
2018/03/21,27.69,28.66,26.98,27.16,19190517,542664832.00
2018/03/22,26.79,27.70,26.79,27.21,12655636,349007488.00
2018/03/23,25.71,26.39,24.58,25.14,22233219,576295936.00
2018/03/26,24.86,26.45,24.59,26.26,16113930,417461408.00
2018/03/27,26.76,27.43,26.46,27.05,22733769,619604416.00
2018/03/28,26.54,27.55,26.43,26.94,17469192,480315488.00
2018/03/29,27.05,27.46,26.42,26.81,12084205,329586336.00
2018/03/30,26.89,28.75,26.89,28.39,29040372,825831168.00
2018/04/02,28.66,29.22,28.08,28.44,27935518,809266432.00
2018/04/03,27.88,29.01,27.76,28.94,22770254,653558912.00
2018/04/04,28.94,29.10,27.84,27.88,16149069,465117952.00
2018/04/09,27.86,28.62,27.47,28.22,14323769,408224768.00
2018/04/10,27.94,28.14,26.98,27.46,15999170,445213088.00
2018/04/11,27.65,28.05,27.27,27.38,10017385,280206144.00
2018/04/12,27.18,27.31,26.36,26.56,14749334,399335392.00
2018/04/13,26.76,26.98,26.54,26.66,7681556,207954048.00
2018/04/16,26.54,27.18,26.37,27.17,10016830,272348320.00
2018/04/17,29.54,29.55,27.27,27.63,42776280,1228998272.00
2018/04/18,28.23,29.81,27.72,29.30,58801978,1723361920.00
2018/04/19,28.98,29.22,28.20,28.24,40883974,1187203712.00
2018/04/20,27.56,27.61,26.05,26.32,39031876,1053120384.00
2018/04/23,26.51,26.64,24.66,25.32,20844039,538677312.00
2018/04/24,25.12,26.12,25.12,26.04,14389195,375651392.00
2018/04/25,26.36,27.21,26.04,26.76,22451454,608473600.00
2018/04/26,25.66,25.98,25.29,25.66,21260164,552556544.00
2018/04/27,26.36,26.60,25.66,25.74,13579331,357544544.00
2018/05/02,25.62,25.62,23.77,24.28,18368615,459794848.00
2018/05/03,24.26,25.06,23.72,24.93,12537160,310911968.00
2018/05/04,24.99,25.12,24.56,24.56,8663429,217687520.00
2018/05/07,24.74,25.14,24.60,24.86,8693743,219587632.00
2018/05/08,24.94,25.04,24.62,24.92,8515429,214266656.00
2018/05/09,24.90,25.41,24.77,25.06,9671810,246606176.00
2018/05/10,25.11,25.36,24.71,25.08,9986919,252966624.00
2018/05/11,24.86,24.87,23.32,23.55,24225146,583663040.00
2018/05/14,24.46,24.92,23.86,23.87,18451243,455839104.00
2018/05/15,23.69,24.05,23.34,23.86,16235749,389224096.00
2018/05/16,24.02,24.70,23.99,24.21,19595691,484693408.00
2018/05/17,24.25,24.69,24.05,24.26,9752239,241213472.00
2018/05/18,24.24,24.77,24.08,24.75,14222871,354137984.00
2018/05/21,25.15,26.43,25.14,26.03,25783950,676880896.00
2018/05/22,26.04,27.33,25.75,26.78,25723131,692786240.00
2018/05/23,26.31,26.71,25.49,25.71,22717066,599741056.00
2018/05/24,25.78,26.12,25.15,25.43,17301807,446213984.00
2018/05/25,25.25,25.34,24.76,25.17,12285148,311541824.00
2018/05/28,25.21,25.62,24.85,24.96,12181517,312523424.00
2018/05/29,24.34,24.76,24.28,24.64,10180429,253504928.00
2018/05/30,24.28,24.62,23.52,23.68,10717511,259852320.00
2018/05/31,24.03,24.20,23.60,23.91,7828462,188857856.00
2018/06/01,23.66,24.15,23.66,23.81,6605943,158953184.00
2018/06/04,24.01,24.21,23.73,23.79,6635975,160049488.00
2018/06/05,23.85,24.46,23.83,24.44,9173784,223143168.00
2018/06/06,24.57,25.19,24.46,25.11,13450060,337173824.00
2018/06/07,24.87,25.20,24.63,24.85,9076458,227280272.00
2018/06/08,25.12,25.38,24.68,25.07,12547623,316744192.00
2018/06/11,24.83,24.95,23.95,23.96,8471881,208160352.00
2018/06/12,24.13,24.37,23.63,24.16,7042470,170137856.00
2018/06/13,23.93,24.58,23.75,23.91,6431724,156805072.00
2018/06/14,23.78,24.19,23.68,23.93,5060755,122009352.00
2018/06/15,24.06,24.23,22.63,22.73,11987030,280504224.00
2018/06/19,21.84,22.42,20.44,20.45,15269764,326512512.00
2018/06/20,20.43,20.92,20.09,20.63,8738100,181734608.00
2018/06/21,20.73,20.79,19.03,19.25,13740621,275632352.00
2018/06/22,19.34,20.01,18.90,19.94,9152460,182028208.00
2018/06/25,20.16,20.32,19.55,19.64,6443601,129700432.00
2018/06/26,19.23,20.58,19.13,20.34,8152616,165301312.00
2018/06/27,20.48,20.63,20.09,20.17,5318003,108655104.00
2018/06/28,20.64,20.78,19.84,19.92,9583841,197459184.00
2018/06/29,20.08,21.08,19.98,21.03,10380105,215841872.00
2018/07/02,21.13,21.76,20.64,20.93,12245423,262568944.00
2018/07/03,20.95,21.97,20.61,21.81,11780089,253528240.00
2018/07/04,21.63,21.78,21.06,21.21,8408758,181298304.00
2018/07/05,21.13,21.23,20.14,20.18,8344857,173729392.00
2018/07/06,20.24,21.06,20.13,20.55,9280573,193125184.00
2018/07/09,20.63,21.10,20.61,20.93,8391288,177041504.00
2018/07/10,21.16,21.81,21.13,21.55,12744753,276468160.00
2018/07/11,20.92,20.98,20.28,20.81,10110837,211048496.00
2018/07/12,21.63,21.99,21.24,21.89,16639529,364066720.00
2018/07/13,21.63,21.78,21.44,21.63,10326258,224945440.00
2018/07/16,21.82,22.52,21.68,22.17,13816063,309349824.00
2018/07/17,21.98,22.43,21.83,22.22,9035212,201223808.00
2018/07/18,22.23,22.35,21.58,21.58,7614360,168140112.00
2018/07/19,21.54,22.12,21.54,21.71,6876689,151210816.00
2018/07/20,21.74,21.93,21.15,21.82,8076006,175880144.00
2018/07/23,22.03,22.72,21.95,22.57,13369193,302363360.00
2018/07/24,22.53,22.71,22.13,22.53,9141178,206890928.00
2018/07/25,22.52,22.90,22.28,22.37,8457845,191841792.00
2018/07/26,22.39,22.42,21.70,21.78,7455548,164913360.00
2018/07/27,21.66,22.20,21.66,21.89,5650487,125358864.00
2018/07/30,21.82,22.08,20.83,21.08,6692062,144088352.00
2018/07/31,21.12,21.43,21.08,21.24,4366214,93599728.00
2018/08/01,21.31,22.14,21.24,21.43,8530123,187054448.00
2018/08/02,21.12,21.22,20.34,20.73,7212010,150654544.00
2018/08/03,20.76,20.87,19.90,19.95,5424234,110422400.00
2018/08/06,19.81,20.11,19.53,19.70,4191328,83599600.00
2018/08/07,19.75,21.03,19.69,20.89,7732083,159316544.00
2018/08/08,20.74,21.60,20.65,21.22,9292076,198646048.00
2018/08/09,21.01,23.30,21.00,22.57,18815573,426250976.00
2018/08/10,22.64,23.57,22.51,23.10,17773710,413995712.00
2018/08/13,23.14,24.16,23.03,23.87,21485455,513821856.00
2018/08/14,23.88,24.02,23.36,23.56,11701202,279343968.00
2018/08/15,23.87,24.23,23.24,23.24,13240669,316575456.00
2018/08/16,23.15,24.50,23.05,23.76,19714166,477157504.00
2018/08/17,24.01,24.98,23.95,24.33,22967790,568854400.00
2018/08/20,24.33,24.77,23.55,24.56,18021366,439387040.00
2018/08/21,24.36,24.44,23.72,24.20,15116774,366999552.00
2018/08/22,24.17,24.91,23.95,24.07,16080555,396643616.00
2018/08/23,23.94,25.10,23.86,24.77,19907307,492682368.00
2018/08/24,24.50,24.56,23.86,23.99,15479784,376538240.00
2018/08/27,23.83,25.88,23.69,25.69,26341892,667112832.00
2018/08/28,25.64,26.39,25.56,25.83,23490553,613097408.00
2018/08/29,25.90,26.03,25.40,26.03,11974993,310697376.00
2018/08/30,27.11,27.42,25.48,26.13,23020999,610694912.00
2018/08/31,25.96,26.55,25.53,25.61,11907494,312503808.00
2018/09/03,25.55,26.41,24.08,26.29,18276486,465435552.00
2018/09/04,26.11,26.97,25.98,26.42,16065702,429437664.00
2018/09/05,26.19,27.47,25.96,26.89,20225440,549396672.00
2018/09/06,26.62,27.39,26.49,26.82,12618950,341718144.00
2018/09/07,26.90,27.12,25.26,25.37,20077763,526228448.00
2018/09/10,25.29,26.10,24.98,25.08,15719782,403337408.00
2018/09/11,25.33,26.29,25.04,25.86,15093548,391255328.00
2018/09/12,25.78,26.12,24.75,25.03,14446786,369317632.00
2018/09/13,25.64,27.29,25.64,27.01,26423509,700553984.00
2018/09/14,27.04,27.04,25.83,25.97,21453235,568430848.00
2018/09/17,25.81,26.48,25.16,25.92,13456288,350866880.00
2018/09/18,25.66,26.15,24.86,26.02,13469262,347067104.00
2018/09/19,25.65,26.70,25.19,26.12,16846381,440340416.00
2018/09/20,25.96,26.78,25.96,26.54,13260757,352805056.00
2018/09/21,26.48,26.65,25.73,26.38,13745462,362699200.00
2018/09/25,26.01,27.16,25.85,27.16,16311537,438444448.00
2018/09/26,26.94,27.53,26.68,27.01,17040511,463845280.00
2018/09/27,26.86,27.55,26.71,27.04,12899752,353312544.00
2018/09/28,27.02,27.16,26.00,26.52,15361403,408083200.00
2018/10/08,25.68,25.68,24.44,24.44,14121521,357067072.00
2018/10/09,24.45,24.89,23.84,24.53,8568784,210538416.00
2018/10/10,24.23,24.83,23.99,24.33,8031072,197400432.00
2018/10/11,23.33,23.50,21.88,22.06,16578553,378716544.00
2018/10/12,22.05,23.31,21.85,23.11,11281248,257381456.00
2018/10/15,23.19,24.02,23.11,23.21,10939458,259124768.00
2018/10/16,23.23,23.42,22.04,22.43,9471864,215848800.00
2018/10/17,22.95,23.61,22.42,23.13,14327597,332390592.00
2018/10/18,22.82,23.40,22.43,22.63,10863334,250260352.00
2018/10/19,21.95,23.71,21.94,23.52,11743991,272702720.00
2018/10/22,24.33,25.89,23.99,25.81,20830344,527526016.00
2018/10/23,25.51,25.89,25.26,25.63,11173168,287782400.00
2018/10/24,25.53,26.08,25.33,25.76,9025489,233557200.00
2018/10/25,24.83,26.60,24.65,26.58,15728895,408734752.00
2018/10/26,26.77,27.41,25.67,26.20,15470905,413264384.00
2018/10/29,26.13,27.03,26.05,26.31,11332009,302879616.00
2018/10/30,26.02,26.33,23.93,25.58,16976125,430568160.00
2018/10/31,25.58,25.83,24.89,25.51,11292280,289137344.00
2018/11/01,25.87,26.45,25.52,25.52,12461906,326018656.00
2018/11/02,26.32,26.63,25.82,26.48,15918251,421196000.00
2018/11/05,26.12,27.00,26.03,26.86,15965843,428495488.00
2018/11/06,26.63,26.78,25.94,26.65,8850276,234905312.00
2018/11/07,26.53,27.92,26.42,27.33,21538956,592012288.00
2018/11/08,27.48,27.63,26.41,26.43,12671970,345039168.00
2018/11/09,26.13,28.19,25.85,27.73,21430486,591408128.00
2018/11/12,27.84,28.61,27.33,28.53,22982258,647736768.00
2018/11/13,27.95,28.79,27.76,28.03,15328456,434822432.00
2018/11/14,27.91,28.17,27.54,27.75,11078098,309786944.00
2018/11/15,27.63,28.19,27.39,27.96,12154870,340342752.00
2018/11/16,27.73,28.39,27.58,28.25,13955428,393957824.00
2018/11/19,28.13,28.23,27.28,27.88,11347346,316768128.00
2018/11/20,27.30,27.61,26.36,26.88,12005344,326326912.00
2018/11/21,26.51,27.32,26.32,26.57,9330056,251339072.00
2018/11/22,26.64,26.98,26.37,26.53,5095539,137046272.00
2018/11/23,26.63,26.75,25.96,26.03,7860893,207751440.00
2018/11/26,26.03,27.13,25.98,26.83,9539519,255889760.00
2018/11/27,27.13,27.39,26.81,27.03,10672369,291375712.00
2018/11/28,27.03,27.33,26.53,27.04,8536699,231923904.00
2018/11/29,27.16,27.35,25.89,25.89,14627622,390160704.00
2018/11/30,25.63,26.53,25.07,26.29,9871503,256144224.00
2018/12/03,27.36,27.83,27.03,27.55,18223363,502913920.00
2018/12/04,27.45,27.73,27.29,27.56,10197114,282228256.00
2018/12/05,26.89,27.31,26.83,27.03,6541489,178359696.00
2018/12/06,26.32,26.32,24.70,24.97,24234143,617567808.00
2018/12/07,25.33,25.50,25.05,25.21,8179501,208106240.00
2018/12/10,25.03,25.88,24.86,25.38,9381090,240552880.00
2018/12/11,25.56,25.98,25.33,25.66,9533627,246364304.00
2018/12/12,25.92,25.97,25.34,25.51,6175890,158673120.00
2018/12/13,25.61,26.08,25.37,25.93,10300089,268167088.00
2018/12/14,25.86,25.93,25.30,25.44,7903897,202525280.00
2018/12/17,25.30,25.30,24.73,25.21,5805754,146237328.00
2018/12/18,25.03,25.38,24.78,25.22,5595448,141297968.00
2018/12/19,25.37,25.89,25.28,25.38,10827497,278988128.00
2018/12/20,25.20,25.69,25.03,25.44,7249656,185184368.00
2018/12/21,25.30,25.66,25.16,25.63,7178572,184074240.00
2018/12/24,25.77,27.03,25.68,26.83,18631446,497970912.00
2018/12/25,26.49,27.42,26.33,27.12,20288101,549778432.00
2018/12/26,26.85,27.05,26.43,26.58,13933433,374867648.00
2018/12/27,26.84,27.19,26.64,26.70,13554420,367336544.00
2018/12/28,26.59,26.88,25.92,26.69,12630320,336375904.00
2019/01/02,26.57,26.94,26.42,26.55,10356217,278118208.00
2019/01/03,26.44,26.58,24.91,25.24,16038496,413508160.00
2019/01/04,24.78,25.78,24.63,25.63,8943238,228267024.00
2019/01/07,25.93,26.77,25.69,26.76,16266306,431015520.00
2019/01/08,26.63,26.98,26.33,26.61,11048139,296396384.00
2019/01/09,26.69,27.19,26.35,26.48,13350765,360152640.00
2019/01/10,26.49,27.12,26.26,26.63,12826923,344614912.00
2019/01/11,27.06,28.02,26.84,26.85,21379391,588073856.00
2019/01/14,26.70,27.11,26.43,26.90,11305708,304071712.00
2019/01/15,26.80,27.26,26.43,27.16,13279769,359119296.00
2019/01/16,27.11,27.31,26.87,26.90,8457420,229988416.00
2019/01/17,26.66,27.19,26.48,26.50,8463952,228111024.00
2019/01/18,26.40,26.62,25.93,26.34,9694253,256389472.00
2019/01/21,26.42,27.28,26.26,26.99,13314382,360117920.00
2019/01/22,26.84,26.94,26.05,26.36,10964431,292501664.00
2019/01/23,26.13,26.39,25.91,26.18,6995430,183793568.00
2019/01/24,26.23,26.83,25.94,26.38,8942147,238358256.00
2019/01/25,26.44,26.55,26.03,26.11,6998793,184835424.00
2019/01/28,26.08,26.70,26.06,26.14,8643987,229428944.00
2019/01/29,26.03,26.13,25.30,25.73,9849906,254747776.00
2019/01/30,25.81,26.28,25.63,25.77,7042086,184439888.00
2019/01/31,25.64,26.31,25.64,25.83,7167901,187535328.00
2019/02/01,25.95,26.42,25.92,26.41,8320467,219905392.00
2019/02/11,26.45,27.18,26.45,27.04,12813067,347712032.00
2019/02/12,27.04,27.17,26.79,27.06,10275549,278744832.00
2019/02/13,27.22,28.46,27.05,28.07,25329079,711717440.00
2019/02/14,27.93,28.00,27.64,27.82,14207159,397222720.00
2019/02/15,28.00,28.30,27.58,27.70,12839037,361163456.00
2019/02/18,28.06,28.92,27.83,28.91,20768374,592553536.00
2019/02/19,28.98,29.11,28.22,28.65,15808933,455543616.00
2019/02/20,28.33,28.88,27.91,28.66,14436384,412157056.00
2019/02/21,28.40,31.54,28.33,30.94,46010511,1418400000.00
2019/02/22,30.78,33.58,30.42,32.77,37611802,1192933888.00
2019/02/25,33.93,34.31,32.85,33.53,43664368,1474461056.00
2019/02/26,33.43,34.07,31.93,32.43,37770622,1238969600.00
2019/02/27,31.95,32.69,31.12,31.58,25133331,807939648.00
2019/02/28,31.62,32.09,31.29,32.00,16096020,514063680.00
2019/03/01,32.01,32.11,31.10,31.73,19658821,621578624.00
2019/03/04,32.07,32.98,31.60,31.84,30106072,979701056.00
2019/03/05,31.64,32.95,31.28,32.95,28808035,933177408.00
2019/03/06,33.29,33.53,32.01,32.51,27115294,884784320.00
2019/03/07,32.03,32.13,30.91,31.45,29221410,925584192.00
2019/03/08,30.83,34.33,30.51,32.41,47640638,1578763520.00
2019/03/11,33.29,34.43,32.13,33.81,34961321,1175009792.00
2019/03/12,34.41,35.60,33.06,34.37,39839793,1377155328.00
2019/03/13,33.92,33.92,31.71,32.04,30800579,1016061760.00
2019/03/14,31.83,34.23,31.69,33.73,38441997,1287345792.00
2019/03/15,33.75,34.10,32.31,32.93,22098700,733332224.00
2019/03/18,32.60,33.53,32.18,33.51,17797800,589328384.00
2019/03/19,33.64,34.43,33.07,33.58,20496561,696108928.00
2019/03/20,33.36,34.19,32.68,33.08,16077381,537216832.00
2019/03/21,33.14,33.77,32.83,33.13,16143422,539291840.00
2019/03/22,33.29,33.62,31.94,32.35,18332125,600902592.00
2019/03/25,31.81,32.29,31.63,31.65,15822600,506517536.00
2019/03/26,31.65,31.88,30.09,30.18,19996346,619562048.00
2019/03/27,30.43,30.73,29.72,30.44,11929973,362932448.00
2019/03/28,30.83,32.13,30.64,30.82,21000210,662138112.00
2019/03/29,30.44,31.52,29.84,31.39,17412105,539307776.00
2019/04/01,31.27,32.39,30.97,32.11,21439626,687526848.00
2019/04/02,32.22,32.22,31.33,31.50,21913889,699511488.00
2019/04/03,31.33,31.34,30.84,31.21,15674449,489387648.00
2019/04/04,31.37,31.59,30.85,31.00,13874896,434782272.00
2019/04/08,31.33,31.35,29.86,30.62,17800285,547114304.00
2019/04/09,30.33,31.33,30.26,30.86,12030275,374652960.00
2019/04/10,30.86,31.63,30.31,31.39,16195851,505619872.00
2019/04/11,31.44,31.50,30.37,30.37,10868437,336588256.00
2019/04/12,30.32,30.53,29.95,30.21,7789773,236865312.00
2019/04/15,30.83,31.38,30.15,30.18,15279317,474265952.00
2019/04/16,30.23,32.13,30.03,32.08,27176034,857405056.00
2019/04/17,32.13,32.32,31.35,31.54,19597676,624707968.00
2019/04/18,31.49,32.18,31.37,31.83,17180822,549837056.00
2019/04/19,31.82,32.14,31.11,31.75,15309618,486427392.00
2019/04/22,31.83,33.01,31.75,31.86,22478789,730579392.00
2019/04/23,31.73,31.96,30.84,31.00,13259616,419151072.00
2019/04/24,31.00,31.72,30.84,31.49,11958742,377016000.00
2019/04/25,31.34,31.76,29.87,29.87,18928440,586054144.00
2019/04/26,29.73,30.25,29.27,29.43,11812854,352987424.00
2019/04/29,29.42,29.68,27.63,27.77,16355566,465793568.00
2019/04/30,27.49,28.18,27.49,27.96,7709396,216772480.00
2019/05/06,26.83,26.93,25.15,25.15,16730282,434358272.00
2019/05/07,25.16,25.54,24.74,25.25,8948968,226316576.00
2019/05/08,24.63,25.58,24.39,25.00,7478613,188699168.00
2019/05/09,24.64,25.29,24.58,24.78,5890101,148019936.00
2019/05/10,25.03,26.19,24.23,26.15,15575232,399880960.00
2019/05/13,25.73,25.92,25.35,25.52,9952045,256997744.00
2019/05/14,24.74,25.69,24.71,25.36,8040559,205310864.00
2019/05/15,25.63,25.80,25.47,25.69,7043997,181934832.00
2019/05/16,25.73,25.73,25.03,25.55,7885787,201295104.00
2019/05/17,25.66,26.43,25.05,25.15,12607271,327692128.00
2019/05/20,25.39,26.49,25.23,26.35,17283514,451786688.00
2019/05/21,26.23,27.18,25.93,26.61,15426930,413179712.00
2019/05/22,26.52,27.78,26.36,27.06,17313408,473639488.00
2019/05/23,27.03,27.15,26.04,26.15,10337857,275903264.00
2019/05/24,25.82,26.08,25.16,25.58,8287994,213517872.00
2019/05/27,25.57,26.78,25.24,26.51,10290346,271752896.00
2019/05/28,26.60,26.87,26.32,26.41,9374550,250744224.00
2019/05/29,26.23,26.96,26.18,26.48,7956795,213668080.00
2019/05/30,26.46,26.46,25.74,26.09,6514419,170322160.00
2019/05/31,26.01,26.72,26.01,26.23,6498455,172759888.00
2019/06/03,26.21,27.76,26.18,27.22,17386582,472521312.00
2019/06/04,27.78,28.63,27.39,27.80,25203762,711303424.00
2019/06/05,28.23,28.63,27.65,28.10,18539187,526052512.00
2019/06/06,28.19,28.20,26.10,26.38,18030974,485424448.00
2019/06/10,26.36,27.42,26.33,27.02,12611800,343347392.00
2019/06/11,27.10,27.63,26.43,27.60,15337644,419791488.00
2019/06/12,27.34,27.75,27.17,27.23,12838389,354430432.00
2019/06/13,27.22,27.68,26.93,27.14,7324964,200556176.00
2019/06/14,27.13,27.36,26.36,26.41,9317945,250736272.00
2019/06/17,26.36,26.48,25.83,26.05,6158139,161736560.00
2019/06/18,26.09,26.32,25.93,26.17,4285827,112750536.00
2019/06/19,27.10,27.30,26.44,26.44,11190735,302341152.00
2019/06/20,26.44,26.93,26.03,26.78,11336083,302494688.00
2019/06/21,26.83,27.35,26.82,27.05,11784928,321458624.00
2019/06/24,27.17,27.17,26.41,26.53,9741669,261930608.00
2019/06/25,26.52,26.59,25.73,26.19,8596851,225895072.00
2019/06/26,26.08,26.55,25.96,26.16,6251400,165464656.00
2019/06/27,26.34,27.03,26.34,26.84,14435182,387992288.00
2019/06/28,26.83,26.83,26.10,26.31,7408982,196591728.00
2019/07/01,27.27,27.72,27.14,27.18,17584615,483303104.00
2019/07/02,27.19,27.31,26.86,26.92,8965091,244030352.00
2019/07/03,26.93,26.93,26.33,26.38,7820014,208711712.00
2019/07/04,26.41,26.57,26.26,26.45,5654511,150132688.00
2019/07/05,26.45,26.52,26.27,26.37,4035693,107122096.00
2019/07/08,26.37,26.38,25.18,25.25,9543221,245254384.00
2019/07/09,25.25,25.43,24.94,25.25,4576384,116016368.00
2019/07/10,25.42,25.45,25.00,25.11,3638523,92481496.00
2019/07/11,25.38,25.55,25.08,25.16,2973795,75794744.00
2019/07/12,25.32,25.48,24.87,25.40,3696035,93368880.00
2019/07/15,25.42,25.96,25.11,25.72,5524302,141511856.00
2019/07/16,26.00,26.84,26.00,26.49,13561501,359213184.00
2019/07/17,26.35,26.65,26.25,26.38,8093740,214028848.00
2019/07/18,26.24,26.24,25.71,25.71,5664326,146458000.00
2019/07/19,25.75,26.10,25.50,25.55,5776385,148635440.00
2019/07/22,25.59,25.69,24.88,24.95,5004057,125666864.00
2019/07/23,24.96,25.50,24.96,25.43,4288946,108412704.00
2019/07/24,25.60,26.12,25.52,25.88,7307139,189317152.00
2019/07/25,25.90,26.62,25.81,26.24,13082163,344130496.00
2019/07/26,26.30,26.58,26.02,26.46,8939292,235556672.00
2019/07/29,26.60,27.09,26.55,26.71,9573996,256399920.00
2019/07/30,26.72,28.17,26.72,27.67,28266991,782026048.00
2019/07/31,27.69,28.14,27.50,27.82,15254163,424595616.00
2019/08/01,27.70,27.98,27.53,27.88,11708276,325029376.00
2019/08/02,26.88,27.70,26.62,27.42,13931969,379760832.00
2019/08/05,27.33,28.47,27.15,27.58,18549483,517334624.00
2019/08/06,26.86,28.13,26.41,28.08,21657640,592818496.00
2019/08/07,28.07,28.08,26.98,27.00,19659205,539411456.00
2019/08/08,27.00,27.38,26.75,27.21,10403615,282301184.00
2019/08/09,27.39,27.48,26.02,26.25,16164067,430797536.00
2019/08/12,26.25,27.06,25.56,27.04,14689678,386837152.00
2019/08/13,26.70,27.16,26.52,26.99,10068610,270678560.00
2019/08/14,27.63,27.80,26.83,26.84,14440442,394638432.00
2019/08/15,25.91,27.18,25.75,27.00,11762408,312965408.00
2019/08/16,27.06,27.56,26.88,27.13,12080538,328763296.00
2019/08/19,27.50,28.70,27.30,28.51,25587479,721058752.00
2019/08/20,28.33,28.58,27.91,28.08,16010803,451304448.00
2019/08/21,28.00,28.27,27.72,28.15,10779018,301481952.00
2019/08/22,28.23,28.25,27.60,27.72,10732102,298814272.00
2019/08/23,27.75,28.06,27.12,27.17,11125047,305176896.00
2019/08/26,26.52,28.35,26.52,28.27,21642110,600847616.00
2019/08/27,28.36,29.22,28.00,28.73,24612058,706085888.00
2019/08/28,28.60,29.05,28.30,28.70,14655919,420772480.00
2019/08/29,28.67,28.96,28.28,28.40,12882153,367655648.00
2019/08/30,28.68,29.15,28.10,28.56,20105005,577835840.00
2019/09/02,28.43,29.58,28.18,29.42,21900454,636664320.00
2019/09/03,29.43,30.45,29.37,30.12,26080577,782731584.00
2019/09/04,29.97,30.30,29.68,30.06,17423432,521789056.00
2019/09/05,31.50,33.00,30.60,31.58,45695520,1447853696.00
2019/09/06,31.90,33.15,31.18,31.96,37440088,1205968768.00
2019/09/09,32.30,32.93,31.96,32.81,34482385,1119920256.00
2019/09/10,32.51,32.71,31.41,31.68,23761495,757431808.00
2019/09/11,31.73,32.10,31.25,31.34,14209566,448745472.00
2019/09/12,31.53,31.94,31.13,31.94,11873581,375533952.00
2019/09/16,32.25,32.45,31.50,31.70,16163999,516935936.00
2019/09/17,31.43,31.43,30.32,30.53,17177867,528718528.00
2019/09/18,30.70,30.82,30.15,30.68,11712462,357303232.00
2019/09/19,30.75,31.18,30.53,30.98,11270780,347852160.00
2019/09/20,31.08,31.14,30.51,30.53,14256548,437986560.00
2019/09/23,30.46,30.49,29.81,30.41,13656254,410546400.00
2019/09/24,30.54,31.78,30.54,31.30,21779454,680912640.00
2019/09/25,31.02,31.10,29.70,29.96,17138113,517480832.00
2019/09/26,30.05,30.16,28.50,28.63,15363036,446807136.00
2019/09/27,28.49,29.17,28.49,28.91,8982715,259723840.00
2019/09/30,28.84,28.96,28.23,28.44,8067719,230504992.00
2019/10/08,28.51,28.85,28.33,28.43,6885562,196759136.00
2019/10/09,28.30,29.16,27.81,29.09,8146694,233565712.00
2019/10/10,28.88,29.43,28.85,29.25,9701308,283265216.00
2019/10/11,29.30,29.31,28.51,28.86,8669939,250439664.00
2019/10/14,29.29,29.60,29.10,29.47,10902951,320971520.00
2019/10/15,29.30,29.30,28.75,28.84,6545734,189464288.00
2019/10/16,28.84,29.20,28.75,28.86,4845120,140212416.00
2019/10/17,28.87,29.30,28.75,28.96,4569339,132613248.00
2019/10/18,28.95,29.54,28.82,29.19,8899352,259962352.00
2019/10/21,29.10,29.10,28.10,28.58,6208538,177104384.00
2019/10/22,28.59,28.90,28.30,28.59,5662503,161822496.00
2019/10/23,28.58,28.58,27.82,27.85,7209755,203247904.00
2019/10/24,27.57,27.85,26.54,27.01,13557411,365892000.00
2019/10/25,26.80,27.08,26.60,26.82,8570690,229994240.00
2019/10/28,27.01,27.81,27.01,27.81,11290602,310061472.00
2019/10/29,27.70,27.77,27.07,27.10,7352540,201423648.00
2019/10/30,27.10,27.22,26.60,26.63,7678880,205952688.00
2019/10/31,26.63,27.37,26.63,27.20,8054501,217832576.00
2019/11/01,27.20,27.40,26.98,27.19,9118123,247721792.00
数据来源:通达信
