002185 华天科技 日线 前复权
      日期	    开盘	    最高	    最低	    收盘	    成交量	    成交额
2013/09/02,3.07,3.23,3.06,3.18,15395019,137235840.00
2013/09/03,3.20,3.28,3.20,3.26,16147790,148255664.00
2013/09/04,3.32,3.37,3.28,3.35,18134338,171378656.00
2013/09/05,3.34,3.34,3.24,3.27,10881610,100984768.00
2013/09/06,3.28,3.30,3.25,3.29,9044739,83868400.00
2013/09/09,3.28,3.37,3.27,3.28,13343378,125583872.00
2013/09/10,3.28,3.31,3.16,3.22,15415150,139379520.00
2013/09/11,3.22,3.22,3.10,3.16,11164461,99114792.00
2013/09/12,3.15,3.19,3.12,3.13,6799241,60083556.00
2013/09/13,3.12,3.28,3.06,3.26,13901617,123848952.00
2013/09/16,3.24,3.31,3.21,3.28,11409713,105195848.00
2013/09/17,3.28,3.36,3.25,3.29,13252668,124323760.00
2013/09/18,3.27,3.45,3.26,3.39,21056806,202450992.00
2013/09/23,3.39,3.45,3.37,3.42,11851678,115246768.00
2013/09/24,3.42,3.71,3.42,3.71,49426845,519445600.00
2013/09/25,4.03,4.03,3.88,4.00,59770684,700019776.00
2013/09/26,3.94,4.05,3.79,3.97,41789403,479070656.00
2013/09/27,4.01,4.03,3.71,3.75,32145963,356094912.00
2013/09/30,3.72,3.95,3.72,3.91,23047967,259767680.00
2013/10/08,3.88,3.96,3.79,3.91,17149130,193959536.00
2013/10/09,3.89,4.25,3.88,4.25,37354201,454440544.00
2013/10/10,4.23,4.26,4.08,4.11,26662004,325320160.00
2013/10/11,4.09,4.19,3.96,4.03,21525526,255064544.00
2013/10/14,4.05,4.23,4.00,4.16,17014300,206455152.00
2013/10/15,4.17,4.17,3.98,4.01,19906049,235013440.00
2013/10/16,4.01,4.17,3.90,4.17,21505415,253878192.00
2013/10/17,4.20,4.26,3.99,3.99,20161372,245324752.00
2013/10/18,4.03,4.14,3.91,4.05,13790882,162458880.00
2013/10/21,4.03,4.19,4.03,4.14,18980913,230770352.00
2013/10/22,4.22,4.25,4.11,4.14,19393189,238296816.00
2013/10/23,4.19,4.19,3.78,3.93,32766789,372380288.00
2013/10/24,3.87,3.87,3.75,3.79,11731576,130162248.00
2013/10/25,3.83,3.83,3.61,3.72,16643314,178693120.00
2013/10/28,3.72,3.77,3.68,3.77,7655098,82664368.00
2013/10/29,3.74,3.89,3.59,3.77,13893888,150648080.00
2013/10/30,3.77,3.82,3.70,3.77,6064528,66023236.00
2013/10/31,3.75,3.75,3.67,3.68,5021722,53729712.00
2013/11/01,3.67,3.78,3.54,3.77,8557386,91207952.00
2013/11/04,3.78,3.88,3.76,3.86,9601780,107670648.00
2013/11/05,3.86,3.87,3.79,3.84,5845369,65390476.00
2013/11/06,3.85,3.92,3.80,3.81,9910705,111722400.00
2013/11/07,3.81,3.86,3.75,3.78,7062595,77880088.00
2013/11/08,3.76,3.77,3.62,3.63,7797736,82973184.00
2013/11/11,3.58,3.69,3.58,3.69,4056505,42537648.00
2013/11/12,3.67,3.75,3.61,3.68,8150295,86448360.00
2013/11/13,3.66,3.76,3.65,3.66,5002415,53633952.00
2013/11/14,3.66,3.75,3.61,3.74,6716676,71646184.00
2013/11/15,3.85,3.96,3.81,3.89,15573748,176450512.00
2013/11/18,3.90,4.10,3.86,4.03,18461841,216431392.00
2013/11/19,3.97,4.20,3.97,4.03,15387579,185362336.00
2013/11/20,4.03,4.12,3.98,4.02,9243151,109290080.00
2013/11/21,4.05,4.19,3.96,4.07,15271156,182802368.00
2013/11/22,4.08,4.08,4.00,4.06,6882065,81493192.00
2013/11/25,4.06,4.15,4.04,4.04,8736953,105248600.00
2013/11/26,4.03,4.35,4.03,4.26,24158902,299951392.00
2013/11/27,4.25,4.43,4.22,4.40,24345930,315256672.00
2013/11/28,4.41,4.50,4.31,4.37,17706772,230663376.00
2013/11/29,4.37,4.49,4.31,4.44,13821018,179778224.00
2013/12/02,4.31,4.31,4.06,4.10,26373668,326473856.00
2013/12/03,4.06,4.29,4.05,4.25,11402061,141129216.00
2013/12/04,4.25,4.42,4.22,4.35,12155526,156465456.00
2013/12/05,4.31,4.37,3.96,3.96,23239401,283621952.00
2013/12/06,3.87,3.95,3.68,3.77,38121355,417771840.00
2013/12/09,3.75,3.81,3.71,3.77,13008341,141674144.00
2013/12/10,3.77,3.82,3.73,3.80,11732055,128722320.00
2013/12/11,3.80,3.81,3.73,3.76,5955207,65114808.00
2013/12/12,3.77,3.83,3.76,3.81,9498916,104592072.00
2013/12/13,3.78,3.84,3.77,3.81,5153260,57007196.00
2013/12/16,3.80,3.84,3.73,3.75,6578755,72375136.00
2013/12/17,3.79,3.80,3.73,3.78,4743755,51834704.00
2013/12/18,3.78,3.82,3.75,3.76,4019928,44136056.00
2013/12/19,3.77,3.78,3.57,3.59,11936634,126717736.00
2013/12/20,3.61,3.63,3.38,3.49,16522967,163708384.00
2013/12/23,3.48,3.53,3.41,3.49,5123811,51197472.00
2013/12/24,3.49,3.69,3.49,3.65,11785533,123028896.00
2013/12/25,3.64,3.80,3.61,3.78,12165383,131878304.00
2013/12/26,3.78,3.79,3.67,3.67,7673184,82312472.00
2013/12/27,3.65,3.84,3.64,3.78,10183099,111290128.00
2013/12/30,3.79,3.83,3.75,3.77,5590689,61299488.00
2013/12/31,3.76,3.80,3.72,3.79,6177842,67563864.00
2014/01/02,3.79,3.91,3.76,3.89,8611509,96947240.00
2014/01/03,3.88,3.95,3.83,3.84,9893553,112587560.00
2014/01/06,3.84,3.89,3.76,3.85,6509695,72552032.00
2014/01/07,3.81,4.00,3.81,3.97,9831865,113323832.00
2014/01/08,3.97,4.05,3.94,4.04,9974477,117367744.00
2014/01/09,4.03,4.19,3.98,4.06,16924178,205431616.00
2014/01/10,4.04,4.11,3.86,3.94,11034891,127698368.00
2014/01/13,3.91,3.99,3.87,3.90,5358674,61482116.00
2014/01/14,3.90,4.08,3.85,4.06,7569540,88246392.00
2014/01/15,4.06,4.12,4.00,4.07,7289937,86821936.00
2014/01/16,4.07,4.07,3.96,3.96,8195590,96167304.00
2014/01/17,3.96,3.96,3.82,3.86,10071031,113475608.00
2014/01/20,3.83,3.89,3.71,3.77,7348278,80772800.00
2014/01/21,3.83,4.03,3.83,3.91,12528059,144057824.00
2014/01/22,3.91,4.12,3.90,4.12,13946716,165342432.00
2014/01/23,4.13,4.21,4.09,4.17,16373132,200103840.00
2014/01/24,4.13,4.24,4.10,4.13,13126459,161591328.00
2014/01/27,4.14,4.24,4.08,4.22,12811568,157309360.00
2014/01/28,4.20,4.22,4.06,4.17,9775810,119572344.00
2014/01/29,4.17,4.20,4.11,4.18,7264219,88743352.00
2014/01/30,4.18,4.30,4.11,4.13,8869687,109869664.00
2014/02/07,4.11,4.39,4.08,4.35,14203879,179106704.00
2014/02/10,4.42,4.51,4.35,4.45,21570433,285516064.00
2014/02/11,4.47,4.50,4.29,4.36,19342889,251518144.00
2014/02/12,4.48,4.66,4.44,4.53,26835535,362527904.00
2014/02/13,4.50,4.58,4.34,4.35,22985230,306329152.00
2014/02/14,4.37,4.44,4.35,4.41,15626902,204191120.00
2014/02/17,4.41,4.55,4.33,4.54,26907591,352133536.00
2014/02/18,4.52,4.63,4.45,4.58,26474166,357787936.00
2014/02/19,4.53,4.55,4.44,4.45,16207990,216105136.00
2014/02/20,4.47,4.49,4.29,4.31,18256357,235502784.00
2014/02/21,4.30,4.37,4.25,4.30,8980104,114314776.00
2014/02/24,4.29,4.36,4.24,4.35,11220443,143379024.00
2014/02/25,4.35,4.40,4.06,4.12,24376776,304242240.00
2014/02/26,4.11,4.11,3.88,3.98,23099885,268094800.00
2014/02/27,3.99,4.07,3.80,3.84,17529330,201686240.00
2014/02/28,3.87,3.90,3.76,3.81,17846291,198499536.00
2014/03/03,3.82,3.99,3.82,3.99,16496089,189612400.00
2014/03/04,3.95,3.97,3.83,3.89,15755114,178630128.00
2014/03/05,3.90,3.95,3.84,3.92,16975161,192832112.00
2014/03/06,3.94,4.02,3.87,4.01,17280414,199447328.00
2014/03/07,3.98,4.04,3.87,3.91,13723506,158504464.00
2014/03/10,3.88,3.89,3.57,3.62,21259843,227607728.00
2014/03/11,3.60,3.65,3.49,3.55,16925328,173670976.00
2014/03/12,3.56,3.63,3.47,3.62,12588436,127896344.00
2014/03/13,3.62,3.65,3.58,3.62,7336021,76475208.00
2014/03/14,3.62,3.63,3.56,3.59,5687619,58784416.00
2014/03/17,3.65,3.75,3.64,3.70,12926459,138121456.00
2014/03/18,3.70,3.80,3.70,3.72,13488276,146843264.00
2014/03/19,3.73,3.74,3.57,3.60,14155728,148540736.00
2014/03/20,3.61,3.73,3.55,3.57,16041598,168923200.00
2014/03/21,3.52,3.63,3.43,3.62,17607247,177838672.00
2014/03/24,3.60,3.61,3.49,3.54,12705486,129096160.00
2014/03/25,3.54,3.58,3.48,3.50,14058107,141714944.00
2014/03/26,3.52,3.56,3.51,3.54,12159554,123271320.00
2014/03/27,3.54,3.54,3.47,3.48,9512708,95185944.00
2014/03/28,3.48,3.49,3.29,3.33,16234666,156533520.00
2014/03/31,3.32,3.37,3.27,3.36,7790846,73361936.00
2014/04/01,3.34,3.41,3.34,3.41,6984638,67267024.00
2014/04/02,3.41,3.44,3.38,3.40,8463698,82290056.00
2014/04/03,3.42,3.45,3.38,3.43,7101551,69172472.00
2014/04/04,3.41,3.49,3.40,3.48,7652357,75767456.00
2014/04/08,3.46,3.50,3.42,3.47,8020993,79418688.00
2014/04/09,3.49,3.54,3.47,3.50,9957788,100018128.00
2014/04/10,3.51,3.53,3.46,3.49,11375362,114199136.00
2014/04/11,3.47,3.48,3.37,3.39,15334839,149038720.00
2014/04/14,3.38,3.42,3.37,3.41,6482628,62832604.00
2014/04/15,3.41,3.54,3.40,3.53,19574406,195777152.00
2014/04/16,3.52,3.53,3.49,3.51,10039587,101031488.00
2014/04/17,3.52,3.59,3.47,3.58,17210242,175019968.00
2014/04/18,3.55,3.63,3.54,3.60,15266885,158335264.00
2014/04/21,3.57,3.69,3.55,3.59,18425247,193030160.00
2014/04/22,3.59,3.66,3.48,3.55,15964613,163351360.00
2014/04/23,3.57,3.60,3.50,3.52,8783764,89436744.00
2014/04/24,3.52,3.56,3.47,3.52,10563889,106388616.00
2014/04/25,3.52,3.57,3.49,3.50,8801078,89118864.00
2014/04/28,3.45,3.46,3.20,3.20,21670674,200673120.00
2014/04/29,3.20,3.24,3.17,3.23,7520015,68065984.00
2014/04/30,3.23,3.30,3.21,3.27,7307263,67605816.00
2014/05/05,3.25,3.32,3.21,3.31,5030720,46686616.00
2014/05/06,3.32,3.39,3.30,3.36,6521900,62207764.00
2014/05/07,3.34,3.38,3.30,3.31,5505927,52210508.00
2014/05/08,3.30,3.34,3.25,3.26,7657975,71332768.00
2014/05/09,3.25,3.26,3.19,3.23,5636925,51279400.00
2014/05/12,3.26,3.34,3.24,3.34,6336967,59081348.00
2014/05/13,3.34,3.38,3.32,3.35,5921815,56438424.00
2014/05/14,3.35,3.37,3.33,3.36,3488652,33204352.00
2014/05/15,3.39,3.40,3.25,3.27,7097809,66653076.00
2014/05/16,3.27,3.27,3.20,3.24,6303456,57572864.00
2014/05/19,3.23,3.26,3.17,3.20,5811228,52566248.00
2014/05/20,3.23,3.26,3.20,3.20,7788304,71072280.00
2014/05/21,3.21,3.25,3.18,3.25,5698044,51901008.00
2014/05/22,3.25,3.31,3.24,3.26,7399085,68780216.00
2014/05/23,3.28,3.33,3.25,3.33,6624794,61840052.00
2014/05/26,3.33,3.41,3.33,3.39,10579749,102049160.00
2014/05/27,3.37,3.45,3.37,3.41,9407075,91737672.00
2014/05/28,3.39,3.54,3.39,3.52,15500282,154167744.00
2014/05/29,3.52,3.61,3.47,3.49,15595860,158037040.00
2014/05/30,3.53,3.59,3.48,3.55,15474980,157411920.00
2014/06/03,3.59,3.59,3.51,3.51,8473865,85980168.00
2014/06/04,3.52,3.53,3.45,3.50,9092185,90789632.00
2014/06/05,3.52,3.57,3.48,3.55,8908037,90398648.00
2014/06/06,3.56,3.62,3.50,3.52,8523176,86998616.00
2014/06/09,3.52,3.54,3.48,3.51,4561639,45869772.00
2014/06/10,3.52,3.60,3.50,3.60,11566409,118192360.00
2014/06/11,3.59,3.74,3.57,3.71,22258324,236320912.00
2014/06/12,3.76,3.86,3.74,3.78,39150183,432452000.00
2014/06/13,3.76,3.91,3.73,3.88,22623968,251821552.00
2014/06/16,3.87,3.88,3.81,3.85,11482552,128050488.00
2014/06/17,3.84,3.84,3.76,3.79,10346384,113426528.00
2014/06/18,3.78,3.82,3.73,3.78,7268590,79408544.00
2014/06/19,3.77,3.84,3.58,3.66,11201708,119739040.00
2014/06/20,3.66,3.73,3.59,3.69,6111292,64373804.00
2014/06/23,3.68,3.75,3.67,3.72,6458764,69252216.00
2014/06/24,3.73,3.82,3.72,3.78,10561279,115320248.00
2014/06/25,3.86,3.91,3.77,3.77,16755257,185728960.00
2014/06/26,3.75,3.82,3.74,3.78,14096657,154159120.00
2014/06/27,3.76,3.85,3.76,3.80,10064120,110564896.00
2014/06/30,3.87,3.89,3.80,3.86,12839845,143071872.00
2014/07/01,3.86,3.92,3.83,3.88,11354301,128179248.00
2014/07/02,3.89,4.00,3.89,3.96,18028692,208076816.00
2014/07/03,3.97,4.12,3.93,4.08,23321043,273989504.00
2014/07/04,4.07,4.14,4.00,4.07,17164408,205068272.00
2014/07/07,4.08,4.18,4.00,4.01,15565279,186890240.00
2014/07/08,4.01,4.06,3.94,4.06,11024019,128303232.00
2014/07/09,4.04,4.06,3.94,3.94,10688717,124260224.00
2014/07/10,3.94,3.97,3.78,3.83,15946576,179044736.00
2014/07/11,3.83,3.88,3.82,3.86,7222156,80817344.00
2014/07/14,3.86,3.99,3.86,3.99,9988614,113864408.00
2014/07/15,3.99,4.00,3.86,3.87,11942756,135480512.00
2014/07/16,3.88,3.88,3.74,3.75,10648250,117007744.00
2014/07/17,3.75,3.79,3.72,3.77,5365055,58120796.00
2014/07/18,3.75,3.84,3.75,3.80,4777954,52766164.00
2014/07/21,3.79,3.86,3.79,3.83,4335122,48099608.00
2014/07/22,3.83,3.88,3.80,3.86,7810855,87022672.00
2014/07/23,3.86,3.87,3.74,3.77,8237064,90407952.00
2014/07/24,3.78,3.83,3.69,3.82,5511042,60079744.00
2014/07/25,3.82,3.91,3.82,3.86,9591871,107756456.00
2014/07/28,3.88,3.95,3.84,3.93,11505190,129959704.00
2014/07/29,3.92,4.02,3.89,4.00,15637220,180648464.00
2014/07/30,4.00,4.01,3.94,3.97,10335690,119467688.00
2014/07/31,3.98,4.02,3.95,3.97,8127967,94143656.00
2014/08/01,3.98,4.01,3.90,3.90,10137094,116936448.00
2014/08/04,3.90,3.93,3.89,3.92,10831581,122754488.00
2014/08/05,3.92,3.92,3.83,3.87,12401795,138986512.00
2014/08/06,3.87,3.94,3.87,3.93,15352190,174842720.00
2014/08/07,3.94,4.02,3.93,3.93,20445651,236775872.00
2014/08/08,3.94,3.98,3.91,3.95,9311586,106824720.00
2014/08/11,3.95,4.11,3.95,4.10,24373473,288532224.00
2014/08/12,4.10,4.18,4.06,4.13,19423042,235139664.00
2014/08/13,4.12,4.13,4.01,4.08,15612266,185693648.00
2014/08/14,4.11,4.22,4.07,4.08,16994990,205880240.00
2014/08/15,4.10,4.21,4.07,4.17,17291459,210913968.00
2014/08/18,4.18,4.22,4.16,4.19,14075808,173150832.00
2014/08/19,4.19,4.19,4.11,4.14,15038092,182497936.00
2014/08/20,4.20,4.32,4.16,4.26,29440795,368791200.00
2014/08/21,4.26,4.26,4.19,4.23,15425098,191077168.00
2014/08/22,4.24,4.35,4.22,4.33,20374485,258808816.00
2014/08/25,4.33,4.33,4.26,4.29,15266230,192927776.00
2014/08/26,4.26,4.30,4.10,4.13,18472918,227194048.00
2014/08/27,4.13,4.18,4.12,4.14,10373221,126433992.00
2014/08/28,4.14,4.24,4.14,4.19,13091360,161009024.00
2014/09/01,4.20,4.25,4.08,4.24,30454879,368987840.00
2014/09/02,4.25,4.31,4.22,4.28,18106426,227821344.00
2014/09/03,4.29,4.32,4.22,4.27,14756320,185669632.00
2014/09/04,4.26,4.27,4.21,4.25,16373510,203980496.00
2014/09/05,4.29,4.33,4.25,4.28,18325579,230939504.00
2014/09/09,4.29,4.33,4.22,4.31,15005300,188929776.00
2014/09/10,4.29,4.29,4.22,4.22,20663482,257736880.00
2014/09/11,4.22,4.28,4.17,4.21,18879899,234535520.00
2014/09/12,4.21,4.25,4.17,4.24,10839832,134740768.00
2014/09/15,4.23,4.29,4.21,4.29,17486875,219050160.00
2014/09/16,4.30,4.30,4.10,4.10,23704548,292291072.00
2014/09/17,4.10,4.11,4.01,4.06,14740064,174690112.00
2014/09/18,4.06,4.17,4.06,4.13,11332373,137166688.00
2014/09/19,4.16,4.20,4.13,4.16,9396460,114739904.00
2014/09/22,4.14,4.14,4.04,4.06,8799926,104808688.00
2014/09/23,4.05,4.10,4.05,4.08,7742247,92431104.00
2014/09/24,4.07,4.16,4.06,4.14,9227764,111501936.00
2014/09/25,4.16,4.17,4.10,4.11,16077539,194292368.00
2014/09/26,4.11,4.14,4.08,4.14,9740993,117349216.00
2014/09/29,4.17,4.26,4.13,4.25,23010786,284369536.00
2014/09/30,4.26,4.48,4.24,4.44,44526615,580398912.00
2014/10/08,4.44,4.70,4.44,4.58,45192926,616328064.00
2014/10/09,4.62,4.70,4.49,4.65,36640328,502970656.00
2014/10/10,4.63,4.76,4.58,4.63,28843293,401550464.00
2014/10/13,4.52,4.71,4.40,4.68,29290738,395983200.00
2014/10/14,4.65,4.66,4.50,4.55,22035459,300215360.00
2014/10/15,4.61,4.95,4.60,4.95,52915924,763023296.00
2014/10/16,5.00,5.14,4.87,4.90,49853088,750072320.00
2014/10/17,4.89,5.02,4.80,4.94,31771790,467087808.00
2014/10/20,4.91,5.04,4.88,4.99,27930490,416007168.00
2014/10/21,4.98,5.04,4.86,4.87,19601640,290907488.00
2014/10/22,4.88,4.94,4.73,4.75,20589958,296958016.00
2014/10/23,4.74,4.78,4.59,4.65,23369702,325205920.00
2014/10/24,4.65,4.71,4.55,4.61,16349510,225926912.00
2014/10/27,4.62,4.82,4.58,4.80,19411283,274360416.00
2014/10/28,4.72,4.99,4.72,4.93,31170872,458079872.00
2014/10/29,4.99,5.05,4.91,4.98,22522642,336356352.00
2014/10/30,4.99,5.00,4.85,4.88,17859755,263826128.00
2014/10/31,4.84,4.95,4.77,4.94,16888664,245730768.00
2014/11/03,4.94,4.95,4.82,4.87,16175543,235400080.00
2014/11/04,4.83,4.88,4.74,4.83,14033755,202270448.00
2014/11/05,4.83,4.86,4.71,4.72,12380588,176624752.00
2014/11/06,4.72,4.81,4.68,4.79,9201544,130447104.00
2014/11/07,4.81,4.89,4.74,4.74,11494514,165974336.00
2014/11/10,4.73,4.75,4.61,4.67,17938607,249187152.00
2014/11/11,4.65,4.67,4.46,4.51,20308254,273432576.00
2014/11/12,4.47,4.56,4.47,4.56,10312205,138590880.00
2014/11/13,4.56,4.60,4.41,4.45,15217249,201685840.00
2014/11/14,4.44,4.56,4.40,4.53,12555303,168060112.00
2014/11/17,4.66,4.91,4.61,4.79,23967033,338613184.00
2014/11/18,4.75,4.84,4.70,4.75,12201620,173146496.00
2014/11/19,4.72,4.86,4.72,4.77,11543285,165959056.00
2014/11/20,4.72,4.82,4.72,4.80,10481236,149995632.00
2014/11/21,4.84,4.84,4.77,4.83,13051666,187844080.00
2014/11/24,4.85,4.95,4.80,4.84,18043886,263110368.00
2014/11/25,4.85,5.07,4.80,5.02,23923938,353871840.00
2014/11/26,5.04,5.08,4.94,5.01,17952879,270547968.00
2014/11/27,5.01,5.03,4.81,4.87,22237782,326201728.00
2014/11/28,4.86,4.98,4.78,4.91,19414547,284547296.00
2014/12/01,4.89,4.89,4.66,4.72,20564044,292394848.00
2014/12/02,4.72,4.75,4.66,4.74,18947820,265836720.00
2014/12/03,4.73,4.86,4.60,4.84,24817448,349935104.00
2014/12/04,4.82,4.88,4.77,4.80,23226695,334627392.00
2014/12/05,4.79,4.79,4.58,4.63,25645942,355796736.00
2014/12/08,4.59,4.66,4.50,4.56,22271926,302841184.00
2014/12/09,4.49,4.56,4.44,4.44,25550114,339539424.00
2014/12/10,4.43,4.58,4.43,4.56,14619874,197203200.00
2014/12/11,4.54,4.71,4.52,4.71,15850358,219225984.00
2014/12/12,4.71,4.74,4.63,4.67,8922171,124282944.00
2014/12/15,4.66,4.72,4.62,4.69,13891402,193187232.00
2014/12/16,4.78,4.88,4.74,4.77,20432465,293168096.00
2014/12/17,4.77,4.78,4.60,4.66,13562345,188861296.00
2014/12/18,4.63,4.72,4.61,4.72,16795605,233070240.00
2014/12/19,4.69,4.81,4.68,4.72,25813094,366301792.00
2014/12/22,4.69,4.70,4.37,4.39,24635777,325392480.00
2014/12/23,4.42,4.48,4.26,4.28,13141016,169975808.00
2014/12/24,4.33,4.40,4.28,4.38,9283628,119038208.00
2014/12/25,4.38,4.47,4.35,4.46,9352884,121924680.00
2014/12/26,4.47,4.51,4.46,4.48,12486082,166080048.00
2014/12/29,4.49,4.50,4.29,4.33,18199977,234255328.00
2014/12/30,4.31,4.33,4.10,4.16,24204691,297014880.00
2014/12/31,4.17,4.26,4.14,4.25,9121512,112376408.00
2015/01/05,4.24,4.24,4.10,4.15,23105399,280472288.00
2015/01/06,4.13,4.30,4.07,4.29,21088172,259422512.00
2015/01/07,4.29,4.30,4.21,4.24,11133400,139030608.00
2015/01/08,4.25,4.36,4.22,4.29,14997614,190448672.00
2015/01/09,4.30,4.45,4.28,4.33,19467706,252465392.00
2015/01/12,4.28,4.39,4.23,4.32,8604717,109666192.00
2015/01/13,4.30,4.54,4.29,4.50,21246006,279866496.00
2015/01/14,4.56,4.63,4.45,4.47,19817919,266768160.00
2015/01/15,4.48,4.59,4.46,4.50,9173763,123421392.00
2015/01/16,4.50,4.59,4.47,4.53,11465230,154320656.00
2015/01/19,4.40,4.60,4.34,4.41,15766709,207979344.00
2015/01/20,4.44,4.62,4.42,4.60,20595316,277820032.00
2015/01/21,4.61,4.72,4.61,4.67,20529569,286047424.00
2015/02/03,4.73,5.09,4.73,5.09,60921691,910767232.00
2015/02/04,5.23,5.25,5.02,5.05,50008318,774857600.00
2015/02/05,5.05,5.17,4.94,4.95,33563934,510570720.00
2015/02/06,4.93,5.00,4.72,4.78,24856351,360936672.00
2015/02/09,4.81,4.89,4.80,4.83,17608273,254910496.00
2015/02/10,4.81,4.85,4.66,4.84,20585286,291878432.00
2015/02/11,4.87,4.98,4.87,4.97,19035429,282499872.00
2015/02/12,4.95,4.99,4.90,4.95,11031718,163410896.00
2015/02/13,4.99,5.02,4.90,4.93,16678971,247893056.00
2015/02/16,4.97,5.16,4.94,5.10,24454972,374298336.00
2015/02/17,5.11,5.16,5.02,5.07,14125869,215823968.00
2015/02/25,5.08,5.17,4.93,4.96,16733743,255345472.00
2015/02/26,4.99,5.08,4.96,5.02,15501770,233301024.00
2015/02/27,5.06,5.21,5.05,5.14,21416702,331344960.00
2015/03/02,5.18,5.24,5.11,5.23,23002198,358536032.00
2015/03/03,5.21,5.23,5.11,5.11,18205940,283972416.00
2015/03/04,5.10,5.17,5.08,5.12,13138160,202619328.00
2015/03/05,5.12,5.34,5.08,5.33,26179968,416176896.00
2015/03/06,5.33,5.38,5.13,5.20,17661628,279078400.00
2015/03/09,5.13,5.20,5.10,5.17,12408145,192746384.00
2015/03/10,5.19,5.20,5.03,5.06,28711092,440143296.00
2015/03/11,5.08,5.11,5.03,5.08,12965281,197438128.00
2015/03/12,5.11,5.12,4.93,5.01,17906242,270461600.00
2015/03/13,5.02,5.07,4.96,5.07,11955939,180764032.00
2015/03/16,5.09,5.24,5.09,5.24,23014829,360908928.00
2015/03/17,5.26,5.28,5.18,5.23,21731307,343212032.00
2015/03/18,5.27,5.70,5.22,5.64,44301597,741172096.00
2015/03/19,5.63,5.63,5.53,5.60,23428359,396802112.00
2015/03/20,5.59,5.79,5.50,5.64,24867797,428906112.00
2015/03/23,5.63,5.76,5.61,5.66,25759381,444799712.00
2015/03/24,5.66,5.70,5.38,5.56,28124880,474965216.00
2015/03/25,5.54,5.78,5.47,5.75,32242370,555231936.00
2015/03/26,5.77,5.79,5.55,5.60,21103442,362289120.00
2015/03/27,5.68,5.93,5.60,5.85,27617482,486491584.00
2015/03/30,5.85,5.88,5.75,5.83,23611453,419916032.00
2015/03/31,5.83,5.97,5.77,5.85,23261296,416489312.00
2015/04/01,5.81,5.97,5.81,5.90,23761765,427342496.00
2015/04/02,5.90,6.23,5.90,6.12,27517570,511063264.00
2015/04/03,6.12,6.37,6.12,6.18,25491991,487023712.00
2015/04/07,6.30,6.35,6.18,6.23,22561690,433051840.00
2015/04/08,6.24,6.26,5.94,6.02,27843865,519152064.00
2015/04/09,6.02,6.09,5.64,5.85,23823774,426074080.00
2015/04/10,5.85,6.08,5.79,6.05,17811204,326556896.00
2015/04/13,6.06,6.29,6.02,6.23,29349412,560480576.00
2015/04/14,6.23,6.27,6.09,6.14,22772355,432896768.00
2015/04/15,6.12,6.16,5.85,5.89,22930594,420832288.00
2015/04/16,5.76,5.98,5.71,5.91,16778914,301904256.00
2015/04/17,5.94,5.97,5.81,5.83,21916391,393238944.00
2015/04/20,5.79,5.84,5.65,5.66,23946964,417925440.00
2015/04/21,5.68,5.87,5.68,5.86,15838181,280197824.00
2015/04/22,5.91,6.04,5.91,6.01,24748172,452648000.00
2015/04/23,6.03,6.09,5.91,5.99,25258729,462861664.00
2015/04/24,5.91,5.94,5.80,5.91,22302637,400925568.00
2015/04/27,5.93,6.12,5.93,6.05,28772942,533317632.00
2015/04/28,6.05,6.06,5.71,5.80,22903962,412228288.00
2015/04/29,5.89,6.10,5.89,6.10,30012307,555260736.00
2015/04/30,6.17,6.20,6.02,6.07,23971749,448004256.00
2015/05/04,6.04,6.12,5.94,6.10,19972566,368929984.00
2015/05/05,6.11,6.12,5.88,5.92,18026826,330512992.00
2015/05/06,5.93,6.04,5.82,5.86,15951920,291212192.00
2015/05/07,5.82,5.85,5.71,5.71,12522085,220731664.00
2015/05/08,5.76,5.92,5.74,5.92,17244280,306539648.00
2015/05/11,5.93,6.24,5.92,6.18,35808261,669592640.00
2015/05/12,6.18,6.41,6.10,6.37,36910169,711328128.00
2015/05/13,6.33,6.53,6.24,6.38,34213300,674475520.00
2015/05/14,6.36,6.47,6.29,6.39,27700033,546045568.00
2015/05/15,6.36,6.36,6.11,6.16,25814638,492578848.00
2015/05/18,6.12,6.53,6.06,6.47,31915810,619167616.00
2015/05/19,6.50,6.61,6.38,6.58,30062548,602296576.00
2015/05/20,6.58,6.92,6.53,6.59,33078862,694964864.00
2015/05/21,6.73,7.04,6.73,7.02,34901921,746554112.00
2015/05/22,7.16,7.30,6.84,7.00,30470496,667655232.00
2015/05/25,6.86,7.13,6.84,7.07,28065551,612116864.00
2015/05/26,7.24,7.70,7.23,7.67,36929610,867139648.00
2015/05/27,7.75,7.75,7.37,7.51,33229983,780420480.00
2015/05/28,7.50,7.84,7.04,7.06,38623824,911286784.00
2015/05/29,7.13,7.59,6.93,7.43,34799675,794992576.00
2015/06/01,7.67,8.12,7.63,8.12,24718046,614919168.00
2015/06/02,8.41,8.65,8.21,8.58,40368431,1071243520.00
2015/06/03,8.59,8.59,8.08,8.40,28914984,759572480.00
2015/06/04,8.36,8.97,7.67,8.76,31623320,821162560.00
2015/06/05,8.86,8.96,8.41,8.55,32436928,889124928.00
2015/06/08,8.44,8.45,7.94,8.22,29661342,755675072.00
2015/06/09,8.11,8.38,7.97,8.06,22021402,563161152.00
2015/06/10,8.12,8.34,7.98,8.19,24450577,627529216.00
2015/06/11,8.16,8.22,7.94,8.10,21879965,553584960.00
2015/06/12,8.10,8.32,8.00,8.21,24051064,619511232.00
2015/06/15,8.27,8.32,8.01,8.02,23661820,607015616.00
2015/06/16,7.95,7.95,7.46,7.51,19933785,478134304.00
2015/06/17,7.51,7.68,7.12,7.65,19489166,450706400.00
2015/06/18,7.65,7.83,7.39,7.45,17328245,414672672.00
2015/06/19,7.25,7.38,6.82,6.82,15795104,347814560.00
2015/06/23,6.76,6.99,6.28,6.93,18969691,395336992.00
2015/06/24,7.04,7.13,6.80,7.01,16520313,359182336.00
2015/06/25,7.06,7.12,6.57,6.65,16069322,345569120.00
2015/06/26,6.40,6.68,6.04,6.04,24435653,473950496.00
2015/06/29,6.27,6.27,5.49,5.49,26405552,461582976.00
2015/06/30,5.22,5.93,5.02,5.91,42896070,710667264.00
2015/07/01,5.87,6.21,5.72,5.75,36523857,669476672.00
2015/07/02,5.88,5.88,5.23,5.23,30309455,505846880.00
2015/07/03,5.10,5.46,4.77,4.88,32960635,499069280.00
2015/07/06,5.32,5.32,4.45,4.71,48799274,709988160.00
2015/07/07,4.56,4.88,4.29,4.29,50225602,662274880.00
2015/07/08,3.92,4.36,3.92,4.23,72531240,856294912.00
2015/07/09,4.23,4.60,4.15,4.60,36336961,482261856.00
2015/07/10,4.88,5.01,4.80,5.01,12127618,179643360.00
2015/07/13,5.45,5.45,5.31,5.45,31793975,522481504.00
2015/07/14,5.66,5.94,5.58,5.94,55243329,983083840.00
2015/07/15,5.84,5.84,5.41,5.41,35702338,605948672.00
2015/07/16,5.39,5.80,5.12,5.65,33579289,563656384.00
2015/07/17,5.75,6.05,5.69,5.99,30185073,544473728.00
2015/07/20,6.04,6.15,5.79,5.96,34351157,629060800.00
2015/07/21,5.84,6.10,5.74,5.96,29729502,534758336.00
2015/07/22,5.90,6.31,5.86,6.26,35947674,669000384.00
2015/07/23,6.20,6.49,6.12,6.36,28798596,559525504.00
2015/07/24,6.36,6.47,6.07,6.14,31805679,615496768.00
2015/07/27,6.01,6.19,5.58,5.58,25903900,466365184.00
2015/07/28,5.16,5.68,5.16,5.38,25509190,412342080.00
2015/07/29,5.56,5.82,5.36,5.76,20800130,349255872.00
2015/07/30,5.76,6.01,5.60,5.61,26312246,473749344.00
2015/07/31,5.55,5.78,5.49,5.57,16839626,288367264.00
2015/08/03,5.46,5.63,5.31,5.44,19342783,318372704.00
2015/08/04,5.47,5.93,5.47,5.93,23126017,403371616.00
2015/08/05,5.90,6.12,5.86,5.96,29025542,531280576.00
2015/08/06,5.78,6.17,5.77,6.05,21517862,396316320.00
2015/08/07,6.10,6.19,5.99,6.15,19260911,361094432.00
2015/08/10,6.21,6.43,6.09,6.34,27867501,535944352.00
2015/08/11,6.32,6.91,6.26,6.76,36470633,739781568.00
2015/08/12,6.63,6.75,6.38,6.42,28944610,584782144.00
2015/08/13,6.35,6.59,6.17,6.57,22174150,435915360.00
2015/08/14,6.56,6.67,6.47,6.47,18197413,368683616.00
2015/08/17,6.38,6.66,6.30,6.65,19335134,385918112.00
2015/08/18,6.62,6.92,6.04,6.04,33850997,684821632.00
2015/08/19,5.93,6.44,5.77,6.41,27280506,513531968.00
2015/08/20,6.34,6.58,6.20,6.23,18901703,371403392.00
2015/08/21,6.07,6.20,5.70,5.76,16686027,303737984.00
2015/08/24,5.60,5.60,5.24,5.24,18263027,290084896.00
2015/08/25,4.77,4.97,4.77,4.77,19560555,281143328.00
2015/08/26,4.74,5.05,4.35,4.49,26076557,366590432.00
2015/08/27,4.62,4.79,4.38,4.71,23268923,316753600.00
2015/08/28,4.81,5.08,4.79,5.08,22171207,325057184.00
2015/08/31,5.01,5.01,4.63,4.64,21829067,313789504.00
2015/09/01,4.60,4.61,4.23,4.23,20466417,262788528.00
2015/09/02,4.08,4.53,4.03,4.17,19487474,244539376.00
2015/09/07,4.29,4.51,4.24,4.30,15661590,201608912.00
2015/09/08,4.30,4.67,4.21,4.67,17848377,234747824.00
2015/09/09,4.69,4.88,4.65,4.82,26466748,377034560.00
2015/09/10,4.75,4.83,4.65,4.68,16160706,228619648.00
2015/09/11,4.68,4.82,4.68,4.82,13534144,191859872.00
2015/09/14,4.84,4.86,4.39,4.39,17523411,236450624.00
2015/09/15,4.24,4.35,4.09,4.12,18698266,229726944.00
2015/09/16,4.20,4.47,4.18,4.47,16941473,214421088.00
2015/09/17,4.55,4.87,4.50,4.62,34391629,479466944.00
2015/09/18,4.67,4.85,4.55,4.77,18762958,262512656.00
2015/09/21,4.70,4.94,4.68,4.90,18550862,268282560.00
2015/09/22,4.92,4.94,4.77,4.84,20086986,290269120.00
2015/09/23,4.73,4.83,4.65,4.80,17160196,242343776.00
2015/09/24,4.86,4.91,4.74,4.81,12198543,175192688.00
2015/09/25,4.77,4.85,4.56,4.61,14713106,205466272.00
2015/09/28,4.60,4.71,4.48,4.71,14279391,194444784.00
2015/09/29,4.61,4.64,4.54,4.55,11131332,151382480.00
2015/09/30,4.59,4.63,4.52,4.54,8268150,111800000.00
2015/10/08,4.72,4.85,4.67,4.77,19783102,279461728.00
2015/10/09,4.75,4.94,4.75,4.88,20303065,294384672.00
2015/10/12,4.92,5.15,4.92,5.07,25827263,391279008.00
2015/10/13,5.05,5.13,4.99,5.12,14893904,226701760.00
2015/10/14,5.14,5.44,5.01,5.05,19053892,296388928.00
2015/10/15,5.05,5.27,4.97,5.24,22325739,345684256.00
2015/10/16,5.26,5.38,5.16,5.27,20732651,329158976.00
2015/10/19,5.28,5.30,5.07,5.14,23146045,359284224.00
2015/10/20,5.13,5.30,5.11,5.27,18263581,287357152.00
2015/10/21,5.27,5.32,4.83,4.88,25979158,398667360.00
2015/10/22,4.92,5.11,4.91,5.09,16497937,247474480.00
2015/10/23,5.11,5.26,5.08,5.22,20005490,311810976.00
2015/10/26,5.33,5.35,5.16,5.28,26757024,423767136.00
2015/10/27,5.22,5.54,5.03,5.50,30813723,492616384.00
2015/10/28,5.42,5.55,5.27,5.28,21260813,346991328.00
2015/10/29,5.33,5.38,5.20,5.25,15291573,243813216.00
2015/10/30,5.25,5.52,5.24,5.37,27400779,447215520.00
2015/11/02,5.22,5.75,5.16,5.48,40485024,674937280.00
2015/11/03,5.52,5.56,5.32,5.42,21714816,356889824.00
2015/11/04,5.47,5.69,5.44,5.68,25843748,440113152.00
2015/11/05,5.69,5.82,5.64,5.66,28163225,489142208.00
2015/11/06,6.05,6.17,5.90,6.01,68652071,1276733568.00
2015/11/09,6.03,6.03,5.75,5.97,37935938,683565952.00
2015/11/10,5.89,6.04,5.85,6.02,32924967,597960064.00
2015/11/11,6.01,6.13,5.91,6.11,26689765,493583904.00
2015/11/12,6.10,6.23,5.93,5.99,24801600,459819872.00
2015/11/13,5.90,5.92,5.69,5.79,23260374,411877120.00
2015/11/16,5.61,5.91,5.55,5.90,23330802,411153600.00
2015/11/17,5.96,6.04,5.72,5.74,31049017,559187840.00
2015/11/18,5.79,5.81,5.60,5.63,24238540,417421888.00
2015/11/19,5.69,5.96,5.66,5.93,32209385,570596352.00
2015/11/20,5.93,6.17,5.80,6.14,45056423,822917056.00
2015/11/23,6.14,6.19,5.95,6.00,30577269,568451072.00
2015/11/24,6.01,6.37,5.96,6.34,35290539,671789696.00
2015/11/25,6.50,6.66,6.33,6.35,45496422,908198208.00
2015/11/26,6.35,6.53,6.31,6.47,27207780,537248320.00
2015/11/27,6.38,6.45,5.90,5.97,25409062,481999296.00
2015/11/30,6.00,6.06,5.67,5.93,25269706,451167520.00
2015/12/01,5.90,6.05,5.84,5.96,18560988,337202432.00
2015/12/02,5.92,5.96,5.57,5.80,16141398,283568128.00
2015/12/03,5.81,5.99,5.79,5.99,15226733,273925312.00
2015/12/04,5.93,6.07,5.90,5.95,15009932,274233920.00
2015/12/07,5.97,5.99,5.87,5.95,12080758,218215344.00
2015/12/08,5.92,5.93,5.71,5.71,16587458,292455040.00
2015/12/09,5.70,5.70,5.58,5.59,14532551,248202336.00
2015/12/10,5.63,5.71,5.62,5.64,11778879,202290416.00
2015/12/11,5.63,5.71,5.60,5.66,10510707,180443168.00
2015/12/14,5.61,5.81,5.60,5.80,13144577,228749136.00
2015/12/15,5.81,5.92,5.78,5.82,14038283,250304400.00
2015/12/16,5.89,5.91,5.80,5.85,12242604,218517040.00
2015/12/17,5.88,6.05,5.86,6.04,27075342,492680640.00
2015/12/18,6.02,6.09,5.88,5.91,18088184,328715072.00
2015/12/21,5.86,5.91,5.76,5.85,17109918,304110400.00
2015/12/22,5.86,5.90,5.75,5.88,17376884,308063808.00
2015/12/23,5.87,5.88,5.77,5.78,14429225,255889568.00
2015/12/24,5.77,5.85,5.69,5.82,9948667,174235520.00
2015/12/25,5.85,5.92,5.79,5.91,12418018,221540832.00
2015/12/28,5.93,6.07,5.85,5.86,28981423,527443488.00
2015/12/29,5.93,6.12,5.87,6.12,23737485,434534944.00
2015/12/30,6.21,6.25,6.02,6.10,30738524,577082944.00
2015/12/31,6.08,6.12,5.87,5.88,18581108,340101472.00
2016/01/04,5.85,5.90,5.35,5.35,14993145,256937376.00
2016/01/05,5.17,5.48,5.09,5.38,21947485,349838464.00
2016/01/06,5.39,5.43,5.25,5.43,20530746,330677984.00
2016/01/07,5.31,5.35,4.94,4.95,4950183,75723264.00
2016/01/08,5.05,5.11,4.74,4.89,19736517,293295648.00
2016/01/11,4.74,4.91,4.46,4.46,23540740,325542752.00
2016/01/12,4.50,4.58,4.32,4.53,16584746,220032128.00
2016/01/13,4.57,4.62,4.30,4.43,15781622,209371936.00
2016/01/14,4.30,4.75,4.27,4.71,18808014,251612960.00
2016/01/15,4.67,4.74,4.51,4.54,15535918,212775520.00
2016/01/18,4.39,4.73,4.39,4.66,11515099,157168256.00
2016/01/19,4.64,4.81,4.63,4.80,16082658,226207136.00
2016/01/20,4.75,4.82,4.64,4.68,13655562,191994544.00
2016/01/21,4.60,4.77,4.50,4.50,13216389,182189856.00
2016/01/22,4.57,4.64,4.46,4.59,10576309,142317152.00
2016/01/25,4.65,4.70,4.59,4.63,8507372,117342648.00
2016/01/26,4.58,4.59,4.22,4.33,13951630,181749120.00
2016/01/27,4.38,4.39,4.09,4.29,18179498,225126912.00
2016/01/28,4.21,4.34,4.15,4.29,12698965,158563888.00
2016/01/29,4.28,4.51,4.25,4.46,14616265,189800176.00
2016/02/01,4.43,4.47,4.30,4.38,11044513,142208368.00
2016/02/02,4.37,4.54,4.34,4.50,10982827,145236976.00
2016/02/03,4.43,4.52,4.38,4.49,9099664,118824600.00
2016/02/04,4.50,4.74,4.50,4.64,17861159,244102016.00
2016/02/05,4.63,4.64,4.55,4.55,10666755,144616912.00
2016/02/15,4.41,4.54,4.39,4.50,7495903,98632560.00
2016/02/16,4.52,4.70,4.52,4.66,15447522,212253088.00
2016/02/17,4.64,4.70,4.62,4.68,14828175,205112400.00
2016/02/18,4.74,4.77,4.62,4.68,17040566,237653632.00
2016/02/19,4.68,4.75,4.65,4.73,11550682,161548400.00
2016/02/22,4.91,5.02,4.75,4.83,19893886,289605536.00
2016/02/23,4.85,4.92,4.75,4.83,14244428,204750912.00
2016/02/24,4.81,4.84,4.66,4.75,15812046,223343072.00
2016/02/25,4.76,4.76,4.33,4.33,20719399,276704640.00
2016/02/26,4.37,4.41,4.22,4.34,13157319,167069712.00
2016/02/29,4.32,4.33,3.99,4.03,13595858,161687584.00
2016/03/01,4.05,4.16,3.97,4.11,14065929,166055680.00
2016/03/02,4.11,4.31,4.08,4.30,17968529,219850800.00
2016/03/03,4.29,4.38,4.27,4.27,13845055,175432944.00
2016/03/04,4.26,4.28,4.05,4.11,14304972,174185712.00
2016/03/07,4.15,4.25,4.14,4.19,11397250,139432432.00
2016/03/08,4.19,4.25,4.01,4.24,11478961,138284576.00
2016/03/09,4.15,4.19,4.09,4.12,11403420,137448480.00
2016/03/10,4.14,4.16,4.06,4.07,6575434,78925088.00
2016/03/11,4.01,4.10,3.99,4.08,8309104,98351072.00
2016/03/14,4.14,4.26,4.12,4.22,17396385,214008128.00
2016/03/15,4.20,4.22,4.15,4.17,9841584,120296408.00
2016/03/16,4.19,4.22,4.10,4.11,10432844,126386448.00
2016/03/17,4.13,4.28,4.13,4.26,17927378,221318800.00
2016/03/18,4.29,4.47,4.27,4.47,25311393,326478112.00
2016/03/21,4.53,4.61,4.48,4.56,22508104,302799264.00
2016/03/22,4.96,4.96,4.77,4.81,65682361,956961984.00
2016/03/23,4.74,4.79,4.62,4.74,34119624,476547104.00
2016/03/24,4.68,4.71,4.58,4.58,23641883,326750720.00
2016/03/25,4.59,4.80,4.59,4.78,26477398,371743552.00
2016/03/28,4.81,4.86,4.61,4.62,22929787,323446368.00
2016/03/29,4.65,4.67,4.48,4.53,17303358,233201104.00
2016/03/30,4.59,4.72,4.56,4.70,15437022,212294160.00
2016/03/31,4.74,4.81,4.68,4.69,17555937,247773888.00
2016/04/01,4.66,4.72,4.58,4.70,12807902,177120272.00
2016/04/05,4.72,4.86,4.69,4.83,20031926,285536256.00
2016/04/06,4.81,4.84,4.73,4.77,15713599,223436608.00
2016/04/07,4.80,4.81,4.66,4.66,12033490,168514688.00
2016/04/08,4.60,4.64,4.53,4.59,14150962,192165776.00
2016/04/11,4.63,4.74,4.61,4.67,13684971,190481344.00
2016/04/12,4.66,4.69,4.58,4.61,11052961,151075072.00
2016/04/13,4.65,4.78,4.65,4.74,20337783,285607232.00
2016/04/14,4.77,4.84,4.74,4.80,16838306,240309904.00
2016/04/15,4.83,4.84,4.73,4.80,11481334,163229600.00
2016/04/18,4.79,4.79,4.70,4.74,10782300,152002912.00
2016/04/19,4.77,4.80,4.71,4.80,12359867,175212096.00
2016/04/20,4.82,4.83,4.46,4.54,22525498,308767072.00
2016/04/21,4.54,4.61,4.48,4.48,10352058,139334464.00
2016/04/22,4.48,4.54,4.44,4.52,8481432,112591328.00
2016/04/25,4.51,4.51,4.39,4.44,7437368,97210056.00
2016/04/26,4.44,4.51,4.42,4.51,5943840,78330496.00
2016/04/27,4.53,4.55,4.49,4.49,7231074,96564744.00
2016/04/28,4.52,4.53,4.43,4.52,7616255,100930664.00
2016/04/29,4.48,4.57,4.47,4.53,6912446,92597120.00
2016/05/03,4.55,4.67,4.51,4.67,12483782,171470848.00
2016/05/04,4.66,4.77,4.63,4.69,14439536,202192768.00
2016/05/05,4.69,4.76,4.67,4.73,8964952,125253904.00
2016/05/06,4.76,4.78,4.50,4.52,16780377,230077200.00
2016/05/09,4.50,4.50,4.41,4.44,10427900,136931216.00
2016/05/10,4.44,4.47,4.40,4.41,6597953,86108136.00
2016/05/11,4.44,4.46,4.40,4.41,5176954,67595816.00
2016/05/12,4.37,4.42,4.27,4.42,8200344,104745656.00
2016/05/13,4.42,4.46,4.39,4.43,5441305,71017040.00
2016/05/16,4.40,4.52,4.40,4.52,7937416,104852232.00
2016/05/17,4.52,4.55,4.45,4.50,6255417,82928632.00
2016/05/18,4.46,4.47,4.31,4.38,7271599,93743792.00
2016/05/19,4.36,4.46,4.36,4.39,5718207,74472976.00
2016/05/20,4.35,4.46,4.33,4.46,5967856,77776984.00
2016/05/23,4.46,4.54,4.46,4.51,6896356,91714624.00
2016/05/24,4.50,4.50,4.41,4.44,4806164,63054240.00
2016/05/25,4.47,4.50,4.41,4.43,4636186,61027580.00
2016/05/26,4.41,4.46,4.34,4.44,7009847,90525432.00
2016/05/27,4.45,4.67,4.45,4.60,24339032,331933216.00
2016/05/30,4.55,4.76,4.50,4.69,28226547,391155968.00
2016/05/31,4.69,4.82,4.66,4.81,30459540,430468768.00
2016/06/01,4.79,4.94,4.77,4.81,32215453,467653440.00
2016/06/02,4.81,5.04,4.81,5.03,40488558,601030272.00
2016/06/03,5.05,5.05,4.92,4.96,29401767,437343456.00
2016/06/06,5.01,5.07,4.90,4.97,24047010,358971936.00
2016/06/07,4.96,4.97,4.89,4.97,18075152,267127184.00
2016/06/08,4.98,5.00,4.85,4.91,18276083,268647424.00
2016/06/13,4.84,4.90,4.67,4.67,16714985,239843088.00
2016/06/14,4.67,4.72,4.63,4.70,11008006,152823168.00
2016/06/15,4.69,5.06,4.67,4.99,28986081,426115968.00
2016/06/16,4.97,5.18,4.96,5.07,32548650,494376992.00
2016/06/17,5.09,5.12,4.98,5.05,27482223,319352832.00
2016/06/20,5.07,5.38,5.00,5.28,39388971,473124864.00
2016/06/21,5.29,5.37,5.07,5.13,31765149,383807552.00
2016/06/22,5.13,5.24,5.10,5.21,21613663,257914672.00
2016/06/23,5.23,5.28,5.11,5.17,19491032,233706112.00
2016/06/24,5.14,5.54,4.99,5.32,55335036,677935104.00
2016/06/27,5.31,5.62,5.30,5.57,56137201,718642112.00
2016/06/28,5.48,5.65,5.46,5.54,32912972,422786272.00
2016/06/29,5.53,5.60,5.47,5.49,26793925,342427040.00
2016/06/30,5.51,5.57,5.46,5.49,19544696,249708000.00
2016/07/01,5.50,5.59,5.40,5.41,24791274,314853184.00
2016/07/04,5.40,5.51,5.38,5.48,17571394,222633888.00
2016/07/05,5.50,5.69,5.48,5.68,43895223,572661504.00
2016/07/06,5.68,5.78,5.60,5.64,30703973,405312448.00
2016/07/07,5.64,5.69,5.55,5.67,26469790,345890592.00
2016/07/08,5.66,5.84,5.66,5.68,30560508,410947904.00
2016/07/11,5.67,5.70,5.52,5.54,26423727,344041920.00
2016/07/12,5.52,5.57,5.40,5.52,29423796,373311040.00
2016/07/13,5.53,5.56,5.43,5.55,21364630,272681856.00
2016/07/14,5.53,5.55,5.46,5.49,13198908,168212352.00
2016/07/15,5.46,5.51,5.43,5.50,12181491,154521440.00
2016/07/18,5.50,5.50,5.38,5.44,14583056,183424016.00
2016/07/19,5.47,5.57,5.40,5.57,16754869,213864912.00
2016/07/20,5.58,5.61,5.51,5.52,13487981,174055552.00
2016/07/21,5.52,5.58,5.47,5.50,11735999,150570224.00
2016/07/22,5.51,5.54,5.41,5.41,12746299,161746608.00
2016/07/25,5.42,5.47,5.40,5.44,9035627,113742800.00
2016/07/26,5.44,5.59,5.43,5.58,25381506,326210528.00
2016/07/27,5.66,5.92,5.48,5.62,79272968,1057992960.00
2016/07/28,5.65,5.69,5.28,5.45,45356559,573915328.00
2016/07/29,5.43,5.43,5.30,5.31,18076128,223804912.00
2016/08/01,5.31,5.33,5.18,5.24,13751239,165511616.00
2016/08/02,5.24,5.34,5.24,5.29,8643737,105757096.00
2016/08/03,5.28,5.31,5.16,5.21,18090092,217966544.00
2016/08/04,5.21,5.35,5.21,5.33,16287506,199537776.00
2016/08/05,5.30,5.37,5.28,5.28,9508757,116795520.00
2016/08/08,5.26,5.38,5.26,5.38,10850000,133739232.00
2016/08/09,5.39,5.40,5.34,5.40,8662260,107507024.00
2016/08/10,5.38,5.46,5.36,5.37,11947122,149664736.00
2016/08/11,5.34,5.36,5.22,5.22,11341909,138035984.00
2016/08/12,5.22,5.28,5.21,5.28,9632213,116734016.00
2016/08/15,5.27,5.41,5.23,5.35,19295701,238131168.00
2016/08/16,5.35,5.38,5.28,5.31,25835914,317718336.00
2016/08/17,5.32,5.45,5.30,5.42,25646685,319836576.00
2016/08/18,5.40,5.41,5.34,5.36,15262333,189848928.00
2016/08/19,5.37,5.37,5.32,5.33,10883597,134221040.00
2016/08/22,5.33,5.40,5.29,5.29,11531638,142496224.00
2016/08/23,5.27,5.30,5.21,5.26,15270006,184687920.00
2016/08/24,5.26,5.31,5.23,5.28,10099159,122797728.00
2016/08/25,5.26,5.26,5.18,5.23,11961658,143817328.00
2016/08/26,5.25,5.35,5.24,5.26,13478403,165235536.00
2016/08/29,5.24,5.31,5.24,5.29,7891622,96255568.00
2016/08/30,5.28,5.35,5.28,5.32,11086795,136382992.00
2016/08/31,5.31,5.33,5.24,5.27,10314517,125394248.00
2016/09/01,5.27,5.30,5.24,5.29,10253891,124880640.00
2016/09/02,5.28,5.28,5.18,5.22,13068330,157401712.00
2016/09/05,5.23,5.26,5.21,5.22,6455718,77897784.00
2016/09/06,5.24,5.41,5.17,5.39,27045054,332530464.00
2016/09/07,5.38,5.42,5.34,5.34,17205849,214152608.00
2016/09/08,5.35,5.39,5.33,5.38,9357141,115975712.00
2016/09/09,5.36,5.38,5.29,5.30,9727684,120116000.00
2016/09/12,5.21,5.26,5.19,5.20,13198977,158791984.00
2016/09/13,5.24,5.63,5.23,5.57,53877930,681794560.00
2016/09/14,5.48,5.69,5.47,5.59,44065085,572320192.00
2016/09/19,5.59,5.66,5.52,5.64,25981858,337643424.00
2016/09/20,5.60,5.65,5.52,5.59,22129491,286421248.00
2016/09/21,5.57,5.70,5.53,5.53,27584309,360240928.00
2016/09/22,5.55,5.69,5.55,5.67,32636624,426375136.00
2016/09/23,5.73,5.90,5.65,5.65,47755339,643796736.00
2016/09/26,5.62,5.77,5.60,5.61,26265714,347885216.00
2016/09/27,5.58,5.64,5.47,5.59,15134828,195421792.00
2016/09/28,5.62,5.81,5.58,5.77,27876737,373205632.00
2016/09/29,5.79,5.80,5.72,5.75,13324505,179021488.00
2016/09/30,5.73,5.81,5.70,5.75,12383734,165832848.00
2016/10/10,5.81,5.94,5.72,5.87,27533596,376377376.00
2016/10/11,5.87,5.91,5.74,5.82,23504528,319903776.00
2016/10/12,5.80,5.85,5.73,5.82,13317565,179745200.00
2016/10/13,5.82,5.85,5.67,5.70,16401964,219851632.00
2016/10/14,5.70,5.72,5.63,5.70,10169577,134263840.00
2016/10/17,5.71,5.77,5.55,5.56,17487854,229917456.00
2016/10/18,5.57,5.62,5.53,5.62,15569059,202156608.00
2016/10/19,5.62,5.63,5.55,5.60,12116472,157311440.00
2016/10/20,5.60,5.69,5.58,5.65,13298579,174843744.00
2016/10/21,5.64,5.64,5.50,5.55,17130468,221025024.00
2016/10/24,5.56,5.61,5.53,5.57,10264068,133106560.00
2016/10/25,5.58,5.67,5.57,5.60,15609364,203874080.00
2016/10/26,5.62,5.66,5.58,5.62,13622267,177916016.00
2016/10/27,5.62,5.62,5.53,5.58,8255823,106837640.00
2016/10/28,5.59,5.62,5.52,5.52,7631079,98781896.00
2016/10/31,5.53,5.54,5.41,5.47,12811914,162341552.00
2016/11/01,5.47,5.49,5.43,5.48,12733066,161175952.00
2016/11/02,5.48,5.56,5.45,5.45,12360431,157575664.00
2016/11/03,5.45,5.50,5.40,5.45,13939534,176178432.00
2016/11/04,5.46,5.53,5.45,5.50,11440404,145829952.00
2016/11/07,5.51,5.54,5.45,5.47,10604905,135049760.00
2016/11/08,5.48,5.54,5.45,5.49,11588283,147734608.00
2016/11/09,5.48,5.52,5.38,5.47,13834914,174484032.00
2016/11/10,5.50,5.52,5.47,5.50,11036774,140705472.00
2016/11/11,5.50,5.50,5.42,5.46,13371228,168909376.00
2016/11/14,5.45,5.52,5.45,5.48,13174973,167614448.00
2016/11/15,5.50,5.62,5.48,5.60,25656117,331232736.00
2016/11/16,5.63,5.64,5.57,5.61,15923363,207504800.00
2016/11/17,5.59,5.59,5.51,5.54,11044562,142249360.00
2016/11/18,5.55,5.68,5.52,5.59,21133309,276026112.00
2016/11/21,5.64,5.79,5.58,5.76,41241738,548166208.00
2016/11/22,5.77,5.81,5.71,5.77,31264732,419879968.00
2016/11/23,5.79,5.80,5.67,5.69,28074435,374786048.00
2016/11/24,5.67,5.74,5.57,5.58,24954207,325479136.00
2016/11/25,5.57,5.65,5.53,5.63,20045065,261412720.00
2016/11/28,5.62,5.79,5.60,5.70,32469295,431965216.00
2016/11/29,5.69,5.74,5.58,5.60,22614144,297001088.00
2016/11/30,5.58,5.65,5.53,5.60,15482866,201324192.00
2016/12/01,5.61,5.67,5.55,5.66,11647848,152126608.00
2016/12/02,5.64,5.67,5.55,5.55,11665140,151634640.00
2016/12/05,5.51,5.60,5.50,5.59,12634688,162972352.00
2016/12/06,5.57,5.59,5.41,5.45,21405763,271535328.00
2016/12/07,5.45,5.51,5.39,5.50,13137587,165917232.00
2016/12/08,5.50,5.55,5.45,5.53,16844657,214698704.00
2016/12/09,5.52,5.57,5.49,5.55,19286931,247543008.00
2016/12/12,5.52,5.55,5.28,5.29,17201166,214141632.00
2016/12/13,5.29,5.37,5.16,5.32,10140738,123629936.00
2016/12/14,5.32,5.35,5.23,5.33,10392732,126968320.00
2016/12/15,5.30,5.44,5.29,5.39,10802636,134491008.00
2016/12/16,5.41,5.50,5.38,5.46,11905349,150432288.00
2016/12/19,5.46,5.53,5.40,5.46,6667021,84520080.00
2016/12/20,5.48,5.49,5.39,5.41,5797602,72916264.00
2016/12/21,5.41,5.53,5.41,5.50,12259770,155795456.00
2016/12/22,5.50,5.50,5.43,5.47,3968494,50265652.00
2016/12/23,5.47,5.47,5.33,5.40,6551188,81904376.00
2016/12/26,5.40,5.41,5.33,5.39,8201359,101972768.00
2016/12/27,5.51,5.53,5.28,5.29,35158160,438130688.00
2016/12/28,5.33,5.40,5.31,5.35,26993761,334718976.00
2016/12/29,5.31,5.34,5.21,5.23,24408986,296904928.00
2016/12/30,5.23,5.28,5.22,5.24,8040773,97402576.00
2017/01/03,5.26,5.33,5.26,5.30,9709776,118874440.00
2017/01/04,5.30,5.37,5.29,5.36,18593235,229519344.00
2017/01/05,5.35,5.40,5.30,5.32,19742493,243920000.00
2017/01/06,5.29,5.36,5.29,5.30,9210565,113108256.00
2017/01/09,5.31,5.33,5.30,5.32,9409091,115577368.00
2017/01/10,5.31,5.34,5.29,5.29,7695576,94462512.00
2017/01/11,5.30,5.30,5.20,5.21,13383641,161644608.00
2017/01/12,5.21,5.24,5.13,5.14,11214956,133716040.00
2017/01/13,5.12,5.19,5.07,5.07,9198947,108450464.00
2017/01/16,5.09,5.10,4.78,4.89,16163609,183096128.00
2017/01/17,4.87,4.97,4.84,4.96,9927851,111838680.00
2017/01/18,4.95,4.98,4.87,4.88,6934473,78119800.00
2017/01/19,4.85,4.92,4.82,4.88,8197091,91212832.00
2017/01/20,4.88,4.99,4.86,4.96,8779229,99654472.00
2017/01/23,4.97,4.99,4.94,4.96,6901683,78480104.00
2017/01/24,4.95,4.97,4.90,4.93,6174972,69819376.00
2017/01/25,4.92,5.01,4.91,4.96,7279048,82742360.00
2017/01/26,4.96,4.98,4.93,4.95,8263702,93734152.00
2017/02/03,4.97,4.97,4.93,4.94,4549613,51564776.00
2017/02/06,4.94,5.00,4.94,5.00,7433175,84876536.00
2017/02/07,4.99,5.07,4.98,5.03,11963584,138267680.00
2017/02/08,5.02,5.07,4.99,5.05,6344392,73317792.00
2017/02/09,5.04,5.12,5.04,5.11,12197888,142790592.00
2017/02/10,5.12,5.12,5.06,5.07,9219618,107586888.00
2017/02/13,5.07,5.11,5.05,5.07,8577309,100173640.00
2017/02/14,5.07,5.08,5.03,5.06,11277281,130675880.00
2017/02/15,5.05,5.06,4.98,4.99,13708717,157712784.00
2017/02/16,4.98,5.02,4.95,5.01,8447180,96654008.00
2017/02/17,5.01,5.02,4.93,4.94,10850240,123564000.00
2017/02/20,4.95,4.97,4.90,4.95,13035431,147197200.00
2017/02/21,4.95,5.04,4.95,5.03,21866887,251058080.00
2017/02/22,5.06,5.16,5.04,5.16,40679562,475239168.00
2017/02/23,5.13,5.19,5.11,5.14,21154742,250463360.00
2017/02/24,5.16,5.24,5.10,5.12,32298784,385369120.00
2017/02/27,5.12,5.26,5.12,5.16,24136201,288475456.00
2017/02/28,5.17,5.22,5.13,5.16,11447317,136325856.00
2017/03/01,5.17,5.19,5.14,5.17,9757327,116038712.00
2017/03/02,5.18,5.22,5.14,5.14,10558979,125828048.00
2017/03/03,5.13,5.21,5.09,5.21,17639450,209402000.00
2017/03/06,5.25,5.36,5.24,5.31,27746999,340903168.00
2017/03/07,5.41,5.43,5.29,5.35,20787097,257370816.00
2017/03/08,5.37,5.39,5.29,5.31,15266199,188315520.00
2017/03/09,5.30,5.36,5.26,5.35,16129543,198012240.00
2017/03/10,5.33,5.37,5.29,5.35,14406690,177797136.00
2017/03/13,5.35,5.49,5.33,5.47,30621385,386538176.00
2017/03/14,5.45,5.53,5.38,5.40,21191610,266826144.00
2017/03/15,5.43,5.45,5.38,5.41,13799461,172838288.00
2017/03/16,5.41,5.52,5.41,5.50,16830242,213536880.00
2017/03/17,5.57,5.65,5.44,5.44,33712069,434994912.00
2017/03/20,5.40,5.53,5.40,5.48,19942124,253075328.00
2017/03/21,5.46,5.52,5.46,5.50,12694168,161612944.00
2017/03/22,5.48,5.53,5.45,5.49,14585631,185695952.00
2017/03/23,5.50,5.67,5.43,5.64,46266626,599183360.00
2017/03/24,5.62,5.78,5.62,5.67,35547082,473877376.00
2017/03/27,5.69,5.80,5.67,5.70,18375395,245781360.00
2017/03/28,5.70,5.83,5.70,5.77,37507280,505973152.00
2017/03/29,5.79,5.83,5.63,5.65,40025919,531242144.00
2017/03/30,5.65,5.68,5.57,5.61,18631025,243333920.00
2017/03/31,5.64,5.73,5.62,5.70,16078497,212584224.00
2017/04/05,5.73,5.86,5.73,5.85,27359196,371888608.00
2017/04/06,5.81,5.87,5.81,5.83,17883550,244223232.00
2017/04/07,5.84,5.92,5.79,5.81,15699770,214644240.00
2017/04/10,5.78,5.82,5.63,5.64,23918113,318220128.00
2017/04/11,5.64,5.76,5.62,5.73,20396758,270816736.00
2017/04/12,5.70,5.73,5.65,5.67,12106776,160305616.00
2017/04/13,5.67,5.80,5.67,5.72,13056634,174904464.00
2017/04/14,5.70,5.71,5.58,5.61,14081567,184687184.00
2017/04/17,5.59,5.67,5.53,5.65,10794866,140730912.00
2017/04/18,5.64,5.74,5.62,5.65,11105630,146758656.00
2017/04/19,5.64,5.67,5.58,5.63,12157151,158991152.00
2017/04/20,5.64,5.81,5.61,5.75,22310312,298886176.00
2017/04/21,5.75,5.80,5.72,5.74,8144471,109399376.00
2017/04/24,5.74,5.74,5.60,5.73,11201634,147647056.00
2017/04/25,5.70,5.81,5.66,5.80,12874788,173301440.00
2017/04/26,5.81,5.91,5.79,5.88,23328476,320231648.00
2017/04/27,5.90,5.90,5.67,5.84,20824589,283500288.00
2017/04/28,5.84,5.91,5.77,5.79,13729043,187529504.00
2017/05/02,5.79,5.81,5.67,5.75,13255663,176682768.00
2017/05/03,5.75,5.86,5.71,5.85,16672186,225776288.00
2017/05/04,5.82,5.88,5.76,5.78,11475033,155892320.00
2017/05/05,5.75,5.81,5.58,5.59,19806607,261932960.00
2017/05/08,5.59,5.65,5.50,5.58,11555779,149718576.00
2017/05/09,5.53,5.62,5.52,5.61,10528998,136251984.00
2017/05/10,5.58,5.64,5.50,5.53,13340788,172679168.00
2017/05/11,5.50,5.56,5.28,5.40,25356962,316680512.00
2017/05/12,5.38,5.43,5.36,5.37,7932869,99174712.00
2017/05/15,5.40,5.52,5.40,5.48,9944578,126084528.00
2017/05/16,5.47,5.64,5.42,5.62,13209129,169649632.00
2017/05/17,5.60,5.75,5.58,5.59,15644868,206150496.00
2017/05/18,5.55,5.66,5.54,5.60,8016188,104677424.00
2017/05/19,5.60,5.62,5.52,5.57,5840980,75507312.00
2017/05/22,5.57,5.63,5.42,5.45,10188827,130125008.00
2017/05/23,5.45,5.45,5.23,5.33,20634691,253586672.00
2017/05/24,5.29,5.38,5.25,5.38,12688034,155834944.00
2017/05/25,5.36,5.46,5.34,5.44,9209137,115236088.00
2017/05/26,5.42,5.48,5.24,5.33,15475279,191473184.00
2017/05/31,5.40,5.43,5.33,5.35,10604129,131934232.00
2017/06/01,5.32,5.35,5.25,5.26,8648138,105597184.00
2017/06/02,5.24,5.31,5.13,5.26,9729719,117066808.00
2017/06/05,5.28,5.49,5.28,5.43,14029933,176223296.00
2017/06/06,5.43,5.54,5.41,5.50,13969509,178406256.00
2017/06/07,5.49,5.83,5.49,5.75,27648481,367236384.00
2017/06/08,5.74,5.93,5.73,5.78,26458960,361253664.00
2017/06/09,5.79,5.86,5.74,5.84,17043241,230404336.00
2017/06/12,5.82,5.84,5.70,5.78,19435021,261543232.00
2017/06/13,5.77,5.88,5.74,5.86,16625802,225612704.00
2017/06/14,5.89,5.89,5.71,5.71,12857962,173852304.00
2017/06/15,5.74,6.20,5.74,6.19,54550161,769856192.00
2017/06/16,6.13,6.22,6.08,6.11,33732866,485331168.00
2017/06/19,6.11,6.16,6.06,6.10,19698496,282060032.00
2017/06/20,6.09,6.19,6.02,6.12,38284034,273489696.00
2017/06/21,6.14,6.14,5.98,6.04,38046599,268214784.00
2017/06/22,6.04,6.19,6.00,6.04,40319418,287604800.00
2017/06/23,6.04,6.12,5.88,6.05,36532248,254992912.00
2017/06/26,6.08,6.31,6.02,6.24,55291426,399438624.00
2017/06/27,6.24,6.35,6.15,6.20,40275889,294543456.00
2017/06/28,6.15,6.21,6.11,6.17,24967909,179685408.00
2017/06/29,6.15,6.20,6.08,6.15,20417833,146787600.00
2017/06/30,6.13,6.22,6.11,6.18,26293061,189775296.00
2017/07/03,6.21,6.23,6.08,6.12,22991201,165350448.00
2017/07/04,6.09,6.12,5.99,6.11,39436304,278572896.00
2017/07/05,6.09,6.11,6.01,6.08,28418959,200788896.00
2017/07/06,6.10,6.48,6.06,6.41,87845354,648654400.00
2017/07/07,6.35,6.41,6.26,6.35,43582620,324726624.00
2017/07/10,6.31,6.45,6.17,6.40,66662283,495769824.00
2017/07/11,6.35,6.37,6.16,6.21,40435294,295902752.00
2017/07/12,6.18,6.24,6.04,6.16,35612598,254117024.00
2017/07/13,6.16,6.16,5.99,6.06,48177410,339507072.00
2017/07/14,6.03,6.10,5.98,6.04,21516963,151854768.00
2017/07/17,6.02,6.02,5.72,5.76,39235430,267377264.00
2017/07/18,5.74,5.93,5.68,5.91,30236738,204327312.00
2017/07/19,5.87,6.01,5.85,6.00,20924492,144868272.00
2017/07/20,6.00,6.09,5.95,5.96,24990272,175649136.00
2017/07/21,5.99,6.09,5.94,6.00,21369192,150364512.00
2017/07/24,6.01,6.04,5.92,5.99,22708062,158033344.00
2017/07/25,5.99,6.05,5.93,5.94,19425188,135593952.00
2017/07/26,5.93,5.95,5.80,5.90,26455753,180196336.00
2017/07/27,5.88,6.11,5.83,6.06,41268208,290260800.00
2017/07/28,6.00,6.06,5.98,6.02,20166913,141780128.00
2017/07/31,6.03,6.07,5.98,6.01,21731674,152525264.00
2017/08/01,6.03,6.04,5.94,6.02,27171715,190399824.00
2017/08/02,6.04,6.08,5.97,5.98,23482708,164773456.00
2017/08/03,5.93,5.96,5.81,5.89,46056766,313842272.00
2017/08/04,5.86,5.89,5.82,5.82,13086060,89116344.00
2017/08/07,5.81,5.90,5.79,5.82,13623930,92489152.00
2017/08/08,5.80,5.82,5.71,5.76,28553454,190712784.00
2017/08/09,5.74,5.79,5.72,5.77,13915076,93151720.00
2017/08/10,5.77,5.90,5.76,5.87,29656549,202045792.00
2017/08/11,5.84,5.91,5.77,5.78,19585259,133219472.00
2017/08/14,5.83,6.08,5.80,6.06,48559400,340054784.00
2017/08/15,6.06,6.14,6.02,6.07,27493330,195136928.00
2017/08/16,6.08,6.13,6.04,6.11,26354139,187687568.00
2017/08/17,6.08,6.26,6.03,6.17,37235296,267462096.00
2017/08/18,6.12,6.18,6.04,6.07,24577901,175235968.00
2017/08/21,6.09,6.15,6.03,6.06,25402772,180637456.00
2017/08/22,6.08,6.26,6.06,6.13,42269002,304776768.00
2017/08/23,6.13,6.13,6.04,6.06,19110770,135575312.00
2017/08/24,6.04,6.11,6.01,6.07,13613215,96326592.00
2017/08/25,6.04,6.09,5.97,6.04,40301097,283247072.00
2017/08/28,6.09,6.22,6.04,6.15,59903725,429902208.00
2017/08/29,6.15,6.25,6.13,6.15,44482500,322218752.00
2017/08/30,6.15,6.25,6.12,6.24,37428264,272194336.00
2017/08/31,6.27,6.35,6.20,6.22,34511543,253371712.00
2017/09/01,6.22,6.25,6.13,6.19,39926857,288292576.00
2017/09/04,6.19,6.48,6.16,6.46,101178962,758501888.00
2017/09/05,6.46,6.47,6.35,6.39,46469574,349187200.00
2017/09/06,6.35,6.49,6.35,6.43,38522586,290390080.00
2017/09/07,6.46,6.57,6.35,6.35,53239549,406008800.00
2017/09/08,6.34,6.44,6.29,6.39,28524729,213129200.00
2017/09/11,6.41,6.43,6.33,6.40,27442421,205450368.00
2017/09/12,6.39,6.56,6.35,6.52,47750316,363764512.00
2017/09/13,6.51,6.52,6.30,6.36,51043345,381830592.00
2017/09/14,6.37,6.39,6.27,6.28,32329923,240036704.00
2017/09/15,6.28,6.28,6.15,6.19,35455623,257506352.00
2017/09/18,6.20,6.37,6.15,6.35,34260228,252782224.00
2017/09/19,6.35,6.36,6.18,6.20,32326218,237290160.00
2017/09/20,6.22,6.76,6.15,6.76,223574063,1754440704.00
2017/09/21,6.84,7.38,6.78,7.20,357476568,2996806144.00
2017/09/22,6.94,7.05,6.85,6.94,162399876,1337291136.00
2017/09/25,6.97,7.13,6.82,6.85,112262761,924123904.00
2017/09/26,6.79,6.85,6.65,6.84,102794480,818412864.00
2017/09/27,6.81,6.99,6.70,6.93,97651120,790812864.00
2017/09/28,6.87,7.14,6.85,6.90,127215645,1057313280.00
2017/09/29,6.90,7.20,6.89,7.07,114173240,950828096.00
2017/10/09,7.31,7.54,7.09,7.27,159457562,1394188672.00
2017/10/10,7.23,7.29,7.10,7.21,78750076,671836544.00
2017/10/11,7.15,7.20,6.83,6.90,94705407,786610944.00
2017/10/12,6.90,7.03,6.83,6.95,49861453,410353984.00
2017/10/13,6.92,7.19,6.86,7.16,72489258,607409920.00
2017/10/16,7.16,7.16,6.95,6.95,50075095,417947200.00
2017/10/17,6.92,7.03,6.86,6.94,35255961,289840352.00
2017/10/18,6.97,7.14,6.90,6.95,57291177,478699872.00
2017/10/19,6.93,7.01,6.72,6.73,57891541,466390464.00
2017/10/20,6.71,6.86,6.70,6.86,29731495,238703632.00
2017/10/23,6.76,6.77,6.56,6.71,60112869,473232288.00
2017/10/24,6.69,6.72,6.61,6.69,33972602,266562480.00
2017/10/25,6.66,6.76,6.64,6.73,32813304,259836352.00
2017/10/26,6.73,6.97,6.66,6.92,63714908,516238560.00
2017/10/27,6.89,6.94,6.75,6.76,40053575,322814912.00
2017/10/30,6.76,6.88,6.49,6.76,55172199,437162784.00
2017/10/31,6.73,6.90,6.60,6.86,54226518,432757024.00
2017/11/01,6.85,7.16,6.82,7.08,117682733,986872576.00
2017/11/02,7.00,7.24,6.99,7.06,103322491,872444480.00
2017/11/03,7.07,7.41,6.98,7.30,144355090,1246313856.00
2017/11/06,7.39,7.52,7.14,7.31,131178709,1143843840.00
2017/11/07,7.24,7.48,7.18,7.47,118268143,1031088512.00
2017/11/08,7.39,7.51,7.28,7.29,91283241,802995904.00
2017/11/09,7.29,7.51,7.20,7.49,106641745,936433472.00
2017/11/10,7.47,7.80,7.41,7.58,164306947,1492421248.00
2017/11/13,7.62,7.92,7.51,7.83,139730094,1287670528.00
2017/11/14,7.78,7.82,7.46,7.47,129209341,1176337024.00
2017/11/15,7.44,7.52,7.18,7.30,95637906,835816896.00
2017/11/16,7.27,7.43,7.24,7.33,59658483,521127872.00
2017/11/17,7.32,7.40,6.95,6.96,98508318,835184384.00
2017/11/20,6.91,7.23,6.79,7.23,78207126,653718848.00
2017/11/21,7.22,7.32,7.12,7.29,82177674,706218432.00
2017/11/22,7.30,7.62,7.21,7.44,113703643,1005611776.00
2017/11/23,7.41,7.53,7.23,7.24,85505360,750992512.00
2017/11/24,7.18,7.33,6.99,7.01,74318752,629770368.00
2017/11/27,7.01,7.03,6.54,6.61,84654565,680170112.00
2017/11/28,6.59,7.01,6.58,6.96,64551646,516537696.00
2017/11/29,6.96,7.03,6.75,6.86,61486381,501738208.00
2017/11/30,7.00,7.20,6.90,6.97,103940676,869836608.00
2017/12/01,6.86,7.43,6.83,7.39,150708602,1296928640.00
2017/12/04,7.34,7.35,7.18,7.24,96174615,830164480.00
2017/12/05,7.20,7.32,6.83,7.16,102863282,866280640.00
2017/12/06,7.10,7.59,7.06,7.57,185989311,1631069568.00
2017/12/07,7.46,7.58,7.35,7.36,138815935,1231704320.00
2017/12/08,7.33,7.61,7.30,7.39,138875646,1235352320.00
2017/12/11,7.39,7.58,7.31,7.51,130387026,1156894720.00
2017/12/12,7.60,7.82,7.39,7.40,210863126,1918000896.00
2017/12/13,7.39,7.76,7.34,7.75,186618362,1686576384.00
2017/12/14,7.70,7.76,7.57,7.71,153440057,1404917248.00
2017/12/15,7.66,7.75,7.25,7.37,182776192,1630237312.00
2017/12/18,7.32,7.36,7.03,7.20,118057139,1003123456.00
2017/12/19,7.20,7.29,7.17,7.25,75547782,649557568.00
2017/12/20,7.22,7.31,7.02,7.17,94854297,807526400.00
2017/12/21,7.15,7.38,7.07,7.32,100428417,868943808.00
2017/12/22,7.28,7.37,7.14,7.17,83312669,717208832.00
2017/12/25,7.12,7.17,6.85,6.92,91035532,755204416.00
2017/12/26,6.91,7.07,6.82,7.03,56496067,464992512.00
2017/12/27,7.00,7.09,6.97,7.00,49177494,409271616.00
2017/12/28,6.96,7.10,6.95,7.00,39629877,330804512.00
2017/12/29,7.00,7.21,6.99,7.17,60630210,513673344.00
2018/01/02,7.23,7.24,7.10,7.23,49202784,420240832.00
2018/01/03,7.24,7.37,7.19,7.34,74149919,643152320.00
2018/01/04,7.31,7.44,7.27,7.30,74699741,652980800.00
2018/01/05,7.27,7.27,7.00,7.00,92619762,781261888.00
2018/01/08,6.93,7.04,6.90,7.03,60206723,495674048.00
2018/01/09,7.03,7.07,6.94,7.01,32671657,271112416.00
2018/01/10,7.00,7.09,6.94,7.00,37370130,310454368.00
2018/01/11,7.01,7.11,6.86,7.06,60431223,501023200.00
2018/01/12,7.04,7.10,6.85,6.88,58082423,478042304.00
2018/01/15,6.88,6.89,6.31,6.45,101161257,791165184.00
2018/01/16,6.46,6.56,6.35,6.45,63639861,484074464.00
2018/01/17,6.46,6.56,6.24,6.49,58964944,443463648.00
2018/01/18,6.46,6.54,6.43,6.51,30930355,236353296.00
2018/01/19,6.49,6.58,6.45,6.52,30872195,236538368.00
2018/01/22,6.50,6.59,6.34,6.52,33956922,258914672.00
2018/01/23,6.50,6.59,6.49,6.52,27992735,215497168.00
2018/01/24,6.51,6.77,6.50,6.72,58851446,463238720.00
2018/01/25,6.70,6.87,6.69,6.70,42581998,340785984.00
2018/01/26,6.69,6.85,6.68,6.78,35345547,283645248.00
2018/01/29,6.82,6.96,6.61,6.66,81226955,650892608.00
2018/01/30,6.59,6.77,6.59,6.70,23022333,181726672.00
2018/01/31,6.66,6.68,6.41,6.47,34383931,265348928.00
2018/02/01,6.46,6.52,6.08,6.20,57388247,422041600.00
2018/02/02,6.15,6.31,6.01,6.19,33394233,242110592.00
2018/02/05,6.08,6.15,6.03,6.07,37013313,263987456.00
2018/02/06,5.90,6.02,5.69,5.70,56020241,381524064.00
2018/02/07,5.84,5.89,5.63,5.77,47126463,316534496.00
2018/02/08,5.77,5.96,5.74,5.93,29525288,202381392.00
2018/02/09,5.78,5.96,5.69,5.78,36634668,248116912.00
2018/02/12,5.84,6.09,5.79,6.05,47716491,334002464.00
2018/02/13,6.10,6.17,6.04,6.11,28779895,206076672.00
2018/02/14,6.11,6.15,6.04,6.09,13699615,97470248.00
2018/02/22,6.16,6.37,6.16,6.29,27399816,202175472.00
2018/02/23,6.27,6.31,6.15,6.25,26804416,195327344.00
2018/02/26,6.26,6.61,6.25,6.54,75494455,575616064.00
2018/02/27,6.56,6.66,6.46,6.47,73615841,568713344.00
2018/02/28,6.43,6.61,6.42,6.53,38882961,300125824.00
2018/03/01,6.49,6.73,6.46,6.62,50010150,389029472.00
2018/03/02,6.55,6.71,6.52,6.58,38259006,298358048.00
2018/03/05,6.58,6.65,6.50,6.62,38971034,301515008.00
2018/03/06,6.64,6.83,6.60,6.69,62051388,493366400.00
2018/03/07,6.66,6.75,6.59,6.60,30605134,240766128.00
2018/03/08,6.59,6.63,6.51,6.62,36874147,285058624.00
2018/03/09,6.60,6.81,6.58,6.79,56581592,450125504.00
2018/03/12,6.83,6.95,6.77,6.90,50819220,414358336.00
2018/03/13,6.88,6.89,6.74,6.76,40109589,322630496.00
2018/03/14,6.72,6.76,6.55,6.56,38717740,303225472.00
2018/03/15,6.51,6.64,6.49,6.62,33933818,262547920.00
2018/03/16,6.60,6.64,6.46,6.47,37764168,290099904.00
2018/03/19,6.46,6.59,6.45,6.50,28021406,215526752.00
2018/03/20,6.44,6.49,6.40,6.48,26063235,197326192.00
2018/03/21,6.51,6.56,6.31,6.32,35063846,266590576.00
2018/03/22,6.32,6.38,6.16,6.21,48504732,355063680.00
2018/03/23,6.00,6.07,5.84,5.92,67212651,466381504.00
2018/03/26,5.87,6.22,5.83,6.18,49036486,348671328.00
2018/03/27,6.28,6.33,6.18,6.30,52566728,385978272.00
2018/03/28,6.19,6.26,6.14,6.20,40341035,292442336.00
2018/03/29,6.20,6.27,6.16,6.27,39107485,284984768.00
2018/03/30,6.27,6.56,6.25,6.53,63165906,476868928.00
2018/04/02,6.67,6.80,6.52,6.61,107595037,845630912.00
2018/04/03,6.49,6.61,6.42,6.60,56571380,433754464.00
2018/04/04,6.60,6.64,6.31,6.36,58306923,444582752.00
2018/04/09,6.32,6.49,6.26,6.40,35640367,267298160.00
2018/04/10,6.39,6.42,6.23,6.32,41249702,304365056.00
2018/04/11,6.34,6.41,6.28,6.31,35073673,260905936.00
2018/04/12,6.30,6.38,6.25,6.30,28844796,213808464.00
2018/04/13,6.31,6.37,6.18,6.32,42214402,311283776.00
2018/04/16,6.29,6.59,6.26,6.54,83797929,633308672.00
2018/04/17,6.52,6.66,6.28,6.37,63970534,486729952.00
2018/04/18,6.45,6.83,6.36,6.77,180811869,1418163200.00
2018/04/19,6.72,6.77,6.62,6.66,107372239,847547008.00
2018/04/20,6.62,6.84,6.56,6.84,178268542,1421941760.00
2018/04/23,6.89,6.89,6.29,6.50,209648891,1635080320.00
2018/04/24,6.37,6.66,6.27,6.62,124093683,943301376.00
2018/04/25,6.39,6.53,6.32,6.32,141370988,1061862272.00
2018/04/26,6.34,6.41,6.11,6.11,95905172,704272000.00
2018/04/27,6.17,6.19,5.98,6.08,68863752,488565376.00
2018/05/02,6.09,6.18,5.98,6.04,58261266,412748224.00
2018/05/03,6.04,6.14,5.97,6.13,55267137,391346080.00
2018/05/04,6.11,6.20,6.08,6.10,46450244,333367808.00
2018/05/07,6.13,6.20,6.11,6.17,38407730,276937152.00
2018/05/08,6.18,6.18,6.11,6.13,41031237,294097088.00
2018/05/09,6.14,6.18,6.08,6.09,44780593,321248992.00
2018/05/10,6.11,6.12,5.87,5.96,77453609,540295104.00
2018/05/11,5.96,5.99,5.91,5.93,29349342,203258176.00
2018/05/14,5.92,5.97,5.81,5.84,39834031,273098304.00
2018/05/15,5.84,5.92,5.78,5.91,49501649,336751328.00
2018/05/16,5.88,5.92,5.84,5.85,27168424,185908064.00
2018/05/17,5.88,5.94,5.85,5.91,24519297,168180720.00
2018/05/18,5.88,5.92,5.85,5.92,21242447,145722784.00
2018/05/21,5.94,6.04,5.93,6.04,43436518,304791360.00
2018/05/22,6.03,6.04,5.96,6.01,24768617,173360336.00
2018/05/23,6.00,6.03,5.91,5.94,37309668,260064992.00
2018/05/24,5.93,5.98,5.78,5.78,47478674,323908576.00
2018/05/25,5.77,5.80,5.53,5.53,72714195,475061120.00
2018/05/28,5.55,5.59,5.49,5.51,27358113,175167984.00
2018/05/29,5.53,5.60,5.51,5.52,22656247,145336384.00
2018/05/30,5.47,5.47,5.26,5.28,43638354,270031072.00
2018/05/31,5.34,5.35,5.24,5.31,29867338,182165152.00
2018/06/01,5.28,5.32,5.19,5.23,30442006,184043328.00
2018/06/04,5.25,5.36,5.23,5.35,30748718,188154608.00
2018/06/05,5.35,5.42,5.33,5.40,22509612,139478352.00
2018/06/06,5.42,5.42,5.29,5.34,22421455,137950224.00
2018/06/07,5.36,5.37,5.26,5.26,19561294,119356816.00
2018/06/08,5.26,5.26,5.14,5.22,29782302,177584368.00
2018/06/11,5.20,5.24,5.16,5.19,16436689,98064872.00
2018/06/12,5.19,5.22,5.12,5.18,18101190,107331104.00
2018/06/13,5.19,5.29,5.15,5.19,28313303,170018752.00
2018/06/14,5.16,5.25,5.14,5.23,26599981,159023344.00
2018/06/15,5.24,5.29,5.17,5.28,34190810,205632752.00
2018/06/19,5.22,5.29,4.81,5.02,56482826,324319776.00
2018/06/20,4.99,5.12,4.95,5.10,31215143,180038096.00
2018/06/21,5.09,5.10,4.89,4.89,30861969,174616176.00
2018/06/22,4.86,4.95,4.75,4.89,30484797,168608272.00
2018/06/25,4.92,4.95,4.69,4.71,26573333,144838032.00
2018/06/26,4.66,4.86,4.58,4.82,35940465,193338576.00
2018/06/27,4.84,4.92,4.79,4.79,25568739,140496480.00
2018/06/28,4.79,4.90,4.74,4.74,34562099,188619360.00
2018/06/29,4.78,4.96,4.76,4.96,39333488,217719184.00
2018/07/02,4.95,5.02,4.86,4.91,27569474,154641664.00
2018/07/03,4.91,5.12,4.87,5.09,41006042,233075072.00
2018/07/04,5.05,5.09,4.99,5.04,33647312,193265232.00
2018/07/05,5.00,5.12,4.94,4.96,26156477,149429984.00
2018/07/06,5.01,5.12,4.95,4.99,41200133,236069760.00
2018/07/09,5.09,5.13,5.04,5.10,37771536,219403520.00
2018/07/10,5.09,5.12,5.02,5.07,21453432,123815280.00
2018/07/11,4.99,4.99,4.82,4.95,34144863,190911696.00
2018/07/12,4.95,5.19,4.94,5.16,47233018,275765280.00
2018/07/13,5.16,5.18,5.12,5.18,25163523,148108736.00
2018/07/16,5.21,5.24,5.16,5.19,26463402,157252288.00
2018/07/17,5.18,5.23,5.11,5.20,26575306,157120480.00
2018/07/18,5.19,5.28,5.17,5.19,33515414,200722688.00
2018/07/19,5.18,5.20,5.09,5.19,23793416,140038480.00
2018/07/20,5.16,5.23,5.12,5.19,27203495,161831264.00
2018/07/23,5.19,5.29,5.16,5.23,25738604,154239744.00
2018/07/24,5.22,5.29,5.20,5.26,32650898,196349728.00
2018/07/25,5.26,5.36,5.24,5.24,32388071,196423664.00
2018/07/26,5.28,5.28,5.12,5.17,23894853,141594816.00
2018/07/27,5.12,5.18,5.11,5.11,14997112,87935592.00
2018/07/30,5.11,5.12,4.97,5.02,21845450,125186960.00
2018/07/31,5.01,5.04,4.96,5.01,11503780,65374420.00
2018/08/01,5.03,5.07,4.89,4.89,17653055,100307880.00
2018/08/02,4.89,4.89,4.63,4.75,29071342,155753120.00
2018/08/03,4.74,4.75,4.63,4.65,14631281,77424840.00
2018/08/06,4.62,4.68,4.51,4.54,17619655,90976432.00
2018/08/07,4.56,4.74,4.54,4.71,25106079,131130800.00
2018/08/08,4.71,4.75,4.61,4.62,17865391,94273432.00
2018/08/09,4.61,4.82,4.61,4.77,33452442,179915392.00
2018/08/10,4.77,4.82,4.75,4.80,18826629,101778264.00
2018/08/13,4.76,4.92,4.74,4.91,25313048,139074752.00
2018/08/14,4.87,4.90,4.77,4.82,24424690,133240872.00
2018/08/15,4.80,4.83,4.66,4.68,23203059,124111248.00
2018/08/16,4.64,4.72,4.60,4.62,21434713,112394632.00
2018/08/17,4.65,4.69,4.51,4.55,20801617,107464920.00
2018/08/20,4.54,4.61,4.50,4.61,19275764,98684000.00
2018/08/21,4.61,4.67,4.58,4.63,14412509,75115264.00
2018/08/22,4.63,4.63,4.55,4.56,12029803,61987216.00
2018/08/23,4.56,4.65,4.56,4.61,15454352,80138376.00
2018/08/24,4.60,4.63,4.57,4.62,13257825,68684264.00
2018/08/27,4.64,4.72,4.58,4.71,30867260,162302288.00
2018/08/28,4.71,4.72,4.66,4.68,21064885,111323720.00
2018/08/29,4.65,4.68,4.60,4.61,17995886,93536568.00
2018/08/30,4.60,4.62,4.56,4.58,11727600,60475472.00
2018/08/31,4.58,4.60,4.53,4.54,12272671,62912208.00
2018/09/03,4.54,4.57,4.48,4.53,15853110,80083816.00
2018/09/04,4.51,4.63,4.50,4.61,16591222,85003064.00
2018/09/05,4.58,4.60,4.51,4.51,15389100,78688424.00
2018/09/06,4.51,4.58,4.49,4.52,11067240,56280516.00
2018/09/07,4.52,4.58,4.45,4.50,19862606,100415264.00
2018/09/10,4.50,4.51,4.34,4.35,21631888,106242584.00
2018/09/11,4.35,4.41,4.33,4.36,11982452,58279388.00
2018/09/12,4.34,4.41,4.34,4.37,10835026,52884216.00
2018/09/13,4.53,4.62,4.43,4.48,30128473,152011808.00
2018/09/14,4.48,4.51,4.45,4.46,15887800,79583112.00
2018/09/17,4.44,4.44,4.34,4.35,18873075,92101024.00
2018/09/18,4.34,4.44,4.33,4.43,14011093,68740040.00
2018/09/19,4.46,4.52,4.41,4.49,16409960,82315336.00
2018/09/20,4.48,4.54,4.47,4.49,11345955,57187420.00
2018/09/21,4.51,4.54,4.45,4.53,13218810,66758532.00
2018/09/25,4.52,4.57,4.49,4.56,11890662,60626724.00
2018/09/26,4.55,4.59,4.52,4.56,16057181,82191600.00
2018/09/27,4.55,4.59,4.52,4.54,11382689,58260080.00
2018/09/28,4.54,4.55,4.51,4.54,9653432,49077112.00
2018/10/08,4.45,4.48,4.34,4.35,14846269,73098864.00
2018/10/09,4.36,4.40,4.32,4.34,7846108,38064956.00
2018/10/10,4.34,4.37,4.30,4.34,10670851,51558056.00
2018/10/11,4.22,4.22,3.97,3.97,32250480,144528272.00
2018/10/12,3.92,3.96,3.71,3.82,35712741,149135824.00
2018/10/15,3.82,3.89,3.71,3.72,16632260,68674216.00
2018/10/16,3.73,3.76,3.49,3.56,32859956,127190008.00
2018/10/17,3.62,3.70,3.54,3.67,25253019,98718472.00
2018/10/18,3.63,3.67,3.55,3.58,22549118,87565912.00
2018/10/19,3.54,3.69,3.49,3.68,23392888,91129616.00
2018/10/22,3.67,3.86,3.63,3.80,39851375,162323584.00
2018/10/23,3.77,3.79,3.63,3.66,28567318,114890224.00
2018/10/24,3.63,3.67,3.57,3.60,22952168,89689648.00
2018/10/25,3.46,3.55,3.43,3.52,25443961,94773288.00
2018/10/26,3.56,3.61,3.51,3.54,22417281,85504016.00
2018/10/29,3.52,3.58,3.47,3.49,18600730,70227168.00
2018/10/30,3.50,3.58,3.43,3.55,21667528,81561944.00
2018/10/31,3.56,3.63,3.53,3.59,20821765,80436408.00
2018/11/01,3.68,3.72,3.61,3.62,27637398,109017984.00
2018/11/02,3.69,3.76,3.64,3.76,46790563,188882272.00
2018/11/05,3.74,3.79,3.69,3.76,27326529,110880376.00
2018/11/06,3.75,3.75,3.69,3.73,16329368,65722428.00
2018/11/07,3.73,3.77,3.72,3.73,23437804,95282120.00
2018/11/08,3.76,3.77,3.68,3.71,18094876,72959448.00
2018/11/09,3.69,3.71,3.66,3.67,13485175,53719684.00
2018/11/12,3.68,3.82,3.66,3.81,34572080,141103248.00
2018/11/13,3.76,3.92,3.75,3.90,44178353,185727744.00
2018/11/14,3.95,3.98,3.86,3.93,46376261,199580464.00
2018/11/15,3.89,3.98,3.89,3.97,29463100,126847520.00
2018/11/16,3.97,4.00,3.93,3.99,37471204,163060672.00
2018/11/19,4.01,4.08,3.96,4.03,34883099,154192784.00
2018/11/20,3.98,4.01,3.82,3.86,35877145,153530272.00
2018/11/21,3.80,3.85,3.77,3.83,27406640,113926208.00
2018/11/22,3.86,3.87,3.81,3.82,18261716,76448824.00
2018/11/23,3.83,3.83,3.66,3.69,31001848,125252704.00
2018/11/26,3.67,3.71,3.64,3.68,15791322,62800400.00
2018/11/27,3.71,3.73,3.66,3.69,13798424,55165336.00
2018/11/28,3.72,3.82,3.63,3.80,26812938,107927448.00
2018/11/29,3.82,3.86,3.69,3.69,30073527,123383592.00
2018/11/30,3.67,3.69,3.58,3.66,21962338,86183208.00
2018/12/03,3.76,3.83,3.73,3.80,33059461,136039936.00
2018/12/04,3.81,3.84,3.78,3.83,23272347,96598192.00
2018/12/05,3.77,3.83,3.73,3.80,20436952,84109288.00
2018/12/06,3.77,3.79,3.73,3.73,15137020,61679844.00
2018/12/07,3.73,3.88,3.73,3.81,25834336,107450448.00
2018/12/10,3.77,3.84,3.76,3.80,18300432,75961816.00
2018/12/11,3.82,3.86,3.81,3.84,18081467,75634000.00
2018/12/12,3.86,3.87,3.79,3.79,13617881,56638756.00
2018/12/13,3.80,3.85,3.77,3.84,18576228,77348160.00
2018/12/14,3.83,3.83,3.74,3.75,16061779,66040064.00
2018/12/17,3.74,3.78,3.69,3.76,11686615,47437752.00
2018/12/18,3.73,3.79,3.71,3.77,10451705,42711904.00
2018/12/19,3.77,3.77,3.73,3.74,7430500,30303954.00
2018/12/20,3.73,3.79,3.73,3.74,8458016,34495816.00
2018/12/21,3.75,3.78,3.73,3.77,11134736,45485224.00
2018/12/24,3.77,3.83,3.76,3.83,13502208,55907948.00
2018/12/25,3.79,3.93,3.73,3.90,24020175,99791328.00
2018/12/26,3.88,3.93,3.84,3.85,16410920,69540712.00
2018/12/27,3.90,3.91,3.79,3.81,17801809,74621152.00
2018/12/28,3.81,3.82,3.73,3.74,17069876,69704536.00
2019/01/02,3.76,3.77,3.71,3.71,14170055,57443560.00
2019/01/03,3.70,3.74,3.60,3.62,21901641,86774280.00
2019/01/04,3.57,3.71,3.55,3.69,20659621,81588528.00
2019/01/07,3.72,3.81,3.70,3.79,21854602,89769072.00
2019/01/08,3.79,3.86,3.78,3.80,19788681,82398664.00
2019/01/09,3.83,4.12,3.79,4.04,105726923,470870048.00
2019/01/10,4.00,4.05,3.90,3.94,60218012,262640816.00
2019/01/11,3.96,4.07,3.93,4.01,46674858,205894848.00
2019/01/14,4.00,4.07,3.94,3.94,36678131,160750848.00
2019/01/15,3.87,3.96,3.83,3.93,40241029,171349904.00
2019/01/16,3.94,3.97,3.90,3.90,24014167,103327856.00
2019/01/17,3.91,3.92,3.83,3.84,18646582,78964288.00
2019/01/18,3.85,4.01,3.82,3.93,35553183,152410960.00
2019/01/21,3.95,4.02,3.90,3.96,30926138,134485952.00
2019/01/22,3.94,4.04,3.91,4.01,40157599,175562896.00
2019/01/23,4.00,4.00,3.92,3.94,23964710,104037176.00
2019/01/24,3.90,4.18,3.90,4.09,80620332,362679520.00
2019/01/25,4.07,4.38,4.03,4.20,116667000,548603904.00
2019/01/28,4.25,4.29,4.14,4.15,57030694,265004688.00
2019/01/29,4.17,4.18,3.97,4.06,54710559,244231808.00
2019/01/30,4.07,4.14,3.95,3.96,41344074,184233584.00
2019/01/31,3.99,4.00,3.86,3.97,36705065,158947728.00
2019/02/01,3.99,4.14,3.97,4.12,36786392,165324832.00
2019/02/11,4.11,4.25,4.10,4.23,37192769,172551552.00
2019/02/12,4.22,4.25,4.16,4.24,43338946,202570192.00
2019/02/13,4.27,4.42,4.24,4.36,79030730,383925120.00
2019/02/14,4.34,4.46,4.27,4.39,57200994,278427264.00
2019/02/15,4.35,4.54,4.34,4.44,71095656,354034080.00
2019/02/18,4.58,4.83,4.49,4.83,78474038,415760608.00
2019/02/19,5.02,5.22,4.96,5.02,211810835,1229710720.00
2019/02/20,4.95,4.99,4.77,4.86,128823318,710688320.00
2019/02/21,4.82,5.16,4.82,4.89,154245493,873326848.00
2019/02/22,4.85,5.00,4.80,4.99,107080443,597686272.00
2019/02/25,5.02,5.21,5.02,5.14,140976516,823482304.00
2019/02/26,5.12,5.12,4.90,4.95,119833216,684189952.00
2019/02/27,4.95,4.99,4.81,4.86,68988339,383995360.00
2019/02/28,4.82,4.87,4.68,4.75,99110142,532509280.00
2019/03/01,4.75,4.81,4.70,4.76,57812859,310026432.00
2019/03/04,4.81,4.95,4.79,4.89,101050122,558492544.00
2019/03/05,4.84,5.31,4.80,5.31,194296357,1136305152.00
2019/03/06,5.40,5.43,5.15,5.26,203925991,1231342848.00
2019/03/07,5.20,5.40,5.10,5.29,148022954,886290816.00
2019/03/08,5.21,5.77,5.10,5.43,323290618,2087570944.00
2019/03/11,5.63,5.73,5.31,5.52,201407459,1276430464.00
2019/03/12,5.48,5.62,5.41,5.61,210683087,1335598592.00
2019/03/13,5.55,5.59,5.24,5.29,149750006,935803520.00
2019/03/14,5.17,5.22,4.85,4.98,111079596,636944384.00
2019/03/15,5.01,5.06,4.92,4.99,63110541,358893472.00
2019/03/18,4.97,5.16,4.94,5.15,63813390,368469024.00
2019/03/19,5.16,5.29,5.12,5.15,60116855,356237856.00
2019/03/20,5.15,5.19,4.97,5.09,53186105,307648512.00
2019/03/21,5.09,5.23,5.07,5.16,83483145,493108640.00
2019/03/22,5.17,5.26,5.16,5.21,82190159,490006720.00
2019/03/25,5.12,5.32,5.05,5.20,93303339,556999360.00
2019/03/26,5.19,5.28,4.99,5.05,81867892,481318656.00
2019/03/27,5.08,5.13,4.87,5.09,73359056,420225728.00
2019/03/28,5.05,5.28,5.01,5.12,97540048,577789120.00
2019/03/29,5.04,5.19,4.95,5.18,80720999,469546528.00
2019/04/01,5.11,5.27,5.08,5.23,170815914,1013978944.00
2019/04/02,5.26,5.46,5.17,5.38,181076009,1103911808.00
2019/04/03,5.31,5.34,5.25,5.33,90096021,547381248.00
2019/04/04,5.34,5.36,5.22,5.23,76691838,463063968.00
2019/04/08,5.24,5.26,5.01,5.06,83293040,486423072.00
2019/04/09,5.06,5.12,5.00,5.08,40687683,234842704.00
2019/04/10,5.05,5.06,4.95,4.98,62221152,353441024.00
2019/04/11,4.98,5.00,4.87,4.87,46361302,260089856.00
2019/04/12,4.89,4.95,4.87,4.92,31521131,175558464.00
2019/04/15,4.97,5.05,4.88,4.89,40596386,229824128.00
2019/04/16,4.86,4.99,4.79,4.98,54736630,304661088.00
2019/04/17,4.98,5.08,4.95,4.98,55134160,314677184.00
2019/04/18,4.95,5.04,4.92,5.00,47738217,270856928.00
2019/04/19,4.98,5.02,4.90,4.97,33711966,189877376.00
2019/04/22,4.97,5.03,4.93,4.95,41245190,233509200.00
2019/04/23,4.94,4.95,4.76,4.76,51625836,283404832.00
2019/04/24,4.77,4.95,4.74,4.89,41620398,228119728.00
2019/04/25,4.88,4.88,4.61,4.61,49021501,262061856.00
2019/04/26,4.61,4.73,4.60,4.62,32375678,170297376.00
2019/04/29,4.62,4.65,4.30,4.34,53144735,263137040.00
2019/04/30,4.32,4.43,4.31,4.37,26809326,130877632.00
2019/05/06,4.27,4.27,3.99,3.99,49060275,221644000.00
2019/05/07,4.01,4.07,3.94,4.02,34081090,150195264.00
2019/05/08,3.96,4.19,3.91,4.07,49422710,222882432.00
2019/05/09,4.07,4.21,4.04,4.11,40793032,187058720.00
2019/05/10,4.14,4.34,4.03,4.31,57165026,268204944.00
2019/05/13,4.24,4.31,4.19,4.22,30710078,144780400.00
2019/05/14,4.15,4.21,4.09,4.12,40658079,186858576.00
2019/05/15,4.16,4.19,4.12,4.17,29743016,136874560.00
2019/05/16,4.16,4.24,4.13,4.18,31108318,143950656.00
2019/05/17,4.24,4.54,4.18,4.54,124771952,616490816.00
2019/05/20,4.93,4.93,4.93,4.93,39186913,219446720.00
2019/05/21,5.01,5.14,4.71,4.98,306115614,1711758464.00
2019/05/22,4.81,5.12,4.81,5.07,233538732,1320437376.00
2019/05/23,5.05,5.24,4.85,5.06,249410931,1433434752.00
2019/05/24,4.92,4.96,4.61,4.63,170212307,912490944.00
2019/05/27,4.51,5.02,4.51,4.93,202685888,1116864768.00
2019/05/28,4.88,4.95,4.77,4.83,182334469,1001704576.00
2019/05/29,4.80,5.16,4.78,5.04,260314129,1474642688.00
2019/05/30,4.93,4.96,4.78,4.93,153100996,846925824.00
2019/05/31,4.90,5.20,4.88,5.12,226365553,1303742720.00
2019/06/03,5.17,5.17,4.95,5.03,150073022,860851072.00
2019/06/04,5.00,5.09,4.78,4.85,120333230,671932480.00
2019/06/05,4.92,5.06,4.88,4.89,99116415,554885824.00
2019/06/06,4.84,4.86,4.63,4.66,113346841,603054400.00
2019/06/10,4.68,4.78,4.65,4.71,83314512,441349184.00
2019/06/11,4.71,4.86,4.60,4.85,125031796,668822400.00
2019/06/12,4.78,5.06,4.77,4.98,162856081,901628480.00
2019/06/13,4.95,4.99,4.85,4.90,97130603,539764800.00
2019/06/14,4.90,4.92,4.66,4.68,96652129,518800672.00
2019/06/17,4.67,4.70,4.57,4.62,52865622,274495200.00
2019/06/18,4.61,4.63,4.55,4.57,35113066,180171152.00
2019/06/19,4.67,4.78,4.62,4.65,75713385,398618368.00
2019/06/20,4.62,4.70,4.57,4.65,66339790,345099168.00
2019/06/21,4.68,4.75,4.61,4.65,70864754,372508416.00
2019/06/24,4.64,4.77,4.60,4.74,89341072,469850560.00
2019/06/25,4.70,4.71,4.59,4.64,55246083,287148800.00
2019/06/26,4.61,4.81,4.59,4.73,97072666,515431456.00
2019/06/27,4.74,4.92,4.71,4.85,124525116,681622656.00
2019/06/28,4.77,4.78,4.43,4.55,162383915,833396992.00
2019/07/01,4.64,4.72,4.52,4.68,146440876,761624320.00
2019/07/02,4.65,4.66,4.50,4.56,128281766,654766528.00
2019/07/11,4.38,4.56,4.31,4.46,51323767,228997952.00
2019/07/12,4.45,4.51,4.36,4.37,36128069,159891664.00
2019/07/15,4.35,4.49,4.26,4.47,35034723,154013008.00
2019/07/16,4.45,4.49,4.40,4.43,27016381,120117288.00
2019/07/17,4.42,4.87,4.40,4.69,138880074,653419456.00
2019/07/18,4.65,4.87,4.61,4.81,119044214,567571904.00
2019/07/19,4.73,4.84,4.66,4.68,64885850,308056224.00
2019/07/22,4.62,4.75,4.41,4.68,108983661,502766528.00
2019/07/23,4.65,4.97,4.65,4.90,151604040,735087488.00
2019/07/24,4.92,5.27,4.91,5.20,259639093,1331596800.00
2019/07/25,5.16,5.33,5.10,5.17,183985230,958454464.00
2019/07/26,5.18,5.25,5.09,5.18,99771227,514363328.00
2019/07/29,5.24,5.47,5.24,5.43,186565297,1002049152.00
2019/07/30,5.38,5.48,5.31,5.36,105589793,568866176.00
2019/07/31,5.42,5.64,5.31,5.34,170348648,935373696.00
2019/08/01,5.28,5.54,5.22,5.50,147755109,802441856.00
2019/08/02,5.33,5.47,5.22,5.39,133979037,716337792.00
2019/08/05,5.32,5.55,5.30,5.41,106014125,575612672.00
2019/08/06,5.23,5.35,5.03,5.28,119126843,621374720.00
2019/08/07,5.34,5.37,5.06,5.09,78668716,406887072.00
2019/08/08,5.11,5.59,5.10,5.48,186016559,998524480.00
2019/08/09,5.55,5.58,5.30,5.37,137256520,746672640.00
2019/08/12,5.44,5.75,5.39,5.68,158000192,879008640.00
2019/08/13,5.60,5.70,5.53,5.67,106335296,597307776.00
2019/08/14,5.79,5.89,5.44,5.49,171224812,971484928.00
2019/08/15,5.31,5.68,5.26,5.63,131038474,720502208.00
2019/08/16,5.62,5.67,5.48,5.57,107335398,598022080.00
2019/08/19,5.61,5.83,5.47,5.79,142535938,810341504.00
2019/08/20,5.75,5.81,5.65,5.77,104617383,600250176.00
2019/08/21,5.74,5.77,5.50,5.67,110263223,620389440.00
2019/08/22,5.63,5.64,5.34,5.39,142621953,778908352.00
2019/08/23,5.35,5.43,5.12,5.21,124148807,649334592.00
2019/08/26,5.08,5.32,5.05,5.22,79954835,418164512.00
2019/08/27,5.27,5.37,5.23,5.31,67958483,360454592.00
2019/08/28,5.30,5.42,5.22,5.33,71198278,379898688.00
2019/08/29,5.31,5.60,5.25,5.50,134095287,738105088.00
2019/08/30,5.50,5.64,5.27,5.30,108536845,592259776.00
2019/09/02,5.35,5.51,5.25,5.50,104344113,560882304.00
2019/09/03,5.51,5.80,5.48,5.77,177570019,1002322240.00
2019/09/04,5.77,6.18,5.72,5.99,210181163,1248185728.00
2019/09/05,6.04,6.17,5.89,5.92,163888887,985017088.00
2019/09/06,5.98,6.12,5.90,6.00,118621783,712892800.00
2019/09/09,6.12,6.39,6.05,6.36,158850471,990164864.00
2019/09/10,6.36,6.39,6.15,6.25,121730689,759959616.00
2019/09/11,6.30,6.35,6.12,6.13,81215760,503985056.00
2019/09/12,6.19,6.21,6.08,6.11,66663937,409888736.00
2019/09/16,6.14,6.27,6.08,6.17,82555376,511363008.00
2019/09/17,6.14,6.15,5.85,5.91,102181583,609752576.00
2019/09/18,5.94,5.97,5.76,5.87,72570754,425533376.00
2019/09/19,5.97,6.09,5.83,6.05,91177841,546812992.00
2019/09/20,6.02,6.16,5.98,6.08,95298896,577370752.00
2019/09/23,6.07,6.25,5.98,6.20,123099404,754306944.00
2019/09/24,6.21,6.46,6.13,6.33,159115749,1002412800.00
2019/09/25,6.25,6.26,5.89,5.90,144499589,873223232.00
2019/09/26,5.91,5.94,5.54,5.57,98383151,560812480.00
2019/09/27,5.60,5.68,5.55,5.64,55292473,310701728.00
2019/09/30,5.64,5.65,5.45,5.45,46791805,258378864.00
2019/10/08,5.49,5.63,5.46,5.50,41988142,232826224.00
2019/10/09,5.45,5.59,5.35,5.56,40145370,221890672.00
2019/10/10,5.55,5.68,5.51,5.65,43907809,245414320.00
2019/10/11,5.67,5.67,5.48,5.54,46424454,257943040.00
2019/10/14,5.61,5.82,5.57,5.81,82734790,472527456.00
2019/10/15,5.71,5.71,5.41,5.44,107053643,590982272.00
2019/10/16,5.46,5.50,5.21,5.26,73539585,391993216.00
2019/10/17,5.25,5.30,5.14,5.19,50409601,262951184.00
2019/10/18,5.21,5.27,5.09,5.15,44245672,229113056.00
2019/10/21,5.13,5.21,5.01,5.20,38129404,195899568.00
2019/10/22,5.17,5.29,5.16,5.27,34190680,179134224.00
2019/10/23,5.25,5.31,5.17,5.18,31241369,163565056.00
2019/10/24,5.15,5.20,5.09,5.13,26227040,134624272.00
2019/10/25,5.13,5.24,5.06,5.22,35107506,180867504.00
2019/10/28,5.32,5.59,5.28,5.53,121895285,666013184.00
2019/10/29,5.51,5.55,5.30,5.30,83701120,453938304.00
2019/10/30,5.32,5.59,5.27,5.46,92582829,504668352.00
2019/10/31,5.41,5.55,5.38,5.45,60977055,333712640.00
2019/11/01,5.41,5.55,5.40,5.50,44858599,246375792.00
数据来源:通达信
