002507 涪陵榨菜 日线 前复权
      日期	    开盘	    最高	    最低	    收盘	    成交量	    成交额
2013/09/02,5.30,5.44,5.18,5.42,681262,20221800.00
2013/09/03,5.45,5.56,5.40,5.49,625298,19149260.00
2013/09/04,5.49,5.65,5.46,5.60,658633,20441910.00
2013/09/05,5.64,5.64,5.45,5.45,716999,21959682.00
2013/09/06,5.46,5.58,5.37,5.53,810676,24717464.00
2013/09/09,5.58,5.84,5.51,5.76,1739993,54904032.00
2013/09/10,5.77,6.40,5.77,6.38,3430945,118863448.00
2013/09/11,6.35,6.35,6.09,6.32,1404014,47888868.00
2013/09/12,6.34,6.58,6.04,6.05,1569299,54822548.00
2013/09/13,6.05,6.69,5.95,6.59,1506724,52409852.00
2013/09/16,6.58,7.19,6.43,6.86,2329048,87531152.00
2013/09/17,6.88,7.03,6.70,6.77,607929,22716462.00
2013/09/18,6.76,7.02,6.57,6.85,900861,33103604.00
2013/09/23,6.85,6.99,6.69,6.97,649002,24102724.00
2013/09/24,6.96,7.05,6.82,6.84,395033,14854018.00
2013/09/25,6.79,6.91,6.57,6.66,647243,23674042.00
2013/09/26,6.71,6.92,6.55,6.78,716308,26539966.00
2013/09/27,6.74,7.17,6.74,6.84,1349181,51351028.00
2013/09/30,6.81,7.38,6.71,7.38,1183786,46156396.00
2013/10/08,7.29,7.87,7.21,7.78,1045990,42820468.00
2013/10/09,7.75,7.78,7.44,7.54,1321440,54015128.00
2013/10/10,7.54,7.72,7.30,7.32,1468858,59510532.00
2013/10/11,7.34,7.55,7.21,7.54,853739,34091528.00
2013/10/14,7.52,7.58,7.33,7.58,922114,37076680.00
2013/10/15,7.53,7.63,7.39,7.52,932821,37999360.00
2013/10/16,7.51,7.54,7.02,7.17,850555,33344382.00
2013/10/17,7.17,7.31,7.03,7.08,937436,36095028.00
2013/10/18,7.02,7.28,7.02,7.09,341029,13260320.00
2013/10/21,7.16,7.55,7.04,7.54,1041804,41664044.00
2013/10/22,7.47,7.73,7.31,7.32,944442,38641976.00
2013/10/23,7.19,7.19,6.53,6.53,2797665,102893848.00
2013/10/24,6.35,6.65,6.27,6.39,1204973,42487896.00
2013/10/25,6.42,6.55,6.10,6.18,1030544,35690872.00
2013/10/28,6.17,6.30,5.90,6.28,1137715,38184560.00
2013/10/29,6.26,6.30,5.84,6.07,1470107,49457640.00
2013/10/30,6.08,6.29,5.99,6.26,915640,31209340.00
2013/10/31,6.25,6.27,5.92,6.19,1068679,35850052.00
2013/11/01,6.08,6.23,6.06,6.13,320248,10810456.00
2013/11/04,6.10,6.28,6.10,6.22,360394,12324223.00
2013/11/05,6.20,6.35,6.10,6.32,367955,12635774.00
2013/11/06,6.32,6.58,6.00,6.17,975072,34226756.00
2013/11/07,6.16,6.16,5.78,5.78,1050166,34267544.00
2013/11/08,5.77,5.98,5.57,5.81,859439,27059368.00
2013/11/11,5.78,6.04,5.73,5.94,426563,13912352.00
2013/11/12,5.93,6.16,5.93,6.01,412282,13764679.00
2013/11/13,5.99,6.05,5.84,5.86,263483,8662046.00
2013/11/14,5.84,6.12,5.84,6.05,429908,14211155.00
2013/11/15,6.05,6.33,6.00,6.20,716392,24546706.00
2013/11/18,6.23,6.51,6.22,6.44,982155,34310148.00
2013/11/19,6.42,6.52,6.37,6.45,543577,19155612.00
2013/11/20,6.48,6.58,6.43,6.57,558905,19869622.00
2013/11/21,6.54,6.54,6.37,6.41,350046,12333260.00
2013/11/22,6.41,6.41,6.23,6.30,474148,16374476.00
2013/11/25,6.26,6.45,6.17,6.32,444662,15349652.00
2013/11/26,6.34,6.65,6.32,6.39,977888,34843384.00
2013/11/27,6.39,6.51,6.37,6.49,415252,14673099.00
2013/11/28,6.50,6.65,6.44,6.49,728932,26082866.00
2013/11/29,6.50,6.83,6.50,6.79,1194168,43744384.00
2013/12/02,6.51,6.59,6.26,6.26,1008006,35406632.00
2013/12/03,6.18,6.40,6.18,6.39,864086,30060686.00
2013/12/04,6.38,6.80,6.30,6.71,1067167,38744520.00
2013/12/05,6.70,6.72,6.54,6.61,565873,20473606.00
2013/12/06,6.63,6.98,6.59,6.91,1026581,38385476.00
2013/12/09,6.92,7.19,6.91,6.96,839883,32105948.00
2013/12/10,6.97,7.13,6.79,7.03,665923,25075644.00
2013/12/11,7.03,7.10,6.91,6.93,525181,19949598.00
2013/12/12,6.91,6.99,6.79,6.92,500607,18795562.00
2013/12/13,6.92,6.95,6.69,6.77,761934,28261944.00
2013/12/16,6.74,6.91,6.67,6.79,553105,20497420.00
2013/12/17,6.74,6.84,6.50,6.61,660002,23894600.00
2013/12/18,6.61,6.69,6.48,6.55,424539,15222073.00
2013/12/19,6.55,6.65,6.49,6.56,517944,18578972.00
2013/12/20,6.54,6.57,6.18,6.46,466025,16481305.00
2013/12/23,6.43,6.43,6.22,6.33,337163,11688736.00
2013/12/24,6.35,6.62,6.33,6.58,566551,20257584.00
2013/12/25,6.58,6.86,6.51,6.84,714505,26352880.00
2013/12/26,6.84,7.24,6.79,6.85,945122,35481076.00
2013/12/27,6.85,7.07,6.73,7.06,671431,25418514.00
2013/12/30,7.06,7.13,6.93,7.08,1134971,43231572.00
2013/12/31,7.05,7.05,6.71,6.95,1237878,46124160.00
2014/01/02,6.88,6.91,6.79,6.85,291627,10900435.00
2014/01/03,6.85,6.92,6.83,6.87,611753,22842820.00
2014/01/06,6.86,6.88,6.62,6.65,576965,21171620.00
2014/01/07,6.61,6.81,6.49,6.59,571501,20615562.00
2014/01/08,6.64,6.72,6.55,6.66,816277,29513440.00
2014/01/09,6.60,6.74,6.59,6.60,427589,15544873.00
2014/01/10,6.64,6.64,6.35,6.59,848945,30032238.00
2014/01/13,6.59,6.59,6.44,6.53,263784,9381544.00
2014/01/14,6.53,6.73,6.49,6.71,584222,21044932.00
2014/01/15,6.70,6.73,6.65,6.65,464693,16934894.00
2014/01/16,6.66,6.66,6.39,6.42,1010142,35878888.00
2014/01/17,6.39,6.48,6.35,6.42,296419,10428189.00
2014/01/20,5.71,5.71,5.71,5.71,570800,18060170.00
2014/01/21,5.35,5.48,5.18,5.44,3607565,107163600.00
2014/01/22,5.36,5.54,5.28,5.53,2246311,67903632.00
2014/01/23,5.56,5.56,5.44,5.48,1435942,43860412.00
2014/01/24,5.49,5.81,5.41,5.79,1845739,56798792.00
2014/01/27,5.69,5.94,5.61,5.74,1105904,35279652.00
2014/01/28,5.74,5.86,5.65,5.85,1138340,36229896.00
2014/01/29,5.90,5.92,5.80,5.87,1030871,33322826.00
2014/01/30,5.87,5.91,5.79,5.85,425525,13775310.00
2014/02/07,5.78,5.78,5.58,5.75,533784,16879440.00
2014/02/10,5.75,6.16,5.73,6.13,937596,30913708.00
2014/02/11,6.09,6.14,5.96,6.00,799652,26584796.00
2014/02/12,5.98,6.21,5.88,6.14,1156535,38298412.00
2014/02/13,6.09,6.14,5.93,5.93,791332,26219968.00
2014/02/14,5.93,6.03,5.89,5.97,677184,22296922.00
2014/02/17,5.98,6.06,5.81,5.86,1633212,53353076.00
2014/02/18,5.89,5.90,5.72,5.78,869611,27995202.00
2014/02/19,5.78,5.79,5.49,5.56,2180328,67813432.00
2014/02/20,5.56,5.68,5.49,5.56,953142,29613320.00
2014/02/21,5.56,5.78,5.56,5.68,1624459,51254060.00
2014/02/24,5.66,5.74,5.55,5.73,656780,20577368.00
2014/02/25,5.78,5.96,5.73,5.81,1750948,56916180.00
2014/02/26,5.94,6.01,5.78,5.96,1356886,44358488.00
2014/02/27,5.90,5.98,5.48,5.49,1197321,38058388.00
2014/02/28,5.49,5.66,5.27,5.57,645826,19592946.00
2014/03/03,5.57,5.66,5.38,5.48,780946,23977996.00
2014/03/04,5.44,5.55,5.38,5.55,618011,18873012.00
2014/03/05,5.55,5.69,5.50,5.68,540633,16801316.00
2014/03/06,5.69,5.69,5.56,5.60,371314,11546456.00
2014/03/07,5.60,5.66,5.38,5.53,459496,14156328.00
2014/03/10,5.47,5.57,5.40,5.43,449863,13742693.00
2014/03/11,5.43,5.76,5.42,5.60,869057,27060890.00
2014/03/12,5.60,5.65,5.49,5.54,356678,10995746.00
2014/03/13,5.54,5.60,5.49,5.54,248430,7661953.00
2014/03/14,5.54,5.58,5.43,5.57,237933,7325790.50
2014/03/17,5.57,5.68,5.52,5.65,341439,10661908.00
2014/03/18,5.69,5.69,5.54,5.60,385346,11970844.00
2014/03/19,5.63,5.63,5.40,5.45,595124,18089846.00
2014/03/20,5.46,5.48,5.38,5.41,539188,16291287.00
2014/03/21,5.40,5.45,5.18,5.44,557591,16687456.00
2014/03/24,5.44,5.62,5.18,5.55,639387,19494154.00
2014/03/25,5.50,5.50,5.29,5.40,622966,18729594.00
2014/03/26,5.40,5.44,5.35,5.40,218321,6567052.00
2014/03/27,5.42,5.43,5.38,5.40,262368,7900275.00
2014/03/28,5.42,5.43,5.30,5.31,304275,9104662.00
2014/03/31,5.29,5.55,5.18,5.38,333071,10047581.00
2014/04/01,5.42,5.84,5.33,5.72,1284030,40308448.00
2014/04/02,5.78,5.85,5.72,5.73,606273,19398864.00
2014/04/03,5.74,5.82,5.70,5.70,427242,13615880.00
2014/04/04,5.75,5.75,5.62,5.68,287214,9042678.00
2014/04/08,5.68,6.01,5.68,5.98,963670,31505556.00
2014/04/09,5.98,6.12,5.92,5.97,588338,19513880.00
2014/04/10,5.94,6.03,5.86,5.95,413123,13501373.00
2014/04/11,5.97,6.20,5.88,6.13,999101,33702280.00
2014/04/14,6.14,6.35,6.07,6.10,702884,23967768.00
2014/04/15,6.11,6.16,5.93,5.97,375191,12416159.00
2014/04/16,5.97,6.04,5.82,5.90,378914,12369577.00
2014/04/17,5.90,5.97,5.84,5.89,206543,6737308.00
2014/04/18,5.87,5.96,5.84,5.92,207500,6788742.00
2014/04/21,5.88,6.10,5.88,5.93,296886,9845958.00
2014/04/22,5.98,5.98,5.73,5.94,462706,14857497.00
2014/04/23,5.92,5.92,5.78,5.80,207141,6672074.50
2014/04/24,5.76,5.83,5.76,5.82,164558,5280389.00
2014/04/25,5.84,5.84,5.61,5.70,164294,5219236.00
2014/04/28,5.70,5.70,5.38,5.42,362974,11007033.00
2014/04/29,5.39,5.47,5.29,5.45,294087,8806673.00
2014/04/30,5.45,5.52,5.42,5.46,214247,6503398.50
2014/05/05,5.42,5.48,5.33,5.46,472801,14190520.00
2014/05/06,5.41,5.58,5.39,5.53,266398,8188370.00
2014/05/07,5.50,5.57,5.44,5.51,238259,7319834.50
2014/05/08,5.51,5.61,5.49,5.53,168295,5204776.50
2014/05/09,5.62,5.62,5.29,5.34,488888,14649829.00
2014/05/12,5.42,5.64,5.35,5.62,537663,16492865.00
2014/05/13,5.60,5.63,5.57,5.63,214252,6673876.50
2014/05/14,5.63,5.63,5.56,5.56,196490,6092423.50
2014/05/15,5.59,5.69,5.52,5.53,188840,5877830.00
2014/05/16,5.53,5.62,5.34,5.44,403329,12216887.00
2014/05/19,5.40,5.62,5.35,5.61,212534,6464483.50
2014/05/20,5.64,5.73,5.54,5.57,246903,7714353.00
2014/05/21,5.55,5.60,5.48,5.55,176767,5440212.00
2014/05/22,5.56,5.62,5.44,5.47,359745,11050677.00
2014/05/23,5.50,5.53,5.42,5.52,221394,6736408.50
2014/05/26,5.52,5.64,5.47,5.63,419904,13016913.00
2014/05/27,5.64,5.88,5.64,5.83,545713,17448754.00
2014/05/28,5.86,5.89,5.75,5.84,229464,7365834.50
2014/05/29,5.84,5.86,5.68,5.68,281779,8954192.00
2014/05/30,5.69,5.77,5.68,5.72,145619,4612118.50
2014/06/03,5.72,5.80,5.64,5.66,349717,11149002.00
2014/06/04,5.66,5.81,5.64,5.77,442341,14065969.00
2014/06/05,5.81,5.89,5.73,5.78,521688,16750861.00
2014/06/06,5.74,5.84,5.71,5.79,378560,12106354.00
2014/06/09,5.76,5.81,5.75,5.79,149793,4793542.00
2014/06/10,5.80,5.86,5.78,5.82,292386,9399297.00
2014/06/11,5.84,5.85,5.77,5.80,224879,7209580.00
2014/06/12,5.78,5.79,5.70,5.73,485932,15428205.00
2014/06/13,5.76,5.84,5.73,5.80,467966,15005517.00
2014/06/16,5.84,5.84,5.74,5.77,410458,13124690.00
2014/06/17,5.78,5.80,5.64,5.70,449893,14243214.00
2014/06/18,5.69,5.69,5.56,5.58,615741,19137004.00
2014/06/19,5.55,5.61,5.46,5.54,280928,8651281.00
2014/06/20,5.43,5.68,5.43,5.62,417693,12962709.00
2014/06/23,5.59,5.72,5.59,5.68,370689,11661990.00
2014/06/24,5.68,5.70,5.58,5.64,288738,9057484.00
2014/06/25,5.65,5.74,5.64,5.72,283325,8944926.00
2014/06/26,5.73,5.78,5.70,5.71,382357,12137251.00
2014/06/27,5.69,5.70,5.56,5.59,526334,16398871.00
2014/06/30,5.53,5.64,5.52,5.60,460435,14310848.00
2014/07/01,5.60,5.60,5.52,5.56,452183,13971239.00
2014/07/02,5.55,5.62,5.51,5.62,721633,22349824.00
2014/07/03,5.62,5.69,5.55,5.62,1026820,32033848.00
2014/07/04,5.62,5.65,5.55,5.60,583073,18045856.00
2014/07/07,5.58,5.61,5.54,5.55,680579,21022970.00
2014/07/08,5.52,5.58,5.51,5.56,329631,10174753.00
2014/07/09,5.60,5.60,5.52,5.52,391400,12046102.00
2014/07/10,5.55,5.56,5.17,5.17,2224335,50545988.00
2014/07/11,5.19,5.32,5.16,5.22,1077660,24087842.00
2014/07/14,5.26,5.32,5.20,5.27,854238,19122570.00
2014/07/15,5.27,5.43,5.24,5.40,937069,21182670.00
2014/07/16,5.37,5.40,5.27,5.32,701067,15948317.00
2014/07/17,5.35,5.35,5.22,5.34,483903,10883680.00
2014/07/18,5.33,5.35,5.26,5.26,554492,12562788.00
2014/07/21,5.26,5.32,5.12,5.20,1003030,22291540.00
2014/07/22,5.16,5.19,4.98,5.10,2719177,58753288.00
2014/07/23,5.06,5.08,4.99,5.01,1017663,21899172.00
2014/07/24,5.03,5.09,4.97,5.08,1273947,27553918.00
2014/07/25,5.10,5.10,5.02,5.06,944129,20427816.00
2014/07/28,5.07,5.18,5.07,5.17,1215516,26692710.00
2014/07/29,5.17,5.25,5.14,5.21,892086,19799840.00
2014/07/30,5.21,5.30,5.21,5.28,992355,22245076.00
2014/07/31,5.28,5.55,5.23,5.49,1838274,42439552.00
2014/08/01,5.44,5.53,5.40,5.45,1254866,29124036.00
2014/08/04,5.47,5.52,5.41,5.45,1581984,36674348.00
2014/08/05,5.49,5.51,5.44,5.51,1031538,23984770.00
2014/08/06,5.49,5.50,5.41,5.49,673900,15666339.00
2014/08/07,5.49,5.51,5.42,5.43,753388,17497638.00
2014/08/08,5.40,5.48,5.29,5.40,880907,20270468.00
2014/08/11,5.40,5.47,5.35,5.45,825196,19073282.00
2014/08/12,5.46,5.58,5.43,5.58,1237144,28967936.00
2014/08/13,5.57,5.65,5.49,5.57,1113158,26307306.00
2014/08/14,5.53,5.62,5.49,5.51,754732,17798812.00
2014/08/15,5.51,5.54,5.40,5.53,825543,19323516.00
2014/08/18,5.53,5.62,5.53,5.60,968665,22927164.00
2014/08/19,5.60,5.62,5.53,5.61,850123,20150982.00
2014/08/20,5.61,5.92,5.61,5.80,2280569,56157560.00
2014/08/21,5.80,5.83,5.67,5.72,1165288,28199470.00
2014/08/22,5.72,5.78,5.69,5.77,632193,15357261.00
2014/08/25,5.77,5.84,5.72,5.79,992047,24252776.00
2014/08/26,5.79,5.79,5.59,5.60,1258261,30242052.00
2014/08/27,5.56,5.65,5.49,5.64,807473,19134672.00
2014/08/28,5.59,5.73,5.58,5.73,967319,23238498.00
2014/08/29,5.72,6.00,5.72,5.90,1612031,40101076.00
2014/09/01,5.90,5.96,5.79,5.92,1220116,30415934.00
2014/09/02,5.93,6.13,5.90,6.08,1720072,43850344.00
2014/09/03,6.09,6.09,6.00,6.05,913864,23223264.00
2014/09/04,6.03,6.08,5.99,6.03,703555,17872914.00
2014/09/05,6.07,6.07,5.98,6.07,914320,23208708.00
2014/09/09,6.07,6.07,5.96,6.01,1349554,34098968.00
2014/09/10,5.97,5.98,5.89,5.96,1606385,40196956.00
2014/09/11,5.98,6.07,5.96,6.06,1626872,41178584.00
2014/09/12,6.06,6.26,6.02,6.18,1701151,43899528.00
2014/09/15,6.23,6.36,6.14,6.36,1750521,46160400.00
2014/09/16,6.36,6.39,6.22,6.37,2029679,53874432.00
2014/09/17,6.34,6.36,6.18,6.30,1146106,30154436.00
2014/09/18,6.26,6.34,6.21,6.26,488357,12862072.00
2014/09/19,6.26,6.46,6.26,6.43,896630,23990574.00
2014/09/22,6.43,6.47,6.32,6.39,668064,17864988.00
2014/09/23,6.42,6.46,6.34,6.44,922048,24811030.00
2014/09/24,6.45,6.45,6.34,6.44,993242,26600324.00
2014/09/25,6.44,6.44,6.36,6.42,865238,23166142.00
2014/09/26,6.41,6.43,6.21,6.28,1080753,28494902.00
2014/09/29,6.27,6.31,6.17,6.23,1238121,32459404.00
2014/09/30,6.23,6.34,6.21,6.34,992230,26219606.00
2014/10/08,6.34,6.51,6.34,6.39,2976582,80163864.00
2014/10/09,6.34,6.41,6.28,6.33,1174052,31210736.00
2014/10/10,6.29,6.36,6.11,6.21,1609294,42051640.00
2014/10/13,6.20,6.62,6.06,6.61,3134963,83199416.00
2014/10/14,6.54,6.84,6.52,6.76,4135049,115466120.00
2014/10/15,6.70,6.83,6.63,6.74,1271938,35775332.00
2014/10/16,6.66,6.91,6.66,6.70,1090016,30867578.00
2014/10/17,6.65,7.19,6.63,7.04,1609927,45992540.00
2014/10/20,7.05,7.05,6.82,6.92,1223765,35211560.00
2014/10/21,6.87,6.92,6.67,6.70,965121,27169060.00
2014/10/22,6.71,6.89,6.60,6.69,550552,15484400.00
2014/10/23,6.60,6.71,6.41,6.53,795814,21697938.00
2014/10/24,6.51,6.57,6.42,6.46,670976,18206970.00
2014/10/27,6.28,6.32,6.06,6.32,2369878,61526364.00
2014/10/28,6.29,6.43,6.23,6.41,1021486,27202540.00
2014/10/29,6.42,6.42,6.29,6.39,1872735,50035956.00
2014/10/30,6.41,6.46,6.29,6.32,2242817,60307084.00
2014/10/31,6.33,6.36,6.17,6.21,1462347,38279620.00
2014/11/03,6.22,6.35,6.22,6.35,1353685,35729808.00
2014/11/04,6.36,6.40,6.06,6.18,2518402,65444024.00
2014/11/05,6.18,6.18,6.08,6.14,898240,23137876.00
2014/11/06,6.15,6.38,6.15,6.36,1426328,37674524.00
2014/11/07,6.37,6.41,6.21,6.21,769200,20304404.00
2014/11/10,6.23,6.26,6.07,6.16,970745,25048396.00
2014/11/11,6.16,6.16,5.79,6.08,2228901,56183376.00
2014/11/12,6.05,6.25,5.91,6.21,1671461,43143732.00
2014/11/13,6.20,6.41,6.16,6.35,3134380,83205336.00
2014/11/14,6.31,6.43,6.29,6.40,1080264,28819592.00
2014/11/17,6.40,6.66,6.26,6.65,2342595,63879284.00
2014/11/18,6.68,6.78,6.52,6.68,1888959,52631396.00
2014/11/19,6.65,6.76,6.55,6.69,819697,22770408.00
2014/11/20,6.64,6.87,6.18,6.78,4135760,113188240.00
2014/11/21,6.65,7.10,6.59,7.10,3020610,85688376.00
2014/11/24,7.05,7.14,6.88,7.12,2048975,59477732.00
2014/11/25,7.04,7.04,6.83,6.85,1681651,48203080.00
2014/11/26,6.76,6.83,6.58,6.66,1266797,35483084.00
2014/11/27,6.65,6.93,6.63,6.88,2228691,63491532.00
2014/11/28,6.87,7.06,6.68,7.01,1644844,47540084.00
2014/12/01,7.01,7.01,6.66,6.73,1641113,46200504.00
2014/12/02,6.75,6.84,6.67,6.72,831934,23467062.00
2014/12/03,6.77,7.34,6.48,7.24,4115506,117503424.00
2014/12/04,7.12,7.27,7.08,7.26,1490003,44307592.00
2014/12/05,7.23,7.27,6.73,7.05,1659460,48499268.00
2014/12/08,6.85,7.04,6.79,6.91,1186460,34127528.00
2014/12/09,6.81,7.10,6.44,6.55,2969577,82346256.00
2014/12/10,6.55,6.67,6.53,6.57,1602148,44117212.00
2014/12/11,6.57,6.81,6.53,6.62,1690383,46949796.00
2014/12/12,6.63,6.83,6.45,6.78,2581342,71601392.00
2014/12/15,6.65,7.01,6.65,7.00,2041111,57821304.00
2014/12/16,6.91,7.18,6.86,7.17,2010463,59040024.00
2014/12/17,6.97,7.11,6.77,6.99,1314260,38139604.00
2014/12/18,6.89,7.06,6.89,6.90,1263479,36802656.00
2014/12/19,6.84,6.97,6.60,6.91,1314050,37167116.00
2015/03/23,7.66,7.66,7.66,7.66,65145,2063793.63
2015/03/24,8.49,8.49,7.66,7.88,17442658,569182272.00
2015/03/25,7.87,7.92,7.71,7.80,4931867,158923344.00
2015/03/26,7.79,8.14,7.67,7.71,5445012,176062688.00
2015/03/27,7.74,7.83,7.70,7.73,2941652,94248872.00
2015/03/30,7.89,7.90,7.48,7.57,4732772,149697952.00
2015/03/31,7.49,7.68,7.49,7.64,3046074,95686944.00
2015/04/01,7.64,7.78,7.57,7.75,3883180,123100352.00
2015/04/02,7.75,7.85,7.70,7.83,5086824,163661712.00
2015/04/03,7.77,7.88,7.68,7.71,6382159,204591472.00
2015/04/07,7.74,7.83,7.52,7.82,9154100,289601888.00
2015/04/08,7.82,7.82,7.48,7.64,7140290,225301584.00
2015/04/09,7.61,7.62,7.36,7.55,4421945,137548480.00
2015/04/10,7.53,7.75,7.48,7.73,4598497,145905824.00
2015/04/13,7.77,8.02,7.76,7.81,8647719,280506368.00
2015/04/14,7.80,7.93,7.55,7.62,5424829,173379712.00
2015/04/15,7.60,7.64,7.25,7.29,5403529,166585216.00
2015/04/16,7.23,7.49,7.07,7.46,4219093,128218760.00
2015/04/17,7.54,7.68,7.43,7.49,5828773,182701904.00
2015/04/20,7.43,7.56,7.20,7.22,5392730,164709264.00
2015/04/21,7.24,7.42,7.24,7.41,3129832,95352968.00
2015/04/22,7.42,7.74,7.42,7.62,4795060,151064800.00
2015/04/23,7.60,7.87,7.60,7.84,5824575,186942464.00
2015/04/24,7.77,7.93,7.62,7.79,4795630,153926304.00
2015/04/27,7.88,8.01,7.61,7.96,10342179,332744224.00
2015/04/28,7.91,8.17,7.89,8.11,11135538,369556224.00
2015/04/29,8.03,8.17,7.97,8.02,5783799,191947872.00
2015/04/30,8.02,8.08,7.79,7.90,4419674,144426976.00
2015/05/04,7.88,8.23,7.81,8.20,5823469,192034032.00
2015/05/05,8.20,8.23,7.75,7.75,3726151,122430240.00
2015/05/06,7.77,7.88,7.41,7.44,3444797,109360656.00
2015/05/07,7.45,7.47,6.97,7.24,2840530,85702736.00
2015/05/08,7.28,7.42,7.25,7.39,3862796,117358952.00
2015/05/11,7.46,7.61,7.46,7.60,3570140,111521208.00
2015/05/12,7.62,7.72,7.54,7.65,3357189,105736640.00
2015/05/13,7.58,7.77,7.48,7.64,3685059,116283288.00
2015/05/14,7.64,7.72,7.51,7.62,3183191,100355808.00
2015/05/15,7.64,8.42,7.41,8.19,11162174,362276160.00
2015/05/18,8.16,8.92,8.08,8.77,13382087,472101888.00
2015/05/19,8.61,8.74,8.40,8.62,7092992,248762896.00
2015/05/20,8.60,9.02,8.53,8.65,6882158,247845152.00
2015/05/21,8.79,8.89,8.56,8.75,4722894,168368832.00
2015/05/22,8.84,8.93,8.56,8.89,6227558,223583392.00
2015/05/25,8.77,9.09,8.67,8.95,6032937,220814336.00
2015/05/26,9.00,9.44,8.89,9.35,5741606,216068368.00
2015/05/27,9.35,10.08,9.01,9.93,8441010,327147744.00
2015/05/28,9.91,10.45,9.08,9.27,6849540,275355328.00
2015/05/29,9.31,9.70,8.76,9.30,9941215,380549696.00
2015/06/01,9.35,10.29,9.34,10.29,5974900,244658000.00
2015/06/02,10.87,11.13,10.35,10.78,7074143,305506560.00
2015/06/03,10.78,11.91,10.57,11.91,6469033,289657952.00
2015/06/04,11.91,11.91,10.74,11.26,4395080,201384928.00
2015/06/05,11.39,12.28,11.39,12.15,6978101,334658240.00
2015/06/08,12.12,13.42,11.65,12.67,7809141,394820000.00
2015/06/09,12.49,12.68,11.95,12.57,3807303,187961104.00
2015/06/10,12.25,12.43,11.86,12.41,3131803,154138688.00
2015/06/11,12.17,12.42,11.90,12.19,3058630,148844720.00
2015/06/12,12.30,12.91,12.04,12.31,3518049,176324416.00
2015/06/15,12.19,12.85,12.13,12.20,3043188,152855888.00
2015/06/16,12.01,12.18,11.18,11.28,3923064,181492624.00
2015/06/17,11.40,11.78,10.39,11.58,3606040,163650672.00
2015/06/18,11.63,11.81,10.99,11.13,2182269,99862616.00
2015/06/19,11.09,11.46,10.36,10.43,2470736,109390968.00
2015/06/23,10.45,10.98,9.88,10.68,2926301,124562760.00
2015/06/24,10.92,11.07,10.50,10.90,2935191,128221808.00
2015/06/25,10.82,10.82,10.29,10.43,2295390,98696464.00
2015/06/26,10.22,10.69,9.33,9.81,5108910,205481536.00
2015/06/29,10.09,10.40,8.77,9.47,4570675,176484048.00
2015/06/30,9.06,10.47,8.46,10.40,4926031,190816576.00
2015/07/01,10.33,10.51,9.58,9.83,2721075,112645240.00
2015/07/02,9.65,9.91,8.87,8.92,3643047,138625600.00
2015/07/03,8.52,9.01,7.97,7.97,6680823,139298384.00
2015/07/06,8.61,8.77,7.12,7.26,6671781,130486288.00
2015/07/07,7.15,7.43,6.47,6.47,7334437,129348704.00
2015/07/08,5.77,7.14,5.77,6.59,14178341,233878368.00
2015/07/09,6.48,7.30,6.21,7.30,4966933,90828240.00
2015/07/10,7.98,8.09,7.45,8.09,2984382,61722764.00
2015/07/13,8.75,8.96,8.57,8.96,12036863,271311200.00
2015/07/14,9.24,9.74,8.40,9.11,15157436,348439136.00
2015/07/15,8.49,8.77,8.14,8.14,4878426,104699368.00
2015/07/16,8.14,8.60,7.27,8.07,5236138,107779888.00
2015/07/17,8.07,8.61,8.07,8.48,5355412,114171312.00
2015/07/20,8.54,8.98,8.34,8.59,5242141,115315824.00
2015/07/21,8.19,8.81,8.19,8.54,3894235,85510584.00
2015/07/22,8.59,8.73,8.19,8.39,4913898,106133576.00
2015/07/23,8.26,9.00,8.23,9.00,6970223,152887888.00
2015/07/24,9.04,9.23,8.55,8.82,9000203,206982560.00
2015/07/27,8.54,8.94,7.88,7.88,5609424,120284064.00
2015/07/28,7.07,8.54,7.04,7.27,7484122,142298464.00
2015/07/29,7.35,7.62,6.95,7.61,4523175,85873944.00
2015/07/30,7.57,7.85,7.19,7.30,4342258,85622592.00
2015/07/31,7.09,7.39,7.02,7.12,3272248,60826788.00
2015/08/03,7.07,7.07,6.48,6.74,3315574,58287780.00
2015/08/04,6.77,7.47,6.77,7.40,4538953,83758944.00
2015/08/05,7.40,7.86,7.25,7.77,5415981,104687240.00
2015/08/06,7.56,7.75,7.39,7.54,2334448,45622052.00
2015/08/07,7.54,7.86,7.54,7.79,3233541,64318088.00
2015/08/10,7.89,8.32,7.77,8.24,6316829,131106616.00
2015/08/11,8.24,8.55,8.17,8.26,5111636,109281280.00
2015/08/12,8.19,8.42,8.02,8.07,2804244,59083664.00
2015/08/20,8.77,8.77,7.69,7.85,9255116,197110176.00
2015/08/21,7.57,7.58,7.01,7.01,6439174,119647496.00
2015/08/24,6.43,6.57,6.25,6.25,5533880,91205104.00
2015/08/25,5.71,5.93,5.57,5.57,5770778,86200304.00
2015/08/26,5.89,6.02,5.39,5.64,4443091,67392488.00
2015/08/27,5.93,6.26,5.73,6.26,4887970,77397736.00
2015/08/28,6.40,6.93,6.32,6.84,3264844,55801100.00
2015/08/31,6.73,7.21,6.19,6.77,3747788,64922060.00
2015/09/01,6.51,6.60,6.03,6.09,2369292,38751868.00
2015/09/02,5.85,6.31,5.65,5.87,2050138,31947004.00
2015/09/07,5.77,6.44,5.77,6.36,3807910,61847924.00
2015/09/08,6.36,6.60,6.11,6.54,2464388,40775108.00
2015/09/09,6.53,6.94,6.43,6.63,3968064,68737744.00
2015/09/10,6.52,6.63,6.36,6.37,1820068,30829482.00
2015/09/11,6.31,6.51,6.23,6.32,1335644,22161356.00
2015/09/14,6.44,6.50,5.69,5.74,2206125,34988992.00
2015/09/15,5.74,5.81,5.36,5.39,1737642,25458608.00
2015/09/16,5.38,5.96,5.37,5.94,1999460,29624868.00
2015/09/17,5.84,6.34,5.71,6.06,3113853,49360420.00
2015/09/18,6.04,6.23,5.94,6.17,1955953,31230880.00
2015/09/21,6.12,6.69,5.98,6.59,2311642,38639984.00
2015/09/22,6.63,6.67,6.52,6.59,1936903,33254732.00
2015/09/23,6.47,6.69,6.29,6.62,1681245,28763814.00
2015/09/24,6.65,6.73,6.44,6.51,1299711,22205702.00
2015/09/25,6.51,6.55,6.06,6.09,1553523,25616906.00
2015/09/28,6.07,6.23,5.96,6.19,2869939,46144696.00
2015/09/29,6.17,6.52,6.07,6.38,2716342,44695704.00
2015/09/30,6.34,6.37,6.11,6.21,1545004,25130006.00
2015/10/08,6.40,6.89,6.32,6.89,5847570,103371640.00
2015/10/09,7.02,7.10,6.74,6.84,2833325,50758504.00
2015/10/12,6.86,7.25,6.82,7.14,3707791,67899920.00
2015/10/13,7.06,7.29,6.94,7.18,2252140,41581744.00
2015/10/14,7.18,7.20,6.82,6.95,1833427,33189452.00
2015/10/15,6.95,7.27,6.95,7.12,2265208,41442496.00
2015/10/16,7.19,7.27,6.97,7.14,2838357,52237112.00
2015/10/19,7.14,7.17,6.82,6.90,3132997,56793940.00
2015/10/20,6.90,7.03,6.77,7.03,3257619,58562692.00
2015/10/21,7.07,7.27,6.61,6.65,5453765,99417824.00
2015/10/22,6.65,6.92,6.62,6.91,2665437,46803284.00
2015/10/23,7.06,7.38,6.94,7.24,4142992,76940400.00
2015/10/26,7.32,7.40,6.98,7.23,5366376,100033304.00
2015/10/27,7.22,7.55,7.02,7.40,4463336,83789928.00
2015/10/28,7.38,7.62,7.12,7.19,3116228,59529836.00
2015/10/29,7.19,7.29,7.06,7.21,1690632,31444276.00
2015/10/30,7.20,7.32,6.99,7.30,2444460,45559204.00
2015/11/02,7.27,7.54,7.07,7.27,4339464,82308880.00
2015/11/03,7.24,7.33,7.17,7.20,2567497,48176304.00
2015/11/04,7.23,7.59,7.19,7.52,5937978,113664800.00
2015/11/05,7.51,7.61,7.36,7.44,4166679,80272544.00
2015/11/06,7.42,7.66,7.42,7.56,6075175,118552368.00
2015/11/09,7.55,7.70,7.48,7.67,5568633,108904392.00
2015/11/10,7.62,7.67,7.52,7.58,3348930,65473808.00
2015/11/11,7.55,7.61,7.34,7.57,4675422,90507008.00
2015/11/12,7.56,7.57,7.29,7.34,7441379,141862240.00
2015/11/13,7.27,7.31,7.06,7.11,3845151,71283144.00
2015/11/16,6.99,7.27,6.97,7.27,3137035,57668628.00
2015/11/17,7.27,7.57,7.27,7.36,5061055,96776880.00
2015/11/18,7.36,7.42,7.17,7.19,2087618,39541264.00
2015/11/19,7.21,7.44,7.17,7.43,1840734,34575300.00
2015/11/20,7.37,7.97,6.75,7.93,12083678,236986656.00
2015/11/23,7.77,8.35,7.77,8.19,15890041,330881408.00
2015/11/24,8.07,8.23,7.76,7.93,11617000,235096720.00
2015/11/25,7.84,7.90,7.72,7.87,7204722,144855504.00
2015/11/26,7.91,7.92,7.66,7.72,6035976,120699928.00
2015/11/27,7.67,7.84,6.98,7.32,7669400,149039232.00
2015/11/30,7.13,7.47,6.77,7.10,6286851,115565280.00
2015/12/01,7.11,7.34,6.93,7.19,6156829,112958912.00
2015/12/02,7.18,7.22,6.94,7.07,4515060,82408304.00
2015/12/03,7.08,7.22,7.02,7.19,3845251,71203496.00
2015/12/04,7.18,7.29,7.13,7.23,4746345,88705920.00
2015/12/07,7.28,7.31,7.06,7.19,4563975,84861448.00
2015/12/08,7.19,7.19,6.92,6.94,5186677,94461584.00
2015/12/09,6.90,6.99,6.90,6.94,2778729,50031684.00
2015/12/10,6.94,7.02,6.90,6.91,2201400,39618420.00
2015/12/11,6.89,6.91,6.67,6.77,2506677,44337368.00
2015/12/14,6.70,6.99,6.65,6.99,2254255,40141956.00
2015/12/15,7.02,7.12,6.92,7.06,2942180,53670780.00
2015/12/16,7.07,7.29,6.99,7.20,4091609,75654520.00
2015/12/17,7.19,7.36,7.19,7.32,4967865,93533432.00
2015/12/18,7.31,7.33,7.19,7.22,2654402,49631080.00
2015/12/21,7.20,7.91,7.19,7.69,10687118,210357440.00
2015/12/22,7.69,7.77,7.45,7.55,6702208,131235848.00
2015/12/23,7.54,7.76,7.46,7.48,5703035,111457160.00
2015/12/24,7.49,7.55,7.24,7.39,3531623,67387536.00
2015/12/25,7.40,7.48,7.36,7.43,2585896,49615696.00
2015/12/28,7.50,7.72,7.44,7.65,7229458,141879744.00
2015/12/29,7.69,7.73,7.34,7.53,4362384,83980312.00
2015/12/30,7.48,7.58,7.44,7.47,3450998,66683152.00
2015/12/31,7.50,7.50,7.26,7.26,3784784,72162512.00
2016/01/04,7.16,7.22,6.50,6.51,3312530,58941480.00
2016/01/05,6.19,6.62,6.07,6.38,6638076,110128560.00
2016/01/06,6.44,6.76,6.31,6.64,5418167,92043944.00
2016/01/07,6.52,6.52,6.05,6.07,914800,15014129.00
2016/01/08,6.24,6.34,6.00,6.19,4918642,79833536.00
2016/01/11,6.19,6.25,5.82,5.89,4848162,76281288.00
2016/01/12,5.90,6.06,5.82,5.96,2416507,37801576.00
2016/01/13,6.02,6.23,5.86,5.87,2693003,42940924.00
2016/01/14,5.84,6.11,5.69,6.11,2661820,41335848.00
2016/01/15,6.07,6.35,5.94,6.19,3962709,63548252.00
2016/01/18,6.07,6.31,5.91,6.21,2216218,35703424.00
2016/01/19,6.22,6.59,6.12,6.44,3895691,64473156.00
2016/01/20,6.36,6.40,6.15,6.24,2997415,49295824.00
2016/01/21,6.12,6.27,5.96,5.97,1964718,31621848.00
2016/01/22,6.02,6.13,5.89,6.08,1939337,30598498.00
2016/01/25,6.11,6.20,6.07,6.12,1439254,23116776.00
2016/01/26,6.07,6.09,5.57,5.73,3283008,50447880.00
2016/01/27,5.86,5.98,5.61,5.84,3027954,45952568.00
2016/01/28,5.81,5.84,5.57,5.73,1533783,23032224.00
2016/01/29,5.68,5.90,5.61,5.79,2928133,44479548.00
2016/02/01,5.85,5.85,5.65,5.70,2465556,37208360.00
2016/02/02,5.70,5.85,5.70,5.82,1967442,30044860.00
2016/02/03,5.76,5.79,5.66,5.74,1191468,17952754.00
2016/02/04,5.77,5.88,5.76,5.86,1867243,28598726.00
2016/02/05,5.86,5.94,5.84,5.84,1801748,27856026.00
2016/02/15,5.65,5.75,5.57,5.73,1433854,21388612.00
2016/02/16,5.72,6.06,5.72,5.98,2864790,44632016.00
2016/02/17,5.98,6.09,5.85,5.99,2702155,42176668.00
2016/02/18,6.02,6.07,5.90,5.94,2000510,31325928.00
2016/02/19,5.86,5.94,5.84,5.91,2108900,32618240.00
2016/02/22,6.02,6.44,6.02,6.30,6389122,103682280.00
2016/02/23,6.25,6.34,6.11,6.31,4347330,70805656.00
2016/02/24,6.42,6.51,6.27,6.41,4973939,83132424.00
2016/02/25,6.36,6.40,5.82,5.87,4211709,67437576.00
2016/02/26,6.02,6.02,5.69,5.85,2180813,33761348.00
2016/02/29,5.82,5.90,5.44,5.67,2934164,43638168.00
2016/03/01,5.69,5.82,5.61,5.75,1424790,21423736.00
2016/03/02,5.75,6.06,5.74,6.02,2446166,38176700.00
2016/03/03,6.02,6.13,5.94,5.97,2322729,36643560.00
2016/03/04,5.94,5.94,5.53,5.67,3026152,45872564.00
2016/03/07,5.66,5.94,5.66,5.85,3150166,48404508.00
2016/03/08,5.85,6.13,5.68,6.10,4133233,64936656.00
2016/03/09,6.00,6.26,5.94,5.97,3013342,48020288.00
2016/03/10,5.91,6.15,5.90,5.95,2518624,39749768.00
2016/03/11,5.89,5.93,5.73,5.84,1314514,20161712.00
2016/03/14,5.88,6.21,5.88,6.07,3816412,60901492.00
2016/03/15,6.10,6.10,5.97,6.01,2153187,34036664.00
2016/03/16,6.06,6.10,5.87,5.94,1295771,20291826.00
2016/03/17,5.98,6.11,5.94,6.09,2181527,34638332.00
2016/03/18,6.09,6.39,6.03,6.39,8420778,137529824.00
2016/03/21,6.42,6.59,6.36,6.50,9981376,168586864.00
2016/03/22,6.48,6.57,6.43,6.47,4235620,71788992.00
2016/03/23,6.43,6.57,6.43,6.49,2491773,42155648.00
2016/03/24,6.46,6.47,6.32,6.34,2718933,45354620.00
2016/03/25,6.42,6.43,6.32,6.38,1826662,30369776.00
2016/03/28,6.40,6.75,6.40,6.69,15154955,261932736.00
2016/06/15,6.16,7.40,6.16,6.75,18569466,199607808.00
2016/06/16,6.79,7.12,6.73,7.12,13892729,153015408.00
2016/06/17,7.04,7.28,6.87,6.93,10244816,115807888.00
2016/06/20,6.86,7.25,6.74,7.20,9938292,111950232.00
2016/06/21,7.12,7.39,7.00,7.12,5757678,65986136.00
2016/06/22,7.16,7.34,7.06,7.28,5976602,69274912.00
2016/06/23,7.28,7.36,7.08,7.12,4579153,52640080.00
2016/06/24,7.12,7.24,6.88,7.05,4288588,48764808.00
2016/06/27,7.00,7.29,6.99,7.27,5096867,58952692.00
2016/06/28,7.26,7.35,7.18,7.31,3362018,38971744.00
2016/06/29,7.32,7.36,7.20,7.24,2661341,30887724.00
2016/06/30,7.29,7.68,7.21,7.55,5842453,69160992.00
2016/07/01,7.55,7.58,7.36,7.46,4214314,50303632.00
2016/07/04,7.39,7.74,7.35,7.56,4628217,56149076.00
2016/07/05,7.56,7.76,7.48,7.60,4745646,57447008.00
2016/07/06,7.60,7.76,7.53,7.72,7157227,87158488.00
2016/07/07,7.78,8.25,7.72,7.83,13746125,173045456.00
2016/07/08,7.84,8.09,7.76,7.86,11601068,146264672.00
2016/07/11,8.01,8.02,7.69,7.86,14132848,176353104.00
2016/07/12,7.84,7.94,7.66,7.92,8783567,109043536.00
2016/07/13,7.89,7.98,7.71,7.72,9634208,119980840.00
2016/07/14,7.74,7.79,7.39,7.48,10618899,127916176.00
2016/07/15,7.49,7.66,7.47,7.60,6401656,77476400.00
2016/07/18,7.58,7.89,7.57,7.78,7035559,86855728.00
2016/07/19,7.78,7.82,7.60,7.70,3399436,41559836.00
2016/07/20,7.70,7.79,7.64,7.72,3230929,39734460.00
2016/07/21,7.74,7.87,7.66,7.82,4327016,53555640.00
2016/07/22,7.79,7.85,7.57,7.60,5598011,68331816.00
2016/07/25,7.60,7.72,7.56,7.65,3178643,38743148.00
2016/07/26,7.69,7.96,7.66,7.91,5658186,70444384.00
2016/07/27,7.94,7.99,7.54,7.77,7428064,92143376.00
2016/07/28,7.74,8.21,7.71,8.16,10603468,135426016.00
2016/07/29,8.09,8.36,8.00,8.07,7681433,99743760.00
2016/08/01,8.16,8.18,7.58,7.84,7237070,90412424.00
2016/08/02,7.79,8.02,7.76,8.01,4000620,50225376.00
2016/08/03,7.96,8.59,7.96,8.43,10829973,142797040.00
2016/08/04,8.38,8.68,8.19,8.32,11341433,151852912.00
2016/08/05,8.29,8.96,8.29,8.84,13247061,180827616.00
2016/08/08,8.77,9.10,8.59,8.84,12017862,168239888.00
2016/08/09,8.96,8.96,8.67,8.84,7881638,109550456.00
2016/08/10,8.80,8.87,8.55,8.64,8980661,123071048.00
2016/08/11,8.59,8.76,8.49,8.60,6376583,86989256.00
2016/08/12,8.58,8.59,8.29,8.53,6974318,93304360.00
2016/08/15,8.53,8.73,8.44,8.67,6371504,86779184.00
2016/08/16,8.68,9.09,8.64,8.99,10046738,141549616.00
2016/08/17,9.06,9.12,8.76,8.79,7971948,112272912.00
2016/08/18,8.79,8.99,8.61,8.69,6791297,94112856.00
2016/08/19,8.71,8.89,8.60,8.84,5034644,70033728.00
2016/08/22,8.86,8.92,8.73,8.85,5160310,71992856.00
2016/08/23,8.78,8.91,8.57,8.68,4070355,56216576.00
2016/08/24,8.68,8.76,8.62,8.64,3800403,52205240.00
2016/08/25,8.52,8.78,8.30,8.74,7555085,101529256.00
2016/08/26,8.77,8.82,8.59,8.64,5071832,69984008.00
2016/08/29,8.64,8.64,8.46,8.50,3359134,45301980.00
2016/08/30,8.50,8.65,8.48,8.52,2805289,38047336.00
2016/08/31,8.58,8.59,8.44,8.46,3411970,45788156.00
2016/09/01,8.52,8.56,8.44,8.45,2381877,32017494.00
2016/09/02,8.44,8.46,8.19,8.36,7142764,93796968.00
2016/09/05,8.31,8.44,8.26,8.40,3497892,46373432.00
2016/09/06,8.36,8.53,8.35,8.49,4040143,54063476.00
2016/09/07,8.49,8.54,8.44,8.44,3487549,46929680.00
2016/09/08,8.48,8.56,8.42,8.46,2674663,35925828.00
2016/09/09,8.44,8.50,8.26,8.38,3382923,44838232.00
2016/09/12,8.26,8.30,8.07,8.12,2808678,36363536.00
2016/09/13,8.12,8.17,7.90,7.99,5421023,68736112.00
2016/09/14,7.98,8.04,7.86,8.02,2322202,29464364.00
2016/09/19,8.01,8.29,8.00,8.28,3542845,46008168.00
2016/09/20,8.27,8.32,8.16,8.24,1696781,22213126.00
2016/09/21,8.28,8.29,8.20,8.24,1188157,15552286.00
2016/09/22,8.30,8.34,8.24,8.32,1716287,22594750.00
2016/09/23,8.32,8.33,8.18,8.21,1866392,24380772.00
2016/09/26,8.20,8.20,7.98,8.04,2634074,33765296.00
2016/09/27,7.94,8.13,7.94,8.13,2194727,28092084.00
2016/09/28,8.11,8.17,8.06,8.12,1504646,19395934.00
2016/09/29,8.12,8.51,8.11,8.48,5440361,72308128.00
2016/09/30,8.50,8.59,8.40,8.48,4498546,60510440.00
2016/10/10,8.52,8.77,8.49,8.77,5368977,73616752.00
2016/10/11,8.76,8.80,8.69,8.78,2650143,36713700.00
2016/10/12,8.73,8.95,8.72,8.78,2973117,41518008.00
2016/10/13,8.78,8.81,8.62,8.72,1825952,25120666.00
2016/10/14,8.70,8.88,8.62,8.79,2561313,35462260.00
2016/10/17,8.76,8.92,8.66,8.67,3089606,43026432.00
2016/10/18,8.66,8.92,8.66,8.89,3503168,48993396.00
2016/10/19,8.92,9.02,8.78,8.89,3765404,53096092.00
2016/10/20,8.88,8.98,8.80,8.88,2163848,30435972.00
2016/10/21,8.88,8.88,8.61,8.74,3347645,46149868.00
2016/10/24,8.71,8.82,8.66,8.74,3073206,42425708.00
2016/10/25,8.79,8.84,8.70,8.72,2508044,34725040.00
2016/10/26,8.85,9.54,8.80,9.21,9346741,135434944.00
2016/10/27,9.19,9.30,9.03,9.16,6581761,95169728.00
2016/10/28,9.12,9.50,9.09,9.39,6806574,100071272.00
2016/10/31,9.34,9.71,9.27,9.40,7989035,119321904.00
2016/11/01,9.39,9.50,9.20,9.34,8509170,124809016.00
2016/11/02,9.38,9.42,9.19,9.42,5426093,79660112.00
2016/11/03,9.36,9.70,9.30,9.41,6040501,90164264.00
2016/11/04,9.42,9.62,9.34,9.45,4808363,71916792.00
2016/11/07,9.45,9.52,9.16,9.32,6778199,99422976.00
2016/11/08,9.32,9.44,9.16,9.21,7281866,106252080.00
2016/11/09,9.20,9.32,9.09,9.18,4432684,64510856.00
2016/11/10,9.26,9.34,9.12,9.28,4911092,71468952.00
2016/11/11,9.26,9.26,8.99,9.04,4887906,70384688.00
2016/11/14,9.05,9.16,8.72,8.85,8894627,125168504.00
2016/11/15,8.82,9.01,8.82,8.92,5984726,84417608.00
2016/11/16,8.92,9.00,8.89,8.91,4150720,58539056.00
2016/11/17,8.90,9.04,8.84,8.92,4762047,67317688.00
2016/11/18,8.90,9.26,8.90,9.18,6575328,94468488.00
2016/11/21,9.20,9.24,8.76,8.92,9584390,135408816.00
2016/11/22,8.86,9.02,8.86,8.94,5927041,83731600.00
2016/11/23,8.96,8.99,8.90,8.92,2528631,35689392.00
2016/11/24,8.92,8.96,8.86,8.88,4010584,56416052.00
2016/11/25,8.86,8.92,8.81,8.83,6172595,86390816.00
2016/11/28,8.84,8.84,8.62,8.64,7019672,97304112.00
2016/11/29,8.64,8.88,8.62,8.74,5353892,74229784.00
2016/11/30,8.68,8.86,8.66,8.79,2570094,35698928.00
2016/12/01,8.78,8.86,8.73,8.86,5879278,81894496.00
2016/12/02,8.86,8.86,8.65,8.66,4795882,66462740.00
2016/12/05,8.60,8.90,8.56,8.89,4431124,61557824.00
2016/12/06,8.90,9.04,8.80,8.93,3574286,50331536.00
2016/12/07,8.92,9.14,8.87,8.94,5677941,80739840.00
2016/12/08,8.95,9.02,8.77,8.82,5147715,72277352.00
2016/12/09,8.82,8.96,8.78,8.94,3712537,52096432.00
2016/12/12,8.92,8.92,8.39,8.69,6255138,85255208.00
2016/12/13,8.64,8.70,8.49,8.62,3015599,40954168.00
2016/12/14,8.58,8.62,8.32,8.46,2704898,36321996.00
2016/12/15,8.40,8.48,8.19,8.24,3917702,51678484.00
2016/12/16,8.23,8.38,8.14,8.36,3286745,43148796.00
2016/12/19,8.35,8.38,8.28,8.32,1453991,19209660.00
2016/12/20,8.31,8.35,8.20,8.26,2043582,26762164.00
2016/12/21,8.29,8.42,8.28,8.35,2737594,36238804.00
2016/12/22,8.32,8.40,8.28,8.38,1518660,20080222.00
2016/12/23,8.37,8.42,8.20,8.30,2243160,29570972.00
2016/12/26,8.19,8.49,8.13,8.40,2538997,33334106.00
2016/12/27,8.37,8.65,8.37,8.58,3609242,48818492.00
2016/12/28,8.58,8.66,8.42,8.58,3153071,42776076.00
2016/12/29,8.52,8.59,8.26,8.36,3112674,41453100.00
2016/12/30,8.36,8.46,8.33,8.44,2953983,39350780.00
2017/01/03,8.48,8.52,8.36,8.42,2892679,38606108.00
2017/01/04,8.42,8.60,8.39,8.55,3847529,51889828.00
2017/01/05,8.54,8.77,8.54,8.62,3977377,54470228.00
2017/01/06,8.56,8.66,8.51,8.55,2678877,36393856.00
2017/01/09,8.53,8.77,8.53,8.77,2998184,41346308.00
2017/01/10,8.72,8.76,8.62,8.62,2665900,36587888.00
2017/01/11,8.60,8.69,8.46,8.46,1883462,25487404.00
2017/01/12,8.46,8.51,8.35,8.46,1796129,23986912.00
2017/01/13,8.49,8.52,8.36,8.36,1183433,15745250.00
2017/01/16,8.38,8.38,7.99,8.14,3988243,51812700.00
2017/01/17,8.08,8.33,7.98,8.26,2159232,28051780.00
2017/01/18,8.26,8.29,8.20,8.26,1524949,19954110.00
2017/01/19,8.24,8.27,8.16,8.21,1650886,21530342.00
2017/01/20,8.22,8.46,8.16,8.44,3191293,42234072.00
2017/01/23,8.81,9.33,8.75,9.02,11679637,166494144.00
2017/01/24,9.00,9.11,8.85,9.02,5160051,73100600.00
2017/01/25,8.92,9.12,8.88,8.97,3002382,42729848.00
2017/01/26,8.93,9.15,8.92,9.03,2463337,35231380.00
2017/02/03,9.06,9.36,9.06,9.24,4715120,68694816.00
2017/02/06,9.24,9.29,9.00,9.14,4344096,62740736.00
2017/02/07,9.14,9.51,9.14,9.39,8557412,126453952.00
2017/02/08,9.32,9.46,9.20,9.39,5872812,86460808.00
2017/02/09,9.36,9.47,9.26,9.38,2575413,37934012.00
2017/02/10,9.35,9.43,9.22,9.24,3024585,44428976.00
2017/02/13,9.20,9.59,9.20,9.56,6050648,90302560.00
2017/02/14,9.53,9.69,9.44,9.51,3479884,52390244.00
2017/02/15,9.73,10.06,9.46,9.58,7494167,114751576.00
2017/02/16,9.60,9.95,9.52,9.92,6971488,107745440.00
2017/02/17,9.86,9.95,9.66,9.74,4254309,65363552.00
2017/02/20,9.72,10.21,9.72,10.15,9492164,150182560.00
2017/02/21,10.10,10.25,10.00,10.19,4606977,73345512.00
2017/02/22,10.19,10.66,10.14,10.43,9604267,157448944.00
2017/02/23,10.43,10.43,10.14,10.17,6076080,97924864.00
2017/02/24,10.30,10.32,9.99,10.10,4602277,72953552.00
2017/02/27,10.12,10.14,9.65,9.74,8738346,135420784.00
2017/02/28,9.76,9.90,9.74,9.84,5063869,78284416.00
2017/03/01,9.85,9.96,9.72,9.75,6206474,96262064.00
2017/03/02,9.82,10.02,9.77,9.81,6468234,100431432.00
2017/03/03,9.88,9.98,9.75,9.80,6244413,96826224.00
2017/03/06,9.76,10.03,9.66,9.97,8248470,126862520.00
2017/03/07,9.90,9.95,9.77,9.90,6170511,95597648.00
2017/03/08,9.86,9.90,9.69,9.83,6328243,97365696.00
2017/03/09,9.84,9.85,9.59,9.76,7660164,117057632.00
2017/03/10,9.72,10.06,9.70,9.98,4913901,76460904.00
2017/03/13,9.96,10.22,9.90,10.10,6120405,96952392.00
2017/03/14,10.12,10.22,9.99,10.04,5050644,80074584.00
2017/03/15,10.02,10.02,9.81,9.92,2984301,46540412.00
2017/03/16,9.98,10.12,9.93,10.08,3805822,59992832.00
2017/03/17,10.05,10.17,9.96,10.05,3415948,53994812.00
2017/03/20,10.04,10.40,9.99,10.39,6486546,104554720.00
2017/03/21,10.39,10.52,10.32,10.50,4083344,66865280.00
2017/03/22,10.47,10.59,10.16,10.39,5809438,94129296.00
2017/03/23,10.33,10.38,10.18,10.27,6402830,103014488.00
2017/03/24,10.26,10.30,10.07,10.24,5415279,86408744.00
2017/03/27,10.19,10.30,9.98,10.24,6537048,104131264.00
2017/03/28,10.23,10.23,10.00,10.06,4271826,67614848.00
2017/03/29,10.08,10.11,9.80,9.83,4641329,72394200.00
2017/03/30,9.81,9.96,9.60,9.78,7658585,117562328.00
2017/03/31,9.79,10.06,9.79,10.01,8044022,125657896.00
2017/04/05,10.14,10.32,10.06,10.22,6741532,107817344.00
2017/04/06,10.19,10.22,10.08,10.22,2649030,42211804.00
2017/04/07,10.32,10.49,10.16,10.23,4156382,67055684.00
2017/04/10,10.25,10.36,10.04,10.05,4613332,73756152.00
2017/04/11,10.12,10.28,9.78,10.11,6433166,101496752.00
2017/04/12,10.02,10.46,10.00,10.34,5614865,90778824.00
2017/04/13,10.39,10.69,10.32,10.48,7029565,115364384.00
2017/04/14,10.50,10.56,10.19,10.28,3866195,62638116.00
2017/04/17,10.23,10.64,10.19,10.63,5243445,85581344.00
2017/04/18,10.58,11.31,10.56,10.91,12138514,207953984.00
2017/04/19,10.92,11.52,10.79,11.46,8965953,155987312.00
2017/04/20,11.38,11.61,11.19,11.34,9980172,177414112.00
2017/04/21,11.32,11.50,11.14,11.50,6248510,110346136.00
2017/04/24,11.25,11.25,10.30,11.06,13657150,233612368.00
2017/04/25,10.97,11.07,10.69,11.02,6967859,118601544.00
2017/04/26,10.94,11.37,10.86,11.14,6255738,108979248.00
2017/04/27,11.01,11.09,10.68,10.92,7206844,122455032.00
2017/04/28,10.92,10.96,10.56,10.80,7352724,123378168.00
2017/05/02,10.70,10.92,10.65,10.80,4525282,76241568.00
2017/05/03,10.74,10.91,10.68,10.82,2516794,42687868.00
2017/05/04,10.82,10.90,10.66,10.66,3621924,61315640.00
2017/05/05,10.59,10.90,10.38,10.89,6395217,106555032.00
2017/05/08,10.80,10.81,10.40,10.54,4379608,72741072.00
2017/05/09,10.39,10.56,10.28,10.54,2808574,45934096.00
2017/05/10,10.51,10.68,10.46,10.46,2208760,36613244.00
2017/05/11,10.39,10.72,10.06,10.52,5319880,85912936.00
2017/05/12,10.46,10.66,10.34,10.49,1883904,30992320.00
2017/05/15,10.51,10.70,10.47,10.56,3969814,65783336.00
2017/05/16,10.49,10.96,10.38,10.90,5362744,89803952.00
2017/05/17,10.83,10.98,10.70,10.80,3245214,54891360.00
2017/05/18,10.72,10.90,10.66,10.78,2843084,48098848.00
2017/05/19,10.78,10.85,10.62,10.69,2610767,43750260.00
2017/05/22,10.69,10.92,10.62,10.71,3501869,59095976.00
2017/05/23,10.64,10.77,10.52,10.60,3144586,52514448.00
2017/05/24,10.57,10.61,10.30,10.52,5206830,85504328.00
2017/05/25,10.44,10.58,10.32,10.52,3783871,61980000.00
2017/05/26,10.55,10.87,10.52,10.59,4399189,48860456.00
2017/05/31,10.66,10.73,10.49,10.52,5251080,57826484.00
2017/06/01,10.49,10.52,10.09,10.29,6100089,65594076.00
2017/06/02,10.09,10.09,9.52,9.97,18495073,188726400.00
2017/06/05,9.94,10.05,9.84,9.98,5448071,56494992.00
2017/06/06,9.95,10.37,9.95,10.25,6513972,69335096.00
2017/06/07,10.19,10.65,10.19,10.59,6724281,73605760.00
2017/06/08,10.65,11.11,10.64,11.09,11078749,125402184.00
2017/06/09,11.19,11.49,10.85,11.17,8291192,96336792.00
2017/06/12,11.12,11.69,11.12,11.18,9750799,113692872.00
2017/06/13,11.14,11.48,11.14,11.28,4816070,56537492.00
2017/06/14,10.89,11.03,10.75,10.81,14545088,163569296.00
2017/06/15,10.77,11.09,10.77,10.94,6371810,72409200.00
2017/06/16,10.94,11.08,10.61,10.77,6355683,71092536.00
2017/06/19,10.73,10.81,10.66,10.80,4462704,49864816.00
2017/06/20,10.82,10.86,10.54,10.67,8844041,97899376.00
2017/06/21,10.65,10.69,10.54,10.58,3797766,41760528.00
2017/06/22,10.63,10.63,10.30,10.30,8144955,88292856.00
2017/06/23,10.25,10.51,10.24,10.50,8741181,94283792.00
2017/06/26,10.47,10.91,10.47,10.90,8929554,99443720.00
2017/06/27,10.95,11.05,10.76,10.89,7031931,79343008.00
2017/06/28,10.87,10.91,10.74,10.86,3984924,44796308.00
2017/06/29,10.86,11.00,10.80,10.97,3370355,38256292.00
2017/06/30,10.90,11.09,10.79,10.83,4647499,52691144.00
2017/07/03,10.88,10.93,10.71,10.92,3476271,38936232.00
2017/07/04,10.89,10.89,10.71,10.74,3522058,39432480.00
2017/07/05,10.67,10.84,10.62,10.83,3046991,34037264.00
2017/07/06,10.75,10.83,10.63,10.72,4195183,46608176.00
2017/07/07,10.63,10.72,10.50,10.54,3724393,40895348.00
2017/07/10,10.47,10.65,10.47,10.56,2967303,32558336.00
2017/07/11,10.56,10.61,10.43,10.49,4439528,48549348.00
2017/07/12,10.49,10.55,10.35,10.41,3466385,37532332.00
2017/07/13,10.39,10.52,10.34,10.39,3208749,34792156.00
2017/07/14,10.34,10.46,10.30,10.45,2699915,29150228.00
2017/07/17,10.46,10.49,10.11,10.18,5193146,55493940.00
2017/07/18,10.17,10.32,9.94,10.19,5959104,62799028.00
2017/07/19,10.12,10.30,10.01,10.29,6322438,66916904.00
2017/07/20,10.24,10.46,10.19,10.38,4427140,47694148.00
2017/07/21,10.38,10.46,10.26,10.34,4431445,47654340.00
2017/07/24,10.34,10.52,10.13,10.49,4553713,48713028.00
2017/07/25,10.43,10.88,10.40,10.67,7920019,87986744.00
2017/07/26,10.60,10.87,10.57,10.62,3132037,34780232.00
2017/07/27,10.67,10.80,10.45,10.80,4277825,47228440.00
2017/07/28,11.59,11.92,11.56,11.92,20014277,246133120.00
2017/07/31,12.09,12.73,11.79,12.49,43456446,550274432.00
2017/08/01,12.25,13.42,12.22,13.11,30948497,409590912.00
2017/08/02,12.94,13.11,12.64,12.86,16774724,222914000.00
2017/08/03,12.79,13.18,12.64,12.82,13461950,178987312.00
2017/08/04,12.76,12.92,12.39,12.64,15525012,201748384.00
2017/08/07,12.41,12.67,12.30,12.65,10974371,141655568.00
2017/08/08,12.56,12.83,12.51,12.67,8212530,107525816.00
2017/08/09,12.63,13.75,12.53,13.47,20899750,287959840.00
2017/08/10,13.32,13.85,13.15,13.54,16023458,224608224.00
2017/08/11,13.39,13.85,13.19,13.39,12183103,169476096.00
2017/08/14,13.29,13.92,13.25,13.56,14555883,204176528.00
2017/08/15,13.34,13.65,13.19,13.58,10703506,148306672.00
2017/08/16,13.52,13.71,13.29,13.62,8459954,117783680.00
2017/08/17,13.51,13.61,13.10,13.15,10813814,148441584.00
2017/08/18,13.02,13.25,12.85,13.22,8995489,121143864.00
2017/08/21,13.11,13.26,12.69,12.84,13998341,185600096.00
2017/08/22,12.92,12.99,12.78,12.96,7490552,99677008.00
2017/08/23,12.97,13.45,12.92,13.16,9990333,136396064.00
2017/08/24,13.10,13.46,12.89,12.94,6179753,83881768.00
2017/08/25,12.95,13.34,12.85,13.12,4785504,64775048.00
2017/08/28,13.16,13.40,13.16,13.23,4463162,61129272.00
2017/08/29,13.19,13.19,12.85,12.99,6260202,83931080.00
2017/08/30,12.99,13.07,12.87,13.03,4705545,62879560.00
2017/08/31,12.97,13.11,12.87,13.05,3431999,46075256.00
2017/09/01,13.05,13.46,12.97,13.39,6946897,95190632.00
2017/09/04,13.39,13.39,12.99,13.20,5973038,80993192.00
2017/09/05,13.19,13.23,13.05,13.19,3351125,45414824.00
2017/09/06,13.14,13.22,12.98,13.01,3464210,46732396.00
2017/09/07,13.09,13.32,12.97,13.01,6065586,81967840.00
2017/09/08,12.96,13.06,12.72,12.94,8318678,110505288.00
2017/09/11,12.93,13.02,12.76,13.00,6217069,82639184.00
2017/09/12,12.98,12.98,12.44,12.64,13741329,179432464.00
2017/09/13,12.63,12.96,12.50,12.96,9473507,125068392.00
2017/09/14,12.89,12.94,12.75,12.79,5329493,70639728.00
2017/09/15,12.83,13.25,12.75,13.19,8047330,108182080.00
2017/09/18,13.34,14.16,13.21,14.16,14739124,207758752.00
2017/09/19,14.17,14.31,13.77,14.00,8899872,127780872.00
2017/09/20,13.89,14.01,13.68,13.79,7544260,107458728.00
2017/09/21,13.80,13.97,13.64,13.89,5300855,75337952.00
2017/09/22,13.77,13.85,13.49,13.69,5320255,74682344.00
2017/09/25,13.62,13.96,13.50,13.67,5049334,71586632.00
2017/09/26,13.63,13.81,13.52,13.77,4246533,59768832.00
2017/09/27,13.75,13.87,13.65,13.83,2595864,36811232.00
2017/09/28,13.83,14.33,13.56,13.91,8259164,119312256.00
2017/09/29,13.89,14.77,13.76,14.46,11580324,172019968.00
2017/10/09,14.48,15.09,14.24,14.91,8818923,133511296.00
2017/10/10,14.92,15.14,14.59,14.69,6533841,99412056.00
2017/10/11,14.76,15.14,14.50,14.69,7107351,107991232.00
2017/10/12,14.64,14.69,14.29,14.54,5292381,78532864.00
2017/10/13,14.54,14.67,14.40,14.66,4331146,64854500.00
2017/10/16,14.71,14.84,14.44,14.53,4239968,63779940.00
2017/10/17,14.49,14.78,14.47,14.59,3589120,53913892.00
2017/10/18,14.54,14.89,14.51,14.87,5327002,80798624.00
2017/10/19,14.87,15.39,14.72,15.28,10484470,162305056.00
2017/10/20,15.34,15.76,14.99,15.50,8733223,138328336.00
2017/10/23,15.49,15.90,15.32,15.83,6968052,112132288.00
2017/10/24,15.89,16.03,15.60,15.77,7886409,127259576.00
2017/10/25,15.89,16.59,15.86,16.43,14763515,247287280.00
2017/10/26,16.49,17.79,16.44,16.74,15592074,271419584.00
2017/10/27,16.74,17.24,16.36,16.87,11788872,202379616.00
2017/10/30,16.86,17.39,16.33,17.10,12807049,221138832.00
2017/10/31,17.07,17.07,16.35,16.67,12913512,219636304.00
2017/11/01,16.59,16.72,16.29,16.42,8205210,138620704.00
2017/11/02,16.37,16.70,16.00,16.55,10964733,183486656.00
2017/11/03,16.54,16.73,16.15,16.23,9068585,152108800.00
2017/11/06,16.17,17.05,16.13,17.04,13011508,222931472.00
2017/11/07,16.97,17.65,16.61,16.83,15187555,265997664.00
2017/11/08,16.70,16.88,16.30,16.44,8841021,150655792.00
2017/11/09,16.45,16.86,16.18,16.85,10362990,175195824.00
2017/11/10,16.69,17.55,16.41,17.55,16048694,280988032.00
2017/11/13,17.59,17.76,17.18,17.20,13887369,247993632.00
2017/11/14,17.27,17.50,16.99,17.12,9514197,167187232.00
2017/11/15,17.05,17.49,16.57,16.86,8561273,148941536.00
2017/11/16,16.89,17.69,16.65,17.58,12686399,224273408.00
2017/11/17,17.38,17.84,16.97,17.09,11355458,202411280.00
2017/11/20,16.88,16.97,16.19,16.79,11029140,188706736.00
2017/11/21,16.83,18.51,16.82,18.51,23821997,432679200.00
2017/11/22,18.58,18.71,17.87,18.04,22865546,426300288.00
2017/11/23,17.96,18.31,17.10,17.22,17967951,324892992.00
2017/11/24,17.06,17.36,16.68,16.95,15490281,269029280.00
2017/11/27,16.35,16.71,15.59,16.01,15013471,249669104.00
2017/11/28,16.02,16.52,15.97,16.29,8073175,134344752.00
2017/11/29,16.30,16.59,16.04,16.19,7129946,118818384.00
2017/11/30,16.19,16.29,15.74,15.87,7276490,119422848.00
2017/12/01,15.84,16.76,15.79,16.36,10133626,170402640.00
2018/03/29,16.56,18.04,16.49,18.04,55902502,1009202304.00
2018/03/30,18.27,19.77,18.04,18.89,35667615,683728832.00
2018/04/02,19.72,20.14,19.36,19.73,32558669,655021440.00
2018/04/03,19.48,21.74,19.07,21.37,27481714,578795520.00
2018/04/04,21.29,22.09,20.49,20.59,15064654,327633056.00
2018/04/09,21.02,21.24,20.30,20.94,10262009,217119360.00
2018/04/10,20.89,22.15,20.48,21.84,12582782,275337088.00
2018/04/11,21.50,23.44,21.49,22.89,12991281,298211104.00
2018/04/12,22.87,23.07,22.15,22.59,8809102,202241120.00
2018/04/13,22.45,22.73,21.36,21.39,12779808,285598208.00
2018/04/16,21.39,21.79,21.22,21.36,9382333,205417584.00
2018/04/17,21.53,22.14,20.87,21.04,11840667,261028224.00
2018/04/18,21.41,22.09,20.90,21.94,14134617,309567808.00
2018/04/19,21.72,23.05,21.51,22.49,12858002,293391264.00
2018/04/20,22.59,22.59,21.74,22.06,5339498,119778640.00
2018/04/23,21.78,21.85,21.07,21.09,10611034,232044432.00
2018/04/24,21.23,21.93,21.20,21.61,10783142,236173312.00
2018/04/25,21.55,21.78,21.29,21.45,7997861,175401216.00
2018/04/26,21.45,21.86,20.99,21.24,7535737,164759248.00
2018/04/27,21.32,21.89,21.32,21.89,7304596,160406688.00
2018/05/02,21.99,23.72,21.89,23.55,12350011,286085824.00
2018/05/03,23.49,23.58,22.79,23.36,7717090,182471776.00
2018/05/04,23.13,24.53,22.92,23.59,7812735,189100000.00
2018/05/07,23.59,24.49,23.24,23.87,6534378,158565472.00
2018/05/08,23.64,25.14,23.62,24.69,8155986,203882032.00
2018/05/09,24.67,25.12,24.17,24.41,6798761,168823152.00
2018/05/10,24.34,24.69,24.09,24.52,5093658,126500352.00
2018/05/11,24.54,25.59,24.44,25.02,8405762,214393648.00
2018/05/14,25.18,25.59,24.51,25.59,6547328,167471536.00
2018/05/15,25.71,26.78,25.14,26.09,13984277,366257088.00
2018/05/16,25.67,26.67,25.52,26.40,8293186,220670336.00
2018/05/17,26.44,26.44,24.79,24.94,12448743,320888768.00
2018/05/18,24.69,25.12,24.60,24.88,10866066,274662176.00
2018/05/21,24.75,25.47,24.69,25.08,6858204,174550656.00
2018/05/22,25.09,25.52,24.39,25.21,7560801,192059408.00
2018/05/23,25.21,25.71,24.69,24.99,6875974,175723344.00
2018/05/24,24.72,25.35,24.72,24.95,5317118,135283744.00
2018/05/25,24.95,25.27,24.41,24.88,8367063,211361872.00
2018/05/28,24.98,25.29,24.70,25.00,7264675,185010096.00
2018/05/29,24.94,26.14,24.94,25.19,14715529,384897376.00
2018/05/30,24.69,25.95,23.40,25.59,12379377,316721888.00
2018/05/31,25.70,27.79,25.70,27.39,18872938,516518400.00
2018/06/01,27.36,27.36,25.54,26.21,14164352,379607360.00
2018/06/04,26.13,26.88,25.61,26.82,10551505,282031296.00
2018/06/05,26.82,27.09,26.17,26.97,9201553,249132272.00
2018/06/06,26.88,27.97,26.62,27.68,9624680,267137184.00
2018/06/07,27.59,27.86,27.08,27.69,7539077,209971632.00
2018/06/08,27.59,27.79,27.26,27.44,4784952,133316272.00
2018/06/11,27.09,27.52,26.05,26.49,14773992,400166912.00
2018/06/12,26.44,27.16,26.19,26.86,8644190,234889488.00
2018/06/13,26.89,27.03,26.06,26.44,7021538,188167104.00
2018/06/14,26.26,26.50,25.10,25.49,9028367,234421472.00
2018/06/15,25.18,25.69,24.59,25.00,11036738,279169664.00
2018/06/19,24.75,24.94,22.62,23.24,11651889,282229568.00
2018/06/20,23.40,24.89,23.40,24.59,13886110,340804992.00
2018/06/21,24.64,25.56,24.35,24.74,9501377,239477648.00
2018/06/22,24.53,25.23,23.74,24.99,6990667,175041296.00
2018/06/25,25.09,26.22,25.04,26.02,10088788,263400864.00
2018/06/26,25.52,26.81,25.46,26.04,10459607,275993280.00
2018/06/27,25.94,26.13,24.95,25.59,8502778,218636208.00
2018/06/28,25.04,25.84,24.82,25.03,8369968,212823056.00
2018/06/29,24.83,25.58,24.47,25.42,5070826,128881968.00
2018/07/02,25.39,26.40,25.17,25.58,8619147,224938832.00
2018/07/03,25.74,26.09,23.94,25.53,10584220,268459424.00
2018/07/04,25.34,25.43,24.92,24.97,3972199,100769080.00
2018/07/05,25.00,25.34,23.57,23.60,8500571,209089264.00
2018/07/06,23.64,24.42,23.44,24.01,9085815,220650752.00
2018/07/09,24.09,26.30,24.01,26.30,12423601,320207968.00
2018/07/10,26.25,26.72,25.99,26.64,8768520,233946240.00
2018/07/11,26.14,27.44,25.62,27.04,10254994,277927200.00
2018/07/12,26.98,29.44,26.90,29.02,13769719,398384800.00
2018/07/13,28.87,29.46,28.45,29.46,8468700,247747200.00
2018/07/16,29.24,29.72,28.74,29.51,6805947,201073056.00
2018/07/17,29.50,29.51,27.53,28.05,12798882,362849024.00
2018/07/18,28.04,28.59,27.75,28.22,7620068,216678416.00
2018/07/19,28.00,28.28,27.27,27.56,7365731,205560464.00
2018/07/20,27.56,28.11,27.49,27.99,5570975,156718224.00
2018/07/23,27.82,27.82,26.25,26.98,11648180,314679488.00
2018/07/24,26.55,27.29,25.84,27.16,13283131,356730976.00
2018/07/25,27.02,27.72,26.62,27.37,10492216,289097600.00
2018/07/26,27.03,27.35,26.38,26.53,6491443,175790768.00
2018/07/27,26.40,28.20,26.24,27.53,11015112,304662432.00
2018/07/30,28.74,29.46,27.54,28.12,20142947,578387008.00
2018/07/31,28.14,30.40,28.14,30.09,17379622,514436800.00
2018/08/01,29.84,30.52,29.34,29.78,12091915,363450144.00
2018/08/02,29.52,29.92,28.40,29.58,11173305,328965152.00
2018/08/03,29.34,29.58,27.54,27.94,9545511,275564768.00
2018/08/06,27.14,27.62,25.12,25.83,15372668,407704896.00
2018/08/07,25.43,26.60,25.24,26.49,12145940,321379456.00
2018/08/08,26.24,26.64,24.74,25.29,15562636,398481600.00
2018/08/09,25.05,26.36,24.80,26.00,9493848,248442672.00
2018/08/10,25.84,26.84,25.66,26.21,10828176,287396608.00
2018/08/13,25.74,26.32,25.30,26.14,8038548,209985376.00
2018/08/14,26.11,26.32,25.41,25.63,6160319,160018896.00
2018/08/15,25.73,25.82,24.37,24.42,8849688,221862640.00
2018/08/16,23.84,25.03,23.14,24.73,11561162,283873376.00
2018/08/17,24.84,25.06,22.62,22.91,14632474,348912896.00
2018/08/20,23.02,23.40,22.64,23.33,7727904,179558832.00
2018/08/21,23.37,25.10,23.18,24.81,14713060,362693280.00
2018/08/22,24.65,25.35,24.54,24.87,8652155,218714640.00
2018/08/23,24.94,25.41,24.33,24.88,6688296,167943504.00
2018/08/24,24.81,24.84,24.29,24.46,4590100,113881616.00
2018/08/27,24.46,26.04,24.46,25.89,10268599,263601296.00
2018/08/28,25.89,26.11,25.18,25.59,7445913,191831024.00
2018/08/29,25.44,25.52,24.78,25.11,6104762,154735872.00
2018/08/30,25.04,25.80,24.89,25.14,6649679,170064112.00
2018/08/31,25.04,25.04,23.94,24.22,8713346,213752848.00
2018/09/03,24.11,24.47,23.77,24.42,5317827,129505576.00
2018/09/04,24.34,24.59,23.64,24.14,7859481,190670880.00
2018/09/05,24.02,24.02,23.43,23.57,5959132,142838928.00
2018/09/06,23.29,23.70,22.76,22.94,8107398,189608256.00
2018/09/07,23.10,24.24,23.10,23.92,11143844,268677536.00
2018/09/10,23.94,24.04,22.92,23.34,8019072,188746416.00
2018/09/11,23.37,23.53,22.94,23.32,4342178,102092264.00
2018/09/12,23.37,23.37,21.44,21.86,16135122,361396672.00
2018/09/13,22.14,22.39,21.28,22.09,8996241,199702352.00
2018/09/14,22.18,22.57,21.68,22.20,9198936,205117072.00
2018/09/17,21.86,22.85,21.86,22.38,7010150,159260864.00
2018/09/18,22.14,22.97,22.08,22.94,7171689,164137632.00
2018/09/19,22.93,23.54,22.65,23.18,8047695,188463200.00
2018/09/20,23.24,23.52,22.89,23.33,6530678,154085024.00
2018/09/21,23.54,24.37,23.45,24.26,12927182,313967616.00
2018/09/25,23.75,25.02,23.75,24.47,8004664,198103904.00
2018/09/26,24.59,26.46,24.33,25.94,14594440,376414144.00
2018/09/27,25.64,26.31,25.54,25.82,8240479,215281920.00
2018/09/28,25.86,26.01,25.30,25.79,7017295,181297376.00
2018/10/08,25.14,25.22,24.09,24.39,10664879,264182496.00
2018/10/09,24.30,24.76,24.12,24.47,6405575,158065136.00
2018/10/10,24.46,24.51,23.24,23.32,8250694,197300960.00
2018/10/11,22.59,23.39,22.29,22.54,9516556,219094336.00
2018/10/12,22.67,23.96,22.67,23.89,9115178,214753744.00
2018/10/15,23.74,23.83,22.99,23.10,7597260,179012736.00
2018/10/16,23.17,23.24,22.15,22.49,7470686,170685984.00
2018/10/17,22.84,23.00,21.52,22.05,9203978,204622400.00
2018/10/18,21.79,21.79,20.47,20.56,11882953,252284528.00
2018/10/19,20.18,21.74,19.77,21.69,15644024,328587520.00
2018/10/22,22.31,23.89,22.19,23.89,20773897,489416928.00
2018/10/23,24.10,24.21,22.34,22.94,15220038,356925728.00
2018/10/24,22.56,23.03,21.69,21.94,12047318,271454944.00
2018/10/25,20.85,21.09,19.94,20.73,21584825,449211936.00
2018/10/26,20.94,21.01,19.50,19.80,22690174,457478208.00
2018/10/29,19.32,19.38,18.34,18.79,17804141,340207616.00
2018/10/30,18.69,19.74,18.68,19.55,12939498,253784160.00
2018/10/31,19.72,20.19,19.24,19.94,12107373,243714736.00
2018/11/01,20.14,20.61,19.74,19.92,12207008,250055904.00
2018/11/02,21.47,21.94,20.63,21.94,26212247,566247424.00
2018/11/05,21.73,21.73,21.02,21.62,14208567,307934624.00
2018/11/06,21.24,22.51,21.17,22.33,11874789,262988544.00
2018/11/07,22.13,23.20,22.03,22.52,14409467,330211008.00
2018/11/08,22.74,22.96,22.12,22.30,8322602,189086400.00
2018/11/09,21.96,22.23,21.84,21.99,6443360,143558432.00
2018/11/12,21.89,22.58,21.43,22.50,8677424,193895504.00
2018/11/13,22.04,23.20,22.01,22.96,8784844,203071696.00
2018/11/14,23.00,23.00,22.36,22.52,4525918,103435472.00
2018/11/15,22.52,22.74,22.35,22.64,3825708,87474776.00
2018/11/16,22.37,22.99,22.00,22.64,6463183,147503360.00
2018/11/19,22.35,22.81,22.02,22.51,6198335,140541440.00
2018/11/20,22.33,22.71,22.04,22.09,4710924,105939272.00
2018/11/21,21.74,22.39,21.57,22.39,3651444,81711208.00
2018/11/22,22.33,22.44,21.66,21.97,5067424,112772064.00
2018/11/23,21.76,21.99,21.35,21.50,5451464,119139024.00
2018/11/26,21.47,21.63,20.95,21.05,3148944,67829472.00
2018/11/27,21.24,21.33,20.74,20.74,4115087,87273016.00
2018/11/28,20.87,21.24,20.58,21.16,5520187,117449776.00
2018/11/29,21.32,21.74,20.65,20.69,6245295,133497536.00
2018/11/30,20.89,20.92,20.37,20.82,4947933,103774200.00
2018/12/03,21.44,22.07,21.24,21.96,11276981,248429408.00
2018/12/04,21.94,22.41,21.64,22.22,8678047,194183008.00
2018/12/05,21.84,22.73,21.71,22.73,7844133,178390720.00
2018/12/06,22.49,22.82,21.87,22.06,7444689,168271056.00
2018/12/07,22.19,22.58,22.06,22.33,4940153,111438208.00
2018/12/10,22.12,22.13,21.43,21.69,7288116,160438880.00
2018/12/11,21.80,23.19,21.80,23.05,11398050,260835200.00
2018/12/12,23.04,23.14,22.47,22.80,8469928,194606800.00
2018/12/13,22.88,23.46,22.59,23.27,11124314,260365024.00
2018/12/14,23.05,23.49,22.64,22.64,9980968,232509456.00
2018/12/17,22.50,22.72,21.87,22.47,6957105,156533872.00
2018/12/18,22.12,22.37,21.65,21.95,6380455,141939584.00
2018/12/19,22.06,22.07,21.54,21.74,6173634,136140032.00
2018/12/20,21.55,21.93,21.32,21.64,7022919,153069168.00
2018/12/21,21.49,21.63,21.04,21.29,5570747,120377024.00
2018/12/24,21.14,21.91,21.14,21.80,5293576,116102832.00
2018/12/25,21.44,22.14,21.29,22.00,6921842,151899680.00
2018/12/26,21.98,21.99,21.36,21.44,5824767,127305048.00
2018/12/27,21.83,21.89,21.34,21.47,5567760,121535288.00
2018/12/28,21.40,21.62,21.02,21.34,5854544,126613472.00
2019/01/02,21.41,21.69,21.14,21.34,5338445,115731320.00
2019/01/03,21.34,21.34,20.62,20.88,5261752,111582192.00
2019/01/04,20.64,21.51,20.54,21.28,6755314,144763952.00
2019/01/07,21.55,21.74,21.25,21.64,6950096,151310688.00
2019/01/08,21.49,21.54,21.06,21.14,5459377,117491376.00
2019/01/09,21.33,21.70,20.96,21.15,13385951,289357792.00
2019/01/10,20.99,21.00,20.24,20.83,9318449,194856144.00
2019/01/11,20.83,21.04,20.67,20.89,5247119,110810072.00
2019/01/14,20.90,21.02,20.47,20.62,4930769,103265256.00
2019/01/15,20.74,21.64,20.55,21.58,11175669,239424464.00
2019/01/16,21.49,21.96,21.30,21.55,8109573,177412224.00
2019/01/17,21.30,21.97,21.04,21.65,9668906,210979184.00
2019/01/18,21.69,22.12,21.48,21.73,15151121,334494368.00
2019/01/21,21.94,22.32,21.74,21.89,11948018,266144064.00
2019/01/22,21.76,22.22,21.44,21.81,7327528,162060272.00
2019/01/23,21.75,22.54,21.74,22.18,8234750,184766896.00
2019/01/24,22.14,22.33,21.86,22.20,4713040,105445768.00
2019/01/25,22.19,22.49,21.91,22.30,5931760,133491976.00
2019/01/28,22.30,23.25,22.25,22.63,9160511,211022240.00
2019/01/29,22.58,23.31,22.38,23.15,8264986,191698128.00
2019/01/30,22.92,23.38,22.76,22.98,5548054,129377088.00
2019/01/31,22.99,23.09,22.51,22.74,6961861,160312736.00
2019/02/01,22.81,23.34,22.79,23.22,6980994,162997808.00
2019/02/11,23.34,24.32,23.02,24.19,8855993,212113792.00
2019/02/12,24.20,25.02,24.04,24.77,10769988,268233616.00
2019/02/13,24.82,25.02,24.44,24.79,9393183,234628992.00
2019/02/14,24.79,25.46,24.45,25.22,7457918,187965872.00
2019/02/15,25.08,25.24,24.34,24.39,7598658,189387024.00
2019/02/18,24.62,25.12,24.54,24.92,9492904,238125648.00
2019/02/19,24.79,24.79,24.01,24.33,11651958,287299840.00
2019/02/20,24.33,24.73,23.94,24.17,7372937,181080016.00
2019/02/21,24.29,24.44,23.72,23.76,9700710,235605936.00
2019/02/22,23.94,24.27,23.61,24.07,8320494,201408528.00
2019/02/25,24.06,25.09,23.84,24.89,14296585,355506976.00
2019/02/26,24.88,25.09,24.21,24.24,11157312,277453056.00
2019/02/27,24.29,26.36,24.27,25.72,21139472,546222784.00
2019/02/28,25.76,26.19,25.43,26.13,11610632,302842272.00
2019/03/01,26.34,26.52,25.79,26.35,10554561,278204096.00
2019/03/04,26.32,27.96,26.01,26.93,14580034,399509888.00
2019/03/05,26.92,27.24,26.31,26.82,8774053,236201664.00
2019/03/06,26.57,26.61,25.95,26.34,10629480,281284256.00
2019/03/07,26.05,26.14,25.26,25.65,14667853,378750400.00
2019/03/08,25.25,25.99,25.07,25.15,10627238,274270464.00
2019/03/11,25.14,25.86,25.14,25.83,9217491,238702256.00
2019/03/12,25.89,26.53,25.67,25.82,9952218,261316992.00
2019/03/13,25.62,26.84,25.42,26.54,14512023,383284320.00
2019/03/14,26.27,26.84,25.94,26.21,7709673,205168608.00
2019/03/15,26.42,26.92,25.84,26.51,8573150,230031888.00
2019/03/18,26.48,28.23,26.48,28.03,14839766,415087456.00
2019/03/19,28.22,28.49,27.37,27.72,12102421,339046592.00
2019/03/20,27.62,28.32,27.46,27.80,9294634,261511616.00
2019/03/21,28.02,28.30,27.64,28.29,6909685,194760752.00
2019/03/22,29.25,30.91,29.25,29.99,17917677,539493312.00
2019/03/25,29.72,29.89,28.93,29.11,9658819,287379616.00
2019/03/26,29.11,29.72,28.87,29.22,7327693,216294384.00
2019/03/27,29.45,30.13,28.90,29.87,8678527,260258288.00
2019/03/28,29.89,30.84,29.66,30.17,8407426,255617120.00
2019/03/29,30.10,31.69,30.04,30.76,13120507,409449568.00
2019/04/01,30.69,31.78,30.24,31.42,11542251,361993536.00
2019/04/02,31.23,31.23,30.22,30.87,11827522,365202688.00
2019/04/03,30.55,30.64,30.03,30.33,9666710,295009184.00
2019/04/04,29.78,30.70,29.65,30.24,12495382,380887296.00
2019/04/08,29.99,30.49,29.44,29.72,15483096,464770848.00
2019/04/09,29.70,30.17,29.49,29.86,9214301,276854336.00
2019/04/10,29.80,31.20,29.36,30.51,14497493,442637920.00
2019/04/11,30.27,30.39,29.00,29.37,11060076,330393216.00
2019/04/12,29.20,29.72,28.79,29.14,7683231,226366992.00
2019/04/15,29.24,29.48,28.25,28.25,13682122,397828640.00
2019/04/16,28.04,28.62,27.59,28.48,11541423,327587328.00
2019/04/17,28.44,28.90,28.43,28.63,8986463,259943072.00
2019/04/18,28.64,28.84,28.34,28.46,5485201,158070192.00
2019/04/19,28.54,29.74,27.94,29.68,9659520,279130752.00
2019/04/22,28.99,29.00,28.04,28.08,15860221,454252960.00
2019/04/23,28.12,28.70,27.45,28.33,9421430,267871408.00
2019/04/24,28.32,28.64,27.79,28.07,5532500,156642992.00
2019/04/25,27.99,28.49,27.67,27.76,6747985,191474224.00
2019/04/26,27.64,28.11,27.39,27.39,7930526,222600480.00
2019/04/29,27.39,28.62,27.26,28.13,11282495,320159328.00
2019/04/30,28.19,28.69,27.94,28.43,7951694,227670288.00
2019/05/06,27.74,27.74,25.75,26.26,13176887,356478752.00
2019/05/07,26.49,28.08,26.49,27.93,13114588,363313760.00
2019/05/08,27.51,28.47,27.31,27.83,8954425,252484800.00
2019/05/09,27.39,27.67,26.20,26.82,9935087,268632928.00
2019/05/10,27.14,27.91,26.43,27.75,10598355,294120160.00
2019/05/13,27.40,28.47,27.16,28.16,9691703,274558656.00
2019/05/14,27.95,28.73,27.95,28.35,11480660,328076928.00
2019/05/15,28.64,29.31,28.40,29.15,15108366,441383168.00
2019/05/16,29.14,29.32,28.49,29.09,12157535,353591712.00
2019/05/17,28.94,29.29,28.27,28.52,10128924,294227456.00
2019/05/20,28.43,28.46,27.04,27.51,10510122,290989344.00
2019/05/21,27.42,27.94,27.33,27.54,6020600,167653824.00
2019/05/22,27.52,27.71,27.04,27.27,5743733,158441520.00
2019/05/23,27.19,27.24,26.63,26.84,5518544,150016160.00
2019/05/24,26.83,27.33,26.50,26.98,6533320,178545424.00
2019/05/27,27.11,27.61,26.81,27.40,5954100,164028256.00
2019/05/28,27.41,28.41,27.40,28.29,10815996,306073312.00
2019/05/29,28.03,28.84,27.94,28.68,6677819,192091312.00
2019/05/30,28.54,29.09,28.26,28.54,5446045,156724400.00
2019/05/31,28.53,28.96,28.04,28.43,4064174,117394320.00
2019/06/03,28.97,28.97,27.74,28.09,6270759,178901792.00
2019/06/04,27.94,28.63,27.52,27.84,6454854,181994416.00
2019/06/05,28.04,28.34,27.64,28.11,5381462,152346944.00
2019/06/06,28.13,28.29,27.34,27.50,4136622,115510512.00
2019/06/10,27.50,28.37,27.12,28.09,5236897,147301568.00
2019/06/11,28.10,29.30,28.09,29.18,11570378,336338496.00
2019/06/12,29.02,29.50,28.84,29.10,7476843,219312928.00
2019/06/13,29.14,29.14,28.22,28.28,10027873,288061120.00
2019/06/14,28.30,28.55,27.72,27.79,8638177,245761104.00
2019/06/17,27.92,28.06,27.54,27.90,9423382,264681200.00
2019/06/18,28.10,28.25,27.80,28.03,6920670,193598784.00
2019/06/19,28.58,28.80,28.20,28.46,9888317,282005024.00
2019/06/20,28.40,29.89,28.21,29.57,15567462,456768000.00
2019/06/21,29.57,30.25,29.25,29.61,10244533,303806624.00
2019/06/24,29.40,30.37,29.20,30.20,11829675,355290240.00
2019/06/25,30.21,30.45,29.57,29.95,8546653,256001888.00
2019/06/26,29.88,30.68,29.81,30.52,11319425,343980032.00
2019/06/27,30.50,30.80,30.33,30.65,11284152,344851360.00
2019/06/28,30.49,30.65,30.12,30.50,6588117,200221808.00
2019/07/01,30.83,31.20,30.21,31.20,15956479,490078976.00
2019/07/02,31.01,31.06,30.26,30.51,12751420,389934048.00
2019/07/03,30.24,31.50,29.91,30.66,15283189,470141600.00
2019/07/04,30.50,30.63,29.00,29.40,14996969,443978112.00
2019/07/05,29.44,29.71,29.26,29.34,8463041,249303920.00
2019/07/08,29.33,29.33,28.11,28.42,11560253,330321184.00
2019/07/09,28.38,28.70,28.07,28.39,6598436,187447856.00
2019/07/10,28.35,28.80,28.05,28.07,7445056,210698096.00
2019/07/11,28.21,28.28,27.50,27.75,11117372,309034464.00
2019/07/12,27.76,28.17,27.55,28.05,9015929,251312528.00
2019/07/15,27.93,28.50,27.50,28.33,8040368,226093488.00
2019/07/16,28.40,28.42,27.80,27.93,5066555,142245264.00
2019/07/17,27.82,28.19,27.61,28.05,4711512,131723048.00
2019/07/18,28.00,28.36,27.70,27.82,4168344,116697360.00
2019/07/19,27.80,28.16,27.72,27.98,3566770,99788744.00
2019/07/22,27.98,28.10,27.00,27.00,9404882,257036512.00
2019/07/23,27.03,27.19,26.50,27.00,9474521,253509952.00
2019/07/24,27.00,27.87,27.00,27.65,9022926,248453312.00
2019/07/25,27.89,27.89,27.49,27.86,4208002,116683584.00
2019/07/26,27.84,28.28,27.70,28.07,5415294,152143776.00
2019/07/29,27.96,28.45,27.81,28.30,5767507,162147728.00
2019/07/30,28.28,28.46,28.00,28.00,6276451,176871120.00
2019/07/31,25.20,25.45,25.20,25.20,24492055,617715712.00
2019/08/01,24.50,24.50,23.29,23.60,41280466,981627328.00
2019/08/02,22.85,23.54,22.71,23.10,23126067,533516480.00
2019/08/05,23.06,23.09,21.96,22.38,24521553,550877056.00
2019/08/06,21.98,22.18,21.60,22.11,21274670,466904704.00
2019/08/07,22.19,22.36,21.81,21.99,14759784,325788576.00
2019/08/08,22.06,22.22,21.79,21.90,12591419,276514848.00
2019/08/09,22.17,22.87,22.08,22.24,23413274,524762592.00
2019/08/12,22.31,22.44,21.71,22.24,17099862,376240480.00
2019/08/13,21.99,21.99,21.52,21.59,13514289,293670560.00
2019/08/14,21.80,22.18,21.35,22.05,22029126,479994752.00
2019/08/15,21.50,21.98,21.46,21.93,13757824,298748032.00
2019/08/16,21.82,22.65,21.80,22.13,20003839,446625312.00
2019/08/19,22.48,23.14,22.22,23.03,25514150,579773120.00
2019/08/20,23.05,23.05,22.62,22.71,15906487,362233376.00
2019/08/21,22.72,22.78,22.16,22.26,14057008,314800928.00
2019/08/22,22.29,22.38,21.98,22.34,13853436,307500288.00
2019/08/23,22.31,22.57,22.18,22.45,15830607,354029984.00
2019/08/26,22.00,22.28,21.86,21.95,14149812,311637216.00
2019/08/27,22.05,22.54,22.05,22.35,14388029,321200384.00
2019/08/28,22.36,22.63,22.17,22.54,15521325,347746528.00
2019/08/29,22.65,22.70,22.13,22.19,12000427,267142592.00
2019/08/30,22.26,22.43,22.13,22.31,11953252,265995408.00
2019/09/02,22.34,22.34,21.77,22.22,15843425,349914368.00
2019/09/03,22.23,22.46,21.82,21.99,17391360,382739456.00
2019/09/04,21.90,22.06,21.71,22.05,11463248,250692000.00
2019/09/05,22.07,22.44,22.00,22.10,23962925,532575872.00
2019/09/06,22.10,22.29,21.94,22.28,13098023,289526784.00
2019/09/09,22.43,22.53,22.25,22.40,16179215,362153056.00
2019/09/10,22.45,23.95,22.32,23.66,43952414,1021284288.00
2019/09/11,23.70,23.88,23.34,23.62,22590731,531668928.00
2019/09/12,23.55,24.30,23.54,23.63,24152424,576447424.00
2019/09/16,23.75,23.82,23.09,23.21,18614154,434521696.00
2019/09/17,23.21,23.23,22.60,22.82,15908618,362591840.00
2019/09/18,22.79,23.33,22.71,22.93,16204777,374256544.00
2019/09/19,22.92,23.15,22.68,22.99,9624666,219919792.00
2019/09/20,22.89,23.29,22.78,23.01,14109746,325854240.00
2019/09/23,22.89,22.89,22.34,22.67,12641524,284967008.00
2019/09/24,22.57,23.00,22.55,22.66,10659582,242706272.00
2019/09/25,22.62,22.65,22.13,22.16,11836308,264862368.00
2019/09/26,22.20,22.36,22.03,22.08,10904240,241778976.00
2019/09/27,22.08,22.37,21.87,22.22,8415402,186357952.00
2019/09/30,22.28,22.57,22.15,22.33,6501529,145453488.00
2019/10/08,22.27,22.86,22.21,22.55,12851067,290637280.00
2019/10/09,22.38,22.77,22.32,22.68,7288559,164668608.00
2019/10/10,22.70,22.73,22.26,22.52,11318240,253961808.00
2019/10/11,22.52,22.62,22.34,22.50,7234931,162472064.00
2019/10/14,22.60,22.74,22.40,22.57,14074293,317413184.00
2019/10/15,22.46,22.73,22.45,22.61,9570032,216248880.00
2019/10/16,22.52,22.55,22.21,22.34,10425101,232889152.00
2019/10/17,22.28,22.45,22.22,22.34,5983678,133647872.00
2019/10/18,22.34,23.18,22.34,22.66,16704200,380040672.00
2019/10/21,22.59,22.90,22.46,22.82,11162305,253892960.00
2019/10/22,22.82,22.94,22.62,22.80,7474822,170042768.00
2019/10/23,22.71,23.64,22.70,23.43,23111697,540284224.00
2019/10/24,23.30,23.70,23.15,23.69,19490234,458347264.00
2019/10/25,23.75,23.76,22.78,22.94,21811574,504767680.00
2019/10/28,22.66,23.44,22.20,23.03,22548082,517019616.00
2019/10/29,23.08,23.57,22.79,23.39,17470316,406049056.00
2019/10/30,23.35,23.56,23.01,23.38,10743774,250244304.00
2019/10/31,23.37,23.55,23.21,23.25,8768813,204628864.00
2019/11/01,23.19,23.46,23.03,23.24,9337254,216740544.00
数据来源:通达信
