002273 水晶光电 日线 前复权
      日期	    开盘	    最高	    最低	    收盘	    成交量	    成交额
2013/09/02,6.89,7.28,6.89,7.22,7634484,144955696.00
2013/09/03,7.22,7.27,7.05,7.23,5475770,104120656.00
2013/09/04,7.24,7.31,7.02,7.12,9779222,185406976.00
2013/09/05,7.17,7.28,7.12,7.14,7531186,143397408.00
2013/09/06,7.26,7.89,7.19,7.89,19524925,396140480.00
2013/09/09,8.29,8.35,7.90,8.07,21389970,456417888.00
2013/09/10,7.87,7.87,7.43,7.52,22610861,455921152.00
2013/09/11,7.44,7.44,6.85,6.89,17839111,333860096.00
2013/09/12,6.85,7.02,6.72,6.90,10621701,194818944.00
2013/09/13,6.91,6.91,6.73,6.83,8984496,161958000.00
2013/09/16,6.84,7.11,6.78,7.06,9433954,175119504.00
2013/09/17,7.11,7.11,6.94,6.97,6754319,125660824.00
2013/09/18,6.94,7.02,6.94,6.99,3456458,64065644.00
2013/09/23,6.99,7.30,6.99,7.24,9319111,177316848.00
2013/09/24,7.24,7.62,7.24,7.60,16301896,322121696.00
2013/09/25,7.67,7.67,7.34,7.44,11666613,231424656.00
2013/09/26,7.36,7.39,7.12,7.25,6616964,126775824.00
2013/09/27,7.20,7.28,7.04,7.18,5950021,113040688.00
2013/09/30,7.23,7.35,7.19,7.25,4880387,93839896.00
2013/10/08,7.29,7.40,7.09,7.38,7113730,136170688.00
2013/10/09,7.38,7.50,7.28,7.48,8241191,161683280.00
2013/10/10,7.50,7.52,7.11,7.11,9998759,192708912.00
2013/10/11,7.17,7.19,7.00,7.03,7755906,145932896.00
2013/10/14,7.16,7.17,6.92,7.04,6819257,127192224.00
2013/10/15,7.04,7.08,6.89,6.96,5928025,109851752.00
2013/11/25,7.12,7.16,6.65,6.72,20269232,370015232.00
2013/11/26,6.67,6.78,6.52,6.72,12196620,216091376.00
2013/11/27,6.69,6.69,6.34,6.55,18532423,320869312.00
2013/11/28,6.53,6.81,6.51,6.76,15484514,277056064.00
2013/11/29,6.77,6.83,6.70,6.73,10855524,195107680.00
2013/12/02,6.57,6.77,6.10,6.23,17836538,302400864.00
2013/12/03,6.10,6.15,5.92,6.13,10321914,167294208.00
2013/12/04,6.16,6.78,6.16,6.78,24222913,426222368.00
2013/12/05,6.93,7.12,6.72,6.87,38854107,715422464.00
2013/12/06,6.74,6.80,6.55,6.62,15865310,280485824.00
2013/12/09,6.63,6.67,6.53,6.58,9173029,161146784.00
2013/12/10,6.55,6.71,6.55,6.59,8785227,154937984.00
2013/12/11,6.48,6.48,6.29,6.32,11045913,187194368.00
2013/12/12,6.32,6.44,6.28,6.33,4591202,77987232.00
2013/12/13,6.29,6.39,6.24,6.36,4322046,72936296.00
2013/12/16,6.31,6.37,6.23,6.25,4493024,75499512.00
2013/12/17,6.27,6.39,6.24,6.36,4726478,79655280.00
2013/12/18,6.40,6.44,6.31,6.37,4184993,71211544.00
2013/12/19,6.37,6.40,6.20,6.22,5435356,91115744.00
2013/12/20,6.23,6.25,5.98,6.05,3515013,57110356.00
2013/12/23,6.02,6.08,5.79,5.89,3435757,54429024.00
2013/12/24,5.97,6.06,5.93,5.99,3855059,61758556.00
2013/12/25,5.98,6.08,5.90,6.07,4020142,64851840.00
2013/12/26,6.05,6.07,5.70,5.71,9066180,142520208.00
2013/12/27,5.73,6.02,5.72,5.95,6792395,107148912.00
2013/12/30,5.95,6.07,5.91,5.98,5965195,95306760.00
2013/12/31,5.94,6.03,5.90,5.94,4348049,69269664.00
2014/01/02,5.91,6.57,5.91,6.57,20713035,352050592.00
2014/01/03,6.45,6.71,6.43,6.55,26379675,463572288.00
2014/01/06,6.59,6.79,6.45,6.66,23353305,414243040.00
2014/01/07,6.74,7.08,6.65,6.80,23917269,436256960.00
2014/01/08,6.83,7.06,6.82,6.97,20415447,376354400.00
2014/01/09,7.02,7.03,6.59,6.65,15597808,282050336.00
2014/01/10,6.69,7.14,6.69,6.86,26507622,487934048.00
2014/01/13,6.81,7.00,6.67,6.94,16521514,301802816.00
2014/01/14,6.96,7.25,6.88,7.25,27831554,524446048.00
2014/01/15,7.24,7.36,7.09,7.23,21839925,418066624.00
2014/01/16,7.27,7.41,7.05,7.11,18523744,353722048.00
2014/01/17,7.01,7.13,6.83,6.89,14191915,262365328.00
2014/01/20,6.88,7.02,6.75,6.80,12544735,228097920.00
2014/01/21,6.85,7.13,6.85,7.13,15617980,291088064.00
2014/01/22,7.11,7.22,7.02,7.20,17332546,328222144.00
2014/01/23,7.16,7.37,7.04,7.32,20396216,389648608.00
2014/01/24,7.37,7.44,7.23,7.27,21983035,427028192.00
2014/01/27,7.28,7.82,7.24,7.58,30612598,616310464.00
2014/01/28,7.59,7.59,7.27,7.41,14596770,286267424.00
2014/01/29,7.41,7.50,7.30,7.40,11074218,217295504.00
2014/01/30,7.42,7.43,7.13,7.14,10337156,199681712.00
2014/02/07,7.07,7.34,6.98,7.32,12012664,229614576.00
2014/02/10,7.42,7.74,7.42,7.72,21036503,423821408.00
2014/02/11,7.74,7.82,7.44,7.63,18308999,370109952.00
2014/02/12,7.56,8.06,7.56,8.01,23966630,499334720.00
2014/02/13,8.01,8.01,7.71,7.75,18356577,382170880.00
2014/02/14,7.74,7.87,7.56,7.76,13885781,282607584.00
2014/02/17,7.83,8.03,7.71,8.03,18611949,387117440.00
2014/02/18,8.04,8.05,7.79,7.81,15574624,324652768.00
2014/02/19,7.87,8.04,7.62,7.67,17199360,354396992.00
2014/02/20,7.67,7.73,7.39,7.40,13628625,270566240.00
2014/02/21,7.40,7.59,7.28,7.46,12199276,239832720.00
2014/02/24,7.48,7.71,7.48,7.71,15151353,305368608.00
2014/02/25,7.73,7.77,6.91,6.97,21853042,426276416.00
2014/02/26,6.89,6.91,6.45,6.79,12522624,223149824.00
2014/02/27,6.84,6.93,6.47,6.50,13077107,233683728.00
2014/02/28,6.50,6.63,6.24,6.61,8191482,140953392.00
2014/03/03,6.57,6.73,6.50,6.72,8383929,147896880.00
2014/03/04,6.69,6.70,6.46,6.66,7906779,138829344.00
2014/03/05,6.78,7.11,6.69,6.92,15743591,289158240.00
2014/03/06,6.91,6.91,6.70,6.83,8989542,162286320.00
2014/03/07,6.82,6.89,6.57,6.57,7421379,132484936.00
2014/03/10,6.59,6.84,6.18,6.28,10137786,175208480.00
2014/03/11,6.25,6.41,6.18,6.38,6107523,103071824.00
2014/03/12,6.35,6.48,6.26,6.45,7075287,120856848.00
2014/03/13,6.45,6.55,6.40,6.47,5384065,92830344.00
2014/03/14,6.41,6.47,6.33,6.39,4199894,71738824.00
2014/03/17,6.39,6.61,6.30,6.61,7116060,123057808.00
2014/03/18,6.61,6.72,6.55,6.58,7324928,129526760.00
2014/03/19,6.58,6.58,6.35,6.40,6776629,116374688.00
2014/03/20,6.36,6.61,6.32,6.33,7705627,132734960.00
2014/03/21,6.29,6.48,6.22,6.44,6571634,111119840.00
2014/03/24,6.45,6.49,6.38,6.41,5148488,88268584.00
2014/03/25,6.41,6.57,6.27,6.57,9733236,166583872.00
2014/03/26,6.57,6.76,6.53,6.71,14502088,257152880.00
2014/04/04,6.71,7.12,6.57,6.84,15260572,279421664.00
2014/04/08,6.73,6.93,6.65,6.83,9217721,166839216.00
2014/04/09,6.83,7.22,6.81,7.06,13626164,255106896.00
2014/04/10,7.08,7.19,6.98,6.98,17033164,319944896.00
2014/04/11,6.89,7.26,6.72,7.26,21768316,406654976.00
2014/04/14,7.26,7.31,7.11,7.26,16282572,311288608.00
2014/04/15,7.19,7.22,7.02,7.06,9487277,179093712.00
2014/04/16,7.00,7.11,6.96,7.04,6034160,112634056.00
2014/04/17,7.18,7.36,7.11,7.11,14895414,286742336.00
2014/04/18,7.04,7.06,6.90,6.98,7513514,139276304.00
2014/04/21,6.91,7.11,6.79,6.82,8206996,151462720.00
2014/04/22,6.82,6.90,6.37,6.51,12219467,213562864.00
2014/04/23,6.52,6.56,6.42,6.50,4613950,79776568.00
2014/04/24,6.50,6.53,6.40,6.42,4349050,74906440.00
2014/04/25,6.41,6.51,6.37,6.39,3630214,62365944.00
2014/04/28,6.37,6.40,6.19,6.26,4558479,76182744.00
2014/04/29,6.27,6.44,6.27,6.42,3634087,61697488.00
2014/04/30,6.42,6.69,6.40,6.59,6362350,111189776.00
2014/05/05,6.55,6.68,6.49,6.63,4756897,83378016.00
2014/05/06,6.65,6.89,6.63,6.73,11197624,202766832.00
2014/05/07,6.66,6.83,6.53,6.53,7721671,137247120.00
2014/05/08,6.49,6.74,6.46,6.56,5623150,98852616.00
2014/05/09,6.51,6.59,6.39,6.46,4248664,73346128.00
2014/05/12,6.53,6.70,6.47,6.68,5501336,96596984.00
2014/05/13,6.65,6.77,6.61,6.61,4527632,80420176.00
2014/05/14,6.59,7.15,6.52,7.06,21551638,398467744.00
2014/05/15,7.01,7.05,6.82,6.84,14432475,265507664.00
2014/05/16,6.79,7.00,6.77,6.95,10565589,193320512.00
2014/05/19,6.96,6.96,6.65,6.69,8985404,161611056.00
2014/05/20,6.81,6.87,6.66,6.70,7273422,130866680.00
2014/05/21,6.63,6.74,6.46,6.70,5858932,102933328.00
2014/05/22,6.70,6.93,6.66,6.84,12106211,219898528.00
2014/05/23,6.79,6.88,6.74,6.85,6799959,123053352.00
2014/05/26,6.97,7.02,6.85,6.93,9214993,169378320.00
2014/05/27,6.97,7.16,6.93,7.06,13401305,250112416.00
2014/05/28,7.04,7.10,6.93,7.07,9435952,175107744.00
2014/05/29,7.05,7.26,6.92,6.93,12618147,236661584.00
2014/05/30,6.93,6.96,6.77,6.89,8111106,146950688.00
2014/06/03,6.92,7.13,6.89,6.98,10392767,193080320.00
2014/06/04,6.99,7.18,6.96,7.05,11313845,211136144.00
2014/06/05,7.06,7.24,7.00,7.20,14695175,277049504.00
2014/06/06,7.21,7.26,7.08,7.12,9904319,187317520.00
2014/06/09,7.09,7.19,6.93,6.94,9735443,182093280.00
2014/06/10,6.94,7.22,6.94,7.20,13011492,245385232.00
2014/06/11,7.16,7.33,7.06,7.23,12654478,240096576.00
2014/06/12,7.20,7.26,7.09,7.12,8304257,156705904.00
2014/06/13,7.09,7.34,7.09,7.25,12161115,232744912.00
2014/06/16,7.27,7.28,7.15,7.26,9521468,181234320.00
2014/06/17,7.23,7.23,7.09,7.12,10620326,200179440.00
2014/06/18,7.13,7.27,7.03,7.07,10632249,200205280.00
2014/06/19,7.06,7.06,6.53,6.61,12893715,231644992.00
2014/06/20,6.57,6.73,6.53,6.68,6112689,106968352.00
2014/06/23,6.70,6.84,6.68,6.74,4517612,80783816.00
2014/06/24,6.75,6.82,6.72,6.74,4812693,86062888.00
2014/06/25,6.74,6.78,6.63,6.69,3765346,66443320.00
2014/06/26,6.73,6.87,6.70,6.83,6490386,117008472.00
2014/06/27,6.85,6.88,6.77,6.77,7375964,133144304.00
2014/06/30,6.78,6.94,6.74,6.93,9955440,179481392.00
2014/07/01,6.90,6.98,6.86,6.91,8448662,154690368.00
2014/07/02,6.93,6.95,6.76,6.86,7259273,131652440.00
2014/07/03,6.89,6.92,6.85,6.88,6081934,110610976.00
2014/07/04,6.89,6.94,6.83,6.91,6229880,113524352.00
2014/07/07,6.95,6.95,6.78,6.80,6301160,113919368.00
2014/07/08,6.78,6.78,6.61,6.72,9136935,161416176.00
2014/07/09,6.70,6.71,6.56,6.56,7194225,126451656.00
2014/07/10,6.56,6.66,6.54,6.63,4595435,80495048.00
2014/07/11,6.66,6.88,6.62,6.85,8733387,156533200.00
2014/07/14,6.80,6.90,6.77,6.87,7349756,133026016.00
2014/07/15,6.85,6.90,6.74,6.78,5480900,98648744.00
2014/07/16,6.79,6.81,6.62,6.68,4529527,80313208.00
2014/07/17,6.68,6.71,6.59,6.66,3051854,53763528.00
2014/07/31,7.04,7.32,6.94,7.08,32064068,603450048.00
2014/08/01,7.01,7.15,6.85,6.86,19276140,356471296.00
2014/08/04,6.86,6.99,6.86,6.94,9092321,166434080.00
2014/08/05,6.94,7.11,6.87,7.10,15005341,277813376.00
2014/08/06,7.08,7.08,7.00,7.04,9874985,183596560.00
2014/08/07,7.02,7.10,6.94,6.95,9424943,174774928.00
2014/08/08,6.96,7.26,6.96,7.16,19657191,370753888.00
2014/08/11,7.15,7.34,7.14,7.30,16864408,322408864.00
2014/08/12,7.41,7.58,7.34,7.34,19250330,377024768.00
2014/08/13,7.40,7.91,7.28,7.79,36096982,725494848.00
2014/08/14,7.77,8.00,7.67,7.67,26329809,544059968.00
2014/08/15,7.71,8.03,7.62,7.95,20896772,433077792.00
2014/08/18,8.05,8.29,7.87,7.98,19054918,401798304.00
2014/08/19,8.01,8.01,7.56,7.65,24389689,495987136.00
2014/08/20,7.65,7.73,7.59,7.70,11744835,236798016.00
2014/08/21,7.69,7.69,7.42,7.55,17336833,342612320.00
2014/08/22,7.51,7.69,7.49,7.65,12817965,256542480.00
2014/08/25,7.67,7.82,7.48,7.77,16284855,327347520.00
2014/08/26,7.79,8.56,7.79,8.23,43077946,925921344.00
2014/08/27,8.16,8.51,8.05,8.25,31461183,685516608.00
2014/08/28,8.21,8.32,8.03,8.08,14685698,313901536.00
2014/08/29,8.09,8.82,8.09,8.72,32210689,717115520.00
2014/09/01,8.67,8.95,8.62,8.77,22430930,516010112.00
2014/09/02,8.66,8.85,8.56,8.74,21458086,488218592.00
2014/09/03,8.74,8.84,8.54,8.68,18635697,423917760.00
2014/09/04,8.53,8.53,8.35,8.50,25026594,553446720.00
2014/09/05,8.44,8.69,8.40,8.57,18341701,411771936.00
2014/09/09,8.61,8.63,8.39,8.46,10972324,243808288.00
2014/09/10,8.26,8.26,7.68,8.05,29304803,616001792.00
2014/09/11,7.99,8.23,7.95,8.17,22364995,474972768.00
2014/09/12,8.11,8.27,7.95,8.09,16043819,340432832.00
2014/09/15,8.09,8.50,7.99,8.46,23629773,513096832.00
2014/09/16,8.41,8.57,7.99,7.99,18250226,398174976.00
2014/09/17,7.97,8.07,7.70,7.89,13277683,275113280.00
2014/09/18,7.87,8.00,7.82,7.93,7872057,163596928.00
2014/09/19,7.93,8.04,7.90,7.98,7138817,149496992.00
2014/09/22,7.99,8.20,7.91,8.08,11737387,248260576.00
2014/09/23,8.08,8.17,8.01,8.12,6137373,130674528.00
2014/09/24,8.14,8.18,8.02,8.16,10320701,219656544.00
2014/09/25,8.21,8.22,7.92,7.96,10317090,218689920.00
2014/09/26,7.91,7.97,7.80,7.90,6761952,140142288.00
2014/09/29,7.94,8.08,7.88,8.03,8488918,177929120.00
2014/09/30,8.05,8.38,8.02,8.29,14937350,322056960.00
2014/10/08,8.03,8.03,7.79,7.97,21889968,455169696.00
2014/10/09,7.95,8.05,7.83,8.02,13584349,283716064.00
2014/10/10,7.99,7.99,7.88,7.89,7302391,152168032.00
2014/10/13,7.86,7.93,7.82,7.87,6873124,141921504.00
2014/10/14,7.88,7.95,7.75,7.81,8306850,171339696.00
2014/10/15,7.83,7.85,7.72,7.78,7167840,146407424.00
2014/10/16,7.74,7.86,7.71,7.75,6653221,136457680.00
2014/10/17,7.72,7.79,7.49,7.51,8729456,174517968.00
2014/10/20,7.50,7.67,7.47,7.65,6472608,129011840.00
2014/11/17,7.67,8.01,7.60,7.80,16688142,342813792.00
2014/11/18,7.79,7.79,7.40,7.47,11680228,230949040.00
2014/11/19,7.46,7.54,7.41,7.49,5054625,99536640.00
2014/11/20,7.49,7.49,7.29,7.29,7144178,138560448.00
2014/11/21,7.31,7.46,7.28,7.44,5985645,116588904.00
2014/11/24,7.48,7.53,7.38,7.48,8998541,176749344.00
2014/11/25,7.46,7.67,7.43,7.62,8728603,173632800.00
2014/11/26,7.62,7.81,7.58,7.67,9745544,197269760.00
2014/11/27,7.68,7.72,7.55,7.63,10099374,202256096.00
2014/11/28,7.75,7.78,7.60,7.65,11760994,237667056.00
2014/12/01,7.69,7.69,7.37,7.41,10339114,203447232.00
2014/12/02,7.41,7.54,7.41,7.47,7265337,143162208.00
2014/12/03,7.50,7.62,7.30,7.60,12768799,250104080.00
2014/12/04,7.59,7.75,7.56,7.67,11779449,238501088.00
2014/12/05,7.71,7.71,7.32,7.41,10997533,216446656.00
2014/12/08,7.46,7.54,7.35,7.37,9506027,185444816.00
2014/12/09,7.37,7.39,6.94,6.95,14192893,267257344.00
2014/12/10,6.96,7.10,6.85,7.04,12934844,238203936.00
2014/12/11,6.96,7.11,6.93,7.07,10025405,186034000.00
2014/12/12,7.08,7.23,7.05,7.21,8620193,163155200.00
2014/12/15,7.22,7.34,7.17,7.31,8560263,163890912.00
2014/12/16,7.32,7.33,7.15,7.17,6503638,123582712.00
2014/12/17,7.16,7.16,6.93,6.98,8575849,158941984.00
2014/12/18,7.00,7.19,7.00,7.12,8987678,168410608.00
2014/12/19,7.16,7.16,6.91,6.95,7227270,133550336.00
2014/12/22,6.94,6.94,6.61,6.63,8144488,144170496.00
2014/12/23,6.68,6.77,6.53,6.57,6529848,114601280.00
2014/12/24,6.61,6.74,6.58,6.72,5326763,93971304.00
2014/12/25,6.71,6.77,6.65,6.73,4885448,86755360.00
2014/12/26,6.71,6.80,6.68,6.75,4602717,82111072.00
2014/12/29,6.77,6.78,6.55,6.60,5607349,98018496.00
2014/12/30,6.60,6.63,6.39,6.40,6350458,109049176.00
2014/12/31,6.43,6.52,6.40,6.45,5903351,100896776.00
2015/01/05,6.47,6.61,6.35,6.58,8110105,139060320.00
2015/01/06,6.59,6.89,6.50,6.83,11695874,208662688.00
2015/01/07,6.84,6.84,6.71,6.76,5775800,103450600.00
2015/01/08,6.81,7.17,6.77,7.05,14439459,266721232.00
2015/01/09,7.04,7.34,6.96,7.09,17194294,325747104.00
2015/01/12,7.09,7.15,6.99,7.03,6120126,114088960.00
2015/01/13,7.02,7.26,7.00,7.15,7237625,136050448.00
2015/01/14,7.15,7.19,6.89,6.94,6682915,123572408.00
2015/01/15,6.95,7.07,6.93,6.96,4253552,78518264.00
2015/01/16,6.98,7.04,6.93,6.99,5987504,110597264.00
2015/01/19,6.87,7.06,6.68,6.79,7885374,143637056.00
2015/01/20,6.81,7.04,6.78,7.03,8833173,161869168.00
2015/01/21,7.07,7.32,7.07,7.18,12058382,229218528.00
2015/01/22,7.23,7.67,7.23,7.65,26853189,529620800.00
2015/01/23,7.67,7.67,7.42,7.47,15614532,309158112.00
2015/01/26,7.54,7.71,7.48,7.60,12807598,256947504.00
2015/01/27,7.60,7.73,7.42,7.65,11968560,239333280.00
2015/01/28,7.58,7.79,7.55,7.67,12889098,260850480.00
2015/01/29,7.58,7.67,7.48,7.48,8675914,172541392.00
2015/01/30,7.51,7.58,7.45,7.48,5342994,105681040.00
2015/02/02,7.48,7.66,7.39,7.61,8139768,162090240.00
2015/02/03,7.60,7.98,7.56,7.86,18709734,386254976.00
2015/02/04,7.86,7.90,7.74,7.85,8102190,166671088.00
2015/02/05,7.91,7.92,7.71,7.75,8879515,182669888.00
2015/02/06,7.76,7.81,7.50,7.70,10601797,213753488.00
2015/02/09,7.62,7.81,7.58,7.60,5493976,110973432.00
2015/02/10,7.60,7.71,7.48,7.71,4444553,89150832.00
2015/02/11,7.73,7.95,7.73,7.89,7627158,157503984.00
2015/02/12,7.89,7.97,7.81,7.91,8660131,180134992.00
2015/02/13,7.95,8.03,7.84,7.96,9525994,198445936.00
2015/02/16,7.97,8.19,7.97,8.12,10428671,222306576.00
2015/02/17,8.15,8.23,8.05,8.09,7204069,153658176.00
2015/02/25,8.12,8.16,7.95,7.96,7205015,152494432.00
2015/02/26,7.94,8.07,7.90,8.03,7470510,157096656.00
2015/02/27,8.01,8.17,7.99,8.08,8779475,186889216.00
2015/03/02,8.11,8.76,8.09,8.68,23575980,523718112.00
2015/03/03,8.56,8.75,8.53,8.58,10530163,238155472.00
2015/03/04,8.66,9.02,8.66,8.90,17195347,399461760.00
2015/03/05,8.90,9.12,8.78,9.05,11098115,259700400.00
2015/03/06,9.06,9.16,8.54,8.63,12138842,278228640.00
2015/03/09,8.58,9.52,8.43,9.52,20384628,493339488.00
2015/03/10,9.56,10.14,9.36,9.61,24692996,626689088.00
2015/03/11,9.77,9.82,9.43,9.63,13087160,329148320.00
2015/03/12,9.53,9.60,9.19,9.32,10165176,249436416.00
2015/03/13,9.32,9.49,9.17,9.36,8688044,211927424.00
2015/03/16,9.45,9.61,9.23,9.37,17191767,421602144.00
2015/03/17,9.37,10.03,9.29,9.73,20445222,517136992.00
2015/03/18,9.68,9.76,9.47,9.68,13603361,340330688.00
2015/03/19,9.63,9.63,9.36,9.48,12328627,304944096.00
2015/03/20,9.51,9.57,9.21,9.31,13900213,341691712.00
2015/03/23,9.27,9.77,9.27,9.74,21946924,547975424.00
2015/03/24,9.80,9.90,9.23,9.53,19134248,480860800.00
2015/03/25,9.52,9.96,9.29,9.82,20891435,525614272.00
2015/03/26,9.90,10.30,9.64,9.89,23324060,608632512.00
2015/03/27,9.92,10.00,9.67,9.90,11754892,301656928.00
2015/03/30,9.88,10.15,9.79,9.97,11840413,307989312.00
2015/03/31,10.02,10.10,9.77,9.86,11888796,307570752.00
2015/04/01,9.83,10.03,9.68,9.95,13460804,347635424.00
2015/04/02,10.06,10.63,9.95,10.36,20264096,545761408.00
2015/04/03,10.25,10.51,10.16,10.46,15987105,430790208.00
2015/04/07,10.50,10.85,10.46,10.55,18916572,521860800.00
2015/04/08,10.55,11.07,10.48,10.70,20324465,569177472.00
2015/04/09,10.81,10.91,9.86,10.08,19771752,530152992.00
2015/04/10,10.11,10.99,10.11,10.63,16662310,461810656.00
2015/04/13,10.75,11.04,10.64,10.83,14156587,400236768.00
2015/04/14,10.83,10.85,10.43,10.47,15123582,415355168.00
2015/04/15,10.47,10.79,9.87,10.02,14622637,393195008.00
2015/04/16,10.03,10.23,9.70,9.98,8854409,230726448.00
2015/04/17,9.99,10.11,9.71,9.79,15632954,402108672.00
2015/04/20,9.80,9.80,9.37,9.50,11100507,277272224.00
2015/04/21,9.50,10.05,9.46,9.94,10529747,268545920.00
2015/04/22,9.93,10.33,9.92,10.15,11950135,316883616.00
2015/04/23,10.19,10.23,10.04,10.18,10777373,284892576.00
2015/04/24,10.04,10.17,9.78,10.06,10333231,269733920.00
2015/04/27,10.14,10.46,10.06,10.18,10696765,285102080.00
2015/04/28,10.18,10.18,9.57,9.74,13271094,340790784.00
2015/04/29,9.73,10.09,9.59,9.94,10315281,267369536.00
2015/04/30,10.08,10.13,9.88,9.94,10851384,281821248.00
2015/05/04,9.93,10.12,9.80,9.98,8406895,218325328.00
2015/05/05,10.01,11.00,10.01,11.00,28542160,797869056.00
2015/05/06,11.18,12.12,11.13,11.86,56088708,1715795072.00
2015/05/07,11.92,12.93,11.90,12.14,34325883,1090898176.00
2015/05/08,11.99,13.38,11.80,13.38,29657375,970981248.00
2015/05/11,13.39,14.74,13.39,14.74,33041890,1210447872.00
2015/05/12,14.87,15.35,14.15,14.76,22208880,843659008.00
2015/05/13,14.46,15.27,14.24,14.56,19348270,728442816.00
2015/05/14,14.40,15.17,14.36,14.52,15539656,588539008.00
2015/05/15,14.33,14.33,13.37,13.73,23141749,824063424.00
2015/05/18,13.88,14.76,13.57,14.26,19406251,714487232.00
2015/05/19,14.16,14.57,13.91,14.16,15825882,577726720.00
2015/05/20,14.20,15.60,14.20,15.34,24341579,954187584.00
2015/05/21,15.54,16.90,14.91,15.58,30590462,1259406336.00
2015/05/22,15.63,15.84,14.81,15.28,18992926,744069376.00
2015/05/25,14.83,15.73,14.56,15.15,18081673,702781248.00
2015/05/26,15.20,16.43,15.11,16.02,17714631,720971584.00
2015/05/27,15.95,16.01,15.27,15.77,13742643,554364160.00
2015/05/28,16.17,17.36,15.10,15.23,21633771,914663552.00
2015/05/29,15.27,16.78,15.27,16.78,21467338,901363392.00
2015/06/01,18.08,18.48,17.92,18.48,4999870,234902688.00
2015/06/02,19.69,20.35,18.49,19.73,40506079,2040137344.00
2015/06/03,19.49,21.42,19.10,19.98,27536471,1419754368.00
2015/06/04,19.49,19.49,17.96,18.07,25030623,1183434240.00
2015/06/05,18.09,18.70,17.52,18.36,20639892,963538432.00
2015/06/08,18.50,18.62,16.72,17.41,14487486,651542528.00
2015/06/09,17.40,18.15,16.96,17.29,10093860,455366688.00
2015/06/10,17.34,18.72,17.07,18.30,16013586,740510784.00
2015/06/11,18.23,18.66,17.90,18.00,10206854,477747872.00
2015/06/12,18.00,18.51,17.60,17.84,11112272,513922880.00
2015/06/15,17.92,18.90,17.52,18.74,19391147,915415936.00
2015/06/16,17.91,18.46,16.85,17.08,13008054,584575744.00
2015/06/17,17.08,17.33,15.94,17.04,13308011,570898432.00
2015/06/18,16.73,16.73,15.32,15.32,11760329,487431904.00
2015/06/19,14.94,15.94,13.84,14.01,9931759,382505760.00
2015/06/23,14.01,14.55,12.90,14.32,10221829,367217376.00
2015/06/24,14.48,14.70,13.93,14.44,12459876,460706464.00
2015/06/25,14.48,15.38,14.08,14.45,14859733,569772544.00
2015/06/26,13.77,13.77,12.98,12.98,11986467,406356128.00
2015/06/29,12.98,13.22,11.66,11.66,15783318,483580160.00
2015/06/30,11.51,12.19,10.47,12.09,19286730,562895488.00
2015/07/01,11.67,12.73,10.86,10.86,18748002,580926976.00
2015/07/02,10.80,10.82,9.75,9.75,20021377,515924000.00
2015/07/03,8.78,9.82,8.76,8.76,23350392,542355072.00
2015/07/06,9.55,9.62,7.86,7.86,25630097,557617600.00
2015/07/07,7.17,7.49,7.05,7.05,11994921,222494800.00
2015/07/08,6.32,6.87,6.32,6.61,63431321,1071386304.00
2015/07/09,6.35,7.30,6.34,7.30,18980150,352386144.00
2015/07/10,8.05,8.05,7.65,8.05,4594463,96215592.00
2015/07/13,8.88,8.88,8.88,8.88,1930612,44597136.00
2015/07/14,9.79,9.79,9.39,9.79,17586087,445607872.00
2015/07/15,9.82,9.82,8.79,8.79,25035001,597980288.00
2015/07/16,8.79,9.49,8.05,9.28,18260199,427786752.00
2015/07/17,9.29,10.23,9.29,10.23,19558941,500460896.00
2015/07/20,10.23,11.20,10.08,10.59,21003039,581110720.00
2015/07/21,10.32,11.22,10.10,11.15,18372300,512982272.00
2015/07/22,11.13,11.44,10.79,11.25,18524140,531235296.00
2015/07/23,11.25,11.59,10.99,11.37,12877607,377063168.00
2015/07/24,11.40,12.07,10.81,10.95,17375916,514934144.00
2015/07/27,10.54,10.94,9.83,9.83,16157254,432150464.00
2015/07/28,9.23,9.78,8.83,8.93,22232726,522832672.00
2015/07/29,9.15,9.79,8.44,9.75,20111695,472227392.00
2015/07/30,9.55,9.98,8.98,9.15,15528697,389072128.00
2015/07/31,8.96,9.15,8.32,8.52,13372088,306422656.00
2015/08/03,8.44,8.71,7.69,8.17,12233158,263820960.00
2015/08/04,8.29,9.01,8.29,9.01,9816271,224051424.00
2015/08/05,9.70,9.82,9.01,9.41,17846407,441466304.00
2015/08/06,9.04,10.26,9.02,10.01,15970744,407189792.00
2015/08/07,10.01,10.65,9.86,10.59,17593541,468491136.00
2015/08/10,10.57,11.57,10.42,11.41,18040549,512756672.00
2015/08/11,11.27,11.44,10.92,10.97,14386785,414600832.00
2015/08/12,10.89,11.04,10.36,10.39,14135213,391386144.00
2015/08/13,10.40,11.45,10.40,11.45,19337661,547817088.00
2015/08/14,11.60,11.86,11.15,11.75,16650347,495483968.00
2015/08/17,12.59,12.59,11.54,12.15,27978634,867972480.00
2015/08/18,12.39,12.47,10.91,10.91,22754291,678612096.00
2015/08/19,10.04,11.20,9.80,10.96,21087701,565587008.00
2015/08/20,10.69,10.96,10.16,10.41,13999026,382070400.00
2015/08/21,10.10,10.19,9.34,9.34,13357086,337544096.00
2015/08/24,8.78,8.78,8.38,8.38,8466851,186177280.00
2015/08/25,7.52,7.89,7.52,7.52,12734326,251306128.00
2015/08/26,7.58,7.89,6.77,6.78,19632167,380770080.00
2015/08/27,6.96,7.48,6.74,7.48,18219906,338304448.00
2015/08/28,7.65,8.25,7.63,8.25,19448794,405067008.00
2015/08/31,8.31,8.33,7.66,7.73,15037743,311992032.00
2015/09/01,7.65,7.65,6.99,7.17,14592497,277740832.00
2015/09/02,6.79,7.91,6.67,7.58,25145381,500359456.00
2015/09/07,7.65,8.11,6.79,7.00,42809635,820419648.00
2015/09/08,6.68,7.47,6.60,7.47,22305187,407612800.00
2015/09/09,7.68,7.97,7.22,7.73,40776283,810644032.00
2015/09/10,7.50,8.06,7.39,7.67,29288718,592079296.00
2015/09/11,7.67,7.81,7.54,7.69,15587401,312587744.00
2015/09/14,7.77,7.80,6.90,6.90,19833369,372122304.00
2015/09/15,6.66,7.06,6.19,6.23,18547229,313582944.00
2015/09/16,6.27,6.87,6.21,6.87,17712642,302903392.00
2015/09/17,6.79,7.10,6.55,6.65,21077889,377905504.00
2015/09/18,6.73,6.95,6.60,6.91,15864565,282599136.00
2015/09/21,6.79,7.26,6.67,7.20,20326806,373297088.00
2015/09/22,7.26,7.41,7.00,7.14,19600846,368515040.00
2015/09/23,6.94,7.07,6.77,6.96,19479339,352677920.00
2015/09/24,6.91,7.37,6.83,7.30,27451981,513819712.00
2015/09/25,7.14,7.26,6.72,6.81,16986602,311512800.00
2015/09/28,6.86,7.05,6.72,7.03,12145655,220892688.00
2015/09/29,6.87,7.00,6.79,6.85,11233272,202676016.00
2015/09/30,6.93,7.00,6.78,6.86,6917479,124858560.00
2015/10/08,7.18,7.41,7.07,7.30,17521450,333513696.00
2015/10/09,7.30,7.71,7.23,7.62,14739194,287144064.00
2015/10/12,7.69,8.28,7.67,8.05,19728058,414169632.00
2015/10/13,8.05,8.38,7.93,8.11,18834636,401023552.00
2015/10/14,7.97,8.28,7.93,7.93,14333015,303401920.00
2015/10/15,7.88,8.31,7.88,8.26,16330952,348172800.00
2015/10/16,8.36,8.55,8.09,8.39,16564208,359145824.00
2015/10/19,8.50,8.88,8.31,8.61,25171731,566691648.00
2015/10/20,8.68,9.14,8.65,8.85,18796372,433151328.00
2015/10/21,8.83,8.83,7.94,7.94,24269391,529219392.00
2015/10/22,7.93,8.29,7.85,8.25,13486201,284225504.00
2015/10/23,8.25,8.66,8.14,8.57,14893964,325771712.00
2015/10/26,8.76,8.90,8.44,8.58,18446713,416144256.00
2015/10/27,8.55,8.55,7.98,8.47,16482865,356065440.00
2015/10/28,8.42,8.94,8.37,8.56,22413051,508893440.00
2015/10/29,8.65,9.43,8.49,9.24,26903880,631241344.00
2015/10/30,9.04,9.31,8.79,9.00,20262017,477653280.00
2015/11/02,8.68,9.25,8.55,8.64,15940334,367098592.00
2015/11/03,8.67,8.76,8.33,8.52,11192004,248246544.00
2015/11/04,8.56,9.22,8.52,9.11,18937395,440395520.00
2015/11/05,9.11,9.30,8.90,9.07,18320911,432867552.00
2015/11/06,9.17,9.49,9.12,9.43,20634782,500663168.00
2015/11/09,9.31,9.70,9.15,9.65,17831349,438201952.00
2015/11/10,9.63,10.64,9.62,10.64,12037819,324363840.00
2015/11/11,11.73,11.73,11.73,11.73,4091909,124107600.00
2015/11/12,12.93,12.93,11.89,12.47,81927253,2650881536.00
2015/11/13,12.31,12.31,11.21,11.47,43712103,1327350528.00
2015/11/16,11.21,12.63,11.17,12.19,42368674,1321080960.00
2015/11/17,12.49,13.18,11.55,11.60,44019226,1415363072.00
2015/11/18,11.46,12.78,11.45,12.41,52735242,1688756992.00
2015/11/19,12.79,13.68,12.79,13.68,28714954,1003029120.00
2015/11/20,15.07,15.07,14.56,15.07,82369185,3177512960.00
2015/11/23,14.76,15.84,14.36,15.51,87579426,3409877760.00
2015/11/24,15.15,15.23,14.47,14.90,46105843,1756870272.00
2015/11/25,14.76,15.98,14.64,15.05,59672101,2338021888.00
2015/11/26,14.83,14.83,14.00,14.12,50656459,1875539200.00
2015/11/27,14.08,14.63,12.85,13.37,48472887,1762613760.00
2015/11/30,13.73,14.13,12.98,13.92,42849413,1511463808.00
2015/12/01,13.60,13.69,12.67,13.29,40939200,1385134336.00
2015/12/02,13.36,13.52,12.38,13.14,31889545,1075001216.00
2015/12/03,13.33,13.92,13.21,13.61,33090536,1158273280.00
2015/12/04,13.41,14.27,13.23,13.74,45552874,1611487872.00
2015/12/07,13.97,14.95,13.60,14.64,47393189,1745539072.00
2015/12/08,14.36,14.83,14.12,14.33,34837700,1298784768.00
2015/12/09,14.20,14.39,13.50,13.61,26464951,945815552.00
2015/12/10,13.62,14.08,13.41,13.43,23858014,844839040.00
2015/12/11,13.53,13.61,13.18,13.24,16924008,582837952.00
2015/12/14,13.21,13.53,13.06,13.53,16395462,563687936.00
2015/12/15,13.45,14.28,13.39,14.01,22037036,791364736.00
2015/12/16,14.27,15.43,14.27,14.78,53467268,2062912512.00
2015/12/17,14.60,15.29,14.48,15.01,44328765,1694865920.00
2015/12/18,14.81,15.41,14.60,14.67,29711591,1145760000.00
2015/12/21,14.44,14.60,14.10,14.27,22381459,822644352.00
2015/12/22,14.48,14.64,14.14,14.53,19146854,710081600.00
2015/12/23,14.52,14.52,13.86,13.97,19197766,699009920.00
2015/12/24,13.92,14.31,13.71,14.31,18799229,680708096.00
2015/12/25,14.35,15.23,14.17,14.90,30504905,1168495360.00
2015/12/28,15.10,16.10,14.83,14.87,42710975,1691719040.00
2015/12/29,15.03,16.05,14.71,15.75,45925443,1833270784.00
2015/12/30,15.71,17.34,15.35,17.04,58699414,2482581248.00
2015/12/31,16.65,16.79,15.78,15.78,35487329,1492307712.00
2016/01/04,15.74,16.17,14.18,14.18,26758306,1025446656.00
2016/01/05,12.82,14.28,12.74,13.51,37671954,1303854208.00
2016/01/06,13.63,13.84,12.78,13.55,32391364,1114790528.00
2016/01/07,12.98,13.09,12.18,12.18,7693901,247896336.00
2016/01/08,12.18,12.40,11.00,11.48,30591173,929521280.00
2016/01/11,11.01,11.05,10.31,10.31,27345855,755231232.00
2016/01/12,10.26,11.11,10.06,10.72,31123957,859155136.00
2016/01/13,10.81,11.15,10.14,10.43,29251263,821565120.00
2016/01/14,9.78,11.50,9.75,11.50,29723947,836770176.00
2016/01/15,11.26,11.86,11.06,11.18,30765483,911821056.00
2016/01/18,10.77,12.05,10.74,11.80,29848023,898853440.00
2016/01/19,11.65,12.22,11.46,12.22,27689424,846783808.00
2016/01/20,12.19,13.14,11.99,12.61,37156353,1212580608.00
2016/01/21,12.29,12.69,11.32,11.32,25377041,798443584.00
2016/01/22,11.80,12.48,11.60,12.48,32834231,1027851648.00
2016/01/25,12.80,13.32,12.47,12.96,39762816,1330013312.00
2016/01/26,12.59,12.85,11.70,12.23,31417500,1001934784.00
2016/01/27,12.40,13.00,11.40,12.84,36275641,1138022400.00
2016/01/28,12.39,12.51,11.54,11.54,30033720,923637184.00
2016/01/29,11.17,11.99,10.47,11.58,32773754,957573696.00
2016/02/01,11.56,12.15,11.34,11.74,24789541,757307968.00
2016/02/02,11.90,12.55,11.62,12.19,27255586,854998208.00
2016/02/03,11.92,12.10,11.47,11.93,22185799,678547520.00
2016/02/04,12.15,12.98,11.95,12.49,28854244,919702848.00
2016/02/05,12.63,12.63,11.91,12.00,21342365,672334336.00
2016/02/15,11.66,13.22,11.41,13.22,46854944,1552829312.00
2016/02/16,13.44,14.33,13.30,14.02,50748886,1800696064.00
2016/02/17,13.88,15.09,13.77,14.72,49019355,1808902016.00
2016/02/18,14.51,14.79,14.21,14.40,41856495,1556871808.00
2016/02/19,14.24,15.09,14.23,14.53,41289850,1566312704.00
2016/02/22,14.73,15.49,14.50,15.17,38722743,1483211776.00
2016/02/23,14.90,15.00,14.63,14.78,32862458,1252282880.00
2016/02/24,14.56,14.91,13.97,14.39,34692700,1284261248.00
2016/02/25,14.36,14.59,12.93,12.98,40725804,1441050880.00
2016/02/26,13.22,13.73,13.06,13.30,34416207,1190867456.00
2016/02/29,12.98,13.04,11.94,11.94,11199969,352037376.00
2016/03/01,11.27,12.70,10.81,12.25,39099596,1176719744.00
2016/03/02,12.03,12.91,11.99,12.66,31032219,999902080.00
2016/03/03,12.27,13.17,12.27,12.44,45599359,1490092544.00
2016/03/04,12.29,12.44,11.17,11.17,42545592,1277912192.00
2016/03/07,11.36,11.76,11.19,11.22,24112182,714539200.00
2016/03/08,11.21,11.30,10.18,11.11,27934096,780918464.00
2016/03/09,11.06,12.25,10.81,11.57,40863156,1242986880.00
2016/03/10,11.61,11.73,10.97,11.13,27894843,814167936.00
2016/03/11,10.81,11.32,10.66,11.14,19220199,551852608.00
2016/03/14,11.39,12.07,11.25,11.77,32593961,990177024.00
2016/03/15,11.87,12.09,11.68,11.80,29941956,920158336.00
2016/03/16,11.98,11.98,11.21,11.46,26071619,781905344.00
2016/03/17,11.52,12.51,11.49,12.45,44766678,1396568448.00
2016/03/18,12.46,13.37,12.39,12.96,42811300,1422907392.00
2016/03/21,13.36,13.65,13.02,13.34,39365209,1351878144.00
2016/03/22,13.18,13.80,13.11,13.26,35119504,1223296768.00
2016/03/23,13.26,13.52,13.06,13.46,30956298,1064114944.00
2016/03/24,13.46,13.88,13.10,13.19,38471095,1336764800.00
2016/03/25,13.19,13.46,12.91,13.28,28024615,955769280.00
2016/03/28,13.45,13.64,12.93,13.05,27907622,960418944.00
2016/03/29,13.11,13.85,12.98,13.56,51832786,1805067776.00
2016/03/30,13.90,14.22,13.60,14.18,53556703,1919021440.00
2016/03/31,13.97,14.08,13.80,13.92,37110395,1331399040.00
2016/04/01,13.70,13.84,12.79,13.30,32610283,1117881600.00
2016/04/05,13.49,13.94,13.13,13.84,29679388,1037047040.00
2016/04/06,13.69,14.06,13.64,13.78,25969530,926011264.00
2016/04/07,13.92,13.92,13.15,13.18,27766807,958611136.00
2016/04/08,13.22,13.32,12.51,12.78,24429014,818945472.00
2016/04/11,13.04,13.29,12.86,12.95,23314379,787115776.00
2016/04/12,12.85,13.04,12.62,13.04,17630383,583044608.00
2016/04/13,13.18,14.32,13.18,13.90,55034753,1962042112.00
2016/04/14,13.96,14.05,13.70,14.04,35471882,1269889152.00
2016/04/15,13.97,13.97,13.56,13.79,23652276,840043200.00
2016/04/18,13.69,13.69,13.22,13.39,21155683,730156352.00
2016/04/19,13.55,13.77,13.31,13.55,22380073,782270144.00
2016/04/20,13.60,13.63,12.19,12.38,35586098,1172287104.00
2016/04/21,12.39,12.51,11.83,11.90,18622045,588490432.00
2016/04/22,11.80,12.19,11.68,12.12,14154306,440498592.00
2016/04/25,12.12,12.17,11.55,11.76,13350447,407569792.00
2016/04/26,11.78,12.05,11.78,12.03,13617441,420155456.00
2016/04/27,12.19,12.19,11.83,11.84,15048886,467451904.00
2016/04/28,11.86,11.92,11.43,11.90,14742751,446937632.00
2016/04/29,11.84,11.97,11.72,11.89,10823054,331915584.00
2016/05/03,11.95,12.46,11.75,12.44,19510261,615612672.00
2016/05/04,12.39,12.89,12.31,12.75,25428274,832626688.00
2016/05/05,12.78,12.84,12.55,12.77,17413613,572320576.00
2016/05/06,12.83,12.94,12.01,12.10,22554119,723772992.00
2016/05/09,12.11,12.36,11.73,12.12,18546645,579866368.00
2016/05/10,12.22,12.26,11.58,11.78,15339768,468529184.00
2016/05/11,11.92,11.92,11.32,11.36,15819202,472872352.00
2016/05/12,11.07,11.73,10.61,11.69,17716497,513838304.00
2016/05/13,11.79,12.52,11.74,12.06,22940201,720721664.00
2016/05/16,12.05,12.35,11.67,12.25,23736358,494005792.00
2016/05/17,12.47,12.93,12.35,12.44,38065373,826654976.00
2016/05/18,12.11,12.73,11.87,12.49,35242784,750480320.00
2016/05/19,12.49,12.96,12.48,12.54,36692583,801932352.00
2016/05/20,12.59,13.36,12.24,13.30,53257131,1186368384.00
2016/05/23,13.33,13.65,13.02,13.33,50119776,1149963136.00
2016/05/24,13.33,13.64,13.09,13.38,36154452,828786880.00
2016/05/25,13.53,13.56,12.81,12.93,33744277,760725568.00
2016/05/26,12.78,13.34,12.65,13.26,29595582,662307264.00
2016/05/27,13.26,14.39,13.22,13.85,65745726,1570801152.00
2016/05/30,13.51,14.12,13.39,13.46,38251425,901151360.00
2016/05/31,13.51,14.07,13.49,13.97,32888724,780022976.00
2016/06/01,14.10,15.38,14.01,15.38,73079315,1872853760.00
2016/06/02,15.43,15.83,15.22,15.82,63900051,1696479744.00
2016/06/03,15.54,15.72,15.27,15.37,41511894,1096083456.00
2016/06/06,15.54,15.88,15.21,15.50,36325964,966528640.00
2016/06/07,15.51,15.60,14.95,15.40,30159024,786511552.00
2016/06/08,15.25,15.60,15.07,15.40,31751467,835757184.00
2016/06/13,15.07,15.37,13.84,13.84,39728874,994671616.00
2016/06/14,13.71,14.09,13.58,13.83,23760176,563756544.00
2016/06/15,13.65,14.96,13.59,14.71,31853456,792186688.00
2016/06/16,14.66,15.36,14.64,14.92,33632665,869680768.00
2016/06/17,14.92,15.12,14.66,14.98,24932106,634120896.00
2016/06/20,15.22,15.83,14.72,15.71,38674177,1018528576.00
2016/06/21,15.83,16.08,15.06,15.25,40893988,1092179072.00
2016/06/22,15.01,16.67,14.78,16.43,57962524,1590282496.00
2016/06/23,16.33,16.73,15.98,16.39,44875907,1255470592.00
2016/06/24,16.25,16.95,15.37,16.17,42478056,1175346944.00
2016/06/27,16.17,16.55,16.05,16.32,31423496,876541248.00
2016/06/28,16.73,17.75,16.73,17.25,49655107,1454415104.00
2016/06/29,17.03,17.47,16.86,17.06,31051602,906213568.00
2016/06/30,17.01,17.37,16.31,16.37,38960451,1109171328.00
2016/07/01,16.37,16.78,16.20,16.41,24278845,683786560.00
2016/07/04,16.20,16.66,16.08,16.38,25234603,707280320.00
2016/07/05,16.39,16.72,16.17,16.59,28432590,800165184.00
2016/07/06,16.38,16.49,15.98,16.20,27009713,747711488.00
2016/07/07,16.12,16.20,15.54,15.89,30700672,832417856.00
2016/07/08,15.89,16.36,15.89,16.07,25974867,717827584.00
2016/07/11,16.96,17.49,16.31,16.33,46251655,1316028672.00
2016/07/12,16.66,16.85,15.99,16.41,30982949,869518080.00
2016/07/13,16.58,17.12,16.08,16.78,44197012,1255694080.00
2016/07/14,16.67,16.85,16.28,16.37,33212869,936078016.00
2016/07/15,16.47,16.79,16.14,16.49,34237021,968129408.00
2016/07/18,16.30,16.41,15.96,16.01,28571273,788075392.00
2016/07/19,15.99,16.27,15.54,15.89,31398658,849019840.00
2016/07/20,15.89,15.96,15.60,15.60,21861603,589918016.00
2016/07/21,15.56,15.93,15.51,15.67,21282811,572066880.00
2016/07/22,15.67,15.75,15.37,15.46,17948066,476393824.00
2016/07/25,15.33,15.56,15.13,15.17,17494935,459296128.00
2016/07/26,15.17,15.34,15.15,15.31,14028388,365986848.00
2016/07/27,15.34,15.48,13.89,14.09,27951433,700831744.00
2016/07/28,14.09,14.21,13.43,13.74,21526868,508824928.00
2016/07/29,13.76,13.86,13.34,13.46,15447945,357455424.00
2016/08/01,13.30,13.30,12.78,13.08,16885772,376051424.00
2016/08/02,13.10,13.24,13.03,13.21,12060966,271886624.00
2016/08/03,13.09,13.17,12.87,13.17,14805492,330659616.00
2016/08/04,13.06,13.90,13.01,13.64,28075576,653038400.00
2016/08/05,13.50,13.70,13.18,13.20,25705939,590941952.00
2016/08/08,13.19,13.89,12.90,13.70,29984898,696479168.00
2016/08/09,13.71,14.06,13.63,13.83,33155530,786097792.00
2016/08/10,13.82,13.92,13.64,13.67,29033538,684562880.00
2016/08/11,13.60,13.69,13.24,13.24,20067004,460986816.00
2016/08/12,13.17,13.45,13.12,13.41,13281171,303217248.00
2016/08/15,13.52,13.93,13.28,13.73,29095081,684013952.00
2016/08/16,13.76,13.99,13.72,13.75,22845913,541137856.00
2016/08/17,13.76,14.06,13.75,13.88,26883757,640555776.00
2016/08/18,13.98,14.70,13.98,14.57,52909137,1306862080.00
2016/08/19,14.66,14.67,14.37,14.37,25756320,639008576.00
2016/08/22,14.45,14.47,14.11,14.14,17648468,431866144.00
2016/08/23,14.31,14.32,13.93,14.05,14498605,350674944.00
2016/08/24,14.18,15.41,14.12,15.06,61526957,1566745472.00
2016/08/25,14.73,14.89,14.47,14.78,36325612,915029760.00
2016/08/26,14.96,15.05,14.60,14.69,23949958,604940160.00
2016/08/29,14.82,15.09,14.66,14.81,21787818,554600640.00
2016/08/30,15.05,15.70,15.04,15.23,50953872,1343574400.00
2016/08/31,15.25,15.27,14.72,14.89,25551222,652041920.00
2016/09/01,14.89,15.00,14.73,14.76,19599899,498267136.00
2016/09/02,14.72,15.14,14.62,15.11,30911469,789235584.00
2016/09/05,15.22,15.59,15.02,15.07,34036259,894894912.00
2016/09/06,15.00,15.40,14.66,15.37,30968038,795022656.00
2016/09/07,15.38,15.38,15.09,15.12,22677021,590349696.00
2016/09/08,15.02,15.25,14.73,14.87,24013325,614730112.00
2016/09/09,14.80,14.98,14.63,14.76,17458171,442319232.00
2016/09/12,14.30,14.79,14.01,14.16,21071477,519994432.00
2016/09/13,14.35,14.63,14.24,14.59,22546500,557852160.00
2016/09/14,14.54,15.31,14.51,14.80,41583883,1067994048.00
2016/09/19,14.82,15.16,14.65,14.79,22248364,565365632.00
2016/09/20,14.76,14.76,14.49,14.69,15268627,381603616.00
2016/09/21,14.75,15.15,14.67,15.10,30989701,795360576.00
2016/09/22,15.19,15.26,14.96,15.10,26365633,682230656.00
2016/09/23,15.07,15.20,14.79,14.86,15555713,398675328.00
2016/09/26,14.76,14.76,14.12,14.18,26495357,653113792.00
2016/09/27,14.24,14.41,14.04,14.34,13643351,333036064.00
2016/09/28,14.36,14.43,14.22,14.33,10873379,266959696.00
2016/09/29,14.36,14.63,14.31,14.40,15758969,391098816.00
2016/09/30,14.60,14.63,14.40,14.42,7990230,198096800.00
2016/10/10,14.60,14.95,14.46,14.88,18851154,474925440.00
2016/10/11,14.83,15.09,14.79,15.06,19102958,489279008.00
2016/10/12,14.93,14.94,14.79,14.85,12776428,325309376.00
2016/10/13,14.87,15.01,14.72,14.85,13408931,341166784.00
2016/10/14,14.78,14.91,14.67,14.69,9538327,240983392.00
2016/10/17,14.76,14.83,14.08,14.18,21087572,518705408.00
2016/10/18,14.17,14.44,14.11,14.41,15240485,374188928.00
2016/10/19,14.57,14.57,14.10,14.19,18010564,439170880.00
2016/10/20,14.19,14.49,14.15,14.31,15843454,389699872.00
2016/10/21,14.29,14.41,14.07,14.22,11907037,289569472.00
2016/10/24,14.19,14.41,14.14,14.27,14925776,365382464.00
2016/10/25,14.33,14.36,14.18,14.24,10852707,265056912.00
2016/10/26,14.19,14.22,13.76,13.80,24674515,588077696.00
2016/10/27,13.79,13.91,13.72,13.82,9358594,221637088.00
2016/10/28,13.88,13.88,13.58,13.59,10844894,255121952.00
2016/10/31,13.70,14.05,13.58,13.89,13130693,310874304.00
2016/11/01,13.91,13.97,13.80,13.90,9269475,220663040.00
2016/11/02,13.89,13.89,13.69,13.72,8735456,206116672.00
2016/11/03,13.72,14.00,13.64,13.79,12016295,284450528.00
2016/11/04,13.83,13.96,13.71,13.73,8724310,206555120.00
2016/11/07,13.78,13.86,13.67,13.69,6806939,160575344.00
2016/11/08,13.74,13.78,13.59,13.67,10244038,240224368.00
2016/11/09,13.67,13.72,13.11,13.38,14688559,338039008.00
2016/11/10,13.54,13.59,13.36,13.47,10998396,253569024.00
2016/11/11,13.48,13.50,13.21,13.38,15375769,350752832.00
2016/11/14,13.33,13.53,13.29,13.49,12898200,297377792.00
2016/11/15,13.50,13.71,13.38,13.71,12650699,293982752.00
2016/11/16,13.99,14.01,13.68,13.71,15185344,360019296.00
2016/11/17,13.65,13.71,13.43,13.50,8566997,198466656.00
2016/11/18,13.53,13.59,13.43,13.50,8686345,201239936.00
2016/11/21,13.52,13.59,13.45,13.49,8984826,208170208.00
2016/11/22,13.42,13.58,13.41,13.58,11729483,271043648.00
2016/11/23,13.59,13.63,13.44,13.44,12883808,298815456.00
2016/11/24,13.43,13.47,13.01,13.11,16967050,384775488.00
2016/11/25,13.14,13.24,12.84,13.24,9804835,219464752.00
2016/11/28,13.28,13.33,13.19,13.23,7271567,165143440.00
2016/11/29,13.24,13.26,13.04,13.05,8130820,183270128.00
2016/11/30,13.01,13.32,12.95,13.16,11782817,266761408.00
2016/12/01,13.18,13.22,13.02,13.14,10179854,229199136.00
2016/12/02,13.15,13.20,12.82,12.91,8207500,182472032.00
2016/12/05,12.97,13.27,12.85,12.99,9258758,207635392.00
2016/12/06,13.01,13.11,12.97,13.07,7078873,158424176.00
2016/12/07,13.07,13.21,13.01,13.17,6993055,157656976.00
2016/12/08,13.17,13.21,13.02,13.03,6602930,148075184.00
2016/12/09,12.98,13.05,12.84,12.88,6760830,150173248.00
2016/12/12,12.99,12.99,11.76,11.83,15196330,321278592.00
2016/12/13,11.82,11.82,11.45,11.63,9541254,190503616.00
2016/12/14,11.73,11.73,11.46,11.50,6229451,124084856.00
2016/12/15,11.51,11.82,11.44,11.57,9576836,191422912.00
2016/12/16,11.57,11.83,11.47,11.70,8614804,173155184.00
2016/12/19,11.70,11.75,11.47,11.49,7537319,149939424.00
2016/12/20,11.51,11.59,11.41,11.50,6977114,137721104.00
2016/12/21,11.51,11.61,11.46,11.57,6826308,135270448.00
2016/12/22,11.57,11.57,11.39,11.44,7003322,137828464.00
2016/12/23,12.03,12.43,11.64,11.76,28533315,588115136.00
2016/12/26,11.92,12.15,11.64,12.11,21775233,447748608.00
2016/12/27,12.03,12.12,11.80,11.92,17672935,362084224.00
2016/12/28,12.05,12.05,11.64,11.64,11045140,223406720.00
2016/12/29,11.75,11.75,11.51,11.53,8558712,170602688.00
2016/12/30,11.46,11.80,11.44,11.58,11801843,235557376.00
2017/01/03,11.64,11.75,11.62,11.69,7568667,151878608.00
2017/01/04,11.68,11.77,11.60,11.74,9460012,190436528.00
2017/01/05,11.73,12.01,11.72,11.81,11578690,236340864.00
2017/01/06,11.81,11.82,11.57,11.58,9529289,190654112.00
2017/01/09,11.58,11.93,11.49,11.79,10939899,220656640.00
2017/01/10,11.76,11.90,11.69,11.72,7151644,144694000.00
2017/01/11,11.69,11.78,11.58,11.58,6669873,133931064.00
2017/01/12,11.55,11.68,11.49,11.56,4856717,96614296.00
2017/01/13,11.56,11.59,11.17,11.18,7953999,156460128.00
2017/01/16,11.18,11.23,10.05,10.36,18093847,327214336.00
2017/01/17,10.36,10.50,10.10,10.49,9280042,165568720.00
2017/01/18,10.54,10.57,10.33,10.37,6997686,125590792.00
2017/01/19,10.27,10.37,10.19,10.22,7245327,128113488.00
2017/01/20,10.22,10.61,10.22,10.51,10135629,182525728.00
2017/01/23,10.75,10.75,10.56,10.60,7614582,139438128.00
2017/01/24,10.60,10.62,10.39,10.42,5175835,93461088.00
2017/01/25,10.40,10.53,10.34,10.45,3768681,67863328.00
2017/01/26,10.48,10.60,10.48,10.57,5867356,106637216.00
2017/02/03,10.56,10.58,10.46,10.53,4090386,74148800.00
2017/02/06,10.49,10.68,10.48,10.65,5920244,107740624.00
2017/02/07,10.63,10.67,10.50,10.55,5638614,102773416.00
2017/02/08,10.53,10.76,10.50,10.71,9187939,168251664.00
2017/02/09,10.71,11.05,10.66,10.93,17477945,327844672.00
2017/02/10,10.93,10.97,10.75,10.77,8204673,152696528.00
2017/02/13,10.75,11.27,10.70,11.21,15747247,299514400.00
2017/02/14,11.28,11.93,11.21,11.76,33062742,661117376.00
2017/02/15,11.64,11.86,11.54,11.62,17119823,344127392.00
2017/02/16,11.62,11.77,11.56,11.73,12250234,246120592.00
2017/02/17,11.73,11.78,11.45,11.58,13351530,266439744.00
2017/02/20,11.60,12.08,11.58,11.95,21647094,442934752.00
2017/02/21,11.97,12.49,11.94,12.17,24275005,511965408.00
2017/02/22,12.17,13.03,12.17,12.86,35306849,767852864.00
2017/02/23,13.18,13.53,12.71,12.94,37255129,834518912.00
2017/02/24,12.89,13.30,12.68,13.01,19814405,442122464.00
2017/02/27,13.01,13.33,12.98,13.02,19599762,442012480.00
2017/02/28,12.98,13.08,12.60,12.69,20833677,455731232.00
2017/03/01,12.67,12.94,12.65,12.69,17005407,372893312.00
2017/03/02,12.72,13.22,12.59,13.13,25910025,576750592.00
2017/03/03,13.06,13.21,12.95,13.09,16837733,378073664.00
2017/03/06,13.00,13.50,13.00,13.50,22998589,523289984.00
2017/03/07,13.42,13.55,13.25,13.47,18052968,414992384.00
2017/03/08,13.41,13.53,12.59,12.65,29071796,646950144.00
2017/03/09,12.61,12.88,12.43,12.69,18634739,404015296.00
2017/03/10,12.65,12.80,12.54,12.57,10048499,218428880.00
2017/03/13,12.57,13.02,12.47,12.98,18329679,403571840.00
2017/03/14,13.05,13.08,12.70,12.91,12389232,273464768.00
2017/03/15,12.91,13.08,12.77,13.01,12313335,274012416.00
2017/03/16,13.22,13.30,12.84,13.00,17231004,385057120.00
2017/03/17,12.95,12.99,12.58,12.59,16648919,365637920.00
2017/03/20,12.58,12.70,12.46,12.66,12685758,273768544.00
2017/03/21,12.63,12.75,12.52,12.68,8633378,187369088.00
2017/03/22,12.65,13.18,12.55,13.16,24695790,549104896.00
2017/03/23,13.12,13.40,12.99,13.32,24167365,549277120.00
2017/03/24,13.33,13.97,13.33,13.86,40099966,948355520.00
2017/03/27,13.92,13.93,13.53,13.73,21749009,512099232.00
2017/03/28,13.76,13.93,13.60,13.63,15940078,376699968.00
2017/03/29,13.60,14.01,13.53,13.64,20217109,478496864.00
2017/03/30,13.59,13.59,13.09,13.26,16235336,369950368.00
2017/03/31,13.17,13.49,13.00,13.24,11464025,260895280.00
2017/04/05,13.17,13.59,13.17,13.36,12139896,278987840.00
2017/04/06,13.30,13.30,12.91,13.01,18570684,415450816.00
2017/04/07,13.01,13.27,12.96,13.12,11153342,251259776.00
2017/04/10,13.12,13.41,13.07,13.16,11722603,266467376.00
2017/04/11,13.08,13.20,12.78,13.03,11835807,262844368.00
2017/04/12,12.93,12.99,12.79,12.80,8828770,194716608.00
2017/04/13,12.67,12.91,12.62,12.67,7462249,163031888.00
2017/04/14,12.68,12.80,12.24,12.34,8181985,174678480.00
2017/04/17,12.29,12.66,12.29,12.48,7451367,159730480.00
2017/04/18,12.53,12.78,12.41,12.66,7297481,158827840.00
2017/04/19,12.63,12.67,11.96,12.03,14348914,300801728.00
2017/04/20,12.03,12.35,11.97,12.22,11211775,234153232.00
2017/04/21,12.12,12.30,11.86,11.88,8083363,167344944.00
2017/04/24,11.93,11.96,11.57,11.62,9871506,197751440.00
2017/04/25,11.62,11.82,11.59,11.60,6936565,139279712.00
2017/04/26,11.70,11.98,11.55,11.89,10779293,218579664.00
2017/04/27,11.83,12.20,11.54,12.08,11761319,240087552.00
2017/04/28,12.02,12.27,11.98,12.14,7813996,163183088.00
2017/05/02,12.21,12.45,12.11,12.30,9413533,199272736.00
2017/05/03,12.33,12.38,11.71,12.30,10066214,211465232.00
2017/05/04,12.32,12.53,12.05,12.38,8581775,182856768.00
2017/05/05,12.37,12.73,12.37,12.44,12383162,267505984.00
2017/05/08,12.38,12.78,12.37,12.53,12323204,267264640.00
2017/05/09,12.56,12.72,12.29,12.50,9944548,213537072.00
2017/05/10,12.59,12.68,12.29,12.37,9612996,206477728.00
2017/05/11,12.37,12.37,11.64,11.96,12053249,247769648.00
2017/05/12,11.94,12.24,11.91,12.16,6498581,134935664.00
2017/05/15,12.18,12.62,12.18,12.58,10275476,217725648.00
2017/05/16,12.56,13.16,12.47,13.12,17740773,390557856.00
2017/05/17,13.05,13.27,12.98,13.12,13412430,300319904.00
2017/05/18,13.05,13.24,12.92,12.95,7466421,166554240.00
2017/05/19,12.99,13.02,12.57,12.69,8250168,179712592.00
2017/05/22,12.69,12.86,12.49,12.65,8041144,174119760.00
2017/05/23,12.54,12.70,12.07,12.11,8992506,189872640.00
2017/05/24,12.10,12.27,11.91,12.15,10525272,217562192.00
2017/05/25,12.15,12.20,11.57,11.96,14886177,300146080.00
2017/05/26,11.88,12.03,11.57,11.62,13540877,271735936.00
2017/05/31,11.79,11.88,11.70,11.80,7230152,145824416.00
2017/06/01,11.76,11.79,11.18,11.27,9997422,196757296.00
2017/06/02,11.23,11.53,10.86,11.42,8576663,163988416.00
2017/06/05,11.46,11.86,11.38,11.69,8300861,165965648.00
2017/06/06,11.68,11.89,11.68,11.80,6232825,125888504.00
2017/06/07,11.79,12.12,11.74,12.05,9606972,196643920.00
2017/06/08,12.05,12.09,11.85,11.97,6363691,129938760.00
2017/06/09,11.98,11.98,11.68,11.79,8174609,164596576.00
2017/06/12,11.70,11.72,11.57,11.62,7812473,155412944.00
2017/06/13,11.58,11.84,11.49,11.80,8905840,177549744.00
2017/06/14,11.72,11.76,11.64,11.70,4206229,84109840.00
2017/06/15,11.69,11.95,11.64,11.92,7292435,147922208.00
2017/06/16,11.91,11.96,11.78,11.82,5650386,114448112.00
2017/06/19,11.81,12.07,11.80,12.02,7365384,151012736.00
2017/06/20,12.05,12.42,12.04,12.37,14844550,311035776.00
2017/06/21,12.43,12.47,12.17,12.36,7811401,164542256.00
2017/06/22,12.44,12.51,11.85,11.85,9819305,204240576.00
2017/06/23,11.86,12.05,11.70,11.89,6352503,128853768.00
2017/06/26,11.89,12.20,11.84,12.16,8889564,182631552.00
2017/06/27,12.17,12.40,12.03,12.10,8484842,177357088.00
2017/06/28,12.04,12.21,11.95,11.99,5350308,110086560.00
2017/06/29,12.08,12.25,12.00,12.25,6686892,138538800.00
2017/06/30,12.23,12.23,12.01,12.07,8095965,167087104.00
2017/07/03,12.01,12.38,12.01,12.33,10313989,215519328.00
2017/07/04,12.38,12.53,12.22,12.45,13792063,291471808.00
2017/07/05,12.44,12.49,12.27,12.41,8728420,184496304.00
2017/07/06,12.47,12.85,12.47,12.63,19231427,416142336.00
2017/07/07,12.62,13.24,12.62,13.18,25564941,567531008.00
2017/07/10,13.24,13.24,12.80,12.89,16556178,366501248.00
2017/07/11,12.72,12.82,12.20,12.31,17757862,379951840.00
2017/07/12,12.28,12.61,12.06,12.56,13927028,293073664.00
2017/07/13,12.56,12.67,12.44,12.57,7313176,156855072.00
2017/07/14,12.65,12.84,12.44,12.53,10606028,229640096.00
2017/07/17,12.38,12.40,11.61,11.97,13900289,285086048.00
2017/07/18,11.76,12.17,11.76,12.08,9857193,201504208.00
2017/07/19,12.09,12.56,11.94,12.51,12095546,254366160.00
2017/07/20,12.51,12.72,12.41,12.60,13875589,298410272.00
2017/07/21,12.54,12.75,12.46,12.51,6978287,150077024.00
2017/07/24,12.51,12.87,12.42,12.72,9639853,209686320.00
2017/07/25,12.76,13.18,12.76,12.91,19523320,432465056.00
2017/07/26,12.84,12.94,12.50,12.91,13339202,289563744.00
2017/07/27,12.83,13.46,12.77,13.41,22633163,511239328.00
2017/07/28,13.41,13.49,13.15,13.15,14517660,329199008.00
2017/07/31,13.25,13.60,13.01,13.47,17966678,410650048.00
2017/08/01,13.45,13.75,13.29,13.34,14725465,338619296.00
2017/08/02,13.59,13.77,13.22,13.41,15589404,358528480.00
2017/08/03,13.41,13.51,12.78,12.94,19801835,442206016.00
2017/08/04,12.93,13.08,12.81,12.94,10448945,231001216.00
2017/08/07,12.89,13.11,12.85,12.92,7077554,156795344.00
2017/08/08,12.88,13.10,12.87,13.02,7989760,176973328.00
2017/08/09,12.97,13.16,12.90,12.94,7811171,173733616.00
2017/08/10,12.95,13.61,12.91,13.47,27058412,613519488.00
2017/08/11,13.35,13.66,13.24,13.28,20682965,473458688.00
2017/08/14,13.33,14.02,13.33,13.95,30732186,722663488.00
2017/08/15,13.96,14.15,13.76,13.95,22401229,533057056.00
2017/08/16,13.89,14.28,13.82,14.08,23302005,559705024.00
2017/08/17,13.92,14.01,13.62,13.95,18422783,434270464.00
2017/08/18,13.79,14.03,13.73,13.78,10696195,252618896.00
2017/08/21,13.76,13.97,13.70,13.88,10586179,249872912.00
2017/08/22,13.82,13.86,13.52,13.58,13101470,304746464.00
2017/08/23,13.59,13.74,13.45,13.56,7934096,183935984.00
2017/08/24,13.64,13.70,13.36,13.44,13305709,306599616.00
2017/08/25,13.39,13.88,13.39,13.88,13345147,312229888.00
2017/08/28,13.83,14.34,13.83,14.12,21141631,509038496.00
2017/08/29,14.28,14.75,14.18,14.30,31069934,768586368.00
2017/08/30,14.72,15.75,14.72,15.75,54220962,1417933952.00
2017/08/31,16.17,16.30,15.66,16.04,60961083,1658856192.00
2017/09/01,16.25,16.42,15.67,16.28,54335406,1482634240.00
2017/09/04,16.26,16.88,15.84,15.96,52798329,1467325056.00
2017/09/05,15.84,16.05,15.49,15.95,34003135,913177792.00
2017/09/06,15.80,16.09,15.62,16.05,29114659,786756672.00
2017/09/07,16.28,16.62,15.64,15.73,42048629,1156438912.00
2017/09/08,15.37,15.54,15.18,15.38,30117782,788151104.00
2017/09/11,15.41,16.28,15.38,16.14,37209724,1004142720.00
2017/09/12,16.08,17.07,16.02,16.79,51589793,1467264640.00
2017/09/13,16.16,16.20,15.25,15.66,50003211,1336910848.00
2017/09/14,15.59,15.89,15.20,15.30,30592191,810681728.00
2017/09/15,15.36,15.74,15.18,15.60,21747701,573406656.00
2017/09/18,15.43,15.72,15.20,15.66,16203801,428151456.00
2017/09/19,15.66,15.91,15.14,15.28,24102123,637738752.00
2017/09/20,15.31,15.40,14.83,14.98,29030668,741458048.00
2017/09/21,14.99,15.40,14.91,15.00,17995512,465035328.00
2017/09/22,14.95,14.95,14.54,14.65,15194741,381630080.00
2017/09/25,14.70,14.76,14.22,14.26,17166108,421835488.00
2017/09/26,14.34,14.51,14.14,14.50,12614957,308533312.00
2017/09/27,14.54,15.02,14.51,14.94,16973964,430011776.00
2017/09/28,14.99,15.17,14.79,14.83,9383836,239038848.00
2017/09/29,14.81,15.22,14.75,14.98,10969214,281577376.00
2017/10/09,15.14,15.47,14.95,15.38,15890133,414510144.00
2017/10/10,15.37,15.50,15.06,15.30,13281936,346071008.00
2017/10/11,15.24,15.27,14.77,14.78,13944415,355527904.00
2017/10/12,14.75,15.10,14.73,14.79,10096031,257110464.00
2017/10/13,14.82,16.18,14.81,15.91,39110994,1044377600.00
2017/10/16,15.91,16.44,15.85,16.01,32513660,891758528.00
2017/10/17,15.99,16.79,15.77,16.33,32684665,914432768.00
2017/10/18,15.85,16.32,15.75,16.02,28692643,782878080.00
2017/10/19,16.00,16.29,15.53,15.54,16777656,454021472.00
2017/10/20,15.40,16.20,15.34,16.20,17034428,458755744.00
2017/10/23,16.18,16.54,15.90,16.43,19420340,540004736.00
2017/10/24,16.44,16.61,16.02,16.27,15476677,430301312.00
2017/10/25,16.43,17.22,16.43,17.11,33422375,961894400.00
2017/10/26,17.14,17.22,16.88,17.17,21781152,632857088.00
2017/10/27,17.02,17.12,16.61,16.88,20857382,599394048.00
2017/10/30,17.10,17.22,16.18,16.64,23179326,658442368.00
2017/10/31,16.72,16.78,16.25,16.69,14160775,398876960.00
2017/11/01,16.71,17.01,16.40,16.91,16652350,476241504.00
2017/11/02,16.85,16.85,16.02,16.12,19303519,536674048.00
2017/11/03,16.32,16.37,15.67,15.79,15209033,414864352.00
2017/11/06,15.80,16.31,15.65,16.30,15639300,425561888.00
2017/11/07,16.08,16.27,15.77,16.22,17020799,463421792.00
2017/11/08,16.27,16.55,15.83,15.93,14018928,387512512.00
2017/11/09,16.05,16.73,15.81,16.72,25478635,705341184.00
2017/11/10,16.68,18.06,16.62,17.92,47457617,1402107264.00
2017/11/13,17.80,18.15,17.47,18.15,27864341,846442560.00
2017/11/14,18.06,18.06,17.14,17.44,29744704,889116096.00
2017/11/15,17.62,17.67,16.96,17.56,22392468,664886784.00
2017/11/16,17.45,17.54,17.00,17.40,20328211,599185280.00
2017/11/17,17.26,17.37,16.14,16.24,26062427,751474496.00
2017/11/20,15.91,16.73,15.61,16.63,17706224,487242336.00
2017/11/21,16.47,16.69,16.07,16.43,17141859,478260576.00
2017/11/22,16.43,16.60,15.67,15.96,20829972,574530752.00
2017/11/23,16.02,16.02,15.05,15.05,23103470,605054080.00
2017/11/24,15.01,15.40,14.91,15.21,10451243,269730560.00
2017/11/27,15.14,15.44,14.80,15.10,10694952,275889792.00
2017/11/28,15.01,15.55,15.01,15.32,9600058,251472640.00
2017/11/29,15.36,15.75,15.10,15.33,13281185,348876320.00
2017/11/30,15.14,15.24,14.66,14.89,15190240,385361856.00
2017/12/01,14.78,15.34,14.73,14.98,11022636,282677280.00
2017/12/04,14.96,15.36,14.83,15.12,12190725,315593312.00
2017/12/05,14.96,15.18,13.95,14.27,25933799,636817792.00
2017/12/06,14.39,14.64,14.07,14.59,14082751,346070624.00
2017/12/07,14.60,14.80,14.46,14.57,12380362,309459712.00
2017/12/08,14.47,15.27,14.47,15.18,19324900,495765248.00
2017/12/11,15.10,15.50,15.01,15.41,14878656,389408000.00
2017/12/12,15.33,15.66,15.06,15.25,12857669,336303040.00
2017/12/13,15.25,15.34,14.72,15.28,14432876,370355584.00
2017/12/14,15.18,15.18,14.63,15.00,17790789,451820096.00
2017/12/15,14.88,15.12,14.72,14.83,9330884,237276144.00
2017/12/18,14.86,15.02,14.63,14.83,6026280,152669456.00
2017/12/19,14.85,15.21,14.84,15.07,9467736,243420224.00
2017/12/20,15.09,15.09,14.28,14.54,16872915,417969664.00
2017/12/21,14.56,14.82,14.21,14.68,10618070,264316528.00
2017/12/22,14.68,14.77,14.34,14.43,9134475,225637328.00
2017/12/25,14.43,14.46,13.48,13.66,21552535,506357504.00
2017/12/26,13.54,14.19,13.48,14.02,11862769,281844352.00
2017/12/27,13.94,13.96,13.45,13.53,15643286,365246816.00
2017/12/28,13.51,13.92,13.48,13.84,11822899,277731328.00
2017/12/29,13.89,14.05,13.71,13.82,7715205,182225040.00
2018/01/02,13.88,14.08,13.49,13.98,10405827,245584560.00
2018/01/03,14.03,14.36,13.86,14.21,12614108,304730880.00
2018/01/04,14.16,14.37,14.02,14.09,10725770,258936704.00
2018/01/05,14.12,14.16,13.78,13.79,8097110,192348576.00
2018/01/08,13.82,13.86,13.47,13.68,12218917,283549248.00
2018/01/09,13.68,13.99,13.65,13.99,9010305,212105184.00
2018/01/10,13.99,13.99,13.03,13.26,29329132,668410880.00
2018/01/11,13.22,13.28,12.78,13.21,14332256,320699232.00
2018/01/12,13.24,13.24,12.88,12.90,10739757,240175088.00
2018/01/15,12.94,12.97,12.28,12.38,18651248,401084128.00
2018/01/16,12.44,12.51,11.93,12.07,16069695,334986304.00
2018/01/17,12.11,12.94,11.83,12.78,22763403,484272704.00
2018/01/18,12.66,12.79,12.43,12.47,10798351,232349696.00
2018/01/19,12.47,12.69,12.29,12.36,8452727,180907648.00
2018/01/22,12.35,12.63,11.93,12.55,11694621,246515552.00
2018/01/23,12.56,12.56,12.20,12.25,9312477,196657120.00
2018/01/24,12.41,12.66,12.23,12.54,13925220,296897568.00
2018/01/25,12.47,12.92,12.43,12.59,15143266,328979936.00
2018/01/26,12.58,12.76,12.11,12.15,16552878,348858720.00
2018/01/29,12.16,12.26,11.85,11.93,14406651,294702720.00
2018/01/30,11.91,12.07,11.76,11.88,7723009,157258832.00
2018/01/31,11.82,11.96,11.72,11.84,8848049,178746464.00
2018/02/01,11.84,11.99,11.63,11.67,10851035,218693344.00
2018/02/02,11.70,12.12,11.47,11.98,15073528,306822208.00
2018/02/05,11.76,11.85,11.51,11.54,12226325,243006272.00
2018/02/06,11.12,11.52,10.64,10.75,14616797,276155456.00
2018/02/07,11.05,11.11,10.27,10.59,12086921,220710944.00
2018/02/08,10.59,11.05,10.53,10.98,11324701,210797088.00
2018/02/09,10.72,11.25,10.61,10.96,17832476,336232416.00
2018/02/12,11.11,11.30,10.87,11.20,15359264,290919808.00
2018/02/13,11.17,11.40,11.07,11.09,10239223,196763968.00
2018/02/14,11.13,11.22,10.91,11.03,5094004,96079432.00
2018/02/22,11.19,11.47,11.12,11.47,9047859,175479776.00
2018/02/23,11.46,11.51,11.27,11.29,10229734,198877904.00
2018/02/26,11.37,12.27,11.33,12.20,23131478,471319584.00
2018/02/27,12.02,12.54,12.01,12.34,24154606,510117440.00
2018/02/28,12.26,12.56,12.11,12.27,15329390,323889024.00
2018/03/01,12.20,12.48,12.12,12.44,11987034,252980256.00
2018/03/02,12.33,12.68,12.20,12.23,14987226,318840000.00
2018/03/05,12.28,12.54,12.23,12.52,9744020,206681488.00
2018/03/06,12.56,12.79,12.47,12.70,13616510,294483168.00
2018/03/07,12.62,12.71,12.31,12.37,10875031,231414544.00
2018/03/08,12.35,12.60,12.18,12.31,11496813,242062896.00
2018/03/09,12.21,12.71,12.21,12.65,20751733,443192064.00
2018/03/12,12.75,13.27,12.75,12.91,24802406,549694336.00
2018/03/13,12.86,13.29,12.82,13.08,19996828,446854208.00
2018/03/14,13.03,13.03,12.60,12.63,17254588,376718880.00
2018/03/15,12.65,12.75,12.18,12.44,15597108,330746816.00
2018/03/16,12.41,12.98,12.26,12.77,21387774,462922976.00
2018/03/19,12.73,12.95,12.44,12.79,17131364,372773696.00
2018/03/20,12.59,12.70,12.39,12.61,11369696,243840640.00
2018/03/21,12.60,12.90,12.53,12.56,15547795,338897728.00
2018/03/22,12.57,12.72,12.30,12.30,11608942,248419136.00
2018/03/23,11.65,11.65,11.06,11.06,32749194,634619520.00
2018/03/26,10.86,11.27,10.43,11.25,15635378,290935456.00
2018/03/27,11.40,11.76,11.40,11.64,17064217,337840320.00
2018/03/28,11.39,11.56,11.30,11.44,12365143,241665408.00
2018/03/29,11.45,11.60,11.41,11.46,8554263,167787888.00
2018/03/30,11.52,11.80,11.52,11.79,13168800,263678720.00
2018/04/02,12.30,12.75,12.00,12.13,29996768,633354624.00
2018/04/03,11.82,11.98,11.60,11.93,20100812,404320480.00
2018/04/04,11.93,11.98,11.64,11.70,14298651,287640384.00
2018/04/09,11.60,11.75,11.32,11.35,12923802,253949648.00
2018/04/10,11.38,11.47,11.22,11.40,11233093,217635680.00
2018/04/11,11.47,11.59,11.42,11.44,9138237,179593088.00
2018/04/12,11.55,11.68,11.41,11.50,10052600,198405760.00
2018/04/13,11.56,11.61,11.37,11.46,7156354,140552384.00
2018/04/16,11.35,11.44,11.21,11.34,7439079,143923408.00
2018/04/17,11.51,11.69,11.15,11.26,9467757,184685216.00
2018/04/18,11.33,11.43,10.99,11.40,11270530,216272160.00
2018/04/19,11.40,11.44,11.24,11.30,11966445,231982752.00
2018/04/20,11.34,11.43,10.75,10.86,15532233,295132992.00
2018/04/23,10.88,10.88,10.47,10.58,9897191,179634480.00
2018/04/24,10.62,10.87,10.51,10.84,9306180,170783968.00
2018/04/25,10.80,11.14,10.70,11.12,12157672,229278352.00
2018/04/26,11.07,11.12,10.65,10.69,8573685,159932208.00
2018/04/27,10.75,11.03,10.75,10.88,6784000,126558728.00
2018/05/02,10.91,11.35,10.91,11.28,12249773,234715200.00
2018/05/03,11.27,11.48,11.06,11.46,13022064,252111040.00
2018/05/04,11.54,11.68,11.31,11.32,11630876,228474672.00
2018/05/07,11.34,11.58,11.32,11.49,9798138,192646176.00
2018/05/08,11.51,11.79,11.39,11.72,15851048,315607328.00
2018/05/09,11.85,11.85,11.61,11.69,9691556,194070032.00
2018/05/10,11.70,11.79,11.54,11.72,8862428,176587488.00
2018/05/11,11.85,12.01,11.73,11.94,17532584,356942528.00
2018/05/14,11.86,12.23,11.86,11.94,13391235,275856416.00
2018/05/15,11.89,11.94,11.54,11.72,10664961,213052880.00
2018/05/16,11.67,11.69,11.46,11.48,10049740,198168896.00
2018/05/17,11.51,11.65,11.44,11.46,6836178,134895792.00
2018/05/18,11.43,11.57,11.36,11.42,7094064,138824464.00
2018/05/21,11.70,11.99,11.66,11.86,14862977,301207712.00
2018/05/22,11.88,12.14,11.85,12.05,14182018,291246592.00
2018/05/23,12.12,12.13,11.78,11.81,11338754,176511776.00
2018/05/24,11.76,11.92,11.62,11.70,8711289,134262432.00
2018/05/25,11.59,11.70,11.41,11.52,7950223,119981320.00
2018/05/28,11.51,11.75,11.38,11.62,7796548,118766096.00
2018/05/29,11.66,11.82,11.62,11.74,8810355,135359232.00
2018/05/30,11.47,11.50,11.06,11.08,11924006,176064944.00
2018/05/31,11.20,11.33,10.90,11.08,9384104,136488992.00
2018/06/01,11.08,11.08,10.68,10.80,7119547,101148144.00
2018/06/04,10.85,11.05,10.73,10.98,5491509,78620592.00
2018/06/05,11.08,12.08,11.07,12.08,44369030,691035456.00
2018/06/06,12.44,12.79,12.32,12.55,60938580,999459520.00
2018/06/07,12.61,12.73,12.36,12.46,32185197,525624384.00
2018/06/08,12.45,12.58,12.15,12.33,29207264,473499232.00
2018/06/11,12.39,12.58,12.19,12.25,25434503,412651168.00
2018/06/12,12.36,12.42,11.78,12.28,25201760,398976608.00
2018/06/13,12.15,12.21,11.85,11.89,15119809,238020320.00
2018/06/14,11.88,12.04,11.55,11.71,17373727,268396192.00
2018/06/15,11.69,11.82,11.22,11.44,18010287,270218528.00
2018/06/19,11.04,11.26,10.28,10.28,30883927,427455296.00
2018/06/20,10.15,10.35,9.47,9.94,28968422,378913376.00
2018/06/21,9.95,10.00,9.16,9.22,23211582,290586624.00
2018/06/22,9.12,9.48,8.83,9.40,15637244,189359536.00
2018/06/25,9.49,9.65,9.16,9.21,16349209,201866352.00
2018/06/26,8.95,9.63,8.87,9.57,15055587,186055584.00
2018/06/27,9.66,9.68,9.28,9.38,11218522,139348080.00
2018/06/28,9.42,9.79,9.39,9.45,12355825,154688384.00
2018/06/29,9.55,9.88,9.42,9.82,13842086,175589648.00
2018/07/02,9.77,9.88,9.42,9.56,9065958,114734688.00
2018/07/03,9.67,9.73,9.25,9.56,16777247,207814800.00
2018/07/04,9.55,9.55,9.02,9.13,14022612,169670064.00
2018/07/05,9.08,9.27,8.82,8.82,12269460,145368592.00
2018/07/06,8.85,9.15,8.60,8.95,13850542,162665584.00
2018/07/09,8.94,9.62,8.94,9.54,19244817,237177936.00
2018/07/10,9.54,9.62,9.42,9.57,12209530,152370944.00
2018/07/11,9.29,9.47,9.11,9.38,12071577,147049568.00
2018/07/12,9.40,10.28,9.40,10.14,30159677,392037920.00
2018/07/13,10.08,10.14,9.95,10.06,13944680,183238160.00
2018/07/16,10.06,10.20,10.00,10.08,10140975,133712216.00
2018/07/17,10.08,10.12,9.70,10.00,14075857,182319856.00
2018/07/18,10.00,10.04,9.66,9.68,11550808,149090768.00
2018/07/19,9.75,9.87,9.64,9.76,10367732,132724264.00
2018/07/20,9.76,9.95,9.71,9.91,9248511,119495248.00
2018/07/23,9.83,10.18,9.76,10.12,15026091,198136960.00
2018/07/24,10.16,10.29,9.98,10.23,16394798,218739088.00
2018/07/25,10.23,10.28,9.96,10.05,11429746,151569072.00
2018/07/26,10.05,10.05,9.70,9.79,12195942,156752096.00
2018/07/27,9.77,9.77,9.49,9.57,8999074,113286168.00
2018/07/30,9.46,9.63,9.18,9.32,10556915,129523448.00
2018/07/31,9.23,9.35,9.19,9.26,7819686,94824672.00
2018/08/01,9.38,9.49,9.15,9.15,11259437,137428368.00
2018/08/02,9.14,9.16,8.47,8.74,13758518,158415584.00
2018/08/03,8.72,8.82,8.61,8.61,5856084,66967800.00
2018/08/06,8.54,8.77,8.45,8.56,6728578,76028816.00
2018/08/07,8.63,8.92,8.61,8.92,9476847,109037600.00
2018/08/08,8.90,8.92,8.68,8.73,6358359,73339960.00
2018/08/09,8.75,9.08,8.73,8.96,15643724,183579424.00
2018/08/10,8.92,9.02,8.83,8.94,10934645,127596144.00
2018/08/13,8.78,8.97,8.64,8.96,12117081,139134144.00
2018/08/14,8.84,8.87,8.62,8.71,10555935,121018840.00
2018/08/15,8.70,8.78,8.52,8.55,9040093,102186240.00
2018/08/16,8.46,8.58,8.34,8.48,8366702,93066480.00
2018/08/17,8.58,8.68,8.31,8.31,9684398,107501512.00
2018/08/20,8.31,8.42,7.91,8.37,10130253,109048024.00
2018/08/21,8.32,8.56,8.25,8.47,10158564,112418656.00
2018/08/22,8.50,8.58,8.21,8.27,8819438,97254928.00
2018/08/23,8.31,8.76,8.31,8.65,19098746,215174512.00
2018/08/24,8.64,8.75,8.51,8.68,13024296,147977376.00
2018/08/27,8.73,8.97,8.72,8.90,14686989,170824928.00
2018/08/28,8.87,9.08,8.85,8.95,14454050,169864096.00
2018/08/29,8.92,9.03,8.87,8.91,8640504,100976536.00
2018/08/30,8.88,8.98,8.76,8.84,10701964,124451984.00
2018/08/31,8.78,8.92,8.75,8.75,8291979,96081848.00
2018/09/03,8.78,8.98,8.58,8.98,12961405,149878112.00
2018/09/04,8.96,9.05,8.79,8.98,15967062,187047888.00
2018/09/05,8.98,8.99,8.74,8.75,11175285,130265488.00
2018/09/06,8.70,8.88,8.60,8.72,10950613,125402536.00
2018/09/07,8.81,9.21,8.77,9.03,23754561,280548192.00
2018/09/10,8.96,8.98,8.12,8.16,30066250,334291520.00
2018/09/11,8.08,8.26,7.96,8.18,11874264,126434896.00
2018/09/12,8.15,8.25,8.09,8.13,7602718,81428056.00
2018/09/13,8.34,8.46,8.10,8.26,11645432,126308576.00
2018/09/14,8.25,8.28,7.93,8.01,13505730,143037632.00
2018/09/17,7.92,7.97,7.85,7.87,6449416,66881592.00
2018/09/18,7.81,8.02,7.80,8.02,7399452,77042536.00
2018/09/19,8.04,8.27,8.04,8.16,12474443,133688208.00
2018/09/20,8.19,8.21,8.05,8.08,8070073,86081104.00
2018/09/21,8.14,8.25,8.03,8.23,13735075,146946112.00
2018/09/25,8.14,8.22,8.11,8.15,6753944,72374416.00
2018/09/26,8.15,8.28,8.13,8.19,10321509,111108784.00
2018/09/27,8.19,8.19,7.87,7.93,13642293,143250608.00
2018/09/28,7.94,7.99,7.74,7.92,15629454,160871280.00
2018/10/08,7.76,7.78,7.56,7.59,11256398,113711400.00
2018/10/09,7.62,7.72,7.56,7.62,7193780,72155744.00
2018/10/10,7.66,7.69,7.37,7.50,12748723,125824304.00
2018/10/11,7.15,7.25,6.75,6.75,18364551,167502320.00
2018/10/12,6.68,6.68,6.21,6.54,19267382,163811936.00
2018/10/15,6.54,6.64,6.37,6.38,11625166,99845336.00
2018/10/16,6.43,6.52,6.23,6.29,8658171,72483088.00
2018/10/17,6.55,6.58,6.32,6.51,12888636,109383688.00
2018/10/18,6.47,6.73,6.35,6.53,17269489,149499824.00
2018/10/19,6.42,6.91,6.40,6.85,22162447,195913776.00
2018/10/22,6.98,7.48,6.88,7.43,29509371,277428416.00
2018/10/23,7.35,7.37,7.11,7.13,19110550,181234944.00
2018/10/24,7.13,7.22,7.02,7.15,13610465,127580928.00
2018/10/25,6.99,7.42,6.85,7.42,19218441,182269136.00
2018/10/26,7.45,7.64,7.32,7.41,15367032,150688320.00
2018/10/29,7.43,7.51,7.22,7.25,10844235,104722512.00
2018/10/30,7.31,7.61,7.16,7.52,17170149,168011760.00
2018/10/31,7.58,7.60,7.44,7.54,13703811,135715680.00
2018/11/01,7.63,7.79,7.52,7.52,18877739,189145392.00
2018/11/02,7.69,7.85,7.65,7.85,23739597,241975792.00
2018/11/05,7.80,7.88,7.54,7.74,21374521,216588272.00
2018/11/06,7.66,7.66,7.48,7.62,12671788,125796216.00
2018/11/07,7.55,7.84,7.55,7.68,14375947,145533152.00
2018/11/08,7.77,7.80,7.48,7.54,12090142,120958408.00
2018/11/09,7.52,7.60,7.45,7.46,8289411,81987704.00
2018/11/12,7.45,7.77,7.45,7.75,17857289,179924544.00
2018/11/13,7.59,7.83,7.55,7.75,17794836,179978112.00
2018/11/14,7.78,7.85,7.69,7.72,14758894,150666784.00
2018/11/15,7.76,8.10,7.72,8.06,25873401,268543232.00
2018/11/16,8.11,8.30,7.92,8.18,29831236,317264384.00
2018/11/19,8.15,8.58,8.10,8.48,31777051,347426240.00
2018/11/20,8.47,8.47,7.89,7.89,31656601,338399328.00
2018/11/21,7.78,8.00,7.72,7.93,12304827,127353288.00
2018/11/22,7.91,8.10,7.90,7.98,12124614,127787944.00
2018/11/23,7.97,8.04,7.62,7.62,16014060,162468624.00
2018/11/26,7.67,7.83,7.52,7.60,10718750,107413568.00
2018/11/27,7.68,7.75,7.57,7.65,8543951,85996416.00
2018/11/28,7.65,7.98,7.54,7.95,14630814,149104544.00
2018/11/29,7.97,7.98,7.65,7.65,11125695,114218064.00
2018/11/30,7.64,7.81,7.52,7.74,9559840,95716832.00
2018/12/03,8.00,8.10,7.93,8.03,18105169,191051424.00
2018/12/04,8.02,8.08,7.93,8.05,11274544,118846936.00
2018/12/05,7.86,8.01,7.82,7.92,9497364,98687600.00
2018/12/06,7.85,7.87,7.65,7.68,10341197,105205768.00
2018/12/07,7.68,7.81,7.68,7.74,5519382,56080956.00
2018/12/10,7.67,7.72,7.60,7.61,6271702,63034992.00
2018/12/11,7.62,7.71,7.56,7.64,5606556,56099684.00
2018/12/12,7.67,7.71,7.51,7.53,7911596,78826720.00
2018/12/13,7.60,7.74,7.57,7.69,7771746,78185616.00
2018/12/14,7.65,7.68,7.45,7.48,7200600,71566440.00
2018/12/17,7.48,7.54,7.34,7.48,4680066,45730404.00
2018/12/18,7.42,7.50,7.30,7.46,5145421,50044176.00
2018/12/19,7.49,7.49,7.37,7.38,3139325,30636386.00
2018/12/20,7.37,7.52,7.33,7.48,5096168,49935696.00
2018/12/21,7.46,7.52,7.41,7.47,3509354,34415256.00
2018/12/24,7.43,7.61,7.43,7.58,3918602,38863200.00
2018/12/25,7.49,7.54,7.15,7.47,7002826,67737320.00
2018/12/26,7.48,7.65,7.48,7.48,6644769,66007464.00
2018/12/27,7.64,7.64,7.33,7.35,5353094,52735000.00
2018/12/28,7.37,7.45,7.26,7.28,4409004,42515564.00
2019/01/02,7.28,7.38,7.28,7.32,3927489,37807024.00
2019/01/03,7.31,7.40,7.18,7.19,5184998,49714852.00
2019/01/04,7.15,7.43,7.08,7.42,6975273,67028088.00
2019/01/07,7.46,7.58,7.45,7.56,7293748,72090960.00
2019/01/08,7.45,7.58,7.44,7.51,5740256,56654248.00
2019/01/09,7.54,7.76,7.50,7.62,11770157,118341128.00
2019/01/10,7.63,7.68,7.56,7.60,5750985,57586616.00
2019/01/11,7.59,7.68,7.37,7.48,11598232,113746544.00
2019/01/14,7.46,7.53,7.39,7.41,4653833,45453352.00
2019/01/15,7.39,7.50,7.35,7.49,6707562,65512524.00
2019/01/16,7.48,7.53,7.36,7.36,6723495,65681948.00
2019/01/17,7.37,7.42,7.25,7.27,6311285,60636384.00
2019/01/18,7.27,7.36,7.18,7.32,6723139,64219336.00
2019/01/21,7.35,7.36,7.25,7.29,6523013,62603268.00
2019/01/22,7.30,7.37,7.25,7.28,5761308,55277192.00
2019/01/23,7.23,7.28,7.19,7.22,4375134,41517540.00
2019/01/24,7.23,7.32,7.15,7.25,8218708,78196376.00
2019/01/25,7.25,7.38,7.18,7.33,11755901,112757840.00
2019/01/28,7.38,7.42,7.26,7.27,6730611,64911016.00
2019/01/29,7.24,7.27,6.73,6.96,10658297,97755944.00
2019/01/30,6.92,7.08,6.91,6.92,4929468,45352420.00
2019/01/31,6.95,7.10,6.94,6.98,5506831,50722132.00
2019/02/01,7.10,7.28,7.02,7.28,7088937,66958752.00
2019/02/11,7.28,7.83,7.27,7.83,22354013,224262368.00
2019/02/12,7.83,7.90,7.73,7.85,19867452,203833184.00
2019/02/13,7.87,8.57,7.84,8.28,42594495,458682976.00
2019/02/14,8.20,8.25,8.05,8.19,24326895,260257168.00
2019/02/15,8.18,8.37,8.08,8.15,19392258,209446928.00
2019/02/18,8.24,8.51,8.10,8.49,30858332,338123968.00
2019/02/19,8.48,8.59,8.21,8.30,32529609,356784736.00
2019/02/20,8.38,8.48,8.12,8.26,21564828,234070944.00
2019/02/21,8.24,8.87,8.19,8.55,53215377,599379712.00
2019/02/22,8.62,9.14,8.51,9.12,45659225,528306048.00
2019/02/25,9.24,9.98,9.15,9.82,55411423,695333568.00
2019/02/26,9.74,9.82,9.38,9.59,40128416,504004064.00
2019/02/27,9.54,9.65,9.23,9.44,27964225,347157248.00
2019/02/28,9.42,9.52,9.23,9.44,20187182,248609056.00
2019/03/01,9.47,9.50,9.15,9.35,21016585,255125296.00
2019/03/04,9.53,10.22,9.42,10.02,56914641,726853440.00
2019/03/05,9.81,10.22,9.71,10.19,39974075,521306080.00
2019/03/06,10.27,10.38,9.81,10.03,36794307,481932416.00
2019/03/07,10.00,10.18,9.70,10.09,38982510,507150784.00
2019/03/08,9.77,11.11,9.64,10.62,83729829,1157343616.00
2019/03/11,11.06,11.68,10.85,11.68,89114915,1334794624.00
2019/03/12,11.88,11.88,11.31,11.65,54591419,821511744.00
2019/03/13,11.62,11.62,10.48,10.61,66860988,958092096.00
2019/03/14,10.46,10.62,10.05,10.28,31730059,427940480.00
2019/03/15,10.39,10.68,10.32,10.65,33781335,465142944.00
2019/03/18,10.66,10.88,10.39,10.88,28806439,400325216.00
2019/03/19,10.77,10.87,10.64,10.71,18614064,261374000.00
2019/03/20,10.65,10.65,10.15,10.52,23041701,313677952.00
2019/03/21,10.53,11.22,10.53,11.05,48071900,686712320.00
2019/03/22,11.05,11.19,10.63,11.14,38680337,553230528.00
2019/03/25,10.81,11.34,10.72,10.82,30706858,443350496.00
2019/03/26,10.85,11.02,10.46,10.48,20936234,293020800.00
2019/03/27,10.73,10.89,10.25,10.76,24309878,339182560.00
2019/03/28,10.68,10.92,10.46,10.49,22214378,310372288.00
2019/03/29,10.42,11.02,10.30,10.92,31690039,442880512.00
2019/04/01,10.95,11.88,10.95,11.52,45384457,677015872.00
2019/04/02,11.58,11.62,11.23,11.29,30299094,451970368.00
2019/04/03,11.14,11.52,11.11,11.44,28293602,421032736.00
2019/04/04,11.45,11.67,11.23,11.32,27311810,407085600.00
2019/04/08,11.35,11.42,10.79,10.92,28025588,405093312.00
2019/04/09,10.92,11.21,10.77,11.01,13929901,200231008.00
2019/04/10,10.85,10.97,10.60,10.85,19372005,273047072.00
2019/04/11,10.86,10.88,10.39,10.42,20558826,284612576.00
2019/04/12,10.31,10.31,9.81,10.10,34202687,449580896.00
2019/04/15,10.19,10.74,10.19,10.28,27946905,381966976.00
2019/04/16,10.15,10.58,9.98,10.54,19864198,267973408.00
2019/04/17,10.58,10.76,10.45,10.47,23323046,323342144.00
2019/04/18,10.54,10.57,10.32,10.39,10321426,140966752.00
2019/04/19,10.32,10.61,10.30,10.54,13645716,187239136.00
2019/04/22,10.65,10.67,10.31,10.35,12602475,172218304.00
2019/04/23,10.38,10.48,10.08,10.25,14174357,190501648.00
2019/04/24,10.30,10.73,10.25,10.68,24590594,340081568.00
2019/04/25,10.62,10.73,10.29,10.30,18422234,255050672.00
2019/04/26,10.29,10.64,10.20,10.38,15402139,210924880.00
2019/04/29,10.35,10.44,9.68,9.73,16381975,216280656.00
2019/04/30,9.74,10.45,9.74,10.26,18650415,250200048.00
2019/05/06,9.85,10.08,9.23,9.38,26456877,329685184.00
2019/05/07,9.39,9.51,9.06,9.37,16386525,199528480.00
2019/05/08,9.15,9.44,9.08,9.18,8375905,101658432.00
2019/05/09,9.14,9.28,8.98,8.99,8488756,101434792.00
2019/05/10,9.22,9.47,8.98,9.45,16927518,207163104.00
2019/05/13,9.36,9.47,9.00,9.06,15799549,189787360.00
2019/05/14,8.82,9.15,8.82,8.93,7635656,89992944.00
2019/05/15,9.08,9.18,8.95,9.17,11159973,132577472.00
2019/05/16,9.14,9.19,8.98,9.13,9069300,108072824.00
2019/05/17,9.15,9.30,8.54,8.64,16474183,191566000.00
2019/05/20,8.65,8.69,8.10,8.58,16038880,175918624.00
2019/05/21,8.50,8.85,8.46,8.70,10677037,121941720.00
2019/05/22,8.73,8.82,8.52,8.65,8566180,97336064.00
2019/05/23,8.54,8.61,8.26,8.43,11086189,122091096.00
2019/05/24,8.39,8.49,8.23,8.30,8624927,94424856.00
2019/05/27,8.38,8.59,8.26,8.58,11646811,129696816.00
2019/05/28,8.61,8.65,8.43,8.51,9185564,103162328.00
2019/05/29,8.50,8.67,8.45,8.56,7549693,85173696.00
2019/05/30,8.58,8.58,8.32,8.50,7034313,77780648.00
2019/05/31,8.49,8.58,8.42,8.45,6418748,71516432.00
2019/06/03,8.45,8.73,8.27,8.62,11012690,122980144.00
2019/06/04,8.56,8.56,8.30,8.37,9498029,104645320.00
2019/06/05,8.50,8.52,8.28,8.36,6147383,67679088.00
2019/06/06,8.35,8.35,8.13,8.19,6858025,73869600.00
2019/06/10,8.25,8.35,8.15,8.26,6153242,66804932.00
2019/06/11,8.32,8.73,8.21,8.68,13233613,147944688.00
2019/06/12,8.68,8.75,8.54,8.57,9033296,102090400.00
2019/06/13,8.50,8.73,8.50,8.69,8495373,96246152.00
2019/06/14,8.68,8.68,8.42,8.46,8142616,91124648.00
2019/06/17,8.49,8.52,8.33,8.48,6411713,70974272.00
2019/06/18,8.47,8.51,8.33,8.38,5222631,57711640.00
2019/06/19,8.65,8.96,8.54,8.84,21968624,252785408.00
2019/06/20,8.82,9.08,8.68,8.91,14803965,172673616.00
2019/06/21,8.96,9.27,8.90,9.05,16308520,193671488.00
2019/06/24,9.05,9.05,8.83,8.88,8754367,102125560.00
2019/06/25,8.85,8.89,8.60,8.75,8486989,96984768.00
2019/06/26,8.66,8.84,8.63,8.69,7996778,91506632.00
2019/06/27,8.76,9.12,8.74,9.00,17302987,202845792.00
2019/06/28,8.97,8.98,8.70,8.83,9455582,109192368.00
2019/07/01,9.15,9.72,9.14,9.63,33551525,416827744.00
2019/07/02,9.58,9.77,9.48,9.54,18283912,229679696.00
2019/07/03,9.52,9.65,9.34,9.42,14207162,176392320.00
2019/07/04,9.43,9.62,9.38,9.48,10014373,124271272.00
2019/07/05,9.43,9.57,9.35,9.48,7327422,90798320.00
2019/07/08,9.44,9.44,9.02,9.11,12318851,148185984.00
2019/07/09,9.12,9.22,9.00,9.07,7049412,83978104.00
2019/07/10,9.21,9.48,9.14,9.47,18426448,225421728.00
2019/07/11,9.52,9.58,9.25,9.29,16736536,206824784.00
2019/07/12,9.23,9.36,9.20,9.25,8246373,100204424.00
2019/07/15,9.21,9.55,8.96,9.45,16399065,200224736.00
2019/07/16,9.53,9.54,9.31,9.38,7040449,86799448.00
2019/07/17,9.39,10.14,9.32,9.91,32253422,414393088.00
2019/07/18,9.92,10.00,9.77,9.78,16618550,215025344.00
2019/07/19,9.83,10.02,9.83,9.94,11506617,149564576.00
2019/07/22,9.96,10.31,9.57,9.93,17950483,235403792.00
2019/07/23,9.90,10.36,9.85,10.31,18453244,245633936.00
2019/07/24,10.40,11.15,10.40,10.64,44350387,477998688.00
2019/07/25,10.80,11.00,10.61,10.80,46301300,503665760.00
2019/07/26,10.65,10.99,10.62,10.97,27762200,300174688.00
2019/07/29,11.05,11.28,10.88,10.99,30567611,339361216.00
2019/07/30,11.30,11.80,11.08,11.20,40369379,460234272.00
2019/07/31,11.27,11.64,11.08,11.52,35452082,405060000.00
2019/08/01,11.38,11.50,11.00,11.36,29502777,330906208.00
2019/08/02,10.95,10.97,10.50,10.85,38320593,411575648.00
2019/08/05,10.74,11.18,10.74,10.87,24058910,263975072.00
2019/08/06,10.50,10.85,10.38,10.73,23404236,248646128.00
2019/08/07,10.90,10.99,10.47,10.53,17988263,192183408.00
2019/08/08,10.69,10.71,10.20,10.60,21923151,230582576.00
2019/08/09,10.69,10.83,10.38,10.41,19732688,209603152.00
2019/08/12,10.61,11.25,10.46,11.19,45042478,493083104.00
2019/08/13,11.12,11.17,10.77,11.08,27127409,297767648.00
2019/08/14,11.50,11.76,11.11,11.15,45496389,520065568.00
2019/08/15,10.75,11.51,10.68,11.28,25795303,286602112.00
2019/08/16,11.21,12.40,11.21,12.27,68208726,821043008.00
2019/08/19,12.20,12.84,12.13,12.62,58389818,732126720.00
2019/08/20,12.49,12.68,12.17,12.33,37739174,466168672.00
2019/08/21,12.37,12.53,12.13,12.40,34641967,426517664.00
2019/08/22,12.40,12.45,11.98,12.14,30544358,371765280.00
2019/08/23,12.21,12.29,11.91,12.06,31497524,380094944.00
2019/08/26,11.90,12.48,11.83,12.16,34010930,414708448.00
2019/08/27,12.25,12.95,12.25,12.68,41653377,526641504.00
2019/08/28,12.57,12.67,12.30,12.34,26868301,333353536.00
2019/08/29,12.36,12.41,12.08,12.19,18748025,229416992.00
2019/08/30,12.30,12.30,11.68,11.88,29463059,352783584.00
2019/09/02,11.83,12.47,11.72,12.37,30204086,367180928.00
2019/09/03,12.32,12.98,12.32,12.98,41108324,521853632.00
2019/09/04,12.89,13.01,12.41,12.85,35541799,452055584.00
2019/09/05,13.00,13.68,12.83,13.15,54298884,719767104.00
2019/09/06,13.20,13.54,12.70,13.04,39069142,510599392.00
2019/09/09,13.18,13.63,13.01,13.45,50397965,673184000.00
2019/09/10,13.30,13.80,13.00,13.48,50717057,681772160.00
2019/09/11,13.51,13.59,13.02,13.06,30657349,405499488.00
2019/09/12,13.20,13.34,12.91,13.24,28258345,371380992.00
2019/09/16,13.31,14.44,13.13,14.07,71033344,991630528.00
2019/09/17,14.15,14.43,13.84,14.30,61401712,865982464.00
2019/09/18,14.29,15.26,14.00,15.23,74188975,1087878272.00
2019/09/19,15.00,15.47,14.80,15.27,63892178,969400768.00
2019/09/20,15.38,15.92,14.91,14.95,82965720,1278438016.00
2019/09/23,14.93,15.45,14.44,15.45,69713197,1049614784.00
2019/09/24,15.50,16.22,15.16,15.89,68715198,1083474816.00
2019/09/25,15.62,15.69,14.67,15.00,59981934,907625216.00
2019/09/26,15.06,15.23,14.40,14.91,55199759,821013888.00
2019/09/27,15.03,16.40,15.03,16.25,115451339,1844852736.00
2019/09/30,15.90,15.93,14.63,14.67,96693862,1447664640.00
2019/10/08,14.67,14.91,13.91,14.01,59688392,855770752.00
2019/10/09,14.03,14.23,13.62,14.15,45486622,633580160.00
2019/10/10,14.06,15.56,14.01,15.19,65161276,964012864.00
2019/10/11,15.26,15.68,14.83,15.26,54244555,829016192.00
2019/10/14,15.75,16.10,15.48,16.00,66312252,1050909056.00
2019/10/15,15.06,15.60,14.46,14.90,74709261,1118125312.00
2019/10/16,14.90,14.93,14.31,14.79,26125700,383459648.00
2019/10/17,14.80,15.48,14.63,15.01,35577554,536074848.00
2019/10/18,14.89,14.94,14.01,14.01,39756453,571546176.00
2019/10/21,14.02,14.26,13.42,14.15,27074300,377248032.00
2019/10/22,14.35,14.72,14.04,14.43,33262209,479517632.00
2019/10/23,14.33,14.41,13.86,14.26,26165100,370529408.00
2019/10/24,14.20,14.37,13.98,14.34,16299170,231644320.00
2019/10/25,14.27,14.98,14.00,14.93,33257912,483247968.00
2019/10/28,14.74,15.63,14.70,15.44,41633358,632443520.00
2019/10/29,14.78,15.02,14.38,14.56,52851710,775833664.00
2019/10/30,14.41,15.02,14.36,15.00,29931662,443494400.00
2019/10/31,14.95,15.58,14.71,14.96,35828411,542614592.00
2019/11/01,14.92,15.06,14.66,14.91,25032425,371823040.00
数据来源:通达信
