002436 兴森科技 日线 前复权
      日期	    开盘	    最高	    最低	    收盘	    成交量	    成交额
2013/09/02,3.39,3.51,3.31,3.45,2487322,54253648.00
2013/09/03,3.45,3.60,3.37,3.59,4796474,106388872.00
2013/09/04,3.64,3.64,3.56,3.59,3414150,77984592.00
2013/09/05,3.59,3.77,3.55,3.71,4808054,112135696.00
2013/09/06,3.71,3.93,3.69,3.92,5879874,143577440.00
2013/09/09,3.87,4.10,3.87,3.91,5021303,126193920.00
2013/09/10,3.90,4.02,3.83,3.85,3394125,83552960.00
2013/09/11,3.85,3.85,3.67,3.72,4596218,108104024.00
2013/09/12,3.69,3.78,3.64,3.69,1487288,34884480.00
2013/09/13,3.69,3.72,3.60,3.70,2483869,57176044.00
2013/09/16,3.69,3.78,3.69,3.73,1774245,41856848.00
2013/09/17,3.74,3.77,3.60,3.65,3008609,69634944.00
2013/09/18,3.68,3.77,3.64,3.74,1690591,39472868.00
2013/09/23,3.75,3.93,3.69,3.90,3333326,79857176.00
2013/09/24,3.90,4.01,3.87,3.99,2351903,58594964.00
2013/09/25,4.02,4.02,3.89,3.90,1740558,43143012.00
2013/09/26,3.90,3.90,3.72,3.74,2442437,58776444.00
2013/09/27,3.74,3.79,3.72,3.74,1319315,31180804.00
2013/09/30,3.72,3.83,3.72,3.80,792126,18972708.00
2013/10/08,3.80,3.80,3.64,3.75,2202728,51480436.00
2013/10/09,3.75,3.75,3.61,3.63,3643076,84053736.00
2013/10/10,3.63,3.66,3.46,3.49,4710681,105246800.00
2013/10/11,3.51,3.59,3.41,3.59,3605256,79834432.00
2013/10/14,3.59,3.68,3.55,3.58,3061261,69960856.00
2013/10/15,3.59,3.65,3.48,3.61,2200647,49974356.00
2013/10/16,3.63,3.63,3.49,3.61,1428777,32104524.00
2013/10/17,3.61,3.65,3.60,3.64,1467146,33659456.00
2013/10/18,3.65,3.65,3.55,3.56,923211,20982192.00
2013/10/21,3.56,3.74,3.55,3.74,2849822,66360916.00
2013/10/22,3.74,3.80,3.65,3.74,2570794,60649572.00
2013/10/23,3.69,3.73,3.52,3.58,2050197,46868380.00
2013/10/24,3.58,3.59,3.42,3.45,2493554,55366300.00
2013/10/25,3.45,3.49,3.31,3.41,1834710,39235172.00
2013/10/28,3.29,3.29,3.05,3.07,9112023,178069296.00
2013/10/29,3.04,3.07,2.82,2.96,5808153,109240800.00
2013/10/30,2.92,3.05,2.90,3.02,4379180,83849632.00
2013/10/31,3.02,3.08,2.80,3.05,2390486,45355228.00
2013/11/01,3.03,3.03,2.94,2.96,880908,16787772.00
2013/11/04,2.97,3.03,2.94,3.02,949989,18132648.00
2013/11/05,3.02,3.05,2.95,3.01,1167805,22364566.00
2013/11/06,2.97,3.04,2.95,2.97,706444,13539947.00
2013/11/07,3.02,3.02,2.92,2.92,756399,14265191.00
2013/11/08,2.89,2.89,2.74,2.79,2013519,36215504.00
2013/11/11,2.79,2.92,2.75,2.90,1221619,22213378.00
2013/11/12,2.85,2.95,2.85,2.85,1913444,35275324.00
2013/11/13,2.83,2.88,2.83,2.83,817226,14958459.00
2013/11/14,2.81,2.92,2.81,2.90,1671772,30920116.00
2013/11/15,2.92,3.00,2.89,2.93,1337540,25247300.00
2013/11/18,2.94,3.01,2.93,3.00,2354246,44777328.00
2013/11/19,3.02,3.02,2.94,2.98,1311800,24935368.00
2013/11/20,2.98,3.00,2.91,2.96,808174,15260284.00
2013/11/21,2.95,3.03,2.95,2.99,1054545,20132686.00
2013/11/22,2.99,3.02,2.95,2.97,622450,11897016.00
2013/11/25,2.94,3.00,2.94,2.98,833859,15883890.00
2013/11/26,2.98,3.20,2.97,3.19,3902178,77350888.00
2013/11/27,3.18,3.25,3.12,3.15,1751925,35402984.00
2013/11/28,3.16,3.21,3.12,3.15,2490014,49964652.00
2013/11/29,3.14,3.28,3.14,3.24,2083376,42851568.00
2013/12/02,3.07,3.28,3.05,3.20,3038851,60934380.00
2013/12/03,3.15,3.22,3.12,3.20,710762,14336064.00
2013/12/04,3.21,3.29,3.13,3.15,2850277,58047176.00
2013/12/05,3.15,3.19,3.11,3.15,620897,12417050.00
2013/12/06,3.15,3.15,3.04,3.06,1283327,25267886.00
2013/12/09,3.05,3.10,3.05,3.08,561292,10978620.00
2013/12/10,3.10,3.15,3.05,3.07,776900,15316094.00
2013/12/11,3.06,3.07,2.99,3.04,798930,15447373.00
2013/12/12,3.04,3.13,3.04,3.09,1122401,22182748.00
2013/12/13,3.07,3.13,3.06,3.12,849634,16800402.00
2013/12/16,3.16,3.17,2.97,3.07,1041571,20488872.00
2013/12/17,3.03,3.09,2.99,3.06,574534,11113260.00
2013/12/18,3.05,3.09,3.01,3.07,682018,13341992.00
2013/12/19,3.09,3.09,3.04,3.04,314228,6149577.50
2013/12/20,3.01,3.01,2.72,2.83,2606516,46771140.00
2013/12/23,2.77,2.83,2.66,2.78,1366799,24147680.00
2013/12/24,2.80,2.80,2.72,2.73,1059119,18706340.00
2013/12/25,2.71,2.92,2.70,2.90,1439905,26094420.00
2013/12/26,2.91,2.93,2.64,2.80,1589689,28803438.00
2013/12/27,2.76,2.86,2.74,2.82,505039,9076252.00
2013/12/30,2.83,2.95,2.78,2.94,1411007,25930158.00
2013/12/31,2.90,2.92,2.85,2.88,1305748,24161630.00
2014/01/02,2.89,2.96,2.87,2.95,1286142,24121582.00
2014/01/03,2.95,3.06,2.95,3.00,1387837,26703088.00
2014/01/06,3.00,3.02,2.90,2.99,1178713,22421748.00
2014/01/07,2.98,3.01,2.93,2.96,679489,12904592.00
2014/01/08,2.96,3.05,2.96,2.99,1716322,33024170.00
2014/01/09,2.98,3.01,2.82,2.85,900802,16893836.00
2014/01/10,2.86,2.86,2.68,2.68,1614572,28722302.00
2014/01/13,2.70,2.80,2.57,2.80,3199245,54630600.00
2014/01/14,2.74,2.82,2.73,2.80,1451500,25897256.00
2014/01/15,2.82,2.86,2.80,2.84,1026919,18723272.00
2014/01/16,2.85,2.93,2.81,2.86,1126284,20573706.00
2014/01/17,2.85,2.85,2.74,2.75,1432465,25626634.00
2014/01/20,2.75,2.83,2.72,2.78,877888,15699716.00
2014/01/21,2.78,2.80,2.75,2.80,461832,8254937.50
2014/01/22,2.77,2.94,2.77,2.90,1718151,31726352.00
2014/02/20,3.21,3.21,3.21,3.21,786144,16053060.00
2014/02/21,3.55,3.55,3.38,3.55,14261711,319025088.00
2014/02/24,3.59,3.70,3.51,3.67,11204535,256221216.00
2014/02/25,3.69,3.70,3.40,3.49,8802291,198076368.00
2014/02/26,3.42,3.57,3.42,3.50,6211677,137436272.00
2014/02/27,3.54,3.60,3.31,3.38,5130389,112495512.00
2014/02/28,3.30,3.57,3.27,3.54,5731054,123974168.00
2014/03/03,3.50,3.65,3.49,3.62,6535597,148182880.00
2014/03/04,3.60,3.83,3.55,3.75,9081691,215230608.00
2014/03/05,3.77,3.83,3.67,3.73,4341256,102290760.00
2014/03/06,3.73,3.77,3.60,3.68,2015053,46699684.00
2014/03/07,3.64,3.76,3.61,3.69,2269908,52935272.00
2014/03/10,3.69,3.77,3.48,3.50,3630026,83192424.00
2014/03/11,3.48,3.55,3.31,3.39,2284388,49502972.00
2014/03/12,3.39,3.45,3.32,3.40,1408055,30264192.00
2014/03/13,3.40,3.58,3.38,3.56,2416073,53221340.00
2014/03/14,3.54,3.60,3.48,3.58,1628470,36479200.00
2014/03/17,3.58,3.75,3.56,3.65,2867463,66603872.00
2014/03/18,3.64,3.79,3.62,3.66,3803938,89177240.00
2014/03/19,3.66,3.72,3.57,3.70,3195204,74281296.00
2014/03/20,3.65,3.72,3.47,3.47,2010559,45980308.00
2014/03/21,3.41,3.77,3.41,3.65,5089221,117523456.00
2014/03/24,3.68,3.91,3.68,3.90,5909572,143245856.00
2014/03/25,3.82,4.12,3.82,3.84,5089731,125599544.00
2014/03/26,3.80,3.94,3.77,3.87,3550640,86510560.00
2014/03/27,3.89,4.07,3.81,3.93,4259665,106818480.00
2014/03/28,3.88,3.95,3.64,3.68,3316458,79034912.00
2014/03/31,3.66,3.79,3.49,3.78,2875537,66358352.00
2014/04/01,3.74,3.99,3.72,3.99,2844780,70371424.00
2014/04/02,3.99,4.02,3.86,3.88,2067525,50792776.00
2014/04/03,3.88,3.97,3.72,3.78,2847374,68061264.00
2014/04/04,3.79,3.84,3.72,3.82,1850392,44142696.00
2014/04/08,3.77,3.83,3.71,3.77,1194016,28460674.00
2014/04/09,3.74,3.98,3.74,3.97,2971102,73166432.00
2014/04/10,3.95,4.01,3.87,3.89,2044258,50822276.00
2014/04/11,3.87,3.88,3.78,3.83,2208860,53189236.00
2014/04/14,3.81,3.92,3.77,3.89,1227314,29739830.00
2014/04/15,3.89,4.06,3.84,3.98,3284592,82274776.00
2014/04/16,3.98,4.01,3.91,3.97,1399879,34837088.00
2014/04/17,3.94,4.06,3.92,4.02,2735346,69076480.00
2014/04/18,4.00,4.03,3.89,3.92,3096180,76711440.00
2014/04/21,3.87,3.96,3.86,3.90,1429690,35314996.00
2014/04/22,3.87,3.92,3.69,3.74,2248458,53461844.00
2014/04/23,3.75,3.84,3.74,3.75,1085321,25939242.00
2014/04/24,3.73,3.79,3.69,3.74,670882,15809389.00
2014/04/25,3.75,3.75,3.53,3.57,2313785,52750384.00
2014/04/28,3.57,3.58,3.34,3.43,2318140,50630972.00
2014/04/29,3.43,3.52,3.40,3.51,1655738,36403248.00
2014/04/30,3.51,3.70,3.48,3.68,2902997,66062548.00
2014/05/05,3.68,3.72,3.61,3.72,959463,22311442.00
2014/05/06,3.74,3.76,3.68,3.70,947082,22353186.00
2014/05/07,3.72,3.72,3.57,3.59,982897,22505552.00
2014/05/08,3.56,3.64,3.55,3.56,621529,14133599.00
2014/05/09,3.55,3.56,3.40,3.45,1463221,32026884.00
2014/05/12,3.47,3.61,3.44,3.55,1085825,24236654.00
2014/05/13,3.60,3.66,3.53,3.61,1097845,24686540.00
2014/05/14,3.61,3.65,3.56,3.58,395831,8921680.00
2014/05/15,3.58,3.63,3.46,3.46,681612,15074453.00
2014/05/16,3.42,3.58,3.31,3.39,1543784,32825340.00
2014/05/19,3.41,3.47,3.37,3.46,741158,16040606.00
2014/05/20,3.49,3.60,3.49,3.55,1085582,24250024.00
2014/05/21,3.52,3.57,3.48,3.57,412288,9196216.00
2014/05/22,3.55,3.64,3.55,3.61,1397425,31771446.00
2014/05/23,3.71,3.83,3.65,3.73,2654481,61947972.00
2014/05/26,3.73,3.86,3.73,3.80,3057875,73085856.00
2014/05/27,3.80,3.83,3.72,3.74,1616957,38430648.00
2014/05/28,3.76,3.78,3.66,3.74,1657755,38723128.00
2014/05/29,3.75,3.85,3.72,3.73,1855234,44093508.00
2014/05/30,3.72,3.80,3.68,3.78,1093590,25663386.00
2014/06/03,3.80,3.80,3.70,3.71,831135,19464618.00
2014/06/04,3.70,3.72,3.53,3.56,1786361,40299932.00
2014/06/05,3.56,3.61,3.53,3.59,914597,20513084.00
2014/06/06,3.59,3.61,3.55,3.58,658389,14813073.00
2014/06/09,3.60,3.68,3.55,3.63,1078324,24636218.00
2014/06/10,3.65,3.72,3.59,3.69,1769283,40744480.00
2014/06/11,3.69,3.72,3.64,3.70,1652879,38157656.00
2014/06/12,3.70,3.71,3.64,3.65,708130,16290355.00
2014/06/13,3.67,3.75,3.63,3.75,1785266,41540152.00
2014/06/16,3.73,3.90,3.72,3.85,4211127,101143864.00
2014/06/17,3.83,3.99,3.82,3.91,3084113,75443592.00
2014/06/18,3.89,3.91,3.76,3.86,1664215,39957444.00
2014/06/19,3.86,3.87,3.58,3.78,1815998,42778068.00
2014/06/20,3.77,3.82,3.73,3.81,732204,17392140.00
2014/06/23,3.82,3.85,3.77,3.78,1088124,26035766.00
2014/06/24,3.81,3.87,3.73,3.77,812298,19302150.00
2014/06/25,3.80,3.93,3.80,3.92,2535936,61531184.00
2014/06/26,3.92,3.99,3.89,3.95,2587396,63781040.00
2014/06/27,3.94,3.99,3.88,3.96,2036624,50134524.00
2014/06/30,3.99,4.04,3.94,4.03,3084941,77354848.00
2014/07/01,4.04,4.11,3.94,3.97,2594107,65066916.00
2014/07/02,3.97,4.03,3.89,3.99,2497955,61623656.00
2014/07/03,3.98,4.36,3.97,4.31,5544854,145328560.00
2014/07/04,4.26,4.33,4.23,4.33,2351844,62799264.00
2014/07/07,4.31,4.38,4.21,4.24,2180052,58196700.00
2014/07/08,4.26,4.30,4.18,4.25,1668913,44291552.00
2014/07/09,4.23,4.29,4.13,4.15,1874497,49114056.00
2014/07/10,4.15,4.18,4.07,4.09,2269862,58316996.00
2014/07/11,4.09,4.17,4.07,4.09,1665061,42972276.00
2014/07/14,4.07,4.24,4.07,4.24,2201283,57116324.00
2014/07/15,4.23,4.29,3.98,4.01,2936371,75274632.00
2014/07/16,4.02,4.08,3.71,3.85,3602628,87620704.00
2014/07/17,3.85,3.90,3.81,3.88,965801,23381056.00
2014/07/18,3.87,3.92,3.84,3.90,1172568,28495108.00
2014/07/21,3.89,3.93,3.80,3.91,1075608,26032304.00
2014/07/22,3.91,3.93,3.89,3.92,940879,23077726.00
2014/07/23,3.92,3.96,3.80,3.82,1669643,40485168.00
2014/07/24,3.80,3.84,3.79,3.82,762471,18224392.00
2014/07/25,3.82,3.93,3.80,3.88,1341068,32599694.00
2014/07/28,3.87,4.02,3.83,4.02,2765038,68309304.00
2014/07/29,4.02,4.02,3.95,3.97,1470200,36558236.00
2014/07/30,4.00,4.01,3.93,3.96,1263149,31282086.00
2014/07/31,3.95,4.01,3.93,4.01,1632519,40509304.00
2014/08/01,3.99,4.02,3.84,3.86,2066595,50727188.00
2014/08/04,3.86,3.90,3.85,3.88,1295461,31462830.00
2014/08/05,3.88,3.93,3.87,3.93,1019994,24923732.00
2014/08/06,3.93,4.01,3.90,4.00,1329145,32870244.00
2014/08/07,3.99,3.99,3.86,3.87,1761780,43276936.00
2014/08/08,3.85,3.94,3.85,3.94,792932,19476958.00
2014/08/11,3.97,4.05,3.94,4.04,1929441,48360856.00
2014/08/12,4.05,4.10,3.98,4.08,1611644,40856316.00
2014/08/13,4.08,4.12,3.97,4.10,1949525,49351360.00
2014/08/14,4.09,4.16,4.01,4.03,1649516,42166964.00
2014/08/15,4.04,4.32,4.03,4.20,5109602,134062160.00
2014/08/18,4.22,4.50,4.22,4.43,6865324,188400816.00
2014/08/19,4.45,4.64,4.36,4.63,6982108,196367136.00
2014/08/20,4.63,4.64,4.52,4.63,4171804,118788352.00
2014/08/21,4.61,4.61,4.48,4.53,2984140,83952448.00
2014/08/22,4.50,4.56,4.44,4.48,2527275,70587120.00
2014/08/25,4.49,4.56,4.44,4.47,1377202,38481288.00
2014/08/26,4.47,4.47,4.23,4.26,3327869,89556480.00
2014/08/27,4.26,4.33,4.22,4.30,1614134,43289836.00
2014/08/28,4.29,4.38,4.26,4.31,1447907,38991540.00
2014/08/29,4.33,4.46,4.30,4.45,1693967,46316652.00
2014/09/01,4.45,4.54,4.44,4.45,2519430,70362976.00
2014/09/02,4.45,4.61,4.44,4.56,3313541,93604280.00
2014/09/03,4.54,4.78,4.54,4.76,4057214,118633672.00
2014/09/04,4.72,4.76,4.69,4.71,2067828,60627892.00
2014/09/05,4.77,4.80,4.59,4.60,3059411,88449936.00
2014/09/09,4.61,4.75,4.51,4.65,2245603,64061352.00
2014/09/10,4.64,4.73,4.57,4.60,1921117,55113288.00
2014/09/11,4.58,4.65,4.56,4.61,2161290,61875328.00
2014/09/12,4.63,4.64,4.54,4.62,2124619,60739684.00
2014/09/15,4.65,4.67,4.54,4.65,1800528,51867840.00
2014/09/16,4.65,4.65,4.39,4.41,2175564,60962096.00
2014/09/17,4.46,4.50,4.26,4.49,1671524,45452856.00
2014/09/18,4.49,4.49,4.40,4.48,972963,26984282.00
2014/09/19,4.47,4.61,4.42,4.60,1328510,37483780.00
2014/09/22,4.61,4.62,4.30,4.39,3149128,87621560.00
2014/09/23,4.40,4.46,4.36,4.41,1543021,42356792.00
2014/09/24,4.42,4.53,4.38,4.50,2080360,57929140.00
2014/09/25,4.50,4.71,4.50,4.71,4447058,129063688.00
2014/09/26,4.71,4.75,4.63,4.64,3394152,98414352.00
2014/09/29,4.53,4.79,4.53,4.72,5168677,148850480.00
2014/09/30,4.71,4.88,4.69,4.81,4217528,126362808.00
2014/10/08,4.81,5.05,4.78,5.00,4891578,150462272.00
2014/10/09,5.00,5.04,4.89,5.00,2809822,86722824.00
2014/10/10,4.94,5.07,4.92,4.96,1795019,55417616.00
2014/10/13,4.94,4.94,4.72,4.88,2310018,69437632.00
2014/10/14,4.89,4.98,4.84,4.91,1214380,36896752.00
2014/10/15,4.90,4.96,4.86,4.96,1373976,41794660.00
2014/10/16,4.96,5.01,4.80,4.81,2167768,66338328.00
2014/10/17,4.83,4.89,4.70,4.77,1603865,47616944.00
2014/10/20,4.76,4.84,4.75,4.82,1348326,40171216.00
2014/10/21,4.81,4.81,4.73,4.75,1364356,40388084.00
2014/10/22,4.80,4.86,4.66,4.85,1285869,38123052.00
2014/10/23,4.85,4.91,4.76,4.81,1264466,37819812.00
2014/10/24,4.76,4.88,4.75,4.81,820070,24587022.00
2014/10/27,4.78,4.88,4.73,4.82,595636,17816008.00
2014/10/28,4.82,5.25,4.82,5.20,4767312,149085584.00
2014/10/29,5.19,5.37,5.16,5.25,3370759,110031448.00
2014/10/30,5.21,5.29,5.08,5.20,2448177,79188192.00
2014/10/31,5.15,5.22,5.13,5.17,1043973,33397442.00
2014/11/03,5.17,5.18,4.99,5.06,2349566,73633912.00
2014/11/04,5.09,5.13,4.98,5.02,1273173,39879532.00
2014/11/05,5.02,5.02,4.92,4.96,1075935,33271288.00
2014/11/06,4.93,5.00,4.88,4.95,1858819,56876256.00
2014/11/07,4.93,5.04,4.89,4.97,2553850,78360616.00
2014/11/10,4.97,4.99,4.89,4.96,1729883,53154544.00
2014/11/11,4.96,5.01,4.61,4.66,3870280,114563472.00
2014/11/12,4.66,4.75,4.63,4.73,1134044,33144030.00
2014/11/13,4.71,4.76,4.49,4.59,1412237,40299628.00
2014/11/14,4.58,4.69,4.55,4.69,1423051,41040908.00
2014/11/17,4.66,4.81,4.66,4.78,1241987,36572740.00
2014/11/18,4.77,4.82,4.73,4.75,1324098,39257512.00
2014/11/19,4.75,4.76,4.63,4.68,1760001,51021168.00
2014/11/20,4.64,4.70,4.56,4.58,1991820,57170508.00
2014/11/21,4.58,4.65,4.53,4.58,2001993,57133708.00
2014/11/24,4.61,4.83,4.61,4.81,2420131,70947152.00
2014/11/25,4.81,4.81,4.73,4.76,1644522,48580040.00
2014/11/26,4.76,4.80,4.63,4.70,2916257,84928032.00
2014/11/27,4.67,4.71,4.63,4.67,2089813,60629368.00
2014/11/28,4.68,4.70,4.61,4.67,1970404,56905180.00
2014/12/01,4.67,4.67,4.53,4.60,2420367,68763840.00
2014/12/02,4.60,4.60,4.46,4.49,4244071,119010480.00
2014/12/03,4.50,4.52,4.29,4.39,5968102,161542992.00
2014/12/04,4.38,4.62,4.38,4.56,4491172,126544576.00
2014/12/05,4.56,4.77,4.38,4.70,5485823,157205840.00
2014/12/08,4.71,4.78,4.58,4.75,3540459,102955072.00
2014/12/09,4.75,4.75,4.48,4.50,3803410,108345344.00
2014/12/10,4.43,4.72,4.43,4.70,2073459,59684268.00
2014/12/11,4.69,4.75,4.60,4.74,1489491,43285488.00
2014/12/12,4.71,4.95,4.71,4.87,2591247,78208840.00
2014/12/15,4.88,4.92,4.80,4.90,1426843,43093240.00
2014/12/16,4.85,4.96,4.85,4.91,1255173,38326280.00
2014/12/17,4.90,4.90,4.78,4.81,1544067,46310148.00
2014/12/18,4.82,5.06,4.75,4.98,2636091,81555744.00
2014/12/19,4.94,5.22,4.94,5.06,2958530,93400872.00
2014/12/22,5.06,5.15,4.68,4.72,2432212,73319336.00
2014/12/23,4.71,4.85,4.52,4.53,2354456,68016760.00
2014/12/24,4.61,4.78,4.58,4.76,1908473,55507960.00
2014/12/25,4.80,5.00,4.80,4.94,1776942,54377324.00
2014/12/26,4.97,4.98,4.67,4.82,2480647,73475264.00
2014/12/29,4.81,4.81,4.56,4.58,2311455,66421132.00
2014/12/30,4.58,4.66,4.41,4.58,1969142,54917396.00
2014/12/31,4.58,4.73,4.58,4.69,2567258,74754048.00
2015/01/05,4.70,4.91,4.70,4.85,2560496,77161984.00
2015/01/06,4.85,4.91,4.71,4.87,2929647,88150352.00
2015/01/07,4.90,4.91,4.81,4.88,899706,27155516.00
2015/01/08,4.88,4.97,4.88,4.91,1287890,39267784.00
2015/01/09,4.94,5.11,4.83,5.00,2322639,72428088.00
2015/01/12,5.06,5.06,4.86,4.99,1096748,33779252.00
2015/01/13,4.96,5.03,4.85,4.88,1488352,45578804.00
2015/01/14,4.88,5.09,4.66,5.05,2974596,91677360.00
2015/01/15,5.05,5.10,4.95,4.97,1496789,46585764.00
2015/01/16,4.96,5.00,4.91,5.00,1059542,32486218.00
2015/01/19,4.92,5.16,4.86,5.15,3783404,119231776.00
2015/01/20,5.16,5.27,5.06,5.26,2949054,94624864.00
2015/01/21,5.25,5.32,5.19,5.22,1875512,60731088.00
2015/01/22,5.23,5.68,5.22,5.61,4519177,153610528.00
2015/01/23,5.55,5.60,5.44,5.49,2129880,72610584.00
2015/01/26,5.52,5.63,5.47,5.60,2504989,86125104.00
2015/01/27,5.60,5.62,5.53,5.61,1191759,41109884.00
2015/01/28,5.78,5.78,5.52,5.63,2236680,77617400.00
2015/01/29,5.58,6.06,5.51,5.95,4475292,160873952.00
2015/01/30,5.95,6.02,5.83,5.93,1414690,51618100.00
2015/02/02,5.93,6.01,5.83,5.95,819008,29925074.00
2015/02/03,5.98,6.16,5.91,6.11,2319451,86229688.00
2015/02/04,6.18,6.24,5.93,5.96,1900405,71401336.00
2015/02/05,5.94,6.10,5.65,5.74,2065326,75008000.00
2015/02/06,5.75,5.82,5.52,5.66,1651231,57674708.00
2015/02/09,5.71,5.88,5.61,5.61,1024189,36341020.00
2015/02/10,5.61,5.74,5.56,5.70,1027768,35990340.00
2015/02/11,5.66,5.83,5.66,5.83,1188248,42473236.00
2015/02/12,5.80,6.01,5.80,5.94,1041291,38239424.00
2015/02/13,5.96,6.38,5.96,6.36,2718857,105296464.00
2015/02/16,6.35,6.66,6.28,6.59,2511490,101471544.00
2015/02/17,6.59,6.63,6.43,6.53,1252938,50101120.00
2015/02/25,6.53,6.56,6.41,6.49,1022437,40700448.00
2015/02/26,6.50,6.54,6.33,6.43,1059760,41752848.00
2015/02/27,6.35,6.49,6.28,6.43,1354561,53090256.00
2015/03/02,6.44,6.44,6.16,6.28,2345078,90978032.00
2015/03/03,6.28,6.61,6.23,6.35,2067070,81707688.00
2015/03/04,6.37,6.56,6.22,6.56,2024149,79815104.00
2015/03/05,6.56,6.83,6.49,6.78,2795036,114994792.00
2015/03/06,6.73,6.83,6.59,6.67,1729273,71042568.00
2015/03/09,6.64,6.73,6.41,6.43,1450036,58098684.00
2015/03/10,6.43,6.57,6.28,6.46,1759634,69493200.00
2015/03/11,6.42,6.42,6.29,6.39,2502420,97825160.00
2015/03/12,6.39,6.48,6.27,6.34,1389200,54417888.00
2015/03/13,6.34,6.50,6.34,6.46,1146834,45504712.00
2015/03/16,6.51,6.71,6.51,6.71,2935643,119461504.00
2015/03/17,6.79,6.83,6.61,6.71,1800448,74319664.00
2015/03/18,6.71,6.78,6.63,6.72,2083055,85461536.00
2015/03/19,6.66,6.72,6.63,6.66,1834318,75123344.00
2015/03/20,6.66,6.76,6.58,6.69,2242786,91776928.00
2015/03/23,6.71,6.91,6.60,6.91,2950701,121305320.00
2015/03/24,6.83,7.24,6.83,7.22,3452219,150144304.00
2015/03/25,7.23,7.33,7.08,7.09,2431638,107748944.00
2015/03/26,7.06,7.06,6.76,6.81,2960710,125469736.00
2015/03/27,6.78,6.93,6.71,6.83,1706245,71563880.00
2015/03/30,6.83,7.08,6.79,6.88,2670061,112717384.00
2015/03/31,6.88,6.88,6.80,6.83,1388807,58321672.00
2015/04/01,6.88,7.05,6.81,7.02,2019291,86489096.00
2015/04/02,7.00,7.26,6.93,7.21,2326497,101569776.00
2015/04/03,7.15,7.68,7.03,7.62,4050626,186687632.00
2015/04/07,7.64,7.98,7.64,7.90,2687482,129658848.00
2015/04/08,7.90,7.98,7.36,7.50,3876636,180648336.00
2015/04/09,7.50,8.06,7.20,8.01,4050289,189439776.00
2015/04/10,8.03,8.38,7.91,8.08,2774238,138367920.00
2015/04/13,8.16,8.90,8.16,8.88,5158587,267276256.00
2015/04/14,8.68,9.33,8.68,9.33,6360038,356893184.00
2015/04/15,9.00,9.00,8.38,8.38,4070203,211207648.00
2015/04/16,7.58,8.58,7.52,7.99,10702851,512913760.00
2015/04/17,7.96,7.96,7.64,7.68,5820826,276560672.00
2015/04/20,7.71,7.71,7.00,7.10,6408469,288092128.00
2015/04/21,7.16,7.50,7.16,7.38,3623588,162730544.00
2015/04/22,7.18,7.71,7.18,7.67,4306952,199048592.00
2015/04/23,7.67,7.69,7.46,7.52,3225025,149115424.00
2015/04/24,7.44,7.75,7.39,7.74,3756252,175196784.00
2015/04/27,7.85,8.04,7.61,7.62,4543621,216905840.00
2015/04/28,7.53,7.58,7.15,7.24,3223905,144838176.00
2015/04/29,7.23,7.35,6.98,7.16,3893486,172210112.00
2015/04/30,7.08,7.41,7.08,7.30,3144330,140943312.00
2015/05/04,7.31,7.66,7.23,7.55,2859671,131466592.00
2015/05/05,7.56,7.66,7.18,7.26,2263680,103281120.00
2015/05/06,7.26,7.38,7.08,7.09,2199720,97464704.00
2015/05/07,7.09,7.09,6.53,6.68,3289352,136800704.00
2015/05/08,6.70,6.89,6.66,6.83,2845017,118552752.00
2015/05/11,6.99,7.19,6.83,7.14,2917351,126233344.00
2015/05/12,7.15,7.61,7.15,7.61,5889514,267348800.00
2015/05/13,7.61,7.80,7.43,7.54,7816952,368877600.00
2015/05/14,7.56,7.76,7.45,7.75,4145614,194601536.00
2015/05/15,7.80,7.83,7.50,7.58,3108649,144479776.00
2015/05/18,7.59,7.74,7.50,7.74,4966688,233295088.00
2015/05/19,7.83,7.96,7.74,7.91,6186390,298266240.00
2015/05/20,7.96,8.37,7.63,8.06,18293633,450701088.00
2015/05/21,8.16,8.70,8.16,8.70,19089740,487903616.00
2015/05/22,8.70,9.05,8.37,8.44,23146990,607824896.00
2015/05/25,8.30,8.50,7.96,8.44,19793105,498144864.00
2015/05/26,8.53,8.84,8.45,8.81,20056399,529648768.00
2015/05/27,8.81,9.53,8.61,9.51,22490958,619704960.00
2015/05/28,9.40,9.48,8.85,8.94,26929249,751822976.00
2015/05/29,8.94,9.23,8.08,8.63,22926941,611222720.00
2015/06/01,8.66,9.30,8.46,9.23,23717520,649191680.00
2015/06/02,9.19,10.17,9.09,10.17,25095302,732472896.00
2015/06/03,10.33,10.45,9.54,9.86,17736403,538285568.00
2015/06/04,9.86,10.28,9.06,10.09,18023017,539961216.00
2015/06/05,10.11,10.86,10.00,10.57,22650371,723398336.00
2015/06/08,10.23,10.55,9.72,9.90,15495006,473992416.00
2015/06/15,10.90,10.90,9.86,9.88,12919398,401444320.00
2015/06/16,9.72,9.72,8.88,8.88,16511162,455627808.00
2015/06/17,8.80,9.12,8.24,8.95,12552320,331740192.00
2015/06/18,8.96,9.13,8.04,8.30,10576963,277704640.00
2015/06/19,8.03,8.20,7.45,7.45,8704277,206649056.00
2015/06/23,7.43,7.76,6.70,7.66,8510532,192097424.00
2015/06/24,7.73,7.86,7.30,7.63,9736649,227011776.00
2015/06/25,7.62,7.63,6.85,6.93,13880177,308692096.00
2015/06/26,6.64,6.64,6.22,6.22,8134361,157586816.00
2015/06/29,6.46,6.46,5.58,5.58,11260605,199452848.00
2015/06/30,5.30,6.06,5.01,5.90,17403736,294681952.00
2015/07/01,5.75,6.25,5.30,5.36,12768530,230158848.00
2015/07/02,5.42,5.51,4.81,4.93,14198998,218967632.00
2015/07/03,4.63,5.13,4.42,4.42,13478675,193433840.00
2015/07/06,4.88,4.88,3.97,4.01,16806150,226562320.00
2015/10/15,4.43,4.43,4.43,4.43,738638,10119341.00
2015/10/16,4.89,4.89,4.89,4.89,532028,8017662.00
2015/10/19,5.39,5.39,5.39,5.39,2974262,49313264.00
2015/10/20,5.94,5.94,5.66,5.94,54214015,974187968.00
2015/10/21,6.10,6.55,5.93,6.20,62300148,1192148736.00
2015/10/22,5.94,6.81,5.70,6.67,48508969,920359680.00
2015/10/23,6.53,6.63,6.29,6.43,37591785,744468032.00
2015/10/26,6.44,6.51,5.79,6.08,28094888,524799200.00
2015/10/27,5.98,6.26,5.70,6.16,23038064,421906464.00
2015/10/28,6.12,6.15,5.82,5.85,18066624,330460000.00
2015/10/29,5.93,5.97,5.78,5.87,13055045,236069408.00
2015/10/30,5.88,6.07,5.70,5.94,17635458,319906560.00
2015/11/02,5.80,6.08,5.70,5.83,14493535,264462128.00
2015/11/03,5.87,5.99,5.73,5.80,11487913,205635728.00
2015/11/04,5.84,6.10,5.80,6.10,18483496,339325088.00
2015/11/05,6.13,6.13,5.86,5.90,20573923,376767104.00
2015/11/06,6.40,6.51,6.40,6.51,12240390,243362784.00
2015/11/09,6.77,7.10,6.40,6.91,38619770,794477184.00
2015/11/10,6.74,6.80,6.54,6.70,25533913,523368992.00
2015/11/11,6.60,6.82,6.60,6.71,16978720,348405792.00
2015/11/12,6.71,6.78,6.55,6.66,15202863,309070144.00
2015/11/13,6.57,6.66,6.41,6.43,16067015,320553600.00
2015/11/16,6.36,6.77,6.20,6.76,17832886,352662272.00
2015/11/17,6.99,6.99,6.60,6.61,24290224,502586848.00
2015/11/18,6.56,6.64,6.33,6.36,11779275,234171024.00
2015/11/19,6.38,6.62,6.30,6.53,12903435,255005104.00
2015/11/20,6.56,6.63,6.47,6.56,15576131,312690528.00
2015/11/23,6.52,6.76,6.48,6.62,15654691,318138208.00
2015/11/24,6.56,6.93,6.43,6.84,22894980,471447904.00
2015/11/25,7.35,7.53,7.11,7.53,20826550,471154976.00
2015/11/26,7.70,8.06,7.60,7.73,53135412,1264935296.00
2015/11/27,7.53,7.69,6.94,6.94,29171853,655731072.00
2015/11/30,6.82,6.91,6.43,6.74,21370011,436757312.00
2015/12/01,6.67,6.86,6.50,6.59,14852041,303731648.00
2015/12/02,6.53,6.62,6.00,6.27,12580851,243231760.00
2015/12/03,6.30,6.46,6.30,6.46,9633150,189026720.00
2015/12/04,6.50,6.82,6.48,6.60,15010001,306096128.00
2015/12/07,6.57,6.66,6.40,6.56,10131828,202630064.00
2015/12/08,6.55,6.55,6.23,6.26,9681502,188697392.00
2015/12/09,6.19,6.26,6.09,6.14,8447301,159425088.00
2015/12/10,6.09,6.28,6.09,6.17,7542665,143696960.00
2015/12/11,6.17,6.31,6.10,6.31,6740510,128293488.00
2015/12/14,6.39,6.39,6.17,6.38,7029714,135560016.00
2015/12/15,6.36,6.52,6.31,6.39,7699281,151212960.00
2015/12/16,6.42,6.85,6.42,6.72,15394178,313511392.00
2015/12/17,6.81,6.90,6.65,6.89,18207524,378028704.00
2015/12/18,6.91,6.91,6.58,6.65,13748786,282312864.00
2015/12/21,6.61,6.68,6.53,6.62,7901488,160024944.00
2015/12/22,6.65,6.68,6.49,6.59,7392519,148584576.00
2015/12/23,6.61,6.82,6.56,6.65,13296168,272837280.00
2015/12/24,6.54,6.59,6.29,6.43,9150957,180426688.00
2015/12/25,6.44,6.48,6.36,6.45,5433810,107214144.00
2015/12/28,6.48,6.58,6.30,6.31,7875756,155942512.00
2015/12/29,6.30,6.39,6.22,6.38,5700598,109912104.00
2015/12/30,6.41,6.53,6.40,6.49,8338851,165359792.00
2015/12/31,6.49,6.49,6.28,6.28,7448591,144999040.00
2016/01/04,6.30,6.34,5.64,5.64,7359688,134187424.00
2016/01/05,5.36,5.57,5.13,5.33,11000192,181470160.00
2016/01/06,5.42,5.76,5.37,5.58,8811113,150555504.00
2016/01/07,5.46,5.48,5.02,5.03,2361500,37817984.00
2016/01/08,5.23,5.31,4.52,5.08,8549636,133237024.00
2016/01/11,4.89,4.98,4.56,4.56,7790133,113952128.00
2016/01/12,4.57,4.64,4.38,4.55,6052123,84777672.00
2016/01/13,4.62,4.63,4.23,4.25,5857597,81311584.00
2016/01/14,4.25,4.69,4.14,4.69,7009905,98487424.00
2016/01/15,5.16,5.17,4.81,4.99,24636398,380786688.00
2016/01/18,4.84,5.32,4.76,5.11,16479000,256956192.00
2016/01/19,4.93,5.26,4.92,5.24,14125357,221923776.00
2016/01/20,5.12,5.19,5.03,5.10,9955238,156782560.00
2016/01/21,5.00,5.13,4.73,4.76,8767018,134561520.00
2016/01/22,4.88,4.94,4.56,4.77,9195139,134231888.00
2016/01/25,4.78,4.85,4.72,4.77,6946573,102566096.00
2016/01/26,4.70,4.72,4.28,4.28,8244852,113931232.00
2016/01/27,4.25,4.34,3.97,4.22,7871813,101076432.00
2016/01/28,4.19,4.24,4.03,4.05,4569693,58716724.00
2016/01/29,4.04,4.47,4.04,4.42,9736990,129702544.00
2016/02/01,4.30,4.48,4.23,4.35,5724756,77445000.00
2016/02/02,4.39,4.65,4.36,4.54,6301053,88146720.00
2016/02/03,4.46,4.65,4.39,4.60,5704394,80067104.00
2016/02/04,4.61,4.78,4.61,4.70,5813021,84589056.00
2016/02/05,4.70,4.72,4.61,4.62,3176143,45777432.00
2016/02/15,4.40,4.56,4.36,4.52,5508050,76002384.00
2016/02/16,4.56,4.76,4.56,4.73,5202144,75510080.00
2016/02/17,4.71,4.85,4.67,4.79,5927035,87243768.00
2016/02/18,4.85,4.94,4.78,4.79,6615731,98995936.00
2016/02/19,4.75,5.28,4.75,5.28,24066221,383539520.00
2016/02/22,5.45,5.57,5.33,5.48,21679175,361942240.00
2016/02/23,5.51,5.51,5.30,5.36,10469239,172443456.00
2016/02/24,5.27,5.49,5.27,5.43,9966816,164760016.00
2016/02/25,5.43,5.43,4.88,4.88,11612216,181714144.00
2016/02/26,4.90,4.95,4.56,4.65,8498462,125036200.00
2016/02/29,4.62,4.68,4.30,4.40,7147130,98522920.00
2016/03/01,4.47,4.53,4.25,4.46,7323364,99968016.00
2016/03/02,4.46,4.85,4.42,4.78,7242042,103199824.00
2016/03/03,4.78,4.92,4.73,4.79,6624994,98593752.00
2016/03/04,4.73,4.78,4.44,4.50,6415821,91152568.00
2016/03/07,4.52,4.68,4.52,4.61,3595292,51250240.00
2016/03/08,4.56,4.61,4.34,4.60,4790367,66385824.00
2016/03/09,4.50,4.63,4.45,4.56,4254720,60128236.00
2016/03/10,4.59,4.61,4.45,4.46,3079256,42984936.00
2016/03/11,4.43,4.49,4.35,4.44,2814311,38385440.00
2016/03/14,4.52,4.71,4.52,4.63,5099165,73046496.00
2016/03/15,4.62,4.63,4.53,4.56,3765335,53283260.00
2016/03/16,4.60,4.64,4.44,4.48,3170492,44281780.00
2016/03/17,4.50,4.70,4.47,4.65,6805276,97185792.00
2016/03/18,4.67,4.88,4.67,4.81,10926372,161602896.00
2016/03/21,4.93,4.95,4.86,4.95,9756276,147726080.00
2016/03/22,5.06,5.35,5.03,5.08,14648641,233071008.00
2016/03/23,4.97,5.15,4.94,5.11,14685243,227574128.00
2016/03/24,5.06,5.13,4.96,4.99,13060863,203031552.00
2016/03/25,4.96,5.02,4.91,5.01,5859989,89742008.00
2016/03/28,5.04,5.18,4.97,4.99,8807130,138071536.00
2016/03/29,4.96,5.00,4.78,4.83,6647561,100054800.00
2016/03/30,4.87,5.09,4.87,5.06,6453543,99419088.00
2016/03/31,5.07,5.12,5.02,5.05,6417714,100269800.00
2016/04/01,5.06,5.08,4.94,5.05,5174192,79994696.00
2016/04/05,5.05,5.22,5.01,5.21,7808892,123982896.00
2016/04/06,5.20,5.39,5.11,5.33,10849619,176485824.00
2016/04/07,5.32,5.35,5.16,5.18,8285735,133163728.00
2016/04/08,5.10,5.18,5.07,5.18,5166090,81802456.00
2016/04/11,5.20,5.38,5.20,5.33,7179370,117736600.00
2016/04/12,5.31,5.39,5.23,5.28,6387071,104441584.00
2016/04/13,5.31,5.43,5.31,5.33,7574482,125295952.00
2016/04/14,5.37,5.42,5.33,5.42,5822479,96411744.00
2016/04/15,5.43,5.83,5.43,5.70,14823772,259346448.00
2016/04/18,5.70,5.90,5.52,5.62,13751033,240710416.00
2016/04/19,5.61,5.72,5.53,5.71,7298948,126829000.00
2016/04/20,5.72,5.86,5.20,5.44,12057829,207464560.00
2016/04/21,5.39,5.49,5.26,5.27,5775341,95822888.00
2016/04/22,5.19,5.36,5.16,5.34,4711832,76362840.00
2016/04/25,5.30,5.38,5.23,5.33,3774728,61817688.00
2016/04/26,5.30,5.48,5.30,5.48,3405364,56671352.00
2016/04/27,5.48,5.68,5.44,5.51,4174227,71162792.00
2016/04/28,5.54,5.60,5.36,5.58,3900569,65451308.00
2016/04/29,5.58,5.61,5.50,5.51,3020594,51567724.00
2016/05/03,5.51,5.74,5.50,5.72,5263260,91336000.00
2016/05/04,5.70,5.83,5.66,5.74,5069513,89594376.00
2016/05/05,5.70,6.03,5.70,6.03,10933120,198451728.00
2016/05/06,6.05,6.09,5.78,5.84,9807818,178086432.00
2016/05/09,5.66,5.89,5.65,5.74,7494540,132765464.00
2016/05/10,5.75,5.82,5.50,5.64,4253346,73921048.00
2016/05/11,5.70,5.73,5.56,5.56,3417865,59408156.00
2016/05/12,5.39,5.51,5.35,5.36,5464146,90795736.00
2016/05/13,5.38,5.45,5.32,5.40,4809575,80122984.00
2016/05/16,5.41,5.43,5.23,5.39,5385940,88448816.00
2016/05/17,5.41,5.58,5.40,5.54,4543003,76718632.00
2016/05/18,5.47,5.48,5.26,5.35,4166731,68393672.00
2016/05/19,5.27,5.42,5.27,5.36,2394400,39616472.00
2016/05/20,5.35,5.60,5.27,5.58,4672015,78796312.00
2016/05/23,5.57,5.80,5.52,5.59,5304703,91838064.00
2016/05/24,5.60,5.78,5.60,5.73,6088728,106479952.00
2016/05/25,5.73,5.78,5.64,5.66,3681712,64544508.00
2016/05/26,5.66,5.68,5.43,5.61,4059225,69017288.00
2016/05/27,5.66,5.90,5.61,5.80,7173842,126984912.00
2016/05/30,5.77,6.09,5.66,6.00,11770197,215262832.00
2016/05/31,5.95,6.20,5.88,6.16,9724400,180934480.00
2016/06/01,6.16,6.27,6.05,6.10,8245466,155994816.00
2016/06/02,6.08,6.41,6.00,6.39,11594944,220662096.00
2016/06/03,6.36,6.48,6.25,6.29,7404636,143629648.00
2016/06/06,6.40,6.45,6.18,6.20,6483093,124586224.00
2016/06/07,6.12,6.18,6.03,6.10,7114962,132222272.00
2016/06/08,6.06,6.19,6.00,6.13,4776990,89286176.00
2016/06/13,6.00,6.08,5.74,5.75,7723857,140350992.00
2016/06/14,5.72,5.80,5.70,5.80,3350704,59080392.00
2016/06/15,5.76,6.06,5.72,5.97,5784974,104892904.00
2016/06/16,5.97,6.37,5.88,6.13,10369262,196645824.00
2016/06/17,6.09,6.29,6.06,6.22,6298854,119004328.00
2016/06/20,6.29,6.85,6.29,6.67,19420508,391709440.00
2016/06/21,6.73,7.34,6.57,7.11,30801113,655102912.00
2016/06/22,7.04,7.17,6.89,7.13,11064417,236735024.00
2016/06/23,7.15,7.15,6.85,6.93,7027932,149472192.00
2016/06/24,6.92,7.30,6.67,7.11,18120111,391412384.00
2016/06/27,6.96,7.77,6.96,7.68,19090277,432759072.00
2016/06/28,7.55,7.80,7.45,7.62,11272427,261820352.00
2016/06/29,7.64,7.68,7.41,7.51,7503043,172166464.00
2016/06/30,7.45,7.61,7.34,7.48,6125608,139229392.00
2016/07/01,7.48,7.58,7.29,7.30,6806860,152824416.00
2016/07/04,7.26,7.71,7.10,7.64,6628900,151201824.00
2016/07/05,7.64,7.66,7.45,7.54,6349653,145317216.00
2016/07/06,7.53,7.91,7.43,7.84,8235485,194243712.00
2016/07/07,7.84,8.11,7.55,7.76,11187336,268772352.00
2016/07/08,7.69,8.06,7.60,7.78,7022150,168084496.00
2016/07/11,7.81,7.92,7.57,7.68,6216106,146386352.00
2016/07/12,7.73,7.75,7.28,7.61,7572540,173439936.00
2016/07/13,7.65,7.83,7.45,7.78,7828909,181726976.00
2016/07/14,7.71,7.78,7.59,7.68,3329595,77895176.00
2016/07/15,7.62,7.80,7.62,7.72,2905065,68245792.00
2016/07/18,7.72,8.14,7.72,8.07,8876385,217063392.00
2016/07/19,8.12,8.38,7.95,8.08,6975046,172877024.00
2016/07/20,8.08,8.13,7.92,8.10,4073346,99644792.00
2016/07/21,8.00,8.21,8.00,8.11,3695664,91466664.00
2016/07/22,8.05,8.23,7.96,8.03,3995380,98448016.00
2016/07/25,8.04,8.04,7.80,7.93,4279262,102799400.00
2016/07/26,7.97,8.18,7.91,8.01,3302162,80976456.00
2016/07/27,8.01,8.11,7.38,7.57,5963285,138822144.00
2016/07/28,7.53,7.75,7.40,7.56,3772119,86920128.00
2016/07/29,7.56,7.64,7.42,7.54,2477425,56588300.00
2016/08/01,7.46,7.56,7.18,7.56,3366827,75826856.00
2016/08/02,7.56,7.58,6.98,7.32,11742422,256792192.00
2016/08/03,7.14,7.27,7.06,7.14,3604792,78956816.00
2016/08/04,7.20,7.34,7.09,7.25,2477348,54621704.00
2016/08/05,7.26,7.33,7.08,7.08,2502331,54980856.00
2016/08/08,7.08,7.61,7.08,7.55,5315950,120207984.00
2016/08/09,7.59,7.71,7.45,7.55,3262571,75319912.00
2016/08/10,7.61,8.03,7.55,7.90,5887231,140667136.00
2016/08/11,7.77,7.99,7.76,7.79,4220700,101502344.00
2016/08/12,7.78,7.95,7.73,7.91,2745196,65382844.00
2016/08/15,7.92,8.06,7.78,7.88,5148308,124171208.00
2016/08/16,7.91,7.96,7.70,7.78,4727215,112515880.00
2016/08/17,7.81,8.15,7.75,8.11,7722300,188097248.00
2016/08/18,8.15,8.86,8.07,8.77,16986657,437583808.00
2016/08/19,8.76,8.83,8.49,8.68,8725689,228793392.00
2016/08/22,8.67,8.85,8.45,8.68,9049414,237330272.00
2016/08/23,8.71,9.06,8.18,8.21,45199763,1169261056.00
2016/08/24,8.26,8.63,8.21,8.61,37247444,953652544.00
2016/08/25,8.41,8.55,7.98,8.46,22854023,582003392.00
2016/08/26,8.47,8.84,8.30,8.30,23447428,611551616.00
2016/08/29,8.21,8.22,7.85,7.90,19007529,462635520.00
2016/08/30,7.87,8.01,7.82,7.89,9113421,219855376.00
2016/08/31,7.88,7.94,7.58,7.79,11162327,262956688.00
2016/09/01,7.79,8.03,7.74,7.79,9814458,235878688.00
2016/09/02,7.70,7.94,7.68,7.80,7124324,168748288.00
2016/09/05,7.81,8.01,7.81,7.91,9255663,222582144.00
2016/09/06,7.91,8.03,7.85,7.98,10544443,255168112.00
2016/09/07,8.02,8.07,7.81,7.81,10270902,248556416.00
2016/09/08,7.81,7.85,7.51,7.57,13255142,307811328.00
2016/09/09,7.57,7.63,7.32,7.51,11744414,267417216.00
2016/09/12,7.42,7.61,7.29,7.29,9934456,225370928.00
2016/09/13,7.36,7.59,7.30,7.55,8913340,202681008.00
2016/09/14,7.48,7.56,7.34,7.40,5746742,130614328.00
2016/09/19,7.40,7.46,7.32,7.40,5486723,123495640.00
2016/09/20,7.38,7.44,7.35,7.36,3414184,76894640.00
2016/09/21,7.36,7.47,7.35,7.36,4952239,111800576.00
2016/09/22,7.42,7.43,7.33,7.34,5140992,115444040.00
2016/09/23,7.36,7.38,6.85,6.95,12435260,269795968.00
2016/09/26,6.94,6.94,6.55,6.59,13210379,268081008.00
2016/09/27,6.60,6.77,6.49,6.73,6741561,136147504.00
2016/09/28,6.77,6.83,6.62,6.65,3970744,81190632.00
2016/09/29,6.68,6.68,6.58,6.61,3670216,74304456.00
2016/09/30,6.57,6.74,6.57,6.74,4452729,90988512.00
2016/10/10,6.82,7.25,6.82,7.14,8723011,187404528.00
2016/10/11,7.21,7.21,7.06,7.11,6750685,146580016.00
2016/10/12,7.08,7.16,7.02,7.11,4490145,97130560.00
2016/10/13,7.06,7.15,7.05,7.10,3615112,78210280.00
2016/10/14,7.08,7.14,6.99,7.11,4420701,95132424.00
2016/10/17,7.13,7.26,7.05,7.14,7611157,166842816.00
2016/10/18,7.13,7.20,7.06,7.18,6347633,138132608.00
2016/10/19,7.20,7.54,7.14,7.54,17218242,387620512.00
2016/10/20,7.51,7.58,7.40,7.54,15241104,348172480.00
2016/10/21,7.58,7.74,7.41,7.49,15311658,353640896.00
2016/10/24,7.45,7.78,7.41,7.67,14852414,344317600.00
2016/10/25,7.67,7.84,7.64,7.71,15873054,373548864.00
2016/10/26,7.76,7.81,7.57,7.75,14749582,346683456.00
2016/10/27,7.74,7.74,7.45,7.52,16002390,368551808.00
2016/10/28,7.55,7.74,7.30,7.43,57890575,445243328.00
2016/10/31,7.46,7.73,7.43,7.57,58544334,451833792.00
2016/11/01,7.47,7.63,7.34,7.56,39133422,297586912.00
2016/11/02,7.56,7.56,7.28,7.33,38651217,290904128.00
2016/11/03,7.36,7.68,7.19,7.58,60274867,456518400.00
2016/11/04,7.52,7.71,7.42,7.47,41226607,316255456.00
2016/11/07,7.43,7.47,7.28,7.31,27914118,208068272.00
2016/11/08,7.35,7.40,7.28,7.31,20141728,150088112.00
2016/11/09,7.37,8.02,7.33,7.69,89245679,700031808.00
2016/11/10,7.72,7.87,7.60,7.75,61219137,480637568.00
2016/11/11,7.68,8.54,7.65,8.54,102378094,860956992.00
2016/11/14,8.91,9.41,8.90,9.39,232418392,2154191872.00
2016/11/15,9.00,10.30,8.99,9.41,233685205,2282617344.00
2016/11/16,9.33,9.62,9.08,9.17,124649081,1171096320.00
2016/11/17,9.08,9.13,8.71,8.90,87597490,790260160.00
2016/11/18,8.93,9.06,8.58,8.67,67817107,605566592.00
2016/11/21,8.67,8.97,8.53,8.81,74177310,659381184.00
2016/11/22,8.79,8.79,8.53,8.64,71320165,621895744.00
2016/11/23,8.63,8.63,8.30,8.31,73551175,627191040.00
2016/11/24,8.30,8.50,8.23,8.35,48034524,408617760.00
2016/11/25,8.30,8.30,7.98,8.12,47285969,388875424.00
2016/11/28,8.12,8.20,8.02,8.05,33604721,275188288.00
2016/11/29,8.06,8.09,7.76,7.79,47287481,378863328.00
2016/11/30,7.80,7.93,7.63,7.81,29611991,234640656.00
2016/12/01,7.83,7.92,7.76,7.81,23104065,183383072.00
2016/12/02,7.82,7.85,7.59,7.60,27355240,213284896.00
2016/12/05,7.48,7.81,7.39,7.68,25233311,196946272.00
2016/12/06,7.68,8.15,7.66,8.09,57178187,464277280.00
2016/12/07,8.04,8.06,7.89,8.02,29303816,237481712.00
2016/12/08,8.02,8.26,7.94,7.95,34946193,287028512.00
2016/12/09,7.89,7.90,7.68,7.73,29446524,231930832.00
2016/12/12,7.68,7.75,6.96,7.10,37430336,281035328.00
2016/12/13,7.05,7.25,6.91,7.15,26205462,188557552.00
2016/12/14,7.14,7.26,7.06,7.07,18953805,137980256.00
2016/12/15,7.01,7.24,6.97,7.12,18503042,134033856.00
2016/12/16,7.12,7.23,7.07,7.23,25274114,183956416.00
2016/12/19,7.23,7.23,7.06,7.09,19459533,140798112.00
2016/12/20,7.10,7.16,6.99,7.05,15407718,110336608.00
2016/12/21,7.08,7.17,7.06,7.10,13597461,98198440.00
2016/12/22,7.11,7.11,7.03,7.04,11761932,84322224.00
2016/12/23,7.04,7.06,6.93,6.95,14043179,99517232.00
2016/12/26,6.94,6.94,6.68,6.93,15792107,109337224.00
2016/12/27,6.94,7.02,6.90,6.93,11955796,84616904.00
2016/12/28,6.91,6.96,6.84,6.86,10573037,74032136.00
2016/12/29,6.86,6.90,6.78,6.79,10313315,71517256.00
2016/12/30,6.79,6.82,6.68,6.73,11895510,81594984.00
2017/01/03,6.73,6.86,6.73,6.80,8584604,59483076.00
2017/01/04,6.80,6.91,6.73,6.89,16952281,117726248.00
2017/01/05,6.86,6.91,6.83,6.83,13532061,94459832.00
2017/01/06,6.85,6.92,6.80,6.84,13175701,91900216.00
2017/01/09,6.83,6.96,6.81,6.96,14661632,102788304.00
2017/01/10,6.97,7.01,6.85,6.87,13334280,93899704.00
2017/01/11,6.84,6.84,6.72,6.75,13403328,92443712.00
2017/01/12,6.74,6.77,6.57,6.59,15060964,102146288.00
2017/01/13,6.60,6.62,6.30,6.44,16800750,110737640.00
2017/01/16,6.42,6.42,5.80,6.07,21306366,133779472.00
2017/01/17,6.04,6.14,5.90,6.09,14763438,90938368.00
2017/01/18,6.08,6.08,5.94,5.97,10647391,65102992.00
2017/01/19,5.93,6.01,5.87,5.98,8291745,50350412.00
2017/01/20,5.95,6.06,5.95,6.05,8827010,54346988.00
2017/01/23,6.05,6.38,6.05,6.24,16681019,106154072.00
2017/01/24,6.18,6.23,6.14,6.15,7968572,50111708.00
2017/01/25,6.14,6.17,6.09,6.15,5809294,36379016.00
2017/01/26,6.18,6.25,6.16,6.21,6975918,44078504.00
2017/02/03,6.21,6.23,6.15,6.16,5042974,31743184.00
2017/02/06,6.16,6.36,6.15,6.32,12321932,78405400.00
2017/02/07,6.29,6.35,6.22,6.28,10220316,65369440.00
2017/02/08,6.23,6.40,6.20,6.39,16421148,105759208.00
2017/02/09,6.38,7.04,6.33,6.84,42503324,294741120.00
2017/02/10,6.68,7.03,6.66,6.76,28819568,200376960.00
2017/02/13,6.74,6.82,6.68,6.75,15019930,103307824.00
2017/02/14,6.75,6.93,6.74,6.86,18679594,130000784.00
2017/02/15,6.86,6.93,6.65,6.69,19135350,131912544.00
2017/02/16,6.65,6.73,6.61,6.69,11660733,79196184.00
2017/02/17,6.71,6.81,6.63,6.64,14951728,102052824.00
2017/02/20,6.64,6.71,6.61,6.71,10849419,73519408.00
2017/02/21,6.72,6.80,6.69,6.78,13437112,92494408.00
2017/02/22,6.78,6.81,6.68,6.73,11443608,78214840.00
2017/02/23,6.73,7.29,6.68,7.12,59692247,424632800.00
2017/02/24,7.07,7.23,7.02,7.11,28973058,209620432.00
2017/02/27,7.18,7.38,7.10,7.14,28948257,212529264.00
2017/02/28,7.11,7.32,7.08,7.29,27156031,199255184.00
2017/03/01,7.33,7.42,7.22,7.25,21269576,157642704.00
2017/03/02,7.26,7.31,7.08,7.10,18475112,134072312.00
2017/03/03,7.11,7.34,7.05,7.28,29976793,220563184.00
2017/03/06,7.23,7.55,7.23,7.44,26799962,201873584.00
2017/03/07,7.44,7.66,7.40,7.59,30343503,233268912.00
2017/03/08,7.56,7.60,7.44,7.45,18667046,142040000.00
2017/03/09,7.43,7.43,7.28,7.34,16252355,121123584.00
2017/03/10,7.33,7.42,7.28,7.29,10873632,81012432.00
2017/03/13,7.24,7.40,7.13,7.38,16329632,121252656.00
2017/03/14,7.36,7.43,7.24,7.27,13059300,96877584.00
2017/03/15,7.23,7.27,7.17,7.20,11985915,87895712.00
2017/03/16,7.22,7.32,7.20,7.25,15227731,112201176.00
2017/03/17,7.24,7.27,7.10,7.11,16811735,122837696.00
2017/03/20,7.08,7.14,6.94,7.03,17553934,125645360.00
2017/03/21,7.03,7.09,6.98,7.06,9064307,64949176.00
2017/03/22,7.01,7.03,6.89,6.93,13602515,96159128.00
2017/03/23,6.94,7.04,6.90,6.97,11719376,83073624.00
2017/03/24,6.97,7.02,6.90,6.98,11076436,78581632.00
2017/03/27,6.94,7.02,6.91,6.94,13421746,94961800.00
2017/03/28,6.94,6.96,6.83,6.84,11902505,83193432.00
2017/03/29,6.85,6.91,6.82,6.84,8966352,62568452.00
2017/03/30,6.84,6.84,6.55,6.55,18452881,124825048.00
2017/03/31,6.59,6.70,6.59,6.63,8474150,57270724.00
2017/04/05,6.71,6.96,6.63,6.93,16131539,112583120.00
2017/04/06,6.91,6.96,6.88,6.91,10364633,72959544.00
2017/04/07,6.89,6.93,6.85,6.89,7894493,55433588.00
2017/04/10,6.86,6.87,6.64,6.67,17761114,121433392.00
2017/04/11,6.65,6.83,6.58,6.80,12871019,87858160.00
2017/04/12,6.85,7.08,6.80,6.99,26059871,185524512.00
2017/04/13,6.95,7.01,6.88,6.94,13132071,92469752.00
2017/04/14,6.97,6.97,6.67,6.80,12378039,86002704.00
2017/04/17,6.78,6.84,6.71,6.79,8890912,61464216.00
2017/04/18,6.84,6.86,6.73,6.73,8097400,55856400.00
2017/04/19,6.70,6.70,6.43,6.55,13191934,87933856.00
2017/04/20,6.58,6.63,6.47,6.57,8713680,58016692.00
2017/04/21,6.57,6.58,6.48,6.49,5694103,37765600.00
2017/04/24,6.50,6.52,6.21,6.23,8539010,54783904.00
2017/04/25,6.27,6.34,6.23,6.25,6190721,39637988.00
2017/04/26,6.26,6.33,6.26,6.31,5342485,34335652.00
2017/04/27,6.33,6.48,6.13,6.46,11721629,75364104.00
2017/04/28,6.51,6.56,6.43,6.46,6784400,44838508.00
2017/05/02,6.44,6.50,6.38,6.45,5933491,38870148.00
2017/05/03,6.41,6.48,6.36,6.39,8452567,55198492.00
2017/05/04,6.39,6.46,6.30,6.35,6487130,42146200.00
2017/05/05,6.34,6.34,6.21,6.23,6363700,40656996.00
2017/05/08,6.22,6.22,6.06,6.07,7535130,47233596.00
2017/05/09,6.07,6.17,6.06,6.14,3853722,24074212.00
2017/05/10,6.16,6.19,5.88,5.89,7914700,48746444.00
2017/05/11,5.90,5.98,5.79,5.97,9296963,55759316.00
2017/05/12,5.97,5.98,5.88,5.91,4988729,30119000.00
2017/05/15,5.96,6.08,5.93,6.05,7154759,43934580.00
2017/05/16,6.04,6.15,5.96,6.14,7930369,48966216.00
2017/05/17,6.14,6.53,6.13,6.34,19777271,128302784.00
2017/05/18,6.36,6.51,6.21,6.34,10969007,71548752.00
2017/05/19,6.35,6.49,6.32,6.35,7152368,46420452.00
2017/05/22,6.33,6.50,6.32,6.37,8961884,58192248.00
2017/05/23,6.42,6.46,6.24,6.31,8915957,57554600.00
2017/05/24,6.31,6.36,6.04,6.30,7926275,50194048.00
2017/05/25,6.33,6.43,6.24,6.42,7237740,46533152.00
2017/05/26,6.42,6.45,6.37,6.41,4874741,31641836.00
2017/05/31,6.43,6.57,6.37,6.38,6284862,41148956.00
2017/06/01,6.37,6.37,6.10,6.12,5957900,37679176.00
2017/06/02,6.12,6.20,5.99,6.16,5331337,32965362.00
2017/06/05,6.16,6.25,6.12,6.23,3807900,24006792.00
2017/06/06,6.26,6.29,6.19,6.29,3256100,20628792.00
2017/06/07,6.30,6.43,6.28,6.41,7601800,49218632.00
2017/06/08,6.40,6.51,6.37,6.43,7304700,47770724.00
2017/06/09,6.43,6.45,6.32,6.35,5314839,34213424.00
2017/06/12,6.33,6.38,6.16,6.17,6096357,38674552.00
2017/06/13,6.16,6.37,6.14,6.31,6255161,39975964.00
2017/06/14,6.33,6.38,6.28,6.31,3987763,25500486.00
2017/06/15,6.28,6.39,6.28,6.34,9279306,59872008.00
2017/06/16,6.34,6.43,6.32,6.41,8155514,52848768.00
2017/06/19,6.41,6.46,6.36,6.42,5957894,38684104.00
2017/06/20,6.40,6.46,6.32,6.35,7994561,51602428.00
2017/06/21,6.36,6.40,6.29,6.33,5364954,34472728.00
2017/06/22,6.33,6.38,6.23,6.24,5722800,36698704.00
2017/06/23,6.24,6.26,6.14,6.24,5670915,35638676.00
2017/06/26,6.23,6.30,6.22,6.27,5589494,35473104.00
2017/06/27,6.27,6.31,6.21,6.27,5438900,34601628.00
2017/06/28,6.26,6.26,6.14,6.15,6128300,38423832.00
2017/06/29,6.15,6.22,6.15,6.19,4823472,30333854.00
2017/06/30,6.16,6.22,6.15,6.21,3933200,24667300.00
2017/07/03,6.17,6.29,6.17,6.27,6222167,39388412.00
2017/07/04,6.25,6.31,6.25,6.28,3814988,24266344.00
2017/07/05,6.24,6.31,6.24,6.31,6204379,39584016.00
2017/07/06,6.31,6.43,6.30,6.40,11247319,72914496.00
2017/07/07,6.40,6.44,6.34,6.40,8492412,54998868.00
2017/07/10,6.38,6.41,6.30,6.33,7756936,49954096.00
2017/07/11,6.35,6.39,6.26,6.28,5986706,38274148.00
2017/07/12,6.24,6.27,6.15,6.20,6602222,41449120.00
2017/07/13,6.20,6.20,6.16,6.18,5543172,34708776.00
2017/07/14,6.18,6.21,6.16,6.17,4588600,28769968.00
2017/07/17,6.17,6.20,5.87,5.89,11770736,71231392.00
2017/07/18,5.89,5.94,5.80,5.91,6793000,40450276.00
2017/07/19,5.91,5.98,5.84,5.97,4792908,28760432.00
2017/07/20,5.96,6.05,5.93,5.98,4439833,27040672.00
2017/07/21,5.95,5.98,5.89,5.91,5865795,35359196.00
2017/07/24,5.91,5.96,5.88,5.94,6085544,36534320.00
2017/07/25,5.95,5.97,5.88,5.89,4208803,25207910.00
2017/07/26,5.93,5.93,5.82,5.85,6020003,35881676.00
2017/07/27,5.85,6.04,5.85,6.00,10843215,65703428.00
2017/07/28,5.99,6.03,5.95,5.98,5311707,32246086.00
2017/07/31,5.96,6.00,5.91,5.95,7981398,48242216.00
2017/08/01,5.96,6.09,5.92,6.09,9108434,55274184.00
2017/08/02,6.04,6.06,5.95,5.95,9755065,59218756.00
2017/08/03,5.95,5.98,5.91,5.93,5664942,34151596.00
2017/08/04,5.94,5.96,5.87,5.90,7451171,44603432.00
2017/08/07,5.91,5.94,5.86,5.93,6292223,37778484.00
2017/08/08,5.93,5.94,5.87,5.89,6530564,39003340.00
2017/08/09,5.90,5.90,5.86,5.90,5344000,31887980.00
2017/08/10,5.87,5.90,5.82,5.85,6958289,41329196.00
2017/08/11,5.82,5.83,5.78,5.79,6565285,38690312.00
2017/08/14,5.80,5.90,5.80,5.89,5926672,35243336.00
2017/08/15,5.89,5.93,5.88,5.92,5756595,34526152.00
2017/08/16,5.91,5.96,5.88,5.95,8571999,51500436.00
2017/08/17,5.96,5.97,5.91,5.96,9074177,54685188.00
2017/08/18,5.93,5.95,5.86,5.88,7910128,47315980.00
2017/08/21,5.89,5.95,5.89,5.91,9654238,57937248.00
2017/08/22,5.92,5.93,5.88,5.89,7017200,42032040.00
2017/08/23,5.89,5.90,5.82,5.88,6156745,36632708.00
2017/08/24,5.84,5.89,5.84,5.85,4841600,28827186.00
2017/08/25,5.83,5.98,5.83,5.94,7058644,42368572.00
2017/08/28,5.94,5.96,5.88,5.95,12850363,77361160.00
2017/08/29,5.95,5.95,5.89,5.92,7002809,42084640.00
2017/08/30,5.92,5.93,5.89,5.92,8304792,49843772.00
2017/08/31,5.93,6.06,5.92,6.06,20565971,125646208.00
2017/09/01,6.06,6.07,5.97,6.02,9653718,58862196.00
2017/09/04,6.02,6.07,5.97,6.04,16220053,99119712.00
2017/09/05,6.05,6.05,5.99,6.02,11083744,67668056.00
2017/09/06,6.02,6.04,5.97,6.04,8883675,54173480.00
2017/09/07,6.07,6.33,6.06,6.15,29280910,184436272.00
2017/09/08,6.16,6.29,6.05,6.11,14705196,91920288.00
2017/09/11,6.10,6.30,6.10,6.28,17787813,112284696.00
2017/09/12,6.28,6.40,6.23,6.29,14700658,94040504.00
2017/09/13,6.33,6.34,6.19,6.22,9422700,59502400.00
2017/09/14,6.22,6.25,6.14,6.17,8663715,54223016.00
2017/09/15,6.16,6.19,6.08,6.10,7930573,49199676.00
2017/09/18,6.12,6.17,6.07,6.16,8476702,52703552.00
2017/09/19,6.17,6.19,6.06,6.11,9770829,60685180.00
2017/09/20,6.08,6.71,6.08,6.55,64968221,422925728.00
2017/09/21,6.59,6.69,6.42,6.46,50244970,333463584.00
2017/09/22,6.43,6.53,6.32,6.43,23653600,154212560.00
2017/09/25,6.39,6.48,6.18,6.18,23319800,149305760.00
2017/09/26,6.17,6.26,6.10,6.24,12538375,78528576.00
2017/09/27,6.21,6.28,6.14,6.26,16154145,101826944.00
2017/09/28,6.23,6.35,6.20,6.21,16594700,105720040.00
2017/09/29,6.17,6.33,6.17,6.30,14536756,92296136.00
2017/10/09,6.36,6.49,6.29,6.40,21536578,139592400.00
2017/10/10,6.39,6.42,6.31,6.39,14242387,91791352.00
2017/10/11,6.36,6.46,6.27,6.32,18204705,117474088.00
2017/10/12,6.30,6.34,6.19,6.24,11704000,74393800.00
2017/10/13,6.24,6.32,6.21,6.29,9980847,63605524.00
2017/10/16,6.27,6.28,6.08,6.09,18449409,115033144.00
2017/10/17,6.09,6.15,6.07,6.09,6992799,43296488.00
2017/10/18,6.12,6.13,5.94,5.97,9719918,59761840.00
2017/10/19,5.97,6.01,5.89,5.90,10158200,61155784.00
2017/10/20,5.93,5.95,5.89,5.92,7001786,42081256.00
2017/10/23,5.93,6.00,5.92,6.00,6008386,36329576.00
2017/10/24,6.00,6.00,5.89,5.93,7879686,47398672.00
2017/10/25,5.93,5.96,5.89,5.94,5472030,32922520.00
2017/10/26,5.93,5.98,5.90,5.95,5696379,34377728.00
2017/10/27,5.97,5.99,5.89,5.89,8385350,50477784.00
2017/10/30,5.89,5.93,5.76,5.78,11005003,64931768.00
2017/10/31,5.74,5.75,5.59,5.74,12366790,71353536.00
2017/11/01,5.76,5.83,5.67,5.71,11392400,66585752.00
2017/11/02,5.68,5.71,5.54,5.54,11987690,68487072.00
2017/11/03,5.60,5.67,5.54,5.59,10567800,60104840.00
2017/11/06,5.60,5.85,5.59,5.78,15195011,89168592.00
2017/11/07,5.74,5.84,5.72,5.82,10883400,63875864.00
2017/11/08,5.79,5.85,5.74,5.79,8500149,49963420.00
2017/11/09,5.80,5.85,5.75,5.83,10488108,61861576.00
2017/11/10,5.83,6.07,5.77,5.98,16920227,102428120.00
2017/11/13,5.96,6.05,5.88,5.98,16110627,97547360.00
2017/11/14,5.97,5.97,5.72,5.79,19261157,113974440.00
2017/11/15,5.78,5.83,5.67,5.69,9854500,57417832.00
2017/11/16,5.66,5.72,5.64,5.67,7711102,44422920.00
2017/11/17,5.67,5.68,5.36,5.42,16151550,90489328.00
2017/11/20,5.42,5.46,5.22,5.42,9774585,52793548.00
2017/11/21,5.41,5.52,5.39,5.44,9820990,54502768.00
2017/11/22,5.42,5.66,5.40,5.66,18546798,105351456.00
2017/11/23,5.79,6.01,5.71,5.74,34444314,204742256.00
2017/11/24,5.61,5.85,5.60,5.68,14252858,82689440.00
2017/11/27,5.61,5.61,5.41,5.43,12915237,72309632.00
2017/11/28,5.43,5.73,5.43,5.70,13215819,74872512.00
2017/11/29,5.64,5.77,5.59,5.73,13237000,76450376.00
2017/11/30,5.66,5.89,5.65,5.72,13703861,80407408.00
2017/12/01,5.67,5.96,5.67,5.89,24597047,146832736.00
2017/12/04,5.91,5.95,5.74,5.75,14032479,82692336.00
2017/12/05,5.76,5.77,5.46,5.55,17412344,98504488.00
2017/12/06,5.56,6.11,5.49,6.11,63736005,386538144.00
2017/12/07,6.31,6.57,6.24,6.36,98977225,640373376.00
2017/12/08,6.29,6.57,6.28,6.41,80554782,524433760.00
2017/12/11,6.31,6.44,6.28,6.35,49715275,320372640.00
2017/12/12,6.32,6.57,6.30,6.36,56642843,369251520.00
2017/12/13,6.29,6.64,6.20,6.60,65819091,428349184.00
2017/12/14,6.52,6.68,6.43,6.55,57625842,381691936.00
2017/12/15,6.53,6.59,6.33,6.41,44849218,293921152.00
2017/12/18,6.43,6.53,6.34,6.53,37223322,242842496.00
2017/12/19,6.50,6.66,6.43,6.49,43929950,291523680.00
2017/12/20,6.39,6.54,6.19,6.42,43035136,277306592.00
2017/12/21,6.35,6.58,6.27,6.51,46888882,307512992.00
2017/12/22,6.46,6.50,6.33,6.36,27764283,180240512.00
2017/12/25,6.31,6.35,6.03,6.06,34023993,213624336.00
2017/12/26,6.04,6.06,5.78,5.91,35802954,214746576.00
2017/12/27,5.89,5.95,5.75,5.76,21465189,127499336.00
2017/12/28,5.76,5.85,5.64,5.66,23698958,137962432.00
2017/12/29,5.66,5.82,5.65,5.80,16990223,99458752.00
2018/01/02,5.77,5.82,5.68,5.80,15672725,91510736.00
2018/01/03,5.77,5.83,5.71,5.79,18549549,108775784.00
2018/01/04,5.76,5.88,5.73,5.82,22565297,133336608.00
2018/01/05,5.80,5.80,5.66,5.70,21996084,127522776.00
2018/01/08,5.70,5.71,5.56,5.69,19951111,113890208.00
2018/01/09,5.69,5.70,5.61,5.64,11098490,63670376.00
2018/01/10,5.62,5.68,5.57,5.65,13146020,75147616.00
2018/01/11,5.62,5.69,5.53,5.65,12288719,70135040.00
2018/01/12,5.68,5.68,5.58,5.60,10090652,57544296.00
2018/01/15,5.58,5.58,5.37,5.46,17933400,99490744.00
2018/01/16,5.41,5.54,5.40,5.51,8163100,45566896.00
2018/01/17,5.51,5.58,5.38,5.55,12801014,71422736.00
2018/01/18,5.53,5.57,5.50,5.55,7353344,41386748.00
2018/01/19,5.56,5.64,5.52,5.61,8464412,48014052.00
2018/01/22,5.58,5.67,5.56,5.62,7272684,41498996.00
2018/01/23,5.61,5.62,5.53,5.55,7230810,40866492.00
2018/01/24,5.61,5.65,5.57,5.60,9373121,53434896.00
2018/01/25,5.60,5.64,5.56,5.59,8153500,46402792.00
2018/01/26,5.57,5.60,5.50,5.50,8175263,46097476.00
2018/01/29,5.47,5.52,5.43,5.44,5760900,31965948.00
2018/01/30,5.44,5.48,5.42,5.44,3633667,20116038.00
2018/01/31,5.44,5.44,5.28,5.36,8648435,46963248.00
2018/02/01,5.36,5.38,5.05,5.09,10994502,58012052.00
2018/02/02,5.08,5.08,4.89,4.97,7354523,37377432.00
2018/02/05,4.93,5.13,4.89,5.03,6775434,34703788.00
2018/02/06,4.96,5.05,4.85,4.87,8672931,43588180.00
2018/02/07,4.92,5.00,4.82,4.93,4998770,25059464.00
2018/02/08,4.89,5.07,4.89,5.02,5398100,27523644.00
2018/02/09,4.91,4.96,4.81,4.84,8367958,41607240.00
2018/02/12,4.85,4.96,4.85,4.95,4099400,20559312.00
2018/02/13,4.96,4.97,4.90,4.91,3978100,19984868.00
2018/02/14,4.94,4.97,4.90,4.96,2673500,13445661.00
2018/02/22,4.97,5.08,4.97,5.02,4366894,22363770.00
2018/02/23,5.03,5.04,4.98,5.03,3129600,15962072.00
2018/02/26,5.07,5.26,5.02,5.21,11317079,59429224.00
2018/02/27,5.21,5.29,5.15,5.18,7783548,41256900.00
2018/02/28,5.11,5.18,5.06,5.10,6854985,35669944.00
2018/03/01,5.06,5.26,5.05,5.22,10558825,55669128.00
2018/03/02,5.21,5.28,5.14,5.17,6647672,35167676.00
2018/03/05,5.13,5.23,5.13,5.21,7358751,38856800.00
2018/03/06,5.21,5.30,5.19,5.27,10685385,57150664.00
2018/03/07,5.26,5.26,5.17,5.19,7198945,38192496.00
2018/03/08,5.17,5.20,5.13,5.16,5983221,31361832.00
2018/03/09,5.14,5.30,5.14,5.30,13150005,70144656.00
2018/03/12,5.30,5.39,5.27,5.36,12727736,69194352.00
2018/03/13,5.33,5.38,5.28,5.33,9528862,51635904.00
2018/03/14,5.25,5.33,5.17,5.19,11785760,62851964.00
2018/03/15,5.17,5.20,5.05,5.09,8427566,43932452.00
2018/03/16,5.11,5.19,5.06,5.13,6148608,32103240.00
2018/03/19,5.13,5.18,5.09,5.11,5312705,27740642.00
2018/03/20,5.05,5.11,4.95,5.09,8864331,45301656.00
2018/03/21,5.11,5.37,5.09,5.16,14151700,75581000.00
2018/03/22,5.16,5.17,5.06,5.11,7616564,39649240.00
2018/03/23,4.91,5.03,4.82,4.96,13967393,70164968.00
2018/03/26,4.87,5.14,4.87,5.13,10143424,52073912.00
2018/03/27,5.22,5.27,5.14,5.23,14092720,74666872.00
2018/03/28,5.16,5.19,5.09,5.11,10723700,56083184.00
2018/03/29,5.13,5.17,5.09,5.17,6041108,31513852.00
2018/03/30,5.15,5.35,5.15,5.33,19262303,103280696.00
2018/04/02,5.41,5.49,5.26,5.37,25268867,138741008.00
2018/04/03,5.26,5.30,5.18,5.28,12732357,67929680.00
2018/04/04,5.30,5.34,5.15,5.17,12128504,64429276.00
2018/04/09,5.11,5.19,5.07,5.13,8596119,44884716.00
2018/04/10,5.12,5.16,5.02,5.08,10604300,54674624.00
2018/04/11,5.09,5.15,5.07,5.08,6318127,32820494.00
2018/04/12,5.07,5.11,5.02,5.04,6334563,32634924.00
2018/04/13,5.07,5.08,5.01,5.02,5727100,29352882.00
2018/04/16,4.99,5.05,4.97,5.02,5990357,30552978.00
2018/04/17,5.01,5.11,4.97,4.99,7391200,37823656.00
2018/04/18,5.02,5.50,5.02,5.50,62615587,342668096.00
2018/04/19,5.69,5.69,5.39,5.40,72742729,409306592.00
2018/04/20,5.33,5.89,5.28,5.74,85117575,489326080.00
2018/04/23,5.69,5.80,5.46,5.61,47818775,273074528.00
2018/04/24,5.56,5.69,5.41,5.63,44832813,253696880.00
2018/04/25,5.53,5.76,5.49,5.54,35377132,202065504.00
2018/04/26,5.46,5.89,5.43,5.67,55237106,320772800.00
2018/04/27,5.67,5.74,5.46,5.54,32960240,186352672.00
2018/05/02,5.56,5.58,5.26,5.34,24812879,136273744.00
2018/05/03,5.31,5.32,5.05,5.27,28103930,147809648.00
2018/05/04,5.22,5.39,5.13,5.21,25136300,134314512.00
2018/05/07,5.22,5.26,5.17,5.25,21497611,114102048.00
2018/05/08,5.21,5.24,5.14,5.18,20152552,106116960.00
2018/05/09,5.18,5.28,5.15,5.21,17455728,92770104.00
2018/05/10,5.22,5.22,5.09,5.14,16464400,86158800.00
2018/05/11,5.15,5.17,5.08,5.08,11033600,57571608.00
2018/05/14,5.09,5.13,5.01,5.02,11252600,57939096.00
2018/05/15,5.02,5.09,4.99,5.08,9834050,50516412.00
2018/05/16,5.06,5.07,5.01,5.01,8916000,45646364.00
2018/05/17,5.02,5.06,4.99,5.01,8457420,43188616.00
2018/05/18,4.99,5.05,4.91,5.05,17857700,90579632.00
2018/05/21,5.07,5.10,5.04,5.09,12682947,65463764.00
2018/05/22,5.09,5.10,5.00,5.04,9308015,47699500.00
2018/05/23,5.02,5.15,5.00,5.06,13769345,71038712.00
2018/05/24,5.06,5.06,5.01,5.01,8030900,41104868.00
2018/05/25,5.01,5.03,4.94,4.95,9614200,48675988.00
2018/05/28,4.95,5.01,4.92,4.95,6189500,31262516.00
2018/05/29,4.95,4.98,4.90,4.90,6980567,35052712.00
2018/05/30,4.87,5.00,4.83,4.86,11936901,59655808.00
2018/05/31,4.88,4.91,4.84,4.86,7862901,38956872.00
2018/06/01,4.86,4.86,4.49,4.61,19456185,92785864.00
2018/06/04,4.60,4.64,4.49,4.49,11393100,52640776.00
2018/06/05,4.53,4.60,4.47,4.55,11058200,50835836.00
2018/06/06,4.55,4.55,4.44,4.45,8080695,36746104.00
2018/06/07,4.46,4.58,4.42,4.52,11087500,50716912.00
2018/06/08,4.49,4.56,4.45,4.51,7593600,34685460.00
2018/06/11,4.45,4.50,4.18,4.23,15739244,68949400.00
2018/06/12,4.22,4.27,4.18,4.25,6594882,28322134.00
2018/06/13,4.25,4.35,4.23,4.23,7946700,34531100.00
2018/09/20,3.80,4.08,3.80,3.81,37300352,146888160.00
2018/09/21,3.71,3.83,3.67,3.78,20048037,76291520.00
2018/09/25,3.78,3.96,3.78,3.93,19881331,78516592.00
2018/09/26,3.94,3.95,3.88,3.92,11408970,45281736.00
2018/09/27,3.91,3.91,3.84,3.84,8654300,34022768.00
2018/09/28,3.86,3.89,3.81,3.88,6379000,24948624.00
2018/10/08,3.79,3.82,3.68,3.69,7475200,28558532.00
2018/10/09,3.71,3.76,3.67,3.70,4566550,17232946.00
2018/10/10,3.71,3.72,3.54,3.60,7486358,27602990.00
2018/10/11,3.45,3.45,3.23,3.23,14466500,48952728.00
2018/10/12,3.28,3.29,2.96,3.29,16242302,52264568.00
2018/10/15,3.34,3.63,3.33,3.53,23911404,84247080.00
2018/10/16,3.44,3.46,3.29,3.29,16185417,55592656.00
2018/10/17,3.35,3.46,3.23,3.39,12169986,41330672.00
2018/10/18,3.34,3.41,3.24,3.30,12137697,41048892.00
2018/10/19,3.27,3.43,3.25,3.39,10702520,36548812.00
2018/10/22,3.44,3.63,3.44,3.54,14488710,52061184.00
2018/10/23,3.54,3.57,3.44,3.46,10325155,36632336.00
2018/10/24,3.62,3.81,3.56,3.58,32843872,122831984.00
2018/10/25,3.38,3.50,3.24,3.47,17906344,62005388.00
2018/10/26,3.54,3.55,3.45,3.47,9635269,34206928.00
2018/10/29,3.45,3.48,3.36,3.39,7675600,26651586.00
2018/10/30,3.36,3.44,3.33,3.40,8147404,28108986.00
2018/10/31,3.43,3.56,3.40,3.50,11785044,41871684.00
2018/11/01,3.50,3.61,3.50,3.58,14014100,50924320.00
2018/11/02,3.62,3.76,3.62,3.73,21133486,79698296.00
2018/11/05,3.75,3.76,3.64,3.72,13752226,51818632.00
2018/11/06,3.70,3.82,3.67,3.81,12623852,47980232.00
2018/11/07,3.81,3.84,3.73,3.79,13037597,50191840.00
2018/11/08,3.81,3.83,3.70,3.70,10082734,38399960.00
2018/11/09,3.70,3.74,3.68,3.69,6393467,24103550.00
2018/11/12,3.70,3.82,3.69,3.80,10895012,41840360.00
2018/11/13,3.77,3.96,3.76,3.93,22933512,90753672.00
2018/11/14,3.90,4.01,3.87,3.93,14724062,59026788.00
2018/11/15,3.95,3.99,3.93,3.98,12110390,48693580.00
2018/11/16,4.00,4.06,3.94,4.05,15275090,62184372.00
2018/11/19,4.02,4.30,4.01,4.20,18861887,79374880.00
2018/11/20,4.16,4.20,4.05,4.07,17421995,72854520.00
2018/11/21,3.98,4.04,3.94,4.00,12198405,49428284.00
2018/11/22,4.04,4.07,4.00,4.00,10208100,41770312.00
2018/11/23,3.96,4.00,3.70,3.72,19467600,75508816.00
2018/11/26,3.71,3.92,3.71,3.86,14117282,54722636.00
2018/11/27,3.91,4.06,3.85,4.00,19069757,77130960.00
2018/11/28,4.02,4.20,3.99,4.11,22523975,94190904.00
2018/11/29,4.13,4.22,4.05,4.08,21627961,90630296.00
2018/11/30,4.08,4.12,3.94,4.04,17918500,73295384.00
2018/12/03,4.14,4.24,4.13,4.19,17490100,74430144.00
2018/12/04,4.18,4.26,4.16,4.21,12212090,52060820.00
2018/12/05,4.10,4.20,4.05,4.18,11863392,49807832.00
2018/12/06,4.17,4.25,4.08,4.10,13523400,56777936.00
2018/12/07,4.12,4.20,4.11,4.19,12527386,52891128.00
2018/12/10,4.14,4.16,4.05,4.07,12354800,51321800.00
2018/12/11,4.12,4.21,4.10,4.19,11794000,49860976.00
2018/12/12,4.19,4.30,4.15,4.22,14970000,64286840.00
2018/12/13,4.34,4.37,4.21,4.23,16252260,70370368.00
2018/12/14,4.26,4.26,4.09,4.11,12814505,53876740.00
2018/12/17,4.06,4.19,4.04,4.16,10281712,42943136.00
2018/12/18,4.12,4.29,4.12,4.24,17677200,75413928.00
2018/12/19,4.25,4.27,4.17,4.21,9902690,42226924.00
2018/12/20,4.20,4.29,4.18,4.24,10706500,45955648.00
2018/12/21,4.25,4.25,4.13,4.19,11836505,50233544.00
2018/12/24,4.18,4.47,4.14,4.42,30784676,135417504.00
2018/12/25,4.39,4.60,4.35,4.57,38663775,176710064.00
2018/12/26,4.60,4.62,4.46,4.49,21847340,99883816.00
2018/12/27,4.55,4.65,4.49,4.50,21827518,100800816.00
2018/12/28,4.48,4.54,4.41,4.46,15500041,70052736.00
2019/01/02,4.45,4.67,4.43,4.62,22725018,105362640.00
2019/01/03,4.58,4.86,4.57,4.57,23649566,111574224.00
2019/01/04,4.46,4.65,4.44,4.57,20156080,93209112.00
2019/01/07,4.60,4.77,4.57,4.74,25221800,119440928.00
2019/01/08,4.75,4.82,4.70,4.76,18630006,89794680.00
2019/01/09,4.74,4.79,4.64,4.64,20103816,96155672.00
2019/01/10,4.64,4.76,4.62,4.64,14334247,67905152.00
2019/01/11,4.65,4.75,4.63,4.67,12964506,61372608.00
2019/01/14,4.64,4.67,4.50,4.53,18408140,84774864.00
2019/01/15,4.51,4.65,4.51,4.65,19346500,90121768.00
2019/01/16,4.64,4.69,4.51,4.53,15664218,72501120.00
2019/01/17,4.52,4.54,4.38,4.41,17019144,76531688.00
2019/01/18,4.43,4.46,4.27,4.37,15466930,68176192.00
2019/01/21,4.37,4.47,4.33,4.45,11889500,52927820.00
2019/01/22,4.43,4.54,4.39,4.48,16533560,74780624.00
2019/01/23,4.47,4.48,4.28,4.30,13702700,60324140.00
2019/01/24,4.33,4.49,4.27,4.39,17240103,76676808.00
2019/01/25,4.35,4.51,4.32,4.33,17514655,78378176.00
2019/01/28,4.35,4.41,4.27,4.30,11084886,48654108.00
2019/01/29,4.27,4.31,4.02,4.08,22724318,95065760.00
2019/01/30,4.04,4.11,3.86,3.88,20013591,80988552.00
2019/01/31,3.92,4.08,3.91,3.99,18237899,74099208.00
2019/02/01,3.99,4.08,3.94,4.08,12075812,49398404.00
2019/02/11,4.11,4.22,4.04,4.20,16949000,71115160.00
2019/02/12,4.19,4.37,4.18,4.32,18019156,78472816.00
2019/02/13,4.32,4.57,4.32,4.44,24769206,111835048.00
2019/02/14,4.50,4.52,4.39,4.42,19905200,89602464.00
2019/02/15,4.40,4.69,4.40,4.57,37452927,173565104.00
2019/02/18,4.65,4.85,4.57,4.85,44220063,211890672.00
2019/02/19,5.08,5.10,4.74,4.81,48646153,240896944.00
2019/02/20,4.78,4.81,4.65,4.73,29096700,139638160.00
2019/02/21,4.70,4.90,4.69,4.70,31975505,155495840.00
2019/02/22,4.76,4.84,4.71,4.84,27041832,131265792.00
2019/02/25,4.93,5.11,4.84,5.03,55591482,281368000.00
2019/02/26,5.13,5.18,4.98,5.04,51853596,267338928.00
2019/02/27,5.04,5.55,5.00,5.31,72523705,393058784.00
2019/02/28,5.38,5.38,5.11,5.18,38812568,205109712.00
2019/03/01,5.19,5.24,5.06,5.19,23212553,120717240.00
2019/03/04,5.37,5.46,5.22,5.29,45578008,246877808.00
2019/03/05,5.20,5.56,5.16,5.52,47240800,256711264.00
2019/03/06,5.55,5.69,5.43,5.60,47071580,264507840.00
2019/03/07,5.58,5.62,5.44,5.56,43641982,244399440.00
2019/03/08,5.44,6.08,5.30,5.62,75065007,437266432.00
2019/03/11,5.89,5.99,5.66,5.88,51554700,304320864.00
2019/03/12,6.00,6.15,5.86,6.04,60615301,368561280.00
2019/03/13,6.03,6.08,5.80,5.85,43638351,260770784.00
2019/03/14,5.72,5.80,5.30,5.49,45680571,255313856.00
2019/03/15,5.52,5.61,5.40,5.49,25118860,139893104.00
2019/03/18,5.47,5.67,5.32,5.64,25488114,142783744.00
2019/03/19,5.62,5.88,5.61,5.84,34309591,200894464.00
2019/03/20,5.86,5.86,5.57,5.70,31382523,180661536.00
2019/03/21,5.78,5.82,5.69,5.74,26053482,151500624.00
2019/03/22,5.75,5.80,5.56,5.70,27336500,157111296.00
2019/03/25,5.59,5.78,5.55,5.63,25486814,145654672.00
2019/03/26,5.63,5.69,5.32,5.32,31240100,172571728.00
2019/03/27,5.36,5.42,5.15,5.38,26259400,141221696.00
2019/03/28,5.42,5.51,5.21,5.24,28078100,152560272.00
2019/03/29,5.24,5.41,5.14,5.39,33541300,180096160.00
2019/04/01,5.44,5.65,5.44,5.57,29925100,168347424.00
2019/04/02,5.62,5.69,5.51,5.51,32442600,183338768.00
2019/04/03,5.53,5.57,5.47,5.55,18901906,105537944.00
2019/04/04,5.57,5.58,5.47,5.48,23103314,128603088.00
2019/04/08,5.51,5.54,5.25,5.35,26131415,142098288.00
2019/04/09,5.35,5.43,5.24,5.38,15031400,81385488.00
2019/04/10,5.37,5.37,5.24,5.29,18235319,97431944.00
2019/04/11,5.32,5.32,5.18,5.20,14804800,78470616.00
2019/04/12,5.17,5.23,5.10,5.16,14865606,77472776.00
2019/04/15,5.33,5.49,5.29,5.29,26948014,146565552.00
2019/04/16,5.29,5.59,5.26,5.59,37559439,207232400.00
2019/04/17,5.61,5.70,5.56,5.60,31339870,177836560.00
2019/04/18,5.59,5.88,5.47,5.71,41241726,236308640.00
2019/04/19,5.72,5.72,5.51,5.68,30362480,172888832.00
2019/04/22,5.67,5.75,5.56,5.60,28051846,158874656.00
2019/04/23,5.59,5.82,5.50,5.74,47964261,273856256.00
2019/04/24,5.77,6.04,5.77,5.98,77106626,457439360.00
2019/04/25,5.89,6.12,5.78,5.78,54623188,324777280.00
2019/04/26,5.71,5.95,5.61,5.78,43087666,250846064.00
2019/04/29,5.78,5.88,5.20,5.20,50998600,274379104.00
2019/04/30,5.19,5.29,4.92,5.04,36883003,187994672.00
2019/05/06,4.88,4.92,4.54,4.54,30833616,144678800.00
2019/05/07,4.55,4.72,4.53,4.64,24218978,112137000.00
2019/05/08,4.56,4.73,4.44,4.60,21436782,98850808.00
2019/05/09,4.64,4.73,4.60,4.62,17911800,83404472.00
2019/05/10,4.64,4.95,4.53,4.90,35933035,171278720.00
2019/05/13,4.80,4.96,4.75,4.86,24790507,120784664.00
2019/05/14,4.75,4.87,4.71,4.78,18273300,87780240.00
2019/05/15,4.86,4.88,4.75,4.82,18688500,89873232.00
2019/05/16,4.81,4.82,4.75,4.79,15737500,75200432.00
2019/05/17,4.85,5.27,4.85,5.27,70509376,361556320.00
2019/05/20,5.80,5.80,5.80,5.80,11171733,64796052.00
2019/05/21,6.16,6.38,5.85,6.28,217684398,1336145280.00
2019/05/22,6.00,6.24,5.85,6.11,154146830,935998784.00
2019/05/23,6.01,6.35,5.72,5.74,140205512,849062592.00
2019/05/24,5.38,5.54,5.17,5.17,99441654,529533728.00
2019/05/27,5.22,5.69,5.17,5.69,92273678,507096384.00
2019/05/28,5.89,6.14,5.75,5.88,125847023,747477696.00
2019/05/29,5.91,6.47,5.91,6.47,116858894,728165440.00
2019/05/30,6.59,7.05,6.25,6.69,214237945,1421435008.00
2019/05/31,6.44,6.80,6.30,6.44,128059460,833679424.00
2019/06/03,6.65,7.08,6.51,6.68,184943208,1271802880.00
2019/06/04,6.10,6.40,6.01,6.15,137471302,847224576.00
2019/06/05,6.28,6.35,5.93,6.09,94068431,579620096.00
2019/06/06,6.11,6.18,5.71,5.88,64354138,379210752.00
2019/06/10,5.94,6.47,5.88,6.47,116554328,734397184.00
2019/06/11,6.70,6.94,6.37,6.71,182676592,1221571584.00
2019/06/12,6.76,7.37,6.69,6.70,175982863,1221418368.00
2019/06/13,6.57,6.94,6.49,6.60,120950447,813125184.00
2019/06/14,6.72,6.78,6.20,6.41,86911753,560682432.00
2019/06/17,6.66,6.90,6.42,6.70,95884600,636998080.00
2019/06/18,6.68,6.68,6.37,6.46,63650365,412895264.00
2019/06/19,6.64,6.78,6.52,6.53,93571475,623245824.00
2019/06/20,6.37,6.41,6.01,6.32,93747034,583819328.00
2019/06/21,6.28,6.45,6.15,6.26,75370490,474359136.00
2019/06/24,6.27,6.38,6.12,6.37,55563395,347510784.00
2019/06/25,6.33,6.33,6.10,6.15,49973700,308210528.00
2019/06/26,6.09,6.22,6.03,6.06,37537495,229733104.00
2019/06/27,6.29,6.67,6.28,6.67,93619098,612321344.00
2019/06/28,6.97,6.97,6.53,6.55,161318588,1092988544.00
2019/07/01,6.91,7.10,6.71,6.82,129895896,891029056.00
2019/07/02,6.71,6.78,6.50,6.57,106381618,702063680.00
2019/07/03,6.25,6.42,6.18,6.32,67466266,425617920.00
2019/07/04,6.26,6.37,6.22,6.28,37299967,234072496.00
2019/07/05,6.25,6.91,6.25,6.58,109822841,731008256.00
2019/07/08,6.54,6.69,6.32,6.55,82642800,536356544.00
2019/07/09,6.56,6.95,6.48,6.82,134197964,904953856.00
2019/07/10,6.70,7.10,6.63,6.83,122231358,838706496.00
2019/07/11,6.84,6.95,6.63,6.95,101941558,689601152.00
2019/07/12,6.92,7.08,6.70,6.92,108265516,748412992.00
2019/07/15,6.90,7.28,6.70,7.20,129840408,912727744.00
2019/07/16,7.28,7.28,6.94,6.96,113608280,808109184.00
2019/07/17,6.85,7.08,6.80,6.80,82568900,569914560.00
2019/07/18,6.71,7.09,6.67,6.89,104401705,726747968.00
2019/07/19,6.98,6.98,6.66,6.71,88304342,597170944.00
2019/07/22,6.74,6.74,6.12,6.27,68268258,433921664.00
2019/07/23,6.19,6.44,6.19,6.40,39922870,254154880.00
2019/07/24,6.41,6.55,6.34,6.38,58982370,380066720.00
2019/07/25,6.37,6.55,6.35,6.49,55303470,358012416.00
2019/07/26,6.49,6.59,6.44,6.49,42845300,278905632.00
2019/07/29,6.52,6.58,6.40,6.49,37863900,245938624.00
2019/07/30,6.44,6.47,6.35,6.37,41743406,266526240.00
2019/07/31,6.39,6.42,6.34,6.38,24307900,155056896.00
2019/08/01,6.35,6.35,6.16,6.22,39087405,243991008.00
2019/08/02,6.01,6.11,5.90,6.04,38323301,231100768.00
2019/08/05,6.07,6.17,5.98,6.04,28674100,174229904.00
2019/08/06,5.87,5.88,5.50,5.77,53264901,304045376.00
2019/08/07,5.85,5.88,5.62,5.66,31255400,178759136.00
2019/08/08,5.66,5.97,5.62,5.89,47372200,274008512.00
2019/08/09,5.95,6.13,5.86,5.92,57848900,346416352.00
2019/08/12,5.96,6.29,5.95,6.26,58181888,356531648.00
2019/08/13,6.15,6.40,6.11,6.36,62396805,391969248.00
2019/08/14,6.62,6.79,6.26,6.29,87431365,568210560.00
2019/08/15,6.05,6.42,6.05,6.37,65155700,408013280.00
2019/08/16,6.39,6.67,6.32,6.51,77257900,501691712.00
2019/08/19,6.80,7.09,6.62,6.95,131749781,900492096.00
2019/08/20,6.96,7.12,6.85,6.97,125525589,877894848.00
2019/08/21,6.93,7.09,6.82,6.96,89461989,622405504.00
2019/08/22,6.95,7.25,6.90,7.15,128955032,915782080.00
2019/08/23,7.06,7.13,6.82,6.87,100710778,698358656.00
2019/08/26,6.73,7.56,6.72,7.56,94462615,687332352.00
2019/08/27,7.88,8.07,7.55,7.58,243112045,1891643264.00
2019/08/28,7.70,7.81,7.45,7.52,139830865,1066080832.00
2019/08/29,7.54,7.69,7.42,7.65,108939488,826420864.00
2019/08/30,7.66,7.70,7.07,7.23,121916835,906673408.00
2019/09/02,7.23,7.50,7.16,7.40,88828195,652817920.00
2019/09/03,7.42,7.84,7.37,7.84,127791193,978169472.00
2019/09/04,7.76,8.00,7.60,7.81,106660985,830941056.00
2019/09/05,7.79,8.36,7.71,7.95,148755436,1191156096.00
2019/09/06,7.96,8.18,7.80,7.96,92481539,734365504.00
2019/09/09,8.10,8.25,7.96,8.23,96106731,779711104.00
2019/09/10,8.15,8.19,7.90,7.92,85985505,689021376.00
2019/09/11,7.97,7.98,7.80,7.80,55938517,440383840.00
2019/09/12,7.84,7.87,7.72,7.84,40286243,314667616.00
2019/09/16,7.93,8.14,7.83,8.02,75269929,604425920.00
2019/09/17,7.95,7.95,7.62,7.71,64179753,497936384.00
2019/09/18,7.75,7.79,7.53,7.68,45369422,347639552.00
2019/09/19,7.68,7.88,7.64,7.84,47703977,371708512.00
2019/09/20,7.88,8.35,7.86,8.10,113478858,923353856.00
2019/09/23,8.14,8.91,7.96,8.78,165291258,1390412416.00
2019/09/24,8.69,9.30,8.60,8.85,173524649,1558981760.00
2019/09/25,8.75,8.94,8.48,8.67,110354567,956443264.00
2019/09/26,8.68,8.69,7.92,7.96,118773866,973002048.00
2019/09/27,7.97,8.25,7.97,8.00,69918139,566650112.00
2019/09/30,8.01,8.05,7.62,7.63,60105546,467569984.00
2019/10/08,7.68,7.82,7.29,7.42,60934453,461177440.00
2019/10/09,7.41,7.62,7.19,7.55,41939878,313462912.00
2019/10/10,7.55,7.89,7.51,7.86,64153825,498935136.00
2019/10/11,8.02,8.17,7.88,7.91,69426199,555335168.00
2019/10/14,8.01,8.17,7.93,8.04,62257098,499033376.00
2019/10/15,7.99,7.99,7.55,7.58,65059595,499761856.00
2019/10/16,7.59,7.70,7.53,7.55,29241202,222412496.00
2019/10/17,7.57,7.85,7.40,7.85,48169754,370345824.00
2019/10/18,7.87,7.87,7.55,7.60,40766080,313095456.00
2019/10/21,7.48,7.68,7.28,7.68,32283581,242295936.00
2019/10/22,7.68,7.88,7.64,7.79,35222977,273982624.00
2019/10/23,7.79,7.80,7.55,7.58,33115852,253651184.00
2019/10/24,7.55,7.64,7.31,7.52,34101193,255137808.00
2019/10/25,7.47,7.61,7.34,7.50,32257442,241388800.00
2019/10/28,7.50,8.01,7.48,7.98,75686462,593018944.00
2019/10/29,7.95,7.95,7.65,7.68,56749942,440597536.00
2019/10/30,7.60,7.80,7.45,7.75,39345541,301558944.00
2019/10/31,7.78,7.85,7.56,7.57,34601197,266141616.00
2019/11/01,7.54,7.68,7.50,7.61,23983044,182776544.00
数据来源:通达信
