300686 智动力 日线 前复权
      日期	    开盘	    最高	    最低	    收盘	    成交量	    成交额
2017/08/04,6.97,8.38,6.97,8.38,12288,165348.77
2017/08/07,9.22,9.22,9.22,9.22,5216,77561.92
2017/08/08,10.15,10.15,10.15,10.15,5988,97963.68
2017/08/09,11.18,11.18,11.18,11.18,8188,147384.00
2017/08/10,12.30,12.30,12.30,12.30,25852,511869.59
2017/08/11,13.54,13.54,13.54,13.54,331229,7214167.50
2017/08/14,13.54,13.55,12.55,13.07,14670198,306892224.00
2017/08/15,12.78,14.38,12.78,14.38,13718094,298833472.00
2017/08/16,14.87,15.83,14.68,15.83,13953984,342409408.00
2017/08/17,15.80,17.37,15.10,16.55,19026990,502040736.00
2017/08/18,15.88,16.27,15.26,15.62,11701380,296018208.00
2017/08/21,15.41,17.19,15.15,17.19,13602788,359354912.00
2017/08/22,17.24,18.85,16.78,18.32,16848101,487323968.00
2017/08/23,17.33,19.93,17.05,19.09,16569559,493781632.00
2017/08/24,18.43,20.24,18.37,18.62,16663745,518433696.00
2017/08/25,18.48,20.49,17.75,20.49,16701633,523038816.00
2017/08/28,21.12,22.55,20.70,22.55,16946777,592186944.00
2017/08/29,22.90,24.81,21.18,22.99,18802599,710419328.00
2017/08/30,21.72,23.60,21.12,21.68,14252843,505674112.00
2017/08/31,21.18,22.54,21.18,22.25,11126805,393946880.00
2017/09/01,22.32,22.91,21.43,21.47,9930309,351170848.00
2017/09/04,21.12,21.12,19.31,19.31,9993566,317799392.00
2017/09/05,19.23,19.94,18.90,19.62,7183848,225617024.00
2017/09/06,19.30,19.45,18.46,19.12,6774020,205768944.00
2017/09/07,19.07,20.13,18.92,19.55,8258166,259606048.00
2017/09/08,19.28,19.95,18.99,19.80,6674727,209150016.00
2017/09/11,19.82,21.74,19.82,21.33,10622594,357233952.00
2017/09/12,20.96,21.15,19.75,20.04,8707703,285009216.00
2017/09/13,19.87,20.67,19.37,20.57,6923078,224265920.00
2017/09/14,20.24,21.00,20.12,20.85,6714631,222959872.00
2017/09/15,20.57,20.92,19.43,19.74,5833377,188962464.00
2017/09/18,19.33,19.38,18.56,18.75,4672529,141617744.00
2017/09/19,18.78,19.17,18.75,18.86,2688872,81836472.00
2017/09/20,18.69,19.61,18.69,19.40,3947065,121625024.00
2017/09/21,19.30,19.43,18.68,18.68,3212188,98332944.00
2017/09/22,18.62,19.65,18.49,19.17,4341222,134460480.00
2017/09/25,19.02,20.24,18.87,19.93,6408907,203692752.00
2017/09/26,19.62,19.68,18.23,18.48,5900277,177097008.00
2017/09/27,18.47,18.80,18.18,18.53,2456965,72981408.00
2017/09/28,18.25,18.70,18.23,18.24,2259420,66915020.00
2017/09/29,18.12,18.42,16.67,17.48,4202225,118775368.00
2017/10/09,17.74,17.93,17.54,17.66,1672408,47512672.00
2017/10/10,17.66,18.58,17.65,18.45,3534932,103636368.00
2017/10/11,18.24,18.87,18.07,18.22,3223052,95405792.00
2017/10/12,18.19,18.29,17.43,17.67,2801604,79887152.00
2017/10/13,17.60,18.02,17.49,17.82,1835252,52647372.00
2017/10/16,17.43,17.58,16.51,16.75,3231837,88003800.00
2017/10/17,16.75,16.99,16.71,16.81,1341926,36366780.00
2017/10/18,16.85,17.03,15.99,16.04,2139880,56530136.00
2017/10/19,16.07,16.16,15.37,15.62,1931468,48733832.00
2017/10/20,15.54,15.95,15.51,15.92,1306348,33105146.00
2017/10/23,15.87,17.52,15.82,17.15,4872889,133424376.00
2017/10/24,16.75,16.91,16.40,16.69,2818916,75339512.00
2017/10/25,16.56,16.99,16.49,16.86,2171092,58525880.00
2017/10/26,16.87,16.96,16.49,16.74,1638448,44115900.00
2017/10/27,16.74,16.77,16.28,16.38,1697616,44988540.00
2017/10/30,16.20,16.20,15.27,15.45,1821268,45675592.00
2017/10/31,15.55,15.77,15.48,15.73,1029847,25921590.00
2017/11/01,15.61,16.54,15.61,16.28,2413014,62485576.00
2017/11/02,16.20,17.87,15.87,17.46,6571633,179594096.00
2017/11/03,17.28,17.55,16.93,17.12,3910635,107921328.00
2017/11/06,17.18,18.18,16.98,17.93,5578360,159112640.00
2017/11/07,17.93,17.93,17.28,17.69,3866232,109037664.00
2017/11/08,17.67,18.04,17.37,17.83,4228038,120776456.00
2017/11/09,17.68,17.68,17.18,17.39,2762412,77245808.00
2017/11/10,17.21,17.56,17.21,17.30,2124180,59397316.00
2017/11/13,17.28,17.96,17.22,17.83,3671088,104468288.00
2017/11/14,17.93,17.93,16.87,16.95,3212465,89022256.00
2017/11/15,16.80,16.80,16.08,16.12,2496737,65536044.00
2017/11/16,16.08,16.38,15.90,15.90,1618915,41938472.00
2017/11/17,15.93,16.04,14.49,14.60,2390449,58743620.00
2017/11/20,14.60,15.10,14.21,15.04,1517628,35919104.00
2017/11/21,14.88,15.22,14.55,14.72,1499060,35825600.00
2017/11/22,14.72,15.12,14.62,14.86,1057628,25238070.00
2017/11/23,14.68,14.89,14.25,14.30,1169736,27289630.00
2017/11/24,14.29,14.49,14.10,14.30,714968,16515767.00
2017/11/27,14.28,14.46,13.68,13.87,977538,22196090.00
2017/11/28,13.87,14.15,13.72,14.05,829524,18668706.00
2017/11/29,14.05,14.11,13.27,13.52,1415636,30797544.00
2017/11/30,13.52,14.09,13.48,13.68,1282200,28508448.00
2017/12/01,13.61,14.37,13.43,14.18,1734680,38854344.00
2017/12/04,13.93,14.04,13.37,13.41,1386088,30384604.00
2017/12/05,13.37,13.51,12.96,13.14,1124842,23904654.00
2017/12/06,13.17,13.48,13.09,13.43,974414,20894422.00
2017/12/07,13.30,14.10,13.30,13.80,1625938,35690952.00
2017/12/08,13.68,14.42,13.55,14.15,2532415,57333992.00
2017/12/11,14.08,14.23,13.84,14.18,1473968,33265478.00
2017/12/12,13.99,14.22,13.55,13.58,1636190,36444492.00
2017/12/13,13.34,13.99,13.34,13.89,951974,21141874.00
2017/12/14,13.87,14.00,13.82,13.97,834776,18687890.00
2017/12/15,13.97,14.51,13.87,14.00,1692300,38658588.00
2017/12/18,14.02,14.04,13.43,13.72,925516,20309642.00
2017/12/19,13.57,14.03,13.57,13.77,753516,16776171.00
2017/12/20,13.77,13.80,13.37,13.43,866988,18847172.00
2017/12/21,13.46,13.74,13.27,13.54,722028,15724294.00
2017/12/22,13.49,13.65,13.44,13.51,494661,10790483.00
2017/12/25,13.51,13.51,12.98,13.18,1037040,21877982.00
2017/12/26,13.19,13.98,13.10,13.87,2053342,45117144.00
2017/12/27,13.81,14.48,13.62,14.00,2456864,55403652.00
2017/12/28,13.82,14.41,13.72,14.15,1825606,41441720.00
2017/12/29,14.01,14.27,13.98,14.12,938930,21314368.00
2018/01/02,14.18,14.27,13.97,14.17,785288,17815138.00
2018/01/03,14.13,14.17,13.93,14.10,1075876,24304354.00
2018/01/04,13.98,14.12,13.88,13.90,1169864,26285748.00
2018/01/05,13.84,14.04,13.59,13.60,1305178,28897730.00
2018/01/08,13.58,13.71,13.30,13.70,1083878,23499388.00
2018/01/09,13.74,13.82,13.57,13.72,725902,16016465.00
2018/01/10,13.80,13.80,13.26,13.37,905440,19557426.00
2018/01/11,13.37,14.21,13.18,13.97,2785896,62495620.00
2018/01/12,13.78,14.05,13.62,13.95,1792206,39880216.00
2018/01/15,13.92,14.70,13.49,14.00,2973057,67332896.00
2018/01/16,13.68,15.40,13.68,15.40,6842121,164439296.00
2018/01/17,15.73,15.83,14.85,15.17,6583781,162289616.00
2018/01/18,14.94,15.28,14.80,15.10,2917276,70340440.00
2018/01/19,14.95,15.13,14.53,14.55,2971624,70849816.00
2018/01/22,14.31,14.57,14.01,14.48,2053536,47307256.00
2018/01/23,14.27,14.72,14.27,14.65,1792712,41920768.00
2018/01/24,14.69,15.13,14.38,14.90,2510472,59749816.00
2018/01/25,14.82,15.21,14.62,14.62,2103362,50301488.00
2018/01/26,14.58,14.68,14.17,14.17,1345076,31151508.00
2018/01/29,14.23,14.30,13.68,13.72,1399844,31350102.00
2018/01/30,13.72,13.90,13.70,13.78,793476,17566226.00
2018/01/31,13.43,13.60,12.40,12.40,2911688,59258924.00
2018/02/01,12.30,12.43,11.35,11.43,2078144,39158268.00
2018/02/02,11.43,11.48,10.92,11.04,1108620,19953748.00
2018/02/05,10.79,11.29,10.74,11.12,871876,15581939.00
2018/02/06,10.88,11.42,10.78,11.14,1553549,27742324.00
2018/02/07,11.18,11.56,10.90,11.30,1282548,23309144.00
2018/02/08,11.24,11.53,11.15,11.36,857643,15735187.00
2018/02/09,11.05,11.15,10.25,10.50,1157264,20028358.00
2018/02/12,10.48,10.90,10.48,10.89,689964,12000039.00
2018/02/13,10.99,11.09,10.82,10.87,752052,13290353.00
2018/02/14,10.96,11.15,10.87,11.00,434776,7679577.00
2018/02/22,10.95,11.33,10.95,11.13,389200,6982117.00
2018/02/23,11.20,11.29,11.07,11.21,459488,8285153.50
2018/02/26,11.44,11.73,11.30,11.69,961460,17908996.00
2018/02/27,11.57,11.74,11.57,11.67,828088,15561668.00
2018/02/28,11.57,11.66,11.27,11.38,684600,12572445.00
2018/03/01,11.27,11.65,11.25,11.60,928676,17275774.00
2018/03/02,11.64,12.77,11.58,12.77,1553688,31534272.00
2018/03/05,13.37,13.99,12.96,13.25,5600284,120412536.00
2018/03/06,13.09,13.87,13.09,13.26,4481304,96857608.00
2018/03/07,12.74,12.98,12.65,12.88,2586928,53496964.00
2018/03/08,12.92,14.02,12.68,13.72,4960020,108013360.00
2018/03/09,13.41,13.93,13.30,13.85,4577216,100338168.00
2018/03/12,13.79,14.58,13.62,14.02,4262024,95833864.00
2018/03/13,13.78,13.87,13.38,13.40,2512520,54929756.00
2018/03/14,13.43,13.78,13.38,13.48,1766920,38621932.00
2018/03/15,13.12,13.30,12.30,12.78,2438164,49774948.00
2018/03/16,12.77,12.92,12.47,12.51,1185116,24187090.00
2018/03/19,12.60,12.99,12.43,12.92,1371552,28251928.00
2018/03/20,12.61,13.14,12.61,13.12,1541456,31944610.00
2018/03/21,13.08,13.44,12.87,12.96,1965056,41913908.00
2018/03/22,12.95,14.27,12.80,14.27,4643813,105486992.00
2018/03/23,14.37,15.70,14.23,15.02,14256247,344977088.00
2018/03/26,13.52,15.46,13.52,14.99,9670872,220177200.00
2018/03/27,14.62,16.30,14.55,15.46,9997753,247825360.00
2018/03/28,14.93,15.93,14.80,15.68,8837742,218383392.00
2018/03/29,15.67,16.05,14.62,14.83,7929615,195076880.00
2018/03/30,14.85,15.19,14.62,14.97,4767089,114032912.00
2018/04/02,14.83,16.18,14.70,15.79,7849691,194357840.00
2018/04/03,15.30,15.65,14.93,15.06,4874853,119444632.00
2018/04/04,15.13,15.35,14.32,14.39,4060156,96559792.00
2018/04/09,14.37,14.80,14.12,14.80,3267573,76301600.00
2018/04/10,14.52,14.60,13.48,13.90,4227987,95795168.00
2018/04/11,13.87,14.40,13.87,14.16,2964009,67394464.00
2018/04/12,14.32,15.58,14.32,15.58,4548673,112599672.00
2018/04/13,15.93,17.10,15.65,16.30,13657580,360409152.00
2018/04/16,15.64,15.82,15.07,15.17,6718130,166103024.00
2018/04/17,15.53,16.47,15.52,15.65,9231852,236756576.00
2018/04/18,15.35,16.48,14.08,16.07,8664655,208929424.00
2018/04/19,15.62,15.97,15.30,15.31,5532980,138474304.00
2018/04/20,14.37,15.02,14.20,14.29,4076940,95543560.00
2018/04/23,14.24,14.88,14.18,14.80,3069289,71719096.00
2018/04/24,14.68,15.55,14.34,15.43,4951476,121060000.00
2018/04/25,16.67,16.67,14.89,15.86,8450153,218102048.00
2018/04/26,15.29,17.11,15.29,16.05,9144774,238258192.00
2018/04/27,15.74,16.30,15.15,15.30,5517031,138351472.00
2018/05/02,14.95,16.72,14.80,16.37,8063438,206634560.00
2018/05/03,16.02,16.53,15.25,16.43,7408207,190635984.00
2018/05/04,16.18,16.92,15.87,15.98,7462852,197376528.00
2018/05/07,15.74,17.43,15.55,16.85,9386423,252396704.00
2018/05/08,16.53,17.70,16.53,17.49,9962531,272852736.00
2018/05/09,17.25,17.40,16.89,17.11,6234182,171190912.00
2018/05/10,17.07,17.52,16.87,17.25,5727639,158399600.00
2018/05/11,17.35,17.40,16.54,16.55,4430964,120066616.00
2018/05/14,16.41,17.00,16.31,16.47,2794397,74853200.00
2018/05/15,16.49,16.98,16.18,16.96,3168193,84910808.00
2018/05/16,16.80,17.28,16.37,16.50,3463552,93175160.00
2018/05/17,16.56,16.80,16.32,16.60,2093938,55627920.00
2018/05/18,16.53,16.60,15.82,16.14,3481652,90486312.00
2018/05/21,16.20,16.87,16.12,16.78,4714335,125245136.00
2018/05/22,16.78,17.23,16.52,17.17,6060079,164656848.00
2018/05/23,16.98,17.16,16.77,16.80,3587443,97647504.00
2018/05/24,16.65,16.92,16.35,16.38,2583092,68954840.00
2018/05/25,16.25,17.15,16.21,16.98,4651370,126175896.00
2018/05/28,16.95,17.04,16.55,16.64,2844888,76417984.00
2018/05/29,16.68,17.48,16.49,16.63,6642042,182399328.00
2018/05/30,15.74,15.80,14.97,14.97,5315825,129322160.00
2018/05/31,14.90,15.15,14.19,14.77,3672292,86647968.00
2018/06/01,14.53,15.02,14.24,14.31,2276100,53502140.00
2018/06/04,14.63,14.63,14.30,14.49,1522752,35514792.00
2018/06/05,14.58,15.32,14.50,15.18,2768452,66796572.00
2018/06/06,14.99,16.29,14.98,15.84,4408114,111336672.00
2018/06/07,15.86,17.24,15.52,16.50,7027118,185966432.00
2018/06/08,16.33,18.16,16.09,18.16,13472453,378751360.00
2018/06/11,18.12,19.78,17.40,17.51,16522224,491039136.00
2018/06/12,17.24,19.27,17.24,19.27,16609846,494061824.00
2018/06/13,18.68,19.20,17.33,17.50,13873643,406886144.00
2018/06/14,16.88,18.85,16.88,18.23,10571659,307105440.00
2018/06/15,18.24,18.65,17.30,17.66,7976872,229763664.00
2018/06/19,16.01,16.87,15.88,15.88,4990354,129971448.00
2018/06/20,15.43,16.69,15.29,16.07,6253352,161740624.00
2018/06/21,16.52,17.68,16.26,17.68,7333984,206016592.00
2018/06/22,17.42,18.23,17.15,18.07,12616778,360716192.00
2018/06/25,18.35,19.49,17.74,18.40,13501389,400953088.00
2018/06/26,18.40,19.09,17.85,18.59,11545460,344727712.00
2018/06/27,18.93,19.43,18.37,18.68,11121223,338953984.00
2018/06/28,18.85,18.93,17.74,18.42,8343258,248439280.00
2018/06/29,19.23,20.27,18.60,19.24,11618603,358256576.00
2018/07/02,19.04,19.45,18.30,18.93,8080571,247299392.00
2018/07/03,19.25,19.55,18.35,19.30,8525836,259731696.00
2018/07/04,19.17,19.27,17.36,17.99,8731422,255813232.00
2018/07/05,18.19,19.79,17.79,18.09,15893004,299393056.00
2018/07/06,18.49,19.90,17.89,19.90,25715928,499571520.00
2018/07/09,19.90,21.89,19.11,21.89,28596687,571783552.00
2018/07/10,22.61,24.08,22.61,24.08,14955516,349390432.00
2018/07/11,23.87,26.49,22.25,26.49,27990431,680497920.00
2018/07/12,29.14,29.14,24.23,25.04,34088499,906906816.00
2018/07/13,23.17,24.14,22.54,22.58,25405334,592649792.00
2018/07/16,21.86,22.17,21.19,21.42,15935586,345365824.00
2018/07/17,21.29,21.84,21.00,21.72,12566576,270414368.00
2018/07/18,21.61,21.67,20.87,21.05,10037745,213243328.00
2018/07/19,21.32,22.87,21.14,22.08,17953977,394728096.00
2018/07/20,21.74,21.74,20.76,21.47,12631906,268410576.00
2018/07/23,21.02,21.04,20.06,20.53,11957256,245750784.00
2018/07/24,20.48,20.98,20.14,20.71,9264362,190933872.00
2018/07/25,20.64,20.88,20.00,20.29,8104671,164970976.00
2018/07/26,20.29,20.29,18.80,19.14,10704193,206904368.00
2018/07/27,19.09,19.41,18.83,18.84,5490564,105065088.00
2018/07/30,18.93,19.08,17.51,17.85,7476865,136282576.00
2018/07/31,17.79,18.29,17.79,17.95,4498500,81004016.00
2018/08/01,18.16,18.28,17.54,17.64,4619160,82861920.00
2018/08/02,17.64,17.76,16.02,16.93,6978398,116714432.00
2018/08/03,16.97,17.04,15.77,15.84,4940741,81079040.00
2018/08/06,15.86,15.89,15.01,15.24,5369218,83016320.00
2018/08/07,15.24,15.76,15.04,15.69,6107550,94621216.00
2018/08/08,15.79,15.79,14.58,14.61,6051839,91302464.00
2018/08/09,14.95,16.07,14.84,16.07,5710558,89222448.00
2018/08/10,15.49,16.28,15.26,16.14,12285481,195520208.00
2018/08/13,15.25,15.96,15.25,15.81,7484838,116865464.00
2018/08/14,16.00,16.84,15.59,16.51,12201726,197992768.00
2018/08/15,16.24,16.34,15.50,15.58,7956138,127115128.00
2018/08/16,15.19,15.84,14.99,15.23,5015760,77267976.00
2018/08/17,15.39,15.59,14.19,14.23,5682620,84381040.00
2018/08/20,14.47,14.95,14.24,14.71,5141799,74940440.00
2018/08/21,14.58,15.73,14.58,15.34,7825343,119966616.00
2018/08/22,15.49,15.79,14.92,15.11,6995050,108095784.00
2018/08/23,15.28,15.64,14.99,15.30,5684380,86927952.00
2018/08/24,15.20,15.27,14.61,14.67,6022939,89339936.00
2018/08/27,14.86,14.97,14.67,14.85,4592762,68188648.00
2018/08/28,14.91,14.91,14.59,14.75,4142604,61068652.00
2018/08/29,14.62,14.65,14.26,14.45,4277960,61716776.00
2018/08/30,14.31,14.49,13.67,13.79,4710556,66237136.00
2018/08/31,13.86,14.08,13.80,13.82,3892828,54338128.00
2018/09/03,13.67,13.97,12.65,13.16,5662325,73722168.00
2018/09/04,13.16,13.58,13.09,13.45,4691645,62778396.00
2018/09/05,13.39,13.87,13.12,13.14,4740800,64049544.00
2018/09/06,13.09,13.44,12.90,13.22,4574420,60594840.00
2018/09/07,13.37,13.57,12.90,12.91,4736360,62517752.00
2018/09/10,12.87,13.04,12.61,12.81,3499940,44998168.00
2018/09/11,12.94,13.01,12.67,12.78,3460035,44345500.00
2018/09/12,12.71,13.27,12.67,13.11,4054535,52401412.00
2018/09/13,13.18,13.22,12.69,12.94,4839946,62632836.00
2018/09/14,12.85,12.92,12.22,12.22,4943438,61992372.00
2018/09/17,12.24,12.24,11.89,11.95,2465123,29626998.00
2018/09/18,11.97,12.27,11.95,12.17,3121203,37887476.00
2018/09/19,12.15,12.76,12.00,12.53,5670627,71003736.00
2018/09/20,12.40,12.54,12.25,12.36,3176827,39284588.00
2018/09/21,12.33,12.56,12.33,12.46,3104400,38677372.00
2018/09/25,12.44,12.47,12.24,12.36,1977858,24460676.00
2018/09/26,12.36,12.71,12.33,12.51,3580620,44946068.00
2018/09/27,12.44,12.51,11.72,11.82,5025760,60719988.00
2018/09/28,11.87,12.06,11.72,12.00,2321000,27758046.00
2018/10/08,11.95,11.95,11.52,11.62,2868980,33599220.00
2018/10/09,11.65,11.98,11.65,11.88,2320818,27468256.00
2018/10/10,11.89,13.07,11.89,12.57,12220712,155893696.00
2018/10/11,11.95,11.95,11.31,11.31,9417445,108907856.00
2018/10/12,10.75,11.30,10.40,11.10,5871137,64244300.00
2018/10/15,11.35,12.21,11.14,12.21,5797305,69487256.00
2018/10/16,12.73,13.19,11.94,12.06,18603989,235325120.00
2018/10/17,11.74,12.48,11.74,12.47,11516457,140340288.00
2018/10/18,12.09,12.19,11.22,11.22,9569308,110678768.00
2018/10/19,10.59,11.47,10.52,11.40,6275801,69885544.00
2018/10/22,11.59,12.33,11.39,12.04,9253356,110036672.00
2018/10/23,12.05,12.39,11.75,11.86,8475932,102837312.00
2018/10/24,11.95,12.69,11.83,11.87,7361428,89667680.00
2018/10/25,10.99,11.65,10.99,11.54,6273693,71070240.00
2018/10/26,11.63,12.70,11.63,12.70,11391186,143215840.00
2018/10/29,12.99,13.57,12.67,12.74,24503134,322977056.00
2018/10/30,12.25,12.92,12.04,12.84,13420853,167062256.00
2018/10/31,12.60,13.43,12.57,13.09,13739466,178385344.00
2018/11/01,13.09,13.37,12.72,12.75,11890511,155290560.00
2018/11/02,12.79,12.95,12.61,12.89,9242562,118678928.00
2018/11/05,13.00,13.03,12.61,12.95,7946842,102249728.00
2018/11/06,12.99,12.99,12.39,12.69,5564100,70478216.00
2018/11/07,12.69,12.88,12.50,12.53,5279723,66981576.00
2018/11/08,12.61,12.69,12.37,12.40,4763300,59726140.00
2018/11/09,12.37,13.09,12.28,13.06,12155920,156125520.00
2018/11/12,12.99,13.30,12.75,13.29,11429880,149380224.00
2018/11/13,13.04,13.27,12.99,13.22,9505061,125035176.00
2018/11/14,13.14,13.36,13.01,13.07,7915180,104615736.00
2018/11/15,13.08,14.28,13.02,13.87,16765026,230557168.00
2018/11/16,13.66,13.83,13.54,13.62,9706601,132612000.00
2018/11/19,13.49,13.75,13.35,13.43,6170781,83360904.00
2018/11/20,13.40,13.63,13.19,13.33,5911484,79515416.00
2018/11/21,12.99,13.54,12.94,13.53,5921541,79157136.00
2018/11/22,13.62,13.65,13.15,13.26,4629760,61790892.00
2018/11/23,13.26,13.33,11.93,11.93,8575150,106293472.00
2018/11/26,11.65,11.94,11.44,11.53,4441900,51792680.00
2018/11/27,11.58,11.79,11.50,11.62,2966160,34580008.00
2018/11/28,11.69,11.90,11.50,11.86,3781181,44504916.00
2018/11/29,11.86,12.09,11.10,11.11,4627940,53995908.00
2018/11/30,11.15,11.50,11.04,11.43,3714581,42025788.00
2018/12/03,11.76,11.92,11.64,11.73,3660720,43118944.00
2018/12/04,11.89,11.90,11.51,11.69,4456040,52013624.00
2018/12/05,11.42,11.52,11.19,11.36,5224638,59186328.00
2018/12/06,11.25,11.44,11.05,11.07,3965281,44523752.00
2018/12/07,10.98,11.39,10.98,11.29,3171910,35626744.00
2018/12/10,11.18,11.18,10.69,10.82,4000900,43757052.00
2018/12/11,10.83,11.03,10.82,11.02,3175450,34861584.00
2018/12/12,11.05,11.11,10.91,10.93,2307420,25390726.00
2018/12/13,11.18,11.97,11.17,11.44,7499825,85995136.00
2018/12/14,11.29,11.43,10.95,11.01,4460100,49908876.00
2018/12/17,10.92,11.06,10.75,11.01,2785920,30350526.00
2018/12/18,10.99,10.99,10.70,10.83,2555848,27718400.00
2018/12/19,10.87,11.01,10.74,10.76,2158240,23441888.00
2018/12/20,10.77,10.92,10.72,10.85,1952950,21148580.00
2018/12/21,10.77,10.92,10.73,10.92,2052170,22241358.00
2018/12/24,10.92,11.81,10.91,11.36,6613820,74686648.00
2018/12/25,11.14,11.36,10.80,11.33,5668140,62786036.00
2018/12/26,11.50,11.67,11.25,11.28,5442060,62426300.00
2018/12/27,11.44,12.09,11.27,11.39,8140541,94440352.00
2018/12/28,11.17,11.39,10.92,11.02,4966652,55470460.00
2017/08/04,11.26,13.51,11.26,13.51,12288,165348.77
2017/08/07,14.86,14.86,14.86,14.86,5216,77561.92
2017/08/08,16.35,16.35,16.35,16.35,5988,97963.68
2017/08/09,17.99,17.99,17.99,17.99,8188,147384.00
2017/08/10,19.79,19.79,19.79,19.79,25852,511869.59
2017/08/11,21.77,21.77,21.77,21.77,331229,7214167.50
2017/08/14,21.77,21.79,20.18,21.02,14670198,306892224.00
2017/08/15,20.55,23.12,20.55,23.12,13718094,298833472.00
2017/08/16,23.89,25.43,23.59,25.43,13953984,342409408.00
2017/08/17,25.39,27.90,24.27,26.59,19026990,502040736.00
2017/08/18,25.52,26.14,24.52,25.10,11701380,296018208.00
2017/08/21,24.76,27.61,24.34,27.61,13602788,359354912.00
2017/08/22,27.69,30.27,26.95,29.41,16848101,487323968.00
2017/08/23,27.84,31.99,27.39,30.65,16569559,493781632.00
2017/08/24,29.59,32.49,29.49,29.90,16663745,518433696.00
2017/08/25,29.67,32.89,28.50,32.89,16701633,523038816.00
2017/08/28,33.89,36.18,33.22,36.18,16946777,592186944.00
2017/08/29,36.74,39.80,33.99,36.89,18802599,710419328.00
2017/08/30,34.85,37.87,33.89,34.80,14252843,505674112.00
2017/08/31,34.00,36.17,34.00,35.70,11126805,393946880.00
2017/09/01,35.81,36.76,34.39,34.45,9930309,351170848.00
2017/09/04,33.89,33.89,31.00,31.00,9993566,317799392.00
2017/09/05,30.87,32.01,30.35,31.49,7183848,225617024.00
2017/09/06,30.99,31.22,29.64,30.69,6774020,205768944.00
2017/09/07,30.62,32.32,30.38,31.38,8258166,259606048.00
2017/09/08,30.95,32.03,30.49,31.79,6674727,209150016.00
2017/09/11,31.82,34.89,31.81,34.23,10622594,357233952.00
2017/09/12,33.64,33.95,31.71,32.17,8707703,285009216.00
2017/09/13,31.89,33.18,31.09,33.01,6923078,224265920.00
2017/09/14,32.49,33.70,32.29,33.46,6714631,222959872.00
2017/09/15,33.02,33.57,31.20,31.69,5833377,188962464.00
2017/09/18,31.03,31.11,29.80,30.11,4672529,141617744.00
2017/09/19,30.15,30.78,30.11,30.28,2688872,81836472.00
2017/09/20,30.01,31.48,30.01,31.14,3947065,121625024.00
2017/09/21,30.99,31.19,29.99,30.00,3212188,98332944.00
2017/09/22,29.89,31.55,29.69,30.78,4341222,134460480.00
2017/09/25,30.53,32.49,30.29,31.99,6408907,203692752.00
2017/09/26,31.49,31.59,29.27,29.68,5900277,177097008.00
2017/09/27,29.65,30.18,29.20,29.76,2456965,72981408.00
2017/09/28,29.30,30.03,29.27,29.29,2259420,66915020.00
2017/09/29,29.09,29.58,26.77,28.07,4202225,118775368.00
2017/10/09,28.49,28.79,28.17,28.36,1672408,47512672.00
2017/10/10,28.36,29.84,28.34,29.63,3534932,103636368.00
2017/10/11,29.29,30.30,29.01,29.25,3223052,95405792.00
2017/10/12,29.21,29.37,28.00,28.37,2801604,79887152.00
2017/10/13,28.27,28.94,28.09,28.62,1835252,52647372.00
2017/10/16,28.00,28.23,26.52,26.90,3231837,88003800.00
2017/10/17,26.90,27.29,26.84,27.00,1341926,36366780.00
2017/10/18,27.07,27.35,25.69,25.77,2139880,56530136.00
2017/10/19,25.81,25.96,24.69,25.09,1931468,48733832.00
2017/10/20,24.97,25.62,24.92,25.58,1306348,33105146.00
2017/10/23,25.49,28.14,25.41,27.54,4872889,133424376.00
2017/10/24,26.91,27.16,26.34,26.81,2818916,75339512.00
2017/10/25,26.60,27.29,26.49,27.08,2171092,58525880.00
2017/10/26,27.09,27.24,26.49,26.89,1638448,44115900.00
2017/10/27,26.89,26.93,26.15,26.32,1697616,44988540.00
2017/10/30,26.02,26.03,24.54,24.82,1821268,45675592.00
2017/10/31,24.99,25.34,24.87,25.27,1029847,25921590.00
2017/11/01,25.08,26.57,25.08,26.16,2413014,62485576.00
2017/11/02,26.02,28.69,25.49,28.04,6571633,179594096.00
2017/11/03,27.76,28.19,27.19,27.49,3910635,107921328.00
2017/11/06,27.59,29.19,27.27,28.79,5578360,159112640.00
2017/11/07,28.79,28.80,27.75,28.41,3866232,109037664.00
2017/11/08,28.37,28.97,27.89,28.63,4228038,120776456.00
2017/11/09,28.39,28.39,27.59,27.93,2762412,77245808.00
2017/11/10,27.64,28.20,27.64,27.79,2124180,59397316.00
2017/11/13,27.76,28.84,27.66,28.63,3671088,104468288.00
2017/11/14,28.79,28.79,27.10,27.23,3212465,89022256.00
2017/11/15,26.99,26.99,25.84,25.89,2496737,65536044.00
2017/11/16,25.84,26.32,25.55,25.55,1618915,41938472.00
2017/11/17,25.60,25.77,23.29,23.47,2390449,58743620.00
2017/11/20,23.47,24.27,22.84,24.17,1517628,35919104.00
2017/11/21,23.92,24.46,23.39,23.65,1499060,35825600.00
2017/11/22,23.65,24.29,23.50,23.88,1057628,25238070.00
2017/11/23,23.59,23.93,22.91,22.98,1169736,27289630.00
2017/11/24,22.97,23.29,22.66,22.98,714968,16515767.00
2017/11/27,22.96,23.24,21.99,22.30,977538,22196090.00
2017/11/28,22.30,22.75,22.05,22.59,829524,18668706.00
2017/11/29,22.58,22.68,21.34,21.74,1415636,30797544.00
2017/11/30,21.74,22.65,21.67,21.99,1282200,28508448.00
2017/12/01,21.88,23.09,21.60,22.79,1734680,38854344.00
2017/12/04,22.40,22.57,21.49,21.56,1386088,30384604.00
2017/12/05,21.49,21.72,20.84,21.13,1124842,23904654.00
2017/12/06,21.17,21.67,21.05,21.59,974414,20894422.00
2017/12/07,21.39,22.67,21.39,22.19,1625938,35690952.00
2017/12/08,21.99,23.18,21.79,22.75,2532415,57333992.00
2017/12/11,22.64,22.88,22.25,22.79,1473968,33265478.00
2017/12/12,22.49,22.85,21.79,21.84,1636190,36444492.00
2017/12/13,21.45,22.49,21.45,22.33,951974,21141874.00
2017/12/14,22.29,22.50,22.22,22.46,834776,18687890.00
2017/12/15,22.46,23.32,22.30,22.50,1692300,38658588.00
2017/12/18,22.54,22.57,21.59,22.06,925516,20309642.00
2017/12/19,21.82,22.55,21.82,22.13,753516,16776171.00
2017/12/20,22.13,22.19,21.49,21.60,866988,18847172.00
2017/12/21,21.64,22.09,21.34,21.77,722028,15724294.00
2017/12/22,21.69,21.95,21.61,21.72,494661,10790483.00
2017/12/25,21.72,21.72,20.87,21.19,1037040,21877982.00
2017/12/26,21.21,22.47,21.07,22.30,2053342,45117144.00
2017/12/27,22.20,23.28,21.90,22.50,2456864,55403652.00
2017/12/28,22.21,23.16,22.05,22.75,1825606,41441720.00
2017/12/29,22.52,22.93,22.47,22.69,938930,21314368.00
2018/01/02,22.79,22.94,22.46,22.77,785288,17815138.00
2018/01/03,22.71,22.77,22.40,22.66,1075876,24304354.00
2018/01/04,22.48,22.70,22.31,22.35,1169864,26285748.00
2018/01/05,22.25,22.57,21.85,21.87,1305178,28897730.00
2018/01/08,21.84,22.04,21.39,22.03,1083878,23499388.00
2018/01/09,22.09,22.22,21.81,22.05,725902,16016465.00
2018/01/10,22.19,22.19,21.32,21.49,905440,19557426.00
2018/01/11,21.49,22.84,21.19,22.45,2785896,62495620.00
2018/01/12,22.15,22.59,21.89,22.43,1792206,39880216.00
2018/01/15,22.38,23.62,21.69,22.50,2973057,67332896.00
2018/01/16,22.00,24.75,22.00,24.75,6842121,164439296.00
2018/01/17,25.27,25.44,23.87,24.37,6583781,162289616.00
2018/01/18,24.01,24.55,23.79,24.26,2917276,70340440.00
2018/01/19,24.02,24.31,23.35,23.39,2971624,70849816.00
2018/01/22,23.00,23.41,22.52,23.27,2053536,47307256.00
2018/01/23,22.94,23.66,22.94,23.54,1792712,41920768.00
2018/01/24,23.61,24.31,23.11,23.95,2510472,59749816.00
2018/01/25,23.82,24.44,23.49,23.50,2103362,50301488.00
2018/01/26,23.44,23.60,22.77,22.77,1345076,31151508.00
2018/01/29,22.87,22.99,22.00,22.06,1399844,31350102.00
2018/01/30,22.06,22.35,22.02,22.16,793476,17566226.00
2018/01/31,21.60,21.87,19.94,19.94,2911688,59258924.00
2018/02/01,19.79,19.99,18.27,18.39,2078144,39158268.00
2018/02/02,18.39,18.47,17.58,17.77,1108620,19953748.00
2018/02/05,17.37,18.17,17.29,17.90,871876,15581939.00
2018/02/06,17.52,18.37,17.35,17.93,1553549,27742324.00
2018/02/07,17.99,18.60,17.55,18.19,1282548,23309144.00
2018/02/08,18.09,18.55,17.95,18.28,857643,15735187.00
2018/02/09,17.79,17.94,16.51,16.90,1157264,20028358.00
2018/02/12,16.88,17.55,16.88,17.53,689964,12000039.00
2018/02/13,17.69,17.85,17.41,17.49,752052,13290353.00
2018/02/14,17.64,17.94,17.49,17.71,434776,7679577.00
2018/02/22,17.63,18.24,17.63,17.91,389200,6982117.00
2018/02/23,18.02,18.17,17.82,18.04,459488,8285153.50
2018/02/26,18.41,18.87,18.19,18.81,961460,17908996.00
2018/02/27,18.61,18.89,18.61,18.78,828088,15561668.00
2018/02/28,18.61,18.76,18.14,18.32,684600,12572445.00
2018/03/01,18.14,18.74,18.10,18.67,928676,17275774.00
2018/03/02,18.73,20.54,18.64,20.54,1553688,31534272.00
2018/03/05,21.49,22.49,20.84,21.30,5600284,120412536.00
2018/03/06,21.05,22.29,21.05,21.32,4481304,96857608.00
2018/03/07,20.49,20.87,20.34,20.72,2586928,53496964.00
2018/03/08,20.78,22.54,20.39,22.05,4960020,108013360.00
2018/03/09,21.56,22.39,21.39,22.26,4577216,100338168.00
2018/03/12,22.17,23.43,21.89,22.54,4262024,95833864.00
2018/03/13,22.15,22.29,21.52,21.55,2512520,54929756.00
2018/03/14,21.60,22.15,21.51,21.68,1766920,38621932.00
2018/03/15,21.10,21.38,19.78,20.55,2438164,49774948.00
2018/03/16,20.54,20.78,20.05,20.12,1185116,24187090.00
2018/03/19,20.27,20.89,19.99,20.78,1371552,28251928.00
2018/03/20,20.28,21.13,20.28,21.10,1541456,31944610.00
2018/03/21,21.04,21.61,20.69,20.84,1965056,41913908.00
2018/03/22,20.83,22.93,20.58,22.93,4643813,105486992.00
2018/03/23,23.09,25.22,22.87,24.14,14256247,344977088.00
2018/03/26,21.73,24.84,21.73,24.09,9670872,220177200.00
2018/03/27,23.49,26.19,23.39,24.84,9997753,247825360.00
2018/03/28,23.99,25.59,23.79,25.19,8837742,218383392.00
2018/03/29,25.17,25.79,23.49,23.84,7929615,195076880.00
2018/03/30,23.87,24.41,23.50,24.05,4767089,114032912.00
2018/04/02,23.83,25.99,23.62,25.37,7849691,194357840.00
2018/04/03,24.59,25.14,23.99,24.20,4874853,119444632.00
2018/04/04,24.31,24.67,23.02,23.13,4060156,96559792.00
2018/04/09,23.09,23.79,22.69,23.79,3267573,76301600.00
2018/04/10,23.33,23.47,21.67,22.35,4227987,95795168.00
2018/04/11,22.30,23.15,22.29,22.76,2964009,67394464.00
2018/04/12,23.01,25.04,23.01,25.04,4548673,112599672.00
2018/04/13,25.59,27.47,25.14,26.18,13657580,360409152.00
2018/04/16,25.13,25.42,24.21,24.38,6718130,166103024.00
2018/04/17,24.96,26.45,24.94,25.14,9231852,236756576.00
2018/04/18,24.66,26.47,22.63,25.81,8664655,208929424.00
2018/04/19,25.10,25.65,24.58,24.60,5532980,138474304.00
2018/04/20,23.10,24.14,22.83,22.97,4076940,95543560.00
2018/04/23,22.89,23.91,22.79,23.79,3069289,71719096.00
2018/04/24,23.59,24.99,23.05,24.80,4951476,121060000.00
2018/04/25,26.77,26.77,23.93,25.48,8450153,218102048.00
2018/04/26,24.57,27.48,24.57,25.79,9144774,238258192.00
2018/04/27,25.29,26.18,24.34,24.58,5517031,138351472.00
2018/05/02,24.03,26.85,23.79,26.29,8063438,206634560.00
2018/05/03,25.74,26.55,24.50,26.39,7408207,190635984.00
2018/05/04,25.99,27.17,25.49,25.68,7462852,197376528.00
2018/05/07,25.29,27.99,24.99,27.07,9386423,252396704.00
2018/05/08,26.56,28.43,26.55,28.09,9962531,272852736.00
2018/05/09,27.70,27.94,27.13,27.48,6234182,171190912.00
2018/05/10,27.42,28.13,27.10,27.70,5727639,158399600.00
2018/05/11,27.87,27.94,26.57,26.59,4430964,120066616.00
2018/05/14,26.36,27.31,26.20,26.45,2794397,74853200.00
2018/05/15,26.49,27.28,25.99,27.24,3168193,84910808.00
2018/05/16,26.99,27.76,26.29,26.50,3463552,93175160.00
2018/05/17,26.60,26.99,26.21,26.67,2093938,55627920.00
2018/05/18,26.56,26.67,25.41,25.93,3481652,90486312.00
2018/05/21,26.03,27.09,25.89,26.96,4714335,125245136.00
2018/05/22,26.96,27.67,26.54,27.57,6060079,164656848.00
2018/05/23,27.28,27.56,26.94,26.98,3587443,97647504.00
2018/05/24,26.74,27.17,26.27,26.32,2583092,68954840.00
2018/05/25,26.11,27.54,26.04,27.28,4651370,126175896.00
2018/05/28,27.23,27.37,26.59,26.73,2844888,76417984.00
2018/05/29,26.79,28.07,26.49,26.72,6642042,182399328.00
2018/05/30,25.29,25.39,24.05,24.05,5315825,129322160.00
2018/05/31,23.95,24.35,22.81,23.73,3672292,86647968.00
2018/06/01,23.36,24.13,22.89,23.00,2276100,53502140.00
2018/06/04,23.52,23.52,22.99,23.29,1522752,35514792.00
2018/06/05,23.43,24.62,23.30,24.39,2768452,66796572.00
2018/06/06,24.09,26.17,24.07,25.45,4408114,111336672.00
2018/06/07,25.48,27.69,24.94,26.51,7027118,185966432.00
2018/06/08,26.24,29.16,25.85,29.16,13472453,378751360.00
2018/06/11,29.09,31.76,27.94,28.12,16522224,491039136.00
2018/06/12,27.69,30.93,27.69,30.93,16609846,494061824.00
2018/06/13,29.99,30.83,27.84,28.11,13873643,406886144.00
2018/06/14,27.11,30.27,27.11,29.27,10571659,307105440.00
2018/06/15,29.29,29.94,27.79,28.36,7976872,229763664.00
2018/06/19,25.72,27.09,25.52,25.52,4990354,129971448.00
2018/06/20,24.79,26.81,24.57,25.81,6253352,161740624.00
2018/06/21,26.54,28.39,26.12,28.39,7333984,206016592.00
2018/06/22,27.97,29.27,27.55,29.01,12616778,360716192.00
2018/06/25,29.47,31.29,28.49,29.54,13501389,400953088.00
2018/06/26,29.54,30.65,28.67,29.85,11545460,344727712.00
2018/06/27,30.39,31.19,29.49,29.99,11121223,338953984.00
2018/06/28,30.26,30.39,28.49,29.58,8343258,248439280.00
2018/06/29,30.88,32.53,29.87,30.89,11618603,358256576.00
2018/07/02,30.57,31.23,29.39,30.39,8080571,247299392.00
2018/07/03,30.90,31.38,29.47,30.98,8525836,259731696.00
2018/07/04,30.77,30.93,27.88,28.89,8731422,255813232.00
2018/07/05,18.19,19.79,17.79,18.09,15893004,299393056.00
2018/07/06,18.49,19.90,17.89,19.90,25715928,499571520.00
2018/07/09,19.90,21.89,19.11,21.89,28596687,571783552.00
2018/07/10,22.61,24.08,22.61,24.08,14955516,349390432.00
2018/07/11,23.87,26.49,22.25,26.49,27990431,680497920.00
2018/07/12,29.14,29.14,24.23,25.04,34088499,906906816.00
2018/07/13,23.17,24.14,22.54,22.58,25405334,592649792.00
2018/07/16,21.86,22.17,21.19,21.42,15935586,345365824.00
2018/07/17,21.29,21.84,21.00,21.72,12566576,270414368.00
2018/07/18,21.61,21.67,20.87,21.05,10037745,213243328.00
2018/07/19,21.32,22.87,21.14,22.08,17953977,394728096.00
2018/07/20,21.74,21.74,20.76,21.47,12631906,268410576.00
2018/07/23,21.02,21.04,20.06,20.53,11957256,245750784.00
2018/07/24,20.48,20.98,20.14,20.71,9264362,190933872.00
2018/07/25,20.64,20.88,20.00,20.29,8104671,164970976.00
2018/07/26,20.29,20.29,18.80,19.14,10704193,206904368.00
2018/07/27,19.09,19.41,18.83,18.84,5490564,105065088.00
2018/07/30,18.93,19.08,17.51,17.85,7476865,136282576.00
2018/07/31,17.79,18.29,17.79,17.95,4498500,81004016.00
2018/08/01,18.16,18.28,17.54,17.64,4619160,82861920.00
2018/08/02,17.64,17.76,16.02,16.93,6978398,116714432.00
2018/08/03,16.97,17.04,15.77,15.84,4940741,81079040.00
2018/08/06,15.86,15.89,15.01,15.24,5369218,83016320.00
2018/08/07,15.24,15.76,15.04,15.69,6107550,94621216.00
2018/08/08,15.79,15.79,14.58,14.61,6051839,91302464.00
2018/08/09,14.95,16.07,14.84,16.07,5710558,89222448.00
2018/08/10,15.49,16.28,15.26,16.14,12285481,195520208.00
2018/08/13,15.25,15.96,15.25,15.81,7484838,116865464.00
2018/08/14,16.00,16.84,15.59,16.51,12201726,197992768.00
2018/08/15,16.24,16.34,15.50,15.58,7956138,127115128.00
2018/08/16,15.19,15.84,14.99,15.23,5015760,77267976.00
2018/08/17,15.39,15.59,14.19,14.23,5682620,84381040.00
2018/08/20,14.47,14.95,14.24,14.71,5141799,74940440.00
2018/08/21,14.58,15.73,14.58,15.34,7825343,119966616.00
2018/08/22,15.49,15.79,14.92,15.11,6995050,108095784.00
2018/08/23,15.28,15.64,14.99,15.30,5684380,86927952.00
2018/08/24,15.20,15.27,14.61,14.67,6022939,89339936.00
2018/08/27,14.86,14.97,14.67,14.85,4592762,68188648.00
2018/08/28,14.91,14.91,14.59,14.75,4142604,61068652.00
2018/08/29,14.62,14.65,14.26,14.45,4277960,61716776.00
2018/08/30,14.31,14.49,13.67,13.79,4710556,66237136.00
2018/08/31,13.86,14.08,13.80,13.82,3892828,54338128.00
2018/09/03,13.67,13.97,12.65,13.16,5662325,73722168.00
2018/09/04,13.16,13.58,13.09,13.45,4691645,62778396.00
2018/09/05,13.39,13.87,13.12,13.14,4740800,64049544.00
2018/09/06,13.09,13.44,12.90,13.22,4574420,60594840.00
2018/09/07,13.37,13.57,12.90,12.91,4736360,62517752.00
2018/09/10,12.87,13.04,12.61,12.81,3499940,44998168.00
2018/09/11,12.94,13.01,12.67,12.78,3460035,44345500.00
2018/09/12,12.71,13.27,12.67,13.11,4054535,52401412.00
2018/09/13,13.18,13.22,12.69,12.94,4839946,62632836.00
2018/09/14,12.85,12.92,12.22,12.22,4943438,61992372.00
2018/09/17,12.24,12.24,11.89,11.95,2465123,29626998.00
2018/09/18,11.97,12.27,11.95,12.17,3121203,37887476.00
2018/09/19,12.15,12.76,12.00,12.53,5670627,71003736.00
2018/09/20,12.40,12.54,12.25,12.36,3176827,39284588.00
2018/09/21,12.33,12.56,12.33,12.46,3104400,38677372.00
2018/09/25,12.44,12.47,12.24,12.36,1977858,24460676.00
2018/09/26,12.36,12.71,12.33,12.51,3580620,44946068.00
2018/09/27,12.44,12.51,11.72,11.82,5025760,60719988.00
2018/09/28,11.87,12.06,11.72,12.00,2321000,27758046.00
2018/10/08,11.95,11.95,11.52,11.62,2868980,33599220.00
2018/10/09,11.65,11.98,11.65,11.88,2320818,27468256.00
2018/10/10,11.89,13.07,11.89,12.57,12220712,155893696.00
2018/10/11,11.95,11.95,11.31,11.31,9417445,108907856.00
2018/10/12,10.75,11.30,10.40,11.10,5871137,64244300.00
2018/10/15,11.35,12.21,11.14,12.21,5797305,69487256.00
2018/10/16,12.73,13.19,11.94,12.06,18603989,235325120.00
2018/10/17,11.74,12.48,11.74,12.47,11516457,140340288.00
2018/10/18,12.09,12.19,11.22,11.22,9569308,110678768.00
2018/10/19,10.59,11.47,10.52,11.40,6275801,69885544.00
2018/10/22,11.59,12.33,11.39,12.04,9253356,110036672.00
2018/10/23,12.05,12.39,11.75,11.86,8475932,102837312.00
2018/10/24,11.95,12.69,11.83,11.87,7361428,89667680.00
2018/10/25,10.99,11.65,10.99,11.54,6273693,71070240.00
2018/10/26,11.63,12.70,11.63,12.70,11391186,143215840.00
2018/10/29,12.99,13.57,12.67,12.74,24503134,322977056.00
2018/10/30,12.25,12.92,12.04,12.84,13420853,167062256.00
2018/10/31,12.60,13.43,12.57,13.09,13739466,178385344.00
2018/11/01,13.09,13.37,12.72,12.75,11890511,155290560.00
2018/11/02,12.79,12.95,12.61,12.89,9242562,118678928.00
2018/11/05,13.00,13.03,12.61,12.95,7946842,102249728.00
2018/11/06,12.99,12.99,12.39,12.69,5564100,70478216.00
2018/11/07,12.69,12.88,12.50,12.53,5279723,66981576.00
2018/11/08,12.61,12.69,12.37,12.40,4763300,59726140.00
2018/11/09,12.37,13.09,12.28,13.06,12155920,156125520.00
2018/11/12,12.99,13.30,12.75,13.29,11429880,149380224.00
2018/11/13,13.04,13.27,12.99,13.22,9505061,125035176.00
2018/11/14,13.14,13.36,13.01,13.07,7915180,104615736.00
2018/11/15,13.08,14.28,13.02,13.87,16765026,230557168.00
2018/11/16,13.66,13.83,13.54,13.62,9706601,132612000.00
2018/11/19,13.49,13.75,13.35,13.43,6170781,83360904.00
2018/11/20,13.40,13.63,13.19,13.33,5911484,79515416.00
2018/11/21,12.99,13.54,12.94,13.53,5921541,79157136.00
2018/11/22,13.62,13.65,13.15,13.26,4629760,61790892.00
2018/11/23,13.26,13.33,11.93,11.93,8575150,106293472.00
2018/11/26,11.65,11.94,11.44,11.53,4441901,51792680.00
2018/11/27,11.58,11.79,11.50,11.62,2966160,34580008.00
2018/11/28,11.69,11.90,11.50,11.86,3781181,44504916.00
2018/11/29,11.86,12.09,11.10,11.11,4627940,53995908.00
2018/11/30,11.15,11.50,11.04,11.43,3714581,42025788.00
2018/12/03,11.76,11.92,11.64,11.73,3660720,43118944.00
2018/12/04,11.89,11.90,11.51,11.69,4456040,52013624.00
2018/12/05,11.42,11.52,11.19,11.36,5224638,59186328.00
2018/12/06,11.25,11.44,11.05,11.07,3965281,44523752.00
2018/12/07,10.98,11.39,10.98,11.29,3171910,35626744.00
2018/12/10,11.18,11.18,10.69,10.82,4000900,43757052.00
2018/12/11,10.83,11.03,10.82,11.02,3175450,34861584.00
2018/12/12,11.05,11.11,10.91,10.93,2307420,25390726.00
2018/12/13,11.18,11.97,11.17,11.44,7499825,85995136.00
2018/12/14,11.29,11.43,10.95,11.01,4460100,49908876.00
2018/12/17,10.92,11.06,10.75,11.01,2785920,30350526.00
2018/12/18,10.99,10.99,10.70,10.83,2555848,27718400.00
2018/12/19,10.87,11.01,10.74,10.76,2158240,23441888.00
2018/12/20,10.77,10.92,10.72,10.85,1952950,21148580.00
2018/12/21,10.77,10.92,10.73,10.92,2052170,22241358.00
2018/12/24,10.92,11.81,10.91,11.36,6613820,74686648.00
2018/12/25,11.14,11.36,10.80,11.33,5668140,62786036.00
2018/12/26,11.50,11.67,11.25,11.28,5442060,62426300.00
2018/12/27,11.44,12.09,11.27,11.39,8140541,94440352.00
2018/12/28,11.17,11.39,10.92,11.02,4966652,55470460.00
2019/01/02,11.02,11.09,10.84,10.87,2563681,28052700.00
2019/01/03,10.93,10.98,10.72,10.77,2865460,31173448.00
2019/01/04,10.63,11.01,10.44,11.01,3437700,37200684.00
2019/01/07,11.04,11.39,10.94,11.29,4528802,50695912.00
2019/01/08,11.21,11.28,11.01,11.08,2789493,31022954.00
2019/01/09,11.06,11.37,11.06,11.16,3728742,41901420.00
2019/01/10,11.19,11.32,10.96,10.97,3218160,35842172.00
2019/01/11,11.16,11.17,10.85,11.14,2936832,32459006.00
2019/01/14,11.10,11.17,10.83,10.87,2661669,29151694.00
2019/01/15,10.87,11.33,10.71,11.15,4935340,54407404.00
2019/01/16,11.15,11.15,10.86,10.94,3679655,40484108.00
2019/01/17,11.04,11.04,10.76,10.77,2201780,23855578.00
2019/01/18,10.77,10.88,10.71,10.80,2122009,22889374.00
2019/01/21,10.82,10.91,10.77,10.87,1668769,18153984.00
2019/01/22,10.82,10.92,10.73,10.78,1550829,16786610.00
2019/01/23,10.76,10.87,10.72,10.84,1159060,12516063.00
2019/01/24,10.78,10.94,10.77,10.89,1839130,20029922.00
2019/01/25,10.94,10.95,10.44,10.46,2809060,30062732.00
2019/01/28,10.49,10.55,9.99,10.07,3982453,40457984.00
2019/01/29,10.01,10.14,9.30,9.63,2644716,25585408.00
2019/01/30,9.66,9.70,9.22,9.31,1935027,18260920.00
2019/01/31,8.89,9.35,8.89,9.06,3036768,27743562.00
2019/02/01,9.12,9.42,9.10,9.39,2062382,19233282.00
2019/02/11,9.48,9.69,9.44,9.68,2143413,20612662.00
2019/02/12,9.74,9.89,9.68,9.70,2187340,21380100.00
2019/02/13,9.80,10.38,9.79,10.28,6139713,62180164.00
2019/02/14,10.27,10.89,10.03,10.71,9390926,98399104.00
2019/02/15,10.86,10.87,10.49,10.64,7870398,84016424.00
2019/02/18,11.71,11.71,10.64,11.35,13921751,158407936.00
2019/02/19,11.53,11.96,11.20,11.62,14163869,163348864.00
2019/02/20,11.51,11.78,11.26,11.34,7873410,90266712.00
2019/02/21,11.34,11.38,11.01,11.07,7441220,83152504.00
2019/02/22,10.94,11.41,10.94,11.21,6435011,72133104.00
2019/02/25,11.24,11.79,11.24,11.65,12498430,144052544.00
2019/02/26,11.59,11.73,11.34,11.45,10993207,126713264.00
2019/02/27,11.55,11.57,11.22,11.36,6361330,72620808.00
2019/02/28,11.38,11.43,11.24,11.28,3447841,39048536.00
2019/03/01,11.28,11.34,11.10,11.25,3171481,35551476.00
2019/03/04,11.33,11.88,11.30,11.42,8334909,96430840.00
2019/03/05,11.34,11.77,11.22,11.75,9747046,112579008.00
2019/03/06,11.91,12.93,11.58,12.93,13344197,163375472.00
2019/03/07,13.29,13.98,13.20,13.51,25688399,349022912.00
2019/03/08,12.99,14.45,12.59,13.73,23715896,323534080.00
2019/03/11,13.50,14.98,13.47,14.90,20163739,287595616.00
2019/03/12,14.69,15.45,14.37,14.66,20914450,308956640.00
2019/03/13,14.60,14.63,13.26,13.55,14139859,199099824.00
2019/03/14,13.44,13.47,12.49,13.04,7951312,103374312.00
2019/03/15,13.28,13.71,13.11,13.53,8513332,114339576.00
2019/03/18,13.78,14.81,13.51,14.50,13941960,198772656.00
2019/03/19,14.51,15.89,14.51,15.26,18224714,278429728.00
2019/03/20,14.99,15.54,14.52,15.33,12259898,185731440.00
2019/03/21,15.24,15.83,15.00,15.40,11312434,173598496.00
2019/03/22,15.54,15.73,14.88,15.26,7857628,120702544.00
2019/03/25,14.99,16.79,14.64,16.79,18956259,309271168.00
2019/03/26,16.64,17.79,16.30,16.82,14733792,252835520.00
2019/03/27,17.19,17.69,16.78,17.26,10388849,178368048.00
2019/03/28,16.99,18.50,16.69,18.02,11284277,199593072.00
2019/03/29,17.80,18.99,17.72,18.65,12165558,224397488.00
2019/04/01,18.78,19.68,18.35,19.68,7617687,146082624.00
2019/04/02,19.89,19.95,18.57,18.84,9849381,188138496.00
2019/04/03,18.54,18.76,18.00,18.60,6346699,116513064.00
2019/04/04,18.57,18.62,17.99,18.53,5485527,100603256.00
2019/04/08,18.51,19.39,18.49,18.89,7176907,135711040.00
2019/04/09,18.89,19.54,17.12,17.87,12011872,220819024.00
2019/04/10,17.99,17.99,16.99,17.36,6422900,111720768.00
2019/04/11,17.67,17.83,16.14,16.49,6369100,108665824.00
2019/04/12,16.92,17.78,16.86,17.53,7752700,135065856.00
2019/04/15,17.64,18.67,17.29,17.29,7335900,132145408.00
2019/04/16,17.29,18.58,17.29,18.12,8881681,158787504.00
2019/04/17,18.07,18.16,17.52,17.73,6279521,111747848.00
2019/04/18,17.59,18.21,17.31,17.57,5359893,95779368.00
2019/04/19,17.31,17.66,17.00,17.21,3750252,64558360.00
2019/04/22,17.21,17.56,17.07,17.17,3110053,53861908.00
2019/04/23,17.18,17.29,16.39,16.43,4499675,75018696.00
2019/04/24,16.33,17.55,16.33,17.49,5623217,95819456.00
2019/04/25,17.46,17.68,16.70,16.75,4159663,71007504.00
2019/04/26,16.74,17.33,16.63,16.77,3249913,55296176.00
2019/04/29,16.76,17.09,15.70,16.24,3697735,60941660.00
2019/04/30,16.54,17.35,16.39,16.74,3212474,54433940.00
2019/05/06,16.41,16.67,15.07,15.07,5275656,82772000.00
2019/05/07,15.09,15.48,14.71,15.19,4308308,65546440.00
2019/05/08,15.11,16.09,14.88,15.79,4804040,74973608.00
2019/05/09,15.59,16.29,15.39,15.65,4029486,63878056.00
2019/05/10,16.09,16.19,15.18,16.08,5133781,81773768.00
2019/05/13,15.94,16.33,15.62,15.70,3943981,63006140.00
2019/05/14,15.34,16.29,15.34,16.06,3991180,64046168.00
2019/05/15,16.04,16.70,15.92,16.53,4151440,67977600.00
2019/05/16,16.50,16.89,16.12,16.20,4665669,76966696.00
2019/05/17,16.39,16.54,15.00,15.57,5294755,84033424.00
2019/05/20,15.19,15.37,14.01,14.01,7388891,106025240.00
2019/05/21,14.06,14.47,13.99,14.14,4532371,64564548.00
2019/05/22,14.30,15.56,14.29,15.56,7285700,111059216.00
2019/05/23,15.86,16.47,15.28,15.35,11929967,189539792.00
2019/05/24,15.67,16.47,15.32,15.93,8600536,137197328.00
2019/05/27,15.55,16.76,15.55,16.50,10557661,172698224.00
2019/05/28,16.40,16.57,15.99,16.28,8064229,130836608.00
2019/05/29,16.10,16.26,15.76,16.03,5411764,86619008.00
2019/05/30,15.90,15.94,15.01,15.38,6206851,95290744.00
2019/05/31,15.37,15.60,15.06,15.16,3952627,60707672.00
2019/06/03,15.34,15.48,14.64,15.27,4040584,60913820.00
2019/06/04,15.20,15.35,14.37,14.71,3909750,57778192.00
2019/06/05,14.92,14.93,14.59,14.70,3030317,44866272.00
2019/06/06,14.70,14.95,14.35,14.45,2792342,40929864.00
2019/06/10,14.47,15.60,14.14,14.96,4903758,73990520.00
2019/06/11,15.02,15.45,14.67,15.35,5230317,79124456.00
2019/06/12,15.22,15.22,14.68,14.85,6225453,92746528.00
2019/06/13,14.64,14.83,14.50,14.71,3453569,50601500.00
2019/06/14,14.55,14.70,13.89,13.92,5550334,78754608.00
2019/06/17,13.87,14.23,13.80,14.09,3085768,43344876.00
2019/06/18,14.07,14.47,13.91,14.32,3175138,45300900.00
2019/06/19,14.50,14.78,14.27,14.33,3645376,52988308.00
2019/06/20,14.29,14.65,14.09,14.60,3953098,57398664.00
2019/06/21,14.75,14.95,14.63,14.79,3517687,52068532.00
2019/06/24,14.80,15.08,14.70,14.85,2968914,44189668.00
2019/06/25,14.76,14.94,14.25,14.47,2790120,40547384.00
2019/06/26,14.68,15.10,14.47,14.76,6101487,90506512.00
2019/06/27,14.62,15.88,14.62,15.41,9832896,149819904.00
2019/06/28,15.45,15.46,14.28,14.53,7407414,108998000.00
2019/07/01,14.99,15.98,14.98,15.98,11585973,180516208.00
2019/07/02,16.10,16.70,15.50,15.69,17733961,285897728.00
2019/07/03,15.43,15.93,15.25,15.53,8883019,138207120.00
2019/07/04,15.55,15.65,15.02,15.21,6591706,100600104.00
2019/07/05,15.21,15.80,15.13,15.78,8579260,133277680.00
2019/07/08,15.63,16.25,15.51,16.20,12903600,205329984.00
2019/07/09,15.90,16.60,15.75,16.33,13220739,214735552.00
2019/07/10,16.21,16.63,16.00,16.23,9789456,159344016.00
2019/07/11,16.30,16.98,16.18,16.91,17022806,282698624.00
2019/07/12,16.75,17.25,16.50,17.23,15423091,260635008.00
2019/07/15,16.14,16.88,16.14,16.35,17453185,286873472.00
2019/07/16,16.35,16.80,16.25,16.45,11228462,185882512.00
2019/07/17,16.40,16.51,16.00,16.05,11384547,184472960.00
2019/07/18,16.09,16.09,15.16,15.32,9801429,152721904.00
2019/07/19,15.50,15.62,14.98,15.35,5289467,81675480.00
2019/07/22,15.45,15.58,14.33,15.25,5910588,88559448.00
2019/07/23,15.14,15.61,15.03,15.60,5952571,91713688.00
2019/07/24,15.63,16.25,15.63,16.09,9757315,156325072.00
2019/07/25,16.05,16.45,15.96,16.30,9240442,149970608.00
2019/07/26,16.25,16.78,16.20,16.67,11305434,187090528.00
2019/07/29,17.72,18.34,17.13,17.37,32115167,573471232.00
2019/07/30,16.83,17.35,16.68,16.77,20495860,347453024.00
2019/07/31,16.60,17.06,16.26,16.27,15797603,261501312.00
2019/08/01,16.37,17.14,16.30,16.93,17004095,285272896.00
2019/08/02,16.31,16.81,16.05,16.36,12344242,203151584.00
2019/08/05,16.19,17.58,16.19,17.02,18326680,313492256.00
2019/08/06,16.80,18.72,16.60,18.08,35794558,638648256.00
2019/08/07,18.01,18.37,17.28,17.33,27575782,488473024.00
2019/08/08,17.41,17.64,16.70,17.58,19430998,335032448.00
2019/08/09,17.32,18.26,17.32,17.96,22783269,406992576.00
2019/08/12,17.77,18.95,17.45,18.87,23735112,432002048.00
2019/08/13,18.48,19.16,18.25,18.32,20192564,374660128.00
2019/08/14,18.70,19.18,18.43,18.71,21144586,398271712.00
2019/08/15,18.00,19.11,17.80,19.00,17114099,315928608.00
2019/08/16,18.88,19.34,18.53,18.56,18549580,350503744.00
2019/08/19,19.16,20.30,18.71,19.63,23149353,449058880.00
2019/08/20,19.65,21.50,19.45,20.80,27478854,566657152.00
2019/08/21,20.60,22.60,20.21,22.47,26789745,572395904.00
2019/08/22,22.06,22.46,21.55,22.09,21069722,463048320.00
2019/08/23,21.98,21.99,21.30,21.64,14943953,322078816.00
2019/08/26,20.91,21.37,20.62,21.04,12396933,260263296.00
2019/08/27,21.26,21.66,20.67,20.80,14924871,315206816.00
2019/08/28,20.56,21.25,20.01,21.09,13794696,285082304.00
2019/08/29,21.00,21.24,20.29,20.33,12491277,258078288.00
2019/08/30,20.54,20.55,19.11,19.11,15401844,305734752.00
2019/09/02,19.35,20.00,18.89,19.90,11815535,231409280.00
2019/09/03,20.05,20.98,19.82,20.81,15674473,319499424.00
2019/09/04,20.60,20.97,20.10,20.72,12257400,251638496.00
2019/09/05,20.76,21.66,20.33,21.19,17563492,369485024.00
2019/09/06,21.18,21.41,20.30,20.79,12858224,268596384.00
2019/09/09,20.91,22.20,20.84,22.08,19048022,412932704.00
2019/09/10,21.70,21.95,21.20,21.49,13007713,279396064.00
2019/09/11,21.59,21.78,20.74,20.83,11055413,233047504.00
2019/09/12,20.85,21.04,20.13,20.66,9081507,186244880.00
2019/09/16,20.66,20.95,20.22,20.84,7897630,163343024.00
2019/09/17,20.71,20.71,19.20,19.81,12166480,242292032.00
2019/09/18,19.84,20.10,19.53,19.83,7482364,148375760.00
2019/09/19,19.99,20.76,19.87,20.74,11344569,232217040.00
2019/09/20,20.74,21.38,20.42,21.19,12869130,270035936.00
2019/09/23,20.99,21.36,20.44,21.15,9257530,193451504.00
2019/09/24,21.45,21.65,20.64,20.64,11658357,246168144.00
2019/09/25,20.64,20.95,19.93,19.98,9254718,188275792.00
2019/09/26,20.18,20.18,19.20,19.45,8029112,157951456.00
2019/09/27,19.51,20.36,19.23,20.09,7846723,156343952.00
2019/09/30,20.15,20.18,19.10,19.20,7606307,148128144.00
2019/10/08,19.45,19.61,18.43,18.67,9021421,171383360.00
2019/10/09,18.60,19.10,18.25,19.06,7715051,144856256.00
2019/10/10,19.08,19.88,19.02,19.83,10351742,202388032.00
2019/10/11,19.88,20.26,19.65,20.04,9121183,181835600.00
2019/10/14,20.30,20.67,20.02,20.30,10445455,211631760.00
2019/10/15,19.34,19.34,18.27,18.28,15899930,296963776.00
2019/10/16,18.36,20.11,18.36,20.11,24301791,478057088.00
2019/10/17,20.23,20.86,19.88,20.52,25428392,519610624.00
2019/10/18,20.60,21.10,20.27,20.77,20615116,426308064.00
2019/10/21,20.66,20.72,19.40,19.84,14966688,296780736.00
2019/10/22,20.00,21.28,20.00,21.10,21778970,452746592.00
2019/10/23,21.96,22.50,20.66,20.78,27251756,586538688.00
2019/10/24,19.65,21.26,19.65,20.72,18974907,390210400.00
2019/10/25,21.09,21.09,19.76,20.25,15867520,321387680.00
2019/10/28,19.92,20.86,19.92,20.51,13373440,273243328.00
2019/10/29,20.60,20.62,19.36,19.38,14379340,285859264.00
2019/10/30,19.40,19.42,18.73,18.94,7674372,146256256.00
2019/10/31,19.09,19.09,18.56,18.63,6164571,115860864.00
2019/11/01,18.75,19.25,18.55,19.22,6945649,132221552.00
数据来源:通达信
