300498 温氏股份 日线 前复权
      日期	    开盘	    最高	    最低	    收盘	    成交量	    成交额
2015/11/02,47.20,49.29,35.62,35.62,18159365,1181059712.00
2015/11/03,38.07,39.46,35.86,39.46,36170423,2142831744.00
2015/11/04,37.81,39.96,35.90,38.46,31741477,1841589760.00
2015/11/05,38.59,39.99,37.24,37.72,20614754,1228109184.00
2015/11/06,36.76,37.48,35.88,36.17,26993077,1519092864.00
2015/11/09,34.99,35.61,33.05,34.36,26401994,1403500544.00
2015/11/10,33.63,35.71,33.33,35.11,19293465,1046395136.00
2015/11/11,35.05,35.05,33.77,34.15,16978768,901541248.00
2015/11/12,34.14,37.74,34.02,36.99,28548134,1600005888.00
2015/11/13,35.68,36.92,34.43,34.77,17933747,988697920.00
2015/11/16,33.47,34.43,33.32,34.37,10196846,540534592.00
2015/11/17,34.47,36.57,34.47,34.70,14687168,805175680.00
2015/11/18,34.71,34.71,33.33,33.52,9628059,509946528.00
2015/11/19,33.52,35.14,33.52,34.45,10230724,548431232.00
2015/11/20,34.64,34.64,33.67,34.04,10813266,573675008.00
2015/11/23,34.05,34.70,33.75,33.87,9616099,511090400.00
2015/11/24,33.72,36.45,33.60,35.89,22594350,1240461312.00
2015/11/25,35.41,36.24,34.79,35.74,15661200,866831360.00
2015/11/26,35.82,35.95,34.71,34.73,10063336,549173376.00
2015/11/27,34.77,34.77,31.72,32.22,12565306,653520384.00
2015/11/30,32.24,32.73,29.49,31.13,14733006,719830592.00
2015/12/01,31.13,31.23,30.06,30.54,10431095,499571168.00
2015/12/02,30.54,30.54,28.46,30.29,13263094,618985088.00
2015/12/03,30.09,31.90,29.99,31.77,11789214,574515904.00
2015/12/04,31.40,32.81,31.24,31.81,10788009,543023040.00
2015/12/07,31.81,32.28,31.10,31.33,7114414,351234048.00
2015/12/08,31.22,31.22,29.70,30.08,9071446,429644160.00
2015/12/09,29.57,29.99,29.17,29.54,6735610,313571936.00
2015/12/10,29.85,31.00,29.85,30.25,8465381,405467200.00
2015/12/11,29.88,29.89,29.19,29.70,5492661,254888400.00
2015/12/14,29.15,30.05,28.95,29.93,5164559,240102832.00
2015/12/15,29.88,30.45,29.61,29.83,5300421,250210192.00
2015/12/16,29.99,31.14,29.86,30.41,7656913,367388896.00
2015/12/17,30.68,30.94,30.40,30.81,9937121,478340128.00
2015/12/18,30.82,30.82,30.20,30.29,6128658,293215616.00
2015/12/21,30.16,30.95,30.04,30.72,6893030,332260480.00
2015/12/22,30.82,31.38,30.62,31.22,8515341,415610752.00
2015/12/23,31.31,31.45,30.40,30.42,7657272,371185600.00
2015/12/24,30.37,30.37,29.34,29.86,5488292,256806640.00
2015/12/25,29.84,30.05,29.50,30.02,5589034,261323536.00
2015/12/28,30.18,30.25,28.88,29.02,7913554,369445856.00
2015/12/29,29.08,29.36,28.54,29.35,5845919,266533936.00
2015/12/30,29.47,29.47,28.94,29.18,3968807,182557488.00
2015/12/31,29.19,29.27,28.88,28.97,3431655,157411584.00
2016/01/04,28.97,29.85,27.43,27.75,7097473,326077440.00
2016/01/05,26.93,28.71,26.72,28.47,8615792,382234400.00
2016/01/06,28.47,31.59,28.47,31.15,18451985,883427136.00
2016/01/07,30.26,30.27,27.75,27.82,4307678,197150704.00
2016/01/08,29.29,30.88,27.15,30.88,19090613,899930880.00
2016/01/11,30.64,33.23,29.99,31.42,26486337,1333449344.00
2016/01/12,31.42,32.34,29.02,30.58,16384433,793178624.00
2016/01/13,30.13,31.10,27.77,28.98,12992816,606845312.00
2016/01/14,27.79,30.20,27.77,30.20,12774426,584227136.00
2016/01/15,30.27,30.45,27.77,28.06,12980606,591609664.00
2016/01/18,26.86,27.94,26.79,27.29,6425979,277538720.00
2016/02/03,27.35,27.36,24.43,25.93,9198795,379423456.00
2016/02/04,25.96,26.45,25.67,26.42,8031747,332472320.00
2016/02/05,26.38,26.58,25.97,26.04,6079032,253913984.00
2016/02/15,24.65,25.37,24.61,25.07,6532876,261559696.00
2016/02/16,25.24,26.36,25.24,26.20,7193649,299070080.00
2016/02/17,27.00,28.95,27.00,27.93,9896914,440355968.00
2016/02/18,27.91,28.28,27.47,27.64,7269334,320771648.00
2016/02/19,27.65,28.11,27.65,27.87,4968342,219569808.00
2016/02/22,28.49,28.72,27.79,28.00,6534325,291466816.00
2016/02/23,28.38,28.39,27.18,27.38,5673541,248762320.00
2016/02/24,27.38,30.00,27.35,29.66,17546282,799930304.00
2016/02/25,29.02,30.40,27.14,27.70,14848770,683499008.00
2016/02/26,28.04,29.33,27.83,28.93,11776708,534105760.00
2016/02/29,28.88,30.54,27.38,30.34,17516500,811038784.00
2016/03/01,30.68,32.77,29.93,31.48,17432091,863140032.00
2016/03/02,31.06,32.00,30.20,31.83,14556198,711886080.00
2016/03/03,31.31,32.58,30.58,30.66,12020125,594079232.00
2016/03/04,30.27,32.77,30.27,31.81,15373202,769506688.00
2016/03/07,32.28,33.20,31.80,32.70,10360121,527037824.00
2016/03/08,32.12,32.34,30.20,31.47,9016359,441456800.00
2016/03/09,30.52,31.24,29.16,29.80,6726069,319426496.00
2016/03/10,29.98,31.43,29.85,30.45,6782270,327767328.00
2016/03/11,30.16,31.38,29.87,30.72,4594520,223096848.00
2016/03/14,30.89,32.28,30.89,31.77,6860180,340837504.00
2016/03/15,31.79,32.46,30.88,30.89,5383296,265720160.00
2016/03/16,30.89,31.23,29.51,29.93,5752697,273123296.00
2016/03/17,29.93,31.11,29.64,30.88,6337811,305350816.00
2016/03/18,30.96,31.92,30.96,31.62,8572952,423127296.00
2016/03/21,31.95,32.99,31.64,32.16,10946950,554320192.00
2016/03/22,31.93,34.83,31.43,33.29,13311259,697715072.00
2016/03/23,33.01,34.68,32.99,33.95,11570559,614394560.00
2016/03/24,33.81,35.08,33.01,33.32,10936183,582716224.00
2016/03/25,32.78,33.26,32.21,32.81,8529085,435566176.00
2016/03/28,33.58,33.81,32.20,32.45,6390235,329914592.00
2016/03/29,32.18,32.96,31.94,32.54,5155384,260784864.00
2016/03/30,33.10,33.52,32.49,33.44,6962985,358827872.00
2016/03/31,33.45,33.77,32.88,32.94,5267032,273396192.00
2016/04/01,32.74,32.97,32.00,32.62,4204878,212760832.00
2016/04/05,32.83,33.30,32.33,33.27,7456570,382128800.00
2016/04/06,33.15,34.58,32.97,33.93,10537408,556709312.00
2016/04/07,34.02,34.29,32.90,32.90,6674779,347313440.00
2016/04/08,32.63,34.22,31.72,33.11,12139647,622199232.00
2016/04/11,33.32,33.63,32.53,32.75,10576706,543370624.00
2016/04/12,32.69,32.69,30.78,31.20,10719973,529782912.00
2016/04/13,31.24,31.68,31.21,31.23,8203034,404696416.00
2016/04/14,31.38,31.65,30.83,31.55,8944203,437054112.00
2016/04/15,31.58,31.65,31.04,31.30,6238331,306123552.00
2016/04/18,31.46,31.93,31.37,31.77,7522168,373042272.00
2016/04/19,32.23,32.23,31.38,31.62,5437490,269782624.00
2016/04/20,31.86,31.93,29.49,30.12,9183235,439542048.00
2016/04/21,30.32,30.32,29.73,29.84,4924026,231914176.00
2016/04/22,29.52,30.40,29.40,30.07,4444624,209842624.00
2016/04/25,29.88,30.05,29.50,29.74,3431784,160490400.00
2016/04/26,29.78,30.15,29.74,30.06,3168139,149492704.00
2016/04/27,30.13,30.23,29.72,29.78,2920084,137752000.00
2016/04/28,29.79,29.88,29.07,29.47,3764386,174517376.00
2016/04/29,29.29,29.85,29.14,29.57,2870839,133801008.00
2016/05/03,29.74,30.74,29.58,30.73,6038763,289391680.00
2016/05/04,30.74,31.11,30.51,30.54,4975782,240441200.00
2016/05/05,30.54,30.93,30.36,30.75,3915388,188496096.00
2016/05/06,30.74,31.37,29.92,29.99,7699126,371619392.00
2016/05/09,29.99,30.01,28.46,28.54,5648272,258496064.00
2016/05/10,28.53,28.94,28.32,28.38,4263072,192560944.00
2016/05/11,28.93,30.54,28.56,29.43,9960239,465591264.00
2016/05/12,29.07,29.07,26.85,28.40,6434559,287708480.00
2016/05/13,28.43,29.63,28.42,28.70,4470727,204473344.00
2016/05/16,28.72,29.78,28.68,29.71,6710844,310184032.00
2016/05/17,29.70,29.77,28.90,29.05,5590236,257321904.00
2016/05/18,28.66,28.66,27.79,27.99,4717196,209350448.00
2016/05/19,28.24,28.49,27.80,27.90,3613423,161101152.00
2016/05/20,27.70,28.09,27.43,28.04,2686222,118351392.00
2016/05/23,28.04,28.41,27.90,28.31,2734235,121948552.00
2016/05/24,28.22,28.35,27.67,27.81,3028939,133481288.00
2016/05/25,27.97,28.11,27.63,27.83,2414869,106425320.00
2016/05/26,27.90,28.03,27.20,27.60,3433123,149626000.00
2016/05/27,27.68,28.58,27.56,28.18,4882586,217153760.00
2016/05/30,28.18,28.22,27.89,27.97,2956947,131168896.00
2016/05/31,28.07,29.18,27.99,29.14,7161415,324681376.00
2016/06/01,29.23,29.31,28.82,28.97,6453096,243680432.00
2016/06/02,28.88,29.22,28.74,29.04,4578548,172429584.00
2016/06/03,29.10,29.53,28.87,29.53,9107570,346640416.00
2016/06/06,29.57,29.57,29.03,29.17,5490295,208435008.00
2016/06/07,29.17,29.22,28.77,29.00,4394887,165395664.00
2016/06/08,28.97,28.97,28.10,28.38,7131285,263921552.00
2016/06/13,27.92,28.20,27.47,27.47,5491778,199471280.00
2016/06/14,27.22,27.72,27.22,27.56,2934500,105453312.00
2016/06/15,27.02,28.22,27.02,28.00,5019064,182652960.00
2016/06/16,28.00,28.37,27.57,27.62,4703735,171733072.00
2016/06/17,27.72,28.04,27.54,27.71,4059099,147135072.00
2016/06/20,27.77,27.92,27.42,27.72,4000332,144479440.00
2016/06/21,27.95,27.97,27.68,27.77,4428801,160760432.00
2016/06/22,27.72,28.23,27.70,28.17,4673160,170667312.00
2016/06/23,28.17,28.30,27.74,27.87,3589967,130800768.00
2016/06/24,27.88,27.97,27.02,27.57,5359880,192843200.00
2016/06/27,27.23,28.03,27.23,27.99,4993101,181372080.00
2016/06/28,27.81,28.11,27.63,27.96,5099267,185269984.00
2016/06/29,28.20,28.20,27.73,27.85,4341340,158273184.00
2016/06/30,27.89,28.12,27.64,27.74,5143492,186891648.00
2016/07/01,27.82,28.35,27.73,28.10,7058897,258507344.00
2016/07/04,28.08,28.61,27.86,28.55,8169932,301590912.00
2016/07/05,28.60,28.68,28.19,28.37,6688492,247124352.00
2016/07/06,28.45,29.64,28.29,29.56,11423082,430929792.00
2016/07/07,29.54,30.23,29.32,29.65,11727946,452768928.00
2016/07/08,29.71,29.89,29.11,29.23,6088473,232145856.00
2016/07/11,29.30,29.70,28.95,29.01,6078129,230954176.00
2016/07/12,29.07,29.60,28.85,29.55,6984377,265772592.00
2016/07/13,29.60,30.47,29.32,29.98,10002263,388304320.00
2016/07/14,30.04,30.83,29.89,30.75,12943740,511472576.00
2016/07/15,30.75,32.05,30.64,31.37,12364619,504101504.00
2016/07/18,31.47,32.01,30.87,31.37,11015584,448749120.00
2016/07/19,31.22,31.22,30.61,30.82,7066533,282635072.00
2016/07/20,30.80,30.99,30.52,30.68,3779750,150500032.00
2016/07/21,30.74,30.97,30.42,30.47,5231795,208256032.00
2016/07/22,30.47,30.72,29.77,29.81,4935053,192611792.00
2016/07/25,29.88,30.33,29.57,30.14,4937746,191991248.00
2016/07/26,29.89,30.30,29.87,30.22,4574363,178458592.00
2016/07/27,30.31,30.31,28.14,28.56,8490116,321391264.00
2016/07/28,28.56,28.95,28.36,28.77,4029906,150596752.00
2016/07/29,28.77,29.04,28.31,28.89,3952154,147632272.00
2016/08/01,28.99,28.99,28.35,28.44,3088283,114765904.00
2016/08/02,28.47,28.64,28.39,28.55,2194743,81476896.00
2016/08/03,28.54,28.60,28.39,28.55,2147559,79738664.00
2016/08/04,28.55,28.55,28.15,28.47,2546906,94247768.00
2016/08/05,28.47,29.37,28.38,29.00,4781559,179904128.00
2016/08/08,28.77,29.17,28.72,29.06,3406211,128312464.00
2016/08/09,29.02,29.17,28.86,29.10,3663519,138225056.00
2016/08/10,29.04,29.12,28.77,28.78,3595623,135237392.00
2016/08/11,28.89,28.94,28.33,28.37,3519119,131047368.00
2016/08/12,28.52,28.67,28.21,28.62,3228268,119552864.00
2016/08/15,28.63,29.31,28.42,29.07,6723423,253779680.00
2016/08/16,29.07,29.38,29.02,29.27,5349593,203004192.00
2016/08/17,29.22,29.25,29.04,29.15,3857293,146145600.00
2016/08/18,29.13,29.27,28.99,29.06,3297031,124671264.00
2016/08/19,29.06,29.22,28.97,29.09,2938371,111238112.00
2016/08/22,29.11,29.22,28.76,28.77,3041765,114599376.00
2016/08/23,28.68,29.07,28.65,28.88,2537017,95404856.00
2016/08/24,28.91,29.37,28.91,29.30,4729091,179861408.00
2016/08/25,29.23,29.35,28.79,29.35,4483591,169533808.00
2016/08/26,29.75,29.81,29.17,29.21,5818618,222694128.00
2016/08/29,29.12,29.31,29.06,29.15,2960015,112453112.00
2016/08/30,29.39,29.77,29.34,29.37,4565550,175168288.00
2016/08/31,29.55,29.56,29.12,29.37,4134383,157412368.00
2016/09/01,29.55,29.70,29.43,29.43,5238979,201150832.00
2016/09/02,29.37,29.47,29.02,29.21,3228035,122669576.00
2016/09/05,29.28,29.37,29.09,29.14,2377541,90414728.00
2016/09/06,29.06,29.32,28.72,29.29,3636422,137319584.00
2016/09/07,29.29,29.34,29.10,29.13,3064810,116460672.00
2016/09/08,29.13,29.29,28.97,29.29,2450922,92907120.00
2016/09/09,29.22,29.30,29.12,29.17,2078254,78892624.00
2016/09/12,28.81,28.92,28.31,28.31,4437724,165228352.00
2016/09/13,28.42,28.52,28.10,28.25,1999657,73745752.00
2016/09/14,28.14,28.32,28.00,28.14,1761142,64664180.00
2016/09/19,28.16,28.55,28.16,28.34,1660593,61450940.00
2016/09/20,28.35,28.45,28.26,28.32,1197089,44205952.00
2016/09/21,28.34,28.38,28.15,28.29,1276432,47140476.00
2016/09/22,28.43,28.49,28.31,28.32,2036832,75317960.00
2016/09/23,28.46,28.46,28.14,28.15,1739142,64009692.00
2016/09/26,28.14,28.22,27.55,27.56,2675779,96986968.00
2016/09/27,27.56,27.67,27.22,27.57,1798960,64563000.00
2016/09/28,27.68,27.68,27.32,27.32,1248111,44743280.00
2016/09/29,27.44,27.51,27.33,27.37,1589875,56970064.00
2016/09/30,27.41,27.49,27.30,27.45,1603098,57389352.00
2016/10/10,27.47,27.81,27.36,27.81,4271426,153914960.00
2016/10/11,27.87,28.07,27.73,28.07,4708253,171660592.00
2016/10/12,27.90,28.35,27.89,28.31,4000716,147029360.00
2016/10/13,28.23,28.33,27.99,28.21,2440141,89572240.00
2016/10/14,28.21,28.22,27.85,28.06,2772150,101425744.00
2016/10/17,28.07,28.17,27.59,27.64,2550541,92842840.00
2016/10/18,27.65,28.10,27.57,28.10,3453778,125258832.00
2016/10/19,28.18,28.18,27.75,27.97,3434445,125051848.00
2016/10/20,27.97,28.02,27.81,27.89,2477585,90290568.00
2016/10/21,27.90,27.97,27.62,27.74,3202811,116143280.00
2016/10/24,27.67,27.92,27.60,27.79,3982719,144343280.00
2016/10/25,27.81,27.81,27.67,27.71,3583563,129767792.00
2016/10/26,27.72,28.37,27.64,28.21,9009699,329714080.00
2016/10/27,28.12,28.22,27.85,27.97,4060498,148329664.00
2016/10/28,27.95,27.97,27.61,27.64,5139692,186082352.00
2016/10/31,27.57,27.57,27.14,27.18,5391842,192244336.00
2016/11/01,27.06,27.21,27.00,27.21,8658188,306855328.00
2016/11/02,25.49,26.64,25.48,25.94,20820071,709761280.00
2016/11/03,25.60,25.68,25.09,25.34,22043170,734849344.00
2016/11/04,25.39,25.76,25.15,25.68,14609325,486886112.00
2016/11/07,25.47,25.88,25.40,25.74,12016784,405421792.00
2016/11/08,25.81,25.88,25.56,25.82,8846515,299257792.00
2016/11/09,25.82,26.20,25.70,26.04,13077133,446068480.00
2016/11/10,26.21,26.30,25.97,26.09,9925779,334949888.00
2016/11/11,26.02,26.49,25.94,26.27,9790782,331130880.00
2016/11/14,26.30,26.60,26.18,26.36,9125237,311827680.00
2016/11/15,26.39,26.49,26.14,26.29,6127770,207759504.00
2016/11/16,26.30,26.45,26.18,26.30,6705553,228097120.00
2016/11/17,26.31,26.31,26.03,26.11,5120532,172991040.00
2016/11/18,26.04,26.04,25.62,25.64,11749160,391809824.00
2016/11/21,25.47,25.47,25.22,25.25,15168521,497709952.00
2016/11/22,25.33,25.77,25.26,25.70,8880542,293506016.00
2016/11/23,25.72,25.87,25.65,25.65,8058509,268542272.00
2016/11/24,25.71,25.97,25.64,25.70,8332494,278159872.00
2016/11/25,25.70,25.72,25.26,25.72,7053754,233225600.00
2016/11/28,25.72,27.55,25.72,26.79,23239004,799317632.00
2016/11/29,26.52,26.93,26.49,26.51,18440995,635463488.00
2016/11/30,26.66,27.39,26.51,27.12,21041000,735864192.00
2016/12/01,27.14,27.96,27.14,27.73,21252829,758117888.00
2016/12/02,27.89,27.89,26.81,26.97,14153172,496517216.00
2016/12/05,26.73,27.81,26.73,27.15,13784929,487119936.00
2016/12/06,27.15,27.39,26.71,26.77,8515336,295666944.00
2016/12/07,26.79,27.14,26.78,26.89,6902144,240062768.00
2016/12/08,27.02,27.02,26.52,26.66,7481928,258676768.00
2016/12/09,26.52,26.77,26.47,26.63,6605947,227227200.00
2016/12/12,26.69,27.47,26.52,26.65,22238277,775262208.00
2016/12/13,26.64,26.85,25.89,26.47,11789182,400605600.00
2016/12/14,26.45,26.54,25.99,26.08,9384450,318344160.00
2016/12/15,25.98,26.31,25.93,26.08,9227115,311210976.00
2016/12/16,26.07,26.57,25.96,26.38,7701802,261573376.00
2016/12/19,26.40,26.69,26.23,26.33,6215634,212312528.00
2016/12/20,26.27,26.33,26.06,26.14,5222223,176540656.00
2016/12/21,26.22,26.53,26.20,26.42,5899923,200847552.00
2016/12/22,26.47,26.47,26.14,26.20,4844777,164266208.00
2016/12/23,26.15,26.52,26.14,26.19,5973446,202851136.00
2016/12/26,26.17,26.18,25.77,26.05,5421863,181818656.00
2016/12/27,25.97,26.17,25.92,25.97,4365547,147133600.00
2016/12/28,26.01,26.04,25.93,25.97,3581119,120370888.00
2016/12/29,25.97,26.60,25.96,26.59,11778404,400748064.00
2016/12/30,26.56,27.54,26.49,27.32,25691566,899801984.00
2017/01/03,27.50,28.12,27.37,27.52,17551208,625566784.00
2017/01/04,27.61,28.07,27.29,27.91,18245844,654237312.00
2017/01/05,27.85,28.23,27.52,27.84,12202739,438419168.00
2017/01/06,27.78,28.39,27.69,28.28,16222553,588575680.00
2017/01/09,28.22,28.25,27.57,27.83,12035739,432201984.00
2017/01/10,27.83,28.14,27.57,27.59,8934805,320155904.00
2017/01/11,27.48,27.80,27.44,27.54,7082485,251686640.00
2017/01/12,27.51,28.06,27.51,27.89,9870787,354851200.00
2017/01/13,27.80,28.05,27.04,27.04,12601821,445731840.00
2017/01/16,26.98,27.33,26.39,27.12,9905400,344662944.00
2017/01/17,27.11,27.39,26.88,27.22,7904310,276647584.00
2017/01/18,27.27,27.31,26.94,27.06,4112929,143805616.00
2017/01/19,27.06,27.15,26.90,26.98,3576110,124572248.00
2017/01/20,26.96,27.53,26.91,27.32,6550519,230654816.00
2017/01/23,27.32,27.69,27.28,27.39,5127208,181639392.00
2017/01/24,27.40,27.50,26.98,27.07,4073436,142590560.00
2017/01/25,27.07,27.50,27.06,27.38,4600004,162338496.00
2017/01/26,27.39,27.64,27.34,27.57,5827565,206690992.00
2017/02/03,27.39,27.55,27.14,27.27,3905980,137571520.00
2017/02/06,27.32,27.52,27.18,27.39,6981771,246085536.00
2017/02/07,27.39,27.39,27.02,27.11,6201365,217101312.00
2017/02/08,27.11,27.16,26.89,27.12,4548432,158558496.00
2017/02/09,27.12,27.29,27.07,27.15,5366971,187909232.00
2017/02/10,27.14,27.29,27.07,27.22,5636509,197587040.00
2017/02/13,27.23,27.38,27.02,27.28,7535580,264290720.00
2017/02/14,27.28,27.28,26.79,26.81,14244742,494910656.00
2017/02/15,26.81,26.82,26.39,26.42,11841598,406383616.00
2017/02/16,26.39,26.56,26.28,26.49,4888235,167069552.00
2017/02/17,26.47,26.55,26.18,26.20,8104116,275582240.00
2017/02/20,26.52,26.63,26.19,26.44,11548924,393701760.00
2017/02/21,26.54,26.95,26.47,26.85,12460140,430113600.00
2017/02/22,26.80,26.83,26.30,26.50,14554169,497806080.00
2017/02/23,26.47,26.51,26.29,26.51,7100636,242108304.00
2017/02/24,26.51,26.72,26.37,26.62,9385847,322338592.00
2017/02/27,26.47,26.60,26.25,26.37,9067178,309065664.00
2017/02/28,26.37,26.49,26.32,26.42,4492435,153314544.00
2017/03/01,26.45,26.60,26.33,26.50,5508855,188531568.00
2017/03/02,26.68,26.68,26.38,26.39,4991065,170892208.00
2017/03/03,26.32,26.51,26.32,26.42,5309780,181199360.00
2017/03/06,26.39,26.48,26.35,26.44,7840629,267611808.00
2017/03/07,26.47,26.56,26.31,26.56,8818291,301071392.00
2017/03/08,26.52,26.52,26.39,26.43,4216708,144009392.00
2017/03/09,26.43,26.43,25.62,25.74,18809932,631358528.00
2017/03/10,25.73,25.84,25.53,25.80,6766961,225230192.00
2017/03/13,25.72,26.09,25.62,25.95,6625508,222084192.00
2017/03/14,25.94,25.95,25.72,25.80,5559028,185691312.00
2017/03/15,25.75,25.93,25.57,25.84,5731087,191222096.00
2017/03/16,25.90,26.07,25.86,25.87,5516768,185130176.00
2017/03/17,25.87,25.90,25.64,25.67,6640559,221515376.00
2017/03/20,25.66,25.77,25.63,25.72,5098643,169536608.00
2017/03/21,25.77,25.88,25.66,25.83,4940872,164868272.00
2017/03/22,25.78,25.82,25.57,25.62,5458199,181388704.00
2017/03/23,25.62,25.72,25.47,25.53,6681064,221553136.00
2017/03/24,25.55,25.92,25.48,25.89,7533056,250788560.00
2017/03/27,25.89,25.98,25.70,25.73,5948019,198529648.00
2017/03/28,25.69,25.91,25.69,25.77,4346771,145080864.00
2017/03/29,25.77,25.87,25.53,25.54,5122215,170400064.00
2017/03/30,25.55,25.62,25.23,25.25,7732456,253743264.00
2017/03/31,25.25,25.40,25.24,25.36,4188501,137496800.00
2017/04/05,25.22,25.69,25.19,25.62,6003681,198667760.00
2017/04/06,25.64,26.04,25.56,25.94,9034103,302274464.00
2017/04/07,26.02,26.02,25.57,25.63,9911476,329782720.00
2017/04/10,25.66,25.73,25.26,25.31,6767160,222509072.00
2017/04/11,25.32,25.62,25.32,25.60,7093459,234144464.00
2017/04/12,25.64,25.64,25.34,25.35,4601760,151598240.00
2017/04/13,25.37,25.56,25.27,25.28,4861502,159694016.00
2017/04/14,25.27,25.42,25.20,25.31,4165869,136629216.00
2017/04/17,25.27,25.27,24.64,24.70,8431096,271987904.00
2017/04/18,24.70,24.80,24.39,24.42,5402303,172744064.00
2017/04/19,24.37,24.37,23.40,24.23,10956037,340860288.00
2017/04/20,24.18,24.30,23.91,24.29,5432422,170471744.00
2017/04/21,24.22,24.42,24.12,24.31,3378760,106585576.00
2017/04/24,24.18,24.29,23.81,24.21,5581321,174394048.00
2017/04/25,24.13,24.22,24.00,24.22,4370687,137119408.00
2017/04/26,24.14,24.44,24.07,24.42,4757505,150330224.00
2017/04/27,24.41,24.75,24.22,24.57,5789471,184249248.00
2017/04/28,24.57,24.63,24.47,24.57,2176838,69409200.00
2017/05/02,24.62,24.74,24.39,24.56,3886129,124253912.00
2017/05/03,24.37,24.57,24.00,24.07,4886218,154095712.00
2017/05/04,24.05,24.05,23.46,23.47,7976942,246429040.00
2017/05/05,23.47,23.71,23.37,23.37,4895115,149709184.00
2017/05/08,23.37,23.49,22.16,22.17,9977491,295615808.00
2017/05/09,22.14,22.14,21.22,21.67,7387236,209351040.00
2017/05/10,21.65,21.83,20.86,20.86,7922078,222436560.00
2017/05/11,20.70,21.17,20.04,21.13,12964012,350798560.00
2017/05/12,20.96,21.57,20.61,21.57,7860143,218347936.00
2017/05/15,21.47,21.75,21.32,21.73,7253174,205237824.00
2017/05/16,21.56,21.80,21.39,21.68,4122960,116900632.00
2017/05/17,21.64,21.83,21.54,21.68,4427002,126070296.00
2017/05/18,21.48,21.75,21.47,21.55,3987199,113179288.00
2017/05/19,21.55,21.67,21.31,21.32,3274386,91989304.00
2017/05/22,21.36,21.92,21.36,21.62,5592701,159375648.00
2017/05/23,21.62,21.90,21.56,21.87,6381108,182455616.00
2017/05/24,21.87,22.44,21.70,22.42,7126114,207282496.00
2017/05/25,22.47,22.68,21.97,22.46,8035944,235171296.00
2017/05/26,22.34,22.61,21.32,22.50,11433027,267339392.00
2017/05/31,22.53,22.94,22.14,22.91,14462040,343877248.00
2017/06/01,22.92,23.00,22.61,22.82,7182453,172051408.00
2017/06/02,22.76,22.88,22.51,22.56,5545874,132267112.00
2017/06/05,22.58,22.70,22.26,22.26,5235324,123438016.00
2017/06/06,22.21,22.42,22.07,22.39,4820293,113245400.00
2017/06/07,22.35,22.60,22.19,22.54,6000092,141982480.00
2017/06/08,22.54,22.58,22.39,22.41,4095468,96962712.00
2017/06/09,22.38,22.47,22.26,22.27,5891690,138742976.00
2017/06/12,22.11,22.99,21.93,22.71,11231203,266501120.00
2017/06/13,22.68,22.83,22.59,22.67,6818442,163041488.00
2017/06/14,22.66,22.73,22.41,22.43,3870940,91722720.00
2017/06/15,22.46,22.60,22.35,22.50,6321725,149828912.00
2017/06/16,22.50,22.56,22.24,22.25,3959939,93225928.00
2017/06/19,22.27,22.44,22.22,22.26,3269196,76879584.00
2017/06/20,22.26,22.44,22.21,22.21,3700851,86851608.00
2017/06/21,22.30,22.55,22.00,22.47,7941520,186389728.00
2017/06/22,22.41,22.46,22.21,22.29,4308067,101276992.00
2017/06/23,22.26,22.51,22.10,22.47,8971184,211346992.00
2017/06/26,22.42,22.58,22.31,22.54,4470767,105823408.00
2017/06/27,22.59,22.66,22.42,22.47,3993505,94751704.00
2017/06/28,22.33,22.48,22.31,22.32,3872942,91193376.00
2017/06/29,22.32,22.38,22.11,22.13,4642039,108537576.00
2017/06/30,22.10,22.28,22.01,22.25,5506436,128529680.00
2017/07/03,22.27,22.35,22.02,22.32,5972382,139700112.00
2017/07/04,22.30,22.51,22.14,22.42,7449009,175304576.00
2017/07/05,22.41,22.41,22.26,22.34,3143572,73981688.00
2017/07/06,22.33,22.63,22.11,22.62,10216612,240805136.00
2017/07/07,22.50,22.73,22.44,22.70,6775734,161180688.00
2017/07/10,22.68,22.71,22.46,22.46,5150977,122396328.00
2017/07/11,22.47,22.59,22.33,22.34,5495223,130028008.00
2017/07/12,22.31,22.44,22.19,22.23,3359021,78761584.00
2017/07/13,22.26,22.34,22.16,22.20,3919505,91845760.00
2017/07/14,21.80,21.80,20.44,20.56,19514170,433479296.00
2017/07/17,20.31,20.38,18.77,18.79,20125742,409011520.00
2017/07/18,18.59,19.01,18.21,18.69,12699338,250932576.00
2017/07/19,18.65,18.76,18.42,18.71,7599908,150311216.00
2017/07/20,18.70,18.95,18.60,18.67,6610050,132060720.00
2017/07/21,18.65,18.74,18.48,18.52,5049152,99706664.00
2017/07/24,18.52,18.75,18.52,18.63,5363361,106318328.00
2017/07/25,18.61,18.79,18.56,18.72,4492768,89234104.00
2017/07/26,18.76,18.79,18.66,18.73,4305356,85752720.00
2017/07/27,18.70,19.75,18.65,19.51,13692188,279890944.00
2017/07/28,19.46,19.46,19.10,19.14,7021767,143242880.00
2017/07/31,19.14,19.22,18.99,19.03,5966425,120875400.00
2017/08/01,19.11,19.15,18.90,19.00,6144765,124030664.00
2017/08/02,19.00,19.05,18.60,18.63,9883989,197798768.00
2017/08/03,18.71,18.99,18.62,18.81,5720018,114581728.00
2017/08/04,18.81,18.95,18.73,18.90,6122896,122907232.00
2017/08/07,18.96,19.26,18.91,19.14,7269686,147535312.00
2017/08/08,19.14,21.17,19.12,21.17,37287487,806177920.00
2017/08/09,21.31,21.34,20.44,20.53,24467685,537863104.00
2017/08/10,20.54,21.03,20.41,20.47,13826003,302053760.00
2017/08/11,20.32,20.42,19.92,20.09,11334878,241614656.00
2017/08/14,20.10,20.68,20.00,20.48,9911378,214258432.00
2017/08/15,20.32,20.39,20.12,20.25,9019544,193072160.00
2017/08/16,20.15,20.45,20.09,20.36,9327861,200710032.00
2017/08/17,20.35,20.36,20.14,20.33,9981518,214081920.00
2017/08/18,20.25,20.45,20.12,20.28,7774397,166779488.00
2017/08/21,20.27,20.60,20.25,20.33,7250522,156562480.00
2017/08/22,20.46,21.30,20.46,20.76,20881223,461425184.00
2017/08/23,20.70,20.78,20.44,20.57,7308133,159002784.00
2017/08/24,20.62,20.89,20.42,20.72,8536950,186957984.00
2017/08/25,20.62,20.91,20.61,20.77,7095800,155894640.00
2017/08/28,20.71,21.48,20.63,21.18,15623365,350170048.00
2017/08/29,21.19,21.47,21.06,21.16,7847150,175764400.00
2017/08/30,21.16,21.62,21.11,21.59,10883517,246981712.00
2017/08/31,21.57,22.07,21.46,22.01,13359764,308681504.00
2017/09/01,22.01,22.06,21.67,21.70,11415766,262383184.00
2017/09/04,21.69,21.70,21.36,21.43,11631224,263653008.00
2017/09/05,21.49,22.01,21.49,21.65,7891209,181154000.00
2017/09/06,21.71,21.79,21.50,21.54,5968613,135860304.00
2017/09/07,21.56,21.73,21.48,21.48,6423167,146103664.00
2017/09/08,21.49,21.80,21.48,21.69,6308112,143914736.00
2017/09/11,21.61,21.84,21.51,21.66,6229579,142481760.00
2017/09/12,21.73,21.80,21.41,21.43,7681448,174443792.00
2017/09/13,21.43,21.54,21.21,21.29,5811441,130704904.00
2017/09/14,21.29,21.49,21.23,21.34,4599548,103771112.00
2017/09/15,21.33,21.56,21.27,21.41,4581498,103763752.00
2017/09/18,21.43,21.58,21.36,21.50,4002397,90579640.00
2017/09/19,21.52,21.56,21.29,21.39,4708595,106319088.00
2017/09/20,21.46,21.48,21.31,21.47,3512762,79388280.00
2017/09/21,21.49,21.69,21.36,21.47,4963111,112827776.00
2017/09/22,21.41,21.41,20.84,20.88,7966961,176673776.00
2017/09/25,20.94,20.94,20.41,20.41,5522218,120356560.00
2017/09/26,20.46,20.62,20.39,20.42,2296764,49755532.00
2017/09/27,20.53,20.57,20.34,20.41,2350019,50757580.00
2017/09/28,20.46,20.51,20.07,20.14,4060857,86760512.00
2017/09/29,20.18,20.40,20.17,20.32,3559946,76525280.00
2017/10/09,20.81,20.91,20.53,20.66,6645411,145906944.00
2017/10/10,20.55,21.44,20.55,21.30,12438058,278148608.00
2017/10/11,21.30,22.15,21.18,21.79,15227341,350727840.00
2017/10/12,21.78,21.94,21.57,21.65,6590117,151026224.00
2017/10/13,21.65,21.91,21.44,21.79,6697106,153639376.00
2017/10/16,21.76,22.22,21.72,22.07,13150965,306020960.00
2017/10/17,22.06,22.06,21.64,21.91,6377091,146879824.00
2017/10/18,21.96,22.17,21.64,21.66,4748024,109125840.00
2017/10/19,21.67,21.88,21.59,21.81,5982356,137202688.00
2017/10/20,21.81,21.84,21.47,21.69,4591401,104555800.00
2017/10/23,21.81,22.26,21.69,22.10,10980663,254785728.00
2017/10/24,22.01,22.15,21.93,22.07,5354140,124350896.00
2017/10/25,22.07,22.45,22.02,22.44,9211591,216543248.00
2017/10/26,22.43,23.36,22.25,23.07,16098017,389626944.00
2017/10/27,23.07,23.26,22.77,23.11,8323857,201730160.00
2017/10/30,23.12,24.30,23.12,23.90,30243755,757666688.00
2017/10/31,24.06,24.61,23.65,24.11,20398727,519462368.00
2017/11/01,23.98,25.29,23.92,25.18,26120009,681025472.00
2017/11/02,25.21,25.96,24.61,25.05,18340505,483829024.00
2017/11/03,24.73,25.26,24.71,24.85,11960578,312357824.00
2017/11/06,24.69,24.69,23.71,24.24,18962450,478908448.00
2017/11/07,24.21,24.80,24.07,24.32,13378741,342411968.00
2017/11/08,24.53,24.53,23.74,23.77,11515108,290753056.00
2017/11/09,23.83,24.24,23.49,24.11,10786870,270370048.00
2017/11/10,24.23,24.89,24.23,24.58,12223244,315564736.00
2017/11/13,24.51,24.61,23.94,23.98,10171811,257698688.00
2017/11/14,24.25,24.79,23.92,24.63,12016750,307762432.00
2017/11/15,24.59,24.59,23.99,24.06,8658195,219459808.00
2017/11/16,24.06,25.51,23.87,25.29,31722081,830905664.00
2017/11/17,25.57,26.31,25.51,25.51,30301886,820513600.00
2017/11/20,24.87,26.36,24.87,26.36,26052305,707630592.00
2017/11/21,26.36,26.65,25.86,26.34,19726192,541345920.00
2017/11/22,26.34,26.78,26.02,26.56,13616660,374774464.00
2017/11/23,26.50,26.50,25.11,25.31,20844974,558517952.00
2017/11/24,25.11,25.50,24.01,24.05,15371681,395069696.00
2017/11/27,24.05,24.28,23.00,23.22,15271990,378866208.00
2017/11/28,23.36,23.68,22.71,23.46,15557530,378584576.00
2017/11/29,23.41,23.69,23.14,23.61,8814672,217150384.00
2017/11/30,23.50,23.65,22.73,22.87,8697978,211041488.00
2017/12/01,22.92,23.75,22.91,23.51,10891782,268948800.00
2017/12/04,23.52,24.21,23.31,24.07,10442577,261419184.00
2017/12/05,24.06,24.06,23.49,23.78,7736229,193256768.00
2017/12/06,23.81,24.31,23.80,24.18,10894211,275539776.00
2017/12/07,24.06,24.49,23.97,24.02,6111065,154766176.00
2017/12/08,24.03,24.36,23.77,23.88,9076799,229112704.00
2017/12/11,23.71,23.88,23.31,23.66,10742677,265924240.00
2017/12/12,23.81,23.89,23.10,23.12,11217491,276283456.00
2017/12/13,23.19,23.33,22.96,23.26,7118678,173151920.00
2017/12/14,23.28,23.39,22.54,22.75,10436833,252079840.00
2017/12/15,22.86,22.86,22.16,22.27,10001781,235715648.00
2017/12/18,22.34,22.68,22.12,22.59,6885203,162971856.00
2017/12/19,22.56,22.77,22.51,22.56,7280259,173534384.00
2017/12/20,22.81,23.20,22.57,23.09,11376434,275317120.00
2017/12/21,22.92,23.23,22.72,23.06,8883246,215147520.00
2017/12/22,23.06,23.20,22.81,23.06,6249246,151057024.00
2017/12/25,23.14,23.42,22.75,22.79,14000226,338305152.00
2017/12/26,22.77,22.95,22.39,22.87,8732632,208367680.00
2017/12/27,22.82,23.05,22.59,22.76,6434213,154465552.00
2017/12/28,22.57,23.01,22.57,22.81,6418950,154289760.00
2017/12/29,22.83,22.96,22.46,22.71,7222316,172177472.00
2018/01/02,22.87,23.21,22.52,23.20,9529318,230218224.00
2018/01/03,23.17,23.48,23.01,23.21,9386502,229498992.00
2018/01/04,23.16,23.49,22.98,23.43,8441771,206080848.00
2018/01/05,23.41,24.34,23.31,24.22,18768715,472599776.00
2018/01/08,24.60,26.11,24.60,25.76,40478534,1086069120.00
2018/01/09,25.33,25.86,25.31,25.49,18684272,500885600.00
2018/01/10,25.51,25.51,24.90,25.14,14918151,394049120.00
2018/01/11,25.09,25.49,24.93,25.27,11864342,313530720.00
2018/01/12,25.10,25.87,25.10,25.70,18242681,490250816.00
2018/01/15,25.69,25.84,24.31,24.71,18159414,478135840.00
2018/01/16,24.86,26.10,24.86,25.78,25373703,682636096.00
2018/01/17,25.71,26.09,25.51,25.74,22926126,619832768.00
2018/01/18,25.61,26.01,25.39,25.64,13142501,353665920.00
2018/01/19,25.46,25.60,24.68,24.77,16964969,445047616.00
2018/01/22,24.84,25.79,24.79,25.65,15938535,423057696.00
2018/01/23,25.71,26.31,25.45,26.09,27555568,749182656.00
2018/01/24,26.07,26.30,25.63,26.11,20159200,549062656.00
2018/01/25,26.11,26.29,25.81,26.03,18713378,510616288.00
2018/01/26,26.11,26.16,25.33,25.70,17191148,461426144.00
2018/01/29,25.74,25.88,25.32,25.43,11852313,316936096.00
2018/01/30,25.59,25.69,24.39,24.51,16918735,440886240.00
2018/01/31,24.50,24.70,23.55,23.66,18032801,454824320.00
2018/02/01,23.84,24.10,23.01,23.32,16129780,397323392.00
2018/02/02,23.32,23.71,23.04,23.29,12169505,298874816.00
2018/02/05,23.06,23.69,22.93,23.41,10922553,268447904.00
2018/02/06,22.84,23.26,21.31,21.42,22935736,538794304.00
2018/02/07,21.83,21.99,21.03,21.34,16367621,372640032.00
2018/02/08,21.41,22.08,20.96,21.55,10919563,249189984.00
2018/02/09,21.01,21.81,20.76,20.76,13059115,290634240.00
2018/02/12,21.01,21.20,20.82,21.05,8556530,190125168.00
2018/02/13,21.15,21.61,21.15,21.27,7639877,172125312.00
2018/02/14,21.36,21.91,21.12,21.88,5926882,134624512.00
2018/02/22,21.92,22.01,21.46,21.69,11543830,263395776.00
2018/02/23,21.62,21.79,21.44,21.59,5968660,135840416.00
2018/02/26,21.63,21.75,21.25,21.64,13245436,300670176.00
2018/02/27,21.68,21.77,20.87,20.91,17803245,399083040.00
2018/02/28,20.87,21.36,20.57,21.06,12836217,284156224.00
2018/03/01,20.98,21.25,20.86,21.13,8105640,180700352.00
2018/03/02,21.10,21.40,20.93,20.99,10012130,223223424.00
2018/03/05,21.06,21.16,20.56,20.72,10049786,220616736.00
2018/03/06,20.66,20.84,20.53,20.80,10078877,220411280.00
2018/03/07,20.84,20.85,20.58,20.59,7410565,161995344.00
2018/03/08,20.56,20.74,20.54,20.57,7118733,155170128.00
2018/03/09,20.61,21.39,20.56,21.34,16840729,373646944.00
2018/03/12,21.32,21.48,21.08,21.17,15623316,350260448.00
2018/03/13,21.17,21.59,21.12,21.40,16206077,366063328.00
2018/03/14,21.31,21.42,20.95,21.08,10841899,242068016.00
2018/03/15,20.99,21.11,20.42,20.54,14539960,317559712.00
2018/03/16,20.54,20.67,20.43,20.43,6071660,132014088.00
2018/03/19,20.39,20.39,19.39,19.73,14268241,301066144.00
2018/03/20,19.66,20.14,19.32,20.05,12004349,250930368.00
2018/03/21,19.94,20.14,19.71,19.75,7916983,167514720.00
2018/03/22,19.58,19.87,19.56,19.59,5745429,120024320.00
2018/03/23,19.52,21.18,19.33,20.35,39945988,866035648.00
2018/03/26,20.30,20.30,18.43,19.52,22897171,469960032.00
2018/03/27,19.39,20.06,19.10,19.92,18228328,377041376.00
2018/03/28,19.66,20.16,19.54,19.73,13603900,286113888.00
2018/03/29,19.76,20.09,19.52,19.94,10881286,229692272.00
2018/03/30,19.95,20.01,19.51,19.67,16127469,335865824.00
2018/04/02,20.40,20.51,19.94,20.40,23038351,493745248.00
2018/04/03,20.40,21.40,20.30,20.70,35777140,792919168.00
2018/04/04,20.83,21.03,20.36,20.91,20225238,444248256.00
2018/04/09,20.81,20.83,20.22,20.35,15522978,335909664.00
2018/04/10,20.35,20.38,19.91,20.25,11296771,241012880.00
2018/04/11,20.26,20.58,20.07,20.43,13652890,293903520.00
2018/04/12,20.39,20.58,19.96,20.01,10181050,218888080.00
2018/04/13,20.05,20.25,19.81,19.85,8004711,169541760.00
2018/04/16,19.81,19.81,19.14,19.45,11795248,243431824.00
2018/04/17,19.42,20.01,19.33,19.61,9926237,206903152.00
2018/04/18,19.70,19.99,19.31,19.82,10892968,228033776.00
2018/04/19,19.76,20.06,19.63,19.97,9578399,201938160.00
2018/04/20,19.97,20.33,19.90,20.21,13263966,283613152.00
2018/04/23,20.23,20.31,19.88,20.06,9685369,206179632.00
2018/04/24,20.06,20.16,19.86,20.05,8224070,174511312.00
2018/04/25,20.04,20.56,19.72,19.74,8387427,177550112.00
2018/04/26,19.75,19.90,19.23,19.48,9043038,187028848.00
2018/04/27,19.51,19.63,19.37,19.54,5376566,111335504.00
2018/05/02,19.54,19.65,19.39,19.42,5177939,107095992.00
2018/05/03,19.42,20.10,19.40,20.06,14676565,310458784.00
2018/05/04,20.10,20.37,19.94,20.19,10352595,220306848.00
2018/05/07,20.20,20.32,19.97,20.31,9810009,210022288.00
2018/05/08,20.24,20.46,20.16,20.20,7156896,153726448.00
2018/05/09,20.24,20.46,20.23,20.32,8653697,186445408.00
2018/05/10,20.38,20.44,20.21,20.36,8433187,181742432.00
2018/05/11,20.41,21.02,20.32,20.81,16086270,351691136.00
2018/05/14,20.91,21.86,20.72,21.67,31108594,707240640.00
2018/05/15,21.57,22.37,21.56,22.01,23986085,557020800.00
2018/05/16,22.02,22.54,21.94,22.19,16156841,380033728.00
2018/05/17,22.09,22.97,22.05,22.80,20771415,495232384.00
2018/05/18,22.80,22.80,22.33,22.65,13849557,329349632.00
2018/05/21,21.93,22.76,21.83,22.58,19743687,467594240.00
2018/05/22,22.50,23.29,22.47,23.23,17638198,426327552.00
2018/05/23,23.23,23.61,22.52,22.54,18435949,448148960.00
2018/05/24,22.71,23.16,22.41,22.68,12555708,300877984.00
2018/05/25,22.71,23.36,22.70,23.14,21207051,516278432.00
2018/05/28,23.31,23.59,22.99,23.19,15950129,391584736.00
2018/05/29,23.11,23.51,22.60,22.76,12337994,299188928.00
2018/05/30,22.82,23.16,22.14,22.59,15459177,369598336.00
2018/05/31,22.91,23.80,22.32,23.20,18885253,452624128.00
2018/06/01,23.17,23.55,22.75,23.17,10315424,246217744.00
2018/06/04,23.00,23.33,22.72,22.76,9582524,227604992.00
2018/06/05,22.81,23.48,22.77,23.44,12659731,304615616.00
2018/06/06,23.43,23.80,23.20,23.72,13015146,316917696.00
2018/06/07,23.64,23.93,23.40,23.55,10706899,262174544.00
2018/06/08,23.35,23.53,22.16,22.59,13110387,308040128.00
2018/06/11,22.53,22.53,21.76,22.06,10483889,239286160.00
2018/06/12,22.00,22.62,22.00,22.43,7612442,176892800.00
2018/06/13,22.53,22.87,22.41,22.46,6509095,152492368.00
2018/06/14,22.47,22.78,22.02,22.06,6522578,150696880.00
2018/06/15,22.06,22.38,21.82,22.05,6273474,143605424.00
2018/06/19,22.22,22.74,21.80,21.88,24370061,557121216.00
2018/06/20,21.83,21.85,20.51,21.00,17580635,385780160.00
2018/06/21,20.90,21.30,20.61,20.65,8506604,184402080.00
2018/06/22,20.51,21.20,20.46,20.88,8259195,179399376.00
2018/06/25,21.08,21.14,20.36,20.42,6724750,144796928.00
2018/06/26,20.30,20.89,20.00,20.31,10294673,218540720.00
2018/06/27,20.44,20.85,20.26,20.46,10757132,230159760.00
2018/06/28,20.48,20.71,20.43,20.60,6872276,147042224.00
2018/06/29,20.77,21.42,20.61,21.22,9355866,204038480.00
2018/07/02,21.26,21.80,20.74,20.99,7341185,161414144.00
2018/07/03,21.20,21.49,20.86,21.07,8734980,191852816.00
2018/07/04,21.06,21.26,20.58,20.72,5703756,122896656.00
2018/07/05,20.79,21.08,20.25,20.70,6825071,145199328.00
2018/07/06,20.60,21.44,20.48,21.25,9681766,211361296.00
2018/07/09,21.40,22.43,21.25,22.18,15569946,356953344.00
2018/07/10,22.13,22.48,21.91,22.32,7912038,182488464.00
2018/07/11,21.81,22.40,21.62,22.19,10574898,241963408.00
2018/07/12,22.20,22.54,22.01,22.25,11051822,254624064.00
2018/07/13,22.25,22.43,21.80,22.01,7184710,163901008.00
2018/07/16,22.11,22.15,21.61,21.87,6135866,138575648.00
2018/07/17,21.87,22.04,21.42,22.01,9065191,204852096.00
2018/07/18,22.04,22.08,21.58,21.61,6817031,154229344.00
2018/07/19,21.60,21.73,21.30,21.50,6327545,140823072.00
2018/07/20,21.39,21.99,21.39,21.87,8111492,183266928.00
2018/07/23,22.00,22.72,21.98,22.70,16860335,392521152.00
2018/07/24,22.60,22.82,22.40,22.53,8846837,206771520.00
2018/07/25,22.53,22.60,22.26,22.46,6050252,140286112.00
2018/07/26,22.43,22.73,22.35,22.48,11527800,269711200.00
2018/07/27,22.41,22.65,22.22,22.23,7393029,171745568.00
2018/07/30,22.23,22.40,22.00,22.08,6821374,156474656.00
2018/07/31,22.11,22.80,22.01,22.72,14218939,331934272.00
2018/08/01,22.78,22.87,22.25,22.27,9084351,211467040.00
2018/08/02,22.16,22.57,21.70,21.79,16582797,379301952.00
2018/08/03,22.15,23.06,22.00,22.04,25775555,602399552.00
2018/08/06,21.33,21.79,20.58,20.67,24652290,539102848.00
2018/08/07,20.66,21.17,20.40,20.89,10597275,229734144.00
2018/08/08,20.86,21.15,20.76,20.90,9403692,204932976.00
2018/08/09,20.99,21.39,20.94,21.16,13797191,303731776.00
2018/08/10,21.30,21.96,21.30,21.66,13315110,299631392.00
2018/08/13,21.70,22.00,21.53,21.76,9234990,208250896.00
2018/08/14,21.80,21.93,21.61,21.78,6033523,136304704.00
2018/08/15,21.76,22.14,21.57,21.80,11532258,261218496.00
2018/08/16,21.55,21.80,20.20,20.38,18479276,402376288.00
2018/08/17,20.45,20.56,19.98,20.34,14530745,305387648.00
2018/08/20,19.60,20.00,19.12,19.20,24927738,502314528.00
2018/08/21,19.26,19.79,19.26,19.50,10991925,223747760.00
2018/08/22,19.57,20.02,19.37,19.79,9290881,191154768.00
2018/08/23,19.78,20.12,19.21,19.43,15456616,315171040.00
2018/08/24,19.37,19.87,19.16,19.74,10543701,213515472.00
2018/08/27,19.71,20.22,19.55,20.09,11482189,238719952.00
2018/08/28,20.15,20.30,19.81,20.02,7854241,163078016.00
2018/08/29,20.04,20.30,19.90,19.98,6079150,126986352.00
2018/08/30,20.04,20.20,19.85,20.12,6630435,138193120.00
2018/08/31,19.88,20.08,19.70,19.81,6309544,130205224.00
2018/09/03,19.80,20.06,19.70,19.88,5710614,118357368.00
2018/09/04,19.96,20.06,19.81,19.96,6743252,139977328.00
2018/09/05,20.05,20.20,19.86,19.90,4789924,99742848.00
2018/09/06,19.85,20.35,19.80,20.18,10461185,219173472.00
2018/09/07,20.14,20.88,20.09,20.79,14214570,305057344.00
2018/09/10,20.90,21.40,20.90,21.13,16793960,368959008.00
2018/09/11,21.02,21.58,20.98,21.31,12196151,270043040.00
2018/09/12,21.20,21.75,21.02,21.10,10502819,232753152.00
2018/09/13,21.36,21.46,21.05,21.26,8865259,196002880.00
2018/09/14,21.46,21.62,20.80,20.99,8588889,189141552.00
2018/09/17,21.04,21.47,20.94,21.17,12443193,274665312.00
2018/09/18,21.20,21.68,21.16,21.51,11273366,251237152.00
2018/09/19,21.65,21.65,21.25,21.47,9900243,220038864.00
2018/09/20,21.47,21.50,21.21,21.41,4886901,108384184.00
2018/09/21,21.43,21.80,21.35,21.63,8665224,194162096.00
2018/09/25,21.64,22.55,21.64,22.28,16264726,374664064.00
2018/09/26,22.21,23.24,22.21,22.98,26607815,629668480.00
2018/09/27,22.92,22.97,22.54,22.79,11231953,264074992.00
2018/09/28,22.87,22.89,22.33,22.42,10233069,238737216.00
2018/10/08,22.06,22.72,22.02,22.29,13691360,319189312.00
2018/10/09,22.54,22.80,22.35,22.52,14109233,330489376.00
2018/10/10,22.50,23.44,22.50,23.29,21771285,522413504.00
2018/10/11,22.71,23.59,22.58,23.07,21715783,518044832.00
2018/10/12,22.80,23.45,22.80,23.33,20514112,495068064.00
2018/10/15,23.32,23.60,23.20,23.50,13329256,324222272.00
2018/10/16,23.40,23.41,22.11,22.62,20673301,485448832.00
2018/10/17,22.49,23.55,22.26,23.26,16483102,393109376.00
2018/10/18,23.15,23.50,22.80,22.80,9899888,236157776.00
2018/10/19,22.72,23.28,22.46,23.19,15253741,365406624.00
2018/10/22,23.70,23.89,23.20,23.40,26008075,635764160.00
2018/10/23,23.39,23.90,23.22,23.61,16762331,409985376.00
2018/10/24,23.50,24.34,23.37,24.28,26190957,652831296.00
2018/10/25,23.90,24.37,23.58,24.21,15755350,394534112.00
2018/10/26,24.18,24.95,24.10,24.46,23281837,591211392.00
2018/10/29,24.40,24.58,23.80,24.41,18554607,467642880.00
2018/10/30,24.20,24.35,22.53,23.20,23867956,582205760.00
2018/10/31,23.50,24.25,23.24,23.89,18497984,457149280.00
2018/11/01,23.71,24.19,23.51,23.64,14017651,344365856.00
2018/11/02,24.40,24.40,23.48,24.10,17756895,441284288.00
2018/11/05,24.24,24.50,23.90,24.25,12533451,313632960.00
2018/11/06,24.21,24.38,23.65,24.37,12735007,317384928.00
2018/11/07,24.40,24.40,23.90,24.17,10118735,252526640.00
2018/11/08,24.18,24.27,23.92,24.04,6720023,167536672.00
2018/11/09,23.99,24.20,22.95,23.03,14634403,353172224.00
2018/11/12,22.89,23.64,22.61,23.33,13700850,327243520.00
2018/11/13,23.45,24.21,23.22,24.19,19197417,474796224.00
2018/11/14,24.19,24.38,23.95,24.15,9923266,248005776.00
2018/11/15,24.14,24.50,23.97,24.13,8565935,214679616.00
2018/11/16,24.08,24.20,23.88,24.10,9074630,225747280.00
2018/11/19,24.01,24.18,23.67,23.72,9641482,237870240.00
2018/11/20,23.72,23.84,23.10,23.29,11246567,271227040.00
2018/11/21,23.49,23.78,22.97,23.36,8230032,197780928.00
2018/11/22,23.29,23.45,22.81,23.02,7881533,187761616.00
2018/11/23,23.12,23.50,22.78,23.36,8769810,211128288.00
2018/11/26,23.48,23.87,22.90,23.63,9763342,237432832.00
2018/11/27,23.73,23.81,23.28,23.45,6562075,159314560.00
2018/11/28,23.38,24.20,23.38,24.13,10467876,258878144.00
2018/11/29,24.20,24.79,24.14,24.55,20900964,531236672.00
2018/11/30,24.52,25.08,24.30,24.77,14177435,361946016.00
2018/12/03,24.65,25.45,24.45,25.30,22141815,575448832.00
2018/12/04,25.40,25.55,25.02,25.25,11529449,301043520.00
2018/12/05,25.27,26.20,25.16,26.15,29540083,787216512.00
2018/12/06,26.10,26.38,25.42,25.89,13361094,356206816.00
2018/12/07,25.65,26.00,24.46,25.48,18491421,478898240.00
2018/12/10,25.21,25.95,25.20,25.65,11464823,304513600.00
2018/12/11,25.72,25.85,25.02,25.21,11071011,288934464.00
2018/12/12,25.26,25.64,25.23,25.50,8471668,222511088.00
2018/12/13,25.15,25.15,23.90,24.74,29856285,758496320.00
2018/12/14,24.85,24.89,24.23,24.31,13737168,346522080.00
2018/12/17,24.24,24.58,23.86,24.32,13511439,338094400.00
2018/12/18,24.32,24.91,24.08,24.48,10653904,270417952.00
2018/12/19,24.52,24.72,24.10,24.11,8348206,210489584.00
2018/12/20,24.15,25.15,23.90,25.07,18771393,477491808.00
2018/12/21,25.07,25.18,24.76,24.97,12017668,310046304.00
2018/12/24,24.79,25.56,24.70,25.36,15246532,396967520.00
2018/12/25,25.25,25.76,25.13,25.28,14313279,375768224.00
2018/12/26,25.28,25.74,25.20,25.34,12454879,326908512.00
2018/12/27,25.56,25.65,24.85,25.08,12403607,322245952.00
2018/12/28,24.70,25.40,24.31,25.38,16428306,420920160.00
2015/11/02,71.18,74.20,54.51,54.51,18159365,1181059712.00
2015/11/03,58.04,60.04,54.86,60.04,36170423,2142831744.00
2015/11/04,57.66,60.76,54.91,58.60,31741477,1841589760.00
2015/11/05,58.79,60.80,56.85,57.54,20614754,1228109184.00
2015/11/06,56.15,57.19,54.89,55.30,26993077,1519092864.00
2015/11/09,53.60,54.50,50.81,52.70,26401994,1403500544.00
2015/11/10,51.65,54.64,51.21,53.78,19293465,1046395136.00
2015/11/11,53.69,53.69,51.85,52.39,16978768,901541248.00
2015/11/12,52.38,57.57,52.20,56.48,28548134,1600005888.00
2015/11/13,54.60,56.38,52.80,53.29,17933747,988697920.00
2015/11/16,51.42,52.80,51.20,52.71,10196846,540534592.00
2015/11/17,52.85,55.88,52.85,53.19,14687168,805175680.00
2015/11/18,53.20,53.20,51.22,51.48,9628059,509946528.00
2015/11/19,51.49,53.82,51.48,52.83,10230724,548431232.00
2015/11/20,53.10,53.10,51.70,52.24,10813266,573675008.00
2015/11/23,52.25,53.19,51.82,51.99,9616099,511090400.00
2015/11/24,51.77,55.70,51.60,54.90,22594350,1240461312.00
2015/11/25,54.21,55.40,53.31,54.68,15661200,866831360.00
2015/11/26,54.80,54.98,53.20,53.23,10063336,549173376.00
2015/11/27,53.28,53.28,48.90,49.61,12565306,653520384.00
2015/11/30,49.64,50.35,45.68,48.04,14733006,719830592.00
2015/12/01,48.05,48.19,46.50,47.20,10431095,499571168.00
2015/12/02,47.20,47.20,44.20,46.83,13263094,618985088.00
2015/12/03,46.55,49.15,46.41,48.97,11789214,574515904.00
2015/12/04,48.43,50.46,48.20,49.02,10788009,543023040.00
2015/12/07,49.02,49.70,48.00,48.33,7114414,351234048.00
2015/12/08,48.18,48.18,45.99,46.53,9071446,429644160.00
2015/12/09,45.80,46.41,45.22,45.75,6735610,313571936.00
2015/12/10,46.20,47.86,46.20,46.78,8465381,405467200.00
2015/12/11,46.25,46.26,45.25,45.98,5492661,254888400.00
2015/12/14,45.20,46.49,44.90,46.32,5164559,240102832.00
2015/12/15,46.25,47.06,45.85,46.17,5300421,250210192.00
2015/12/16,46.40,48.06,46.21,47.01,7656913,367388896.00
2015/12/17,47.40,47.77,47.00,47.59,9937121,478340128.00
2015/12/18,47.60,47.60,46.70,46.84,6128658,293215616.00
2015/12/21,46.65,47.79,46.48,47.46,6893030,332260480.00
2015/12/22,47.60,48.41,47.31,48.18,8515341,415610752.00
2015/12/23,48.30,48.50,47.00,47.02,7657272,371185600.00
2015/12/24,46.95,46.95,45.47,46.21,5488292,256806640.00
2015/12/25,46.19,46.49,45.70,46.45,5589034,261323536.00
2015/12/28,46.67,46.78,44.80,45.00,7913554,369445856.00
2015/12/29,45.10,45.49,44.32,45.48,5845919,266533936.00
2015/12/30,45.65,45.65,44.89,45.24,3968807,182557488.00
2015/12/31,45.25,45.37,44.80,44.94,3431655,157411584.00
2016/01/04,44.94,46.20,42.71,43.18,7097473,326077440.00
2016/01/05,42.00,44.56,41.70,44.21,8615792,382234400.00
2016/01/06,44.21,48.71,44.21,48.07,18451985,883427136.00
2016/01/07,46.79,46.81,43.18,43.28,4307678,197150704.00
2016/01/08,45.40,47.69,42.32,47.69,19090613,899930880.00
2016/01/11,47.34,51.07,46.40,48.46,26486337,1333449344.00
2016/01/12,48.46,49.79,45.00,47.25,16384433,793178624.00
2016/01/13,46.60,48.00,43.20,44.95,12992816,606845312.00
2016/01/14,43.24,46.70,43.20,46.70,12774426,584227136.00
2016/01/15,46.80,47.07,43.20,43.63,12980606,591609664.00
2016/01/18,41.90,43.45,41.79,42.52,6425979,277538720.00
2016/02/03,42.60,42.61,38.40,40.56,9198795,379423456.00
2016/02/04,40.60,41.30,40.18,41.26,8031747,332472320.00
2016/02/05,41.20,41.49,40.61,40.72,6079032,253913984.00
2016/02/15,38.71,39.75,38.65,39.32,6532876,261559696.00
2016/02/16,39.56,41.18,39.56,40.94,7193649,299070080.00
2016/02/17,42.10,44.90,42.10,43.44,9896914,440355968.00
2016/02/18,43.41,43.94,42.78,43.02,7269334,320771648.00
2016/02/19,43.04,43.70,43.03,43.35,4968342,219569808.00
2016/02/22,44.25,44.58,43.23,43.54,6534325,291466816.00
2016/02/23,44.09,44.10,42.36,42.65,5673541,248762320.00
2016/02/24,42.65,46.42,42.60,45.93,17546282,799930304.00
2016/02/25,45.00,47.00,42.30,43.10,14848770,683499008.00
2016/02/26,43.60,45.45,43.29,44.87,11776708,534105760.00
2016/02/29,44.80,47.20,42.65,46.91,17516500,811038784.00
2016/03/01,47.40,50.41,46.31,48.55,17432091,863140032.00
2016/03/02,47.95,49.30,46.70,49.05,14556198,711886080.00
2016/03/03,48.31,50.13,47.25,47.37,12020125,594079232.00
2016/03/04,46.80,50.40,46.80,49.02,15373202,769506688.00
2016/03/07,49.70,51.02,49.01,50.30,10360121,527037824.00
2016/03/08,49.47,49.79,46.70,48.53,9016359,441456800.00
2016/03/09,47.17,48.21,45.21,46.13,6726069,319426496.00
2016/03/10,46.39,48.48,46.20,47.07,6782270,327767328.00
2016/03/11,46.65,48.40,46.23,47.45,4594520,223096848.00
2016/03/14,47.70,49.70,47.70,48.97,6860180,340837504.00
2016/03/15,49.00,49.96,47.69,47.70,5383296,265720160.00
2016/03/16,47.70,48.19,45.71,46.31,5752697,273123296.00
2016/03/17,46.32,48.02,45.90,47.69,6337811,305350816.00
2016/03/18,47.80,49.18,47.80,48.75,8572952,423127296.00
2016/03/21,49.22,50.72,48.78,49.53,10946950,554320192.00
2016/03/22,49.20,53.37,48.48,51.16,13311259,697715072.00
2016/03/23,50.75,53.16,50.72,52.10,11570559,614394560.00
2016/03/24,51.90,53.74,50.75,51.20,10936183,582716224.00
2016/03/25,50.42,51.11,49.60,50.47,8529085,435566176.00
2016/03/28,51.58,51.90,49.59,49.95,6390235,329914592.00
2016/03/29,49.56,50.68,49.21,50.07,5155384,260784864.00
2016/03/30,50.88,51.48,50.00,51.37,6962985,358827872.00
2016/03/31,51.39,51.85,50.56,50.65,5267032,273396192.00
2016/04/01,50.36,50.70,49.30,50.19,4204878,212760832.00
2016/04/05,50.50,51.17,49.78,51.13,7456570,382128800.00
2016/04/06,50.95,53.02,50.70,52.07,10537408,556709312.00
2016/04/07,52.20,52.60,50.60,50.60,6674779,347313440.00
2016/04/08,50.20,52.50,48.90,50.90,12139647,622199232.00
2016/04/11,51.20,51.65,50.06,50.38,10576706,543370624.00
2016/04/12,50.29,50.29,47.54,48.15,10719973,529782912.00
2016/04/13,48.20,48.84,48.16,48.19,8203034,404696416.00
2016/04/14,48.40,48.80,47.61,48.65,8944203,437054112.00
2016/04/15,48.70,48.79,47.91,48.29,6238331,306123552.00
2016/04/18,48.52,49.20,48.39,48.96,7522168,373042272.00
2016/04/19,49.63,49.63,48.41,48.75,5437490,269782624.00
2016/04/20,49.10,49.20,45.69,46.59,9183235,439542048.00
2016/04/21,46.88,46.88,46.03,46.19,4924026,231914176.00
2016/04/22,45.72,47.00,45.56,46.52,4444624,209842624.00
2016/04/25,46.25,46.49,45.70,46.04,3431784,160490400.00
2016/04/26,46.10,46.63,46.05,46.50,3168139,149492704.00
2016/04/27,46.60,46.75,46.01,46.10,2920084,137752000.00
2016/04/28,46.11,46.24,45.08,45.65,3764386,174517376.00
2016/04/29,45.40,46.20,45.18,45.80,2870839,133801008.00
2016/05/03,46.04,47.49,45.81,47.47,6038763,289391680.00
2016/05/04,47.49,48.01,47.15,47.20,4975782,240441200.00
2016/05/05,47.20,47.75,46.93,47.50,3915388,188496096.00
2016/05/06,47.49,48.39,46.30,46.40,7699126,371619392.00
2016/05/09,46.41,46.43,44.20,44.32,5648272,258496064.00
2016/05/10,44.30,44.89,44.00,44.09,4263072,192560944.00
2016/05/11,44.88,47.19,44.35,45.60,9960239,465591264.00
2016/05/12,45.08,45.08,41.88,44.11,6434559,287708480.00
2016/05/13,44.15,45.88,44.14,44.55,4470727,204473344.00
2016/05/16,44.58,46.10,44.51,46.00,6710844,310184032.00
2016/05/17,45.99,46.08,44.83,45.05,5590236,257321904.00
2016/05/18,44.49,44.49,43.23,43.53,4717196,209350448.00
2016/05/19,43.89,44.25,43.25,43.40,3613423,161101152.00
2016/05/20,43.10,43.67,42.71,43.59,2686222,118351392.00
2016/05/23,43.59,44.13,43.39,43.98,2734235,121948552.00
2016/05/24,43.86,44.04,43.06,43.27,3028939,133481288.00
2016/05/25,43.50,43.69,43.00,43.29,2414869,106425320.00
2016/05/26,43.40,43.58,42.39,42.96,3433123,149626000.00
2016/05/27,43.07,44.38,42.91,43.80,4882586,217153760.00
2016/05/30,43.80,43.86,43.38,43.50,2956947,131168896.00
2016/05/31,43.64,45.24,43.52,45.18,7161415,324681376.00
2016/06/01,37.21,37.30,36.71,36.89,6453096,243680432.00
2016/06/02,36.79,37.20,36.62,36.98,4578548,172429584.00
2016/06/03,37.05,37.57,36.78,37.57,9107570,346640416.00
2016/06/06,37.61,37.62,36.97,37.13,5490295,208435008.00
2016/06/07,37.14,37.20,36.66,36.93,4394887,165395664.00
2016/06/08,36.90,36.90,35.85,36.19,7131285,263921552.00
2016/06/13,35.64,35.97,35.10,35.10,5491778,199471280.00
2016/06/14,34.80,35.40,34.80,35.20,2934500,105453312.00
2016/06/15,34.55,35.99,34.55,35.73,5019064,182652960.00
2016/06/16,35.73,36.18,35.21,35.27,4703735,171733072.00
2016/06/17,35.40,35.78,35.18,35.38,4059099,147135072.00
2016/06/20,35.45,35.63,35.03,35.39,4000332,144479440.00
2016/06/21,35.67,35.70,35.35,35.45,4428801,160760432.00
2016/06/22,35.40,36.01,35.37,35.93,4673160,170667312.00
2016/06/23,35.93,36.09,35.42,35.57,3589967,130800768.00
2016/06/24,35.59,35.70,34.55,35.21,5359880,192843200.00
2016/06/27,34.81,35.77,34.81,35.72,4993101,181372080.00
2016/06/28,35.50,35.86,35.29,35.68,5099267,185269984.00
2016/06/29,35.97,35.97,35.41,35.55,4341340,158273184.00
2016/06/30,35.60,35.88,35.30,35.42,5143492,186891648.00
2016/07/01,35.52,36.15,35.41,35.85,7058897,258507344.00
2016/07/04,35.83,36.46,35.56,36.39,8169932,301590912.00
2016/07/05,36.45,36.55,35.96,36.18,6688492,247124352.00
2016/07/06,36.27,37.70,36.08,37.60,11423082,430929792.00
2016/07/07,37.58,38.41,37.31,37.71,11727946,452768928.00
2016/07/08,37.78,38.00,37.06,37.21,6088473,232145856.00
2016/07/11,37.29,37.77,36.87,36.94,6078129,230954176.00
2016/07/12,37.01,37.65,36.75,37.59,6984377,265772592.00
2016/07/13,37.65,38.70,37.32,38.11,10002263,388304320.00
2016/07/14,38.18,39.13,38.00,39.03,12943740,511472576.00
2016/07/15,39.03,40.59,38.90,39.78,12364619,504101504.00
2016/07/18,39.90,40.54,39.17,39.78,11015584,448749120.00
2016/07/19,39.60,39.60,38.86,39.11,7066533,282635072.00
2016/07/20,39.09,39.32,38.75,38.95,3779750,150500032.00
2016/07/21,39.02,39.30,38.63,38.70,5231795,208256032.00
2016/07/22,38.70,38.99,37.85,37.90,4935053,192611792.00
2016/07/25,37.99,38.53,37.62,38.30,4937746,191991248.00
2016/07/26,38.00,38.49,37.98,38.39,4574363,178458592.00
2016/07/27,38.50,38.50,35.90,36.40,8490116,321391264.00
2016/07/28,36.40,36.87,36.16,36.65,4029906,150596752.00
2016/07/29,36.66,36.98,36.10,36.80,3952154,147632272.00
2016/08/01,36.92,36.92,36.15,36.26,3088283,114765904.00
2016/08/02,36.30,36.50,36.20,36.39,2194743,81476896.00
2016/08/03,36.38,36.45,36.20,36.39,2147559,79738664.00
2016/08/04,36.39,36.39,35.91,36.29,2546906,94247768.00
2016/08/05,36.30,37.38,36.19,36.93,4781559,179904128.00
2016/08/08,36.65,37.13,36.60,37.00,3406211,128312464.00
2016/08/09,36.95,37.14,36.76,37.05,3663519,138225056.00
2016/08/10,36.98,37.08,36.65,36.67,3595623,135237392.00
2016/08/11,36.80,36.86,36.13,36.17,3519119,131047368.00
2016/08/12,36.35,36.53,35.98,36.47,3228268,119552864.00
2016/08/15,36.49,37.30,36.23,37.02,6723423,253779680.00
2016/08/16,37.01,37.39,36.95,37.26,5349593,203004192.00
2016/08/17,37.20,37.23,36.98,37.11,3857293,146145600.00
2016/08/18,37.09,37.26,36.92,37.00,3297031,124671264.00
2016/08/19,37.00,37.19,36.90,37.04,2938371,111238112.00
2016/08/22,37.06,37.19,36.64,36.65,3041765,114599376.00
2016/08/23,36.55,37.01,36.51,36.79,2537017,95404856.00
2016/08/24,36.82,37.38,36.82,37.29,4729091,179861408.00
2016/08/25,37.21,37.35,36.68,37.35,4483591,169533808.00
2016/08/26,37.83,37.90,37.13,37.18,5818618,222694128.00
2016/08/29,37.07,37.30,37.00,37.11,2960015,112453112.00
2016/08/30,37.40,37.85,37.34,37.37,4565550,175168288.00
2016/08/31,37.59,37.60,37.08,37.37,4134383,157412368.00
2016/09/01,37.59,37.77,37.45,37.45,5238979,201150832.00
2016/09/02,37.38,37.49,36.95,37.18,3228035,122669576.00
2016/09/05,37.27,37.38,37.04,37.10,2377541,90414728.00
2016/09/06,37.00,37.31,36.60,37.28,3636422,137319584.00
2016/09/07,37.28,37.34,37.05,37.09,3064810,116460672.00
2016/09/08,37.09,37.28,36.90,37.28,2450922,92907120.00
2016/09/09,37.20,37.29,37.08,37.14,2078254,78892624.00
2016/09/12,36.70,36.84,36.10,36.10,4437724,165228352.00
2016/09/13,36.23,36.36,35.85,36.03,1999657,73745752.00
2016/09/14,35.90,36.12,35.73,35.90,1761142,64664180.00
2016/09/19,35.92,36.39,35.92,36.14,1660593,61450940.00
2016/09/20,36.15,36.27,36.04,36.12,1197089,44205952.00
2016/09/21,36.14,36.19,35.91,36.08,1276432,47140476.00
2016/09/22,36.25,36.32,36.10,36.11,2036832,75317960.00
2016/09/23,36.28,36.28,35.90,35.91,1739142,64009692.00
2016/09/26,35.90,36.00,35.19,35.20,2675779,96986968.00
2016/09/27,35.20,35.33,34.80,35.21,1798960,64563000.00
2016/09/28,35.35,35.35,34.91,34.91,1248111,44743280.00
2016/09/29,35.06,35.14,34.93,34.98,1589875,56970064.00
2016/09/30,35.02,35.12,34.89,35.07,1603098,57389352.00
2016/10/10,35.09,35.50,34.96,35.50,4271426,153914960.00
2016/10/11,35.57,35.82,35.41,35.82,4708253,171660592.00
2016/10/12,35.61,36.15,35.60,36.10,4000716,147029360.00
2016/10/13,36.01,36.13,35.72,35.98,2440141,89572240.00
2016/10/14,35.98,35.99,35.55,35.80,2772150,101425744.00
2016/10/17,35.81,35.94,35.24,35.30,2550541,92842840.00
2016/10/18,35.31,35.85,35.22,35.85,3453778,125258832.00
2016/10/19,35.95,35.95,35.43,35.70,3434445,125051848.00
2016/10/20,35.69,35.75,35.50,35.60,2477585,90290568.00
2016/10/21,35.61,35.69,35.28,35.42,3202811,116143280.00
2016/10/24,35.33,35.64,35.25,35.48,3982719,144343280.00
2016/10/25,35.50,35.50,35.34,35.38,3583563,129767792.00
2016/10/26,35.39,36.18,35.30,35.98,9009699,329714080.00
2016/10/27,35.88,35.99,35.55,35.69,4060498,148329664.00
2016/10/28,35.67,35.70,35.26,35.30,5139692,186082352.00
2016/10/31,35.21,35.21,34.70,34.75,5391842,192244336.00
2016/11/01,34.60,34.78,34.53,34.78,8658188,306855328.00
2016/11/02,32.72,34.10,32.71,33.26,20820071,709761280.00
2016/11/03,32.85,32.95,32.24,32.54,22043170,734849344.00
2016/11/04,32.60,33.04,32.31,32.95,14609325,486886112.00
2016/11/07,32.69,33.19,32.61,33.02,12016784,405421792.00
2016/11/08,33.10,33.19,32.80,33.11,8846515,299257792.00
2016/11/09,33.11,33.57,32.97,33.38,13077133,446068480.00
2016/11/10,33.08,33.19,32.79,32.94,9925779,334949888.00
2016/11/11,32.86,33.42,32.76,33.16,9790782,331130880.00
2016/11/14,33.19,33.55,33.05,33.26,9125237,311827680.00
2016/11/15,33.30,33.42,33.00,33.18,6127770,207759504.00
2016/11/16,33.19,33.37,33.05,33.19,6705553,228097120.00
2016/11/17,33.20,33.20,32.87,32.96,5120532,172991040.00
2016/11/18,32.88,32.88,32.38,32.40,11749160,391809824.00
2016/11/21,32.20,32.20,31.89,31.93,15168521,497709952.00
2016/11/22,32.03,32.56,31.94,32.47,8880542,293506016.00
2016/11/23,32.50,32.68,32.41,32.41,8058509,268542272.00
2016/11/24,32.48,32.79,32.40,32.47,8332494,278159872.00
2016/11/25,32.47,32.50,31.94,32.49,7053754,233225600.00
2016/11/28,32.49,34.69,32.49,33.78,23239004,799317632.00
2016/11/29,33.45,33.95,33.42,33.44,18440995,635463488.00
2016/11/30,33.62,34.50,33.44,34.18,21041000,735864192.00
2016/12/01,34.20,35.18,34.20,34.91,21252829,758117888.00
2016/12/02,35.10,35.10,33.80,34.00,14153172,496517216.00
2016/12/05,33.71,35.00,33.71,34.21,13784929,487119936.00
2016/12/06,34.21,34.50,33.68,33.75,8515336,295666944.00
2016/12/07,33.78,34.20,33.77,33.90,6902144,240062768.00
2016/12/08,34.05,34.05,33.46,33.62,7481928,258676768.00
2016/12/09,33.45,33.76,33.40,33.59,6605947,227227200.00
2016/12/12,33.66,34.59,33.46,33.61,22238277,775262208.00
2016/12/13,33.60,33.85,32.70,33.39,11789182,400605600.00
2016/12/14,33.37,33.48,32.82,32.93,9384450,318344160.00
2016/12/15,32.81,33.20,32.75,32.93,9227115,311210976.00
2016/12/16,32.91,33.52,32.78,33.29,7701802,261573376.00
2016/12/19,33.31,33.66,33.11,33.23,6215634,212312528.00
2016/12/20,33.15,33.23,32.90,33.00,5222223,176540656.00
2016/12/21,33.10,33.47,33.07,33.34,5899923,200847552.00
2016/12/22,33.39,33.39,33.00,33.07,4844777,164266208.00
2016/12/23,33.01,33.45,33.00,33.06,5973446,202851136.00
2016/12/26,33.03,33.05,32.56,32.89,5421863,181818656.00
2016/12/27,32.79,33.03,32.73,32.80,4365547,147133600.00
2016/12/28,32.84,32.88,32.75,32.79,3581119,120370888.00
2016/12/29,32.80,33.55,32.78,33.54,11778404,400748064.00
2016/12/30,33.50,34.68,33.42,34.42,25691566,899801984.00
2017/01/03,34.63,35.38,34.48,34.65,17551208,625566784.00
2017/01/04,34.76,35.32,34.38,35.12,18245844,654237312.00
2017/01/05,35.05,35.51,34.66,35.04,12202739,438419168.00
2017/01/06,34.97,35.70,34.86,35.57,16222553,588575680.00
2017/01/09,35.50,35.53,34.72,35.03,12035739,432201984.00
2017/01/10,35.03,35.40,34.71,34.74,8934805,320155904.00
2017/01/11,34.61,34.99,34.56,34.68,7082485,251686640.00
2017/01/12,34.64,35.30,34.64,35.10,9870787,354851200.00
2017/01/13,34.99,35.29,34.08,34.08,12601821,445731840.00
2017/01/16,34.01,34.43,33.30,34.18,9905400,344662944.00
2017/01/17,34.16,34.50,33.89,34.30,7904310,276647584.00
2017/01/18,34.36,34.40,33.96,34.10,4112929,143805616.00
2017/01/19,34.10,34.21,33.91,34.01,3576110,124572248.00
2017/01/20,33.98,34.67,33.92,34.42,6550519,230654816.00
2017/01/23,34.41,34.86,34.37,34.50,5127208,181639392.00
2017/01/24,34.51,34.63,34.01,34.12,4073436,142590560.00
2017/01/25,34.12,34.63,34.10,34.49,4600004,162338496.00
2017/01/26,34.50,34.80,34.44,34.72,5827565,206690992.00
2017/02/03,34.50,34.69,34.20,34.35,3905980,137571520.00
2017/02/06,34.41,34.65,34.25,34.50,6981771,246085536.00
2017/02/07,34.50,34.50,34.06,34.16,6201365,217101312.00
2017/02/08,34.16,34.22,33.90,34.18,4548432,158558496.00
2017/02/09,34.17,34.38,34.11,34.21,5366971,187909232.00
2017/02/10,34.20,34.38,34.12,34.30,5636509,197587040.00
2017/02/13,34.31,34.49,34.06,34.37,7535580,264290720.00
2017/02/14,34.37,34.37,33.78,33.80,14244742,494910656.00
2017/02/15,33.80,33.82,33.30,33.33,11841598,406383616.00
2017/02/16,33.30,33.50,33.17,33.42,4888235,167069552.00
2017/02/17,33.39,33.49,33.05,33.07,8104116,275582240.00
2017/02/20,33.45,33.59,33.06,33.36,11548924,393701760.00
2017/02/21,33.48,33.97,33.39,33.85,12460140,430113600.00
2017/02/22,33.79,33.83,33.19,33.43,14554169,497806080.00
2017/02/23,33.40,33.44,33.18,33.44,7100636,242108304.00
2017/02/24,33.44,33.70,33.28,33.58,9385847,322338592.00
2017/02/27,33.40,33.55,33.13,33.28,9067178,309065664.00
2017/02/28,33.28,33.42,33.21,33.34,4492435,153314544.00
2017/03/01,33.37,33.55,33.23,33.43,5508855,188531568.00
2017/03/02,33.65,33.65,33.29,33.30,4991065,170892208.00
2017/03/03,33.21,33.44,33.21,33.33,5309780,181199360.00
2017/03/06,33.30,33.41,33.25,33.36,7840629,267611808.00
2017/03/07,33.40,33.50,33.20,33.50,8818291,301071392.00
2017/03/08,33.45,33.45,33.30,33.35,4216708,144009392.00
2017/03/09,33.35,33.35,32.38,32.52,18809932,631358528.00
2017/03/10,32.51,32.64,32.27,32.59,6766961,225230192.00
2017/03/13,32.50,32.94,32.38,32.77,6625508,222084192.00
2017/03/14,32.76,32.77,32.50,32.59,5559028,185691312.00
2017/03/15,32.53,32.75,32.32,32.64,5731087,191222096.00
2017/03/16,32.71,32.92,32.66,32.68,5516768,185130176.00
2017/03/17,32.68,32.71,32.40,32.43,6640559,221515376.00
2017/03/20,32.42,32.55,32.39,32.50,5098643,169536608.00
2017/03/21,32.56,32.69,32.42,32.63,4940872,164868272.00
2017/03/22,32.57,32.61,32.32,32.38,5458199,181388704.00
2017/03/23,32.38,32.49,32.20,32.27,6681064,221553136.00
2017/03/24,32.29,32.74,32.21,32.70,7533056,250788560.00
2017/03/27,32.70,32.81,32.47,32.51,5948019,198529648.00
2017/03/28,32.46,32.72,32.46,32.56,4346771,145080864.00
2017/03/29,32.56,32.68,32.27,32.28,5122215,170400064.00
2017/03/30,32.29,32.37,31.91,31.93,7732456,253743264.00
2017/03/31,31.93,32.11,31.92,32.06,4188501,137496800.00
2017/04/05,31.90,32.46,31.86,32.37,6003681,198667760.00
2017/04/06,32.40,32.88,32.30,32.76,9034103,302274464.00
2017/04/07,32.85,32.85,32.32,32.39,9911476,329782720.00
2017/04/10,32.42,32.51,31.94,32.00,6767160,222509072.00
2017/04/11,32.02,32.37,32.01,32.35,7093459,234144464.00
2017/04/12,32.40,32.40,32.04,32.05,4601760,151598240.00
2017/04/13,32.08,32.30,31.95,31.97,4861502,159694016.00
2017/04/14,31.95,32.14,31.87,32.00,4165869,136629216.00
2017/04/17,31.95,31.96,31.20,31.27,8431096,271987904.00
2017/04/18,31.27,31.39,30.90,30.93,5402303,172744064.00
2017/04/19,30.88,30.88,29.71,30.71,10956037,340860288.00
2017/04/20,30.65,30.79,30.32,30.78,5432422,170471744.00
2017/04/21,30.70,30.94,30.57,30.80,3378760,106585576.00
2017/04/24,30.65,30.78,30.20,30.68,5581321,174394048.00
2017/04/25,30.59,30.69,30.43,30.69,4370687,137119408.00
2017/04/26,30.60,30.96,30.52,30.93,4757505,150330224.00
2017/04/27,30.92,31.33,30.70,31.12,5789471,184249248.00
2017/04/28,31.12,31.19,30.99,31.11,2176838,69409200.00
2017/05/02,31.17,31.32,30.90,31.10,3886129,124253912.00
2017/05/03,30.88,31.11,30.43,30.51,4886218,154095712.00
2017/05/04,30.49,30.49,29.78,29.79,7976942,246429040.00
2017/05/05,29.80,30.08,29.68,29.68,4895115,149709184.00
2017/05/08,29.68,29.82,28.22,28.23,9977491,295615808.00
2017/05/09,28.20,28.20,27.10,27.63,7387236,209351040.00
2017/05/10,27.61,27.83,26.66,26.66,7922078,222436560.00
2017/05/11,26.47,27.04,25.68,26.99,12964012,350798560.00
2017/05/12,26.78,27.52,26.36,27.51,7860143,218347936.00
2017/05/15,27.40,27.73,27.21,27.71,7253174,205237824.00
2017/05/16,27.50,27.79,27.30,27.65,4122960,116900632.00
2017/05/17,27.60,27.83,27.48,27.65,4427002,126070296.00
2017/05/18,27.41,27.73,27.39,27.49,3987199,113179288.00
2017/05/19,27.49,27.63,27.20,27.21,3274386,91989304.00
2017/05/22,27.26,27.93,27.26,27.58,5592701,159375648.00
2017/05/23,27.58,27.91,27.50,27.88,6381108,182455616.00
2017/05/24,27.88,28.56,27.67,28.54,7126114,207282496.00
2017/05/25,28.59,28.85,28.00,28.58,8035944,235171296.00
2017/05/26,22.73,23.00,21.71,22.89,11433027,267339392.00
2017/05/31,22.92,23.33,22.53,23.30,14462040,343877248.00
2017/06/01,23.31,23.39,23.00,23.21,7182453,172051408.00
2017/06/02,23.15,23.27,22.90,22.95,5545874,132267112.00
2017/06/05,22.97,23.09,22.65,22.65,5235324,123438016.00
2017/06/06,22.60,22.81,22.46,22.78,4820293,113245400.00
2017/06/07,22.74,22.99,22.58,22.93,6000092,141982480.00
2017/06/08,22.93,22.97,22.78,22.80,4095468,96962712.00
2017/06/09,22.77,22.86,22.65,22.66,5891690,138742976.00
2017/06/12,22.50,23.38,22.32,23.10,11231203,266501120.00
2017/06/13,23.07,23.22,22.98,23.06,6818442,163041488.00
2017/06/14,23.05,23.12,22.80,22.82,3870940,91722720.00
2017/06/15,22.85,22.99,22.74,22.89,6321725,149828912.00
2017/06/16,22.89,22.95,22.63,22.64,3959939,93225928.00
2017/06/19,22.66,22.83,22.61,22.65,3269196,76879584.00
2017/06/20,22.65,22.83,22.60,22.60,3700851,86851608.00
2017/06/21,22.69,22.94,22.39,22.86,7941520,186389728.00
2017/06/22,22.80,22.85,22.60,22.68,4308067,101276992.00
2017/06/23,22.65,22.90,22.49,22.86,8971184,211346992.00
2017/06/26,22.81,22.97,22.70,22.93,4470767,105823408.00
2017/06/27,22.98,23.05,22.81,22.86,3993505,94751704.00
2017/06/28,22.72,22.87,22.70,22.71,3872942,91193376.00
2017/06/29,22.71,22.77,22.50,22.52,4642039,108537576.00
2017/06/30,22.49,22.67,22.40,22.64,5506436,128529680.00
2017/07/03,22.66,22.74,22.41,22.71,5972382,139700112.00
2017/07/04,22.69,22.90,22.53,22.81,7449009,175304576.00
2017/07/05,22.80,22.80,22.65,22.73,3143572,73981688.00
2017/07/06,22.72,23.02,22.50,23.01,10216612,240805136.00
2017/07/07,22.89,23.12,22.83,23.09,6775734,161180688.00
2017/07/10,23.07,23.10,22.85,22.85,5150977,122396328.00
2017/07/11,22.86,22.98,22.72,22.73,5495223,130028008.00
2017/07/12,22.70,22.83,22.58,22.62,3359021,78761584.00
2017/07/13,22.65,22.73,22.55,22.59,3919505,91845760.00
2017/07/14,22.19,22.19,20.83,20.95,19514170,433479296.00
2017/07/17,20.70,20.77,19.16,19.18,20125742,409011520.00
2017/07/18,18.98,19.40,18.60,19.08,12699338,250932576.00
2017/07/19,19.04,19.15,18.81,19.10,7599908,150311216.00
2017/07/20,19.09,19.34,18.99,19.06,6610050,132060720.00
2017/07/21,19.04,19.13,18.87,18.91,5049152,99706664.00
2017/07/24,18.91,19.14,18.91,19.02,5363361,106318328.00
2017/07/25,19.00,19.18,18.95,19.11,4492768,89234104.00
2017/07/26,19.15,19.18,19.05,19.12,4305356,85752720.00
2017/07/27,19.09,20.14,19.04,19.90,13692188,279890944.00
2017/07/28,19.85,19.85,19.49,19.53,7021767,143242880.00
2017/07/31,19.53,19.61,19.38,19.42,5966425,120875400.00
2017/08/01,19.50,19.54,19.29,19.39,6144765,124030664.00
2017/08/02,19.39,19.44,18.99,19.02,9883989,197798768.00
2017/08/03,19.10,19.38,19.01,19.20,5720018,114581728.00
2017/08/04,19.20,19.34,19.12,19.29,6122896,122907232.00
2017/08/07,19.35,19.65,19.30,19.53,7269686,147535312.00
2017/08/08,19.53,21.56,19.51,21.56,37287487,806177920.00
2017/08/09,21.70,21.73,20.83,20.92,24467685,537863104.00
2017/08/10,20.93,21.42,20.80,20.86,13826003,302053760.00
2017/08/11,20.71,20.81,20.31,20.48,11334878,241614656.00
2017/08/14,20.49,21.07,20.39,20.87,9911378,214258432.00
2017/08/15,20.71,20.78,20.51,20.64,9019544,193072160.00
2017/08/16,20.54,20.84,20.48,20.75,9327861,200710032.00
2017/08/17,20.74,20.75,20.53,20.72,9981518,214081920.00
2017/08/18,20.64,20.84,20.51,20.67,7774397,166779488.00
2017/08/21,20.66,20.99,20.64,20.72,7250522,156562480.00
2017/08/22,20.85,21.69,20.85,21.15,20881223,461425184.00
2017/08/23,21.09,21.17,20.83,20.96,7308133,159002784.00
2017/08/24,21.01,21.28,20.81,21.11,8536950,186957984.00
2017/08/25,21.01,21.30,21.00,21.16,7095800,155894640.00
2017/08/28,21.10,21.87,21.02,21.57,15623365,350170048.00
2017/08/29,21.58,21.86,21.45,21.55,7847150,175764400.00
2017/08/30,21.55,22.01,21.50,21.98,10883517,246981712.00
2017/08/31,21.96,22.46,21.85,22.40,13359764,308681504.00
2017/09/01,22.40,22.45,22.06,22.09,11415766,262383184.00
2017/09/04,22.08,22.09,21.75,21.82,11631224,263653008.00
2017/09/05,21.88,22.40,21.88,22.04,7891209,181154000.00
2017/09/06,22.10,22.18,21.89,21.93,5968613,135860304.00
2017/09/07,21.95,22.12,21.87,21.87,6423167,146103664.00
2017/09/08,21.88,22.19,21.87,22.08,6308112,143914736.00
2017/09/11,22.00,22.23,21.90,22.05,6229579,142481760.00
2017/09/12,22.12,22.19,21.80,21.82,7681448,174443792.00
2017/09/13,21.82,21.93,21.60,21.68,5811441,130704904.00
2017/09/14,21.68,21.88,21.62,21.73,4599548,103771112.00
2017/09/15,21.72,21.95,21.66,21.80,4581498,103763752.00
2017/09/18,21.82,21.97,21.75,21.89,4002397,90579640.00
2017/09/19,21.91,21.95,21.68,21.78,4708595,106319088.00
2017/09/20,21.85,21.87,21.70,21.86,3512762,79388280.00
2017/09/21,21.88,22.08,21.75,21.86,4963111,112827776.00
2017/09/22,21.80,21.80,21.23,21.27,7966961,176673776.00
2017/09/25,21.33,21.33,20.80,20.80,5522218,120356560.00
2017/09/26,20.85,21.01,20.78,20.81,2296764,49755532.00
2017/09/27,20.92,20.96,20.73,20.80,2350019,50757580.00
2017/09/28,20.85,20.90,20.46,20.53,4060857,86760512.00
2017/09/29,20.57,20.79,20.56,20.71,3559946,76525280.00
2017/10/09,21.20,21.30,20.92,21.05,6645411,145906944.00
2017/10/10,20.94,21.83,20.94,21.69,12438058,278148608.00
2017/10/11,21.69,22.54,21.57,22.18,15227341,350727840.00
2017/10/12,22.17,22.33,21.96,22.04,6590117,151026224.00
2017/10/13,22.04,22.30,21.83,22.18,6697106,153639376.00
2017/10/16,22.15,22.61,22.11,22.46,13150965,306020960.00
2017/10/17,22.45,22.45,22.03,22.30,6377091,146879824.00
2017/10/18,22.35,22.56,22.03,22.05,4748024,109125840.00
2017/10/19,22.06,22.27,21.98,22.20,5982356,137202688.00
2017/10/20,22.20,22.23,21.86,22.08,4591401,104555800.00
2017/10/23,22.20,22.65,22.08,22.49,10980663,254785728.00
2017/10/24,22.40,22.54,22.32,22.46,5354140,124350896.00
2017/10/25,22.46,22.84,22.41,22.83,9211591,216543248.00
2017/10/26,22.82,23.75,22.64,23.46,16098017,389626944.00
2017/10/27,23.46,23.65,23.16,23.50,8323857,201730160.00
2017/10/30,23.51,24.69,23.51,24.29,30243755,757666688.00
2017/10/31,24.45,25.00,24.04,24.50,20398727,519462368.00
2017/11/01,24.37,25.68,24.31,25.57,26120009,681025472.00
2017/11/02,25.60,26.35,25.00,25.44,18340505,483829024.00
2017/11/03,25.12,25.65,25.10,25.24,11960578,312357824.00
2017/11/06,25.08,25.08,24.10,24.63,18962450,478908448.00
2017/11/07,24.60,25.19,24.46,24.71,13378741,342411968.00
2017/11/08,24.92,24.92,24.13,24.16,11515108,290753056.00
2017/11/09,24.22,24.63,23.88,24.50,10786870,270370048.00
2017/11/10,24.62,25.28,24.62,24.97,12223244,315564736.00
2017/11/13,24.90,25.00,24.33,24.37,10171811,257698688.00
2017/11/14,24.64,25.18,24.31,25.02,12016750,307762432.00
2017/11/15,24.98,24.98,24.38,24.45,8658195,219459808.00
2017/11/16,24.45,25.90,24.26,25.68,31722081,830905664.00
2017/11/17,25.96,26.70,25.90,25.90,30301886,820513600.00
2017/11/20,25.26,26.75,25.26,26.75,26052305,707630592.00
2017/11/21,26.75,27.04,26.25,26.73,19726192,541345920.00
2017/11/22,26.73,27.17,26.41,26.95,13616660,374774464.00
2017/11/23,26.89,26.89,25.50,25.70,20844974,558517952.00
2017/11/24,25.50,25.89,24.40,24.44,15371681,395069696.00
2017/11/27,24.44,24.67,23.39,23.61,15271990,378866208.00
2017/11/28,23.75,24.07,23.10,23.85,15557530,378584576.00
2017/11/29,23.80,24.08,23.53,24.00,8814672,217150384.00
2017/11/30,23.89,24.04,23.12,23.26,8697978,211041488.00
2017/12/01,23.31,24.14,23.30,23.90,10891782,268948800.00
2017/12/04,23.91,24.60,23.70,24.46,10442577,261419184.00
2017/12/05,24.45,24.45,23.88,24.17,7736229,193256768.00
2017/12/06,24.20,24.70,24.19,24.57,10894211,275539776.00
2017/12/07,24.45,24.88,24.36,24.41,6111065,154766176.00
2017/12/08,24.42,24.75,24.16,24.27,9076799,229112704.00
2017/12/11,24.10,24.27,23.70,24.05,10742677,265924240.00
2017/12/12,24.20,24.28,23.49,23.51,11217491,276283456.00
2017/12/13,23.58,23.72,23.35,23.65,7118678,173151920.00
2017/12/14,23.67,23.78,22.93,23.14,10436833,252079840.00
2017/12/15,23.25,23.25,22.55,22.66,10001781,235715648.00
2017/12/18,22.73,23.07,22.51,22.98,6885203,162971856.00
2017/12/19,22.95,23.16,22.90,22.95,7280259,173534384.00
2017/12/20,23.20,23.59,22.96,23.48,11376434,275317120.00
2017/12/21,23.31,23.62,23.11,23.45,8883246,215147520.00
2017/12/22,23.45,23.59,23.20,23.45,6249246,151057024.00
2017/12/25,23.53,23.81,23.14,23.18,14000226,338305152.00
2017/12/26,23.16,23.34,22.78,23.26,8732632,208367680.00
2017/12/27,23.21,23.44,22.98,23.15,6434213,154465552.00
2017/12/28,22.96,23.40,22.96,23.20,6418950,154289760.00
2017/12/29,23.22,23.35,22.85,23.10,7222316,172177472.00
2018/01/02,23.26,23.60,22.91,23.59,9529318,230218224.00
2018/01/03,23.56,23.87,23.40,23.60,9386502,229498992.00
2018/01/04,23.55,23.88,23.37,23.82,8441771,206080848.00
2018/01/05,23.80,24.73,23.70,24.61,18768715,472599776.00
2018/01/08,24.99,26.50,24.99,26.15,40478534,1086069120.00
2018/01/09,25.72,26.25,25.70,25.88,18684272,500885600.00
2018/01/10,25.90,25.90,25.29,25.53,14918151,394049120.00
2018/01/11,25.48,25.88,25.32,25.66,11864342,313530720.00
2018/01/12,25.49,26.26,25.49,26.09,18242681,490250816.00
2018/01/15,26.08,26.23,24.70,25.10,18159414,478135840.00
2018/01/16,25.25,26.49,25.25,26.17,25373703,682636096.00
2018/01/17,26.10,26.48,25.90,26.13,22926126,619832768.00
2018/01/18,26.00,26.40,25.78,26.03,13142501,353665920.00
2018/01/19,25.85,25.99,25.07,25.16,16964969,445047616.00
2018/01/22,25.23,26.18,25.18,26.04,15938535,423057696.00
2018/01/23,26.10,26.70,25.84,26.48,27555568,749182656.00
2018/01/24,26.46,26.69,26.02,26.50,20159200,549062656.00
2018/01/25,26.50,26.68,26.20,26.42,18713378,510616288.00
2018/01/26,26.50,26.55,25.72,26.09,17191148,461426144.00
2018/01/29,26.13,26.27,25.71,25.82,11852313,316936096.00
2018/01/30,25.98,26.08,24.78,24.90,16918735,440886240.00
2018/01/31,24.89,25.09,23.94,24.05,18032801,454824320.00
2018/02/01,24.23,24.49,23.40,23.71,16129780,397323392.00
2018/02/02,23.71,24.10,23.43,23.68,12169505,298874816.00
2018/02/05,23.45,24.08,23.32,23.80,10922553,268447904.00
2018/02/06,23.23,23.65,21.70,21.81,22935736,538794304.00
2018/02/07,22.22,22.38,21.42,21.73,16367621,372640032.00
2018/02/08,21.80,22.47,21.35,21.94,10919563,249189984.00
2018/02/09,21.40,22.20,21.15,21.15,13059115,290634240.00
2018/02/12,21.40,21.59,21.21,21.44,8556530,190125168.00
2018/02/13,21.54,22.00,21.54,21.66,7639877,172125312.00
2018/02/14,21.75,22.30,21.51,22.27,5926882,134624512.00
2018/02/22,22.31,22.40,21.85,22.08,11543830,263395776.00
2018/02/23,22.01,22.18,21.83,21.98,5968660,135840416.00
2018/02/26,22.02,22.14,21.64,22.03,13245436,300670176.00
2018/02/27,22.07,22.16,21.26,21.30,17803245,399083040.00
2018/02/28,21.26,21.75,20.96,21.45,12836217,284156224.00
2018/03/01,21.37,21.64,21.25,21.52,8105640,180700352.00
2018/03/02,21.49,21.79,21.32,21.38,10012130,223223424.00
2018/03/05,21.45,21.55,20.95,21.11,10049786,220616736.00
2018/03/06,21.05,21.23,20.92,21.19,10078877,220411280.00
2018/03/07,21.23,21.24,20.97,20.98,7410565,161995344.00
2018/03/08,20.95,21.13,20.93,20.96,7118733,155170128.00
2018/03/09,21.00,21.78,20.95,21.73,16840729,373646944.00
2018/03/12,21.71,21.87,21.47,21.56,15623316,350260448.00
2018/03/13,21.56,21.98,21.51,21.79,16206077,366063328.00
2018/03/14,21.70,21.81,21.34,21.47,10841899,242068016.00
2018/03/15,21.38,21.50,20.81,20.93,14539960,317559712.00
2018/03/16,20.93,21.06,20.82,20.82,6071660,132014088.00
2018/03/19,20.78,20.78,19.78,20.12,14268241,301066144.00
2018/03/20,20.05,20.53,19.71,20.44,12004349,250930368.00
2018/03/21,20.33,20.53,20.10,20.14,7916983,167514720.00
2018/03/22,19.97,20.26,19.95,19.98,5745429,120024320.00
2018/03/23,19.91,21.57,19.72,20.74,39945988,866035648.00
2018/03/26,20.69,20.69,18.82,19.91,22897171,469960032.00
2018/03/27,19.78,20.45,19.49,20.31,18228328,377041376.00
2018/03/28,20.05,20.55,19.93,20.12,13603900,286113888.00
2018/03/29,20.15,20.48,19.91,20.33,10881286,229692272.00
2018/03/30,20.34,20.40,19.90,20.06,16127469,335865824.00
2018/04/02,20.79,20.90,20.33,20.79,23038351,493745248.00
2018/04/03,20.79,21.79,20.69,21.09,35777140,792919168.00
2018/04/04,21.22,21.42,20.75,21.30,20225238,444248256.00
2018/04/09,21.20,21.22,20.61,20.74,15522978,335909664.00
2018/04/10,20.74,20.77,20.30,20.64,11296771,241012880.00
2018/04/11,20.65,20.97,20.46,20.82,13652890,293903520.00
2018/04/12,20.78,20.97,20.35,20.40,10181050,218888080.00
2018/04/13,20.44,20.64,20.20,20.24,8004711,169541760.00
2018/04/16,20.20,20.20,19.53,19.84,11795248,243431824.00
2018/04/17,19.81,20.40,19.72,20.00,9926237,206903152.00
2018/04/18,20.09,20.38,19.70,20.21,10892968,228033776.00
2018/04/19,20.15,20.45,20.02,20.36,9578399,201938160.00
2018/04/20,20.36,20.72,20.29,20.60,13263966,283613152.00
2018/04/23,20.62,20.70,20.27,20.45,9685369,206179632.00
2018/04/24,20.45,20.55,20.25,20.44,8224070,174511312.00
2018/04/25,20.43,20.95,20.11,20.13,8387427,177550112.00
2018/04/26,20.14,20.29,19.62,19.87,9043038,187028848.00
2018/04/27,19.90,20.02,19.76,19.93,5376566,111335504.00
2018/05/02,19.93,20.04,19.78,19.81,5177939,107095992.00
2018/05/03,19.81,20.49,19.79,20.45,14676565,310458784.00
2018/05/04,20.49,20.76,20.33,20.58,10352595,220306848.00
2018/05/07,20.59,20.71,20.36,20.70,9810009,210022288.00
2018/05/08,20.63,20.85,20.55,20.59,7156896,153726448.00
2018/05/09,20.63,20.85,20.62,20.71,8653697,186445408.00
2018/05/10,20.77,20.83,20.60,20.75,8433187,181742432.00
2018/05/11,20.80,21.41,20.71,21.20,16086270,351691136.00
2018/05/14,21.30,22.25,21.11,22.06,31108594,707240640.00
2018/05/15,21.96,22.76,21.95,22.40,23986085,557020800.00
2018/05/16,22.41,22.93,22.33,22.58,16156841,380033728.00
2018/05/17,22.48,23.36,22.44,23.19,20771415,495232384.00
2018/05/18,23.19,23.19,22.72,23.04,13849557,329349632.00
2018/05/21,22.32,23.15,22.22,22.97,19743687,467594240.00
2018/05/22,22.89,23.68,22.86,23.62,17638198,426327552.00
2018/05/23,23.62,24.00,22.91,22.93,18435949,448148960.00
2018/05/24,23.10,23.55,22.80,23.07,12555708,300877984.00
2018/05/25,23.10,23.75,23.09,23.53,21207051,516278432.00
2018/05/28,23.70,23.98,23.38,23.58,15950129,391584736.00
2018/05/29,23.50,23.90,22.99,23.15,12337994,299188928.00
2018/05/30,23.21,23.55,22.53,22.98,15459177,369598336.00
2018/05/31,22.91,23.80,22.32,23.20,18885253,452624128.00
2018/06/01,23.17,23.55,22.75,23.17,10315424,246217744.00
2018/06/04,23.00,23.33,22.72,22.76,9582524,227604992.00
2018/06/05,22.81,23.48,22.77,23.44,12659731,304615616.00
2018/06/06,23.43,23.80,23.20,23.72,13015146,316917696.00
2018/06/07,23.64,23.93,23.40,23.55,10706899,262174544.00
2018/06/08,23.35,23.53,22.16,22.59,13110387,308040128.00
2018/06/11,22.53,22.53,21.76,22.06,10483889,239286160.00
2018/06/12,22.00,22.62,22.00,22.43,7612442,176892800.00
2018/06/13,22.53,22.87,22.41,22.46,6509095,152492368.00
2018/06/14,22.47,22.78,22.02,22.06,6522578,150696880.00
2018/06/15,22.06,22.38,21.82,22.05,6273474,143605424.00
2018/06/19,22.22,22.74,21.80,21.88,24370061,557121216.00
2018/06/20,21.83,21.85,20.51,21.00,17580635,385780160.00
2018/06/21,20.90,21.30,20.61,20.65,8506604,184402080.00
2018/06/22,20.51,21.20,20.46,20.88,8259195,179399376.00
2018/06/25,21.08,21.14,20.36,20.42,6724750,144796928.00
2018/06/26,20.30,20.89,20.00,20.31,10294673,218540720.00
2018/06/27,20.44,20.85,20.26,20.46,10757132,230159760.00
2018/06/28,20.48,20.71,20.43,20.60,6872276,147042224.00
2018/06/29,20.77,21.42,20.61,21.22,9355866,204038480.00
2018/07/02,21.26,21.80,20.74,20.99,7341185,161414144.00
2018/07/03,21.20,21.49,20.86,21.07,8734980,191852816.00
2018/07/04,21.06,21.26,20.58,20.72,5703756,122896656.00
2018/07/05,20.79,21.08,20.25,20.70,6825071,145199328.00
2018/07/06,20.60,21.44,20.48,21.25,9681766,211361296.00
2018/07/09,21.40,22.43,21.25,22.18,15569946,356953344.00
2018/07/10,22.13,22.48,21.91,22.32,7912038,182488464.00
2018/07/11,21.81,22.40,21.62,22.19,10574898,241963408.00
2018/07/12,22.20,22.54,22.01,22.25,11051822,254624064.00
2018/07/13,22.25,22.43,21.80,22.01,7184710,163901008.00
2018/07/16,22.11,22.15,21.61,21.87,6135866,138575648.00
2018/07/17,21.87,22.04,21.42,22.01,9065191,204852096.00
2018/07/18,22.04,22.08,21.58,21.61,6817031,154229344.00
2018/07/19,21.60,21.73,21.30,21.50,6327545,140823072.00
2018/07/20,21.39,21.99,21.39,21.87,8111492,183266928.00
2018/07/23,22.00,22.72,21.98,22.70,16860335,392521152.00
2018/07/24,22.60,22.82,22.40,22.53,8846837,206771520.00
2018/07/25,22.53,22.60,22.26,22.46,6050252,140286112.00
2018/07/26,22.43,22.73,22.35,22.48,11527800,269711200.00
2018/07/27,22.41,22.65,22.22,22.23,7393029,171745568.00
2018/07/30,22.23,22.40,22.00,22.08,6821374,156474656.00
2018/07/31,22.11,22.80,22.01,22.72,14218939,331934272.00
2018/08/01,22.78,22.87,22.25,22.27,9084351,211467040.00
2018/08/02,22.16,22.57,21.70,21.79,16582797,379301952.00
2018/08/03,22.15,23.06,22.00,22.04,25775555,602399552.00
2018/08/06,21.33,21.79,20.58,20.67,24652290,539102848.00
2018/08/07,20.66,21.17,20.40,20.89,10597275,229734144.00
2018/08/08,20.86,21.15,20.76,20.90,9403692,204932976.00
2018/08/09,20.99,21.39,20.94,21.16,13797191,303731776.00
2018/08/10,21.30,21.96,21.30,21.66,13315110,299631392.00
2018/08/13,21.70,22.00,21.53,21.76,9234990,208250896.00
2018/08/14,21.80,21.93,21.61,21.78,6033523,136304704.00
2018/08/15,21.76,22.14,21.57,21.80,11532258,261218496.00
2018/08/16,21.55,21.80,20.20,20.38,18479276,402376288.00
2018/08/17,20.45,20.56,19.98,20.34,14530745,305387648.00
2018/08/20,19.60,20.00,19.12,19.20,24927738,502314528.00
2018/08/21,19.26,19.79,19.26,19.50,10991925,223747760.00
2018/08/22,19.57,20.02,19.37,19.79,9290881,191154768.00
2018/08/23,19.78,20.12,19.21,19.43,15456616,315171040.00
2018/08/24,19.37,19.87,19.16,19.74,10543701,213515472.00
2018/08/27,19.71,20.22,19.55,20.09,11482189,238719952.00
2018/08/28,20.15,20.30,19.81,20.02,7854241,163078016.00
2018/08/29,20.04,20.30,19.90,19.98,6079150,126986352.00
2018/08/30,20.04,20.20,19.85,20.12,6630435,138193120.00
2018/08/31,19.88,20.08,19.70,19.81,6309544,130205224.00
2018/09/03,19.80,20.06,19.70,19.88,5710614,118357368.00
2018/09/04,19.96,20.06,19.81,19.96,6743252,139977328.00
2018/09/05,20.05,20.20,19.86,19.90,4789924,99742848.00
2018/09/06,19.85,20.35,19.80,20.18,10461185,219173472.00
2018/09/07,20.14,20.88,20.09,20.79,14214570,305057344.00
2018/09/10,20.90,21.40,20.90,21.13,16793960,368959008.00
2018/09/11,21.02,21.58,20.98,21.31,12196151,270043040.00
2018/09/12,21.20,21.75,21.02,21.10,10502819,232753152.00
2018/09/13,21.36,21.46,21.05,21.26,8865259,196002880.00
2018/09/14,21.46,21.62,20.80,20.99,8588889,189141552.00
2018/09/17,21.04,21.47,20.94,21.17,12443193,274665312.00
2018/09/18,21.20,21.68,21.16,21.51,11273366,251237152.00
2018/09/19,21.65,21.65,21.25,21.47,9900243,220038864.00
2018/09/20,21.47,21.50,21.21,21.41,4886901,108384184.00
2018/09/21,21.43,21.80,21.35,21.63,8665224,194162096.00
2018/09/25,21.64,22.55,21.64,22.28,16264726,374664064.00
2018/09/26,22.21,23.24,22.21,22.98,26607815,629668480.00
2018/09/27,22.92,22.97,22.54,22.79,11231953,264074992.00
2018/09/28,22.87,22.89,22.33,22.42,10233069,238737216.00
2018/10/08,22.06,22.72,22.02,22.29,13691360,319189312.00
2018/10/09,22.54,22.80,22.35,22.52,14109233,330489376.00
2018/10/10,22.50,23.44,22.50,23.29,21771285,522413504.00
2018/10/11,22.71,23.59,22.58,23.07,21715783,518044832.00
2018/10/12,22.80,23.45,22.80,23.33,20514112,495068064.00
2018/10/15,23.32,23.60,23.20,23.50,13329256,324222272.00
2018/10/16,23.40,23.41,22.11,22.62,20673301,485448832.00
2018/10/17,22.49,23.55,22.26,23.26,16483102,393109376.00
2018/10/18,23.15,23.50,22.80,22.80,9899888,236157776.00
2018/10/19,22.72,23.28,22.46,23.19,15253741,365406624.00
2018/10/22,23.70,23.89,23.20,23.40,26008075,635764160.00
2018/10/23,23.39,23.90,23.22,23.61,16762331,409985376.00
2018/10/24,23.50,24.34,23.37,24.28,26190957,652831296.00
2018/10/25,23.90,24.37,23.58,24.21,15755350,394534112.00
2018/10/26,24.18,24.95,24.10,24.46,23281837,591211392.00
2018/10/29,24.40,24.58,23.80,24.41,18554607,467642880.00
2018/10/30,24.20,24.35,22.53,23.20,23867956,582205760.00
2018/10/31,23.50,24.25,23.24,23.89,18497984,457149280.00
2018/11/01,23.71,24.19,23.51,23.64,14017651,344365856.00
2018/11/02,24.40,24.40,23.48,24.10,17756895,441284288.00
2018/11/05,24.24,24.50,23.90,24.25,12533451,313632960.00
2018/11/06,24.21,24.38,23.65,24.37,12735007,317384928.00
2018/11/07,24.40,24.40,23.90,24.17,10118735,252526640.00
2018/11/08,24.18,24.27,23.92,24.04,6720023,167536672.00
2018/11/09,23.99,24.20,22.95,23.03,14634403,353172224.00
2018/11/12,22.89,23.64,22.61,23.33,13700850,327243520.00
2018/11/13,23.45,24.21,23.22,24.19,19197417,474796224.00
2018/11/14,24.19,24.38,23.95,24.15,9923266,248005776.00
2018/11/15,24.14,24.50,23.97,24.13,8565935,214679616.00
2018/11/16,24.08,24.20,23.88,24.10,9074630,225747280.00
2018/11/19,24.01,24.18,23.67,23.72,9641482,237870240.00
2018/11/20,23.72,23.84,23.10,23.29,11246567,271227040.00
2018/11/21,23.49,23.78,22.97,23.36,8230032,197780928.00
2018/11/22,23.29,23.45,22.81,23.02,7881533,187761616.00
2018/11/23,23.12,23.50,22.78,23.36,8769810,211128288.00
2018/11/26,23.48,23.87,22.90,23.63,9763342,237432832.00
2018/11/27,23.73,23.81,23.28,23.45,6562075,159314560.00
2018/11/28,23.38,24.20,23.38,24.13,10467876,258878144.00
2018/11/29,24.20,24.79,24.14,24.55,20900964,531236672.00
2018/11/30,24.52,25.08,24.30,24.77,14177435,361946016.00
2018/12/03,24.65,25.45,24.45,25.30,22141815,575448832.00
2018/12/04,25.40,25.55,25.02,25.25,11529449,301043520.00
2018/12/05,25.27,26.20,25.16,26.15,29540083,787216512.00
2018/12/06,26.10,26.38,25.42,25.89,13361094,356206816.00
2018/12/07,25.65,26.00,24.46,25.48,18491421,478898240.00
2018/12/10,25.21,25.95,25.20,25.65,11464823,304513600.00
2018/12/11,25.72,25.85,25.02,25.21,11071011,288934464.00
2018/12/12,25.26,25.64,25.23,25.50,8471668,222511088.00
2018/12/13,25.15,25.15,23.90,24.74,29856285,758496320.00
2018/12/14,24.85,24.89,24.23,24.31,13737168,346522080.00
2018/12/17,24.24,24.58,23.86,24.32,13511439,338094400.00
2018/12/18,24.32,24.91,24.08,24.48,10653904,270417952.00
2018/12/19,24.52,24.72,24.10,24.11,8348206,210489584.00
2018/12/20,24.15,25.15,23.90,25.07,18771393,477491808.00
2018/12/21,25.07,25.18,24.76,24.97,12017668,310046304.00
2018/12/24,24.79,25.56,24.70,25.36,15246532,396967520.00
2018/12/25,25.25,25.76,25.13,25.28,14313279,375768224.00
2018/12/26,25.28,25.74,25.20,25.34,12454879,326908512.00
2018/12/27,25.56,25.65,24.85,25.08,12403607,322245952.00
2018/12/28,24.70,25.40,24.31,25.38,16428306,420920160.00
2019/01/02,25.35,25.58,25.18,25.35,13789448,360776288.00
2019/01/03,25.20,26.00,25.16,25.90,19643078,522669600.00
2019/01/04,25.80,26.28,25.60,26.27,28055505,756173440.00
2019/01/07,26.30,27.19,26.29,26.97,32878447,906574272.00
2019/01/08,26.52,27.09,26.41,26.55,17795696,488479520.00
2019/01/09,26.61,27.38,26.59,26.76,23233189,648223040.00
2019/01/10,26.69,27.25,26.31,27.07,15812655,438417888.00
2019/01/11,26.73,27.30,26.73,27.01,11437700,319383712.00
2019/01/14,27.05,27.59,27.05,27.28,24039601,678542080.00
2019/01/15,27.19,27.30,26.40,26.92,16700433,462907808.00
2019/01/16,27.00,27.50,26.70,26.84,14780079,412444032.00
2019/01/17,27.00,27.27,26.78,26.85,11293109,314262112.00
2019/01/18,27.15,27.40,26.70,27.32,19534713,545731520.00
2019/01/21,27.36,27.53,26.70,26.71,22542942,627862592.00
2019/01/22,26.70,26.80,25.98,26.02,26977796,729523904.00
2019/01/23,26.19,26.70,25.94,26.40,17528712,474633664.00
2019/01/24,26.45,27.08,26.40,26.84,16064779,444485536.00
2019/01/25,27.16,27.27,26.72,26.80,16314740,453708288.00
2019/01/28,26.85,27.18,26.58,27.10,14703652,409447328.00
2019/01/29,27.00,27.30,26.92,27.20,16299950,456522784.00
2019/01/30,27.13,27.38,26.75,27.24,12922592,361238976.00
2019/01/31,27.30,27.45,27.06,27.06,12080689,338657472.00
2019/02/01,27.06,27.42,27.00,27.35,15970081,449227360.00
2019/02/11,27.40,29.82,27.40,29.20,48579931,1448480128.00
2019/02/12,29.30,29.79,29.14,29.68,26761543,813673792.00
2019/02/13,29.68,30.01,29.30,29.76,22414584,685456192.00
2019/02/14,29.76,29.97,29.34,29.43,14752861,447165408.00
2019/02/15,29.61,31.20,29.38,30.65,38822052,1212389632.00
2019/02/18,30.54,31.70,30.54,31.50,31295723,1004192000.00
2019/02/19,31.49,31.90,30.70,31.02,27729086,887969664.00
2019/02/20,31.47,33.10,31.24,32.18,31184866,1025800000.00
2019/02/21,32.20,34.05,31.81,32.60,43684576,1472178048.00
2019/02/22,32.20,33.22,31.44,32.30,34347424,1135759872.00
2019/02/25,32.19,32.68,31.00,31.48,56564020,1829181824.00
2019/02/26,31.50,33.13,30.72,32.96,62695564,2057891584.00
2019/02/27,32.90,32.98,31.21,31.71,42860204,1409622144.00
2019/02/28,31.22,32.38,30.33,30.97,43153993,1384185984.00
2019/03/01,31.88,32.40,30.97,32.20,43869077,1438310272.00
2019/03/04,33.40,35.50,33.40,35.50,82268689,2900198144.00
2019/03/05,35.80,38.46,35.80,37.70,68380280,2599235328.00
2019/03/06,36.68,38.70,36.40,38.08,47907095,1845225600.00
2019/03/07,38.40,39.12,37.04,37.19,37287256,1439223424.00
2019/03/08,36.75,39.52,36.50,38.74,67380248,2651326464.00
2019/03/11,39.81,40.58,37.86,40.40,55698150,2260365824.00
2019/03/12,39.61,44.52,39.50,44.52,67603685,2945464832.00
2019/03/13,44.58,44.75,39.99,39.99,80328394,3415910912.00
2019/03/14,38.99,39.69,35.91,36.43,83281303,3172607488.00
2019/03/15,37.80,38.49,36.90,37.60,54734435,2115311616.00
2019/03/18,38.65,40.48,37.88,40.00,47340364,1896970752.00
2019/03/19,40.20,40.65,38.72,39.90,32542520,1321769472.00
2019/03/20,38.97,39.70,36.21,37.62,55665777,2125212800.00
2019/03/21,37.20,38.40,36.78,37.93,34742492,1332260352.00
2019/03/22,38.09,38.10,35.34,36.78,45680823,1702712064.00
2019/03/25,35.75,37.21,35.53,36.87,26988253,1010224960.00
2019/03/26,37.57,38.34,36.88,37.09,33094559,1270986496.00
2019/03/27,36.70,37.75,35.89,37.04,26581911,1006175296.00
2019/03/28,36.95,38.31,36.77,37.67,34332433,1321765632.00
2019/03/29,37.59,40.20,37.41,39.80,44776029,1803875712.00
2019/04/01,40.36,42.98,40.36,42.20,41387572,1775660672.00
2019/04/02,42.93,43.11,40.00,40.65,37456459,1568491264.00
2019/04/03,40.32,40.63,39.51,40.41,25183343,1029143552.00
2019/04/04,40.71,42.14,39.90,41.80,38203055,1602025472.00
2019/04/08,42.15,42.51,39.95,40.48,40867741,1708226816.00
2019/04/09,40.30,40.30,38.56,39.36,28124462,1131296768.00
2019/04/10,38.96,40.29,38.56,39.30,26155554,1051603520.00
2019/04/11,39.20,40.18,38.85,39.49,26935662,1087419008.00
2019/04/12,39.69,41.20,39.00,39.93,33404100,1371227136.00
2019/04/15,40.43,41.00,38.70,38.70,35461592,1435601536.00
2019/04/16,38.20,38.20,35.76,37.13,58243673,2185298688.00
2019/04/17,37.22,39.85,36.91,39.59,54770479,2162571008.00
2019/04/18,39.13,40.68,38.62,38.76,27332779,1098185472.00
2019/04/19,38.50,39.31,38.13,38.50,14927625,586614528.00
2019/04/22,38.85,40.47,38.81,39.91,42433666,1727729792.00
2019/04/23,39.90,40.98,39.26,40.06,41928525,1723922944.00
2019/04/24,40.65,41.60,39.83,41.28,47792259,1997634432.00
2019/04/25,40.82,43.66,40.78,41.57,70915936,3071906560.00
2019/04/26,41.30,41.50,38.50,39.92,38755912,1583370112.00
2019/04/29,39.93,40.71,38.50,38.80,31485180,1270050304.00
2019/04/30,38.60,41.00,38.40,40.41,31233719,1276869248.00
2019/05/06,38.67,40.20,36.51,36.95,49151547,1912315136.00
2019/05/07,37.57,38.40,34.98,36.58,38257058,1445210112.00
2019/05/08,35.38,35.72,33.09,33.84,49413706,1749028224.00
2019/05/09,33.90,34.97,33.66,34.57,33482580,1179444992.00
2019/05/10,35.09,36.53,34.32,36.08,32212707,1178216960.00
2019/05/13,35.45,35.84,34.55,35.00,21281453,764346496.00
2019/05/14,34.99,35.60,34.30,34.64,27010375,964865152.00
2019/05/15,34.90,36.00,34.75,35.67,23319645,845541248.00
2019/05/16,35.89,36.70,35.60,35.70,19073392,703467776.00
2019/05/17,36.09,36.44,34.63,34.77,30951645,1123484928.00
2019/05/20,35.10,35.10,32.56,33.20,32550062,1110982272.00
2019/05/21,33.31,34.73,33.24,34.36,28936021,1015615936.00
2019/05/22,34.20,34.76,33.90,34.34,19313139,679274240.00
2019/05/23,34.40,34.62,33.55,33.60,19387160,674095040.00
2019/05/24,34.18,34.70,31.90,32.90,39813801,1347190144.00
2019/05/27,33.23,35.33,33.23,35.05,39049355,1374273536.00
2019/05/28,35.90,37.58,35.90,37.58,59218944,2218307584.00
2019/05/29,36.98,37.70,36.46,37.49,27802432,1057808000.00
2019/05/30,38.30,38.98,37.28,38.59,35176715,1374371456.00
2019/05/31,39.05,39.30,37.35,39.10,35007270,1367602560.00
2019/06/03,39.83,40.50,38.50,38.86,35398734,1410125696.00
2019/06/04,38.80,40.20,37.95,38.65,34073391,1325570688.00
2019/06/05,39.05,39.23,37.55,38.68,29487284,1141250048.00
2019/06/06,38.66,38.67,36.20,36.79,38785483,1457376384.00
2019/06/10,37.25,37.25,35.90,36.97,24928905,922401088.00
2019/06/11,37.20,38.58,36.61,38.49,32571443,1239870080.00
2019/06/12,38.11,39.01,37.91,38.57,30646399,1188543488.00
2019/06/13,38.82,39.70,38.08,39.30,30007634,1177899648.00
2019/06/14,39.01,40.08,38.78,38.96,60501520,2403834112.00
2019/06/17,38.72,39.17,36.70,37.31,39173451,1489789696.00
2019/06/18,37.39,38.46,37.39,38.35,24564462,940309184.00
2019/06/19,39.70,39.70,37.43,37.77,35370592,1368300672.00
2019/06/20,37.71,37.90,36.73,37.74,32468116,1221755008.00
2019/06/21,38.60,38.60,36.81,37.00,33334606,1252267776.00
2019/06/24,36.68,37.06,35.71,36.59,29206429,1069715840.00
2019/06/25,36.40,36.46,35.69,35.78,20638087,748121088.00
2019/06/26,35.69,36.09,35.37,35.52,17889624,642747584.00
2019/06/27,35.65,36.08,34.99,35.71,19890412,713863680.00
2019/06/28,35.68,35.80,35.39,35.56,13222169,474507136.00
2019/07/01,36.00,36.73,35.48,36.56,24916231,907823168.00
2019/07/02,36.45,37.38,36.35,36.62,31622702,1177091456.00
2019/07/03,36.44,36.48,34.40,34.82,50783838,1794860544.00
2019/07/04,34.91,35.24,34.50,34.63,21682875,761698048.00
2019/07/05,34.90,36.80,34.90,36.58,43495763,1578748800.00
2019/07/08,37.28,37.58,36.36,37.04,42819757,1602014592.00
2019/07/09,37.07,38.43,36.37,37.95,45732420,1734132992.00
2019/07/10,37.91,38.60,37.48,37.87,24728551,948044416.00
2019/07/11,38.24,38.30,37.50,37.91,19377621,740130240.00
2019/07/12,38.11,38.70,37.70,38.25,25906699,997254080.00
2019/07/15,38.50,40.25,37.72,39.84,41616975,1646348928.00
2019/07/16,39.90,40.35,39.35,39.88,29928774,1204958336.00
2019/07/17,39.88,41.35,39.48,39.97,39003704,1586386432.00
2019/07/18,39.74,40.17,39.30,39.50,21473448,859910336.00
2019/07/19,39.71,40.80,39.70,40.55,23787570,965863488.00
2019/07/22,40.50,40.96,39.40,39.61,26627600,1074327936.00
2019/07/23,39.70,40.00,39.21,39.65,15174168,605001152.00
2019/07/24,39.76,39.99,39.30,39.80,16995396,680039936.00
2019/07/25,39.70,40.32,39.45,40.27,17738118,714235584.00
2019/07/26,40.15,40.18,38.40,39.15,44634456,1757800320.00
2019/07/29,39.03,40.35,38.43,40.18,33500393,1336463872.00
2019/07/30,40.15,40.66,39.58,40.01,22961372,928970048.00
2019/07/31,39.74,40.65,39.60,40.17,25363422,1024198400.00
2019/08/01,39.94,41.87,39.90,41.68,44838986,1872131328.00
2019/08/02,41.10,42.20,41.08,41.83,30967915,1296344192.00
2019/08/05,42.15,42.90,41.58,42.42,34611712,1477665536.00
2019/08/06,41.45,42.64,40.75,42.22,29183991,1231167744.00
2019/08/07,42.85,43.40,41.43,41.50,29721026,1270125056.00
2019/08/08,42.15,42.76,41.44,42.46,22893717,972412096.00
2019/08/09,42.67,42.71,40.74,40.89,33366354,1396337280.00
2019/08/12,41.10,41.87,40.00,41.39,33687960,1389418496.00
2019/08/13,41.09,41.35,40.05,40.19,29670699,1211415424.00
2019/08/14,40.65,40.65,39.61,39.75,30344158,1220181120.00
2019/08/15,39.45,40.14,39.40,39.95,20126695,807243264.00
2019/08/16,39.92,41.08,39.73,40.17,27886515,1135206528.00
2019/08/19,40.50,40.51,37.52,39.28,62221891,2431129856.00
2019/08/20,38.91,39.50,38.70,39.16,23794481,938407552.00
2019/08/21,40.15,40.39,39.25,39.55,29739110,1189926016.00
2019/08/22,39.85,40.14,38.92,39.86,25538242,1021059072.00
2019/08/23,39.80,40.10,39.10,39.28,19520698,777275200.00
2019/08/26,39.04,39.78,38.81,39.04,28203651,1112501632.00
2019/08/27,39.46,41.04,39.46,40.38,53294914,2165708032.00
2019/08/28,40.53,42.13,40.11,41.69,40131960,1667507840.00
2019/08/29,41.60,41.98,40.98,41.51,22155263,924244416.00
2019/08/30,41.48,41.94,40.77,41.19,21036646,873741312.00
2019/09/02,41.19,41.29,39.98,40.75,27037784,1106945408.00
2019/09/03,40.94,41.98,40.82,41.00,30458268,1267153920.00
2019/09/04,40.95,41.66,40.60,41.45,31514107,1305963264.00
2019/09/05,41.67,41.80,41.10,41.56,27284942,1137554048.00
2019/09/06,41.50,41.50,39.45,40.03,52659346,2125286912.00
2019/09/09,39.15,39.26,37.76,38.67,65024831,2518771456.00
2019/09/10,38.70,39.34,38.42,38.94,30875772,1210686464.00
2019/09/11,38.54,38.71,37.81,38.08,42480820,1633019520.00
2019/09/12,38.36,38.39,37.60,38.03,19290712,737935808.00
2019/09/16,38.20,38.43,37.70,38.15,19301101,740629632.00
2019/09/17,38.25,38.50,37.80,37.99,17409459,668858304.00
2019/09/18,38.08,38.27,37.70,38.04,13726644,526549120.00
2019/09/19,38.07,38.40,37.40,38.34,24559983,941331776.00
2019/09/20,38.36,38.68,38.11,38.36,16203666,627574208.00
2019/09/23,38.36,38.70,37.47,37.90,21607420,824868416.00
2019/09/24,37.80,38.00,36.70,36.91,30878486,1151576448.00
2019/09/25,36.71,37.46,36.61,37.14,12774013,477483712.00
2019/09/26,37.33,37.35,34.56,34.60,53627350,1910292352.00
2019/09/27,34.95,36.79,34.65,36.40,33961162,1232044416.00
2019/09/30,36.52,37.10,36.31,36.88,18901274,700785920.00
2019/10/08,37.70,37.82,37.05,37.67,23823374,901480448.00
2019/10/09,37.70,37.95,36.90,37.35,14048878,527987200.00
2019/10/10,37.80,38.70,37.60,38.55,32726887,1260734848.00
2019/10/11,38.50,38.99,38.13,38.30,19411554,746074176.00
2019/10/14,37.72,38.24,36.86,37.60,24168291,906439680.00
2019/10/15,37.60,38.05,37.10,37.50,14778286,553429440.00
2019/10/16,37.59,37.60,36.90,37.05,13903080,516009568.00
2019/10/17,36.99,37.20,36.48,36.80,13654330,501302976.00
2019/10/18,36.92,37.38,36.50,36.80,18144761,670997184.00
2019/10/21,37.10,38.76,37.09,38.45,35867337,1372738560.00
2019/10/22,38.70,38.70,37.72,38.53,22380051,858018624.00
2019/10/23,38.85,39.63,38.58,38.70,34319025,1341059456.00
2019/10/24,38.85,39.85,38.60,39.70,39026060,1538272000.00
2019/10/25,39.99,41.20,39.60,41.03,53928840,2192261376.00
2019/10/28,40.11,41.70,40.00,40.57,39307657,1598599552.00
2019/10/29,40.73,42.00,40.40,41.35,42569674,1767338752.00
2019/10/30,41.58,42.38,40.51,41.50,27999002,1158084736.00
2019/10/31,42.00,42.00,39.92,40.28,35615083,1446887168.00
2019/11/01,39.80,40.35,38.88,39.98,30584258,1216748032.00
数据来源:通达信
