300602 飞荣达 日线 前复权
      日期	    开盘	    最高	    最低	    收盘	    成交量	    成交额
2017/01/26,5.79,6.98,5.79,6.98,9200,191522.00
2017/02/03,7.69,7.69,7.69,7.69,3019,70855.93
2017/02/06,8.47,8.47,8.47,8.47,4400,113608.00
2017/02/07,9.33,9.33,9.33,9.33,4461,126692.40
2017/02/08,10.28,10.28,10.28,10.28,6415,200404.59
2017/02/09,11.32,11.32,11.32,11.32,7254,249247.44
2017/02/10,12.47,12.47,12.47,12.47,15200,574560.00
2017/02/13,13.73,13.73,13.73,13.73,26222,1090310.75
2017/02/14,15.11,15.11,15.11,15.11,29700,1358478.00
2017/02/15,16.64,16.64,16.64,16.64,39061,1965158.88
2017/02/16,18.31,18.31,18.31,18.31,178057,9853674.00
2017/02/17,20.16,20.16,19.03,19.39,14902819,887017280.00
2017/02/20,18.53,18.53,17.44,17.44,9276712,496388416.00
2017/02/21,17.41,18.12,17.08,17.59,7083900,377645696.00
2017/02/22,17.44,17.83,16.97,17.82,6257716,330662560.00
2017/02/23,18.20,19.62,18.20,19.62,10407313,602469696.00
2017/02/24,19.62,19.86,19.05,19.44,7711223,451982208.00
2017/02/27,19.21,20.06,19.21,19.48,6293524,373437376.00
2017/02/28,19.31,20.40,18.80,20.17,7099826,418720384.00
2017/03/01,19.93,20.36,19.43,19.47,5745613,345539584.00
2017/03/02,19.57,20.15,19.38,19.53,5270310,314504256.00
2017/03/03,19.20,19.60,19.11,19.44,3588376,209865984.00
2017/03/06,19.57,20.80,19.54,20.50,6575181,400227488.00
2017/03/07,20.40,20.65,20.04,20.57,5244990,322328224.00
2017/03/08,20.47,20.86,20.13,20.62,4630512,286565600.00
2017/03/09,20.58,20.59,19.97,20.33,3621487,221404800.00
2017/03/10,20.23,20.37,19.93,19.99,2758044,167803792.00
2017/03/13,19.80,20.33,19.43,20.28,3360798,201821552.00
2017/03/14,20.20,20.86,20.13,20.37,3923928,242916000.00
2017/03/15,20.27,21.13,20.03,20.80,5000842,312053280.00
2017/03/16,20.87,21.78,20.74,21.58,5374262,346171872.00
2017/03/17,21.53,21.96,20.53,20.69,5013598,321848544.00
2017/03/20,20.80,22.38,20.70,22.30,5585535,365311968.00
2017/03/21,22.20,22.64,21.85,22.43,4703400,315568736.00
2017/03/22,22.09,22.86,22.03,22.55,4430609,300429152.00
2017/03/23,22.53,23.13,21.87,22.73,5361894,365491776.00
2017/03/24,22.54,23.77,22.54,23.42,4667192,328359136.00
2017/03/27,23.53,24.99,23.16,24.26,5435543,393524256.00
2017/03/28,24.20,24.63,23.37,23.50,4566595,329122752.00
2017/03/29,23.28,23.37,21.70,21.80,5502857,373433408.00
2017/03/30,21.53,22.19,21.40,21.71,3578282,235933936.00
2017/03/31,21.87,22.14,19.53,19.93,6633994,411949856.00
2017/04/05,19.67,20.35,18.91,20.20,3506440,209165024.00
2017/04/06,18.53,19.38,18.22,18.94,6910188,392719200.00
2017/04/07,18.72,18.93,17.84,17.93,4884128,271321632.00
2017/04/10,17.73,17.92,17.21,17.63,4015083,212210944.00
2017/04/11,17.53,17.86,17.16,17.86,3251575,172540240.00
2017/04/12,17.70,17.85,17.17,17.20,1988877,105183720.00
2017/04/13,17.13,17.33,16.88,16.89,2016552,104357816.00
2017/04/14,16.78,16.86,16.37,16.50,1863398,93536184.00
2017/04/17,15.93,15.95,14.97,15.25,2862856,133154864.00
2017/04/18,15.28,15.46,15.04,15.09,1111573,51294712.00
2017/04/19,15.06,15.56,15.02,15.51,1545684,71563024.00
2017/04/20,15.53,15.54,14.79,15.02,1639726,75340136.00
2017/04/21,15.07,15.30,14.90,15.02,873970,39973860.00
2017/04/24,15.00,15.18,14.71,14.98,1097813,49535036.00
2017/04/25,15.03,15.37,15.03,15.10,1096430,50356388.00
2017/04/26,15.10,15.42,15.04,15.24,1107084,51194464.00
2017/04/27,15.20,15.69,14.61,15.66,2632363,121248272.00
2017/04/28,15.54,15.64,15.40,15.52,1421699,66752048.00
2017/05/02,15.46,15.56,15.05,15.13,1425951,65775964.00
2017/05/03,15.10,15.26,14.94,15.26,1321711,60453132.00
2017/05/04,15.20,15.23,14.87,14.90,1117325,50869676.00
2017/05/05,14.84,16.40,14.83,16.40,4395937,211438704.00
2017/05/08,16.47,16.63,15.90,16.05,4369257,215604384.00
2017/05/09,16.10,16.31,15.74,16.15,2746409,133540584.00
2017/05/10,16.18,16.33,14.84,15.10,3303417,158333008.00
2017/05/11,14.75,15.53,14.59,15.51,3268072,147922448.00
2017/05/12,15.31,15.67,15.09,15.47,2067865,95986272.00
2017/05/15,15.42,16.32,15.33,15.68,2169737,103964592.00
2017/05/16,15.68,16.20,15.56,16.17,2712239,130566592.00
2017/05/17,16.60,17.80,16.55,16.88,4923207,256561472.00
2017/05/18,16.53,17.16,16.37,17.07,2988662,152032672.00
2017/05/19,16.97,17.71,16.85,16.85,3167234,165548160.00
2017/05/22,16.41,16.53,15.21,15.30,3064773,148270544.00
2017/05/23,15.07,15.45,14.38,14.45,2179114,98112896.00
2017/05/24,14.38,15.32,14.30,15.25,2297969,104562776.00
2017/05/25,15.06,15.80,14.70,15.62,1739521,80960864.00
2017/05/26,15.49,15.84,15.34,15.76,963330,45567004.00
2017/05/31,16.23,16.67,16.00,16.03,1541676,75865000.00
2017/06/01,15.90,16.40,15.30,15.30,1269614,60959308.00
2017/06/02,15.14,16.03,14.74,15.83,1508990,71078456.00
2017/06/05,15.98,16.65,15.82,16.48,1868016,91990160.00
2017/06/06,16.34,16.67,16.20,16.35,1028071,50938240.00
2017/06/07,16.38,17.23,16.24,17.19,2113406,108274592.00
2017/06/08,17.05,17.61,16.84,16.89,1977632,103083024.00
2017/06/09,16.91,17.12,16.29,16.78,1343376,67612256.00
2017/06/12,16.50,17.20,16.41,16.73,1429649,72705680.00
2017/06/13,16.52,17.30,16.52,17.24,1337154,68919576.00
2017/06/14,17.27,17.70,17.19,17.20,1246224,65657260.00
2017/06/15,17.10,17.62,17.07,17.36,996698,52469108.00
2017/06/16,17.28,17.48,16.95,17.21,764981,39550412.00
2017/06/19,17.17,17.23,16.37,16.65,1128182,56774800.00
2017/06/20,16.82,16.82,16.40,16.46,932357,46654632.00
2017/06/21,16.55,16.88,16.46,16.88,976547,49084000.00
2017/06/22,16.87,16.87,15.98,15.99,1126156,55677240.00
2017/06/23,15.94,16.13,15.44,15.96,870993,41510492.00
2017/06/26,15.62,16.18,15.62,16.17,671807,32224016.00
2017/06/27,16.17,16.25,15.86,15.98,457590,22204978.00
2017/06/28,15.90,15.90,15.51,15.62,544102,25719396.00
2017/06/29,15.62,15.72,15.42,15.47,482385,22682672.00
2017/06/30,15.47,15.76,15.41,15.66,428570,20182148.00
2017/07/03,15.63,16.39,15.54,16.25,802362,38729760.00
2017/07/04,16.09,16.30,16.02,16.15,354698,17299708.00
2017/07/05,16.15,16.41,16.07,16.30,412752,20259858.00
2017/07/06,16.25,16.38,15.92,16.17,474647,23181064.00
2017/07/07,16.18,16.75,16.18,16.58,940918,47113744.00
2017/07/10,16.46,16.56,15.73,15.90,865875,41929096.00
2017/07/11,15.95,15.95,15.50,15.57,717235,33857376.00
2017/07/12,15.57,15.88,15.43,15.83,366154,17323736.00
2017/07/13,15.89,15.90,15.47,15.50,332400,15640193.00
2017/07/14,14.68,15.18,14.41,15.13,1235650,55674504.00
2017/07/17,14.90,15.02,13.64,13.68,1353088,57956468.00
2017/07/18,13.68,14.16,13.61,13.70,398991,16586609.00
2017/07/19,13.64,13.76,13.43,13.70,535940,22056404.00
2017/07/20,13.73,13.97,13.68,13.70,436193,18263604.00
2017/07/21,13.69,13.84,13.42,13.48,382115,15662043.00
2017/07/24,13.48,13.84,13.27,13.81,521372,21598624.00
2017/07/25,13.81,13.95,13.73,13.84,287761,12018759.00
2017/07/26,13.88,13.97,13.74,13.85,294861,12320466.00
2017/07/27,13.85,14.68,13.85,14.59,1113288,48112940.00
2017/07/28,14.50,14.50,14.17,14.40,646300,27986060.00
2017/07/31,14.28,14.52,14.19,14.30,299108,12962341.00
2017/08/01,14.24,14.41,14.17,14.34,256100,11061766.00
2017/08/02,14.49,14.49,13.90,13.92,290690,12401503.00
2017/08/03,13.83,14.37,13.50,13.97,274341,11680362.00
2017/08/04,14.04,14.04,13.63,13.86,200422,8390590.00
2017/08/07,13.74,14.17,13.74,14.00,137200,5817340.00
2017/08/08,13.98,14.09,13.83,13.96,135944,5726855.50
2017/08/09,13.96,14.06,13.77,13.90,147563,6219609.00
2017/08/10,14.02,14.03,13.74,13.81,223900,9379428.00
2017/08/11,13.72,13.96,13.61,13.90,301102,12513029.00
2017/08/14,13.97,14.50,13.97,14.46,624830,27179634.00
2017/08/15,14.47,15.10,14.47,14.98,898713,40501992.00
2017/08/16,14.90,15.88,14.90,15.81,1273936,59454976.00
2017/08/17,16.07,16.53,15.73,15.81,1315658,63745136.00
2017/08/18,15.57,15.86,15.57,15.62,356600,16875874.00
2017/08/21,15.77,15.90,15.57,15.70,366157,17433904.00
2017/08/22,15.86,15.86,15.56,15.60,439255,20741298.00
2017/08/23,15.63,15.73,15.57,15.61,294900,13902446.00
2017/08/24,15.61,16.22,15.61,15.87,531000,25477362.00
2017/08/25,15.87,17.07,15.87,16.87,1391434,69807648.00
2017/08/28,16.87,17.29,16.78,16.92,1311472,67206256.00
2017/08/29,16.90,17.22,16.90,16.97,706665,36252880.00
2017/08/30,17.10,18.67,17.07,18.58,2541935,139734448.00
2017/08/31,18.61,19.07,18.23,18.73,2053492,114969936.00
2017/09/01,18.34,19.03,18.34,18.97,889628,50534796.00
2017/09/04,19.24,19.83,18.73,18.74,1111257,64595156.00
2017/09/05,18.76,20.12,18.33,19.90,1491890,86795048.00
2017/09/06,19.87,20.09,19.57,19.91,799269,47853428.00
2017/09/07,19.97,21.63,19.76,21.01,1322898,83041952.00
2017/09/08,21.02,22.01,20.90,21.53,1043820,67579056.00
2017/09/11,21.63,21.85,20.79,21.09,1089735,69485824.00
2017/09/12,21.23,21.27,20.28,20.56,1091576,68496248.00
2017/09/13,20.77,21.36,20.27,20.99,830550,52169236.00
2017/09/14,20.94,21.30,20.63,21.30,662361,41977476.00
2017/09/15,21.30,21.58,20.57,20.57,644805,40951940.00
2017/09/18,20.58,20.96,20.04,20.81,555419,34433812.00
2017/09/19,21.17,21.17,20.20,20.20,704484,43644756.00
2017/09/20,20.09,20.57,20.07,20.23,651100,39719744.00
2017/09/21,20.43,20.70,19.90,20.50,802105,49168196.00
2017/09/22,20.50,20.75,20.17,20.67,472845,29191496.00
2017/09/25,20.58,20.67,20.24,20.40,387101,23858262.00
2017/09/26,21.16,21.16,19.45,20.10,723032,43647236.00
2017/09/27,19.77,20.73,19.77,20.73,363600,22272068.00
2017/09/28,20.74,21.13,20.57,20.76,582100,36614880.00
2017/09/29,20.75,21.19,20.60,20.98,390823,24756142.00
2017/10/09,21.35,21.53,20.72,20.89,484323,30555618.00
2017/10/10,20.77,21.16,20.70,21.07,394062,24846388.00
2017/10/11,21.07,21.22,20.73,20.83,526859,33218426.00
2017/10/12,20.80,22.72,20.79,22.53,1256915,83476456.00
2017/10/13,22.56,22.90,22.17,22.61,751351,51151728.00
2017/10/16,22.47,22.86,21.57,22.15,834843,55930352.00
2017/10/17,21.97,22.56,21.77,22.36,497423,33410486.00
2017/10/18,22.38,22.69,22.03,22.10,488884,32741902.00
2017/10/19,22.13,22.50,21.98,22.08,450858,30134300.00
2017/10/20,22.28,23.82,21.60,23.33,850830,58991280.00
2017/10/23,23.15,24.13,23.15,23.63,541754,38612244.00
2017/10/24,23.50,23.87,23.41,23.55,359688,25513828.00
2017/10/25,23.69,24.71,23.53,24.20,642861,46700808.00
2017/10/26,24.20,24.56,23.96,24.19,396400,28949068.00
2017/10/27,24.26,24.37,22.57,22.85,945511,66514068.00
2017/10/30,22.95,24.10,22.95,23.36,680137,47929300.00
2017/10/31,23.29,23.49,22.74,23.20,397883,27814466.00
2017/11/01,23.17,24.03,23.00,23.56,538339,38213876.00
2017/11/02,23.63,23.70,22.96,23.22,479254,33561140.00
2017/11/03,23.07,23.29,22.75,22.79,533459,36951688.00
2017/11/06,23.02,23.36,22.48,22.86,526212,36183496.00
2017/11/07,22.86,22.86,21.47,21.79,1685647,111478368.00
2017/11/08,21.77,22.22,21.49,21.57,852395,56306084.00
2017/11/09,21.72,22.19,21.23,22.19,881400,57346596.00
2017/11/10,21.90,22.36,21.84,22.26,711500,47522264.00
2017/11/13,22.15,22.83,22.15,22.29,1109278,74916944.00
2017/11/14,22.17,22.56,22.10,22.33,692952,46470352.00
2017/11/15,22.24,22.49,21.34,21.65,596584,39344408.00
2017/11/16,21.82,21.86,21.24,21.59,396487,25639340.00
2017/11/17,21.44,22.17,21.10,21.56,614048,40105780.00
2017/11/20,20.98,21.56,20.32,21.24,672559,42651820.00
2017/11/21,21.11,21.28,20.47,21.17,484653,30676692.00
2017/11/22,20.96,22.17,20.84,22.02,674486,44291164.00
2017/11/23,22.04,22.04,21.23,21.32,330835,21599584.00
2017/11/24,21.30,21.52,20.55,21.11,296458,18926904.00
2017/11/27,21.09,21.11,20.23,20.59,438700,27374566.00
2017/11/28,20.73,20.73,20.16,20.53,259060,15976237.00
2017/11/29,20.53,20.78,20.23,20.73,244067,15077407.00
2017/11/30,20.63,21.10,20.57,20.59,209506,13081664.00
2017/12/01,20.53,20.86,20.27,20.68,158549,9867138.00
2017/12/04,20.59,20.77,20.25,20.36,196788,12109155.00
2017/12/05,21.18,21.18,19.80,20.15,254709,15475850.00
2017/12/06,20.12,20.12,19.30,19.84,316404,18837232.00
2017/12/07,19.84,19.96,19.30,19.55,196300,11679519.00
2017/12/08,18.90,19.87,18.31,19.58,343649,20275206.00
2017/12/11,19.53,20.89,19.49,20.25,359355,21889474.00
2017/12/12,20.25,20.51,19.53,19.93,246061,14730526.00
2017/12/13,19.93,19.93,19.24,19.48,266813,15671871.00
2017/12/14,19.30,19.40,18.62,18.89,515755,29355216.00
2017/12/15,18.87,19.00,18.42,18.44,280400,15772019.00
2017/12/18,18.49,18.66,17.09,17.40,756900,40635788.00
2017/12/19,17.53,17.65,16.90,17.50,470377,24736038.00
2017/12/20,17.54,17.54,16.70,16.88,371800,19232784.00
2017/12/21,17.03,17.33,16.78,17.18,333537,17258626.00
2017/12/22,17.05,17.30,17.04,17.17,273700,14159871.00
2017/12/25,16.94,17.27,16.57,17.00,201910,10307786.00
2017/12/26,16.89,17.73,16.77,17.43,287898,15069892.00
2017/12/27,17.49,17.52,16.91,17.19,190749,9937194.00
2017/12/28,17.13,17.29,16.86,17.07,165555,8544786.00
2017/12/29,17.23,17.33,16.99,17.27,171049,8842906.00
2018/01/02,17.32,17.60,17.24,17.53,173312,9135218.00
2018/01/03,17.47,17.72,17.25,17.63,264448,13939763.00
2018/01/04,17.60,17.72,17.43,17.50,184700,9793665.00
2018/01/05,17.56,17.70,17.50,17.67,183461,9764504.00
2018/01/08,17.72,17.97,17.46,17.70,224298,11943467.00
2018/01/09,17.83,17.83,17.45,17.52,127349,6735780.00
2018/01/10,17.53,19.29,17.53,19.03,972487,55097252.00
2018/01/11,18.79,19.23,18.44,19.04,386439,21940288.00
2018/01/12,18.97,18.97,18.60,18.89,208761,11830717.00
2018/01/15,18.87,18.87,18.07,18.17,198400,10957011.00
2018/01/16,18.06,18.16,17.72,17.90,231884,12505814.00
2018/01/17,18.47,18.47,17.90,17.96,165992,9036369.00
2018/01/18,17.77,17.99,17.42,17.55,244600,12992258.00
2018/01/19,17.42,17.83,17.28,17.63,186900,9915218.00
2018/01/22,17.44,17.77,17.07,17.19,424500,22046608.00
2018/01/23,17.29,17.30,16.60,16.60,584300,29673260.00
2018/01/24,16.33,16.33,15.40,16.12,748546,35891608.00
2018/01/25,15.96,16.76,15.96,16.61,475806,23686018.00
2018/01/26,16.59,16.89,16.43,16.63,266061,13398552.00
2018/01/29,16.69,16.92,15.82,15.84,307161,14945692.00
2018/01/30,15.84,16.02,15.76,15.86,158100,7564943.50
2018/01/31,15.91,15.98,15.59,15.69,157727,7459724.50
2018/02/01,15.57,15.57,14.24,14.57,446099,19956802.00
2018/02/02,14.45,15.49,13.91,15.37,379130,17152886.00
2018/02/05,15.13,15.45,14.83,15.45,187700,8668249.00
2018/02/06,14.83,15.40,14.63,14.95,175832,7968885.00
2018/02/07,15.33,15.47,13.86,14.40,288000,12634837.00
2018/02/08,14.52,15.03,14.30,14.93,175300,7858439.00
2018/02/09,14.89,15.78,14.32,15.12,339362,15651640.00
2018/02/12,15.09,15.56,14.91,15.44,201783,9316022.00
2018/02/13,15.50,15.57,15.27,15.37,198700,9238270.00
2018/02/14,15.24,15.83,15.24,15.57,142597,6684233.00
2018/02/22,15.58,16.26,15.58,16.19,201622,9786521.00
2018/02/23,16.40,17.82,16.12,17.82,451400,23598692.00
2018/02/26,17.81,18.43,17.57,18.20,844572,45772652.00
2018/02/27,17.90,18.72,17.67,18.51,841191,46435488.00
2018/02/28,18.25,18.48,17.83,17.83,551137,30090942.00
2018/03/01,17.69,18.10,17.69,17.93,304914,16516152.00
2018/03/02,17.73,18.58,17.73,18.46,446168,24618744.00
2018/03/05,18.49,19.17,18.49,18.83,410337,23347076.00
2018/03/06,19.07,19.13,18.47,18.97,371241,21141238.00
2018/03/07,18.80,19.39,18.75,19.33,404415,23407138.00
2018/03/08,19.50,20.18,19.23,20.18,807633,48529568.00
2018/03/09,19.91,20.46,19.90,20.43,653721,39860436.00
2018/03/12,20.61,21.02,20.35,20.96,808600,50517664.00
2018/03/13,20.90,21.73,20.40,20.56,890530,56759632.00
2018/03/14,20.70,21.05,20.07,20.82,556458,34708924.00
2018/03/15,20.53,21.60,20.53,21.44,1000766,63659912.00
2018/03/16,21.48,22.89,21.48,22.30,1605903,107885472.00
2018/03/19,22.24,22.45,21.90,22.05,718200,48081632.00
2018/03/20,22.06,22.06,21.63,21.72,492856,32320230.00
2018/03/21,21.73,22.04,20.90,20.98,893715,57351032.00
2018/03/22,20.83,21.71,20.83,20.94,1236092,79580848.00
2018/03/23,20.90,23.05,20.57,22.20,2513247,165299248.00
2018/03/26,22.07,22.50,21.23,21.60,1306315,85971024.00
2018/03/27,21.73,21.86,20.87,21.57,1105517,70916560.00
2018/03/28,21.57,21.57,20.93,21.22,356700,22843932.00
2018/03/29,21.23,21.55,20.92,21.33,385500,24579340.00
2018/03/30,21.73,22.48,21.72,22.23,1248354,83254848.00
2018/04/02,23.30,23.57,22.57,23.40,1654650,115592328.00
2018/04/03,23.19,23.63,22.84,23.17,633300,44286208.00
2018/04/04,23.23,23.86,22.93,23.72,667393,47200324.00
2018/04/09,24.16,24.18,22.39,22.90,1074829,75055392.00
2018/04/10,22.57,23.14,21.83,22.20,855509,57629348.00
2018/04/11,22.15,23.08,21.97,22.63,628631,42239428.00
2018/04/12,22.43,23.50,22.27,22.57,729003,50449168.00
2018/04/13,22.61,22.73,21.99,22.09,575501,38603208.00
2018/04/16,21.90,22.42,21.23,22.16,458210,30486624.00
2018/04/17,21.97,22.10,20.60,20.83,997223,63928396.00
2018/04/18,20.91,21.38,20.27,20.39,1130941,70686088.00
2018/04/19,20.53,20.79,20.19,20.45,637454,39224864.00
2018/04/20,20.25,20.56,19.23,19.37,855800,51275704.00
2018/04/23,18.92,19.87,18.92,19.60,709319,41824868.00
2018/04/24,19.89,21.06,19.79,20.67,1011931,62517396.00
2018/04/25,20.73,21.02,20.40,20.43,579957,36049112.00
2018/04/26,20.42,20.50,19.31,19.50,598045,35645704.00
2018/04/27,19.48,20.06,19.48,19.90,395221,23574420.00
2018/05/02,19.97,20.56,19.90,20.30,332000,20198298.00
2018/05/03,20.10,20.38,19.48,20.23,635967,38096436.00
2018/05/04,20.23,20.90,19.94,20.72,647035,39797512.00
2018/05/07,20.72,21.02,20.43,20.97,515935,32396710.00
2018/05/08,20.95,20.97,20.68,20.87,400900,25134880.00
2018/05/09,20.72,20.95,20.53,20.95,352999,22077094.00
2018/05/10,20.90,20.92,19.90,20.53,450552,27800898.00
2018/05/11,20.33,20.90,20.33,20.48,314207,19490488.00
2018/05/14,20.95,22.02,20.94,21.19,1293728,83511872.00
2018/05/15,20.83,21.36,20.40,21.17,546695,34280600.00
2018/05/16,20.93,21.38,20.79,20.95,538615,34292320.00
2018/05/17,20.89,20.89,18.85,20.68,473792,29249896.00
2018/05/18,20.56,20.73,20.03,20.37,409600,25112984.00
2018/05/21,20.60,21.33,20.27,20.88,616300,38942448.00
2018/05/22,20.77,22.67,20.77,22.62,1702574,112355408.00
2018/05/23,22.17,22.48,21.80,21.86,1083863,72270576.00
2018/05/24,22.12,23.04,22.11,22.25,1050000,71197152.00
2018/05/25,22.27,22.53,21.84,22.12,680660,45453024.00
2018/05/28,22.27,23.17,22.27,22.28,918955,62468256.00
2018/05/29,22.28,22.40,21.53,21.60,751962,49529924.00
2018/05/30,21.03,21.45,19.97,20.34,1265651,39381852.00
2018/05/31,21.20,21.20,20.35,20.63,706620,21949090.00
2018/06/01,20.13,20.63,19.32,19.85,939235,28157702.00
2018/06/04,19.93,20.43,19.44,19.66,690500,20633744.00
2018/06/05,19.63,20.58,19.63,20.45,794616,24150946.00
2018/06/06,20.47,22.50,20.38,22.16,2823340,93405816.00
2018/06/07,22.27,22.89,21.81,21.89,2320566,77812352.00
2018/06/08,21.60,22.85,21.60,22.66,2899240,97837728.00
2018/06/11,22.73,23.77,22.27,22.83,2945826,102563736.00
2018/06/12,22.83,23.59,20.60,22.83,2459664,84065904.00
2018/06/13,22.65,23.52,22.59,22.60,1804238,62553956.00
2018/06/14,22.33,23.01,21.93,22.65,1366626,46370496.00
2018/06/15,22.60,23.19,21.02,21.50,1569372,52614872.00
2018/06/19,20.93,20.93,19.35,19.35,2205600,66365172.00
2018/06/20,18.60,20.07,17.95,19.41,2055318,59637280.00
2018/06/21,19.41,19.71,18.01,18.75,2566400,73154256.00
2018/06/22,18.73,19.07,18.28,18.66,1553400,43644580.00
2018/06/25,18.97,19.07,18.00,18.23,1357904,37721076.00
2018/06/26,17.96,19.43,17.61,18.86,1721153,48529824.00
2018/06/27,18.85,18.86,18.34,18.61,876218,24503088.00
2018/06/28,18.65,19.11,18.23,18.25,945720,26479256.00
2018/06/29,18.25,19.05,18.14,18.92,1666505,47039332.00
2018/07/02,18.75,19.10,18.19,18.47,1346203,37752460.00
2018/07/03,18.47,19.13,18.29,19.07,1533783,43311964.00
2018/07/04,18.94,19.19,18.47,18.59,1194653,33681504.00
2018/07/05,18.47,18.60,17.72,17.72,1043418,28569026.00
2018/07/06,17.72,18.37,17.60,17.81,1454381,39438116.00
2018/07/09,18.07,18.77,17.83,18.61,1560484,42915624.00
2018/07/10,18.60,19.60,18.55,19.39,2606829,75460712.00
2018/07/11,18.97,19.18,18.33,18.91,1503984,42454496.00
2018/07/12,19.05,20.20,19.05,20.03,2777253,82653048.00
2018/07/13,20.52,21.34,20.44,20.60,3405750,106512480.00
2018/07/16,20.59,22.67,20.33,22.67,6063280,201457888.00
2018/07/17,24.93,24.94,24.37,24.94,3157901,118285064.00
2018/07/18,27.27,27.44,25.79,25.80,16705710,676539456.00
2018/07/19,24.60,25.87,24.47,24.82,10405553,390501568.00
2018/07/20,24.82,25.26,23.60,24.53,7117666,260558640.00
2018/07/23,24.33,25.27,24.18,24.87,4989419,186096256.00
2018/07/24,24.61,24.93,24.18,24.45,3856395,142385696.00
2018/07/25,25.27,26.38,23.72,24.25,6265867,237965264.00
2018/07/26,23.60,24.51,23.05,23.27,4512953,160727952.00
2018/07/27,23.73,24.26,22.97,23.00,3226206,114504664.00
2018/07/30,23.47,24.19,22.75,22.97,3419524,121117816.00
2018/07/31,23.47,23.87,22.95,23.27,3151275,110615192.00
2018/08/01,23.28,24.13,23.07,23.64,3537352,126087160.00
2018/08/02,23.61,24.51,23.29,24.47,3615944,130329496.00
2018/08/03,23.93,24.27,22.93,23.15,2823850,100410984.00
2018/08/06,23.60,24.17,23.15,23.48,2172527,77258232.00
2018/08/07,22.83,24.11,22.82,24.03,2744234,97384792.00
2018/08/08,23.81,24.77,23.78,24.39,3098718,113309064.00
2018/08/09,23.95,26.84,23.87,26.84,5289613,206947312.00
2018/08/10,27.27,27.93,25.87,26.47,4899464,196891584.00
2018/08/13,26.25,27.72,26.20,27.07,4627666,187967584.00
2018/08/14,26.79,27.17,26.47,26.67,1866765,74937584.00
2018/08/15,26.59,26.86,25.27,25.73,2935300,113868848.00
2018/08/16,25.40,26.41,25.27,25.73,2182297,85293344.00
2018/08/17,26.55,27.89,25.81,26.00,4751586,192248224.00
2018/08/20,26.43,27.00,24.60,25.80,3781034,145046208.00
2018/08/21,25.46,26.60,25.35,26.41,2573794,100442368.00
2018/08/22,26.12,27.53,25.87,27.25,2844264,114282552.00
2018/08/23,27.32,29.65,27.00,28.47,5535059,237554960.00
2018/08/24,28.49,28.90,27.93,28.11,3007075,127822568.00
2018/08/27,28.13,29.70,28.13,28.53,4030825,175863120.00
2018/08/28,28.60,29.26,27.34,28.00,3039803,129413712.00
2018/08/29,28.13,28.49,27.80,27.97,1596685,67548880.00
2018/08/30,27.80,28.23,26.83,27.13,1808921,74872384.00
2018/08/31,27.20,27.73,26.73,27.19,1556971,63914056.00
2018/09/03,27.06,27.35,25.85,27.33,2654349,105592424.00
2018/09/04,27.19,28.39,26.92,28.24,3042579,127196488.00
2018/09/05,27.93,29.37,27.68,27.73,3613971,154964336.00
2018/09/06,27.17,28.17,27.13,27.27,1607326,66686376.00
2018/09/07,27.52,27.71,25.32,25.51,3076930,121875008.00
2018/09/10,25.77,26.19,24.75,24.83,3120955,119061624.00
2018/09/11,25.17,25.83,24.87,25.61,2480748,94760400.00
2018/09/12,25.38,25.85,25.14,25.52,1430691,54834324.00
2018/09/13,25.71,26.47,25.45,26.47,3465368,135555232.00
2018/09/14,26.40,26.60,25.74,26.07,2809798,110501536.00
2018/09/17,25.89,26.26,25.55,25.93,1339400,52277432.00
2018/09/18,25.80,26.19,24.61,25.23,2804762,106220472.00
2018/09/19,25.40,26.51,25.03,26.07,2858110,110637000.00
2018/09/20,25.95,26.23,24.94,25.39,2699938,103130112.00
2018/09/21,25.27,25.65,24.97,25.49,1594599,60686472.00
2018/09/25,25.27,25.83,25.18,25.55,1624564,62360760.00
2018/09/26,25.55,25.82,25.07,25.28,1934818,73862144.00
2018/09/27,25.29,25.46,23.99,23.99,2546673,93818088.00
2018/09/28,23.91,24.87,23.51,24.83,2333451,85219512.00
2018/10/08,24.10,24.67,23.60,23.71,1258335,45651252.00
2018/10/09,23.80,24.35,22.15,22.60,2578163,89577656.00
2018/10/10,22.60,23.82,22.49,23.21,2837080,98464496.00
2018/10/11,22.01,22.92,20.88,20.88,3040721,99986040.00
2018/10/12,21.35,22.78,20.89,22.62,3722705,123223904.00
2018/10/15,23.00,24.19,22.93,23.83,2824957,100172760.00
2018/10/16,23.52,24.13,22.71,22.93,2618329,91030440.00
2018/10/17,23.50,23.53,21.60,22.52,2391304,81926064.00
2018/10/18,22.51,23.19,21.93,22.52,2121975,72562928.00
2018/10/19,21.71,23.63,21.61,23.43,2518034,87087816.00
2018/10/22,24.05,25.21,24.05,24.97,3364681,125446600.00
2018/10/23,24.97,25.15,24.10,24.20,2315462,85752640.00
2018/10/24,23.98,24.45,23.40,23.49,1759654,63053752.00
2018/10/25,22.53,24.25,22.28,24.06,2833152,98667976.00
2018/10/26,24.67,24.89,23.67,24.23,2161327,78840624.00
2018/10/29,24.23,24.59,23.40,23.93,1762855,64245268.00
2018/10/30,23.63,24.09,22.87,23.65,2069058,73036040.00
2018/10/31,23.64,24.10,23.47,23.73,1127810,40474192.00
2018/11/01,24.60,24.86,23.54,23.73,1540628,56028136.00
2018/11/02,24.59,25.16,24.17,24.97,2607975,96711360.00
2018/11/05,24.70,25.20,24.13,24.80,1855758,68911512.00
2018/11/06,24.29,24.93,24.27,24.80,1504504,55465816.00
2018/11/07,24.73,26.87,24.61,25.89,5769221,225395456.00
2018/11/08,26.13,26.33,25.47,25.79,2644283,103287256.00
2018/11/09,25.77,27.27,25.49,26.79,4293057,172846448.00
2018/11/12,26.87,27.71,26.77,27.30,2801856,115061056.00
2018/11/13,27.04,27.23,26.27,26.65,4173453,167717840.00
2018/11/14,26.64,26.65,26.13,26.33,1781860,70510736.00
2018/11/15,26.01,26.75,26.01,26.72,2357984,94088808.00
2018/11/16,26.73,27.05,26.51,26.87,2660527,107186248.00
2018/11/19,26.76,26.76,25.61,25.94,3403686,132666800.00
2018/11/20,25.41,25.93,24.27,24.55,3492078,130827640.00
2018/11/21,24.55,24.93,24.03,24.93,1915575,71026480.00
2018/11/22,24.93,25.15,24.32,24.47,1498560,55474796.00
2018/11/23,24.60,24.60,23.63,24.14,2429301,87467256.00
2018/11/26,23.94,24.85,23.75,24.79,2046800,75029408.00
2018/11/27,24.76,25.64,24.53,25.33,2589375,97939472.00
2018/11/28,25.61,25.71,25.02,25.27,2013176,76836856.00
2018/11/29,25.39,25.64,24.17,24.17,1813543,68221408.00
2018/11/30,23.92,24.72,23.85,24.37,1293281,47139740.00
2018/12/03,25.28,26.18,25.19,25.66,3348209,129415216.00
2018/12/04,25.67,26.45,25.47,26.11,3404810,133318536.00
2018/12/05,25.78,26.22,24.87,25.28,4561860,175606688.00
2018/12/06,24.27,24.33,22.75,22.75,6736449,235307088.00
2018/12/07,22.77,23.27,22.07,22.25,5078261,173274768.00
2018/12/10,22.42,22.77,22.01,22.25,3615840,121871680.00
2018/12/11,22.55,23.01,22.51,22.96,3651853,125116872.00
2018/12/12,23.27,23.40,22.57,22.69,2224337,76647880.00
2018/12/13,22.59,23.14,22.57,22.87,2067004,71311560.00
2018/12/14,22.77,23.06,21.87,22.08,2178294,73584496.00
2018/12/17,21.93,22.25,21.00,21.89,1943382,63158868.00
2018/12/18,21.49,22.15,21.49,21.79,1695270,55718060.00
2018/12/19,21.91,22.15,21.67,21.80,1899626,62648484.00
2018/12/20,21.41,21.69,20.60,21.23,2753766,87247944.00
2018/12/21,20.91,21.21,20.27,20.46,2518537,78480800.00
2018/12/24,20.83,22.51,20.63,22.51,6331583,208830768.00
2018/12/25,22.06,23.79,21.81,23.01,7823372,266919408.00
2018/12/26,22.87,23.05,22.30,22.45,3942207,134269152.00
2018/12/27,22.83,23.25,22.17,22.17,3652222,124683056.00
2018/12/28,22.11,22.52,21.27,22.21,3013517,100077560.00
2017/01/26,11.79,14.16,11.79,14.16,9200,191522.00
2017/02/03,15.58,15.58,15.58,15.58,3019,70855.93
2017/02/06,17.15,17.15,17.15,17.15,4400,113608.00
2017/02/07,18.87,18.87,18.87,18.87,4461,126692.40
2017/02/08,20.76,20.76,20.76,20.76,6415,200404.59
2017/02/09,22.84,22.84,22.84,22.84,7254,249247.44
2017/02/10,25.13,25.13,25.13,25.13,15200,574560.00
2017/02/13,27.65,27.65,27.65,27.65,26222,1090310.75
2017/02/14,30.43,30.43,30.43,30.43,29700,1358478.00
2017/02/15,33.47,33.47,33.47,33.47,39061,1965158.88
2017/02/16,36.83,36.83,36.83,36.83,178057,9853674.00
2017/02/17,40.51,40.51,38.27,38.98,14902819,887017280.00
2017/02/20,37.27,37.27,35.07,35.07,9276712,496388416.00
2017/02/21,35.03,36.45,34.36,35.39,7083900,377645696.00
2017/02/22,35.08,35.86,34.13,35.85,6257716,330662560.00
2017/02/23,36.61,39.44,36.61,39.44,10407313,602469696.00
2017/02/24,39.44,39.92,38.29,39.07,7711223,451982208.00
2017/02/27,38.62,40.32,38.62,39.15,6293524,373437376.00
2017/02/28,38.81,41.01,37.80,40.53,7099826,418720384.00
2017/03/01,40.06,40.93,39.05,39.13,5745613,345539584.00
2017/03/02,39.34,40.49,38.95,39.26,5270310,314504256.00
2017/03/03,38.61,39.40,38.43,39.08,3588376,209865984.00
2017/03/06,39.33,41.79,39.29,41.20,6575181,400227488.00
2017/03/07,41.01,41.50,40.28,41.33,5244990,322328224.00
2017/03/08,41.13,41.93,40.45,41.43,4630512,286565600.00
2017/03/09,41.36,41.37,40.13,40.86,3621487,221404800.00
2017/03/10,40.65,40.93,40.05,40.17,2758044,167803792.00
2017/03/13,39.80,40.86,39.07,40.76,3360798,201821552.00
2017/03/14,40.60,41.92,40.45,40.95,3923928,242916000.00
2017/03/15,40.74,42.47,40.27,41.79,5000842,312053280.00
2017/03/16,41.93,43.77,41.68,43.35,5374262,346171872.00
2017/03/17,43.27,44.12,41.27,41.57,5013598,321848544.00
2017/03/20,41.80,44.97,41.60,44.81,5585535,365311968.00
2017/03/21,44.61,45.47,43.91,45.06,4703400,315568736.00
2017/03/22,44.37,45.91,44.25,45.29,4430609,300429152.00
2017/03/23,45.27,46.46,43.93,45.65,5361894,365491776.00
2017/03/24,45.27,47.73,45.27,47.04,4667192,328359136.00
2017/03/27,47.27,50.19,46.52,48.72,5435543,393524256.00
2017/03/28,48.60,49.47,46.93,47.20,4566595,329122752.00
2017/03/29,46.77,46.93,43.60,43.80,5502857,373433408.00
2017/03/30,43.27,44.57,43.00,43.62,3578282,235933936.00
2017/03/31,43.93,44.48,39.27,40.07,6633994,411949856.00
2017/04/05,39.53,40.91,38.01,40.61,3506440,209165024.00
2017/04/06,37.26,38.95,36.63,38.09,6910188,392719200.00
2017/04/07,37.63,38.07,35.87,36.06,4884128,271321632.00
2017/04/10,35.66,36.04,34.63,35.47,4015083,212210944.00
2017/04/11,35.27,35.93,34.52,35.92,3251575,172540240.00
2017/04/12,35.60,35.89,34.55,34.60,1988877,105183720.00
2017/04/13,34.47,34.86,33.95,33.97,2016552,104357816.00
2017/04/14,33.77,33.91,32.94,33.20,1863398,93536184.00
2017/04/17,32.06,32.10,30.13,30.69,2862856,133154864.00
2017/04/18,30.75,31.12,30.27,30.37,1111573,51294712.00
2017/04/19,30.33,31.32,30.24,31.22,1545684,71563024.00
2017/04/20,31.26,31.27,29.78,30.24,1639726,75340136.00
2017/04/21,30.33,30.80,30.01,30.25,873970,39973860.00
2017/04/24,30.21,30.57,29.62,30.15,1097813,49535036.00
2017/04/25,30.27,30.94,30.27,30.40,1096430,50356388.00
2017/04/26,30.40,31.03,30.28,30.67,1107084,51194464.00
2017/04/27,30.60,31.57,29.41,31.53,2632363,121248272.00
2017/04/28,31.28,31.49,31.01,31.23,1421699,66752048.00
2017/05/02,31.13,31.31,30.30,30.47,1425951,65775964.00
2017/05/03,30.41,30.73,30.07,30.72,1321711,60453132.00
2017/05/04,30.60,30.66,29.94,29.99,1117325,50869676.00
2017/05/05,29.88,33.00,29.86,33.00,4395937,211438704.00
2017/05/08,33.15,33.45,32.01,32.30,4369257,215604384.00
2017/05/09,32.40,32.82,31.68,32.50,2746409,133540584.00
2017/05/10,32.57,32.85,29.88,30.40,3303417,158333008.00
2017/05/11,29.69,31.27,29.38,31.21,3268072,147922448.00
2017/05/12,30.82,31.53,30.39,31.13,2067865,95986272.00
2017/05/15,31.04,32.83,30.87,31.56,2169737,103964592.00
2017/05/16,31.56,32.60,31.33,32.53,2712239,130566592.00
2017/05/17,33.40,35.79,33.29,33.96,4923207,256561472.00
2017/05/18,33.27,34.53,32.93,34.33,2988662,152032672.00
2017/05/19,34.14,35.62,33.91,33.91,3167234,165548160.00
2017/05/22,33.01,33.26,30.63,30.81,3064773,148270544.00
2017/05/23,30.34,31.09,28.97,29.10,2179114,98112896.00
2017/05/24,28.95,30.85,28.81,30.70,2297969,104562776.00
2017/05/25,30.32,31.80,29.61,31.43,1739521,80960864.00
2017/05/26,31.12,31.81,30.82,31.65,963330,45567004.00
2017/05/31,32.59,33.47,32.13,32.19,1541676,75865000.00
2017/06/01,31.93,32.93,30.73,30.73,1269614,60959308.00
2017/06/02,30.42,32.19,29.61,31.79,1508990,71078456.00
2017/06/05,32.10,33.44,31.77,33.10,1868016,91990160.00
2017/06/06,32.81,33.48,32.54,32.83,1028071,50938240.00
2017/06/07,32.90,34.60,32.61,34.51,2113406,108274592.00
2017/06/08,34.23,35.35,33.81,33.91,1977632,103083024.00
2017/06/09,33.95,34.38,32.72,33.69,1343376,67612256.00
2017/06/12,33.13,34.54,32.95,33.60,1429649,72705680.00
2017/06/13,33.17,34.73,33.17,34.61,1337154,68919576.00
2017/06/14,34.67,35.53,34.52,34.53,1246224,65657260.00
2017/06/15,34.33,35.37,34.27,34.85,996698,52469108.00
2017/06/16,34.69,35.10,34.03,34.55,764981,39550412.00
2017/06/19,34.47,34.59,32.87,33.44,1128182,56774800.00
2017/06/20,33.77,33.77,32.93,33.05,932357,46654632.00
2017/06/21,33.23,33.89,33.05,33.89,976547,49084000.00
2017/06/22,33.87,33.87,32.09,32.11,1126156,55677240.00
2017/06/23,32.02,32.40,31.01,32.05,870993,41510492.00
2017/06/26,31.38,32.50,31.38,32.48,671807,32224016.00
2017/06/27,32.48,32.63,31.85,32.09,457590,22204978.00
2017/06/28,31.93,31.93,31.15,31.37,544102,25719396.00
2017/06/29,31.37,31.57,30.98,31.07,482385,22682672.00
2017/06/30,31.07,31.65,30.95,31.46,428570,20182148.00
2017/07/03,31.40,32.91,31.21,32.63,802362,38729760.00
2017/07/04,32.31,32.73,32.17,32.43,354698,17299708.00
2017/07/05,32.43,32.95,32.27,32.73,412752,20259858.00
2017/07/06,32.63,32.89,31.98,32.48,474647,23181064.00
2017/07/07,32.50,33.63,32.50,33.29,940918,47113744.00
2017/07/10,33.05,33.25,31.59,31.93,865875,41929096.00
2017/07/11,32.03,32.03,31.13,31.27,717235,33857376.00
2017/07/12,31.27,31.90,31.00,31.79,366154,17323736.00
2017/07/13,31.92,31.93,31.07,31.13,332400,15640193.00
2017/07/14,29.49,30.50,28.95,30.39,1235650,55674504.00
2017/07/17,29.94,30.17,27.41,27.50,1353088,57956468.00
2017/07/18,27.50,28.46,27.35,27.53,398991,16586609.00
2017/07/19,27.41,27.65,27.00,27.53,535940,22056404.00
2017/07/20,27.59,28.07,27.50,27.53,436193,18263604.00
2017/07/21,27.52,27.82,26.98,27.09,382115,15662043.00
2017/07/24,27.09,27.82,26.67,27.76,521372,21598624.00
2017/07/25,27.76,28.03,27.60,27.81,287761,12018759.00
2017/07/26,27.90,28.07,27.61,27.83,294861,12320466.00
2017/07/27,27.83,29.50,27.83,29.31,1113288,48112940.00
2017/07/28,29.13,29.13,28.48,28.93,646300,27986060.00
2017/07/31,28.69,29.18,28.51,28.73,299108,12962341.00
2017/08/01,28.61,28.96,28.47,28.81,256100,11061766.00
2017/08/02,29.11,29.11,27.93,27.97,290690,12401503.00
2017/08/03,27.80,28.87,27.13,28.07,274341,11680362.00
2017/08/04,28.22,28.22,27.40,27.85,200422,8390590.00
2017/08/07,27.62,28.47,27.62,28.13,137200,5817340.00
2017/08/08,28.09,28.31,27.80,28.06,135944,5726855.50
2017/08/09,28.06,28.25,27.67,27.94,147563,6219609.00
2017/08/10,28.18,28.19,27.61,27.76,223900,9379428.00
2017/08/11,27.57,28.05,27.35,27.93,301102,12513029.00
2017/08/14,28.07,29.13,28.07,29.05,624830,27179634.00
2017/08/15,29.07,30.33,29.07,30.10,898713,40501992.00
2017/08/16,29.93,31.89,29.93,31.75,1273936,59454976.00
2017/08/17,32.28,33.20,31.60,31.76,1315658,63745136.00
2017/08/18,31.27,31.85,31.27,31.38,356600,16875874.00
2017/08/21,31.67,31.93,31.28,31.53,366157,17433904.00
2017/08/22,31.85,31.85,31.26,31.33,439255,20741298.00
2017/08/23,31.40,31.59,31.27,31.35,294900,13902446.00
2017/08/24,31.35,32.57,31.35,31.88,531000,25477362.00
2017/08/25,31.88,34.27,31.88,33.87,1391434,69807648.00
2017/08/28,33.87,34.71,33.70,33.97,1311472,67206256.00
2017/08/29,33.93,34.58,33.93,34.07,706665,36252880.00
2017/08/30,34.33,37.48,34.27,37.30,2541935,139734448.00
2017/08/31,37.35,38.27,36.60,37.60,2053492,114969936.00
2017/09/01,36.81,38.20,36.81,38.08,889628,50534796.00
2017/09/04,38.61,39.79,37.59,37.61,1111257,64595156.00
2017/09/05,37.65,40.37,36.80,39.93,1491890,86795048.00
2017/09/06,39.87,40.32,39.27,39.95,799269,47853428.00
2017/09/07,40.07,43.40,39.65,42.15,1322898,83041952.00
2017/09/08,42.17,44.15,41.93,43.19,1043820,67579056.00
2017/09/11,43.40,43.83,41.72,42.31,1089735,69485824.00
2017/09/12,42.60,42.67,40.70,41.25,1091576,68496248.00
2017/09/13,41.67,42.85,40.67,42.11,830550,52169236.00
2017/09/14,42.01,42.73,41.40,42.73,662361,41977476.00
2017/09/15,42.73,43.30,41.27,41.27,644805,40951940.00
2017/09/18,41.29,42.05,40.22,41.75,555419,34433812.00
2017/09/19,42.47,42.47,40.53,40.53,704484,43644756.00
2017/09/20,40.31,41.27,40.27,40.59,651100,39719744.00
2017/09/21,40.99,41.53,39.93,41.13,802105,49168196.00
2017/09/22,41.13,41.63,40.47,41.47,472845,29191496.00
2017/09/25,41.29,41.47,40.62,40.93,387101,23858262.00
2017/09/26,42.45,42.45,39.03,40.33,723032,43647236.00
2017/09/27,39.68,41.60,39.67,41.59,363600,22272068.00
2017/09/28,41.61,42.39,41.27,41.65,582100,36614880.00
2017/09/29,41.64,42.51,41.34,42.10,390823,24756142.00
2017/10/09,42.84,43.19,41.58,41.92,484323,30555618.00
2017/10/10,41.67,42.45,41.53,42.27,394062,24846388.00
2017/10/11,42.27,42.57,41.60,41.80,526859,33218426.00
2017/10/12,41.74,45.57,41.71,45.20,1256915,83476456.00
2017/10/13,45.25,45.93,44.47,45.35,751351,51151728.00
2017/10/16,45.07,45.85,43.27,44.44,834843,55930352.00
2017/10/17,44.07,45.26,43.67,44.85,497423,33410486.00
2017/10/18,44.90,45.52,44.20,44.33,488884,32741902.00
2017/10/19,44.40,45.13,44.10,44.30,450858,30134300.00
2017/10/20,44.70,47.78,43.33,46.80,850830,58991280.00
2017/10/23,46.44,48.39,46.44,47.39,541754,38612244.00
2017/10/24,47.13,47.87,46.95,47.24,359688,25513828.00
2017/10/25,47.52,49.56,47.19,48.53,642861,46700808.00
2017/10/26,48.53,49.26,48.05,48.52,396400,28949068.00
2017/10/27,48.66,48.88,45.27,45.84,945511,66514068.00
2017/10/30,46.03,48.33,46.03,46.85,680137,47929300.00
2017/10/31,46.71,47.11,45.61,46.53,397883,27814466.00
2017/11/01,46.47,48.20,46.14,47.25,538339,38213876.00
2017/11/02,47.39,47.53,46.05,46.57,479254,33561140.00
2017/11/03,46.27,46.72,45.63,45.71,533459,36951688.00
2017/11/06,46.17,46.85,45.09,45.85,526212,36183496.00
2017/11/07,45.85,45.85,43.07,43.72,1685647,111478368.00
2017/11/08,43.68,44.57,43.11,43.27,852395,56306084.00
2017/11/09,43.58,44.51,42.60,44.51,881400,57346596.00
2017/11/10,43.93,44.85,43.81,44.65,711500,47522264.00
2017/11/13,44.43,45.79,44.43,44.71,1109278,74916944.00
2017/11/14,44.47,45.25,44.33,44.80,692952,46470352.00
2017/11/15,44.61,45.11,42.82,43.44,596584,39344408.00
2017/11/16,43.78,43.86,42.61,43.31,396487,25639340.00
2017/11/17,43.01,44.47,42.34,43.25,614048,40105780.00
2017/11/20,42.09,43.25,40.77,42.62,672559,42651820.00
2017/11/21,42.36,42.70,41.07,42.47,484653,30676692.00
2017/11/22,42.05,44.48,41.82,44.17,674486,44291164.00
2017/11/23,44.21,44.21,42.60,42.77,330835,21599584.00
2017/11/24,42.73,43.18,41.23,42.35,296458,18926904.00
2017/11/27,42.32,42.35,40.60,41.32,438700,27374566.00
2017/11/28,41.59,41.60,40.45,41.20,259060,15976237.00
2017/11/29,41.20,41.70,40.60,41.59,244067,15077407.00
2017/11/30,41.40,42.33,41.27,41.31,209506,13081664.00
2017/12/01,41.20,41.85,40.68,41.50,158549,9867138.00
2017/12/04,41.32,41.67,40.63,40.86,196788,12109155.00
2017/12/05,42.50,42.50,39.74,40.43,254709,15475850.00
2017/12/06,40.37,40.38,38.73,39.82,316404,18837232.00
2017/12/07,39.82,40.05,38.73,39.24,196300,11679519.00
2017/12/08,37.94,39.87,36.75,39.29,343649,20275206.00
2017/12/11,39.19,41.92,39.11,40.64,359355,21889474.00
2017/12/12,40.64,41.15,39.20,40.00,246061,14730526.00
2017/12/13,40.00,40.00,38.61,39.09,266813,15671871.00
2017/12/14,38.74,38.93,37.38,37.92,515755,29355216.00
2017/12/15,37.87,38.13,36.97,37.02,280400,15772019.00
2017/12/18,37.11,37.45,34.31,34.93,756900,40635788.00
2017/12/19,35.20,35.43,33.93,35.13,470377,24736038.00
2017/12/20,35.22,35.22,33.53,33.89,371800,19232784.00
2017/12/21,34.20,34.80,33.69,34.50,333537,17258626.00
2017/12/22,34.23,34.73,34.21,34.47,273700,14159871.00
2017/12/25,34.01,34.68,33.27,34.13,201910,10307786.00
2017/12/26,33.91,35.60,33.68,34.99,287898,15069892.00
2017/12/27,35.12,35.17,33.95,34.51,190749,9937194.00
2017/12/28,34.39,34.71,33.85,34.27,165555,8544786.00
2017/12/29,34.59,34.79,34.11,34.67,171049,8842906.00
2018/01/02,34.78,35.33,34.61,35.19,173312,9135218.00
2018/01/03,35.07,35.57,34.64,35.40,264448,13939763.00
2018/01/04,35.33,35.57,35.00,35.13,184700,9793665.00
2018/01/05,35.26,35.53,35.14,35.48,183461,9764504.00
2018/01/08,35.57,36.07,35.05,35.53,224298,11943467.00
2018/01/09,35.79,35.79,35.03,35.18,127349,6735780.00
2018/01/10,35.19,38.71,35.19,38.19,972487,55097252.00
2018/01/11,37.72,38.59,37.01,38.22,386439,21940288.00
2018/01/12,38.07,38.07,37.33,37.92,208761,11830717.00
2018/01/15,37.87,37.87,36.27,36.47,198400,10957011.00
2018/01/16,36.25,36.45,35.57,35.93,231884,12505814.00
2018/01/17,37.08,37.08,35.93,36.06,165992,9036369.00
2018/01/18,35.67,36.12,34.97,35.23,244600,12992258.00
2018/01/19,34.98,35.79,34.69,35.40,186900,9915218.00
2018/01/22,35.01,35.67,34.27,34.51,424500,22046608.00
2018/01/23,34.71,34.73,33.33,33.33,584300,29673260.00
2018/01/24,32.79,32.79,30.93,32.37,748546,35891608.00
2018/01/25,32.05,33.65,32.05,33.35,475806,23686018.00
2018/01/26,33.31,33.92,33.00,33.40,266061,13398552.00
2018/01/29,33.51,33.97,31.78,31.82,307161,14945692.00
2018/01/30,31.81,32.17,31.65,31.85,158100,7564943.50
2018/01/31,31.95,32.09,31.32,31.52,157727,7459724.50
2018/02/01,31.27,31.27,28.62,29.28,446099,19956802.00
2018/02/02,29.03,31.12,27.95,30.87,379130,17152886.00
2018/02/05,30.40,31.03,29.80,31.03,187700,8668249.00
2018/02/06,29.80,30.94,29.40,30.04,175832,7968885.00
2018/02/07,30.79,31.07,27.85,28.93,288000,12634837.00
2018/02/08,29.17,30.19,28.73,29.99,175300,7858439.00
2018/02/09,29.92,31.70,28.77,30.37,339362,15651640.00
2018/02/12,30.31,31.25,29.95,31.01,201783,9316022.00
2018/02/13,31.13,31.27,30.67,30.87,198700,9238270.00
2018/02/14,30.61,31.79,30.61,31.28,142597,6684233.00
2018/02/22,31.30,32.65,31.29,32.51,201622,9786521.00
2018/02/23,32.93,35.77,32.37,35.77,451400,23598692.00
2018/02/26,35.75,36.99,35.27,36.53,844572,45772652.00
2018/02/27,35.93,37.57,35.47,37.16,841191,46435488.00
2018/02/28,36.64,37.09,35.79,35.80,551137,30090942.00
2018/03/01,35.52,36.33,35.52,36.00,304914,16516152.00
2018/03/02,35.59,37.29,35.59,37.05,446168,24618744.00
2018/03/05,37.12,38.47,37.12,37.79,410337,23347076.00
2018/03/06,38.27,38.39,37.07,38.07,371241,21141238.00
2018/03/07,37.73,38.92,37.63,38.79,404415,23407138.00
2018/03/08,39.13,40.49,38.60,40.49,807633,48529568.00
2018/03/09,39.95,41.05,39.93,40.99,653721,39860436.00
2018/03/12,41.36,42.18,40.84,42.06,808600,50517664.00
2018/03/13,41.93,43.60,40.94,41.26,890530,56759632.00
2018/03/14,41.53,42.24,40.27,41.78,556458,34708924.00
2018/03/15,41.20,43.33,41.20,43.02,1000766,63659912.00
2018/03/16,43.10,45.92,43.10,44.73,1605903,107885472.00
2018/03/19,44.61,45.04,43.93,44.23,718200,48081632.00
2018/03/20,44.25,44.25,43.39,43.58,492856,32320230.00
2018/03/21,43.59,44.22,41.93,42.10,893715,57351032.00
2018/03/22,41.80,43.55,41.80,42.02,1236092,79580848.00
2018/03/23,41.93,46.23,41.27,44.53,2513247,165299248.00
2018/03/26,44.28,45.13,42.60,43.33,1306315,85971024.00
2018/03/27,43.60,43.85,41.87,43.27,1105517,70916560.00
2018/03/28,43.27,43.27,42.00,42.57,356700,22843932.00
2018/03/29,42.60,43.23,41.97,42.80,385500,24579340.00
2018/03/30,43.60,45.09,43.58,44.60,1248354,83254848.00
2018/04/02,46.73,47.27,45.27,46.93,1654650,115592328.00
2018/04/03,46.51,47.40,45.81,46.47,633300,44286208.00
2018/04/04,46.60,47.85,46.00,47.57,667393,47200324.00
2018/04/09,48.46,48.50,44.92,45.93,1074829,75055392.00
2018/04/10,45.27,46.41,43.79,44.53,855509,57629348.00
2018/04/11,44.43,46.29,44.07,45.40,628631,42239428.00
2018/04/12,45.00,47.13,44.67,45.27,729003,50449168.00
2018/04/13,45.35,45.59,44.11,44.31,575501,38603208.00
2018/04/16,43.93,44.97,42.60,44.46,458210,30486624.00
2018/04/17,44.07,44.33,41.34,41.80,997223,63928396.00
2018/04/18,41.95,42.90,40.68,40.91,1130941,70686088.00
2018/04/19,41.20,41.72,40.52,41.04,637454,39224864.00
2018/04/20,40.63,41.25,38.60,38.88,855800,51275704.00
2018/04/23,37.97,39.87,37.97,39.33,709319,41824868.00
2018/04/24,39.91,42.25,39.71,41.47,1011931,62517396.00
2018/04/25,41.60,42.18,40.94,41.00,579957,36049112.00
2018/04/26,40.97,41.13,38.75,39.13,598045,35645704.00
2018/04/27,39.09,40.25,39.09,39.93,395221,23574420.00
2018/05/02,40.07,41.25,39.93,40.73,332000,20198298.00
2018/05/03,40.33,40.89,39.10,40.60,635967,38096436.00
2018/05/04,40.60,41.93,40.01,41.57,647035,39797512.00
2018/05/07,41.57,42.17,41.00,42.07,515935,32396710.00
2018/05/08,42.04,42.07,41.50,41.87,400900,25134880.00
2018/05/09,41.58,42.03,41.19,42.03,352999,22077094.00
2018/05/10,41.93,41.98,39.94,41.20,450552,27800898.00
2018/05/11,40.80,41.93,40.80,41.10,314207,19490488.00
2018/05/14,42.03,44.18,42.01,42.51,1293728,83511872.00
2018/05/15,41.79,42.85,40.93,42.48,546695,34280600.00
2018/05/16,41.99,42.89,41.71,42.03,538615,34292320.00
2018/05/17,41.91,41.91,37.83,41.50,473792,29249896.00
2018/05/18,41.26,41.59,40.19,40.87,409600,25112984.00
2018/05/21,41.34,42.79,40.67,41.89,616300,38942448.00
2018/05/22,41.68,45.47,41.68,45.37,1702574,112355408.00
2018/05/23,44.47,45.10,43.73,43.85,1083863,72270576.00
2018/05/24,44.37,46.22,44.35,44.63,1050000,71197152.00
2018/05/25,44.67,45.20,43.81,44.37,680660,45453024.00
2018/05/28,44.67,46.47,44.67,44.70,918955,62468256.00
2018/05/29,44.70,44.93,43.20,43.34,751962,49529924.00
2018/05/30,21.03,21.45,19.97,20.34,1265651,39381852.00
2018/05/31,21.20,21.20,20.35,20.63,706620,21949090.00
2018/06/01,20.13,20.63,19.32,19.85,939235,28157702.00
2018/06/04,19.93,20.43,19.44,19.66,690500,20633744.00
2018/06/05,19.63,20.58,19.63,20.45,794616,24150946.00
2018/06/06,20.47,22.50,20.38,22.16,2823340,93405816.00
2018/06/07,22.27,22.89,21.81,21.89,2320566,77812352.00
2018/06/08,21.60,22.85,21.60,22.66,2899240,97837728.00
2018/06/11,22.73,23.77,22.27,22.83,2945826,102563736.00
2018/06/12,22.83,23.59,20.60,22.83,2459664,84065904.00
2018/06/13,22.65,23.52,22.59,22.60,1804238,62553956.00
2018/06/14,22.33,23.01,21.93,22.65,1366626,46370496.00
2018/06/15,22.60,23.19,21.02,21.50,1569372,52614872.00
2018/06/19,20.93,20.93,19.35,19.35,2205600,66365172.00
2018/06/20,18.60,20.07,17.95,19.41,2055318,59637280.00
2018/06/21,19.41,19.71,18.01,18.75,2566400,73154256.00
2018/06/22,18.73,19.07,18.28,18.66,1553400,43644580.00
2018/06/25,18.97,19.07,18.00,18.23,1357904,37721076.00
2018/06/26,17.96,19.43,17.61,18.86,1721153,48529824.00
2018/06/27,18.85,18.86,18.34,18.61,876218,24503088.00
2018/06/28,18.65,19.11,18.23,18.25,945720,26479256.00
2018/06/29,18.25,19.05,18.14,18.92,1666505,47039332.00
2018/07/02,18.75,19.10,18.19,18.47,1346203,37752460.00
2018/07/03,18.47,19.13,18.29,19.07,1533783,43311964.00
2018/07/04,18.94,19.19,18.47,18.59,1194653,33681504.00
2018/07/05,18.47,18.60,17.72,17.72,1043418,28569026.00
2018/07/06,17.72,18.37,17.60,17.81,1454381,39438116.00
2018/07/09,18.07,18.77,17.83,18.61,1560484,42915624.00
2018/07/10,18.60,19.60,18.55,19.39,2606829,75460712.00
2018/07/11,18.97,19.18,18.33,18.91,1503984,42454496.00
2018/07/12,19.05,20.20,19.05,20.03,2777253,82653048.00
2018/07/13,20.52,21.34,20.44,20.60,3405750,106512480.00
2018/07/16,20.59,22.67,20.33,22.67,6063280,201457888.00
2018/07/17,24.93,24.94,24.37,24.94,3157901,118285064.00
2018/07/18,27.27,27.44,25.79,25.80,16705710,676539456.00
2018/07/19,24.60,25.87,24.47,24.82,10405553,390501568.00
2018/07/20,24.82,25.26,23.60,24.53,7117666,260558640.00
2018/07/23,24.33,25.27,24.18,24.87,4989419,186096256.00
2018/07/24,24.61,24.93,24.18,24.45,3856395,142385696.00
2018/07/25,25.27,26.38,23.72,24.25,6265867,237965264.00
2018/07/26,23.60,24.51,23.05,23.27,4512953,160727952.00
2018/07/27,23.73,24.26,22.97,23.00,3226206,114504664.00
2018/07/30,23.47,24.19,22.75,22.97,3419524,121117816.00
2018/07/31,23.47,23.87,22.95,23.27,3151275,110615192.00
2018/08/01,23.28,24.13,23.07,23.64,3537352,126087160.00
2018/08/02,23.61,24.51,23.29,24.47,3615944,130329496.00
2018/08/03,23.93,24.27,22.93,23.15,2823850,100410984.00
2018/08/06,23.60,24.17,23.15,23.48,2172527,77258232.00
2018/08/07,22.83,24.11,22.82,24.03,2744234,97384792.00
2018/08/08,23.81,24.77,23.78,24.39,3098718,113309064.00
2018/08/09,23.95,26.84,23.87,26.84,5289613,206947312.00
2018/08/10,27.27,27.93,25.87,26.47,4899464,196891584.00
2018/08/13,26.25,27.72,26.20,27.07,4627666,187967584.00
2018/08/14,26.79,27.17,26.47,26.67,1866765,74937584.00
2018/08/15,26.59,26.86,25.27,25.73,2935300,113868848.00
2018/08/16,25.40,26.41,25.27,25.73,2182297,85293344.00
2018/08/17,26.55,27.89,25.81,26.00,4751586,192248224.00
2018/08/20,26.43,27.00,24.60,25.80,3781034,145046208.00
2018/08/21,25.46,26.60,25.35,26.41,2573794,100442368.00
2018/08/22,26.12,27.53,25.87,27.25,2844264,114282552.00
2018/08/23,27.32,29.65,27.00,28.47,5535059,237554960.00
2018/08/24,28.49,28.90,27.93,28.11,3007075,127822568.00
2018/08/27,28.13,29.70,28.13,28.53,4030825,175863120.00
2018/08/28,28.60,29.26,27.34,28.00,3039803,129413712.00
2018/08/29,28.13,28.49,27.80,27.97,1596685,67548880.00
2018/08/30,27.80,28.23,26.83,27.13,1808921,74872384.00
2018/08/31,27.20,27.73,26.73,27.19,1556971,63914056.00
2018/09/03,27.06,27.35,25.85,27.33,2654349,105592424.00
2018/09/04,27.19,28.39,26.92,28.24,3042579,127196488.00
2018/09/05,27.93,29.37,27.68,27.73,3613971,154964336.00
2018/09/06,27.17,28.17,27.13,27.27,1607326,66686376.00
2018/09/07,27.52,27.71,25.32,25.51,3076930,121875008.00
2018/09/10,25.77,26.19,24.75,24.83,3120955,119061624.00
2018/09/11,25.17,25.83,24.87,25.61,2480748,94760400.00
2018/09/12,25.38,25.85,25.14,25.52,1430691,54834324.00
2018/09/13,25.71,26.47,25.45,26.47,3465368,135555232.00
2018/09/14,26.40,26.60,25.74,26.07,2809798,110501536.00
2018/09/17,25.89,26.26,25.55,25.93,1339400,52277432.00
2018/09/18,25.80,26.19,24.61,25.23,2804762,106220472.00
2018/09/19,25.40,26.51,25.03,26.07,2858110,110637000.00
2018/09/20,25.95,26.23,24.94,25.39,2699938,103130112.00
2018/09/21,25.27,25.65,24.97,25.49,1594599,60686472.00
2018/09/25,25.27,25.83,25.18,25.55,1624564,62360760.00
2018/09/26,25.55,25.82,25.07,25.28,1934818,73862144.00
2018/09/27,25.29,25.46,23.99,23.99,2546673,93818088.00
2018/09/28,23.91,24.87,23.51,24.83,2333451,85219512.00
2018/10/08,24.10,24.67,23.60,23.71,1258335,45651252.00
2018/10/09,23.80,24.35,22.15,22.60,2578163,89577656.00
2018/10/10,22.60,23.82,22.49,23.21,2837080,98464496.00
2018/10/11,22.01,22.92,20.88,20.88,3040721,99986040.00
2018/10/12,21.35,22.78,20.89,22.62,3722705,123223904.00
2018/10/15,23.00,24.19,22.93,23.83,2824957,100172760.00
2018/10/16,23.52,24.13,22.71,22.93,2618329,91030440.00
2018/10/17,23.50,23.53,21.60,22.52,2391304,81926064.00
2018/10/18,22.51,23.19,21.93,22.52,2121975,72562928.00
2018/10/19,21.71,23.63,21.61,23.43,2518034,87087816.00
2018/10/22,24.05,25.21,24.05,24.97,3364681,125446600.00
2018/10/23,24.97,25.15,24.10,24.20,2315462,85752640.00
2018/10/24,23.98,24.45,23.40,23.49,1759654,63053752.00
2018/10/25,22.53,24.25,22.28,24.06,2833152,98667976.00
2018/10/26,24.67,24.89,23.67,24.23,2161327,78840624.00
2018/10/29,24.23,24.59,23.40,23.93,1762855,64245268.00
2018/10/30,23.63,24.09,22.87,23.65,2069058,73036040.00
2018/10/31,23.64,24.10,23.47,23.73,1127810,40474192.00
2018/11/01,24.60,24.86,23.54,23.73,1540628,56028136.00
2018/11/02,24.59,25.16,24.17,24.97,2607975,96711360.00
2018/11/05,24.70,25.20,24.13,24.80,1855758,68911512.00
2018/11/06,24.29,24.93,24.27,24.80,1504504,55465816.00
2018/11/07,24.73,26.87,24.61,25.89,5769221,225395456.00
2018/11/08,26.13,26.33,25.47,25.79,2644283,103287256.00
2018/11/09,25.77,27.27,25.49,26.79,4293057,172846448.00
2018/11/12,26.87,27.71,26.77,27.30,2801856,115061056.00
2018/11/13,27.04,27.23,26.27,26.65,4173453,167717840.00
2018/11/14,26.64,26.65,26.13,26.33,1781860,70510736.00
2018/11/15,26.01,26.75,26.01,26.72,2357984,94088808.00
2018/11/16,26.73,27.05,26.51,26.87,2660527,107186248.00
2018/11/19,26.76,26.76,25.61,25.94,3403686,132666800.00
2018/11/20,25.41,25.93,24.27,24.55,3492078,130827640.00
2018/11/21,24.55,24.93,24.03,24.93,1915575,71026480.00
2018/11/22,24.93,25.15,24.32,24.47,1498560,55474796.00
2018/11/23,24.60,24.60,23.63,24.14,2429301,87467256.00
2018/11/26,23.94,24.85,23.75,24.79,2046896,75029408.00
2018/11/27,24.76,25.64,24.53,25.33,2589375,97939472.00
2018/11/28,25.61,25.71,25.02,25.27,2013176,76836856.00
2018/11/29,25.39,25.64,24.17,24.17,1813543,68221408.00
2018/11/30,23.92,24.72,23.85,24.37,1293281,47139740.00
2018/12/03,25.28,26.18,25.19,25.66,3348209,129415216.00
2018/12/04,25.67,26.45,25.47,26.11,3404810,133318536.00
2018/12/05,25.78,26.22,24.87,25.28,4561860,175606688.00
2018/12/06,24.27,24.33,22.75,22.75,6736449,235307088.00
2018/12/07,22.77,23.27,22.07,22.25,5078261,173274768.00
2018/12/10,22.42,22.77,22.01,22.25,3615840,121871680.00
2018/12/11,22.55,23.01,22.51,22.96,3651853,125116872.00
2018/12/12,23.27,23.40,22.57,22.69,2224337,76647880.00
2018/12/13,22.59,23.14,22.57,22.87,2067004,71311560.00
2018/12/14,22.77,23.06,21.87,22.08,2178294,73584496.00
2018/12/17,21.93,22.25,21.00,21.89,1943382,63158868.00
2018/12/18,21.49,22.15,21.49,21.79,1695270,55718060.00
2018/12/19,21.91,22.15,21.67,21.80,1899626,62648484.00
2018/12/20,21.41,21.69,20.60,21.23,2753766,87247944.00
2018/12/21,20.91,21.21,20.27,20.46,2518537,78480800.00
2018/12/24,20.83,22.51,20.63,22.51,6331583,208830768.00
2018/12/25,22.06,23.79,21.81,23.01,7823372,266919408.00
2018/12/26,22.87,23.05,22.30,22.45,3942207,134269152.00
2018/12/27,22.83,23.25,22.17,22.17,3652222,124683056.00
2018/12/28,22.11,22.52,21.27,22.21,3013517,100077560.00
2019/01/02,22.89,22.97,22.15,22.42,3585075,121908832.00
2019/01/03,22.21,22.42,20.69,21.20,3810826,123424904.00
2019/01/04,20.52,21.76,20.52,21.53,2734624,87116752.00
2019/01/07,21.75,22.71,21.63,22.57,3801337,127828080.00
2019/01/08,22.37,22.71,22.17,22.27,2073630,69932536.00
2019/01/09,22.33,22.59,21.94,21.94,2658444,89100808.00
2019/01/10,21.83,22.57,21.67,22.14,2515209,83763456.00
2019/01/11,22.32,23.25,22.17,22.42,4533242,154994704.00
2019/01/14,22.27,22.27,21.42,21.61,3072900,100161760.00
2019/01/15,21.79,21.85,21.43,21.75,2056563,67038088.00
2019/01/16,21.80,21.80,21.20,21.37,2122700,68604384.00
2019/01/17,21.25,21.56,20.85,21.04,1628575,52041280.00
2019/01/18,20.97,21.30,20.81,21.22,1609538,50985032.00
2019/01/21,21.19,22.12,21.18,21.66,2890893,94294912.00
2019/01/22,21.53,21.91,19.93,20.60,5206230,162004816.00
2019/01/23,20.40,21.11,20.31,20.86,2314297,72263312.00
2019/01/24,20.72,21.49,20.59,21.47,2491976,79199048.00
2019/01/25,21.40,23.13,21.30,21.98,5307557,177188784.00
2019/01/28,22.25,22.37,21.23,21.45,2894306,94658576.00
2019/01/29,21.47,22.26,20.94,22.07,3361784,109609400.00
2019/01/30,21.93,22.13,21.54,21.69,1961297,64469988.00
2019/01/31,21.67,22.51,21.67,21.95,3120595,103829088.00
2019/02/01,22.05,22.50,21.94,22.39,2994859,100564080.00
2019/02/11,22.53,22.97,22.39,22.85,3564285,121962760.00
2019/02/12,22.71,22.97,22.52,22.78,3558512,121515480.00
2019/02/13,22.77,23.92,22.77,23.63,5930792,209509824.00
2019/02/14,23.43,24.03,23.43,23.92,3860978,137833120.00
2019/02/15,23.87,23.87,23.33,23.44,3026436,107255056.00
2019/02/18,23.61,25.21,23.45,24.69,5660187,206264208.00
2019/02/19,24.81,24.81,24.04,24.37,4162078,152512672.00
2019/02/20,24.35,24.35,23.60,24.13,3197587,115351792.00
2019/02/21,24.17,25.81,24.13,24.55,6446640,241588080.00
2019/02/22,24.27,25.60,24.27,25.52,5090134,193079104.00
2019/02/25,27.14,28.07,25.93,27.75,7691884,312640960.00
2019/02/26,27.27,27.66,26.59,27.33,5540670,226195904.00
2019/02/27,28.69,29.36,26.46,26.92,6751298,282075328.00
2019/02/28,26.43,27.51,26.43,26.98,3083192,125612672.00
2019/03/01,27.12,27.30,26.27,26.53,3204762,127664768.00
2019/03/04,26.54,27.77,26.54,26.74,5217160,212764400.00
2019/03/05,26.87,27.73,26.47,27.56,5188812,212913968.00
2019/03/06,27.60,28.26,26.87,27.47,4883408,200977136.00
2019/03/07,27.47,27.59,26.41,26.85,5501537,222577040.00
2019/03/08,25.93,27.93,25.66,26.63,5550782,225725152.00
2019/03/11,26.69,29.18,26.52,28.63,5834631,242572272.00
2019/03/12,29.05,29.23,27.75,28.37,5818342,249642240.00
2019/03/13,28.39,28.39,27.28,27.33,3862226,161936416.00
2019/03/14,27.31,27.92,26.97,27.77,3127170,129146104.00
2019/03/15,27.88,29.93,27.20,29.83,6776560,290603584.00
2019/03/18,29.91,31.60,29.29,30.77,5866444,269001152.00
2019/03/19,31.60,31.60,30.27,31.00,4428144,204963344.00
2019/03/20,30.63,31.25,29.27,30.61,4107768,186658544.00
2019/03/21,30.80,30.85,30.20,30.52,3251638,149234624.00
2019/03/22,30.53,31.46,29.49,31.16,4340481,198280560.00
2019/03/25,30.40,31.59,30.33,30.48,2990085,138446880.00
2019/03/26,30.40,30.73,28.89,29.07,3760311,167213648.00
2019/03/27,29.27,29.39,27.87,28.64,3697619,158411728.00
2019/03/28,28.27,29.58,27.99,28.13,3195241,137907536.00
2019/03/29,28.29,28.89,27.18,28.67,4209597,178404400.00
2019/04/01,28.60,30.19,28.60,29.73,4907081,216991968.00
2019/04/02,29.75,30.40,29.50,29.83,3814620,172078000.00
2019/04/03,29.47,29.70,28.63,29.30,3731039,162946496.00
2019/04/04,29.53,29.53,28.69,28.94,2220839,96548616.00
2019/04/08,28.67,28.95,27.80,28.03,2583088,110016440.00
2019/04/09,28.08,28.73,27.98,28.26,2049420,87373888.00
2019/04/10,28.12,28.59,27.19,28.13,2116485,88950480.00
2019/04/11,28.13,28.13,27.07,27.13,1966365,81154888.00
2019/04/12,27.13,27.82,27.05,27.46,1200784,49591040.00
2019/04/15,28.07,28.60,27.53,27.59,2126614,89939296.00
2019/04/16,27.40,29.67,27.07,29.21,4409209,189534496.00
2019/04/17,28.93,29.71,28.82,28.94,3494603,153514064.00
2019/04/18,28.67,29.42,28.47,29.20,2479863,108325320.00
2019/04/19,29.35,29.40,28.63,29.19,1965131,85720488.00
2019/04/22,29.40,30.11,28.93,29.07,2788874,123928432.00
2019/04/23,29.13,29.14,27.93,28.06,1575889,67437528.00
2019/04/24,28.09,28.60,27.27,27.94,2176076,91223144.00
2019/04/25,27.97,28.52,27.33,27.53,2095691,87825312.00
2019/04/26,27.06,27.99,27.06,27.17,2254321,61820912.00
2019/04/29,27.53,29.89,27.53,27.91,5048582,143478832.00
2019/04/30,27.51,27.70,25.12,26.97,3899944,104269016.00
2019/05/06,25.07,25.59,24.27,24.27,4645230,114798416.00
2019/05/07,24.27,24.53,22.85,23.59,3724161,88442184.00
2019/05/08,22.84,24.24,22.51,23.39,2767101,65373636.00
2019/05/09,23.15,24.21,22.80,23.85,2926533,69450160.00
2019/05/10,24.40,24.98,23.31,24.82,4504627,110271456.00
2019/05/13,24.58,25.80,24.00,25.21,4606605,114798512.00
2019/05/14,24.75,25.39,24.35,24.90,3148863,78520664.00
2019/05/15,25.23,25.40,24.81,24.99,2948011,73801008.00
2019/05/16,24.70,24.70,23.55,23.81,5100360,122232856.00
2019/05/17,24.24,25.83,23.98,24.70,9295244,229630224.00
2019/05/20,24.50,24.90,22.50,23.63,6534170,152990000.00
2019/05/21,23.96,24.85,23.15,24.00,6706392,161165408.00
2019/05/22,23.46,24.18,23.20,23.33,5644466,133489984.00
2019/05/23,23.30,23.30,21.25,21.41,6269897,138473648.00
2019/05/24,21.16,21.91,21.16,21.49,3109259,67145848.00
2019/05/27,21.45,22.39,21.34,22.28,3388012,74772768.00
2019/05/28,22.54,22.77,22.00,22.15,3253740,72818816.00
2019/05/29,22.15,22.91,22.01,22.35,2923765,65816652.00
2019/05/30,22.31,22.34,21.48,22.04,3318771,72598296.00
2019/05/31,22.04,22.74,21.98,22.20,3841049,85802560.00
2019/06/03,22.22,23.17,21.27,22.59,5704306,126525848.00
2019/06/04,22.70,24.10,22.70,23.57,11289553,264077664.00
2019/06/05,24.27,24.77,23.70,24.48,9432215,228243712.00
2019/06/06,24.11,24.22,22.70,23.10,6208776,145631136.00
2019/06/10,23.34,25.41,23.11,25.41,14675416,366540064.00
2019/06/11,25.34,26.23,24.67,26.22,14447435,368747872.00
2019/06/12,25.68,26.70,25.30,25.46,9702639,250645456.00
2019/06/13,25.35,26.18,25.29,25.47,5777273,148176272.00
2019/06/14,25.17,25.75,24.33,24.48,5195692,129319296.00
2019/06/17,24.90,25.65,24.48,24.83,4040492,100834000.00
2019/06/18,25.19,25.32,24.10,24.30,3947450,96760536.00
2019/06/19,25.56,25.93,24.85,25.26,9285960,236242368.00
2019/06/20,24.90,26.20,24.71,25.64,7470592,191378112.00
2019/06/21,25.90,26.16,25.15,25.45,7083793,181313424.00
2019/06/24,25.09,25.45,24.70,24.99,4265974,106756184.00
2019/06/25,24.70,25.00,24.33,24.83,3214354,79302480.00
2019/06/26,24.74,26.73,24.70,26.09,10982424,286040640.00
2019/06/27,26.12,27.49,25.91,26.83,11746482,313210880.00
2019/06/28,26.74,26.84,25.80,25.88,6009310,156625600.00
2019/07/01,28.10,28.12,26.77,26.96,11249636,305651584.00
2019/07/02,26.75,27.34,26.52,26.72,6990901,187850784.00
2019/07/03,26.45,26.79,25.80,26.10,4489762,117228064.00
2019/07/04,26.00,26.24,25.61,25.92,3416823,88123864.00
2019/07/05,25.77,26.58,25.77,26.49,4532249,119290032.00
2019/07/08,26.20,26.32,24.82,24.90,4756577,120591256.00
2019/07/09,25.00,25.30,24.30,24.81,3804071,94312592.00
2019/07/10,25.08,25.68,24.76,25.02,4257872,107760704.00
2019/07/11,25.20,26.69,25.20,26.35,7203630,185942336.00
2019/07/12,26.80,27.60,26.34,26.72,11007450,297462400.00
2019/07/15,26.99,28.77,26.46,28.10,10839176,300586368.00
2019/07/16,27.68,29.25,27.68,28.68,10274460,295128544.00
2019/07/17,28.88,29.06,28.00,28.37,6686684,191310480.00
2019/07/18,28.37,28.79,27.76,28.13,6104112,172821856.00
2019/07/19,28.66,28.82,27.81,27.81,4955106,139524848.00
2019/07/22,28.19,28.69,26.99,27.75,5550600,155531072.00
2019/07/23,27.20,28.12,26.48,28.12,7279214,199559040.00
2019/07/24,28.17,29.35,27.80,28.98,9932713,284742176.00
2019/07/25,28.98,29.36,28.72,28.80,7404774,214859904.00
2019/07/26,28.76,29.98,28.66,29.77,8297327,244568960.00
2019/07/29,29.80,31.80,29.31,31.29,12933444,396201312.00
2019/07/30,31.20,32.48,30.25,30.77,13235941,412767136.00
2019/07/31,30.67,31.21,30.48,30.68,5999251,184858624.00
2019/08/01,30.68,31.18,30.63,31.00,5807764,179496832.00
2019/08/02,29.78,30.89,29.55,30.43,6304655,191448432.00
2019/08/05,30.05,31.24,30.05,30.26,5418668,166213888.00
2019/08/06,29.10,31.25,28.53,30.86,12824975,383474848.00
2019/08/07,30.85,31.10,29.58,29.66,8627688,261760288.00
2019/08/08,29.74,30.89,29.06,30.37,7830866,234855152.00
2019/08/09,30.70,31.58,29.63,29.91,8647634,266355440.00
2019/08/12,30.20,32.90,29.90,32.90,13256062,421475808.00
2019/08/13,33.50,35.27,33.26,34.10,20014836,681449920.00
2019/08/14,34.95,36.01,33.69,33.84,18802978,656145600.00
2019/08/15,32.66,36.49,32.47,36.00,18281400,632540224.00
2019/08/16,35.60,36.23,35.19,35.57,12989404,463132288.00
2019/08/19,37.25,38.88,36.09,37.72,15080517,561328576.00
2019/08/20,38.00,40.00,37.58,38.54,14538802,565779520.00
2019/08/21,38.50,42.39,37.87,42.39,22709963,933972160.00
2019/08/22,43.40,43.68,41.87,43.26,20242173,864754880.00
2019/08/23,42.50,43.38,40.98,42.03,15242185,639611072.00
2019/08/26,41.15,42.45,41.01,41.93,9773131,407060800.00
2019/08/27,42.48,42.93,40.73,41.43,12686223,531317056.00
2019/08/28,41.08,41.98,40.60,41.44,8556237,353971296.00
2019/08/29,41.59,43.90,41.20,43.07,13982135,594168192.00
2019/08/30,42.88,43.50,38.76,38.76,19759817,806110464.00
2019/09/02,38.80,42.40,38.80,41.90,14953194,611126336.00
2019/09/03,42.16,43.01,41.50,42.68,11915882,503851968.00
2019/09/04,42.90,46.14,42.90,45.23,15395455,688250496.00
2019/09/05,46.61,48.86,44.01,46.08,14229461,660324288.00
2019/09/06,46.91,48.60,46.25,47.90,11278023,535203008.00
2019/09/09,48.23,49.44,46.52,49.40,10907196,523935840.00
2019/09/10,49.26,49.26,44.96,47.24,12955749,609661248.00
2019/09/11,48.00,48.57,46.38,47.41,9022968,428845216.00
2019/09/12,47.50,47.50,45.90,46.65,5783385,270051776.00
2019/09/16,46.92,48.30,46.61,47.41,7451502,354053824.00
2019/09/17,47.71,48.14,46.56,46.98,6994690,329968800.00
2019/09/18,46.54,48.23,45.81,47.61,8052598,380237728.00
2019/09/19,48.00,49.25,47.13,48.62,7218876,348893408.00
2019/09/20,49.00,49.89,48.00,48.38,7802165,381810368.00
2019/09/23,47.99,48.98,47.43,48.60,8148365,393866240.00
2019/09/24,48.51,50.85,47.68,49.94,11928845,587591744.00
2019/09/25,49.32,50.30,45.81,47.65,10076284,485155904.00
2019/09/26,47.55,47.90,42.98,43.43,11605748,520359200.00
2019/09/27,44.30,45.98,43.85,45.60,8723451,393228800.00
2019/09/30,45.76,45.97,43.88,44.42,7287741,327111872.00
2019/10/08,44.04,46.45,43.00,43.32,7069161,313520032.00
2019/10/09,43.39,44.68,42.41,44.59,5292931,231265568.00
2019/10/10,44.60,47.25,43.71,46.85,8480534,389089888.00
2019/10/11,46.66,50.54,46.08,50.00,12067500,588050624.00
2019/10/14,48.80,50.25,48.21,49.13,11300938,554197760.00
2019/10/15,48.50,48.80,45.45,46.80,9149127,426305280.00
2019/10/16,47.10,48.20,45.62,47.46,7177223,337715872.00
2019/10/17,47.00,48.50,46.62,46.82,4815603,229029072.00
2019/10/18,46.91,47.60,45.20,45.57,5194853,240591056.00
2019/10/21,45.25,46.18,44.52,45.50,4185743,189986320.00
2019/10/22,45.99,46.18,45.16,45.95,3436618,157201392.00
2019/10/23,45.99,46.20,44.70,45.05,3735869,169944768.00
2019/10/24,44.99,45.48,43.82,44.74,4068209,181568640.00
2019/10/25,44.68,47.50,44.35,46.68,6262459,286506176.00
2019/10/28,46.00,47.35,45.66,46.90,6150279,285570528.00
2019/10/29,46.95,46.95,44.56,44.82,5943922,269955232.00
2019/10/30,45.02,45.80,44.06,44.93,3592033,162145072.00
2019/10/31,45.35,46.46,44.62,45.26,5342593,244058672.00
2019/11/01,45.00,46.90,44.58,46.40,6111328,281087936.00
数据来源:通达信
