300622 博士眼镜 日线 前复权
      日期	    开盘	    最高	    最低	    收盘	    成交量	    成交额
2017/03/15,7.79,9.48,7.79,9.48,5105,70988.80
2017/03/16,10.50,10.50,10.50,10.50,1406,21905.48
2017/03/17,11.61,11.61,11.61,11.61,1500,25710.00
2017/03/20,12.83,12.83,12.83,12.83,6000,113100.00
2017/03/21,14.19,14.19,14.19,14.19,500,10370.00
2017/03/22,15.67,15.67,15.67,15.67,6009,137065.30
2017/03/23,17.30,17.30,17.30,17.30,1700,42653.00
2017/03/24,19.09,19.09,19.09,19.09,3921,108219.60
2017/03/27,21.06,21.06,21.06,21.06,12100,367356.00
2017/03/28,23.24,23.24,23.24,23.24,17000,567800.00
2017/03/29,25.62,25.62,25.62,25.62,15095,554590.31
2017/03/30,28.25,28.25,28.25,28.25,196475,7939555.00
2017/03/31,31.14,31.14,31.14,31.14,212358,9439313.00
2017/04/05,32.35,34.31,29.74,32.17,12821425,580299968.00
2017/04/06,31.54,34.96,31.17,34.25,11806354,557991424.00
2017/04/07,33.67,33.95,31.39,31.82,8412143,391129792.00
2017/04/10,31.10,31.49,28.57,28.63,7061724,302797760.00
2017/04/11,28.28,30.50,28.28,30.19,5950039,251427408.00
2017/04/12,29.63,30.66,29.04,29.16,4464808,189455264.00
2017/04/13,28.86,29.95,28.70,28.80,2914425,122080632.00
2017/04/14,28.38,28.67,27.87,27.98,3068789,123916376.00
2017/04/17,26.92,27.10,25.25,26.33,3951436,148880096.00
2017/04/18,26.49,26.80,25.85,25.94,1584497,60014556.00
2017/04/19,26.03,27.23,25.87,26.88,2101974,79694856.00
2017/04/20,26.74,26.76,25.31,25.81,2180344,81058696.00
2017/04/21,25.80,26.00,25.32,25.38,1165569,42757628.00
2017/04/24,25.01,25.32,23.88,24.22,1284433,44911888.00
2017/04/25,24.24,24.79,24.20,24.24,1234236,43336876.00
2017/04/26,24.28,25.01,24.26,24.70,1651600,58515696.00
2017/04/27,24.69,26.53,24.13,26.17,2945822,107730536.00
2017/04/28,26.17,26.37,25.94,26.14,1847925,69220560.00
2017/05/02,25.88,26.42,25.67,25.71,1337210,49837196.00
2017/05/03,25.85,26.17,25.27,26.10,1934017,71490240.00
2017/05/04,25.90,25.94,24.38,24.95,1567353,56758072.00
2017/05/05,24.94,25.49,24.78,24.78,1292580,46420068.00
2017/05/08,24.74,24.74,23.99,24.12,1072737,37552808.00
2017/05/09,24.02,24.84,23.97,24.59,1091691,38241624.00
2017/05/10,24.53,24.90,23.67,23.81,1253907,43960220.00
2017/05/11,23.56,24.09,23.04,24.07,1607373,54496924.00
2017/05/12,23.94,24.26,23.38,24.07,1847470,63394972.00
2017/05/15,24.24,24.56,23.88,23.99,1405444,48848168.00
2017/05/16,23.72,24.85,23.59,24.84,1564996,54362412.00
2017/05/17,24.67,25.23,24.65,24.98,1708172,61244320.00
2017/05/18,24.75,25.17,24.38,24.38,1382650,49054668.00
2017/05/19,24.36,24.65,23.74,23.82,974759,33808520.00
2017/05/22,23.85,23.85,21.60,21.86,1687894,55338968.00
2017/05/23,21.63,22.20,20.86,20.99,1434241,44436756.00
2017/05/24,20.83,21.91,20.72,21.91,1527739,47043500.00
2017/05/25,22.02,22.68,21.44,22.49,2737342,86849520.00
2017/05/26,22.09,22.43,21.52,22.06,2026124,64247020.00
2017/05/31,22.96,23.14,21.88,21.94,2252689,73571784.00
2017/06/01,21.49,21.83,20.34,20.36,1613900,49091436.00
2017/06/02,20.08,21.23,19.96,21.03,1115121,33270480.00
2017/06/05,21.20,21.71,21.11,21.19,1048848,32316790.00
2017/06/06,20.88,21.23,20.88,21.16,750846,22807116.00
2017/06/07,21.29,22.02,21.16,21.91,1662794,51793108.00
2017/06/08,21.92,22.09,21.53,21.69,965723,30148606.00
2017/06/09,21.81,21.88,21.46,21.79,719264,22330252.00
2017/06/12,21.50,21.50,20.71,20.77,1151648,34620884.00
2017/06/13,20.59,21.42,20.56,21.30,988490,29974452.00
2017/06/14,21.30,21.34,20.93,21.18,671891,20357428.00
2017/06/15,21.17,21.89,21.17,21.75,1268526,39338960.00
2017/06/16,21.66,21.76,21.38,21.52,980224,30217448.00
2017/06/19,21.60,21.81,21.42,21.69,687326,21241804.00
2017/06/20,21.73,21.77,21.38,21.39,1400066,43343028.00
2017/06/21,21.34,21.49,21.01,21.31,742676,22602682.00
2017/06/22,21.32,21.34,20.69,20.69,899218,27070878.00
2017/06/23,20.59,20.86,20.17,20.66,930016,27329588.00
2017/06/26,20.58,20.82,20.41,20.76,573432,16938652.00
2017/06/27,20.71,21.08,20.66,20.81,603060,18019874.00
2017/06/28,20.76,21.06,20.68,20.84,804107,23989700.00
2017/06/29,20.65,21.19,20.65,21.03,879969,26481634.00
2017/06/30,20.96,21.38,20.72,21.26,1217069,36875928.00
2017/07/03,21.30,21.45,21.05,21.44,1190007,36293440.00
2017/07/04,21.44,21.58,21.29,21.38,942305,28889778.00
2017/07/05,21.28,21.86,21.28,21.86,1443347,44765012.00
2017/07/06,21.96,22.01,21.59,21.96,1750261,54611200.00
2017/07/07,21.91,22.98,21.89,22.49,3099812,99966664.00
2017/07/10,22.37,22.38,21.22,21.35,2844105,88741112.00
2017/07/11,21.27,21.41,20.76,20.90,1518013,45945084.00
2017/07/12,20.92,21.28,20.49,21.26,1131095,33935772.00
2017/07/13,21.16,21.16,20.75,20.82,958280,28705862.00
2017/07/14,20.83,21.13,20.53,20.66,563474,16738225.00
2017/07/17,20.25,20.36,18.55,18.55,1831501,50342500.00
2017/07/18,18.37,18.80,18.23,18.55,854672,22745800.00
2017/07/19,18.46,18.79,18.31,18.67,681607,18198822.00
2017/07/20,18.80,19.00,18.46,18.49,800995,21607506.00
2017/07/21,18.34,18.61,18.00,18.16,698835,18411250.00
2017/07/24,17.68,18.44,17.68,18.30,759460,19668576.00
2017/07/25,18.15,18.46,18.15,18.20,491200,12913029.00
2017/07/26,18.45,18.45,17.95,18.00,316075,8238765.00
2017/07/27,18.03,18.93,17.87,18.93,1192182,31826356.00
2017/07/28,19.10,19.20,18.61,18.63,1001045,27162026.00
2017/07/31,18.65,18.79,18.47,18.68,602962,16124601.00
2017/08/01,18.66,18.96,18.66,18.91,598962,16164934.00
2017/08/02,18.91,19.15,18.70,18.71,662885,17940778.00
2017/08/03,18.73,19.13,18.50,18.88,604634,16445077.00
2017/08/04,18.94,18.94,18.63,18.67,445715,11970018.00
2017/08/07,18.67,18.90,18.63,18.73,288280,7763305.00
2017/08/08,18.69,18.85,18.48,18.70,514086,13800315.00
2017/08/09,18.67,18.82,18.62,18.73,302500,8135187.00
2017/08/10,18.68,18.84,18.61,18.66,426600,11465607.00
2017/08/11,18.51,18.61,18.02,18.14,324595,8592009.00
2017/08/14,18.14,18.66,18.14,18.59,371300,9874298.00
2017/08/15,18.74,18.88,18.59,18.83,548785,14805093.00
2017/08/16,18.83,19.20,18.78,19.09,1262750,34605880.00
2017/08/17,19.08,19.13,18.82,19.08,633260,17275112.00
2017/08/18,18.99,18.99,18.68,18.79,466900,12614064.00
2017/08/21,18.78,19.30,18.75,19.20,739282,20257504.00
2017/08/22,19.27,19.31,18.89,19.07,746377,20436272.00
2017/08/23,19.06,19.27,18.81,19.15,1124409,30879870.00
2017/08/24,19.15,19.50,18.88,18.99,1079770,29711178.00
2017/08/25,18.95,19.72,18.88,19.57,1515739,42117480.00
2017/08/28,19.57,20.55,19.48,20.38,2494861,72095968.00
2017/08/29,20.23,20.92,20.02,20.27,2478468,72642328.00
2017/08/30,20.18,20.53,20.03,20.08,1602300,46408296.00
2017/08/31,20.23,20.90,20.02,20.86,1738511,51297024.00
2017/09/01,20.88,20.94,20.51,20.93,1553831,46116088.00
2017/09/04,20.86,21.51,20.63,21.09,2078202,62924252.00
2017/09/05,21.09,21.52,20.81,20.94,1324206,39978416.00
2017/09/06,20.88,20.88,20.27,20.68,1337695,39336528.00
2017/09/07,20.63,21.08,20.38,20.71,1103637,32877962.00
2017/09/08,20.48,20.79,20.17,20.46,902099,26470952.00
2017/09/11,20.38,20.79,20.38,20.79,784386,23214058.00
2017/09/12,20.81,20.90,20.10,20.17,982929,28765660.00
2017/09/13,20.22,20.49,20.13,20.46,522492,15227648.00
2017/09/14,20.46,20.57,20.24,20.33,488365,14287019.00
2017/09/15,20.36,20.43,19.88,19.89,587230,16955650.00
2017/09/18,19.93,20.01,19.48,19.98,808185,22873626.00
2017/09/19,19.93,20.36,19.81,19.95,642755,18494282.00
2017/09/20,20.49,20.49,19.95,20.35,904830,26270536.00
2017/09/21,20.35,20.63,19.98,20.06,1443000,41924884.00
2017/09/22,19.94,20.21,19.64,20.11,1037978,29602910.00
2017/09/25,19.97,20.41,19.97,20.06,1013851,29360484.00
2017/09/26,19.94,20.07,19.22,20.07,1213228,34075732.00
2017/09/27,19.73,20.08,19.59,20.02,732882,20886048.00
2017/09/28,19.94,20.56,19.88,20.23,1211337,35266692.00
2017/09/29,20.23,20.59,20.13,20.44,1083453,31781946.00
2017/10/09,20.71,20.89,20.32,20.41,937778,27576330.00
2017/10/10,20.46,20.93,20.39,20.91,1141080,33857156.00
2017/10/11,20.91,20.94,20.52,20.56,950845,28156300.00
2017/10/12,20.46,20.72,19.96,20.21,965723,28159742.00
2017/10/13,20.36,22.28,20.24,22.28,3058945,94467584.00
2017/10/16,22.89,22.89,21.31,21.38,4207459,132885752.00
2017/10/17,21.32,23.57,21.32,23.07,7516965,244240400.00
2017/10/18,22.35,23.79,22.08,23.51,7114715,232586848.00
2017/10/19,23.02,23.40,22.56,22.89,4063541,133448864.00
2017/10/20,22.94,22.98,21.84,22.38,3082630,97941040.00
2017/10/23,22.26,22.64,22.09,22.56,2329215,74461960.00
2017/10/24,22.38,22.39,21.38,21.81,2729478,84951448.00
2017/10/25,21.66,22.20,21.58,22.09,2148958,67590968.00
2017/10/26,22.02,23.45,21.81,23.45,4439975,144808080.00
2017/10/27,23.17,23.43,22.77,23.11,3109792,102707416.00
2017/10/30,22.84,23.25,21.69,21.91,2355862,74934224.00
2017/10/31,21.94,22.66,21.94,22.52,1615057,51475952.00
2017/11/01,22.32,22.92,22.19,22.54,1846955,59595192.00
2017/11/02,22.54,22.54,21.80,21.81,1534070,48298176.00
2017/11/03,21.66,21.88,20.86,21.01,1719645,52474600.00
2017/11/06,21.28,21.57,21.03,21.38,1185208,36236340.00
2017/11/07,21.38,21.51,20.96,21.51,1447161,43948096.00
2017/11/08,21.45,21.95,21.39,21.65,1484635,46210808.00
2017/11/09,21.58,21.88,21.45,21.86,985261,30613272.00
2017/11/10,21.79,22.46,21.74,22.14,1762624,56029036.00
2017/11/13,22.16,22.66,21.96,22.66,1889490,60043388.00
2017/11/14,22.59,23.09,22.28,23.08,2679085,86847272.00
2017/11/15,23.05,23.05,22.29,22.52,1857990,60309144.00
2017/11/16,22.40,22.80,21.84,21.86,1594469,50839388.00
2017/11/17,21.59,21.79,19.63,19.84,2754663,81542504.00
2017/11/20,20.31,21.57,20.31,20.63,1813245,53648280.00
2017/11/21,21.11,21.13,19.25,19.87,2534944,73431680.00
2017/11/22,19.91,20.00,19.39,19.55,1562249,43998232.00
2017/11/23,19.50,19.51,18.57,18.59,1723969,46735064.00
2017/11/24,18.43,18.79,18.37,18.52,702885,18804950.00
2017/11/27,18.52,18.92,18.45,18.63,730700,19557778.00
2017/11/28,18.62,19.29,18.58,19.15,956485,26173536.00
2017/11/29,19.09,19.35,18.77,19.33,895595,24483378.00
2017/11/30,19.41,19.52,19.27,19.46,994100,27644944.00
2017/12/01,19.45,20.11,19.34,19.96,1222895,34676164.00
2017/12/04,19.88,20.09,19.27,19.60,1126169,31628242.00
2017/12/05,19.52,19.93,18.09,18.31,1287763,35357172.00
2017/12/06,18.25,18.88,18.25,18.85,544485,14478420.00
2017/12/07,18.68,19.00,18.68,18.73,310640,8375748.50
2017/12/08,18.60,19.30,18.60,19.02,547900,14996663.00
2017/12/11,19.02,19.23,18.93,18.99,625675,17093518.00
2017/12/12,18.86,18.99,18.09,18.12,949200,25072620.00
2017/12/13,18.00,18.28,17.93,18.12,798700,20780940.00
2017/12/14,18.12,18.35,17.95,18.23,533220,13895551.00
2017/12/15,18.08,18.38,18.08,18.16,546080,14284396.00
2017/12/18,18.12,18.22,17.56,17.86,618440,15916773.00
2017/12/19,17.85,18.02,17.75,17.96,357895,9225270.00
2017/12/20,17.96,18.17,17.80,17.99,458575,11834707.00
2017/12/21,17.80,19.83,17.80,18.35,854600,22505020.00
2017/12/22,18.30,18.34,17.89,18.02,426380,11109002.00
2017/12/25,18.01,18.01,17.26,17.37,808510,20307594.00
2017/12/26,17.32,17.83,17.31,17.74,695995,17679644.00
2017/12/27,17.73,18.38,17.52,17.93,892760,22979012.00
2017/12/28,17.74,18.37,17.63,18.16,849485,22129070.00
2017/12/29,18.23,18.30,18.05,18.22,463945,12103584.00
2018/01/02,18.22,18.30,18.05,18.25,328555,8584214.00
2018/01/03,18.23,18.49,18.12,18.25,601155,15807990.00
2018/01/04,18.19,18.27,17.88,17.92,671980,17457336.00
2018/01/05,17.92,18.07,17.87,18.07,407174,10533576.00
2018/01/08,18.07,18.17,17.52,17.84,862890,21991256.00
2018/01/09,17.84,17.93,17.62,17.75,475290,12148552.00
2018/01/10,17.81,17.84,17.31,17.52,613689,15488387.00
2018/01/11,17.50,17.78,17.37,17.73,476364,12100003.00
2018/01/12,17.75,17.80,17.46,17.57,471959,11932678.00
2018/01/15,17.37,17.52,16.75,16.88,758550,18663018.00
2018/01/16,16.88,17.29,16.85,17.08,464695,11432996.00
2018/01/17,17.08,17.35,16.85,17.32,563900,13893240.00
2018/01/18,17.28,17.65,17.27,17.32,419075,10489704.00
2018/01/19,17.41,17.68,17.18,17.24,527424,13190119.00
2018/01/22,17.23,17.23,16.67,17.21,601675,14712502.00
2018/01/23,17.03,17.30,17.03,17.21,458124,11323760.00
2018/01/24,17.20,17.59,17.06,17.44,628319,15681812.00
2018/01/25,17.42,17.72,17.27,17.27,593795,14943669.00
2018/01/26,17.24,17.41,17.00,17.05,582300,14370735.00
2018/01/29,17.02,17.14,16.67,16.77,467870,11365562.00
2018/01/30,16.66,17.11,16.44,16.95,743954,18047802.00
2018/01/31,16.85,16.92,16.31,16.44,832154,19820000.00
2018/02/01,16.44,16.48,15.44,15.44,985949,22531374.00
2018/02/02,15.14,15.44,14.08,15.07,594304,12884761.00
2018/02/05,14.85,15.06,14.56,14.84,383324,8215468.50
2018/02/06,14.52,14.69,13.80,13.81,779195,15977420.00
2018/02/07,14.31,14.41,13.54,13.96,676895,13736067.00
2018/02/08,13.89,14.28,13.87,14.16,465515,9555414.00
2018/02/09,13.87,13.99,13.16,13.64,530145,10505688.00
2018/02/12,13.78,14.14,13.70,14.06,502700,10220094.00
2018/02/13,14.19,14.22,13.99,14.01,436200,8926233.00
2018/02/14,14.01,14.14,13.67,13.94,358300,7203105.00
2018/02/22,14.04,14.27,14.03,14.11,429200,8788188.00
2018/02/23,14.11,14.23,14.05,14.18,503400,10327395.00
2018/02/26,14.36,15.14,14.23,14.91,1528990,32440522.00
2018/02/27,14.76,15.10,14.66,14.86,942820,20325940.00
2018/02/28,14.77,14.86,14.52,14.73,556490,11835288.00
2018/03/01,14.64,15.35,14.59,15.18,1022474,22326814.00
2018/03/02,15.04,15.17,14.94,14.97,633425,13759265.00
2018/03/05,16.51,16.51,15.20,15.30,1204055,26886106.00
2018/03/06,15.26,15.79,15.26,15.47,949300,21278214.00
2018/03/07,15.42,15.62,15.29,15.40,619900,13772799.00
2018/03/08,15.34,15.94,15.34,15.89,1069989,24196854.00
2018/03/09,15.69,16.32,15.69,16.29,1188590,27622444.00
2018/03/12,16.32,16.72,16.11,16.65,1559964,36934676.00
2018/03/13,16.52,16.54,16.17,16.19,934464,21994716.00
2018/03/14,16.16,16.39,15.97,15.98,560624,13056042.00
2018/03/15,15.86,16.65,15.18,15.77,1252435,28666178.00
2018/03/16,15.66,15.87,15.52,15.52,585300,13271024.00
2018/03/19,15.02,15.39,14.94,15.18,1133415,24860540.00
2018/03/20,15.17,15.52,15.03,15.47,744480,16442048.00
2018/03/21,15.50,17.06,15.36,16.80,3298109,80229080.00
2018/03/22,16.74,16.74,15.94,16.09,2902070,67965496.00
2018/03/23,15.45,15.69,14.43,14.43,2013155,43694056.00
2018/03/26,14.01,14.79,13.84,14.68,796400,16602117.00
2018/03/27,14.92,15.39,14.76,15.22,1035872,22723464.00
2018/03/28,15.04,15.53,14.91,15.35,953385,21113466.00
2018/03/29,15.29,15.80,15.29,15.80,933720,21042232.00
2018/03/30,15.79,16.37,15.79,16.26,1055985,24671094.00
2018/04/02,16.27,16.65,16.04,16.17,855035,20128566.00
2018/04/03,15.89,16.49,15.69,16.41,900595,20990756.00
2018/04/04,16.49,17.22,16.34,16.67,1485835,36080832.00
2018/04/09,16.57,16.80,16.03,16.54,1106000,26162400.00
2018/04/10,16.54,17.71,15.84,17.02,2133879,51127736.00
2018/04/11,16.88,17.07,16.77,16.94,1872395,45630132.00
2018/04/12,16.97,17.65,16.80,17.15,2332057,57753904.00
2018/04/13,17.24,17.45,16.89,17.12,1727200,42675480.00
2018/04/16,17.02,17.12,16.31,16.50,1192160,28683480.00
2018/04/17,16.55,16.77,15.79,15.89,1256100,29533004.00
2018/04/18,16.16,16.30,15.32,16.11,1159180,26581124.00
2018/04/19,16.12,16.42,15.96,16.28,1092300,25605080.00
2018/04/20,15.90,15.92,15.16,15.16,1353495,30355216.00
2018/04/23,15.16,15.47,14.66,14.96,638400,13852730.00
2018/04/24,15.07,15.86,14.98,15.75,987400,22135976.00
2018/04/25,15.49,16.22,15.49,16.19,1049890,24162950.00
2018/04/26,16.19,16.19,15.50,15.50,816200,18590854.00
2018/04/27,15.59,15.87,15.37,15.57,619200,14015185.00
2018/05/02,15.57,15.85,14.98,15.23,710795,15745135.00
2018/05/03,15.23,15.79,14.88,15.73,746690,16639987.00
2018/05/04,15.79,15.87,15.55,15.69,602500,13690348.00
2018/05/07,15.68,16.30,15.61,16.28,974695,22708096.00
2018/05/08,16.34,16.65,16.23,16.48,958695,22696148.00
2018/05/09,16.32,16.95,16.32,16.78,1553375,37391528.00
2018/05/10,16.78,16.84,16.50,16.69,878460,21085468.00
2018/05/11,16.70,16.83,16.23,16.35,878095,20880780.00
2018/05/14,16.64,16.65,16.12,16.27,634800,14996414.00
2018/05/15,16.24,16.80,16.24,16.80,1080500,25777956.00
2018/05/16,16.78,17.32,16.70,16.87,2127441,52270376.00
2018/05/17,16.85,17.45,16.85,17.18,1658580,40899152.00
2018/05/18,17.19,17.19,16.68,16.94,1087880,26510748.00
2018/05/21,16.97,17.37,16.97,17.02,1344185,33143510.00
2018/05/22,17.05,17.55,16.94,17.40,1648595,40898604.00
2018/05/23,17.33,17.85,16.95,17.05,1953659,49075836.00
2018/05/24,16.95,18.63,16.95,17.80,2698864,68840312.00
2018/05/25,17.80,18.05,17.29,17.62,1768000,44728920.00
2018/05/28,17.56,17.77,16.66,17.34,1925764,47949624.00
2018/05/29,17.16,17.92,17.09,17.35,1640495,41474500.00
2018/05/30,16.89,17.02,15.87,16.37,2224162,52512616.00
2018/05/31,16.44,17.85,16.43,17.67,2404592,58629064.00
2018/06/01,18.26,19.47,17.39,17.76,4148602,108667544.00
2018/06/04,17.50,18.43,17.16,17.78,2443995,61963768.00
2018/06/05,17.57,18.49,17.57,18.41,2998301,77702240.00
2018/06/06,18.70,18.79,18.10,18.42,2522132,65918792.00
2018/06/07,18.28,18.40,17.82,17.95,1913558,49277116.00
2018/06/08,17.93,17.95,17.45,17.82,1410788,35539992.00
2018/06/11,17.65,18.07,17.45,17.66,978800,24764132.00
2018/06/12,17.65,17.85,17.10,17.66,1163914,28994138.00
2018/06/13,17.53,17.53,16.47,16.85,1364855,33488180.00
2018/06/14,16.85,17.27,16.70,16.85,854347,20742776.00
2018/06/15,16.83,16.97,15.42,16.02,1551695,35750140.00
2018/06/19,15.79,15.98,14.38,14.50,1449100,31053038.00
2018/06/20,14.42,15.28,14.30,14.98,1276869,27310160.00
2018/06/21,14.86,15.22,14.45,14.48,877300,18555664.00
2018/06/22,14.05,14.71,13.94,14.58,975000,20085984.00
2018/06/25,14.66,14.84,14.44,14.46,605602,12714644.00
2018/06/26,14.15,14.89,14.06,14.89,943400,19775488.00
2018/06/27,14.91,15.07,14.66,14.73,706836,15041957.00
2018/06/28,14.86,14.96,14.51,14.51,567936,11986533.00
2018/06/29,14.55,15.12,14.39,14.99,877132,18647132.00
2018/07/02,14.91,15.09,14.41,14.51,788089,16697567.00
2018/07/03,14.57,14.79,14.10,14.79,949521,19801480.00
2018/07/04,14.69,14.76,14.16,14.21,930690,19182894.00
2018/07/05,14.33,14.34,14.00,14.01,601300,12229526.00
2018/07/06,14.08,14.34,13.71,14.11,761690,15434281.00
2018/07/09,14.19,14.61,14.16,14.54,524321,10866513.00
2018/07/10,14.48,14.71,14.46,14.69,943591,19718560.00
2018/07/11,14.61,14.61,14.01,14.24,876500,17943144.00
2018/07/12,14.17,14.87,14.16,14.79,1299595,27274164.00
2018/07/13,14.80,14.87,14.66,14.84,887800,18796424.00
2018/07/16,14.78,14.87,14.70,14.87,565100,11957817.00
2018/07/17,14.76,14.81,14.44,14.81,534700,11229374.00
2018/07/18,14.94,15.15,14.62,14.63,798200,17019466.00
2018/07/19,14.50,14.68,14.18,14.23,778800,16047980.00
2018/07/20,14.24,14.57,14.16,14.52,482358,9936140.00
2018/07/23,14.54,14.70,14.38,14.68,348800,7285134.50
2018/07/24,14.76,15.09,14.58,14.91,671814,14305277.00
2018/07/25,15.01,15.01,14.73,14.87,511503,10875609.00
2018/07/26,14.79,14.86,14.66,14.76,463100,9773584.00
2018/07/27,14.59,14.78,14.59,14.76,378775,7981832.00
2018/07/30,14.77,14.79,14.46,14.52,390919,8184110.00
2018/07/31,14.30,16.01,14.30,15.06,2202734,47980844.00
2018/08/01,14.87,15.08,14.34,14.36,1479463,31314434.00
2018/08/02,14.12,14.29,13.27,13.37,1550723,30365580.00
2018/08/03,13.32,13.44,13.05,13.07,990742,18828288.00
2018/08/06,13.12,13.27,12.73,12.84,731432,13667614.00
2018/08/07,12.77,13.25,12.76,13.21,549066,10289141.00
2018/08/08,13.09,13.22,12.71,12.71,510066,9503699.00
2018/08/09,12.87,13.18,12.66,13.06,540105,10106948.00
2018/08/10,13.07,13.17,12.96,13.13,665658,12498746.00
2018/08/13,13.01,13.16,12.82,13.12,526219,9818916.00
2018/08/14,13.11,13.50,13.01,13.30,713851,13585140.00
2018/08/15,13.25,13.28,12.83,12.94,607427,11405874.00
2018/08/16,12.76,12.93,12.63,12.66,472700,8695429.00
2018/08/17,12.72,12.91,12.31,12.38,713393,12981346.00
2018/08/20,12.38,12.56,12.18,12.49,498368,8892768.00
2018/08/21,12.50,12.69,12.42,12.58,388500,7027633.00
2018/08/22,12.73,12.73,12.29,12.31,349275,6240452.00
2018/08/23,12.35,12.51,12.28,12.49,404300,7232639.50
2018/08/24,12.41,12.83,12.39,12.58,549993,10005792.00
2018/08/27,12.63,12.87,12.58,12.83,480324,8804856.00
2018/08/28,12.71,13.51,12.71,13.12,1275100,24214540.00
2018/08/29,12.94,13.13,12.73,12.88,950700,17661788.00
2018/08/30,12.84,12.86,12.31,12.37,1453800,26169908.00
2018/08/31,12.32,12.40,12.09,12.15,570200,10031941.00
2018/09/03,12.14,12.26,11.93,12.23,659112,11452336.00
2018/09/04,12.22,12.57,12.18,12.43,710255,12690845.00
2018/09/05,12.37,12.51,12.21,12.21,611457,10888543.00
2018/09/06,12.28,12.36,12.04,12.08,344100,6031095.00
2018/09/07,12.21,12.41,12.08,12.19,400000,7049001.00
2018/09/10,12.21,12.30,11.85,11.87,410589,7101713.00
2018/09/11,11.87,12.03,11.84,11.99,320265,5506939.50
2018/09/12,12.08,12.08,11.87,11.94,240000,4141378.00
2018/09/13,12.01,12.13,11.90,12.06,343647,5947294.00
2018/09/14,12.12,12.16,11.91,11.91,284900,4926349.50
2018/09/17,11.93,11.94,11.57,11.59,441100,7438626.00
2018/09/18,11.61,11.80,11.56,11.79,355004,5979201.50
2018/09/19,11.73,12.00,11.70,11.90,474302,8121631.50
2018/09/20,11.92,11.94,11.75,11.83,373897,6371623.00
2018/09/21,11.83,12.01,11.80,12.01,607536,10444919.00
2018/09/25,11.93,12.01,11.86,11.95,323332,5558603.50
2018/09/26,11.93,12.11,11.90,12.01,570900,9871762.00
2018/09/27,11.95,12.01,11.65,11.67,488912,8324215.00
2018/09/28,11.70,11.83,11.66,11.79,359917,6094392.50
2018/10/08,11.50,11.58,11.12,11.16,739041,12102409.00
2018/10/09,11.25,11.27,11.13,11.19,314305,5077995.50
2018/10/10,10.94,11.21,10.87,11.12,843825,13438255.00
2018/10/11,10.80,10.89,10.17,10.25,1006183,15446447.00
2018/10/12,10.30,10.58,10.18,10.48,737508,11063845.00
2018/10/15,10.48,11.00,10.48,10.61,577899,8947167.00
2018/10/16,10.71,10.85,10.38,10.43,394121,6018522.00
2018/10/17,10.56,10.78,10.50,10.73,606913,9315439.00
2018/10/18,10.65,10.68,10.23,10.44,468214,7100073.00
2018/10/19,10.34,10.82,10.30,10.81,708620,10854613.00
2018/10/22,10.89,11.53,10.89,11.26,1156898,18720412.00
2018/10/23,11.27,11.45,11.10,11.34,890673,14517436.00
2018/10/24,11.21,11.38,11.12,11.27,782238,12729268.00
2018/10/25,10.98,11.23,10.73,11.10,713405,11312719.00
2018/10/26,11.05,11.12,10.90,11.09,885595,14096651.00
2018/10/29,11.09,11.09,10.80,10.98,469528,7456065.50
2018/10/30,10.98,11.18,10.76,11.14,581290,9252710.00
2018/10/31,11.12,11.63,11.03,11.50,1370904,22567320.00
2018/11/01,11.43,11.65,11.30,11.33,1309525,21666796.00
2018/11/02,11.39,11.64,11.39,11.58,1279389,21243518.00
2018/11/05,11.58,11.73,11.28,11.45,1074276,17824198.00
2018/11/06,11.43,11.43,11.01,11.27,831378,13413962.00
2018/11/07,11.35,11.49,11.23,11.35,960638,15765357.00
2018/11/08,11.43,11.61,11.30,11.33,907700,14970044.00
2018/11/09,11.24,11.99,11.17,11.53,1880402,31529252.00
2018/11/12,11.53,12.30,11.45,12.30,1765889,30333402.00
2018/11/13,12.11,12.98,12.07,12.35,2663912,47879080.00
2018/11/14,12.48,12.63,12.23,12.30,1115634,19976016.00
2018/11/15,12.54,13.55,12.53,13.25,2862506,53740540.00
2018/11/16,13.20,13.57,13.09,13.19,1997177,38107628.00
2018/11/19,13.09,13.28,12.99,13.17,1152534,21729512.00
2018/11/20,13.11,13.50,12.66,12.73,1524552,28771574.00
2018/11/21,12.67,13.12,12.55,12.93,1409695,26040858.00
2018/11/22,13.07,13.37,12.98,13.05,1326110,25030350.00
2018/11/23,12.97,13.24,12.35,12.57,1932364,35635924.00
2018/11/26,12.54,12.87,11.97,12.26,1492562,26282154.00
2018/11/27,12.24,12.48,12.14,12.31,1124100,19935028.00
2018/11/28,12.28,12.73,12.07,12.67,1015309,18138974.00
2018/11/29,12.73,12.79,12.01,12.11,923100,16509722.00
2018/11/30,12.19,12.49,12.09,12.46,693400,12264264.00
2018/12/03,12.67,13.18,12.66,13.16,1338138,24824452.00
2018/12/04,13.21,13.36,12.88,13.13,992700,18729784.00
2018/12/05,12.91,13.03,12.80,12.95,646220,11988909.00
2018/12/06,12.88,12.98,12.62,12.64,580700,10672087.00
2018/12/07,12.75,13.05,12.68,13.03,596014,11039022.00
2018/12/10,12.98,12.98,12.53,12.53,496300,9058272.00
2018/12/11,12.66,12.76,12.51,12.51,359900,6529714.00
2018/12/12,12.63,12.70,12.53,12.65,266200,4834738.00
2018/12/13,12.72,12.86,12.47,12.71,438800,8002668.00
2018/12/14,12.71,13.05,12.60,12.67,1099100,20338124.00
2018/12/17,12.59,12.59,12.05,12.28,621240,10947590.00
2018/12/18,12.17,12.34,12.01,12.11,323364,5654164.00
2018/12/19,12.21,12.26,11.94,11.94,305700,5306865.00
2018/12/20,11.85,12.40,11.85,12.35,646500,11245679.00
2018/12/21,12.29,12.30,12.07,12.15,641700,11224834.00
2018/12/24,12.11,12.66,12.11,12.38,801505,14284315.00
2018/12/25,12.28,12.29,11.80,12.15,600490,10417267.00
2018/12/26,11.98,12.07,11.68,11.71,980389,16770221.00
2018/12/27,11.85,11.93,11.44,11.51,626683,10585847.00
2018/12/28,11.51,11.64,11.38,11.50,462600,7683175.00
2017/03/15,8.08,9.77,8.08,9.77,5105,70988.80
2017/03/16,10.78,10.78,10.78,10.78,1406,21905.48
2017/03/17,11.90,11.90,11.90,11.90,1500,25710.00
2017/03/20,13.12,13.12,13.12,13.12,6000,113100.00
2017/03/21,14.47,14.47,14.47,14.47,500,10370.00
2017/03/22,15.95,15.95,15.95,15.95,6009,137065.30
2017/03/23,17.58,17.58,17.58,17.58,1700,42653.00
2017/03/24,19.38,19.38,19.38,19.38,3921,108219.60
2017/03/27,21.35,21.35,21.35,21.35,12100,367356.00
2017/03/28,23.52,23.52,23.52,23.52,17000,567800.00
2017/03/29,25.91,25.91,25.91,25.91,15095,554590.31
2017/03/30,28.53,28.53,28.53,28.53,196475,7939555.00
2017/03/31,31.42,31.42,31.42,31.42,212358,9439313.00
2017/04/05,32.64,34.60,30.03,32.46,12821425,580299968.00
2017/04/06,31.83,35.25,31.46,34.53,11806354,557991424.00
2017/04/07,33.96,34.23,31.67,32.10,8412143,391129792.00
2017/04/10,31.39,31.78,28.86,28.92,7061724,302797760.00
2017/04/11,28.57,30.79,28.57,30.48,5950039,251427408.00
2017/04/12,29.91,30.94,29.33,29.45,4464808,189455264.00
2017/04/13,29.14,30.24,28.98,29.08,2914425,122080632.00
2017/04/14,28.66,28.96,28.16,28.27,3068789,123916376.00
2017/04/17,27.20,27.38,25.54,26.62,3951436,148880096.00
2017/04/18,26.78,27.09,26.13,26.23,1584497,60014556.00
2017/04/19,26.31,27.52,26.15,27.16,2101974,79694856.00
2017/04/20,27.03,27.05,25.60,26.10,2180344,81058696.00
2017/04/21,26.08,26.29,25.61,25.67,1165569,42757628.00
2017/04/24,25.30,25.61,24.17,24.51,1284433,44911888.00
2017/04/25,24.52,25.07,24.49,24.52,1234236,43336876.00
2017/04/26,24.57,25.30,24.55,24.98,1651600,58515696.00
2017/04/27,24.97,26.81,24.42,26.45,2945822,107730536.00
2017/04/28,26.45,26.65,26.23,26.43,1847925,69220560.00
2017/05/02,26.17,26.70,25.95,26.00,1337210,49837196.00
2017/05/03,26.14,26.45,25.56,26.38,1934017,71490240.00
2017/05/04,26.18,26.23,24.67,25.24,1567353,56758072.00
2017/05/05,25.22,25.77,25.07,25.07,1292580,46420068.00
2017/05/08,25.02,25.02,24.27,24.41,1072737,37552808.00
2017/05/09,24.31,25.12,24.25,24.87,1091691,38241624.00
2017/05/10,24.82,25.19,23.95,24.09,1253907,43960220.00
2017/05/11,23.84,24.38,23.32,24.35,1607373,54496924.00
2017/05/12,24.23,24.55,23.67,24.36,1847470,63394972.00
2017/05/15,24.52,24.85,24.17,24.27,1405444,48848168.00
2017/05/16,24.01,25.13,23.88,25.12,1564996,54362412.00
2017/05/17,24.96,25.52,24.93,25.27,1708172,61244320.00
2017/05/18,25.04,25.45,24.67,24.67,1382650,49054668.00
2017/05/19,24.65,24.93,24.03,24.10,974759,33808520.00
2017/05/22,24.14,24.14,21.89,22.14,1687894,55338968.00
2017/05/23,21.91,22.49,21.15,21.28,1434241,44436756.00
2017/05/24,21.11,22.19,21.01,22.19,1527739,47043500.00
2017/05/25,22.31,22.97,21.72,22.77,2737342,86849520.00
2017/05/26,22.37,22.71,21.81,22.34,2026124,64247020.00
2017/05/31,23.24,23.42,22.16,22.23,2252689,73571784.00
2017/06/01,21.78,22.11,20.63,20.64,1613900,49091436.00
2017/06/02,20.37,21.52,20.24,21.31,1115121,33270480.00
2017/06/05,21.49,21.99,21.40,21.48,1048848,32316790.00
2017/06/06,21.17,21.52,21.17,21.44,750846,22807116.00
2017/06/07,21.44,22.16,21.31,22.06,1662794,51793108.00
2017/06/08,22.06,22.23,21.67,21.83,965723,30148606.00
2017/06/09,21.95,22.02,21.61,21.94,719264,22330252.00
2017/06/12,21.64,21.64,20.85,20.91,1151648,34620884.00
2017/06/13,20.73,21.56,20.71,21.44,988490,29974452.00
2017/06/14,21.44,21.49,21.08,21.32,671891,20357428.00
2017/06/15,21.31,22.04,21.31,21.89,1268526,39338960.00
2017/06/16,21.80,21.91,21.52,21.66,980224,30217448.00
2017/06/19,21.74,21.95,21.56,21.83,687326,21241804.00
2017/06/20,21.87,21.91,21.52,21.53,1400066,43343028.00
2017/06/21,21.49,21.63,21.15,21.46,742676,22602682.00
2017/06/22,21.46,21.49,20.83,20.83,899218,27070878.00
2017/06/23,20.73,21.00,20.31,20.80,930016,27329588.00
2017/06/26,20.72,20.96,20.55,20.91,573432,16938652.00
2017/06/27,20.85,21.23,20.81,20.95,603060,18019874.00
2017/06/28,20.90,21.20,20.83,20.98,804107,23989700.00
2017/06/29,20.79,21.34,20.79,21.18,879969,26481634.00
2017/06/30,21.10,21.52,20.86,21.40,1217069,36875928.00
2017/07/03,21.44,21.59,21.19,21.58,1190007,36293440.00
2017/07/04,21.58,21.72,21.44,21.52,942305,28889778.00
2017/07/05,21.42,22.00,21.42,22.00,1443347,44765012.00
2017/07/06,22.11,22.15,21.74,22.11,1750261,54611200.00
2017/07/07,22.06,23.12,22.03,22.63,3099812,99966664.00
2017/07/10,22.51,22.52,21.36,21.49,2844105,88741112.00
2017/07/11,21.41,21.55,20.90,21.04,1518013,45945084.00
2017/07/12,21.06,21.43,20.63,21.41,1131095,33935772.00
2017/07/13,21.31,21.31,20.89,20.96,958280,28705862.00
2017/07/14,20.97,21.27,20.68,20.81,563474,16738225.00
2017/07/17,20.39,20.51,18.69,18.69,1831501,50342500.00
2017/07/18,18.51,18.95,18.38,18.70,854672,22745800.00
2017/07/19,18.60,18.93,18.45,18.81,681607,18198822.00
2017/07/20,18.95,19.14,18.60,18.63,800995,21607506.00
2017/07/21,18.48,18.75,18.15,18.30,698835,18411250.00
2017/07/24,17.82,18.58,17.82,18.44,759460,19668576.00
2017/07/25,18.29,18.60,18.29,18.34,491200,12913029.00
2017/07/26,18.59,18.59,18.10,18.15,316075,8238765.00
2017/07/27,18.17,19.08,18.02,19.08,1192182,31826356.00
2017/07/28,19.24,19.35,18.75,18.77,1001045,27162026.00
2017/07/31,18.79,18.93,18.61,18.83,602962,16124601.00
2017/08/01,18.80,19.10,18.80,19.05,598962,16164934.00
2017/08/02,19.05,19.29,18.84,18.85,662885,17940778.00
2017/08/03,18.88,19.27,18.65,19.03,604634,16445077.00
2017/08/04,19.08,19.08,18.77,18.81,445715,11970018.00
2017/08/07,18.81,19.05,18.77,18.87,288280,7763305.00
2017/08/08,18.83,18.99,18.63,18.84,514086,13800315.00
2017/08/09,18.81,18.96,18.76,18.87,302500,8135187.00
2017/08/10,18.83,18.98,18.75,18.80,426600,11465607.00
2017/08/11,18.65,18.75,18.17,18.28,324595,8592009.00
2017/08/14,18.28,18.80,18.28,18.73,371300,9874298.00
2017/08/15,18.88,19.02,18.73,18.98,548785,14805093.00
2017/08/16,18.98,19.35,18.92,19.23,1262750,34605880.00
2017/08/17,19.22,19.28,18.96,19.22,633260,17275112.00
2017/08/18,19.13,19.13,18.82,18.93,466900,12614064.00
2017/08/21,18.92,19.45,18.90,19.34,739282,20257504.00
2017/08/22,19.41,19.45,19.03,19.21,746377,20436272.00
2017/08/23,19.20,19.41,18.95,19.30,1124409,30879870.00
2017/08/24,19.30,19.65,19.02,19.13,1079770,29711178.00
2017/08/25,19.09,19.86,19.02,19.71,1515739,42117480.00
2017/08/28,19.71,20.69,19.62,20.53,2494861,72095968.00
2017/08/29,20.38,21.06,20.16,20.41,2478468,72642328.00
2017/08/30,20.32,20.68,20.18,20.22,1602300,46408296.00
2017/08/31,20.38,21.04,20.16,21.01,1738511,51297024.00
2017/09/01,21.02,21.08,20.66,21.08,1553831,46116088.00
2017/09/04,21.00,21.65,20.78,21.23,2078202,62924252.00
2017/09/05,21.23,21.66,20.95,21.08,1324206,39978416.00
2017/09/06,21.02,21.02,20.41,20.82,1337695,39336528.00
2017/09/07,20.78,21.22,20.52,20.86,1103637,32877962.00
2017/09/08,20.63,20.93,20.31,20.60,902099,26470952.00
2017/09/11,20.53,20.93,20.53,20.93,784386,23214058.00
2017/09/12,20.96,21.04,20.24,20.31,982929,28765660.00
2017/09/13,20.36,20.63,20.28,20.60,522492,15227648.00
2017/09/14,20.60,20.71,20.38,20.48,488365,14287019.00
2017/09/15,20.50,20.58,20.02,20.03,587230,16955650.00
2017/09/18,20.08,20.16,19.63,20.13,808185,22873626.00
2017/09/19,20.08,20.51,19.96,20.09,642755,18494282.00
2017/09/20,20.63,20.63,20.09,20.49,904830,26270536.00
2017/09/21,20.49,20.77,20.12,20.20,1443000,41924884.00
2017/09/22,20.08,20.35,19.78,20.26,1037978,29602910.00
2017/09/25,20.11,20.56,20.11,20.20,1013851,29360484.00
2017/09/26,20.08,20.21,19.36,20.21,1213228,34075732.00
2017/09/27,19.88,20.23,19.73,20.16,732882,20886048.00
2017/09/28,20.08,20.70,20.02,20.38,1211337,35266692.00
2017/09/29,20.37,20.73,20.27,20.58,1083453,31781946.00
2017/10/09,20.86,21.03,20.46,20.56,937778,27576330.00
2017/10/10,20.60,21.08,20.53,21.05,1141080,33857156.00
2017/10/11,21.05,21.08,20.66,20.70,950845,28156300.00
2017/10/12,20.61,20.86,20.11,20.35,965723,28159742.00
2017/10/13,20.50,22.42,20.38,22.42,3058945,94467584.00
2017/10/16,23.04,23.04,21.45,21.52,4207459,132885752.00
2017/10/17,21.46,23.71,21.46,23.21,7516965,244240400.00
2017/10/18,22.49,23.94,22.22,23.65,7114715,232586848.00
2017/10/19,23.17,23.54,22.70,23.03,4063541,133448864.00
2017/10/20,23.08,23.12,21.99,22.52,3082630,97941040.00
2017/10/23,22.40,22.79,22.24,22.70,2329215,74461960.00
2017/10/24,22.52,22.54,21.52,21.96,2729478,84951448.00
2017/10/25,21.81,22.34,21.72,22.24,2148958,67590968.00
2017/10/26,22.16,23.59,21.96,23.59,4439975,144808080.00
2017/10/27,23.31,23.57,22.92,23.25,3109792,102707416.00
2017/10/30,22.99,23.39,21.83,22.05,2355862,74934224.00
2017/10/31,22.08,22.80,22.08,22.66,1615057,51475952.00
2017/11/01,22.46,23.06,22.33,22.69,1846955,59595192.00
2017/11/02,22.69,22.69,21.94,21.95,1534070,48298176.00
2017/11/03,21.81,22.02,21.01,21.15,1719645,52474600.00
2017/11/06,21.42,21.71,21.17,21.52,1185208,36236340.00
2017/11/07,21.52,21.66,21.10,21.66,1447161,43948096.00
2017/11/08,21.59,22.09,21.54,21.79,1484635,46210808.00
2017/11/09,21.72,22.02,21.59,22.01,985261,30613272.00
2017/11/10,21.94,22.60,21.88,22.29,1762624,56029036.00
2017/11/13,22.31,22.81,22.10,22.80,1889490,60043388.00
2017/11/14,22.74,23.23,22.42,23.22,2679085,86847272.00
2017/11/15,23.19,23.19,22.43,22.66,1857990,60309144.00
2017/11/16,22.54,22.94,21.99,22.01,1594469,50839388.00
2017/11/17,21.74,21.94,19.77,19.98,2754663,81542504.00
2017/11/20,20.46,21.71,20.45,20.77,1813245,53648280.00
2017/11/21,21.25,21.27,19.39,20.01,2534944,73431680.00
2017/11/22,20.06,20.14,19.53,19.70,1562249,43998232.00
2017/11/23,19.65,19.65,18.71,18.73,1723969,46735064.00
2017/11/24,18.58,18.93,18.51,18.66,702885,18804950.00
2017/11/27,18.66,19.06,18.59,18.77,730700,19557778.00
2017/11/28,18.76,19.43,18.73,19.30,956485,26173536.00
2017/11/29,19.23,19.50,18.91,19.47,895595,24483378.00
2017/11/30,19.55,19.66,19.41,19.60,994100,27644944.00
2017/12/01,19.59,20.26,19.48,20.11,1222895,34676164.00
2017/12/04,20.02,20.23,19.41,19.74,1126169,31628242.00
2017/12/05,19.66,20.08,18.23,18.45,1287763,35357172.00
2017/12/06,18.40,19.02,18.40,19.00,544485,14478420.00
2017/12/07,18.83,19.14,18.83,18.88,310640,8375748.50
2017/12/08,18.75,19.44,18.75,19.16,547900,14996663.00
2017/12/11,19.16,19.37,19.08,19.13,625675,17093518.00
2017/12/12,19.00,19.13,18.23,18.26,949200,25072620.00
2017/12/13,18.15,18.42,18.07,18.26,798700,20780940.00
2017/12/14,18.26,18.49,18.10,18.38,533220,13895551.00
2017/12/15,18.23,18.52,18.23,18.30,546080,14284396.00
2017/12/18,18.27,18.36,17.70,18.00,618440,15916773.00
2017/12/19,18.00,18.17,17.89,18.10,357895,9225270.00
2017/12/20,18.10,18.31,17.95,18.13,458575,11834707.00
2017/12/21,17.95,19.97,17.95,18.49,854600,22505020.00
2017/12/22,18.45,18.48,18.03,18.16,426380,11109002.00
2017/12/25,18.15,18.15,17.40,17.52,808510,20307594.00
2017/12/26,17.47,17.97,17.45,17.88,695995,17679644.00
2017/12/27,17.87,18.52,17.66,18.07,892760,22979012.00
2017/12/28,17.88,18.51,17.77,18.30,849485,22129070.00
2017/12/29,18.38,18.44,18.19,18.36,463945,12103584.00
2018/01/02,18.36,18.45,18.20,18.40,328555,8584214.00
2018/01/03,18.38,18.63,18.27,18.39,601155,15807990.00
2018/01/04,18.33,18.41,18.02,18.07,671980,17457336.00
2018/01/05,18.07,18.22,18.02,18.22,407174,10533576.00
2018/01/08,18.22,18.32,17.67,17.98,862890,21991256.00
2018/01/09,17.98,18.07,17.77,17.89,475290,12148552.00
2018/01/10,17.95,17.98,17.45,17.66,613689,15488387.00
2018/01/11,17.65,17.92,17.52,17.87,476364,12100003.00
2018/01/12,17.90,17.94,17.60,17.71,471959,11932678.00
2018/01/15,17.52,17.66,16.90,17.02,758550,18663018.00
2018/01/16,17.02,17.43,16.99,17.22,464695,11432996.00
2018/01/17,17.22,17.49,17.00,17.47,563900,13893240.00
2018/01/18,17.42,17.79,17.41,17.46,419075,10489704.00
2018/01/19,17.55,17.82,17.32,17.38,527424,13190119.00
2018/01/22,17.37,17.37,16.81,17.35,601675,14712502.00
2018/01/23,17.17,17.45,17.17,17.35,458124,11323760.00
2018/01/24,17.34,17.73,17.20,17.58,628319,15681812.00
2018/01/25,17.57,17.86,17.41,17.42,593795,14943669.00
2018/01/26,17.38,17.55,17.15,17.20,582300,14370735.00
2018/01/29,17.16,17.28,16.81,16.92,467870,11365562.00
2018/01/30,16.80,17.25,16.59,17.09,743954,18047802.00
2018/01/31,16.99,17.06,16.45,16.58,832154,19820000.00
2018/02/01,16.58,16.62,15.59,15.59,985949,22531374.00
2018/02/02,15.29,15.58,14.22,15.22,594304,12884761.00
2018/02/05,14.99,15.20,14.71,14.98,383324,8215468.50
2018/02/06,14.66,14.84,13.94,13.95,779195,15977420.00
2018/02/07,14.46,14.55,13.69,14.11,676895,13736067.00
2018/02/08,14.03,14.42,14.01,14.31,465515,9555414.00
2018/02/09,14.01,14.14,13.31,13.78,530145,10505688.00
2018/02/12,13.92,14.29,13.84,14.21,502700,10220094.00
2018/02/13,14.34,14.36,14.13,14.15,436200,8926233.00
2018/02/14,14.15,14.29,13.81,14.09,358300,7203105.00
2018/02/22,14.18,14.41,14.17,14.25,429200,8788188.00
2018/02/23,14.25,14.37,14.19,14.32,503400,10327395.00
2018/02/26,14.51,15.28,14.37,15.05,1528990,32440522.00
2018/02/27,14.91,15.24,14.81,15.01,942820,20325940.00
2018/02/28,14.91,15.01,14.66,14.87,556490,11835288.00
2018/03/01,14.79,15.49,14.73,15.32,1022474,22326814.00
2018/03/02,15.19,15.32,15.09,15.12,633425,13759265.00
2018/03/05,16.65,16.65,15.34,15.44,1204055,26886106.00
2018/03/06,15.40,15.94,15.40,15.61,949300,21278214.00
2018/03/07,15.57,15.76,15.43,15.54,619900,13772799.00
2018/03/08,15.49,16.08,15.49,16.04,1069989,24196854.00
2018/03/09,15.84,16.46,15.84,16.43,1188590,27622444.00
2018/03/12,16.46,16.86,16.25,16.80,1559964,36934676.00
2018/03/13,16.67,16.68,16.31,16.34,934464,21994716.00
2018/03/14,16.30,16.53,16.11,16.12,560624,13056042.00
2018/03/15,16.00,16.79,15.32,15.92,1252435,28666178.00
2018/03/16,15.80,16.01,15.66,15.66,585300,13271024.00
2018/03/19,15.17,15.53,15.09,15.32,1133415,24860540.00
2018/03/20,15.32,15.66,15.17,15.61,744480,16442048.00
2018/03/21,15.64,17.20,15.50,16.95,3298109,80229080.00
2018/03/22,16.88,16.88,16.09,16.23,2902070,67965496.00
2018/03/23,15.59,15.84,14.57,14.57,2013155,43694056.00
2018/03/26,14.16,14.93,13.99,14.82,796400,16602117.00
2018/03/27,15.06,15.53,14.90,15.37,1035872,22723464.00
2018/03/28,15.18,15.67,15.05,15.49,953385,21113466.00
2018/03/29,15.44,15.94,15.44,15.94,933720,21042232.00
2018/03/30,15.93,16.51,15.93,16.40,1055985,24671094.00
2018/04/02,16.41,16.80,16.18,16.32,855035,20128566.00
2018/04/03,16.04,16.63,15.84,16.55,900595,20990756.00
2018/04/04,16.63,17.37,16.49,16.81,1485835,36080832.00
2018/04/09,16.72,16.94,16.17,16.69,1106000,26162400.00
2018/04/10,16.68,17.85,15.98,17.16,2133879,51127736.00
2018/04/11,17.02,17.22,16.91,17.08,1872395,45630132.00
2018/04/12,17.12,17.80,16.95,17.30,2332057,57753904.00
2018/04/13,17.38,17.60,17.03,17.26,1727200,42675480.00
2018/04/16,17.16,17.27,16.45,16.65,1192160,28683480.00
2018/04/17,16.70,16.91,15.93,16.03,1256100,29533004.00
2018/04/18,16.30,16.44,15.47,16.25,1159180,26581124.00
2018/04/19,16.26,16.57,16.10,16.42,1092300,25605080.00
2018/04/20,16.04,16.07,15.30,15.30,1353495,30355216.00
2018/04/23,15.30,15.61,14.81,15.10,638400,13852730.00
2018/04/24,15.22,16.00,15.12,15.89,987400,22135976.00
2018/04/25,15.63,16.36,15.63,16.34,1049890,24162950.00
2018/04/26,16.34,16.34,15.64,15.64,816200,18590854.00
2018/04/27,15.74,16.02,15.52,15.72,619200,14015185.00
2018/05/02,15.72,15.99,15.12,15.37,710795,15745135.00
2018/05/03,15.37,15.93,15.02,15.87,746690,16639987.00
2018/05/04,15.94,16.01,15.69,15.83,602500,13690348.00
2018/05/07,15.82,16.44,15.75,16.42,974695,22708096.00
2018/05/08,16.48,16.79,16.37,16.62,958695,22696148.00
2018/05/09,16.46,17.10,16.46,16.92,1553375,37391528.00
2018/05/10,16.92,16.98,16.65,16.83,878460,21085468.00
2018/05/11,16.85,16.97,16.37,16.49,878095,20880780.00
2018/05/14,16.78,16.80,16.27,16.41,634800,14996414.00
2018/05/15,16.38,16.95,16.38,16.95,1080500,25777956.00
2018/05/16,16.92,17.47,16.85,17.01,2127441,52270376.00
2018/05/17,16.99,17.59,16.99,17.32,1658580,40899152.00
2018/05/18,17.33,17.33,16.82,17.08,1087880,26510748.00
2018/05/21,17.11,17.51,17.11,17.17,1344185,33143510.00
2018/05/22,17.20,17.70,17.08,17.54,1648595,40898604.00
2018/05/23,17.47,17.99,17.09,17.20,1953659,49075836.00
2018/05/24,17.09,18.77,17.09,17.95,2698864,68840312.00
2018/05/25,17.95,18.20,17.43,17.76,1768000,44728920.00
2018/05/28,17.70,17.92,16.80,17.48,1925764,47949624.00
2018/05/29,17.30,18.07,17.23,17.49,1640495,41474500.00
2018/05/30,16.89,17.02,15.87,16.37,2224162,52512616.00
2018/05/31,16.44,17.85,16.43,17.67,2404592,58629064.00
2018/06/01,18.26,19.47,17.39,17.76,4148602,108667544.00
2018/06/04,17.50,18.43,17.16,17.78,2443995,61963768.00
2018/06/05,17.57,18.49,17.57,18.41,2998301,77702240.00
2018/06/06,18.70,18.79,18.10,18.42,2522132,65918792.00
2018/06/07,18.28,18.40,17.82,17.95,1913558,49277116.00
2018/06/08,17.93,17.95,17.45,17.82,1410788,35539992.00
2018/06/11,17.65,18.07,17.45,17.66,978800,24764132.00
2018/06/12,17.65,17.85,17.10,17.66,1163914,28994138.00
2018/06/13,17.53,17.53,16.47,16.85,1364855,33488180.00
2018/06/14,16.85,17.27,16.70,16.85,854347,20742776.00
2018/06/15,16.83,16.97,15.42,16.02,1551695,35750140.00
2018/06/19,15.79,15.98,14.38,14.50,1449100,31053038.00
2018/06/20,14.42,15.28,14.30,14.98,1276869,27310160.00
2018/06/21,14.86,15.22,14.45,14.48,877300,18555664.00
2018/06/22,14.05,14.71,13.94,14.58,975000,20085984.00
2018/06/25,14.66,14.84,14.44,14.46,605602,12714644.00
2018/06/26,14.15,14.89,14.06,14.89,943400,19775488.00
2018/06/27,14.91,15.07,14.66,14.73,706836,15041957.00
2018/06/28,14.86,14.96,14.51,14.51,567936,11986533.00
2018/06/29,14.55,15.12,14.39,14.99,877132,18647132.00
2018/07/02,14.91,15.09,14.41,14.51,788089,16697567.00
2018/07/03,14.57,14.79,14.10,14.79,949521,19801480.00
2018/07/04,14.69,14.76,14.16,14.21,930690,19182894.00
2018/07/05,14.33,14.34,14.00,14.01,601300,12229526.00
2018/07/06,14.08,14.34,13.71,14.11,761690,15434281.00
2018/07/09,14.19,14.61,14.16,14.54,524321,10866513.00
2018/07/10,14.48,14.71,14.46,14.69,943591,19718560.00
2018/07/11,14.61,14.61,14.01,14.24,876500,17943144.00
2018/07/12,14.17,14.87,14.16,14.79,1299595,27274164.00
2018/07/13,14.80,14.87,14.66,14.84,887800,18796424.00
2018/07/16,14.78,14.87,14.70,14.87,565100,11957817.00
2018/07/17,14.76,14.81,14.44,14.81,534700,11229374.00
2018/07/18,14.94,15.15,14.62,14.63,798200,17019466.00
2018/07/19,14.50,14.68,14.18,14.23,778800,16047980.00
2018/07/20,14.24,14.57,14.16,14.52,482358,9936140.00
2018/07/23,14.54,14.70,14.38,14.68,348800,7285134.50
2018/07/24,14.76,15.09,14.58,14.91,671814,14305277.00
2018/07/25,15.01,15.01,14.73,14.87,511503,10875609.00
2018/07/26,14.79,14.86,14.66,14.76,463100,9773584.00
2018/07/27,14.59,14.78,14.59,14.76,378775,7981832.00
2018/07/30,14.77,14.79,14.46,14.52,390919,8184110.00
2018/07/31,14.30,16.01,14.30,15.06,2202734,47980844.00
2018/08/01,14.87,15.08,14.34,14.36,1479463,31314434.00
2018/08/02,14.12,14.29,13.27,13.37,1550723,30365580.00
2018/08/03,13.32,13.44,13.05,13.07,990742,18828288.00
2018/08/06,13.12,13.27,12.73,12.84,731432,13667614.00
2018/08/07,12.77,13.25,12.76,13.21,549066,10289141.00
2018/08/08,13.09,13.22,12.71,12.71,510066,9503699.00
2018/08/09,12.87,13.18,12.66,13.06,540105,10106948.00
2018/08/10,13.07,13.17,12.96,13.13,665658,12498746.00
2018/08/13,13.01,13.16,12.82,13.12,526219,9818916.00
2018/08/14,13.11,13.50,13.01,13.30,713851,13585140.00
2018/08/15,13.25,13.28,12.83,12.94,607427,11405874.00
2018/08/16,12.76,12.93,12.63,12.66,472700,8695429.00
2018/08/17,12.72,12.91,12.31,12.38,713393,12981346.00
2018/08/20,12.38,12.56,12.18,12.49,498368,8892768.00
2018/08/21,12.50,12.69,12.42,12.58,388500,7027633.00
2018/08/22,12.73,12.73,12.29,12.31,349275,6240452.00
2018/08/23,12.35,12.51,12.28,12.49,404300,7232639.50
2018/08/24,12.41,12.83,12.39,12.58,549993,10005792.00
2018/08/27,12.63,12.87,12.58,12.83,480324,8804856.00
2018/08/28,12.71,13.51,12.71,13.12,1275100,24214540.00
2018/08/29,12.94,13.13,12.73,12.88,950700,17661788.00
2018/08/30,12.84,12.86,12.31,12.37,1453800,26169908.00
2018/08/31,12.32,12.40,12.09,12.15,570200,10031941.00
2018/09/03,12.14,12.26,11.93,12.23,659112,11452336.00
2018/09/04,12.22,12.57,12.18,12.43,710255,12690845.00
2018/09/05,12.37,12.51,12.21,12.21,611457,10888543.00
2018/09/06,12.28,12.36,12.04,12.08,344100,6031095.00
2018/09/07,12.21,12.41,12.08,12.19,400000,7049001.00
2018/09/10,12.21,12.30,11.85,11.87,410589,7101713.00
2018/09/11,11.87,12.03,11.84,11.99,320265,5506939.50
2018/09/12,12.08,12.08,11.87,11.94,240000,4141378.00
2018/09/13,12.01,12.13,11.90,12.06,343647,5947294.00
2018/09/14,12.12,12.16,11.91,11.91,284900,4926349.50
2018/09/17,11.93,11.94,11.57,11.59,441100,7438626.00
2018/09/18,11.61,11.80,11.56,11.79,355004,5979201.50
2018/09/19,11.73,12.00,11.70,11.90,474302,8121631.50
2018/09/20,11.92,11.94,11.75,11.83,373897,6371623.00
2018/09/21,11.83,12.01,11.80,12.01,607536,10444919.00
2018/09/25,11.93,12.01,11.86,11.95,323332,5558603.50
2018/09/26,11.93,12.11,11.90,12.01,570900,9871762.00
2018/09/27,11.95,12.01,11.65,11.67,488912,8324215.00
2018/09/28,11.70,11.83,11.66,11.79,359917,6094392.50
2018/10/08,11.50,11.58,11.12,11.16,739041,12102409.00
2018/10/09,11.25,11.27,11.13,11.19,314305,5077995.50
2018/10/10,10.94,11.21,10.87,11.12,843825,13438255.00
2018/10/11,10.80,10.89,10.17,10.25,1006183,15446447.00
2018/10/12,10.30,10.58,10.18,10.48,737508,11063845.00
2018/10/15,10.48,11.00,10.48,10.61,577899,8947167.00
2018/10/16,10.71,10.85,10.38,10.43,394121,6018522.00
2018/10/17,10.56,10.78,10.50,10.73,606913,9315439.00
2018/10/18,10.65,10.68,10.23,10.44,468214,7100073.00
2018/10/19,10.34,10.82,10.30,10.81,708620,10854613.00
2018/10/22,10.89,11.53,10.89,11.26,1156898,18720412.00
2018/10/23,11.27,11.45,11.10,11.34,890673,14517436.00
2018/10/24,11.21,11.38,11.12,11.27,782238,12729268.00
2018/10/25,10.98,11.23,10.73,11.10,713405,11312719.00
2018/10/26,11.05,11.12,10.90,11.09,885595,14096651.00
2018/10/29,11.09,11.09,10.80,10.98,469528,7456065.50
2018/10/30,10.98,11.18,10.76,11.14,581290,9252710.00
2018/10/31,11.12,11.63,11.03,11.50,1370904,22567320.00
2018/11/01,11.43,11.65,11.30,11.33,1309525,21666796.00
2018/11/02,11.39,11.64,11.39,11.58,1279389,21243518.00
2018/11/05,11.58,11.73,11.28,11.45,1074276,17824198.00
2018/11/06,11.43,11.43,11.01,11.27,831378,13413962.00
2018/11/07,11.35,11.49,11.23,11.35,960638,15765357.00
2018/11/08,11.43,11.61,11.30,11.33,907700,14970044.00
2018/11/09,11.24,11.99,11.17,11.53,1880402,31529252.00
2018/11/12,11.53,12.30,11.45,12.30,1765889,30333402.00
2018/11/13,12.11,12.98,12.07,12.35,2663912,47879080.00
2018/11/14,12.48,12.63,12.23,12.30,1115634,19976016.00
2018/11/15,12.54,13.55,12.53,13.25,2862506,53740540.00
2018/11/16,13.20,13.57,13.09,13.19,1997177,38107628.00
2018/11/19,13.09,13.28,12.99,13.17,1152534,21729512.00
2018/11/20,13.11,13.50,12.66,12.73,1524552,28771574.00
2018/11/21,12.67,13.12,12.55,12.93,1409695,26040858.00
2018/11/22,13.07,13.37,12.98,13.05,1326110,25030350.00
2018/11/23,12.97,13.24,12.35,12.57,1932364,35635924.00
2018/11/26,12.54,12.87,11.97,12.26,1492562,26282154.00
2018/11/27,12.24,12.48,12.14,12.31,1124100,19935028.00
2018/11/28,12.28,12.73,12.07,12.67,1015309,18138974.00
2018/11/29,12.73,12.79,12.01,12.11,923100,16509722.00
2018/11/30,12.19,12.49,12.09,12.46,693400,12264264.00
2018/12/03,12.67,13.18,12.66,13.16,1338138,24824452.00
2018/12/04,13.21,13.36,12.88,13.13,992700,18729784.00
2018/12/05,12.91,13.03,12.80,12.95,646220,11988909.00
2018/12/06,12.88,12.98,12.62,12.64,580700,10672087.00
2018/12/07,12.75,13.05,12.68,13.03,596014,11039022.00
2018/12/10,12.98,12.98,12.53,12.53,496300,9058272.00
2018/12/11,12.66,12.76,12.51,12.51,359900,6529714.00
2018/12/12,12.63,12.70,12.53,12.65,266200,4834738.00
2018/12/13,12.72,12.86,12.47,12.71,438800,8002668.00
2018/12/14,12.71,13.05,12.60,12.67,1099100,20338124.00
2018/12/17,12.59,12.59,12.05,12.28,621240,10947590.00
2018/12/18,12.17,12.34,12.01,12.11,323364,5654164.00
2018/12/19,12.21,12.26,11.94,11.94,305700,5306865.00
2018/12/20,11.85,12.40,11.85,12.35,646500,11245679.00
2018/12/21,12.29,12.30,12.07,12.15,641700,11224834.00
2018/12/24,12.11,12.66,12.11,12.38,801505,14284315.00
2018/12/25,12.28,12.29,11.80,12.15,600490,10417267.00
2018/12/26,11.98,12.07,11.68,11.71,980389,16770221.00
2018/12/27,11.85,11.93,11.44,11.51,626683,10585847.00
2018/12/28,11.51,11.64,11.38,11.50,462600,7683175.00
2019/01/02,11.53,11.55,11.32,11.40,425657,7008940.00
2019/01/03,11.40,11.57,11.36,11.40,294620,4865199.00
2019/01/04,11.23,11.87,11.23,11.87,685600,11476476.00
2019/01/07,11.87,12.08,11.71,11.95,531200,9102658.00
2019/01/08,11.88,12.26,11.88,12.00,1003200,17488340.00
2019/01/09,12.01,12.24,11.96,12.02,690358,12080750.00
2019/01/10,12.02,12.13,11.93,12.01,275400,4772182.00
2019/01/11,12.01,12.11,11.92,12.06,265058,4585635.50
2019/01/14,12.07,12.21,11.94,12.05,551285,9611976.00
2019/01/15,11.87,12.13,11.85,12.13,443400,7654912.00
2019/01/16,12.13,12.28,12.09,12.18,464405,8155848.50
2019/01/17,12.23,12.23,11.72,11.78,404800,6964932.00
2019/01/18,11.76,12.01,11.76,11.98,304600,5216069.00
2019/01/21,12.01,12.20,12.01,12.16,428515,7475235.50
2019/01/22,12.20,12.23,12.03,12.18,340600,5949943.00
2019/01/23,12.08,12.16,11.98,12.16,219800,3821526.00
2019/01/24,12.07,12.17,11.98,12.09,266100,4633529.00
2019/01/25,12.02,12.12,11.86,11.88,312700,5401047.00
2019/01/28,12.07,12.07,11.68,11.69,261300,4458583.00
2019/01/29,11.79,11.81,11.15,11.30,493700,8117653.00
2019/01/30,11.34,11.41,11.18,11.20,293300,4778049.00
2019/01/31,11.10,11.31,11.01,11.03,362754,5840097.50
2019/02/01,11.15,11.43,11.08,11.43,282900,4599680.00
2019/02/11,11.42,11.69,11.35,11.65,767738,12732496.00
2019/02/12,11.71,11.87,11.56,11.70,707400,11927653.00
2019/02/13,11.65,12.12,11.64,12.08,713600,12237502.00
2019/02/14,12.01,12.16,11.92,11.98,559261,9670558.00
2019/02/15,12.08,12.19,11.93,12.07,511914,8903918.00
2019/02/18,12.23,12.37,12.09,12.33,971600,17111428.00
2019/02/19,12.43,12.58,12.23,12.51,1018600,18192084.00
2019/02/20,12.48,12.50,12.21,12.41,601800,10700953.00
2019/02/21,12.41,12.56,12.18,12.24,751670,13425172.00
2019/02/22,12.30,12.50,12.13,12.48,926400,16422901.00
2019/02/25,12.58,13.03,12.43,12.88,1856223,34033648.00
2019/02/26,12.84,13.00,12.58,12.77,1989380,36573516.00
2019/02/27,12.79,13.13,12.48,12.58,1811395,33165198.00
2019/02/28,12.62,12.96,12.44,12.93,2298861,42026932.00
2019/03/01,12.90,12.91,12.60,12.71,1395896,25483448.00
2019/03/04,12.80,13.02,12.70,12.76,2447695,45216236.00
2019/03/05,12.71,12.95,12.68,12.92,1504227,27733790.00
2019/03/06,12.93,13.33,12.73,13.23,2892901,54227280.00
2019/03/07,13.21,13.57,13.01,13.36,2661806,50682916.00
2019/03/08,13.01,13.28,12.63,12.63,2782699,51917092.00
2019/03/11,12.65,13.18,12.65,13.18,1700279,31666740.00
2019/03/12,13.32,13.79,13.21,13.42,2477166,47773680.00
2019/03/13,13.49,13.73,12.91,13.14,2217400,42653252.00
2019/03/14,13.16,13.47,12.67,12.84,1716149,32162096.00
2019/03/15,12.87,13.30,12.87,13.13,1316980,24788806.00
2019/03/18,13.16,13.76,13.16,13.68,2345117,45704384.00
2019/03/19,13.80,13.81,13.51,13.68,1737100,34102548.00
2019/03/20,13.71,13.78,13.28,13.62,1467566,28527080.00
2019/03/21,13.61,14.31,13.57,14.21,2828514,56417596.00
2019/03/22,14.09,14.09,13.68,13.96,2169480,43254452.00
2019/03/25,13.62,13.96,13.62,13.64,1495690,29609064.00
2019/03/26,13.76,13.92,13.44,13.51,1258861,24627278.00
2019/03/27,13.59,13.64,13.29,13.64,1080285,20893352.00
2019/03/28,13.60,13.89,13.46,13.64,1259851,24889554.00
2019/03/29,13.62,14.24,13.62,14.24,2045439,40991724.00
2019/04/01,14.24,14.74,14.16,14.50,1770538,36731032.00
2019/04/02,14.50,14.62,14.20,14.54,1215137,25187064.00
2019/04/03,14.54,15.18,14.39,14.84,1797732,38175436.00
2019/04/04,14.83,15.36,14.66,15.16,1888114,40680772.00
2019/04/08,15.14,15.20,14.16,14.56,2105961,44519548.00
2019/04/09,14.64,15.05,14.44,14.77,1518500,32149686.00
2019/04/10,14.68,15.04,14.51,14.85,1336946,28297490.00
2019/04/11,14.71,14.96,14.28,14.49,1571772,32944652.00
2019/04/12,14.84,15.16,14.51,14.71,3514155,74565232.00
2019/04/15,14.76,14.90,14.30,14.30,1879510,39279108.00
2019/04/16,14.30,14.34,13.84,14.34,1738200,35099480.00
2019/04/17,14.57,14.91,14.37,14.74,2212580,46745780.00
2019/04/18,14.80,15.64,14.64,14.94,2213280,48297948.00
2019/04/19,14.87,16.47,14.85,16.47,2264581,51306928.00
2019/04/22,16.77,17.52,15.80,15.92,4920090,117046160.00
2019/04/23,15.98,16.40,15.09,15.13,2896030,64138372.00
2019/04/24,15.55,15.55,14.79,15.44,1938076,42584008.00
2019/04/25,15.30,17.02,15.09,17.02,4623023,109474960.00
2019/04/26,17.16,17.16,15.74,16.04,5093665,119242568.00
2019/04/29,15.59,17.68,14.66,16.18,4694475,105425176.00
2019/04/30,15.94,16.08,15.28,15.44,3062032,68606400.00
2019/05/06,14.66,14.66,13.86,13.86,2357439,47546772.00
2019/05/07,13.22,13.75,13.09,13.33,2317897,44567064.00
2019/05/08,13.16,13.71,12.89,13.36,1494532,28699540.00
2019/05/09,13.22,13.92,13.18,13.47,1282245,25009606.00
2019/05/10,13.61,14.62,13.61,14.16,2392945,48530052.00
2019/05/13,14.09,14.37,13.84,14.01,1065500,21486830.00
2019/05/14,13.93,14.11,13.66,13.73,856600,17057936.00
2019/05/15,13.77,14.12,13.77,14.03,831300,16674128.00
2019/05/16,14.08,14.18,13.87,14.04,792100,15931763.00
2019/05/17,14.04,14.04,13.14,13.23,1601600,31170674.00
2019/05/20,13.19,13.33,12.64,13.07,847207,15761848.00
2019/05/21,13.15,13.42,12.98,13.27,627014,11947903.00
2019/05/22,13.21,13.32,12.87,12.98,760707,14314048.00
2019/05/23,12.98,13.14,12.71,12.75,627900,11670771.00
2019/05/24,12.86,12.93,12.64,12.75,614900,11297240.00
2019/05/27,12.87,13.30,12.75,13.23,770500,14501122.00
2019/05/28,13.13,13.28,13.08,13.11,709504,13428966.00
2019/05/29,13.01,13.28,12.91,13.22,983213,18556172.00
2019/05/30,13.10,13.30,12.91,13.19,875991,16404940.00
2019/05/31,13.15,13.38,12.98,13.11,1041391,19735242.00
2019/06/03,13.08,13.16,12.73,12.86,704200,13095745.00
2019/06/04,12.84,12.89,12.09,12.11,1280400,22819216.00
2019/06/05,12.21,12.76,12.21,12.57,1406900,25308190.00
2019/06/06,12.58,12.76,12.43,12.50,943600,17088144.00
2019/06/10,12.58,12.76,12.53,12.68,793392,14428290.00
2019/06/11,12.73,13.14,12.64,13.08,1208611,22412756.00
2019/06/12,13.33,13.54,13.12,13.21,1661697,31799758.00
2019/06/13,13.21,13.57,13.08,13.51,1806947,34762000.00
2019/06/14,13.59,13.59,13.03,13.15,1324000,25350694.00
2019/06/17,12.66,13.27,12.66,13.13,797131,15039884.00
2019/06/18,13.12,13.33,13.01,13.10,1278522,16841614.00
2019/06/19,13.28,13.47,13.12,13.12,1303809,17303018.00
2019/06/20,13.12,13.45,13.02,13.40,1805292,23935004.00
2019/06/21,14.74,14.74,13.82,13.96,5362254,76145952.00
2019/06/24,13.79,14.13,13.49,13.72,2768988,38159180.00
2019/06/25,13.65,15.09,13.65,14.25,4040782,57754840.00
2019/06/26,14.10,14.48,14.06,14.11,2578109,36765828.00
2019/06/27,14.00,14.48,13.99,14.21,2059921,29337340.00
2019/06/28,14.30,14.40,13.60,13.80,2730914,37581212.00
2019/07/01,14.00,14.38,13.80,14.32,3209310,45076632.00
2019/07/02,14.23,14.35,14.04,14.07,1789881,25298296.00
2019/07/03,14.07,14.50,13.79,14.32,2738610,38662808.00
2019/07/04,14.22,14.39,14.12,14.22,1541394,21972050.00
2019/07/05,14.22,14.80,14.22,14.53,2921689,42518448.00
2019/07/08,14.45,14.74,13.92,14.61,2582151,36827464.00
2019/07/09,14.48,15.50,14.40,15.07,3738178,56101004.00
2019/07/10,14.77,15.36,14.77,15.25,3632650,55104584.00
2019/07/11,15.13,16.20,15.10,15.52,4117321,64402284.00
2019/07/12,15.18,15.82,15.15,15.21,4450342,68535080.00
2019/07/15,15.20,15.38,14.66,15.38,2616024,39319996.00
2019/07/16,15.30,16.17,15.25,15.98,3342324,52939432.00
2019/07/17,16.37,16.37,15.75,16.04,2328342,37214872.00
2019/07/18,15.90,16.14,15.75,15.85,2180317,34628456.00
2019/07/19,15.97,16.20,15.82,15.85,1287425,20567254.00
2019/07/22,15.73,15.89,15.25,15.39,2168439,33663800.00
2019/07/23,15.41,16.90,15.41,16.00,2146530,34595724.00
2019/07/24,15.91,16.16,15.80,16.08,1764821,28232010.00
2019/07/25,16.28,16.29,15.97,16.10,1049201,16851656.00
2019/07/26,16.03,16.66,16.01,16.54,1857959,30355188.00
2019/07/29,16.47,16.90,16.26,16.80,2166488,36045792.00
2019/07/30,16.66,17.50,16.59,17.40,2729622,46859600.00
2019/07/31,17.40,17.54,17.03,17.10,2792177,48105124.00
2019/08/01,16.95,17.32,16.56,16.65,3584533,60346244.00
2019/08/02,16.52,16.60,15.89,16.07,3729240,60210240.00
2019/08/05,16.10,16.38,15.09,15.21,3684665,57433868.00
2019/08/06,15.00,15.62,14.80,15.41,3441871,52270592.00
2019/08/07,15.49,15.93,15.28,15.74,2160407,33812376.00
2019/08/08,15.83,16.28,15.81,16.24,2177838,35190716.00
2019/08/09,16.29,17.35,16.29,16.90,3626656,61186624.00
2019/08/12,17.08,17.79,16.77,17.70,2896070,50238648.00
2019/08/13,17.62,17.98,17.11,17.20,3708907,65026328.00
2019/08/14,17.00,17.42,15.84,16.40,7657324,128066048.00
2019/08/15,16.38,17.55,16.00,17.25,5349493,90895624.00
2019/08/16,17.04,17.71,16.94,17.15,3776332,65049392.00
2019/08/19,17.35,17.90,17.35,17.60,2883743,50676400.00
2019/08/20,17.65,17.83,17.17,17.24,2592023,45086556.00
2019/08/21,17.24,18.20,17.24,17.67,3004870,53255988.00
2019/08/22,17.58,17.90,17.38,17.87,1794060,31579768.00
2019/08/23,17.86,18.07,17.41,17.50,1425533,25168578.00
2019/08/26,17.18,17.91,16.95,17.65,1703539,29914620.00
2019/08/27,17.70,18.16,17.52,18.10,2627537,46915108.00
2019/08/28,18.15,18.43,17.90,18.28,1864944,33935604.00
2019/08/29,18.40,18.48,17.80,18.03,2117305,38115184.00
2019/08/30,18.09,18.67,17.81,18.59,2371074,43469516.00
2019/09/02,18.70,19.47,18.54,19.47,3632209,69181808.00
2019/09/03,19.49,19.91,19.23,19.80,2937589,57490064.00
2019/09/04,19.70,21.78,19.63,21.78,6530239,137393952.00
2019/09/05,21.79,23.32,21.40,22.70,5002826,111947152.00
2019/09/06,22.68,22.68,21.85,22.50,3098858,68981440.00
2019/09/09,22.46,24.50,22.46,24.19,4972107,117828392.00
2019/09/10,24.20,24.49,21.77,23.04,4454330,103421024.00
2019/09/11,22.95,24.10,22.60,23.97,4400162,104852624.00
2019/09/12,23.94,23.99,23.21,23.72,3749839,88708704.00
2019/09/16,23.80,25.00,23.63,24.94,4300301,105329120.00
2019/09/17,25.15,27.09,24.63,26.00,5909385,152435632.00
2019/09/18,25.90,27.00,25.50,26.89,5169086,136001584.00
2019/09/19,26.70,27.91,25.90,26.56,5010411,133999368.00
2019/09/20,26.56,26.98,25.92,26.31,2819947,74016936.00
2019/09/23,26.35,26.74,25.18,25.77,3788031,97875056.00
2019/09/24,26.08,27.00,25.68,26.75,3942058,104618432.00
2019/09/25,26.52,27.10,26.33,26.44,3595630,95727528.00
2019/09/26,26.02,26.64,24.00,25.30,5728654,147332944.00
2019/09/27,25.50,25.83,24.61,25.25,5789920,146423568.00
2019/09/30,25.58,25.58,23.88,24.56,3492605,85955560.00
2019/10/08,24.89,26.48,24.35,25.72,3568191,92279640.00
2019/10/09,26.13,26.18,24.30,24.72,3095831,77497368.00
2019/10/10,25.05,25.41,24.12,24.36,2803404,68911768.00
2019/10/11,24.55,25.25,23.54,23.94,2437842,58794348.00
2019/10/14,23.99,24.36,23.73,23.94,2203726,53004760.00
2019/10/15,23.94,24.36,23.49,24.25,2672687,64041420.00
2019/10/16,23.67,24.24,22.72,22.80,2421068,56402788.00
2019/10/17,23.15,24.45,23.08,23.79,3483997,83184808.00
2019/10/18,23.54,23.97,22.55,22.64,2391799,55233652.00
2019/10/21,22.88,23.25,21.40,21.88,3287696,72829376.00
2019/10/22,22.60,23.20,22.31,22.90,2770667,63039980.00
2019/10/23,22.90,23.30,22.15,22.29,1799114,40651124.00
2019/10/24,22.53,22.70,21.79,22.11,1626082,35915336.00
2019/10/25,22.18,22.50,21.81,22.30,1335652,29596392.00
2019/10/28,22.06,22.37,21.31,22.34,1602334,35456952.00
2019/10/29,22.34,22.66,21.58,21.65,1504145,33033520.00
2019/10/30,22.38,22.38,21.49,21.74,1606301,35057536.00
2019/10/31,21.50,21.73,21.02,21.09,1617307,34448688.00
2019/11/01,20.93,21.33,20.61,21.00,1614148,34002176.00
数据来源:通达信
