300560 中富通 日线 前复权
      日期	    开盘	    最高	    最低	    收盘	    成交量	    成交额
2016/11/01,4.88,5.34,4.88,5.34,6400,93913.00
2016/11/02,5.88,5.88,5.88,5.88,1200,19500.00
2016/11/03,6.49,6.49,6.49,6.49,1000,17880.00
2016/11/04,7.15,7.15,7.15,7.15,1200,23604.00
2016/11/07,7.88,7.88,7.88,7.88,1200,25968.00
2016/11/08,8.68,8.68,8.68,8.68,1100,26180.00
2016/11/09,9.56,9.56,9.56,9.56,1300,34034.00
2016/11/10,10.53,10.53,10.53,10.53,1900,54720.00
2016/11/11,11.60,11.60,11.60,11.60,4300,136224.00
2016/11/14,12.77,12.77,12.77,12.77,5200,181220.00
2016/11/15,14.07,14.07,14.07,14.07,4000,153360.00
2016/11/16,15.48,15.48,15.48,15.48,7600,320492.00
2016/11/17,17.05,17.05,17.05,17.05,9400,436066.00
2016/11/18,18.77,18.77,18.77,18.77,40700,2076921.00
2016/11/21,20.65,20.65,20.65,20.65,39145,2197208.75
2016/11/22,22.73,22.73,22.73,22.73,28800,1778112.00
2016/11/23,25.02,25.02,25.02,25.02,25060,1701824.63
2016/11/24,27.53,27.53,27.53,27.53,744149,55587932.00
2016/11/25,30.30,30.30,29.58,30.30,4554820,373361824.00
2016/11/28,31.55,32.09,29.95,30.11,10348605,864696512.00
2016/11/29,29.29,29.49,28.26,28.31,6087666,475245760.00
2016/11/30,28.23,29.42,28.23,28.84,4366263,342029376.00
2016/12/01,28.57,29.87,28.07,29.50,4915638,386175712.00
2016/12/02,29.20,29.46,27.76,27.77,3537583,274597568.00
2016/12/05,27.15,27.92,27.04,27.14,2341754,174169952.00
2016/12/06,27.38,28.01,27.28,27.42,2001851,149813344.00
2016/12/07,27.45,27.87,26.66,27.64,2627669,193753584.00
2016/12/08,27.53,28.30,27.38,27.45,2557051,192898096.00
2016/12/09,27.25,27.25,26.46,26.57,2525067,183431248.00
2016/12/12,26.35,26.71,23.90,23.90,2767900,188719408.00
2016/12/13,23.72,24.24,23.20,23.90,1766716,113929944.00
2016/12/14,23.68,24.12,23.38,23.47,1546054,99808256.00
2016/12/15,23.30,24.19,23.27,23.73,1467169,94975456.00
2016/12/16,23.74,24.18,23.58,24.07,1324100,86007616.00
2016/12/19,23.98,24.70,23.80,24.45,1508014,99514648.00
2016/12/20,24.67,24.67,24.00,24.23,999905,65627656.00
2016/12/21,24.31,24.42,23.89,24.32,1156116,75975520.00
2016/12/22,24.29,24.41,23.90,24.20,949803,62355360.00
2016/12/23,24.24,24.31,22.13,22.59,1809400,114275672.00
2016/12/26,22.27,22.80,21.68,22.78,1196305,72143800.00
2016/12/27,22.67,23.34,22.58,23.13,1183800,73821848.00
2016/12/28,23.05,23.25,22.87,22.94,855954,53757776.00
2016/12/29,22.93,23.19,22.68,22.71,874452,54502652.00
2016/12/30,22.55,22.82,22.35,22.53,800254,49086272.00
2017/01/03,22.67,23.17,22.50,22.93,983906,61076260.00
2017/01/04,22.94,23.16,22.80,23.05,936332,58506580.00
2017/01/05,22.95,23.11,22.85,22.86,1083300,67590944.00
2017/01/06,22.88,22.88,21.64,21.64,1483300,88920168.00
2017/01/09,21.31,21.68,21.00,21.41,1003787,58180432.00
2017/01/10,21.41,21.67,21.18,21.25,705805,41163240.00
2017/01/11,21.24,21.41,20.39,20.57,1058047,60144248.00
2017/01/12,20.60,20.89,20.39,20.54,746852,42007372.00
2017/01/13,20.44,20.57,19.35,19.52,1205824,65304588.00
2017/01/16,19.35,19.46,17.59,18.17,1430681,72601680.00
2017/01/17,18.00,19.05,17.47,18.83,1288417,64374312.00
2017/01/18,18.71,18.71,18.05,18.05,776900,38900404.00
2017/01/19,17.97,18.68,17.31,18.16,900564,44676664.00
2017/01/20,18.07,19.92,18.01,19.38,1618764,84905568.00
2017/01/23,19.40,20.30,19.39,20.04,1150500,62459952.00
2017/01/24,19.95,20.19,19.67,19.76,778400,42088048.00
2017/01/25,19.76,20.19,19.73,20.08,444013,24172726.00
2017/01/26,19.91,20.20,19.91,20.11,371808,20284766.00
2017/02/03,20.16,20.16,19.46,19.50,380459,20394390.00
2017/02/06,19.68,20.64,19.68,20.52,767260,42182316.00
2017/02/07,20.61,20.92,20.43,20.75,894900,50224856.00
2017/02/08,20.75,21.05,20.45,20.95,694480,39256804.00
2017/02/09,20.94,21.59,20.83,21.24,1174850,67502400.00
2017/02/10,21.16,21.93,20.88,21.35,1509100,87806936.00
2017/02/13,21.27,21.60,20.98,21.41,1147169,66586584.00
2017/02/14,21.37,21.71,21.20,21.24,870200,50424528.00
2017/02/15,21.24,21.45,21.01,21.08,839500,48500284.00
2017/02/16,21.10,21.42,20.87,21.23,955169,55015892.00
2017/02/17,21.24,21.42,20.44,20.61,913754,51757256.00
2017/02/20,20.46,20.70,19.86,20.24,585500,32171082.00
2017/02/21,20.30,20.85,20.27,20.61,506100,28379644.00
2017/02/22,20.97,20.97,20.24,20.77,719354,40266936.00
2017/02/23,20.61,20.97,20.61,20.92,740154,41885780.00
2017/02/24,20.90,21.33,20.80,21.28,1000373,57442824.00
2017/02/27,21.28,21.60,21.05,21.24,790100,45714080.00
2017/02/28,21.15,21.28,20.94,21.27,556300,31860480.00
2017/03/01,21.25,21.44,20.98,21.25,694500,40193724.00
2017/03/02,21.22,21.33,21.04,21.16,481673,27736724.00
2017/03/03,21.20,21.57,21.03,21.42,828673,48099252.00
2017/03/06,21.52,22.30,21.41,22.17,1737373,103503736.00
2017/03/07,22.31,23.53,22.31,23.41,2581773,162513184.00
2017/03/08,23.42,24.45,22.75,23.27,2445087,157027584.00
2017/03/09,22.84,23.20,22.12,22.63,1500305,91550360.00
2017/03/10,22.72,22.72,22.31,22.44,1151100,70242824.00
2017/03/13,22.41,22.71,22.11,22.67,906724,55231924.00
2017/03/14,22.45,23.06,22.38,22.66,1087000,67212784.00
2017/03/15,22.58,23.20,22.20,23.18,1459000,90314184.00
2017/03/16,23.33,24.10,23.09,23.61,1970855,126348768.00
2017/03/17,23.38,23.72,22.43,22.77,1586500,99769128.00
2017/03/20,22.54,23.03,22.37,23.03,927949,57097472.00
2017/03/21,23.04,23.12,22.80,23.12,928450,57984984.00
2017/03/22,22.90,23.35,22.52,23.28,1130001,70452720.00
2017/03/23,23.20,23.57,22.61,23.06,1286299,80767200.00
2017/03/24,23.07,23.51,23.02,23.37,1413449,89423792.00
2017/03/27,23.40,24.03,23.28,23.79,1661570,107040488.00
2017/03/28,23.68,23.88,23.01,23.02,1169269,74286776.00
2017/03/29,23.00,23.25,21.97,22.04,995499,60649988.00
2017/03/30,21.90,21.90,20.81,21.31,1057921,60928060.00
2017/03/31,21.35,21.70,20.98,21.31,468800,27146684.00
2017/04/05,21.35,21.94,21.17,21.84,459319,27045586.00
2017/04/06,21.90,23.42,21.84,23.42,1871402,116264968.00
2017/04/07,23.35,23.47,22.90,22.97,1064919,67007820.00
2017/04/10,22.83,23.38,22.72,22.84,1196719,74805288.00
2017/04/11,22.64,23.35,22.60,23.27,1140419,71366464.00
2017/04/12,23.39,23.92,22.91,23.64,1318401,84585248.00
2017/04/13,23.71,23.93,23.48,23.71,736802,47284040.00
2017/04/14,23.34,23.92,23.01,23.37,643000,40896084.00
2017/04/17,22.46,22.91,21.60,22.02,725401,44060540.00
2017/04/18,22.29,22.46,21.72,22.37,512901,30734578.00
2017/04/19,22.34,22.46,21.86,22.41,401100,24145792.00
2017/04/20,22.46,22.75,22.09,22.74,417301,25376676.00
2017/04/21,22.78,22.79,22.53,22.60,515100,31704628.00
2017/04/24,22.47,22.47,20.98,22.09,597601,35258664.00
2017/04/25,22.09,22.78,21.90,22.64,678100,41200416.00
2017/04/26,22.79,22.97,22.50,22.89,476603,29512098.00
2017/04/27,22.90,23.34,22.14,23.12,570100,35431348.00
2017/04/28,23.01,23.34,22.88,22.93,417101,26209190.00
2017/05/02,23.10,23.38,22.98,23.37,571360,35998760.00
2017/05/03,23.37,23.64,23.14,23.64,525100,33381932.00
2017/05/04,23.42,23.82,23.23,23.33,592000,37828776.00
2017/05/05,23.33,23.33,22.74,23.31,636250,39748556.00
2017/05/08,23.17,23.20,22.83,23.01,317700,19863482.00
2017/05/09,23.19,23.49,22.86,23.33,584000,36856240.00
2017/05/10,23.38,23.50,21.94,23.16,529400,33176580.00
2017/05/11,22.83,23.16,22.20,23.13,459690,28500470.00
2017/05/12,23.20,23.34,22.78,23.34,620301,38922224.00
2017/05/15,23.38,23.45,23.09,23.24,531201,33534554.00
2017/05/16,23.19,23.57,22.67,23.50,1183801,74778288.00
2017/05/17,23.38,23.73,23.23,23.56,1067800,68193784.00
2017/05/18,23.20,25.01,23.05,24.34,2428603,159255136.00
2017/05/19,24.24,24.64,23.79,24.20,1163399,76151240.00
2017/05/22,24.46,24.46,22.87,23.31,1375600,87644464.00
2017/05/23,23.20,23.31,20.98,22.45,1417569,85740784.00
2017/05/24,23.20,23.31,21.79,22.09,590599,35767792.00
2017/05/25,21.94,22.27,21.47,22.27,590600,35197560.00
2017/05/26,22.09,22.45,21.90,21.91,251100,15074401.00
2017/05/31,22.09,22.64,22.09,22.51,960899,58432256.00
2017/06/01,22.41,22.41,21.34,21.72,557700,33099672.00
2017/06/02,21.35,21.67,19.53,21.35,1400291,77566736.00
2017/06/05,21.27,21.67,20.98,21.65,533800,30980152.00
2017/06/06,21.60,21.82,21.46,21.80,403771,23787468.00
2017/06/07,21.73,22.45,21.60,22.37,295971,17796154.00
2017/06/08,22.46,22.57,22.21,22.36,243500,14792818.00
2017/06/09,22.41,22.41,22.09,22.38,214570,12952145.00
2017/06/12,22.35,22.46,21.95,22.21,264600,15942963.00
2017/06/13,22.25,22.37,22.09,22.27,346170,20915922.00
2017/06/14,22.37,22.64,22.16,22.64,852500,51890752.00
2017/06/15,22.68,22.92,22.49,22.86,893200,55180764.00
2017/06/16,22.86,22.98,22.64,22.64,548200,33972796.00
2017/06/19,22.64,22.79,21.36,21.80,834900,50110332.00
2017/06/20,21.79,23.90,21.79,23.38,1094699,68119192.00
2017/06/21,23.53,25.73,23.15,25.61,2972363,201806480.00
2017/06/22,25.46,26.49,24.97,25.90,2213324,154467584.00
2017/06/23,25.83,27.09,25.05,26.90,1666020,117636416.00
2017/06/26,26.87,27.58,26.19,27.42,1182521,86954656.00
2017/06/27,27.42,27.64,26.64,27.57,827999,61208924.00
2017/06/28,27.53,28.75,26.83,27.64,1025524,77162440.00
2017/06/29,27.57,28.32,26.54,27.27,1489200,111091464.00
2017/06/30,27.27,29.74,26.56,29.27,1801687,137145440.00
2017/07/03,29.53,29.82,27.53,29.16,1633424,125631312.00
2017/07/04,28.81,29.25,28.12,28.50,995651,77064056.00
2017/07/05,28.32,28.77,27.77,28.24,949100,48554360.00
2017/07/06,28.32,30.85,27.87,30.85,2161456,113751056.00
2017/07/07,30.91,33.80,29.93,33.66,3260795,187255824.00
2017/07/10,32.57,35.30,32.13,34.90,3094109,189215072.00
2017/07/11,34.35,34.74,32.02,32.68,1831909,111403328.00
2017/07/12,32.96,34.63,31.95,32.68,2313215,138341136.00
2017/07/13,33.52,35.31,32.12,35.31,3032015,185994688.00
2017/07/14,34.35,35.40,33.01,33.57,1783865,109571968.00
2017/07/17,33.13,33.56,30.46,33.07,1068500,62859860.00
2017/07/18,33.07,34.27,32.69,33.36,1426200,85909744.00
2017/07/19,33.02,34.80,32.83,34.52,1399950,85546024.00
2017/07/20,34.57,35.66,34.35,35.12,1314050,83116272.00
2017/07/21,35.12,37.30,34.46,36.13,1439806,93796336.00
2017/07/24,35.96,35.96,33.82,35.46,1702800,106755520.00
2017/07/25,34.91,36.52,33.94,35.46,1775807,112670568.00
2017/07/26,34.91,35.41,33.80,33.91,1154100,71340432.00
2017/07/27,33.76,33.91,33.25,33.39,690050,41747204.00
2017/07/28,33.39,33.80,32.30,33.80,730197,43568240.00
2017/07/31,33.80,35.46,32.69,35.46,3498990,212535872.00
2017/08/01,35.11,35.56,34.35,34.35,924799,58006016.00
2017/08/02,34.35,34.57,33.80,33.85,384200,23580054.00
2017/08/03,33.94,34.62,33.74,34.02,333050,20480946.00
2017/08/04,34.28,34.28,33.31,33.74,529600,32091428.00
2017/08/07,34.07,34.91,33.17,34.91,819846,50469520.00
2017/08/08,34.61,35.07,32.80,33.80,1608350,98041768.00
2017/08/09,33.68,33.68,30.52,33.13,2283636,131796888.00
2017/08/10,32.57,32.57,29.96,31.85,1640500,91382392.00
2017/08/11,31.02,31.57,30.02,31.37,879801,48802816.00
2017/08/14,31.01,31.85,30.16,31.51,1482150,82374104.00
2017/08/15,31.02,32.02,30.52,31.22,2712950,151705792.00
2017/08/16,30.74,31.00,30.37,30.74,917000,50728752.00
2017/08/17,30.74,30.79,30.46,30.60,870160,48172388.00
2017/08/18,30.24,31.18,30.05,31.18,907307,50241796.00
2017/08/21,30.90,31.38,30.49,31.12,801549,45043052.00
2017/08/22,31.18,31.18,30.63,30.72,366750,20404174.00
2017/08/23,30.46,30.62,30.03,30.10,450723,24561776.00
2017/08/24,29.51,30.46,29.51,29.53,482950,25878748.00
2017/08/25,29.52,30.80,29.25,30.80,1841650,99838496.00
2017/08/28,30.62,32.41,30.45,32.41,1908136,108052192.00
2017/08/29,31.63,32.41,31.63,32.30,896650,52077740.00
2017/08/30,31.76,34.35,31.75,33.80,949400,56849256.00
2017/08/31,33.41,34.60,33.41,33.85,826000,50937044.00
2017/09/01,33.52,34.05,33.52,33.57,681050,41456640.00
2017/09/04,33.57,33.57,32.68,33.04,402400,23971914.00
2017/09/05,32.74,33.23,32.13,32.13,445930,26225792.00
2017/09/06,32.02,33.06,31.63,32.41,451157,26260420.00
2017/09/07,32.12,35.66,32.06,33.35,746550,45679328.00
2017/09/08,33.25,33.52,31.96,31.99,531500,31274314.00
2017/09/11,31.99,32.56,31.03,31.57,704723,40308732.00
2017/09/12,31.57,31.90,30.75,31.02,533092,29987850.00
2017/09/13,30.58,31.85,30.58,30.80,443200,24801686.00
2017/09/14,31.40,31.40,30.46,30.48,533570,29662762.00
2017/09/15,30.73,30.73,30.02,30.46,394900,21586640.00
2017/09/18,30.24,32.13,30.24,32.13,2129350,120243672.00
2017/09/19,32.41,32.45,30.85,31.35,1176300,67074956.00
2017/09/20,31.07,31.55,30.66,31.09,551800,30928676.00
2017/09/21,31.11,31.51,30.46,31.14,1690300,94605736.00
2017/09/22,31.13,31.38,30.80,31.18,1346900,75791720.00
2017/09/25,31.23,31.26,30.02,30.74,1874100,104506848.00
2017/09/26,30.24,30.74,30.16,30.41,1322650,72801712.00
2017/09/27,30.41,30.46,28.85,29.45,1248280,66320712.00
2017/09/28,28.87,29.35,27.86,27.91,3170850,162961648.00
2017/09/29,26.57,26.91,25.11,25.11,3721365,171305040.00
2017/10/09,25.07,25.46,24.74,24.91,2379750,107452216.00
2017/10/10,24.91,24.99,24.36,24.68,1985650,88396944.00
2017/10/11,24.68,24.68,23.99,24.24,1793550,78878880.00
2017/10/12,24.05,26.67,23.98,26.67,3130450,141778416.00
2017/10/13,26.48,26.51,25.74,25.97,3072800,144655680.00
2017/10/16,25.71,25.80,23.41,23.79,3810700,166267360.00
2017/10/17,23.46,23.55,22.70,23.13,2034349,84799624.00
2017/10/18,22.90,23.84,22.86,23.28,1879449,79548904.00
2017/10/19,22.83,23.56,22.60,22.72,1300500,53853160.00
2017/10/20,22.90,23.47,22.67,23.43,1424350,59704728.00
2017/10/23,24.02,24.63,23.63,24.07,4782975,207390640.00
2017/10/24,23.74,23.94,23.16,23.82,1717650,72969024.00
2017/10/25,23.82,24.84,23.54,24.55,2696299,118095904.00
2017/10/26,24.42,24.85,24.14,24.29,2103800,92601336.00
2017/10/27,24.31,24.32,22.97,23.33,2524724,106410408.00
2017/10/30,22.68,22.68,20.98,20.98,2258000,86792968.00
2017/10/31,18.88,20.71,18.88,20.12,5991152,208765792.00
2017/11/01,19.35,19.76,19.02,19.32,3810399,133896256.00
2017/11/02,19.12,19.53,19.01,19.11,2655849,92457904.00
2017/11/03,18.85,18.85,17.67,17.86,3596307,118232048.00
2017/11/06,18.06,18.50,18.06,18.39,2284099,75535416.00
2017/11/07,18.70,18.71,18.16,18.52,2161000,72158192.00
2017/11/08,18.61,19.10,18.46,18.69,2363786,80530952.00
2017/11/09,18.68,20.57,18.53,20.57,5363311,190859136.00
2017/11/10,20.72,22.63,20.28,21.58,8265010,322850624.00
2017/11/13,21.56,21.57,20.66,20.67,5309583,201361312.00
2017/11/14,20.51,21.13,19.91,20.04,3649159,135604832.00
2017/11/15,19.96,20.84,19.83,20.68,3693087,136842544.00
2017/11/16,20.46,20.50,19.62,19.69,3018000,108711344.00
2017/11/17,19.41,19.61,17.71,17.72,3410615,114782392.00
2017/11/20,17.66,18.72,16.63,18.47,2957641,95090336.00
2017/11/21,17.96,19.07,17.72,18.78,3182199,106705728.00
2017/11/22,18.68,19.06,17.86,18.15,2490200,82989784.00
2017/11/23,18.68,19.97,18.12,19.97,3349552,118689712.00
2017/11/24,20.74,21.63,20.30,20.42,9086188,344012960.00
2017/11/27,18.63,19.86,18.37,18.62,5838238,199638624.00
2017/11/28,18.80,20.49,18.30,20.49,4249556,153437888.00
2017/11/29,21.51,21.68,20.57,20.81,9238222,352988928.00
2017/11/30,21.46,21.98,20.91,21.18,7786007,302078560.00
2017/12/01,20.82,23.00,20.59,22.30,8502557,335575616.00
2017/12/04,21.78,23.23,21.35,22.40,7608314,306940736.00
2017/12/05,21.85,22.90,20.64,21.41,5902423,232266256.00
2017/12/06,21.64,22.96,21.33,22.58,6146550,246180336.00
2017/12/07,22.33,22.99,22.03,22.46,5758824,234605632.00
2017/12/08,22.13,23.56,21.91,22.18,6838950,279716480.00
2017/12/11,21.91,22.57,21.58,21.80,4571607,181513216.00
2017/12/12,21.98,22.56,21.63,21.66,4478407,178956368.00
2017/12/13,21.06,22.05,20.71,21.66,3620407,140882592.00
2017/12/14,21.87,22.48,21.66,21.67,3598757,142978592.00
2017/12/15,21.39,23.79,21.39,23.26,9498123,391239328.00
2017/12/18,22.80,22.93,21.57,21.72,6409773,257904480.00
2017/12/19,21.56,22.46,21.51,22.30,4198657,166059632.00
2017/12/20,22.05,22.23,21.57,21.67,2923950,115119408.00
2017/12/21,21.30,22.18,20.81,21.86,4343207,169214384.00
2017/12/22,21.70,22.03,20.92,20.92,3787800,146144992.00
2017/12/25,20.30,20.69,18.82,19.21,4942923,174710960.00
2017/12/26,19.07,19.72,19.07,19.31,2534130,88951872.00
2017/12/27,19.35,19.41,18.53,18.59,2638250,90339528.00
2017/12/28,18.63,19.16,18.60,18.68,2228400,76114352.00
2017/12/29,18.95,19.16,18.35,19.10,2437300,83074848.00
2018/01/02,19.10,19.35,18.88,19.24,1842100,63778296.00
2018/01/03,19.25,19.83,18.94,19.58,2851250,100240016.00
2018/01/04,19.42,19.61,19.17,19.37,2067350,72501664.00
2018/01/05,19.48,19.57,18.96,18.99,1845322,64205268.00
2018/01/08,18.98,18.98,18.26,18.78,2271173,76061144.00
2018/01/09,18.63,19.07,18.56,18.95,1642752,55898892.00
2018/01/10,18.95,18.95,18.35,18.53,1497799,50308536.00
2018/01/11,18.37,19.17,18.37,18.93,2151050,73572832.00
2018/01/12,18.80,18.90,18.47,18.51,1428600,48149220.00
2018/01/15,18.35,18.48,17.31,17.41,2142698,68868304.00
2018/01/16,17.41,18.03,17.41,17.99,1561050,49965392.00
2018/01/17,17.85,18.22,17.50,17.99,1721948,55798532.00
2018/01/18,18.01,18.17,17.70,17.74,1144248,37106676.00
2018/01/19,17.82,18.05,17.50,17.57,1205400,38754548.00
2018/01/22,17.38,17.85,17.02,17.67,1198550,37873076.00
2018/01/23,17.73,18.00,17.59,17.60,974200,31275956.00
2018/01/24,17.56,18.02,17.27,17.93,1610549,51755656.00
2018/01/25,17.97,18.08,17.62,17.68,1539500,49846060.00
2018/01/26,17.64,17.77,17.52,17.56,850550,27159702.00
2018/01/29,18.03,18.03,17.35,17.42,839798,26713398.00
2018/01/30,17.41,17.61,17.05,17.08,1014780,31688870.00
2018/01/31,17.05,17.05,15.37,15.88,1990098,58577552.00
2018/02/01,15.53,15.85,14.28,14.28,2873920,76899664.00
2018/02/02,14.10,14.29,13.29,13.96,1260370,31708538.00
2018/02/05,13.73,14.06,13.36,13.75,1285870,31906374.00
2018/02/06,13.52,13.62,12.37,12.37,1527850,36186028.00
2018/02/07,12.62,13.13,12.13,12.58,1186450,27121282.00
2018/02/08,12.66,13.30,12.42,13.08,1510262,35630612.00
2018/02/09,12.61,13.07,12.51,12.66,1374850,31933460.00
2018/02/12,12.95,13.23,12.74,13.07,1201063,28355954.00
2018/02/13,13.20,13.22,12.91,12.92,966800,22921596.00
2018/02/14,12.93,14.16,12.88,13.71,2008836,49389776.00
2018/02/22,13.76,14.33,13.76,13.99,1107262,28177338.00
2018/02/23,14.00,14.21,13.68,13.85,909308,22787048.00
2018/02/26,13.96,14.48,13.86,14.28,1304599,33609896.00
2018/02/27,14.28,14.77,13.96,14.60,1702557,44651476.00
2018/02/28,14.46,14.46,13.86,14.25,1135507,29208420.00
2018/03/01,13.97,14.73,13.97,14.65,1345671,35405236.00
2018/03/02,14.63,14.98,14.38,14.43,1380220,36616628.00
2018/03/05,14.43,14.66,14.36,14.63,917651,24160744.00
2018/03/06,14.74,15.77,14.49,15.13,2338522,64340832.00
2018/03/07,15.15,15.18,14.35,15.07,1490064,40320048.00
2018/03/08,15.07,15.19,14.90,15.06,1110324,30221396.00
2018/03/09,15.06,16.58,14.96,16.58,1684200,49270136.00
2018/03/12,18.25,18.25,18.25,18.25,805551,26591238.00
2018/03/13,19.22,20.00,18.71,19.07,9263701,320037504.00
2018/03/14,18.27,18.68,17.80,17.97,5040670,166924224.00
2018/03/15,17.30,17.62,16.17,17.05,4553170,139341824.00
2018/03/16,17.13,17.42,16.91,17.22,2817870,87579920.00
2018/03/19,17.05,18.36,17.05,17.99,4583300,147772128.00
2018/03/20,17.60,17.85,17.31,17.83,2918797,92888536.00
2018/03/21,17.83,18.46,17.45,17.54,3241420,105490344.00
2018/03/22,17.41,17.63,16.88,16.97,2514647,77898864.00
2018/03/23,16.20,16.45,15.27,15.28,2633150,75363120.00
2018/03/26,14.80,16.05,14.29,15.90,2176873,60577660.00
2018/03/27,16.32,17.50,16.22,17.50,1934596,59749756.00
2018/03/28,18.01,18.24,17.52,17.62,6453368,209297232.00
2018/03/29,17.43,18.12,17.43,17.63,3591698,115585360.00
2018/03/30,17.92,18.18,17.36,18.00,4091518,132459640.00
2018/04/02,17.96,18.73,17.80,18.22,4768848,158007328.00
2018/04/03,17.75,19.72,17.41,18.40,4162148,137195280.00
2018/04/04,17.86,18.77,17.85,17.88,3289998,109060488.00
2018/04/09,17.85,18.56,17.61,18.02,3838948,126366136.00
2018/04/10,18.41,18.80,17.59,18.16,3595950,118661248.00
2018/04/11,18.56,18.56,18.07,18.21,3792520,125898816.00
2018/04/12,18.24,19.17,18.07,18.91,5631920,190006944.00
2018/04/13,19.30,20.17,18.68,19.43,7339393,258350000.00
2018/04/16,19.62,21.39,19.46,21.39,10734475,400453888.00
2018/04/17,20.74,21.00,19.53,19.74,8636529,316216224.00
2018/04/18,20.00,20.00,18.06,19.20,6155500,210069376.00
2018/04/19,18.75,18.76,17.68,18.12,6364170,209931936.00
2018/04/20,17.85,17.85,16.30,16.30,5257000,161833424.00
2018/04/23,16.28,17.13,16.07,17.02,4095200,124573584.00
2018/04/24,16.95,17.50,16.60,17.36,3441900,106879392.00
2018/04/25,17.13,19.10,17.03,18.85,8123974,274967232.00
2018/04/26,18.45,18.50,17.03,17.13,5595649,180586800.00
2018/04/27,17.45,17.90,17.17,17.26,3097979,97784496.00
2018/05/02,17.31,17.56,16.35,16.56,2717674,82420968.00
2018/05/03,16.41,17.41,16.36,17.33,2798517,86036872.00
2018/05/04,17.33,17.55,16.74,16.84,2243924,69797920.00
2018/05/07,16.87,17.55,16.87,17.37,2502803,78540216.00
2018/05/08,17.28,17.76,17.18,17.70,2794301,88712472.00
2018/05/09,17.66,18.52,17.41,18.32,4419100,143362608.00
2018/05/10,18.33,19.24,18.08,19.03,5862972,198192720.00
2018/05/11,18.87,18.87,18.34,18.34,3202850,107430504.00
2018/05/14,20.18,20.18,20.18,20.18,2538702,92662624.00
2018/05/15,20.18,22.21,19.43,21.30,14093895,529947360.00
2018/05/16,20.33,20.55,19.21,19.46,9314522,337986464.00
2018/05/17,19.07,19.83,19.07,19.54,4598172,162492368.00
2018/05/18,18.88,19.38,18.88,19.19,3820615,132281656.00
2018/05/21,19.48,20.27,19.24,19.70,5240915,187465376.00
2018/05/22,19.69,21.67,19.45,21.67,6434106,241381568.00
2018/05/23,20.96,23.52,20.38,21.41,12411628,482761440.00
2018/05/24,20.90,21.85,20.63,21.06,6613947,253028272.00
2018/05/25,21.31,22.12,21.16,21.16,6351352,246707648.00
2018/05/28,21.11,22.06,19.35,19.99,6546622,248087104.00
2018/05/29,19.97,20.38,19.61,20.15,4099004,148815216.00
2018/05/30,19.43,19.96,18.91,19.07,3879550,136639472.00
2018/05/31,19.42,19.87,19.24,19.77,4087652,144567360.00
2018/06/01,19.48,20.60,19.46,20.37,6573225,158480768.00
2018/06/04,21.03,21.28,20.12,20.78,7991283,199544576.00
2018/06/05,20.78,21.78,20.24,21.49,8209789,209004032.00
2018/06/06,21.60,22.37,21.34,22.35,12087016,320791840.00
2018/06/07,21.78,22.06,21.37,21.40,7450471,193697104.00
2018/06/08,21.68,22.33,20.89,21.38,6251399,163857360.00
2018/06/11,20.95,21.36,20.37,20.61,4773903,119261832.00
2018/06/12,20.44,21.10,20.44,20.72,4533978,113964520.00
2018/06/13,20.12,20.13,18.67,19.00,6245488,145819088.00
2018/06/14,18.58,19.95,18.54,19.67,4887375,114477696.00
2018/06/15,20.13,20.62,19.53,19.68,4297975,103505200.00
2018/06/19,18.70,18.70,17.71,17.71,3835303,83294176.00
2018/06/20,17.56,18.06,16.21,17.57,4704778,98808648.00
2018/06/21,17.45,17.78,16.33,16.60,3602175,73880192.00
2018/06/22,16.66,17.23,16.66,17.12,3037503,62148864.00
2018/06/25,17.45,17.50,16.89,17.22,2406475,49777712.00
2018/06/26,16.83,17.69,16.55,17.65,3179425,66290964.00
2018/06/27,17.45,17.69,17.25,17.42,2086225,43812128.00
2018/06/28,17.41,17.93,17.37,17.59,3314349,70168776.00
2018/06/29,17.45,18.28,17.31,18.20,4269700,92086136.00
2018/07/02,18.02,18.40,16.67,17.28,4025125,85990160.00
2018/07/03,17.28,19.01,17.03,19.01,5571250,121218504.00
2018/07/04,19.08,19.93,18.37,19.45,11466900,266379824.00
2018/07/05,18.72,19.20,17.88,18.10,6694525,149840032.00
2018/07/06,18.39,19.08,18.04,18.57,5313725,118635936.00
2018/07/09,18.41,20.24,18.38,19.54,7646690,176817472.00
2018/07/10,19.54,19.68,19.20,19.55,5632526,131591944.00
2018/07/11,18.70,19.22,18.48,19.11,4581200,104106096.00
2018/07/12,20.97,21.03,19.62,19.70,9761756,236799616.00
2018/07/13,19.28,19.84,19.13,19.19,6200100,144625696.00
2018/07/16,19.51,20.22,19.20,19.68,6250176,149070288.00
2018/07/17,19.70,19.83,19.19,19.77,4662032,109168752.00
2018/07/18,19.87,19.87,18.85,18.91,4438400,102917232.00
2018/07/19,18.78,19.08,18.43,18.48,2708425,60871708.00
2018/07/20,18.37,18.62,17.91,18.45,2959952,65190264.00
2018/07/23,18.18,18.76,18.04,18.68,2276174,50890892.00
2018/07/24,18.61,18.92,18.45,18.75,2593125,58350908.00
2018/07/25,18.81,19.91,18.81,19.54,7706590,180596048.00
2018/07/26,19.33,19.43,18.87,19.01,4418675,101441552.00
2018/07/27,18.95,19.07,18.57,18.59,2295524,51637636.00
2018/07/30,18.33,18.58,17.54,17.78,2899920,62807616.00
2018/07/31,17.78,18.14,17.59,17.75,1451052,31289058.00
2018/08/01,17.95,18.06,17.20,17.21,1931527,41014464.00
2018/08/02,17.08,17.23,15.53,16.45,3038974,59964072.00
2018/08/03,16.41,16.73,15.92,15.93,1704563,33254130.00
2018/08/06,15.87,15.90,14.85,14.93,2205550,40520080.00
2018/08/07,15.28,15.62,14.93,15.49,2037025,37404372.00
2018/08/08,15.41,15.53,14.53,14.70,2088450,37878156.00
2018/08/09,14.72,16.15,14.72,15.53,2866400,53532788.00
2018/08/10,15.60,16.19,15.41,16.00,3445800,65602536.00
2018/08/13,15.68,16.61,15.52,16.39,3334525,65378048.00
2018/08/14,16.20,16.53,16.03,16.20,2234225,43742068.00
2018/08/15,16.39,16.39,15.81,15.94,1698925,32909898.00
2018/08/16,15.77,16.73,15.51,16.08,3392200,66462508.00
2018/08/17,16.14,16.35,15.56,15.65,2047850,39368728.00
2018/08/20,15.65,17.16,15.65,16.64,3934925,77292008.00
2018/08/21,16.63,17.03,16.27,16.63,4010275,80187448.00
2018/08/22,16.38,16.57,16.13,16.19,2029875,39965356.00
2018/08/23,16.11,16.95,16.00,16.62,2849775,56913812.00
2018/08/24,16.58,16.73,16.28,16.31,2421350,48024268.00
2018/08/27,16.33,17.03,16.33,16.84,3605495,73083096.00
2018/08/28,16.82,17.33,16.62,16.77,3347095,68357464.00
2018/08/29,16.72,16.83,16.35,16.58,2531925,50236984.00
2018/08/30,16.54,16.58,15.89,15.93,2136925,41606560.00
2018/08/31,15.98,16.37,15.87,15.94,2076270,40392412.00
2018/09/03,15.78,15.78,14.38,15.46,2448300,44741048.00
2018/09/04,15.48,15.91,15.48,15.73,1764295,33411560.00
2018/09/05,15.80,16.25,15.63,15.66,2156700,41335416.00
2018/09/06,15.48,15.97,15.46,15.63,1319325,24993402.00
2018/09/07,15.93,15.94,15.16,15.27,1703850,31692468.00
2018/09/10,15.16,15.37,14.84,14.89,1179200,21452534.00
2018/09/11,14.83,15.27,14.83,15.07,1207875,21918446.00
2018/09/12,14.98,15.20,14.87,15.08,1038875,18838044.00
2018/09/13,15.28,15.58,15.05,15.57,2074450,38228236.00
2018/09/14,15.68,15.68,15.01,15.08,1884250,34787312.00
2018/09/17,15.03,15.03,14.63,14.77,1293250,23081724.00
2018/09/18,14.84,15.07,14.70,15.04,1360075,24457308.00
2018/09/19,14.99,15.63,14.92,15.39,2392909,44077984.00
2018/09/20,15.39,15.48,14.98,15.08,1500075,27484922.00
2018/09/21,15.08,15.37,14.98,15.26,1388900,25370560.00
2018/09/25,15.28,15.28,14.90,14.98,1621575,29344744.00
2018/09/26,14.98,15.13,14.84,15.00,1453025,26252420.00
2018/09/27,14.98,15.03,14.39,14.39,1647850,29113186.00
2018/09/28,14.46,14.58,14.44,14.48,1033750,18067316.00
2018/10/08,14.15,14.15,13.31,13.47,1347100,22290200.00
2018/10/09,13.56,13.75,13.56,13.67,891050,14656236.00
2018/10/10,13.77,13.93,13.60,13.83,858875,14273950.00
2018/10/11,12.88,13.45,12.44,12.48,1748225,26948940.00
2018/10/12,12.46,12.46,11.70,12.33,1937875,28504894.00
2018/10/15,12.46,13.58,12.46,12.88,3167092,50425016.00
2018/10/16,12.90,13.13,12.45,12.62,1977867,30492032.00
2018/10/17,12.89,13.18,12.62,12.93,2228150,34640984.00
2018/10/18,12.79,12.89,12.38,12.45,1906500,29060582.00
2018/10/19,12.28,13.17,12.13,13.04,2438200,37846268.00
2018/10/22,13.09,13.85,13.05,13.55,2617325,42450264.00
2018/10/23,13.54,13.60,13.10,13.12,1614725,25901310.00
2018/10/24,13.02,13.45,13.02,13.10,1156700,18407440.00
2018/10/25,12.70,12.99,12.49,12.94,1454825,22297806.00
2018/10/26,13.03,13.52,12.78,13.12,1948275,30834376.00
2018/10/29,13.12,13.12,12.67,12.77,1222800,18992108.00
2018/10/30,12.83,12.87,12.29,12.70,1733150,26304266.00
2018/10/31,12.84,13.13,12.63,12.89,1892500,29570242.00
2018/11/01,12.94,13.60,12.94,13.18,3082399,49478736.00
2018/11/02,13.41,13.65,13.28,13.55,3662274,59505380.00
2018/11/05,13.56,14.11,13.44,13.74,3702526,61354916.00
2018/11/06,13.62,13.74,13.33,13.69,2074376,33750472.00
2018/11/07,13.44,14.08,13.37,13.53,3325726,54906808.00
2018/11/08,13.77,13.77,13.43,13.48,2081200,34056264.00
2018/11/09,13.37,14.83,13.33,14.07,5760350,98520240.00
2018/11/12,13.98,14.55,13.93,14.35,3896350,67044664.00
2018/11/13,14.12,14.42,14.03,14.31,4163476,71459744.00
2018/11/14,14.21,14.34,14.10,14.30,2383600,40829956.00
2018/11/15,14.28,14.63,14.15,14.63,3758575,65158672.00
2018/11/16,14.91,15.39,14.30,14.53,3760825,65851392.00
2018/11/19,14.43,14.48,14.15,14.31,1830800,31483474.00
2018/11/20,14.21,14.33,13.93,13.98,2023850,34440392.00
2018/11/21,13.81,14.43,13.81,14.10,1510001,25632068.00
2018/11/22,14.22,14.24,13.92,13.93,1178700,19922720.00
2018/11/23,14.03,14.03,13.01,13.06,2126375,34334084.00
2018/11/26,13.06,13.37,13.06,13.16,1124800,17923686.00
2018/11/27,13.43,13.76,13.22,13.64,2424875,39509296.00
2018/11/28,13.37,15.01,13.37,15.01,8089371,142142384.00
2018/11/29,15.24,15.25,14.24,14.39,7224116,127725536.00
2018/11/30,14.10,15.10,14.10,14.89,7606484,134102432.00
2018/12/03,15.28,15.87,14.78,15.43,7871567,144895808.00
2018/12/04,15.19,15.41,15.02,15.23,4646125,84974432.00
2018/12/05,14.76,14.93,14.58,14.79,3463925,61593840.00
2018/12/06,14.74,14.74,14.04,14.13,3590000,61946112.00
2018/12/07,14.23,14.77,14.23,14.41,3076857,53712804.00
2018/12/10,14.23,14.93,14.22,14.66,3984107,70398456.00
2018/12/11,14.57,15.32,14.56,15.26,5821232,105312840.00
2018/12/12,15.18,15.18,14.70,14.76,3852989,68879280.00
2018/12/13,14.78,15.12,14.68,14.97,3572664,64282580.00
2018/12/14,14.83,14.85,14.18,14.28,3214982,56182412.00
2018/12/17,14.07,14.52,14.00,14.47,1621857,28047146.00
2018/12/18,14.42,14.56,14.09,14.28,1888425,32556258.00
2018/12/19,14.36,14.73,14.32,14.38,2592957,45340668.00
2018/12/20,14.15,14.78,14.15,14.76,2883809,50371812.00
2018/12/21,14.63,14.93,14.48,14.60,3279550,58109164.00
2018/12/24,14.54,15.43,14.54,15.15,5065735,92159464.00
2018/12/25,14.87,16.67,14.49,16.67,7237451,137773296.00
2018/12/26,17.64,18.34,17.03,18.34,15631240,336904000.00
2018/12/27,17.78,18.78,17.18,17.78,16888784,365505312.00
2018/12/28,17.07,17.78,16.77,16.93,10242400,212252720.00
2016/11/01,11.23,12.26,11.23,12.26,6400,93913.00
2016/11/02,13.49,13.49,13.49,13.49,1200,19500.00
2016/11/03,14.85,14.85,14.85,14.85,1000,17880.00
2016/11/04,16.34,16.34,16.34,16.34,1200,23604.00
2016/11/07,17.98,17.98,17.98,17.98,1200,25968.00
2016/11/08,19.78,19.78,19.78,19.78,1100,26180.00
2016/11/09,21.77,21.77,21.77,21.77,1300,34034.00
2016/11/10,23.95,23.95,23.95,23.95,1900,54720.00
2016/11/11,26.35,26.35,26.35,26.35,4300,136224.00
2016/11/14,28.99,28.99,28.99,28.99,5200,181220.00
2016/11/15,31.90,31.90,31.90,31.90,4000,153360.00
2016/11/16,35.09,35.09,35.09,35.09,7600,320492.00
2016/11/17,38.61,38.61,38.61,38.61,9400,436066.00
2016/11/18,42.48,42.48,42.48,42.48,40700,2076921.00
2016/11/21,46.73,46.73,46.73,46.73,39145,2197208.75
2016/11/22,51.40,51.40,51.40,51.40,28800,1778112.00
2016/11/23,56.54,56.54,56.54,56.54,25060,1701824.63
2016/11/24,62.20,62.20,62.20,62.20,744149,55587932.00
2016/11/25,68.43,68.43,66.80,68.43,4554820,373361824.00
2016/11/28,71.24,72.45,67.63,67.99,10348605,864696512.00
2016/11/29,66.16,66.60,63.84,63.95,6087666,475245760.00
2016/11/30,63.78,66.44,63.78,65.14,4366263,342029376.00
2016/12/01,64.54,67.46,63.42,66.63,4915638,386175712.00
2016/12/02,65.94,66.53,62.71,62.74,3537583,274597568.00
2016/12/05,61.35,63.08,61.10,61.33,2341754,174169952.00
2016/12/06,61.86,63.27,61.63,61.96,2001851,149813344.00
2016/12/07,62.02,62.95,60.23,62.45,2627669,193753584.00
2016/12/08,62.20,63.93,61.87,62.03,2557051,192898096.00
2016/12/09,61.58,61.58,59.79,60.03,2525067,183431248.00
2016/12/12,59.53,60.36,54.03,54.03,2767900,188719408.00
2016/12/13,53.62,54.78,52.45,54.03,1766716,113929944.00
2016/12/14,53.53,54.53,52.87,53.07,1546054,99808256.00
2016/12/15,52.67,54.68,52.62,53.65,1467169,94975456.00
2016/12/16,53.66,54.66,53.31,54.41,1324100,86007616.00
2016/12/19,54.20,55.83,53.80,55.27,1508014,99514648.00
2016/12/20,55.76,55.76,54.24,54.78,999905,65627656.00
2016/12/21,54.95,55.20,54.00,54.98,1156116,75975520.00
2016/12/22,54.91,55.17,54.03,54.70,949803,62355360.00
2016/12/23,54.78,54.95,50.04,51.08,1809400,114275672.00
2016/12/26,50.37,51.55,49.03,51.50,1196305,72143800.00
2016/12/27,51.26,52.77,51.06,52.29,1183800,73821848.00
2016/12/28,52.12,52.58,51.70,51.87,855954,53757776.00
2016/12/29,51.85,52.43,51.28,51.34,874452,54502652.00
2016/12/30,51.00,51.59,50.53,50.95,800254,49086272.00
2017/01/03,51.26,52.38,50.88,51.85,983906,61076260.00
2017/01/04,51.87,52.36,51.54,52.12,936332,58506580.00
2017/01/05,51.89,52.24,51.67,51.69,1083300,67590944.00
2017/01/06,51.73,51.73,48.95,48.95,1483300,88920168.00
2017/01/09,48.19,49.03,47.51,48.43,1003787,58180432.00
2017/01/10,48.43,49.00,47.92,48.08,705805,41163240.00
2017/01/11,48.03,48.43,46.13,46.53,1058047,60144248.00
2017/01/12,46.61,47.25,46.13,46.47,746852,42007372.00
2017/01/13,46.24,46.53,43.79,44.18,1205824,65304588.00
2017/01/16,43.78,44.03,39.83,41.13,1430681,72601680.00
2017/01/17,40.76,43.12,39.55,42.63,1288417,64374312.00
2017/01/18,42.36,42.36,40.87,40.87,776900,38900404.00
2017/01/19,40.68,42.28,39.20,41.12,900564,44676664.00
2017/01/20,40.92,45.08,40.78,43.86,1618764,84905568.00
2017/01/23,43.89,45.93,43.88,45.34,1150500,62459952.00
2017/01/24,45.13,45.68,44.50,44.71,778400,42088048.00
2017/01/25,44.71,45.68,44.64,45.43,444013,24172726.00
2017/01/26,45.05,45.70,45.05,45.49,371808,20284766.00
2017/02/03,45.62,45.62,44.03,44.13,380459,20394390.00
2017/02/06,44.53,46.69,44.53,46.43,767260,42182316.00
2017/02/07,46.62,47.33,46.22,46.95,894900,50224856.00
2017/02/08,46.95,47.62,46.27,47.38,694480,39256804.00
2017/02/09,47.38,48.83,47.12,48.03,1174850,67502400.00
2017/02/10,47.87,49.59,47.24,48.28,1509100,87806936.00
2017/02/13,48.11,48.85,47.45,48.42,1147169,66586584.00
2017/02/14,48.33,49.11,47.95,48.04,870200,50424528.00
2017/02/15,48.05,48.53,47.53,47.68,839500,48500284.00
2017/02/16,47.73,48.44,47.21,48.02,955169,55015892.00
2017/02/17,48.03,48.44,46.24,46.62,913754,51757256.00
2017/02/20,46.28,46.83,44.93,45.78,585500,32171082.00
2017/02/21,45.93,47.18,45.87,46.62,506100,28379644.00
2017/02/22,47.44,47.44,45.80,46.98,719354,40266936.00
2017/02/23,46.63,47.44,46.62,47.33,740154,41885780.00
2017/02/24,47.28,48.25,47.05,48.14,1000373,57442824.00
2017/02/27,48.13,48.85,47.61,48.03,790100,45714080.00
2017/02/28,47.84,48.13,47.36,48.11,556300,31860480.00
2017/03/01,48.07,48.49,47.46,48.07,694500,40193724.00
2017/03/02,47.99,48.24,47.60,47.87,481673,27736724.00
2017/03/03,47.95,48.78,47.58,48.45,828673,48099252.00
2017/03/06,48.67,50.43,48.42,50.13,1737373,103503736.00
2017/03/07,50.45,53.19,50.45,52.93,2581773,162513184.00
2017/03/08,52.95,55.28,51.45,52.60,2445087,157027584.00
2017/03/09,51.65,52.44,50.03,51.18,1500305,91550360.00
2017/03/10,51.37,51.37,50.45,50.75,1151100,70242824.00
2017/03/13,50.67,51.34,50.00,51.27,906724,55231924.00
2017/03/14,50.78,52.13,50.62,51.23,1087000,67212784.00
2017/03/15,51.05,52.45,50.20,52.41,1459000,90314184.00
2017/03/16,52.75,54.48,52.20,53.37,1970855,126348768.00
2017/03/17,52.87,53.62,50.72,51.49,1586500,99769128.00
2017/03/20,50.98,52.08,50.58,52.08,927949,57097472.00
2017/03/21,52.09,52.28,51.54,52.27,928450,57984984.00
2017/03/22,51.77,52.78,50.93,52.64,1130001,70452720.00
2017/03/23,52.45,53.28,51.13,52.13,1286299,80767200.00
2017/03/24,52.17,53.15,52.04,52.83,1413449,89423792.00
2017/03/27,52.91,54.33,52.63,53.78,1661570,107040488.00
2017/03/28,53.53,53.98,52.03,52.05,1169269,74286776.00
2017/03/29,52.01,52.58,49.68,49.85,995499,60649988.00
2017/03/30,49.52,49.52,47.08,48.20,1057921,60928060.00
2017/03/31,48.28,49.08,47.45,48.19,468800,27146684.00
2017/04/05,48.28,49.62,47.88,49.38,459319,27045586.00
2017/04/06,49.53,52.95,49.38,52.94,1871402,116264968.00
2017/04/07,52.78,53.07,51.78,51.94,1064919,67007820.00
2017/04/10,51.62,52.86,51.38,51.64,1196719,74805288.00
2017/04/11,51.20,52.78,51.10,52.62,1140419,71366464.00
2017/04/12,52.88,54.08,51.81,53.45,1318401,84585248.00
2017/04/13,53.60,54.09,53.08,53.60,736802,47284040.00
2017/04/14,52.77,54.08,52.03,52.83,643000,40896084.00
2017/04/17,50.78,51.81,48.85,49.80,725401,44060540.00
2017/04/18,50.41,50.78,49.12,50.58,512901,30734578.00
2017/04/19,50.52,50.78,49.43,50.68,401100,24145792.00
2017/04/20,50.79,51.45,49.95,51.43,417301,25376676.00
2017/04/21,51.50,51.53,50.95,51.09,515100,31704628.00
2017/04/24,50.80,50.80,47.45,49.95,597601,35258664.00
2017/04/25,49.95,51.50,49.53,51.18,678100,41200416.00
2017/04/26,51.53,51.93,50.87,51.76,476603,29512098.00
2017/04/27,51.77,52.76,50.06,52.28,570100,35431348.00
2017/04/28,52.03,52.77,51.73,51.84,417101,26209190.00
2017/05/02,52.23,52.87,51.95,52.83,571360,35998760.00
2017/05/03,52.83,53.45,52.33,53.45,525100,33381932.00
2017/05/04,52.96,53.85,52.52,52.74,592000,37828776.00
2017/05/05,52.74,52.74,51.43,52.70,636250,39748556.00
2017/05/08,52.39,52.45,51.62,52.02,317700,19863482.00
2017/05/09,52.43,53.11,51.69,52.75,584000,36856240.00
2017/05/10,52.87,53.12,49.61,52.36,529400,33176580.00
2017/05/11,51.62,52.36,50.20,52.30,459690,28500470.00
2017/05/12,52.45,52.77,51.50,52.77,620301,38922224.00
2017/05/15,52.87,53.02,52.20,52.53,531201,33534554.00
2017/05/16,52.43,53.28,51.25,53.13,1183801,74778288.00
2017/05/17,52.87,53.65,52.52,53.26,1067800,68193784.00
2017/05/18,52.45,56.52,52.12,55.02,2428603,159255136.00
2017/05/19,54.78,55.70,53.78,54.71,1163399,76151240.00
2017/05/22,55.28,55.28,51.70,52.70,1375600,87644464.00
2017/05/23,52.45,52.70,47.45,50.78,1417569,85740784.00
2017/05/24,52.45,52.70,49.28,49.95,590599,35767792.00
2017/05/25,49.62,50.37,48.55,50.37,590600,35197560.00
2017/05/26,49.95,50.77,49.53,49.56,251100,15074401.00
2017/05/31,49.95,51.18,49.95,50.91,960899,58432256.00
2017/06/01,50.68,50.68,48.28,49.12,557700,33099672.00
2017/06/02,48.28,49.02,44.20,48.28,1400291,77566736.00
2017/06/05,48.12,49.00,47.45,48.97,533800,30980152.00
2017/06/06,48.85,49.36,48.53,49.29,403771,23787468.00
2017/06/07,49.14,50.77,48.86,50.59,295971,17796154.00
2017/06/08,50.78,51.03,50.23,50.57,243500,14792818.00
2017/06/09,50.68,50.68,49.95,50.62,214570,12952145.00
2017/06/12,50.53,50.78,49.63,50.23,264600,15942963.00
2017/06/13,50.32,50.58,49.95,50.35,346170,20915922.00
2017/06/14,50.58,51.20,50.12,51.20,852500,51890752.00
2017/06/15,51.28,51.83,50.86,51.68,893200,55180764.00
2017/06/16,51.68,51.95,51.20,51.20,548200,33972796.00
2017/06/19,51.20,51.53,48.31,49.29,834900,50110332.00
2017/06/20,49.28,54.02,49.28,52.85,1094699,68119192.00
2017/06/21,53.19,58.14,52.35,57.88,2972363,201806480.00
2017/06/22,57.53,59.86,56.43,58.52,2213324,154467584.00
2017/06/23,58.37,61.20,56.63,60.77,1666020,117636416.00
2017/06/26,60.70,62.30,59.18,61.95,1182521,86954656.00
2017/06/27,61.95,62.44,60.20,62.28,827999,61208924.00
2017/06/28,62.19,64.95,60.62,62.45,1025524,77162440.00
2017/06/29,62.28,63.97,59.96,61.62,1489200,111091464.00
2017/06/30,61.62,67.17,60.02,66.12,1801687,137145440.00
2017/07/03,66.70,67.36,62.20,65.87,1633424,125631312.00
2017/07/04,65.08,66.06,63.52,64.37,995651,77064056.00
2017/07/05,42.58,43.25,41.74,42.45,949100,48554360.00
2017/07/06,42.58,46.36,41.89,46.36,2161456,113751056.00
2017/07/07,46.45,50.78,44.98,50.58,3260795,187255824.00
2017/07/10,48.95,53.03,48.29,52.44,3094109,189215072.00
2017/07/11,51.61,52.20,48.12,49.11,1831909,111403328.00
2017/07/12,49.53,52.03,48.02,49.11,2313215,138341136.00
2017/07/13,50.37,53.05,48.28,53.05,3032015,185994688.00
2017/07/14,51.62,53.18,49.60,50.45,1783865,109571968.00
2017/07/17,49.79,50.43,45.78,49.70,1068500,62859860.00
2017/07/18,49.70,51.49,49.13,50.13,1426200,85909744.00
2017/07/19,49.63,52.28,49.34,51.87,1399950,85546024.00
2017/07/20,51.95,53.58,51.62,52.77,1314050,83116272.00
2017/07/21,52.77,56.03,51.78,54.28,1439806,93796336.00
2017/07/24,54.03,54.03,50.83,53.28,1702800,106755520.00
2017/07/25,52.45,54.88,51.00,53.28,1775807,112670568.00
2017/07/26,52.45,53.20,50.78,50.95,1154100,71340432.00
2017/07/27,50.73,50.95,49.97,50.18,690050,41747204.00
2017/07/28,50.18,50.78,48.54,50.78,730197,43568240.00
2017/07/31,50.78,53.28,49.13,53.28,3498990,212535872.00
2017/08/01,52.75,53.43,51.62,51.62,924799,58006016.00
2017/08/02,51.62,51.95,50.79,50.87,384200,23580054.00
2017/08/03,51.00,52.02,50.70,51.12,333050,20480946.00
2017/08/04,51.52,51.52,50.05,50.70,529600,32091428.00
2017/08/07,51.20,52.45,49.85,52.45,819846,50469520.00
2017/08/08,52.00,52.70,49.29,50.78,1608350,98041768.00
2017/08/09,50.62,50.62,45.88,49.78,2283636,131796888.00
2017/08/10,48.95,48.95,45.03,47.87,1640500,91382392.00
2017/08/11,46.62,47.44,45.13,47.15,879801,48802816.00
2017/08/14,46.61,47.87,45.33,47.36,1482150,82374104.00
2017/08/15,46.62,48.12,45.87,46.92,2712950,151705792.00
2017/08/16,46.20,46.58,45.64,46.20,917000,50728752.00
2017/08/17,46.20,46.28,45.78,45.99,870160,48172388.00
2017/08/18,45.45,46.87,45.16,46.87,907307,50241796.00
2017/08/21,46.44,47.16,45.83,46.77,801549,45043052.00
2017/08/22,46.87,46.87,46.04,46.18,366750,20404174.00
2017/08/23,45.78,46.03,45.13,45.23,450723,24561776.00
2017/08/24,44.36,45.78,44.36,44.39,482950,25878748.00
2017/08/25,44.38,46.28,43.96,46.28,1841650,99838496.00
2017/08/28,46.02,48.70,45.77,48.70,1908136,108052192.00
2017/08/29,47.53,48.70,47.53,48.53,896650,52077740.00
2017/08/30,47.73,51.62,47.72,50.78,949400,56849256.00
2017/08/31,50.21,51.99,50.21,50.87,826000,50937044.00
2017/09/01,50.37,51.17,50.37,50.45,681050,41456640.00
2017/09/04,50.44,50.44,49.12,49.65,402400,23971914.00
2017/09/05,49.20,49.94,48.29,48.29,445930,26225792.00
2017/09/06,48.12,49.68,47.53,48.70,451157,26260420.00
2017/09/07,48.28,53.58,48.18,50.12,746550,45679328.00
2017/09/08,49.96,50.38,48.03,48.08,531500,31274314.00
2017/09/11,48.08,48.93,46.63,47.45,704723,40308732.00
2017/09/12,47.44,47.93,46.21,46.62,533092,29987850.00
2017/09/13,45.97,47.87,45.97,46.28,443200,24801686.00
2017/09/14,47.18,47.18,45.78,45.81,533570,29662762.00
2017/09/15,46.18,46.18,45.12,45.78,394900,21586640.00
2017/09/18,45.45,48.28,45.45,48.28,2129350,120243672.00
2017/09/19,48.70,48.77,46.37,47.12,1176300,67074956.00
2017/09/20,46.69,47.41,46.08,46.73,551800,30928676.00
2017/09/21,46.75,47.36,45.78,46.80,1690300,94605736.00
2017/09/22,46.79,47.17,46.29,46.86,1346900,75791720.00
2017/09/25,46.94,46.98,45.12,46.20,1874100,104506848.00
2017/09/26,45.45,46.20,45.33,45.70,1322650,72801712.00
2017/09/27,45.70,45.78,43.37,44.27,1248280,66320712.00
2017/09/28,43.40,44.11,41.88,41.95,3170850,162961648.00
2017/09/29,39.95,40.45,37.75,37.75,3721365,171305040.00
2017/10/09,37.69,38.28,37.20,37.45,2379750,107452216.00
2017/10/10,37.46,37.58,36.63,37.12,1985650,88396944.00
2017/10/11,37.12,37.12,36.08,36.45,1793550,78878880.00
2017/10/12,36.17,40.10,36.06,40.10,3130450,141778416.00
2017/10/13,39.82,39.86,38.70,39.04,3072800,144655680.00
2017/10/16,38.65,38.79,35.21,35.78,3810700,166267360.00
2017/10/17,35.28,35.42,34.13,34.78,2034349,84799624.00
2017/10/18,34.43,35.85,34.38,35.02,1879449,79548904.00
2017/10/19,34.34,35.43,33.99,34.17,1300500,53853160.00
2017/10/20,34.43,35.30,34.10,35.24,1424350,59704728.00
2017/10/23,36.12,37.03,35.53,36.20,4782975,207390640.00
2017/10/24,35.70,36.00,34.83,35.83,1717650,72969024.00
2017/10/25,35.82,37.35,35.40,36.91,2696299,118095904.00
2017/10/26,36.72,37.36,36.30,36.53,2103800,92601336.00
2017/10/27,36.55,36.58,34.55,35.08,2524724,106410408.00
2017/10/30,34.12,34.12,31.57,31.57,2258000,86792968.00
2017/10/31,28.41,31.15,28.41,30.28,5991152,208765792.00
2017/11/01,29.12,29.73,28.63,29.08,3810399,133896256.00
2017/11/02,28.77,29.38,28.60,28.76,2655849,92457904.00
2017/11/03,28.37,28.37,26.59,26.88,3596307,118232048.00
2017/11/06,27.18,27.83,27.18,27.68,2284099,75535416.00
2017/11/07,28.14,28.16,27.33,27.87,2161000,72158192.00
2017/11/08,28.01,28.74,27.78,28.13,2363786,80530952.00
2017/11/09,28.11,30.94,27.89,30.94,5363311,190859136.00
2017/11/10,31.17,34.03,30.51,32.47,8265010,322850624.00
2017/11/13,32.43,32.44,31.08,31.09,5309583,201361312.00
2017/11/14,30.85,31.78,29.95,30.15,3649159,135604832.00
2017/11/15,30.03,31.35,29.84,31.12,3693087,136842544.00
2017/11/16,30.78,30.84,29.53,29.63,3018000,108711344.00
2017/11/17,29.21,29.51,26.66,26.67,3410615,114782392.00
2017/11/20,26.58,28.17,25.04,27.79,2957641,95090336.00
2017/11/21,27.03,28.70,26.67,28.27,3182199,106705728.00
2017/11/22,28.12,28.68,26.88,27.31,2490200,82989784.00
2017/11/23,28.11,30.04,27.28,30.04,3349552,118689712.00
2017/11/24,31.20,32.53,30.53,30.72,9086188,344012960.00
2017/11/27,28.03,29.88,27.64,28.02,5838238,199638624.00
2017/11/28,28.28,30.83,27.54,30.83,4249556,153437888.00
2017/11/29,32.35,32.62,30.94,31.30,9238222,352988928.00
2017/11/30,32.28,33.06,31.46,31.87,7786007,302078560.00
2017/12/01,31.33,34.58,30.98,33.54,8502557,335575616.00
2017/12/04,32.76,34.93,32.12,33.69,7608314,306940736.00
2017/12/05,32.87,34.44,31.05,32.21,5902423,232266256.00
2017/12/06,32.55,34.53,32.08,33.97,6146550,246180336.00
2017/12/07,33.59,34.58,33.14,33.78,5758824,234605632.00
2017/12/08,33.28,35.43,32.95,33.37,6838950,279716480.00
2017/12/11,32.95,33.95,32.46,32.78,4571607,181513216.00
2017/12/12,33.07,33.93,32.54,32.58,4478407,178956368.00
2017/12/13,31.68,33.17,31.16,32.58,3620407,140882592.00
2017/12/14,32.90,33.82,32.58,32.59,3598757,142978592.00
2017/12/15,32.18,35.78,32.18,34.98,9498123,391239328.00
2017/12/18,34.29,34.49,32.45,32.67,6409773,257904480.00
2017/12/19,32.43,33.78,32.35,33.54,4198657,166059632.00
2017/12/20,33.17,33.44,32.45,32.60,2923950,115119408.00
2017/12/21,32.03,33.37,31.31,32.88,4343207,169214384.00
2017/12/22,32.64,33.14,31.47,31.48,3787800,146144992.00
2017/12/25,30.54,31.13,28.33,28.91,4942923,174710960.00
2017/12/26,28.70,29.67,28.70,29.06,2534130,88951872.00
2017/12/27,29.12,29.20,27.88,27.98,2638250,90339528.00
2017/12/28,28.03,28.83,27.99,28.11,2228400,76114352.00
2017/12/29,28.51,28.83,27.62,28.73,2437300,83074848.00
2018/01/02,28.73,29.11,28.41,28.95,1842100,63778296.00
2018/01/03,28.96,29.83,28.50,29.46,2851250,100240016.00
2018/01/04,29.22,29.50,28.85,29.14,2067350,72501664.00
2018/01/05,29.32,29.44,28.53,28.58,1845322,64205268.00
2018/01/08,28.57,28.57,27.48,28.27,2271173,76061144.00
2018/01/09,28.04,28.70,27.93,28.52,1642752,55898892.00
2018/01/10,28.52,28.52,27.62,27.89,1497799,50308536.00
2018/01/11,27.64,28.85,27.64,28.48,2151050,73572832.00
2018/01/12,28.28,28.43,27.79,27.85,1428600,48149220.00
2018/01/15,27.62,27.81,26.06,26.20,2142698,68868304.00
2018/01/16,26.21,27.13,26.20,27.08,1561050,49965392.00
2018/01/17,26.87,27.43,26.33,27.08,1721948,55798532.00
2018/01/18,27.11,27.34,26.64,26.70,1144248,37106676.00
2018/01/19,26.83,27.17,26.33,26.45,1205400,38754548.00
2018/01/22,26.16,26.86,25.62,26.60,1198550,37873076.00
2018/01/23,26.69,27.09,26.48,26.49,974200,31275956.00
2018/01/24,26.43,27.12,25.99,26.98,1610549,51755656.00
2018/01/25,27.04,27.22,26.52,26.62,1539500,49846060.00
2018/01/26,26.55,26.75,26.38,26.43,850550,27159702.00
2018/01/29,27.14,27.14,26.12,26.22,839798,26713398.00
2018/01/30,26.20,26.50,25.66,25.72,1014780,31688870.00
2018/01/31,25.66,25.66,23.15,23.91,1990098,58577552.00
2018/02/01,23.39,23.87,21.52,21.52,2873920,76899664.00
2018/02/02,21.24,21.53,20.03,21.03,1260370,31708538.00
2018/02/05,20.68,21.18,20.13,20.72,1285870,31906374.00
2018/02/06,20.37,20.53,18.64,18.64,1527850,36186028.00
2018/02/07,19.02,19.78,18.28,18.97,1186450,27121282.00
2018/02/08,19.08,20.03,18.72,19.71,1510262,35630612.00
2018/02/09,19.01,19.70,18.85,19.08,1374850,31933460.00
2018/02/12,19.52,19.94,19.20,19.70,1201063,28355954.00
2018/02/13,19.88,19.93,19.46,19.48,966800,22921596.00
2018/02/14,19.49,21.33,19.41,20.65,2008836,49389776.00
2018/02/22,20.73,21.58,20.73,21.08,1107262,28177338.00
2018/02/23,21.08,21.40,20.62,20.87,909308,22787048.00
2018/02/26,21.03,21.82,20.88,21.52,1304599,33609896.00
2018/02/27,21.52,22.24,21.03,21.99,1702557,44651476.00
2018/02/28,21.78,21.78,20.88,21.47,1135507,29208420.00
2018/03/01,21.05,22.19,21.05,22.07,1345671,35405236.00
2018/03/02,22.03,22.57,21.66,21.73,1380220,36616628.00
2018/03/05,21.74,22.08,21.63,22.03,917651,24160744.00
2018/03/06,22.20,23.75,21.83,22.79,2338522,64340832.00
2018/03/07,22.81,22.86,21.62,22.69,1490064,40320048.00
2018/03/08,22.69,22.88,22.44,22.68,1110324,30221396.00
2018/03/09,22.68,24.96,22.53,24.96,1684200,49270136.00
2018/03/12,27.46,27.46,27.46,27.46,805551,26591238.00
2018/03/13,28.93,30.09,28.16,28.70,9263701,320037504.00
2018/03/14,27.49,28.12,26.78,27.05,5040670,166924224.00
2018/03/15,26.03,26.52,24.34,25.66,4553170,139341824.00
2018/03/16,25.78,26.23,25.45,25.93,2817870,87579920.00
2018/03/19,25.67,27.63,25.66,27.08,4583300,147772128.00
2018/03/20,26.48,26.87,26.06,26.84,2918797,92888536.00
2018/03/21,26.84,27.78,26.26,26.40,3241420,105490344.00
2018/03/22,26.20,26.53,25.41,25.55,2514647,77898864.00
2018/03/23,24.39,24.77,23.00,23.01,2633150,75363120.00
2018/03/26,22.28,24.17,21.53,23.94,2176873,60577660.00
2018/03/27,24.57,26.34,24.43,26.34,1934596,59749756.00
2018/03/28,27.10,27.45,26.37,26.53,6453368,209297232.00
2018/03/29,26.24,27.27,26.24,26.54,3591698,115585360.00
2018/03/30,26.98,27.37,26.13,27.08,4091518,132459640.00
2018/04/02,27.03,28.18,26.78,27.43,4768848,158007328.00
2018/04/03,26.71,29.67,26.21,27.68,4162148,137195280.00
2018/04/04,26.88,28.25,26.87,26.91,3289998,109060488.00
2018/04/09,26.87,27.93,26.50,27.12,3838948,126366136.00
2018/04/10,27.70,28.28,26.48,27.33,3595950,118661248.00
2018/04/11,27.93,27.93,27.19,27.40,3792520,125898816.00
2018/04/12,27.45,28.85,27.20,28.46,5631920,190006944.00
2018/04/13,29.03,30.35,28.12,29.24,7339393,258350000.00
2018/04/16,29.52,32.18,29.28,32.18,10734475,400453888.00
2018/04/17,31.20,31.59,29.39,29.70,8636529,316216224.00
2018/04/18,30.08,30.08,27.18,28.88,6155500,210069376.00
2018/04/19,28.21,28.23,26.62,27.28,6364170,209931936.00
2018/04/20,26.86,26.86,24.54,24.54,5257000,161833424.00
2018/04/23,24.52,25.78,24.20,25.62,4095200,124573584.00
2018/04/24,25.51,26.33,24.99,26.13,3441900,106879392.00
2018/04/25,25.78,28.74,25.63,28.37,8123974,274967232.00
2018/04/26,27.77,27.83,25.63,25.78,5595649,180586800.00
2018/04/27,26.26,26.93,25.85,25.98,3097979,97784496.00
2018/05/02,26.06,26.43,24.62,24.93,2717674,82420968.00
2018/05/03,24.70,26.20,24.63,26.08,2798517,86036872.00
2018/05/04,26.09,26.42,25.20,25.35,2243924,69797920.00
2018/05/07,25.39,26.42,25.39,26.14,2502803,78540216.00
2018/05/08,26.02,26.73,25.86,26.63,2794301,88712472.00
2018/05/09,26.58,27.87,26.21,27.57,4419100,143362608.00
2018/05/10,27.58,28.95,27.21,28.64,5862972,198192720.00
2018/05/11,28.39,28.39,27.60,27.60,3202850,107430504.00
2018/05/14,30.37,30.37,30.37,30.37,2538702,92662624.00
2018/05/15,30.37,33.41,29.24,32.04,14093895,529947360.00
2018/05/16,30.59,30.92,28.91,29.28,9314522,337986464.00
2018/05/17,28.70,29.84,28.70,29.40,4598172,162492368.00
2018/05/18,28.42,29.16,28.42,28.88,3820615,132281656.00
2018/05/21,29.31,30.49,28.95,29.63,5240915,187465376.00
2018/05/22,29.63,32.60,29.26,32.60,6434106,241381568.00
2018/05/23,31.53,35.37,30.66,32.20,12411628,482761440.00
2018/05/24,31.44,32.87,31.03,31.68,6613947,253028272.00
2018/05/25,32.06,33.28,31.83,31.83,6351352,246707648.00
2018/05/28,31.75,33.18,29.12,30.08,6546622,248087104.00
2018/05/29,30.04,30.66,29.51,30.31,4099004,148815216.00
2018/05/30,29.24,30.03,28.45,28.70,3879550,136639472.00
2018/05/31,29.22,29.89,28.95,29.74,4087652,144567360.00
2018/06/01,19.48,20.60,19.46,20.37,6573225,158480768.00
2018/06/04,21.03,21.28,20.12,20.78,7991283,199544576.00
2018/06/05,20.78,21.78,20.24,21.49,8209789,209004032.00
2018/06/06,21.60,22.37,21.34,22.35,12087016,320791840.00
2018/06/07,21.78,22.06,21.37,21.40,7450471,193697104.00
2018/06/08,21.68,22.33,20.89,21.38,6251399,163857360.00
2018/06/11,20.95,21.36,20.37,20.61,4773903,119261832.00
2018/06/12,20.44,21.10,20.44,20.72,4533978,113964520.00
2018/06/13,20.12,20.13,18.67,19.00,6245488,145819088.00
2018/06/14,18.58,19.95,18.54,19.67,4887375,114477696.00
2018/06/15,20.13,20.62,19.53,19.68,4297975,103505200.00
2018/06/19,18.70,18.70,17.71,17.71,3835303,83294176.00
2018/06/20,17.56,18.06,16.21,17.57,4704778,98808648.00
2018/06/21,17.45,17.78,16.33,16.60,3602175,73880192.00
2018/06/22,16.66,17.23,16.66,17.12,3037503,62148864.00
2018/06/25,17.45,17.50,16.89,17.22,2406475,49777712.00
2018/06/26,16.83,17.69,16.55,17.65,3179425,66290964.00
2018/06/27,17.45,17.69,17.25,17.42,2086225,43812128.00
2018/06/28,17.41,17.93,17.37,17.59,3314349,70168776.00
2018/06/29,17.45,18.28,17.31,18.20,4269700,92086136.00
2018/07/02,18.02,18.40,16.67,17.28,4025125,85990160.00
2018/07/03,17.28,19.01,17.03,19.01,5571250,121218504.00
2018/07/04,19.08,19.93,18.37,19.45,11466900,266379824.00
2018/07/05,18.72,19.20,17.88,18.10,6694525,149840032.00
2018/07/06,18.39,19.08,18.04,18.57,5313725,118635936.00
2018/07/09,18.41,20.24,18.38,19.54,7646690,176817472.00
2018/07/10,19.54,19.68,19.20,19.55,5632526,131591944.00
2018/07/11,18.70,19.22,18.48,19.11,4581200,104106096.00
2018/07/12,20.97,21.03,19.62,19.70,9761756,236799616.00
2018/07/13,19.28,19.84,19.13,19.19,6200100,144625696.00
2018/07/16,19.51,20.22,19.20,19.68,6250176,149070288.00
2018/07/17,19.70,19.83,19.19,19.77,4662032,109168752.00
2018/07/18,19.87,19.87,18.85,18.91,4438400,102917232.00
2018/07/19,18.78,19.08,18.43,18.48,2708425,60871708.00
2018/07/20,18.37,18.62,17.91,18.45,2959952,65190264.00
2018/07/23,18.18,18.76,18.04,18.68,2276174,50890892.00
2018/07/24,18.61,18.92,18.45,18.75,2593125,58350908.00
2018/07/25,18.81,19.91,18.81,19.54,7706590,180596048.00
2018/07/26,19.33,19.43,18.87,19.01,4418675,101441552.00
2018/07/27,18.95,19.07,18.57,18.59,2295524,51637636.00
2018/07/30,18.33,18.58,17.54,17.78,2899920,62807616.00
2018/07/31,17.78,18.14,17.59,17.75,1451052,31289058.00
2018/08/01,17.95,18.06,17.20,17.21,1931527,41014464.00
2018/08/02,17.08,17.23,15.53,16.45,3038974,59964072.00
2018/08/03,16.41,16.73,15.92,15.93,1704563,33254130.00
2018/08/06,15.87,15.90,14.85,14.93,2205550,40520080.00
2018/08/07,15.28,15.62,14.93,15.49,2037025,37404372.00
2018/08/08,15.41,15.53,14.53,14.70,2088450,37878156.00
2018/08/09,14.72,16.15,14.72,15.53,2866400,53532788.00
2018/08/10,15.60,16.19,15.41,16.00,3445800,65602536.00
2018/08/13,15.68,16.61,15.52,16.39,3334525,65378048.00
2018/08/14,16.20,16.53,16.03,16.20,2234225,43742068.00
2018/08/15,16.39,16.39,15.81,15.94,1698925,32909898.00
2018/08/16,15.77,16.73,15.51,16.08,3392200,66462508.00
2018/08/17,16.14,16.35,15.56,15.65,2047850,39368728.00
2018/08/20,15.65,17.16,15.65,16.64,3934925,77292008.00
2018/08/21,16.63,17.03,16.27,16.63,4010275,80187448.00
2018/08/22,16.38,16.57,16.13,16.19,2029875,39965356.00
2018/08/23,16.11,16.95,16.00,16.62,2849775,56913812.00
2018/08/24,16.58,16.73,16.28,16.31,2421350,48024268.00
2018/08/27,16.33,17.03,16.33,16.84,3605495,73083096.00
2018/08/28,16.82,17.33,16.62,16.77,3347095,68357464.00
2018/08/29,16.72,16.83,16.35,16.58,2531925,50236984.00
2018/08/30,16.54,16.58,15.89,15.93,2136925,41606560.00
2018/08/31,15.98,16.37,15.87,15.94,2076270,40392412.00
2018/09/03,15.78,15.78,14.38,15.46,2448300,44741048.00
2018/09/04,15.48,15.91,15.48,15.73,1764295,33411560.00
2018/09/05,15.80,16.25,15.63,15.66,2156700,41335416.00
2018/09/06,15.48,15.97,15.46,15.63,1319325,24993402.00
2018/09/07,15.93,15.94,15.16,15.27,1703850,31692468.00
2018/09/10,15.16,15.37,14.84,14.89,1179200,21452534.00
2018/09/11,14.83,15.27,14.83,15.07,1207875,21918446.00
2018/09/12,14.98,15.20,14.87,15.08,1038875,18838044.00
2018/09/13,15.28,15.58,15.05,15.57,2074450,38228236.00
2018/09/14,15.68,15.68,15.01,15.08,1884250,34787312.00
2018/09/17,15.03,15.03,14.63,14.77,1293250,23081724.00
2018/09/18,14.84,15.07,14.70,15.04,1360075,24457308.00
2018/09/19,14.99,15.63,14.92,15.39,2392909,44077984.00
2018/09/20,15.39,15.48,14.98,15.08,1500075,27484922.00
2018/09/21,15.08,15.37,14.98,15.26,1388900,25370560.00
2018/09/25,15.28,15.28,14.90,14.98,1621575,29344744.00
2018/09/26,14.98,15.13,14.84,15.00,1453025,26252420.00
2018/09/27,14.98,15.03,14.39,14.39,1647850,29113186.00
2018/09/28,14.46,14.58,14.44,14.48,1033750,18067316.00
2018/10/08,14.15,14.15,13.31,13.47,1347100,22290200.00
2018/10/09,13.56,13.75,13.56,13.67,891050,14656236.00
2018/10/10,13.77,13.93,13.60,13.83,858875,14273950.00
2018/10/11,12.88,13.45,12.44,12.48,1748225,26948940.00
2018/10/12,12.46,12.46,11.70,12.33,1937875,28504894.00
2018/10/15,12.46,13.58,12.46,12.88,3167092,50425016.00
2018/10/16,12.90,13.13,12.45,12.62,1977867,30492032.00
2018/10/17,12.89,13.18,12.62,12.93,2228150,34640984.00
2018/10/18,12.79,12.89,12.38,12.45,1906500,29060582.00
2018/10/19,12.28,13.17,12.13,13.04,2438200,37846268.00
2018/10/22,13.09,13.85,13.05,13.55,2617325,42450264.00
2018/10/23,13.54,13.60,13.10,13.12,1614725,25901310.00
2018/10/24,13.02,13.45,13.02,13.10,1156700,18407440.00
2018/10/25,12.70,12.99,12.49,12.94,1454825,22297806.00
2018/10/26,13.03,13.52,12.78,13.12,1948275,30834376.00
2018/10/29,13.12,13.12,12.67,12.77,1222800,18992108.00
2018/10/30,12.83,12.87,12.29,12.70,1733150,26304266.00
2018/10/31,12.84,13.13,12.63,12.89,1892500,29570242.00
2018/11/01,12.94,13.60,12.94,13.18,3082399,49478736.00
2018/11/02,13.41,13.65,13.28,13.55,3662274,59505380.00
2018/11/05,13.56,14.11,13.44,13.74,3702526,61354916.00
2018/11/06,13.62,13.74,13.33,13.69,2074376,33750472.00
2018/11/07,13.44,14.08,13.37,13.53,3325726,54906808.00
2018/11/08,13.77,13.77,13.43,13.48,2081200,34056264.00
2018/11/09,13.37,14.83,13.33,14.07,5760350,98520240.00
2018/11/12,13.98,14.55,13.93,14.35,3896350,67044664.00
2018/11/13,14.12,14.42,14.03,14.31,4163476,71459744.00
2018/11/14,14.21,14.34,14.10,14.30,2383600,40829956.00
2018/11/15,14.28,14.63,14.15,14.63,3758575,65158672.00
2018/11/16,14.91,15.39,14.30,14.53,3760825,65851392.00
2018/11/19,14.43,14.48,14.15,14.31,1830800,31483474.00
2018/11/20,14.21,14.33,13.93,13.98,2023850,34440392.00
2018/11/21,13.81,14.43,13.81,14.10,1510001,25632068.00
2018/11/22,14.22,14.24,13.92,13.93,1178700,19922720.00
2018/11/23,14.03,14.03,13.01,13.06,2126375,34334084.00
2018/11/26,13.06,13.37,13.06,13.16,1124850,17923686.00
2018/11/27,13.43,13.76,13.22,13.64,2424875,39509296.00
2018/11/28,13.37,15.01,13.37,15.01,8089371,142142384.00
2018/11/29,15.24,15.25,14.24,14.39,7224116,127725536.00
2018/11/30,14.10,15.10,14.10,14.89,7606484,134102432.00
2018/12/03,15.28,15.87,14.78,15.43,7871567,144895808.00
2018/12/04,15.19,15.41,15.02,15.23,4646125,84974432.00
2018/12/05,14.76,14.93,14.58,14.79,3463925,61593840.00
2018/12/06,14.74,14.74,14.04,14.13,3590000,61946112.00
2018/12/07,14.23,14.77,14.23,14.41,3076857,53712804.00
2018/12/10,14.23,14.93,14.22,14.66,3984107,70398456.00
2018/12/11,14.57,15.32,14.56,15.26,5821232,105312840.00
2018/12/12,15.18,15.18,14.70,14.76,3852989,68879280.00
2018/12/13,14.78,15.12,14.68,14.97,3572664,64282580.00
2018/12/14,14.83,14.85,14.18,14.28,3214982,56182412.00
2018/12/17,14.07,14.52,14.00,14.47,1621857,28047146.00
2018/12/18,14.42,14.56,14.09,14.28,1888425,32556258.00
2018/12/19,14.36,14.73,14.32,14.38,2592957,45340668.00
2018/12/20,14.15,14.78,14.15,14.76,2883809,50371812.00
2018/12/21,14.63,14.93,14.48,14.60,3279550,58109164.00
2018/12/24,14.54,15.43,14.54,15.15,5065735,92159464.00
2018/12/25,14.87,16.67,14.49,16.67,7237451,137773296.00
2018/12/26,17.64,18.34,17.03,18.34,15631240,336904000.00
2018/12/27,17.78,18.78,17.18,17.78,16888784,365505312.00
2018/12/28,17.07,17.78,16.77,16.93,10242400,212252720.00
2019/01/02,16.93,17.68,16.93,17.24,8189262,170524928.00
2019/01/03,16.73,16.93,15.62,15.91,8548572,167359152.00
2019/01/04,15.59,16.26,15.55,16.17,6148730,118472144.00
2019/01/07,16.62,17.06,16.20,16.62,7821647,156772928.00
2019/01/08,16.69,16.93,16.20,16.22,5345813,106245944.00
2019/01/09,16.31,16.96,16.01,16.40,7238651,144352512.00
2019/01/10,16.40,17.76,16.24,17.18,10188508,208935232.00
2019/01/11,17.28,17.78,16.87,17.39,8749591,182499824.00
2019/01/14,16.28,16.28,15.65,15.91,8807753,168132080.00
2019/01/15,15.79,16.33,15.78,16.03,4994214,96696648.00
2019/01/16,16.03,16.03,15.54,15.63,4187339,79192328.00
2019/01/17,15.46,15.76,15.14,15.31,3412850,63614012.00
2019/01/18,15.30,15.44,14.87,15.43,3136963,57371144.00
2019/01/21,15.45,15.99,15.33,15.78,3820240,72329160.00
2019/01/22,15.78,15.92,15.52,15.73,2294642,43323328.00
2019/01/23,15.62,15.76,15.35,15.55,1811850,33819452.00
2019/01/24,15.56,15.83,15.29,15.72,2614075,49282360.00
2019/01/25,15.72,15.77,15.21,15.25,2135750,39861644.00
2019/01/28,15.20,15.45,14.83,14.84,1964825,35709772.00
2019/01/29,14.77,14.78,13.55,14.30,2491350,42613508.00
2019/01/30,14.27,14.67,14.27,14.35,1784693,31107554.00
2019/01/31,14.34,14.64,14.06,14.12,2110250,36534880.00
2019/02/01,14.26,14.83,14.20,14.69,1807875,31731176.00
2019/02/11,14.78,15.29,14.71,15.28,2666165,48605228.00
2019/02/12,15.19,15.45,15.19,15.33,3017157,55573588.00
2019/02/13,15.33,15.93,15.21,15.73,4782085,90016088.00
2019/02/14,15.65,15.74,15.43,15.58,3320252,62172980.00
2019/02/15,15.48,15.73,15.39,15.52,3051102,57229008.00
2019/02/18,15.65,16.15,15.60,16.08,4390519,84007176.00
2019/02/19,16.03,16.10,15.50,15.85,4607245,87830112.00
2019/02/20,15.85,16.01,15.51,16.00,3912725,74361520.00
2019/02/21,15.95,16.91,15.84,16.19,7958988,157205264.00
2019/02/22,16.02,16.84,15.99,16.69,6805725,135207872.00
2019/02/25,16.81,17.60,16.81,17.41,8099367,167932784.00
2019/02/26,17.38,17.73,16.70,16.95,7128350,146929664.00
2019/02/27,16.95,17.26,16.69,17.08,4524900,92492744.00
2019/02/28,17.17,17.43,16.86,17.22,3385250,69801800.00
2019/03/01,17.55,17.57,16.87,17.03,2926000,60143144.00
2019/03/04,17.06,17.58,16.99,17.16,5555667,115820752.00
2019/03/05,17.18,17.97,16.70,17.93,8130492,171558368.00
2019/03/06,17.93,18.08,17.45,17.89,7046250,150057440.00
2019/03/07,17.78,18.60,17.53,18.28,8457728,183500784.00
2019/03/08,18.20,18.72,17.45,17.84,9094238,199292784.00
2019/03/11,18.00,19.18,17.56,19.03,7841378,173248000.00
2019/03/12,19.18,19.18,18.60,18.89,8879685,201227280.00
2019/03/13,18.89,18.89,17.45,17.78,6076525,133431328.00
2019/03/14,17.52,17.75,16.71,17.12,4049800,84093488.00
2019/03/15,17.33,17.52,16.96,17.23,3002528,62292592.00
2019/03/18,17.28,17.58,16.95,17.53,2774503,57820416.00
2019/03/19,17.46,18.07,17.38,17.68,3611125,77258312.00
2019/03/20,17.51,17.81,17.08,17.31,2596324,54380328.00
2019/03/21,17.26,17.73,17.26,17.43,3042550,64094344.00
2019/03/22,17.39,17.57,17.02,17.35,2021650,41913612.00
2019/03/25,16.96,17.66,15.78,17.49,3542475,73585320.00
2019/03/26,17.44,17.60,16.54,16.60,3457650,70568536.00
2019/03/27,16.60,16.87,16.28,16.72,2000549,39947148.00
2019/03/28,16.59,17.40,16.58,16.87,3106974,64013448.00
2019/03/29,16.88,17.33,16.42,17.27,2614249,53437748.00
2019/04/01,17.35,17.96,17.35,17.94,4723800,101101464.00
2019/04/02,17.94,18.37,17.62,17.89,4866049,105480752.00
2019/04/03,17.91,18.45,17.71,18.18,4924424,107309608.00
2019/04/04,18.27,18.41,17.96,18.19,3955149,86492640.00
2019/04/08,18.32,18.38,17.33,17.45,3754618,80174080.00
2019/04/09,17.58,18.44,17.33,18.23,5744150,125116336.00
2019/04/10,17.87,17.87,17.33,17.35,4489875,94620000.00
2019/04/11,17.38,17.46,16.82,16.87,2357025,48415900.00
2019/04/12,16.87,17.13,16.53,16.91,1874082,37978628.00
2019/04/15,17.28,17.44,16.78,16.79,2015429,41732032.00
2019/04/16,16.87,18.48,16.60,18.48,8069184,173738592.00
2019/04/17,18.88,19.12,18.00,18.35,10977759,245415584.00
2019/04/18,18.61,19.98,18.37,18.87,12024085,275866880.00
2019/04/19,18.29,19.24,18.12,18.91,7993384,178734288.00
2019/04/22,18.28,18.78,18.01,18.13,6420550,141712336.00
2019/04/23,17.99,18.71,17.88,18.28,4700825,103200888.00
2019/04/24,18.28,19.60,17.96,19.37,9991234,229366656.00
2019/04/25,18.95,19.41,18.28,18.28,6758785,153379264.00
2019/04/26,18.15,19.35,17.63,18.95,7328204,164538944.00
2019/04/29,18.78,18.86,17.05,17.05,6711560,141388144.00
2019/04/30,16.53,16.98,15.45,15.90,4389075,85418440.00
2019/05/06,15.26,15.26,14.31,14.31,3601650,63413636.00
2019/05/07,14.40,14.81,13.98,14.38,2959075,51451724.00
2019/05/08,14.01,14.66,13.87,14.28,2450413,42546532.00
2019/05/09,14.28,14.49,14.18,14.18,1700493,29317452.00
2019/05/10,14.41,14.90,13.95,14.86,3930337,68943984.00
2019/05/13,14.64,14.87,14.43,14.58,2267675,39939036.00
2019/05/14,14.27,15.33,14.27,14.82,3539385,62978768.00
2019/05/15,14.86,15.07,14.76,14.94,2896862,52012652.00
2019/05/16,14.94,15.12,14.55,14.72,2648674,46853100.00
2019/05/17,14.83,15.33,14.17,14.33,4001334,71432976.00
2019/05/20,14.42,14.58,13.72,14.50,3153349,54035300.00
2019/05/21,14.37,14.99,14.29,14.71,2429525,42925584.00
2019/05/22,14.71,15.24,14.58,14.83,3062575,55155300.00
2019/05/23,14.93,15.12,14.52,14.60,3418800,61048956.00
2019/05/24,14.44,14.68,14.16,14.21,1761149,30476740.00
2019/05/27,14.22,14.93,14.22,14.73,2057499,36053588.00
2019/05/28,14.68,15.03,14.63,14.81,2599499,46476820.00
2019/05/29,14.78,15.03,14.70,14.88,2379844,42793996.00
2019/05/30,14.83,15.00,14.48,14.95,2220150,39550960.00
2019/05/31,14.94,15.58,14.69,15.34,5079464,93840408.00
2019/06/03,15.21,15.95,14.83,15.84,5332033,99323144.00
2019/06/04,15.71,16.35,15.43,15.68,6799750,130605336.00
2019/06/05,15.88,16.43,15.61,16.28,5376410,103903776.00
2019/06/06,16.03,16.09,15.25,15.68,3930302,74313336.00
2019/06/10,16.43,17.26,16.43,17.26,1988424,40970176.00
2019/06/11,18.37,18.99,17.67,18.99,20909147,468298016.00
2019/06/12,18.28,19.37,17.93,18.00,17662596,393223360.00
2019/06/13,17.82,18.28,16.88,17.24,11110719,234356240.00
2019/06/14,17.25,17.52,16.58,16.82,6083515,124327384.00
2019/06/17,16.86,18.00,16.63,17.38,7692765,160371424.00
2019/06/18,17.37,19.12,16.89,18.20,16180211,359841216.00
2019/06/19,20.03,20.03,19.35,20.03,14361137,345787648.00
2019/06/20,19.53,22.03,18.71,22.03,22056377,532271840.00
2019/06/21,22.01,24.23,21.00,24.23,32315167,746930368.00
2019/06/24,23.98,23.98,21.81,21.83,30694756,693795648.00
2019/06/25,20.63,21.60,20.05,20.33,19607711,405718560.00
2019/06/26,20.38,21.23,19.83,20.01,15698921,322931776.00
2019/06/27,20.01,21.00,20.01,20.62,14973162,306838752.00
2019/06/28,20.20,20.24,18.62,19.13,13955292,268737280.00
2019/07/01,19.73,19.90,19.31,19.57,11487858,225167408.00
2019/07/02,19.61,19.61,19.00,19.04,8142600,156202064.00
2019/07/03,19.00,19.10,18.21,18.53,7337090,135936208.00
2019/07/04,18.70,18.73,18.07,18.19,5132560,94011952.00
2019/07/05,18.19,18.44,18.16,18.26,4007760,73248496.00
2019/07/08,18.20,18.25,17.15,17.43,5204950,91358520.00
2019/07/09,17.39,17.84,17.32,17.82,3874320,68166896.00
2019/07/10,17.81,18.66,17.70,18.50,8015192,146639520.00
2019/07/11,18.46,18.69,18.16,18.23,4926960,90602176.00
2019/07/12,18.18,18.30,17.51,17.68,3735340,66410676.00
2019/07/15,17.60,18.27,17.33,18.14,4323900,77600720.00
2019/07/16,17.90,18.49,17.60,18.39,5391560,98373672.00
2019/07/17,17.80,17.96,17.56,17.65,6275070,111471112.00
2019/07/18,17.56,17.56,17.02,17.08,4063060,69758056.00
2019/07/19,17.15,17.35,17.05,17.07,2539670,43668484.00
2019/07/22,17.17,17.40,16.20,16.37,3424280,56876484.00
2019/07/23,16.49,16.75,16.42,16.74,2631628,43850044.00
2019/07/24,16.85,17.37,16.80,16.99,3633720,62259492.00
2019/07/25,16.96,17.38,16.94,17.01,2751475,47089428.00
2019/07/26,17.07,17.65,16.81,17.50,5711195,98810608.00
2019/07/29,17.33,17.64,17.25,17.33,3483897,60613124.00
2019/07/30,17.35,17.50,17.18,17.22,3153552,54612556.00
2019/07/31,17.20,17.91,17.10,17.80,6835163,120182000.00
2019/08/01,17.75,18.60,17.65,18.55,11390490,207695872.00
2019/08/02,18.00,18.55,17.85,18.19,8027850,146052640.00
2019/08/05,18.00,18.70,17.88,18.38,6950873,127288672.00
2019/08/06,18.00,18.34,17.08,18.08,7462878,132648344.00
2019/08/07,18.20,18.95,18.01,18.63,10113239,186871968.00
2019/08/08,18.63,19.10,18.23,18.85,9224064,171703488.00
2019/08/09,19.01,19.05,17.88,18.01,7961056,146153120.00
2019/08/12,18.00,18.29,17.45,18.29,5662087,101590272.00
2019/08/13,18.00,18.23,17.72,17.76,4268441,76383584.00
2019/08/14,18.05,18.16,17.22,17.24,5568304,98960256.00
2019/08/15,16.58,16.99,16.29,16.92,6225231,103215840.00
2019/08/16,16.95,17.17,16.69,16.81,3870311,65709844.00
2019/08/19,16.98,17.60,16.82,17.60,5215553,90311296.00
2019/08/20,17.60,18.14,17.42,17.97,7313000,131017280.00
2019/08/21,17.87,18.13,17.61,17.85,4533150,80706112.00
2019/08/22,18.05,18.09,17.76,18.05,4890694,87854048.00
2019/08/23,18.03,18.07,17.31,17.33,4764873,84102920.00
2019/08/26,16.65,17.16,16.65,17.06,2969726,50500276.00
2019/08/27,17.30,17.47,17.13,17.30,2938018,50805600.00
2019/08/28,17.27,17.45,17.03,17.40,3017458,52077436.00
2019/08/29,17.37,17.67,17.25,17.43,3379728,59123680.00
2019/08/30,17.49,17.60,16.81,16.91,3820663,65726684.00
2019/09/02,16.91,17.45,16.91,17.44,3504680,60709040.00
2019/09/03,17.49,17.92,17.49,17.91,7166701,127414968.00
2019/09/04,17.90,17.90,17.56,17.75,4721920,83575920.00
2019/09/05,17.84,18.48,17.80,17.93,9429265,170553600.00
2019/09/06,18.10,18.77,17.95,18.47,11502139,211926656.00
2019/09/09,18.29,19.88,18.10,19.68,16304299,310211776.00
2019/09/10,19.40,19.50,18.82,19.10,11548226,220703952.00
2019/09/11,19.18,19.27,18.88,18.89,6375806,121344384.00
2019/09/12,18.99,19.50,18.80,19.50,8920499,171737120.00
2019/09/16,19.77,20.00,19.22,19.25,8498364,166052064.00
2019/09/17,19.10,19.14,18.22,18.43,7510593,139554240.00
2019/09/18,18.61,18.80,18.41,18.54,4441767,82527184.00
2019/09/19,18.54,19.14,18.37,19.14,6148037,115841936.00
2019/09/20,19.12,19.25,18.75,18.77,4540207,85838200.00
2019/09/23,18.80,19.21,18.28,19.21,4853190,91299128.00
2019/09/24,19.13,19.78,19.12,19.64,10122765,196420160.00
2019/09/25,19.30,19.40,18.55,18.59,6708680,127416896.00
2019/09/26,18.59,18.85,17.61,17.64,5715620,102899744.00
2019/09/27,17.55,17.94,17.55,17.76,2750150,48925964.00
2019/09/30,17.71,17.94,17.40,17.42,2201140,38938100.00
2019/10/08,17.46,17.85,17.46,17.54,1664850,29329256.00
2019/10/09,17.38,17.85,17.03,17.84,1926790,33763716.00
2019/10/10,17.91,18.06,17.73,17.93,2276489,40755060.00
2019/10/11,17.94,18.00,17.47,17.54,2787770,49320484.00
2019/10/14,17.79,18.22,17.68,18.07,4203369,75916464.00
2019/10/15,18.18,18.30,17.90,18.07,3478960,63071428.00
2019/10/16,18.07,18.28,17.58,17.58,2877600,51318800.00
2019/10/17,17.61,17.95,17.54,17.65,2200010,38956900.00
2019/10/18,17.65,17.97,17.31,17.37,2632093,46353984.00
2019/10/21,17.57,17.60,16.50,17.10,2512910,42722464.00
2019/10/22,17.14,17.36,16.98,17.21,2060169,35369796.00
2019/10/23,17.19,17.26,16.45,16.65,3681050,61594820.00
2019/10/24,16.46,16.67,16.21,16.40,2302580,37750024.00
2019/10/25,16.41,16.66,16.22,16.58,2064020,33981512.00
2019/10/28,16.68,17.11,16.65,17.00,2969350,50148384.00
2019/10/29,16.92,16.97,16.59,16.61,2750320,46029728.00
2019/10/30,16.43,16.64,16.13,16.14,2403760,39227620.00
2019/10/31,16.03,16.39,16.00,16.01,2207450,35788624.00
2019/11/01,16.02,16.42,15.91,16.41,2134899,34701240.00
数据来源:通达信
