300738 奥飞数据 日线 前复权
      日期	    开盘	    最高	    最低	    收盘	    成交量	    成交额
2018/01/19,11.97,14.39,11.97,14.39,3300,84736.00
2018/01/22,15.84,15.84,15.84,15.84,800,23000.00
2018/01/23,17.44,17.44,17.44,17.44,1600,50608.00
2018/01/24,19.20,19.20,19.20,19.20,4600,160034.00
2018/01/25,21.13,21.13,21.13,21.13,5600,214312.00
2018/01/26,23.26,23.26,23.26,23.26,15600,656760.00
2018/01/29,25.60,25.60,25.60,25.60,22600,1046606.00
2018/01/30,28.17,28.17,28.17,28.17,40100,2042694.00
2018/01/31,31.00,31.00,31.00,31.00,61600,3451448.00
2018/02/01,34.11,34.11,34.11,34.11,140533,8661049.00
2018/02/02,37.53,37.53,37.53,37.53,451800,30627522.00
2018/02/05,38.64,38.64,33.77,33.77,8877000,569442176.00
2018/02/06,30.38,32.04,30.38,30.38,6117576,339672256.00
2018/02/07,31.26,33.43,28.10,32.25,8833759,500664224.00
2018/02/08,30.81,32.76,29.76,31.37,6147976,346178496.00
2018/02/09,29.32,34.31,29.26,32.64,8014277,468350112.00
2018/02/12,33.55,35.58,32.09,33.87,7960354,490361888.00
2018/02/13,33.09,33.09,30.47,30.47,5844266,331099168.00
2018/02/14,28.58,29.20,27.41,27.46,5649209,286073792.00
2018/02/22,27.65,28.23,26.76,27.82,3795609,190786256.00
2018/02/23,27.65,29.04,27.48,28.38,3809777,194899744.00
2018/02/26,29.53,29.97,29.02,29.54,4750418,253696672.00
2018/02/27,29.33,32.51,29.29,32.51,3493452,196926000.00
2018/02/28,32.37,32.37,30.15,31.27,6107516,345577728.00
2018/03/01,31.27,34.41,31.27,33.43,8112507,490753536.00
2018/03/02,32.19,34.03,31.82,32.09,5890357,347286848.00
2018/03/05,32.09,34.66,32.09,34.15,5824766,351760512.00
2018/03/06,33.64,37.54,33.48,34.60,7483910,476356224.00
2018/03/07,34.32,35.42,33.22,34.87,5693770,353005216.00
2018/03/08,34.76,38.21,34.46,36.75,6510995,427203072.00
2018/03/09,36.05,40.44,35.81,40.44,6012995,414322432.00
2018/03/12,42.65,44.49,39.39,40.18,9004548,686482624.00
2018/03/13,39.59,40.72,38.57,39.17,5800504,415929856.00
2018/03/14,38.09,38.76,37.49,37.54,4620896,317293280.00
2018/03/15,36.43,36.43,33.78,35.01,5770114,362538880.00
2018/03/16,35.01,35.71,34.71,35.08,3463922,220485056.00
2018/03/19,35.52,37.19,34.89,36.25,4366160,286037472.00
2018/03/20,34.93,37.93,34.62,37.93,4615737,304141888.00
2018/03/21,38.15,39.03,35.81,35.81,5204903,353319200.00
2018/03/22,35.43,38.10,35.43,38.10,4741507,317334848.00
2018/03/23,36.26,40.72,35.71,39.15,7451570,521624192.00
2018/03/26,37.89,43.08,37.61,43.08,6167315,448179424.00
2018/03/27,43.21,46.47,41.90,42.04,8187595,643983424.00
2018/03/28,40.98,43.20,40.48,41.04,5359289,404412096.00
2018/03/29,40.98,43.07,40.43,41.28,4108479,310091744.00
2018/03/30,41.55,43.42,40.11,42.93,4667346,353965472.00
2018/04/02,43.21,43.71,41.19,41.69,4642352,353898560.00
2018/04/03,40.46,41.14,39.68,40.21,3270553,237799712.00
2018/04/04,40.98,43.04,40.81,41.54,4537655,342316672.00
2018/04/09,41.87,45.71,41.83,44.40,6362265,515733664.00
2018/04/10,43.63,43.65,39.95,40.97,6983375,523568800.00
2018/04/11,38.88,41.24,38.21,40.66,4511980,323039840.00
2018/04/12,39.98,40.95,38.87,38.90,3415900,244880864.00
2018/04/13,39.44,40.71,39.10,39.49,2778748,199688464.00
2018/04/16,39.04,40.39,38.83,40.39,2449402,175661472.00
2018/04/17,41.82,41.82,37.17,37.59,3519615,254469200.00
2018/04/18,35.43,36.64,33.96,36.15,3568328,227459152.00
2018/04/19,35.82,36.82,34.60,34.71,2873500,186131536.00
2018/04/20,34.04,34.14,31.22,31.23,3379079,199628016.00
2018/04/23,32.08,32.84,31.54,32.42,2308744,134347200.00
2018/04/24,32.26,33.75,31.92,33.69,2623341,157009136.00
2018/04/25,33.64,34.57,33.13,34.26,2746691,169075936.00
2018/04/26,34.34,34.48,33.04,33.10,1935288,118150776.00
2018/04/27,33.25,33.87,32.09,32.43,1597995,95286352.00
2018/05/02,32.81,33.74,31.89,32.76,1519875,90398944.00
2018/05/03,32.82,34.15,32.11,34.15,2218065,133753608.00
2018/05/04,33.96,34.21,32.82,32.96,1816562,109521248.00
2018/05/07,33.21,34.21,33.18,33.88,2030388,123948592.00
2018/05/08,33.94,34.59,33.77,34.40,2158650,133331312.00
2018/05/09,34.16,34.68,33.87,34.35,1647047,101747104.00
2018/05/10,34.71,35.06,33.88,34.32,1979141,123245608.00
2018/05/11,34.54,34.56,32.88,33.06,1887041,114805856.00
2018/05/14,32.71,33.40,32.37,32.61,1323412,78434504.00
2018/05/15,33.48,33.87,32.67,33.76,1829224,110154960.00
2018/05/16,33.37,34.48,33.37,33.97,2250707,138667520.00
2018/05/17,33.83,34.76,33.79,34.63,2587662,160865392.00
2018/05/18,34.80,35.30,33.48,34.31,2500530,155428640.00
2018/05/21,34.34,36.31,34.20,35.68,3304778,211087360.00
2018/05/22,35.67,38.82,35.31,37.67,4251011,283571840.00
2018/05/23,37.11,38.43,36.83,37.29,3168906,214888656.00
2018/05/24,37.93,38.52,36.82,37.15,2956842,201141344.00
2018/05/25,37.11,37.93,36.04,37.39,2696692,180589056.00
2018/05/28,38.21,39.21,35.42,35.42,3483772,236070560.00
2018/05/29,34.32,35.69,33.86,34.05,2641453,165391808.00
2018/05/30,33.77,33.87,30.63,30.76,2909211,168921552.00
2018/05/31,31.49,31.72,30.91,31.58,1723550,97876048.00
2018/06/01,31.46,31.75,29.74,30.49,1810800,100926512.00
2018/06/04,30.54,31.53,30.54,31.15,1264045,70923520.00
2018/06/05,31.16,32.24,31.16,32.11,1523645,87656368.00
2018/06/06,32.54,32.84,31.68,32.19,1801695,104978176.00
2018/06/07,32.25,32.64,31.50,31.92,1515200,87436248.00
2018/06/08,31.34,32.40,31.34,32.20,1388787,80169912.00
2018/06/11,32.20,32.26,31.65,31.97,978695,56569156.00
2018/06/12,32.18,32.18,29.74,31.02,1665051,92793424.00
2018/06/13,30.81,31.25,30.04,30.13,1099549,60771164.00
2018/06/14,29.88,31.18,29.88,30.71,1144760,63644616.00
2018/06/15,31.01,31.47,30.47,31.06,1582194,88829176.00
2018/06/19,29.87,30.28,27.94,27.94,1768244,92515512.00
2018/06/20,27.93,29.54,27.93,28.86,1267100,65654512.00
2018/06/21,28.94,29.33,27.40,27.98,1206100,61589704.00
2018/06/22,27.35,28.89,27.35,28.56,973960,49933596.00
2018/06/25,28.74,29.34,28.73,28.73,1058303,55427616.00
2018/06/26,28.31,30.68,28.11,30.42,1871760,100991352.00
2018/06/27,30.18,30.93,29.95,30.31,1455160,79875592.00
2018/06/28,30.18,31.16,30.01,30.18,1724933,95134032.00
2018/06/29,30.23,31.34,29.84,31.24,1822387,101437680.00
2018/07/02,30.73,31.72,30.08,30.43,1679983,94075336.00
2018/07/03,30.72,31.88,30.43,31.67,1899254,106957392.00
2018/07/04,31.41,31.55,28.98,29.18,1984350,108413136.00
2018/07/05,29.19,32.11,29.19,30.74,4358071,246951728.00
2018/07/06,31.01,33.82,30.31,32.28,5017725,292555392.00
2018/07/09,32.84,34.79,32.78,33.45,4757818,287790240.00
2018/07/10,32.96,33.61,32.68,33.52,3243825,194127424.00
2018/07/11,32.49,32.93,31.61,32.82,2728337,159339632.00
2018/07/12,32.68,34.07,32.61,33.52,3447314,209102272.00
2018/07/13,32.21,32.39,30.96,31.67,3721918,212835616.00
2018/07/16,31.58,31.62,30.79,31.33,1645328,92517664.00
2018/07/17,31.33,31.86,31.06,31.86,1855775,105663992.00
2018/07/18,31.93,33.46,31.41,31.94,2536899,147699456.00
2018/07/19,31.68,31.94,30.22,30.43,1863754,104168104.00
2018/07/20,30.54,30.83,29.86,30.64,1376680,75664984.00
2018/07/23,30.64,31.01,30.22,30.43,1117098,61622972.00
2018/07/24,30.47,30.96,30.27,30.81,1174015,65141708.00
2018/07/25,30.83,31.83,30.75,31.04,1683396,94846888.00
2018/07/26,31.07,31.08,29.27,29.57,1552361,83857208.00
2018/07/27,29.46,29.75,29.19,29.21,678395,36056672.00
2018/07/30,29.23,29.43,28.13,28.46,798500,41279040.00
2018/07/31,28.40,29.04,28.24,28.54,480014,24814694.00
2018/08/01,28.79,28.91,27.96,28.03,664425,34199612.00
2018/08/02,28.03,28.04,25.79,26.71,1288340,62192904.00
2018/08/03,26.88,27.34,26.41,26.44,919815,44751264.00
2018/08/06,26.04,26.73,25.68,26.18,726000,34365100.00
2018/08/07,26.29,27.18,26.11,27.13,1008786,48756392.00
2018/08/08,27.02,27.02,25.46,25.54,974085,46183740.00
2018/08/09,25.46,26.99,25.34,26.57,1046466,50152428.00
2018/08/10,26.53,26.94,26.39,26.79,800380,38569260.00
2018/08/13,26.29,28.36,26.24,27.66,1410391,69856280.00
2018/08/14,27.32,27.61,27.02,27.26,799211,39384284.00
2018/08/15,27.29,27.42,26.19,26.38,846273,40742820.00
2018/08/16,25.90,26.73,24.90,26.19,700711,33194902.00
2018/08/17,26.35,26.68,25.46,25.52,677811,31847942.00
2018/08/20,25.18,26.21,25.18,26.12,693573,32256204.00
2018/08/21,25.93,27.06,25.63,26.53,912599,43494784.00
2018/08/22,26.19,26.51,25.87,26.03,592980,27967968.00
2018/08/23,25.84,26.73,25.84,26.53,815438,38987360.00
2018/08/24,26.34,26.84,26.04,26.34,721700,34633832.00
2018/08/27,27.12,27.57,26.76,27.22,1227700,60338320.00
2018/08/28,26.88,27.11,26.73,26.99,992299,48225820.00
2018/08/29,26.79,27.20,26.75,26.98,661999,32292116.00
2018/08/30,26.87,27.37,26.86,27.08,850226,41639756.00
2018/08/31,26.63,26.80,25.49,25.66,942800,44444192.00
2018/09/03,25.73,25.99,25.04,25.79,597200,27536452.00
2018/09/04,26.04,26.34,25.49,26.24,650800,30689144.00
2018/09/05,26.34,26.64,25.88,25.90,732100,34782364.00
2018/09/06,25.62,26.76,25.62,26.75,1203241,57708000.00
2018/09/07,26.86,26.96,26.02,26.32,1035185,49585316.00
2018/09/10,26.26,26.26,25.39,25.39,678900,31464896.00
2018/09/11,25.56,25.97,25.40,25.64,514970,23867874.00
2018/09/12,25.73,25.97,25.58,25.73,436400,20330106.00
2018/09/13,26.10,26.15,25.66,26.09,586900,27519762.00
2018/09/14,26.23,26.34,25.19,25.26,668200,30993228.00
2018/09/17,25.15,25.28,24.03,24.29,759000,33661684.00
2018/09/18,24.33,24.81,24.18,24.77,642600,28510104.00
2018/09/19,24.73,25.29,24.55,24.87,602900,27204038.00
2018/09/20,24.79,25.01,24.51,24.73,540400,24140340.00
2018/09/21,24.73,25.34,24.73,25.14,555670,25165888.00
2018/09/25,25.14,25.22,24.72,24.89,485700,21895222.00
2018/09/26,25.01,25.11,24.68,24.93,493800,22217648.00
2018/09/27,24.93,25.04,24.46,24.72,613200,27373580.00
2018/09/28,24.79,25.34,24.72,25.34,621200,28188620.00
2018/10/08,25.03,25.04,24.23,24.26,495500,22132842.00
2018/10/09,24.41,24.88,24.41,24.83,419300,18718624.00
2018/10/10,25.06,25.60,24.90,25.34,780900,35687496.00
2018/10/11,24.90,24.90,22.80,22.80,938800,40315840.00
2018/10/12,22.68,22.84,21.57,22.46,687700,27691712.00
2018/10/15,22.32,22.79,22.11,22.14,554500,22447400.00
2018/10/16,22.16,22.51,21.58,21.94,502100,20021292.00
2018/10/17,22.40,22.65,21.68,21.92,667200,26839252.00
2018/10/18,21.84,21.92,21.17,21.47,620900,24086848.00
2018/10/19,21.12,22.04,21.01,21.94,587200,23072494.00
2018/10/22,21.98,23.43,21.98,23.12,924801,38178572.00
2018/10/23,22.71,23.15,22.44,22.54,655701,27074986.00
2018/10/24,22.54,22.78,22.30,22.36,429901,17482672.00
2018/10/25,21.61,21.95,21.36,21.94,561201,21951364.00
2018/10/26,22.03,22.39,21.74,22.09,402600,16090370.00
2018/10/29,22.39,22.40,21.61,21.76,389400,15466778.00
2018/10/30,21.84,22.22,21.38,22.00,489100,19301500.00
2018/10/31,22.12,22.56,22.01,22.37,630800,25493928.00
2018/11/01,22.84,24.10,22.51,22.57,1401961,58474340.00
2018/11/02,22.92,23.33,22.92,23.33,1115561,46644152.00
2018/11/05,23.68,23.79,22.63,23.21,1294933,54316800.00
2018/11/06,22.96,22.96,21.97,22.73,989644,40171696.00
2018/11/07,22.68,22.96,22.56,22.76,699001,28788390.00
2018/11/08,23.07,23.07,22.21,22.31,540300,22034876.00
2018/11/09,22.32,22.79,22.16,22.52,498300,20315920.00
2018/11/12,22.35,23.78,22.35,23.72,1367400,57734760.00
2018/11/13,23.29,23.82,23.26,23.79,1327799,56575596.00
2018/11/14,23.72,24.21,23.58,23.92,1149200,49754772.00
2018/11/15,24.93,26.32,24.63,26.32,2642183,122429776.00
2018/11/16,26.50,27.46,25.91,26.32,2872783,138634560.00
2018/11/19,26.22,27.05,25.52,26.52,1663983,79232872.00
2018/11/20,26.01,26.49,25.60,25.62,1133300,53262808.00
2018/11/21,25.34,28.19,24.96,26.58,1948072,94134400.00
2018/11/22,27.18,28.09,26.43,26.66,1879204,92543984.00
2018/11/23,26.08,26.46,25.02,25.53,1762926,82006840.00
2018/11/26,24.94,25.15,23.78,23.93,1467026,64471320.00
2018/11/27,24.18,24.43,23.74,23.93,956126,41631296.00
2018/11/28,24.08,24.48,23.93,24.38,845926,37045408.00
2018/11/29,24.62,24.88,22.69,22.73,1197301,51529628.00
2018/11/30,22.89,23.49,22.57,23.44,1011301,42204320.00
2018/12/03,23.98,24.42,23.85,24.07,892800,39065368.00
2018/12/04,24.02,24.40,23.78,24.16,731100,31931460.00
2018/12/05,23.51,23.77,23.27,23.50,681526,28993848.00
2018/12/06,23.52,23.89,23.13,23.27,590000,25067406.00
2018/12/07,23.44,23.71,22.75,22.81,726100,30278984.00
2018/12/10,22.81,22.99,22.63,22.93,445200,18405984.00
2018/12/11,23.23,23.23,22.34,22.73,738800,30265044.00
2018/12/12,22.74,22.94,22.59,22.89,596600,24571004.00
2018/12/13,22.86,22.98,22.35,22.97,868254,35755440.00
2018/12/14,22.94,22.94,22.12,22.27,691300,28090398.00
2018/12/17,22.11,22.53,21.79,22.37,469001,18824784.00
2018/12/18,22.12,22.59,22.06,22.34,400532,16113641.00
2018/12/19,22.23,22.42,21.79,21.98,479532,19184972.00
2018/12/20,22.04,22.29,21.85,22.29,393601,15759427.00
2018/12/21,22.31,22.54,22.12,22.46,539626,21795666.00
2018/12/24,22.41,23.12,22.32,23.07,859229,35527896.00
2018/12/25,22.68,24.06,22.06,23.61,1338820,55812300.00
2018/12/26,23.34,23.73,22.96,23.46,976526,41130392.00
2018/12/27,23.58,23.78,22.90,23.11,990500,42191136.00
2018/12/28,23.12,23.15,22.40,22.43,772283,31781488.00
2018/01/19,12.00,14.42,12.00,14.42,3300,84736.00
2018/01/22,15.87,15.87,15.87,15.87,800,23000.00
2018/01/23,17.47,17.47,17.47,17.47,1600,50608.00
2018/01/24,19.23,19.23,19.23,19.23,4600,160034.00
2018/01/25,21.16,21.16,21.16,21.16,5600,214312.00
2018/01/26,23.29,23.29,23.29,23.29,15600,656760.00
2018/01/29,25.63,25.63,25.63,25.63,22600,1046606.00
2018/01/30,28.20,28.20,28.20,28.20,40100,2042694.00
2018/01/31,31.03,31.03,31.03,31.03,61600,3451448.00
2018/02/01,34.14,34.14,34.14,34.14,140533,8661049.00
2018/02/02,37.56,37.56,37.56,37.56,451800,30627522.00
2018/02/05,38.67,38.67,33.79,33.79,8877000,569442176.00
2018/02/06,30.41,32.07,30.41,30.41,6117576,339672256.00
2018/02/07,31.29,33.46,28.13,32.28,8833759,500664224.00
2018/02/08,30.84,32.79,29.79,31.39,6147976,346178496.00
2018/02/09,29.35,34.33,29.28,32.67,8014277,468350112.00
2018/02/12,33.58,35.61,32.12,33.90,7960354,490361888.00
2018/02/13,33.12,33.12,30.50,30.50,5844266,331099168.00
2018/02/14,28.61,29.23,27.44,27.48,5649209,286073792.00
2018/02/22,27.68,28.26,26.79,27.85,3795609,190786256.00
2018/02/23,27.68,29.07,27.51,28.41,3809777,194899744.00
2018/02/26,29.56,29.99,29.04,29.57,4750418,253696672.00
2018/02/27,29.36,32.53,29.32,32.53,3493452,196926000.00
2018/02/28,32.40,32.40,30.18,31.30,6107516,345577728.00
2018/03/01,31.30,34.44,31.30,33.46,8112507,490753536.00
2018/03/02,32.22,34.06,31.85,32.12,5890357,347286848.00
2018/03/05,32.12,34.69,32.12,34.18,5824766,351760512.00
2018/03/06,33.67,37.57,33.51,34.63,7483910,476356224.00
2018/03/07,34.34,35.45,33.25,34.89,5693770,353005216.00
2018/03/08,34.79,38.23,34.48,36.78,6510995,427203072.00
2018/03/09,36.08,40.47,35.83,40.47,6012995,414322432.00
2018/03/12,42.68,44.52,39.42,40.21,9004548,686482624.00
2018/03/13,39.62,40.75,38.59,39.19,5800504,415929856.00
2018/03/14,38.12,38.78,37.52,37.57,4620896,317293280.00
2018/03/15,36.46,36.46,33.81,35.04,5770114,362538880.00
2018/03/16,35.04,35.73,34.73,35.11,3463922,220485056.00
2018/03/19,35.55,37.22,34.92,36.28,4366160,286037472.00
2018/03/20,34.96,37.96,34.65,37.96,4615737,304141888.00
2018/03/21,38.18,39.06,35.84,35.84,5204903,353319200.00
2018/03/22,35.46,38.13,35.46,38.13,4741507,317334848.00
2018/03/23,36.29,40.74,35.73,39.18,7451570,521624192.00
2018/03/26,37.92,43.11,37.64,43.11,6167315,448179424.00
2018/03/27,43.23,46.50,41.93,42.07,8187595,643983424.00
2018/03/28,41.01,43.23,40.51,41.07,5359289,404412096.00
2018/03/29,41.01,43.10,40.46,41.31,4108479,310091744.00
2018/03/30,41.58,43.44,40.14,42.96,4667346,353965472.00
2018/04/02,43.23,43.73,41.22,41.72,4642352,353898560.00
2018/04/03,40.48,41.17,39.71,40.24,3270553,237799712.00
2018/04/04,41.01,43.07,40.84,41.57,4537655,342316672.00
2018/04/09,41.90,45.73,41.86,44.43,6362265,515733664.00
2018/04/10,43.66,43.68,39.98,41.00,6983375,523568800.00
2018/04/11,38.91,41.27,38.24,40.68,4511980,323039840.00
2018/04/12,40.01,40.98,38.90,38.93,3415900,244880864.00
2018/04/13,39.47,40.73,39.13,39.52,2778748,199688464.00
2018/04/16,39.07,40.42,38.86,40.42,2449402,175661472.00
2018/04/17,41.84,41.85,37.19,37.62,3519615,254469200.00
2018/04/18,35.46,36.67,33.99,36.18,3568328,227459152.00
2018/04/19,35.85,36.84,34.63,34.73,2873500,186131536.00
2018/04/20,34.07,34.17,31.25,31.26,3379079,199628016.00
2018/04/23,32.11,32.87,31.57,32.44,2308744,134347200.00
2018/04/24,32.29,33.78,31.94,33.72,2623341,157009136.00
2018/04/25,33.67,34.59,33.16,34.28,2746691,169075936.00
2018/04/26,34.37,34.51,33.07,33.13,1935288,118150776.00
2018/04/27,33.28,33.90,32.12,32.46,1597995,95286352.00
2018/05/02,32.84,33.77,31.92,32.79,1519875,90398944.00
2018/05/03,32.85,34.18,32.14,34.18,2218065,133753608.00
2018/05/04,33.98,34.23,32.84,32.99,1816562,109521248.00
2018/05/07,33.23,34.23,33.21,33.91,2030388,123948592.00
2018/05/08,33.97,34.62,33.79,34.43,2158650,133331312.00
2018/05/09,34.19,34.71,33.90,34.38,1647047,101747104.00
2018/05/10,34.73,35.09,33.91,34.34,1979141,123245608.00
2018/05/11,34.57,34.59,32.91,33.08,1887041,114805856.00
2018/05/14,32.73,33.43,32.40,32.63,1323412,78434504.00
2018/05/15,33.51,33.90,32.69,33.79,1829224,110154960.00
2018/05/16,33.39,34.51,33.39,33.99,2250707,138667520.00
2018/05/17,33.86,34.79,33.82,34.66,2587662,160865392.00
2018/05/18,34.83,35.33,33.51,34.33,2500530,155428640.00
2018/05/21,34.37,36.33,34.23,35.71,3304778,211087360.00
2018/05/22,35.70,38.85,35.33,37.70,4251011,283571840.00
2018/05/23,37.13,38.46,36.86,37.32,3168906,214888656.00
2018/05/24,37.96,38.55,36.84,37.18,2956842,201141344.00
2018/05/25,37.13,37.96,36.07,37.42,2696692,180589056.00
2018/05/28,38.23,39.23,35.44,35.44,3483772,236070560.00
2018/05/29,34.34,35.72,33.89,34.08,2641453,165391808.00
2018/05/30,33.79,33.89,30.66,30.78,2909211,168921552.00
2018/05/31,31.52,31.74,30.94,31.61,1723550,97876048.00
2018/06/01,31.49,31.78,29.77,30.52,1810800,100926512.00
2018/06/04,30.57,31.56,30.57,31.18,1264045,70923520.00
2018/06/05,31.19,32.27,31.19,32.13,1523645,87656368.00
2018/06/06,32.57,32.87,31.71,32.22,1801695,104978176.00
2018/06/07,32.28,32.67,31.53,31.95,1515200,87436248.00
2018/06/08,31.37,32.43,31.37,32.23,1388787,80169912.00
2018/06/11,32.23,32.28,31.68,32.00,978695,56569156.00
2018/06/12,32.21,32.21,29.77,31.05,1665051,92793424.00
2018/06/13,30.84,31.28,30.07,30.16,1099549,60771164.00
2018/06/14,29.91,31.21,29.91,30.73,1144760,63644616.00
2018/06/15,31.04,31.50,30.50,31.08,1582194,88829176.00
2018/06/19,29.90,30.31,27.97,27.97,1768244,92515512.00
2018/06/20,27.96,29.57,27.96,28.89,1267100,65654512.00
2018/06/21,28.94,29.33,27.40,27.98,1206100,61589704.00
2018/06/22,27.35,28.89,27.35,28.56,973960,49933596.00
2018/06/25,28.74,29.34,28.73,28.73,1058303,55427616.00
2018/06/26,28.31,30.68,28.11,30.42,1871760,100991352.00
2018/06/27,30.18,30.93,29.95,30.31,1455160,79875592.00
2018/06/28,30.18,31.16,30.01,30.18,1724933,95134032.00
2018/06/29,30.23,31.34,29.84,31.24,1822387,101437680.00
2018/07/02,30.73,31.72,30.08,30.43,1679983,94075336.00
2018/07/03,30.72,31.88,30.43,31.67,1899254,106957392.00
2018/07/04,31.41,31.55,28.98,29.18,1984350,108413136.00
2018/07/05,29.19,32.11,29.19,30.74,4358071,246951728.00
2018/07/06,31.01,33.82,30.31,32.28,5017725,292555392.00
2018/07/09,32.84,34.79,32.78,33.45,4757818,287790240.00
2018/07/10,32.96,33.61,32.68,33.52,3243825,194127424.00
2018/07/11,32.49,32.93,31.61,32.82,2728337,159339632.00
2018/07/12,32.68,34.07,32.61,33.52,3447314,209102272.00
2018/07/13,32.21,32.39,30.96,31.67,3721918,212835616.00
2018/07/16,31.58,31.62,30.79,31.33,1645328,92517664.00
2018/07/17,31.33,31.86,31.06,31.86,1855775,105663992.00
2018/07/18,31.93,33.46,31.41,31.94,2536899,147699456.00
2018/07/19,31.68,31.94,30.22,30.43,1863754,104168104.00
2018/07/20,30.54,30.83,29.86,30.64,1376680,75664984.00
2018/07/23,30.64,31.01,30.22,30.43,1117098,61622972.00
2018/07/24,30.47,30.96,30.27,30.81,1174015,65141708.00
2018/07/25,30.83,31.83,30.75,31.04,1683396,94846888.00
2018/07/26,31.07,31.08,29.27,29.57,1552361,83857208.00
2018/07/27,29.46,29.75,29.19,29.21,678395,36056672.00
2018/07/30,29.23,29.43,28.13,28.46,798500,41279040.00
2018/07/31,28.40,29.04,28.24,28.54,480014,24814694.00
2018/08/01,28.79,28.91,27.96,28.03,664425,34199612.00
2018/08/02,28.03,28.04,25.79,26.71,1288340,62192904.00
2018/08/03,26.88,27.34,26.41,26.44,919815,44751264.00
2018/08/06,26.04,26.73,25.68,26.18,726000,34365100.00
2018/08/07,26.29,27.18,26.11,27.13,1008786,48756392.00
2018/08/08,27.02,27.02,25.46,25.54,974085,46183740.00
2018/08/09,25.46,26.99,25.34,26.57,1046466,50152428.00
2018/08/10,26.53,26.94,26.39,26.79,800380,38569260.00
2018/08/13,26.29,28.36,26.24,27.66,1410391,69856280.00
2018/08/14,27.32,27.61,27.02,27.26,799211,39384284.00
2018/08/15,27.29,27.42,26.19,26.38,846273,40742820.00
2018/08/16,25.90,26.73,24.90,26.19,700711,33194902.00
2018/08/17,26.35,26.68,25.46,25.52,677811,31847942.00
2018/08/20,25.18,26.21,25.18,26.12,693573,32256204.00
2018/08/21,25.93,27.06,25.63,26.53,912599,43494784.00
2018/08/22,26.19,26.51,25.87,26.03,592980,27967968.00
2018/08/23,25.84,26.73,25.84,26.53,815438,38987360.00
2018/08/24,26.34,26.84,26.04,26.34,721700,34633832.00
2018/08/27,27.12,27.57,26.76,27.22,1227700,60338320.00
2018/08/28,26.88,27.11,26.73,26.99,992299,48225820.00
2018/08/29,26.79,27.20,26.75,26.98,661999,32292116.00
2018/08/30,26.87,27.37,26.86,27.08,850226,41639756.00
2018/08/31,26.63,26.80,25.49,25.66,942800,44444192.00
2018/09/03,25.73,25.99,25.04,25.79,597200,27536452.00
2018/09/04,26.04,26.34,25.49,26.24,650800,30689144.00
2018/09/05,26.34,26.64,25.88,25.90,732100,34782364.00
2018/09/06,25.62,26.76,25.62,26.75,1203241,57708000.00
2018/09/07,26.86,26.96,26.02,26.32,1035185,49585316.00
2018/09/10,26.26,26.26,25.39,25.39,678900,31464896.00
2018/09/11,25.56,25.97,25.40,25.64,514970,23867874.00
2018/09/12,25.73,25.97,25.58,25.73,436400,20330106.00
2018/09/13,26.10,26.15,25.66,26.09,586900,27519762.00
2018/09/14,26.23,26.34,25.19,25.26,668200,30993228.00
2018/09/17,25.15,25.28,24.03,24.29,759000,33661684.00
2018/09/18,24.33,24.81,24.18,24.77,642600,28510104.00
2018/09/19,24.73,25.29,24.55,24.87,602900,27204038.00
2018/09/20,24.79,25.01,24.51,24.73,540400,24140340.00
2018/09/21,24.73,25.34,24.73,25.14,555670,25165888.00
2018/09/25,25.14,25.22,24.72,24.89,485700,21895222.00
2018/09/26,25.01,25.11,24.68,24.93,493800,22217648.00
2018/09/27,24.93,25.04,24.46,24.72,613200,27373580.00
2018/09/28,24.79,25.34,24.72,25.34,621200,28188620.00
2018/10/08,25.03,25.04,24.23,24.26,495500,22132842.00
2018/10/09,24.41,24.88,24.41,24.83,419300,18718624.00
2018/10/10,25.06,25.60,24.90,25.34,780900,35687496.00
2018/10/11,24.90,24.90,22.80,22.80,938800,40315840.00
2018/10/12,22.68,22.84,21.57,22.46,687700,27691712.00
2018/10/15,22.32,22.79,22.11,22.14,554500,22447400.00
2018/10/16,22.16,22.51,21.58,21.94,502100,20021292.00
2018/10/17,22.40,22.65,21.68,21.92,667200,26839252.00
2018/10/18,21.84,21.92,21.17,21.47,620900,24086848.00
2018/10/19,21.12,22.04,21.01,21.94,587200,23072494.00
2018/10/22,21.98,23.43,21.98,23.12,924801,38178572.00
2018/10/23,22.71,23.15,22.44,22.54,655701,27074986.00
2018/10/24,22.54,22.78,22.30,22.36,429901,17482672.00
2018/10/25,21.61,21.95,21.36,21.94,561201,21951364.00
2018/10/26,22.03,22.39,21.74,22.09,402600,16090370.00
2018/10/29,22.39,22.40,21.61,21.76,389400,15466778.00
2018/10/30,21.84,22.22,21.38,22.00,489100,19301500.00
2018/10/31,22.12,22.56,22.01,22.37,630800,25493928.00
2018/11/01,22.84,24.10,22.51,22.57,1401961,58474340.00
2018/11/02,22.92,23.33,22.92,23.33,1115561,46644152.00
2018/11/05,23.68,23.79,22.63,23.21,1294933,54316800.00
2018/11/06,22.96,22.96,21.97,22.73,989644,40171696.00
2018/11/07,22.68,22.96,22.56,22.76,699001,28788390.00
2018/11/08,23.07,23.07,22.21,22.31,540300,22034876.00
2018/11/09,22.32,22.79,22.16,22.52,498300,20315920.00
2018/11/12,22.35,23.78,22.35,23.72,1367400,57734760.00
2018/11/13,23.29,23.82,23.26,23.79,1327799,56575596.00
2018/11/14,23.72,24.21,23.58,23.92,1149200,49754772.00
2018/11/15,24.93,26.32,24.63,26.32,2642183,122429776.00
2018/11/16,26.50,27.46,25.91,26.32,2872783,138634560.00
2018/11/19,26.22,27.05,25.52,26.52,1663983,79232872.00
2018/11/20,26.01,26.49,25.60,25.62,1133300,53262808.00
2018/11/21,25.34,28.19,24.96,26.58,1948072,94134400.00
2018/11/22,27.18,28.09,26.43,26.66,1879204,92543984.00
2018/11/23,26.08,26.46,25.02,25.53,1762926,82006840.00
2018/11/26,24.94,25.15,23.78,23.93,1467026,64471320.00
2018/11/27,24.18,24.43,23.74,23.93,956126,41631296.00
2018/11/28,24.08,24.48,23.93,24.38,845926,37045408.00
2018/11/29,24.62,24.88,22.69,22.73,1197301,51529628.00
2018/11/30,22.89,23.49,22.57,23.44,1011301,42204320.00
2018/12/03,23.98,24.42,23.85,24.07,892800,39065368.00
2018/12/04,24.02,24.40,23.78,24.16,731100,31931460.00
2018/12/05,23.51,23.77,23.27,23.50,681526,28993848.00
2018/12/06,23.52,23.89,23.13,23.27,590000,25067406.00
2018/12/07,23.44,23.71,22.75,22.81,726100,30278984.00
2018/12/10,22.81,22.99,22.63,22.93,445200,18405984.00
2018/12/11,23.23,23.23,22.34,22.73,738800,30265044.00
2018/12/12,22.74,22.94,22.59,22.89,596600,24571004.00
2018/12/13,22.86,22.98,22.35,22.97,868254,35755440.00
2018/12/14,22.94,22.94,22.12,22.27,691300,28090398.00
2018/12/17,22.11,22.53,21.79,22.37,469001,18824784.00
2018/12/18,22.12,22.59,22.06,22.34,400532,16113641.00
2018/12/19,22.23,22.42,21.79,21.98,479532,19184972.00
2018/12/20,22.04,22.29,21.85,22.29,393601,15759427.00
2018/12/21,22.31,22.54,22.12,22.46,539626,21795666.00
2018/12/24,22.41,23.12,22.32,23.07,859229,35527896.00
2018/12/25,22.68,24.06,22.06,23.61,1338820,55812300.00
2018/12/26,23.34,23.73,22.96,23.46,976526,41130392.00
2018/12/27,23.58,23.78,22.90,23.11,990500,42191136.00
2018/12/28,23.12,23.15,22.40,22.43,772283,31781488.00
2019/01/02,22.39,22.61,21.95,22.03,604900,24189844.00
2019/01/03,22.08,22.21,21.32,21.34,663500,26095032.00
2019/01/04,21.07,21.87,20.91,21.84,726400,28322672.00
2019/01/07,22.09,22.31,21.82,22.07,642400,25652504.00
2019/01/08,22.10,22.43,21.87,22.01,690703,27650532.00
2019/01/09,21.69,22.54,21.69,22.12,917400,36898776.00
2019/01/10,22.14,22.14,21.74,21.79,615700,24375392.00
2019/01/11,21.84,22.44,21.62,22.44,913900,36555824.00
2019/01/14,22.39,22.43,21.63,21.65,775100,30650274.00
2019/01/15,21.52,21.71,21.08,21.65,738511,28638668.00
2019/01/16,21.64,21.94,21.44,21.57,741800,29087626.00
2019/01/17,21.57,23.43,21.35,21.77,1058600,42089408.00
2019/01/18,21.56,21.84,21.24,21.56,846500,32920636.00
2019/01/21,21.52,21.81,21.31,21.53,752100,29298560.00
2019/01/22,21.53,22.00,21.43,21.79,1044603,41066204.00
2019/01/23,21.78,21.78,21.49,21.58,690200,26935660.00
2019/01/24,21.58,22.06,21.54,21.81,1232300,48587648.00
2019/01/25,21.73,21.76,21.10,21.12,1229100,47598216.00
2019/01/28,21.46,21.46,20.83,20.89,633400,24159094.00
2019/01/29,20.94,21.18,19.91,20.19,602200,22303896.00
2019/01/30,19.96,20.41,19.96,20.00,327400,11956979.00
2019/01/31,20.18,20.27,18.85,19.01,692700,24385890.00
2019/02/01,19.10,19.64,19.09,19.62,511100,18019496.00
2019/02/11,19.62,20.36,19.61,20.32,437029,15921343.00
2019/02/12,20.34,20.99,20.19,20.62,666600,24770030.00
2019/02/13,20.71,21.16,20.51,21.11,874900,33135510.00
2019/02/14,21.21,21.48,20.96,21.41,888883,34111436.00
2019/02/15,21.37,21.63,21.14,21.22,619017,23957696.00
2019/02/18,21.50,21.98,21.29,21.93,775811,30541012.00
2019/02/19,22.12,22.33,21.71,21.93,1056832,42154224.00
2019/02/20,21.88,22.01,21.29,21.77,893432,35026000.00
2019/02/21,21.90,22.11,21.44,21.47,1168900,46236840.00
2019/02/22,21.69,22.54,21.56,22.54,1797500,72257600.00
2019/02/25,22.86,23.78,22.61,23.57,1998700,83837080.00
2019/02/26,23.34,24.28,22.84,23.30,1951496,82620816.00
2019/02/27,23.28,24.12,23.12,23.34,1588555,67590096.00
2019/02/28,23.28,23.49,23.01,23.34,967552,40650560.00
2019/03/01,23.39,23.39,22.62,23.13,933832,38815624.00
2019/03/04,23.36,24.06,23.23,23.49,1527904,65307412.00
2019/03/05,23.45,25.01,23.25,24.90,2204708,97372264.00
2019/03/06,25.23,25.47,24.34,25.34,2368755,106915208.00
2019/03/07,25.77,27.48,25.48,26.76,3072555,147496016.00
2019/03/08,25.95,28.00,25.47,26.21,2925358,143089856.00
2019/03/11,26.84,27.43,26.08,27.04,2005247,97108616.00
2019/03/12,27.04,28.13,26.46,27.12,2126339,104404328.00
2019/03/13,27.18,27.28,25.53,25.95,1884400,89756896.00
2019/03/14,25.46,25.93,24.12,24.54,1526511,68348528.00
2019/03/15,24.64,25.02,24.23,24.78,991833,44212252.00
2019/03/18,24.79,25.08,24.26,24.97,1529546,68068656.00
2019/03/19,24.94,25.48,24.64,25.26,1269844,57582152.00
2019/03/20,25.12,25.94,24.92,25.91,1600659,73796800.00
2019/03/21,25.84,26.09,25.38,25.82,1444124,67194152.00
2019/03/22,25.77,26.08,25.24,26.07,1046881,48507340.00
2019/03/25,25.64,27.34,25.48,27.12,1743926,83801784.00
2019/03/26,27.51,27.51,26.19,26.42,1474400,71189112.00
2019/03/27,26.63,27.68,25.69,27.66,1833800,88831416.00
2019/03/28,27.66,30.07,27.12,28.23,4078241,212918256.00
2019/03/29,28.23,29.82,27.78,29.43,2954136,154344384.00
2019/04/01,29.07,30.72,29.04,30.33,2363251,128183472.00
2019/04/02,30.32,30.51,29.72,29.79,1964102,106502296.00
2019/04/03,29.62,30.43,29.35,29.76,1307831,70578168.00
2019/04/04,29.90,31.57,29.83,30.07,2520765,139245440.00
2019/04/08,30.29,30.44,29.14,29.50,1446844,77423376.00
2019/04/09,29.06,29.98,29.06,29.90,1098534,58934680.00
2019/04/10,29.82,30.46,29.51,29.61,1076831,58194440.00
2019/04/11,29.67,29.73,28.73,28.78,1130400,59346788.00
2019/04/12,28.80,29.43,28.68,29.29,900300,47205412.00
2019/04/15,29.56,30.23,28.73,28.79,1055499,56375128.00
2019/04/16,28.54,30.06,28.51,30.03,1326600,70759040.00
2019/04/17,29.90,30.31,29.73,29.93,1032000,55983652.00
2019/04/18,29.90,31.56,29.79,31.13,2234061,123713304.00
2019/04/19,30.99,31.28,29.99,30.50,1573533,86629616.00
2019/04/22,30.46,30.46,29.28,29.39,999374,53793440.00
2019/04/23,29.54,30.04,28.53,28.68,976100,51819112.00
2019/04/24,28.96,30.23,28.70,30.23,1164680,61898592.00
2019/04/25,30.08,30.12,27.79,27.93,1466599,77108272.00
2019/04/26,28.23,29.26,27.84,28.78,1456380,75817600.00
2019/04/29,29.32,29.67,27.68,28.12,1559914,81715800.00
2019/04/30,27.68,28.99,27.67,28.73,1044659,53958424.00
2019/05/06,27.56,27.57,25.84,25.84,1133100,53918236.00
2019/05/07,25.59,26.12,24.90,25.43,1194077,54942596.00
2019/05/08,25.01,26.29,24.50,26.00,2343825,60225032.00
2019/05/09,25.30,27.80,25.00,26.89,2842433,75387792.00
2019/05/10,27.26,28.75,26.80,28.30,3940885,108930288.00
2019/05/13,27.07,28.22,26.31,26.46,2945226,80195776.00
2019/05/14,25.99,27.38,25.99,26.13,1920720,51102772.00
2019/05/15,26.50,27.16,26.07,26.67,1747960,46548588.00
2019/05/16,26.72,27.13,25.61,26.20,2068300,54181472.00
2019/05/17,26.15,26.70,24.70,24.92,1900395,49111080.00
2019/05/20,24.81,25.78,24.81,25.45,1366500,34557004.00
2019/05/21,25.00,25.97,25.00,25.46,1388097,35370440.00
2019/05/22,25.50,25.88,24.78,25.20,1470951,37342064.00
2019/05/23,25.33,25.33,23.00,23.66,2488340,59562828.00
2019/05/24,23.06,23.98,23.06,23.42,1197744,28375750.00
2019/05/27,23.85,24.97,23.77,24.85,1928860,47397668.00
2019/05/28,24.56,25.15,24.50,24.64,1728020,42869976.00
2019/05/29,24.60,25.37,24.33,24.80,1796640,45020544.00
2019/05/30,25.20,25.50,24.47,25.36,2037646,51087048.00
2019/05/31,25.30,25.70,24.90,25.43,1892660,47958276.00
2019/06/03,25.40,25.40,24.00,24.85,1617287,40234036.00
2019/06/04,24.58,25.58,24.58,24.80,1157256,28953512.00
2019/06/05,25.16,26.28,24.71,26.19,2814694,72501976.00
2019/06/06,26.00,26.10,24.20,24.38,2574717,64452088.00
2019/06/10,24.50,25.38,24.50,25.14,1552160,38934196.00
2019/06/11,25.19,26.00,24.14,25.83,1959672,49969088.00
2019/06/12,25.83,26.70,25.51,26.15,2296992,60481816.00
2019/06/13,26.50,26.50,25.61,25.78,1799760,46799764.00
2019/06/14,26.79,28.36,26.51,27.21,6036690,167285696.00
2019/06/17,25.00,25.95,24.72,25.46,4102166,103695520.00
2019/06/18,25.45,25.47,24.70,24.92,1845147,46144644.00
2019/06/19,25.48,26.12,25.23,25.93,2748277,70657464.00
2019/06/20,26.00,26.45,25.30,26.18,2307991,59768704.00
2019/06/21,26.37,27.15,25.98,26.64,2658115,70805696.00
2019/06/24,27.02,27.88,26.61,26.75,2993900,81344800.00
2019/06/25,26.73,26.73,25.72,26.54,1987160,52083588.00
2019/06/26,26.13,26.54,25.95,26.10,1462466,38356104.00
2019/06/27,26.49,26.69,26.10,26.55,1583397,41822388.00
2019/06/28,26.50,26.50,25.46,25.71,1496396,38567124.00
2019/07/01,26.28,27.13,26.01,27.03,2403788,64007012.00
2019/07/02,29.73,29.73,29.73,29.73,1195925,35554852.00
2019/07/03,32.70,32.70,30.50,31.06,12141670,384254944.00
2019/07/04,31.00,31.48,29.81,30.06,5716470,173633920.00
2019/07/05,29.66,30.28,29.66,29.71,3216740,96262392.00
2019/07/08,29.61,29.62,27.95,28.48,3111697,89079536.00
2019/07/09,28.54,28.89,28.13,28.84,1861409,53250720.00
2019/07/10,28.79,28.89,28.05,28.09,1620355,45936096.00
2019/07/11,28.30,28.68,27.84,28.33,1641009,46455876.00
2019/07/12,28.35,28.68,28.00,28.54,1700460,48443216.00
2019/07/15,28.60,29.95,28.36,29.90,3354368,98665472.00
2019/07/16,29.90,29.95,29.32,29.63,2277400,67352776.00
2019/07/17,29.51,30.45,29.40,29.75,2721880,81659880.00
2019/07/18,29.60,29.60,28.62,28.69,1725740,49841684.00
2019/07/19,28.72,29.24,28.63,29.03,1330620,38528588.00
2019/07/22,29.80,29.80,28.48,28.70,1261722,36377832.00
2019/07/23,28.39,29.70,28.39,29.63,1600700,46613704.00
2019/07/24,29.62,30.30,29.26,29.98,2458200,73712304.00
2019/07/25,29.82,30.55,29.82,30.48,2470500,74742640.00
2019/07/26,30.35,30.48,29.82,30.20,1842780,55545040.00
2019/07/29,30.20,30.67,29.57,30.60,2084960,62951148.00
2019/07/30,30.65,30.68,29.93,30.07,1669300,50621004.00
2019/07/31,30.80,31.85,30.18,30.30,3302340,102586304.00
2019/08/01,30.00,31.80,29.76,31.51,3844347,120161448.00
2019/08/02,30.80,32.89,30.66,32.17,4644998,149130384.00
2019/08/05,31.98,32.55,31.35,31.78,3013145,96197152.00
2019/08/06,30.95,31.48,30.31,31.30,3005940,92922120.00
2019/08/07,31.51,31.52,30.22,30.30,2574490,79375688.00
2019/08/08,30.50,30.77,30.21,30.47,1534070,46738168.00
2019/08/09,30.75,30.75,29.06,29.25,2331140,69568056.00
2019/08/12,29.28,30.60,29.10,30.53,2234036,66659628.00
2019/08/13,30.43,31.29,30.03,31.06,2241630,68797200.00
2019/08/14,31.50,31.70,31.05,31.19,2027250,63582004.00
2019/08/15,30.20,31.64,30.00,31.55,2078149,63694040.00
2019/08/16,31.24,32.86,31.24,32.16,3311678,107092480.00
2019/08/19,32.50,34.66,32.49,34.05,4254439,143428656.00
2019/08/20,34.30,35.16,33.68,34.56,3929519,135643376.00
2019/08/21,34.82,34.85,33.87,34.73,2883690,99171616.00
2019/08/22,35.11,35.95,33.50,33.78,5198108,179522640.00
2019/08/23,33.94,34.10,32.95,33.40,2987813,100000784.00
2019/08/26,32.53,33.30,32.11,32.97,2447813,79978320.00
2019/08/27,33.21,33.70,32.60,32.85,3297330,109327520.00
2019/08/28,32.70,33.54,32.35,33.00,2418687,80147232.00
2019/08/29,33.40,33.53,32.90,33.20,2922732,97139888.00
2019/08/30,33.26,33.58,31.80,32.50,3260780,106228176.00
2019/09/02,32.50,33.30,31.88,33.13,3571980,116830720.00
2019/09/03,33.10,33.33,32.75,33.00,2364000,78038376.00
2019/09/04,32.20,32.35,29.70,30.20,11491085,349744224.00
2019/09/05,29.75,31.19,29.21,30.35,7715662,232179776.00
2019/09/06,30.12,30.34,29.36,29.73,4987620,148647264.00
2019/09/09,30.08,32.43,29.80,32.20,7376885,229608480.00
2019/09/10,32.00,32.30,31.32,31.65,4329400,137297824.00
2019/09/11,31.71,34.82,31.71,34.82,8523506,291334368.00
2019/09/12,35.82,38.30,35.82,38.30,19363943,728513600.00
2019/09/16,37.80,39.00,36.62,37.08,16994615,636472448.00
2019/09/17,37.20,38.35,36.65,37.80,12946196,485131616.00
2019/09/18,37.39,37.67,35.58,36.17,8150445,296667776.00
2019/09/19,36.29,36.98,35.50,36.63,5296905,192034288.00
2019/09/20,36.63,39.25,36.00,37.61,9580048,360501344.00
2019/09/23,37.08,38.80,37.01,38.20,8439703,320277536.00
2019/09/24,37.80,38.44,37.07,37.62,5916255,222976400.00
2019/09/25,37.90,39.25,37.71,38.00,8346335,321085408.00
2019/09/26,36.90,36.90,34.20,34.20,7174455,248909952.00
2019/09/27,33.60,35.17,33.27,34.53,4468527,154212736.00
2019/09/30,35.05,35.85,34.50,34.52,3395989,119120296.00
2019/10/08,35.09,35.68,34.30,34.55,3315175,115942072.00
2019/10/09,33.96,37.00,33.03,36.31,5310325,188424368.00
2019/10/10,36.79,37.38,36.28,37.05,4464792,164008064.00
2019/10/11,36.92,37.18,35.75,35.83,4498966,163035328.00
2019/10/14,35.51,37.33,35.51,36.90,5349618,195863984.00
2019/10/15,36.00,36.00,34.89,35.15,4942730,174946448.00
2019/10/16,35.07,38.48,35.06,37.23,8401614,312265760.00
2019/10/17,37.00,38.45,36.73,37.90,7507754,283575936.00
2019/10/18,37.70,38.77,36.86,37.07,5639583,212014080.00
2019/10/21,37.09,37.54,35.11,36.74,3639674,132620896.00
2019/10/22,36.59,37.53,35.90,37.00,4183064,152947232.00
2019/10/23,36.50,36.80,35.20,35.39,4305970,154531888.00
2019/10/24,35.20,35.92,35.02,35.55,2719384,96561584.00
2019/10/25,35.22,35.60,34.55,35.30,2655350,93016104.00
2019/10/28,36.31,37.47,36.24,37.05,5045572,186179200.00
2019/10/29,37.00,37.30,35.00,35.00,4578740,164837616.00
2019/10/30,34.77,35.38,33.67,33.80,3884040,132986608.00
2019/10/31,33.80,34.35,33.38,33.87,2111720,71699560.00
2019/11/01,33.58,34.13,33.10,33.84,1744400,58638464.00
数据来源:通达信
