300595 欧普康视 日线 前复权
      日期	    开盘	    最高	    最低	    收盘	    成交量	    成交额
2017/01/17,4.70,5.68,4.70,5.68,8000,272318.00
2017/01/18,6.27,6.27,6.27,6.27,2800,105616.00
2017/01/19,6.91,6.91,6.91,6.91,3200,132768.00
2017/01/20,7.62,7.62,7.62,7.62,4016,183290.23
2017/01/23,8.41,8.41,8.41,8.41,15500,778100.00
2017/01/24,9.27,9.27,9.27,9.27,15300,844866.00
2017/01/25,10.21,10.21,10.21,10.21,18300,1111542.00
2017/01/26,11.25,11.25,11.25,11.25,56800,3794808.00
2017/02/03,12.40,12.40,12.40,12.40,55780,4099272.25
2017/02/06,13.66,13.66,13.66,13.66,88900,7186676.00
2017/02/07,15.04,15.04,15.04,15.04,80100,7122492.00
2017/02/08,16.57,16.57,15.62,16.57,9665191,922671168.00
2017/02/09,17.80,18.25,17.60,18.25,3792308,400710496.00
2017/02/10,18.83,18.83,17.16,17.80,7167652,755852800.00
2017/02/13,18.17,19.52,18.02,18.32,4988049,545935616.00
2017/02/14,17.94,18.63,17.82,18.15,3550667,379882720.00
2017/02/15,17.99,18.83,17.56,17.76,4254159,455866144.00
2017/02/16,17.54,17.66,16.72,16.96,3256261,330522080.00
2017/02/17,16.79,17.17,16.26,16.54,2748104,269703936.00
2017/02/20,16.47,16.60,15.37,16.10,2715385,255353616.00
2017/02/21,15.96,17.69,15.95,17.15,2836191,282024128.00
2017/02/22,17.15,18.62,16.86,18.18,3289541,344888544.00
2017/02/23,18.15,18.56,17.83,18.22,2855323,305233376.00
2017/02/24,18.23,18.62,18.03,18.03,2081614,224925680.00
2017/02/27,17.83,18.37,17.57,18.01,2154053,227917184.00
2017/02/28,18.11,19.31,17.80,19.02,3472241,381184480.00
2017/03/01,18.83,19.40,18.62,18.74,3007414,336345216.00
2017/03/02,18.66,20.54,18.55,19.63,3596395,414943520.00
2017/03/03,19.52,20.61,19.23,20.58,2794764,328273408.00
2017/03/06,20.63,21.45,20.29,20.74,3486600,426633824.00
2017/03/07,20.43,21.04,19.96,20.92,2744335,331141344.00
2017/03/08,20.80,20.99,19.64,19.79,3018140,358456640.00
2017/03/09,19.58,20.13,19.53,19.91,2126654,249093008.00
2017/03/10,20.31,20.59,19.70,19.86,3266434,388451936.00
2017/03/13,19.55,20.80,19.55,20.70,2701405,322172768.00
2017/03/14,20.61,20.69,20.13,20.30,2027563,243793248.00
2017/03/15,20.35,20.59,19.96,20.15,1531331,182847952.00
2017/03/16,20.01,20.77,20.00,20.55,2462336,296681600.00
2017/03/17,20.55,20.78,19.72,19.99,2613886,311368864.00
2017/03/20,19.99,20.63,19.73,20.63,1666969,198369296.00
2017/03/21,20.63,20.85,20.42,20.72,1525154,184883168.00
2017/03/22,20.55,21.74,20.44,21.36,3258254,404617696.00
2017/03/23,21.23,21.37,20.09,20.37,2719510,331389664.00
2017/03/24,20.20,20.51,20.12,20.34,1629393,194749136.00
2017/03/27,20.29,20.49,19.96,20.29,1478847,176065136.00
2017/03/28,20.18,20.67,20.02,20.24,1596644,190586208.00
2017/03/29,20.16,20.32,18.20,18.20,2694091,300980832.00
2017/03/30,17.77,18.04,16.94,17.47,2016399,207191472.00
2017/03/31,17.56,17.63,16.81,17.19,1149104,116472472.00
2017/04/05,17.12,18.12,16.88,17.90,1176830,121921320.00
2017/04/06,17.91,18.18,17.72,17.73,943864,99895840.00
2017/04/07,17.68,17.94,17.08,17.24,954967,98551848.00
2017/04/10,16.95,17.20,16.29,16.64,1337622,131708296.00
2017/04/11,16.47,17.34,16.47,17.18,971301,97030928.00
2017/04/12,17.08,17.08,16.64,16.86,648214,64573252.00
2017/04/13,16.66,17.61,16.64,17.23,706414,72025240.00
2017/04/14,17.12,17.54,17.06,17.27,485299,49739936.00
2017/04/17,16.52,17.06,16.40,16.58,718243,70679040.00
2017/04/18,16.68,16.86,16.08,16.09,685443,66788212.00
2017/04/19,15.92,16.60,15.76,16.46,636874,61038240.00
2017/04/20,16.43,16.55,15.88,16.09,565089,54143500.00
2017/04/21,16.04,16.22,15.71,15.71,464701,43848020.00
2017/04/24,15.63,16.00,15.23,15.77,629416,58029340.00
2017/04/25,16.21,16.66,16.21,16.43,655219,63468660.00
2017/04/26,16.41,17.28,16.34,16.91,819936,81372688.00
2017/04/27,16.84,17.89,16.83,17.78,1052816,108512192.00
2017/04/28,17.79,18.12,17.42,17.60,914000,95354776.00
2017/05/02,17.55,17.92,17.29,17.62,509554,53026288.00
2017/05/03,17.56,17.83,17.13,17.62,617920,63774964.00
2017/05/04,17.46,17.60,17.18,17.34,592044,60640472.00
2017/05/05,17.21,18.09,17.17,17.60,855611,89166056.00
2017/05/08,17.46,17.94,17.22,17.63,715649,74710392.00
2017/05/09,17.48,17.74,17.20,17.68,583349,60178924.00
2017/05/10,17.71,18.03,17.32,17.36,852478,89248712.00
2017/05/11,17.17,17.71,17.00,17.68,668486,68498704.00
2017/05/12,17.68,17.97,17.54,17.69,502830,52623420.00
2017/05/15,17.77,18.11,17.77,18.08,690908,73324928.00
2017/05/16,17.92,18.77,17.65,18.74,1188492,128079608.00
2017/05/17,18.83,19.47,18.57,19.15,1204169,135936336.00
2017/05/18,19.02,19.43,18.76,18.93,635173,71307944.00
2017/05/19,18.86,19.14,18.18,18.25,618500,67681512.00
2017/05/22,18.24,18.48,17.13,17.18,868345,91097096.00
2017/05/23,16.99,17.63,15.85,16.09,1551602,84342208.00
2017/05/24,15.91,16.66,15.79,16.43,821154,43750772.00
2017/05/25,16.29,16.56,15.65,16.39,1092948,57585540.00
2017/05/26,16.40,17.22,16.40,17.03,1045302,57418980.00
2017/05/31,17.57,17.99,16.52,16.79,1250929,71465784.00
2017/06/01,16.49,16.97,16.28,16.39,883800,47990284.00
2017/06/02,16.22,17.29,16.22,17.24,1136952,62358116.00
2017/06/05,17.45,18.36,17.33,18.06,1535386,89519008.00
2017/06/06,17.79,18.21,17.69,17.86,1012624,59179644.00
2017/06/07,17.86,18.62,17.76,18.51,1604326,95602752.00
2017/06/08,18.38,18.68,18.07,18.22,1252055,74893824.00
2017/06/09,18.20,18.68,17.76,18.65,1374543,81814656.00
2017/06/12,18.38,18.99,18.12,18.34,1036540,62744204.00
2017/06/13,18.23,18.99,18.13,18.73,1041100,63529528.00
2017/06/14,18.65,19.20,18.48,18.84,950703,58530292.00
2017/06/15,18.75,19.39,18.73,18.88,1176889,73230472.00
2017/06/16,18.84,18.92,18.22,18.38,1208915,73141296.00
2017/06/19,18.38,18.56,18.01,18.34,707516,42179448.00
2017/06/20,18.49,18.56,17.92,18.02,835821,49771440.00
2017/06/21,18.07,18.28,17.96,18.15,722939,42736056.00
2017/06/22,18.07,18.38,17.76,17.76,821343,48483980.00
2017/06/23,17.76,17.97,17.10,17.76,1139404,65305140.00
2017/06/26,17.76,18.14,17.57,18.13,900185,52389428.00
2017/06/27,18.17,18.54,18.07,18.54,887235,53212532.00
2017/06/28,18.38,18.67,18.05,18.42,783497,46788132.00
2017/06/29,18.37,18.55,18.27,18.42,468599,28176608.00
2017/06/30,18.43,19.33,18.34,19.18,1761917,109277368.00
2017/07/03,19.15,19.35,18.87,19.27,1102320,68825416.00
2017/07/04,19.27,19.65,19.10,19.27,868921,54947328.00
2017/07/05,19.21,19.37,18.90,19.34,849811,53002648.00
2017/07/06,19.36,19.36,18.62,18.76,1118450,69143000.00
2017/07/07,18.72,19.40,18.59,19.07,1257136,78157640.00
2017/07/10,18.84,18.86,18.31,18.41,1208123,73316040.00
2017/07/11,18.41,18.67,17.99,18.10,748439,44871588.00
2017/07/12,18.02,18.44,17.66,18.42,851640,50160300.00
2017/07/13,18.36,18.36,18.01,18.10,537274,31817966.00
2017/07/14,16.83,16.99,16.27,16.27,2758625,147770672.00
2017/07/17,14.98,15.26,14.63,14.63,3103361,150351104.00
2017/07/18,14.42,14.82,14.22,14.63,2030869,96787504.00
2017/07/19,14.55,14.56,13.94,14.05,1826078,84349304.00
2017/07/20,13.96,14.30,13.76,13.83,1194733,55241056.00
2017/07/21,13.93,14.13,13.44,13.53,1301792,58671160.00
2017/07/24,13.44,13.80,12.91,13.65,1555755,67675416.00
2017/07/25,13.56,13.78,13.45,13.69,645605,28882640.00
2017/07/26,13.69,14.01,13.68,13.85,700769,31795628.00
2017/07/27,13.85,14.46,13.60,14.35,1379103,63876320.00
2017/07/28,14.35,14.49,14.07,14.13,751538,35003220.00
2017/07/31,13.99,14.17,13.59,13.70,1514514,68552888.00
2017/08/01,13.51,13.84,13.07,13.28,2356426,103110032.00
2017/08/02,13.28,13.40,13.01,13.03,1131560,48924272.00
2017/08/03,13.10,13.58,13.09,13.22,1706747,74487656.00
2017/08/04,13.22,13.28,13.02,13.14,722373,31060778.00
2017/08/07,13.22,13.43,13.17,13.24,586040,25532834.00
2017/08/08,13.19,13.52,13.16,13.46,809099,35414908.00
2017/08/09,13.44,13.65,13.34,13.36,649780,28623114.00
2017/08/10,13.39,13.49,13.10,13.12,947591,41132136.00
2017/08/11,13.04,13.12,12.94,12.98,731420,31182520.00
2017/08/14,13.02,13.34,13.02,13.27,569139,24631704.00
2017/08/15,13.27,13.52,13.23,13.51,805906,35477368.00
2017/08/16,13.52,14.11,13.52,13.99,1619692,73552304.00
2017/08/17,14.05,14.61,14.02,14.49,2353888,111084832.00
2017/08/18,14.41,14.63,14.03,14.36,1448480,67955200.00
2017/08/21,14.33,14.55,14.16,14.32,805732,37771604.00
2017/08/22,14.32,14.96,14.26,14.81,1680599,81192576.00
2017/08/23,14.76,14.82,14.62,14.78,620289,29903720.00
2017/08/24,14.71,14.81,14.35,14.64,722122,34346836.00
2017/08/25,14.52,14.73,14.50,14.64,450160,21560794.00
2017/08/28,14.83,15.68,14.83,15.44,1724864,86398056.00
2017/08/29,15.35,15.80,15.14,15.19,1335738,67709064.00
2017/08/30,15.27,15.50,15.04,15.41,790780,39403572.00
2017/08/31,15.41,15.78,15.26,15.51,738140,37517512.00
2017/09/01,15.51,15.74,15.29,15.58,657562,33242448.00
2017/09/04,15.44,15.97,15.31,15.93,800339,41150024.00
2017/09/05,16.14,16.18,15.78,15.80,650420,33964088.00
2017/09/06,15.62,15.75,15.45,15.60,918960,46812712.00
2017/09/07,15.64,15.75,15.41,15.41,798940,40723856.00
2017/09/08,15.47,15.71,15.35,15.46,643765,32611574.00
2017/09/11,15.37,16.09,15.35,16.03,986240,51171632.00
2017/09/12,16.03,16.15,15.84,15.86,780982,40844992.00
2017/09/13,15.79,16.30,15.76,16.22,893381,46790696.00
2017/09/14,16.22,16.62,16.12,16.18,929780,49799072.00
2017/09/15,16.03,16.32,15.75,15.81,575540,29944498.00
2017/09/18,15.75,16.25,15.75,16.09,533499,28015022.00
2017/09/19,15.92,16.24,15.92,16.05,377720,19882108.00
2017/09/20,16.05,16.58,16.05,16.53,592262,31636586.00
2017/09/21,16.56,16.76,16.19,16.33,495782,26621292.00
2017/09/22,16.16,16.49,15.92,16.42,711615,37649924.00
2017/09/25,16.31,16.79,16.28,16.37,416360,22521974.00
2017/09/26,16.28,16.52,15.75,15.98,860700,45074308.00
2017/09/27,15.96,16.14,15.91,15.96,243493,12717716.00
2017/09/28,15.96,16.28,15.94,16.16,458653,24190066.00
2017/09/29,16.19,16.48,16.06,16.12,249541,13163542.00
2017/10/09,16.43,16.47,16.14,16.37,356740,19041426.00
2017/10/10,16.43,17.43,16.33,17.35,1709390,95218592.00
2017/10/11,17.71,18.02,17.45,17.73,2459649,143025008.00
2017/10/12,17.55,18.02,17.12,17.57,878860,49937244.00
2017/10/13,17.57,18.28,17.47,18.22,1383792,81535624.00
2017/10/16,18.24,18.24,17.30,17.30,1211693,70274824.00
2017/10/17,17.30,17.54,17.09,17.48,734096,41603264.00
2017/10/18,17.45,17.88,17.36,17.48,704440,40602092.00
2017/10/19,17.39,18.21,17.33,18.06,1093840,64131508.00
2017/10/20,18.02,18.07,17.80,18.05,402439,23557442.00
2017/10/23,18.05,18.21,17.82,18.16,517980,30499100.00
2017/10/24,18.13,18.24,17.79,18.11,590964,34791748.00
2017/10/25,17.94,18.52,17.94,18.38,796757,47668640.00
2017/10/26,18.35,18.64,17.97,18.13,556380,33094508.00
2017/10/27,18.18,18.33,17.85,18.14,421419,24944694.00
2017/10/30,18.25,18.31,17.45,18.18,781020,46015572.00
2017/10/31,18.18,18.22,17.85,18.19,605937,35733996.00
2017/11/01,18.20,18.63,17.95,18.00,668513,39851940.00
2017/11/02,18.00,18.06,17.60,17.60,613260,35677432.00
2017/11/03,17.65,17.84,17.39,17.61,449480,25874852.00
2017/11/06,17.93,17.93,16.91,17.70,1578000,89409592.00
2017/11/07,17.52,17.88,17.46,17.86,728927,42227492.00
2017/11/08,17.79,18.61,17.79,18.01,870007,51931360.00
2017/11/09,18.02,18.19,17.97,18.11,492336,29096170.00
2017/11/10,18.07,18.07,17.64,17.67,625514,36337536.00
2017/11/13,17.69,18.59,17.60,18.59,1051343,62116868.00
2017/11/14,18.41,18.95,18.41,18.84,1244954,76212360.00
2017/11/15,18.90,18.90,18.07,18.37,926506,55362976.00
2017/11/16,18.13,18.22,17.28,17.47,1205597,69429968.00
2017/11/17,17.47,17.59,16.39,16.62,887680,49152816.00
2017/11/20,16.68,17.40,16.02,17.36,751333,41782992.00
2017/11/21,17.32,17.50,16.83,16.99,540980,30409686.00
2017/11/22,17.11,17.30,16.46,16.60,640680,34982600.00
2017/11/23,16.52,16.80,16.31,16.31,565614,30525270.00
2017/11/24,16.37,16.68,16.32,16.54,356316,19274458.00
2017/11/27,16.54,16.63,16.12,16.43,528758,28295314.00
2017/11/28,16.31,16.89,16.24,16.56,404740,21915094.00
2017/11/29,16.56,16.66,16.24,16.49,243516,13099116.00
2017/11/30,16.59,16.59,16.12,16.15,396700,21193188.00
2017/12/01,16.31,16.57,16.12,16.42,533900,28649590.00
2017/12/04,16.28,16.47,15.44,15.47,1281482,66184020.00
2017/12/05,15.58,15.59,14.83,14.96,1225253,60525516.00
2017/12/06,14.96,15.57,14.68,15.34,990500,48841484.00
2017/12/07,15.28,15.81,15.14,15.51,458720,23299070.00
2017/12/08,15.60,15.78,15.39,15.66,335620,17191444.00
2017/12/11,15.63,15.80,15.55,15.64,414328,21209642.00
2017/12/12,15.64,15.93,15.60,15.73,374958,19353490.00
2017/12/13,15.60,15.87,15.40,15.87,281100,14456984.00
2017/12/14,15.87,15.98,15.66,15.83,172880,8916010.00
2017/12/15,15.83,15.90,15.50,15.65,154990,7966189.00
2017/12/18,15.67,15.84,15.16,15.38,242700,12271250.00
2017/12/19,15.38,15.71,15.29,15.43,406025,20519084.00
2017/12/20,15.63,15.78,15.45,15.76,487440,24896616.00
2017/12/21,15.76,16.05,15.63,16.00,415892,21621454.00
2017/12/22,16.03,16.35,15.60,15.71,418301,21913304.00
2017/12/25,15.47,15.85,15.23,15.37,356981,17978022.00
2017/12/26,15.17,15.76,15.17,15.63,254501,12947786.00
2017/12/27,15.63,15.78,15.30,15.38,150320,7631299.00
2017/12/28,15.39,15.70,15.38,15.44,196420,9950139.00
2017/12/29,15.57,15.57,15.39,15.49,141660,7148657.00
2018/01/02,15.52,15.74,15.49,15.69,350000,17888516.00
2018/01/03,15.72,15.87,15.61,15.66,360696,18476000.00
2018/01/04,15.69,15.75,15.32,15.34,433856,21998546.00
2018/01/05,15.29,15.29,14.67,14.74,1007679,49133524.00
2018/01/08,14.69,14.83,14.33,14.54,682660,32517698.00
2018/01/09,14.54,14.73,14.42,14.50,432459,20566652.00
2018/01/10,14.57,14.61,14.32,14.44,528027,24862682.00
2018/01/11,14.39,15.26,14.13,15.15,866327,41954696.00
2018/01/12,15.07,15.10,14.75,14.79,406180,19763376.00
2018/01/15,14.76,15.24,14.70,14.72,540652,26471460.00
2018/01/16,14.83,15.19,14.62,14.94,712591,34889696.00
2018/01/17,14.94,16.11,14.94,15.93,1148961,59303516.00
2018/01/18,15.87,16.68,15.77,16.23,1161966,61845164.00
2018/01/19,16.53,16.99,14.60,16.23,819339,44408644.00
2018/01/22,16.33,16.99,16.22,16.71,656922,35892732.00
2018/01/23,16.11,16.36,15.60,15.64,1713303,88465888.00
2018/01/24,15.59,16.33,15.57,16.07,890208,46720512.00
2018/01/25,16.12,16.12,15.64,15.73,578456,30047294.00
2018/01/26,15.72,15.72,14.99,15.38,1080713,54239312.00
2018/01/29,15.35,15.44,15.05,15.10,704538,35062836.00
2018/01/30,15.10,15.29,14.98,15.04,255260,12643434.00
2018/01/31,14.99,15.38,14.86,14.99,494415,24427170.00
2018/02/01,15.04,15.09,14.76,14.81,638964,31175356.00
2018/02/02,14.78,15.06,14.67,14.81,632321,30758192.00
2018/02/05,14.70,14.82,14.59,14.67,310151,14923931.00
2018/02/06,14.51,14.61,13.81,14.08,646385,30231712.00
2018/02/07,14.33,14.47,13.80,13.90,492172,22573350.00
2018/02/08,13.90,14.48,13.86,14.20,390997,18289700.00
2018/02/09,13.99,14.98,13.93,14.78,777261,36991392.00
2018/02/12,14.78,15.20,14.78,14.97,546863,26775494.00
2018/02/13,14.97,15.12,14.83,14.85,269479,13149496.00
2018/02/14,14.83,15.04,14.76,14.84,129220,6294978.50
2018/02/22,15.14,15.14,14.72,14.95,308000,15006099.00
2018/02/23,15.12,15.22,14.93,14.98,385720,18978862.00
2018/02/26,15.01,15.77,15.01,15.65,997203,50570832.00
2018/02/27,15.60,15.77,15.44,15.57,443680,22633276.00
2018/02/28,15.51,16.06,15.42,15.91,1111061,57459784.00
2018/03/01,15.89,16.32,15.89,16.14,616320,32616088.00
2018/03/02,16.06,16.83,16.03,16.32,1066684,57422904.00
2018/03/05,16.30,16.67,16.09,16.28,625750,33262938.00
2018/03/06,16.28,16.61,16.22,16.37,536630,28728720.00
2018/03/07,16.25,16.47,15.85,15.97,942455,49363580.00
2018/03/08,16.00,16.68,15.97,16.65,1150386,61454348.00
2018/03/09,16.65,17.46,16.55,17.39,1056879,59456196.00
2018/03/12,17.36,18.01,17.21,17.69,1104133,63933132.00
2018/03/13,17.68,17.86,17.26,17.28,610443,35017056.00
2018/03/14,17.28,17.82,17.11,17.37,774595,44138444.00
2018/03/15,17.39,17.74,16.88,17.30,666644,37782372.00
2018/03/16,17.28,17.84,17.19,17.43,563855,32256874.00
2018/03/19,17.54,17.91,17.33,17.89,780744,45085680.00
2018/03/20,17.89,18.21,17.65,18.06,701004,41167316.00
2018/03/21,18.07,18.31,17.67,17.70,761213,44389188.00
2018/03/22,17.73,17.84,17.50,17.52,425900,24604030.00
2018/03/23,17.11,17.81,16.55,17.23,1020979,57189064.00
2018/03/26,17.08,17.79,16.59,17.76,884364,50254564.00
2018/03/27,17.80,18.70,17.76,18.67,1577364,94458856.00
2018/03/28,18.48,18.62,17.81,17.91,1043799,62165664.00
2018/03/29,17.92,18.41,17.91,17.98,680759,40379672.00
2018/03/30,18.19,18.77,18.04,18.74,1177060,71397848.00
2018/04/02,18.99,18.99,18.38,18.77,1773295,107681448.00
2018/04/03,18.25,19.06,18.25,18.84,975201,59638728.00
2018/04/04,19.02,19.32,18.31,18.43,787955,48443440.00
2018/04/09,18.31,18.50,18.07,18.24,611280,36494868.00
2018/04/10,18.78,20.08,18.55,20.08,2325015,147827936.00
2018/04/11,19.83,20.37,19.64,19.82,1136838,74127424.00
2018/04/12,19.76,20.97,19.66,20.84,1499567,100345664.00
2018/04/13,20.78,21.31,20.48,20.55,1701346,115798728.00
2018/04/16,20.64,21.65,20.43,21.47,1730164,120172824.00
2018/04/17,21.64,21.64,20.05,20.14,1628695,110481800.00
2018/04/18,20.30,21.05,19.30,20.89,1695570,110881008.00
2018/04/19,20.63,21.01,20.32,20.40,805553,54150384.00
2018/04/20,20.40,20.49,19.61,19.63,955086,62203476.00
2018/04/23,19.54,20.05,19.36,19.89,655287,42333812.00
2018/04/24,19.75,20.98,19.75,20.90,930136,62165808.00
2018/04/25,20.81,21.57,20.23,21.46,2187597,148597680.00
2018/04/26,21.26,21.26,20.69,20.69,968604,65939504.00
2018/04/27,20.75,21.76,20.75,21.01,1113968,77613240.00
2018/05/02,21.15,21.93,21.03,21.24,1156576,81019688.00
2018/05/03,21.15,21.15,20.33,20.85,1017432,68589008.00
2018/05/04,20.60,20.95,20.51,20.70,920163,62202256.00
2018/05/07,20.89,22.15,20.60,22.08,1716488,121020688.00
2018/05/08,22.08,22.08,21.42,21.74,860780,60914848.00
2018/05/09,21.71,21.86,21.22,21.49,641677,44995352.00
2018/05/10,21.57,21.77,21.15,21.75,867482,60793924.00
2018/05/11,21.89,21.89,20.54,20.83,1656634,113493200.00
2018/05/14,20.60,20.78,19.94,20.20,1244670,82353440.00
2018/05/15,20.23,21.59,20.20,21.43,1237124,84633408.00
2018/05/16,21.15,22.11,21.10,21.52,1249653,88308400.00
2018/05/17,21.62,21.92,21.28,21.48,595964,41802884.00
2018/05/18,21.42,21.42,20.91,21.00,664804,45761176.00
2018/05/21,21.03,21.88,21.03,21.65,554544,38884688.00
2018/05/22,21.52,22.75,21.52,22.66,1194290,87082400.00
2018/05/23,22.67,22.86,22.36,22.63,889906,65647212.00
2018/05/24,22.64,23.72,22.39,23.36,1252432,94348448.00
2018/05/25,23.37,23.51,22.23,22.80,2508648,103291728.00
2018/05/28,22.70,23.25,22.14,23.12,2102715,86685408.00
2018/05/29,22.98,23.62,22.14,22.34,2207302,91565448.00
2018/05/30,21.79,22.56,21.18,21.49,2200262,86805344.00
2018/05/31,21.76,22.01,20.55,21.97,2683958,103228984.00
2018/06/01,21.83,21.90,20.58,21.39,1928709,74079272.00
2018/06/04,21.38,21.63,20.63,21.20,1801991,68533640.00
2018/06/05,21.20,21.69,20.70,21.69,2213288,85859736.00
2018/06/06,21.67,22.87,21.31,22.66,3227723,129436240.00
2018/06/07,22.52,23.29,22.26,22.53,1574575,64801556.00
2018/06/08,22.46,23.13,22.20,22.51,1069967,43639084.00
2018/06/11,22.53,22.68,21.81,22.19,1300442,51933508.00
2018/06/12,21.98,23.13,21.70,22.87,1884351,75974104.00
2018/06/13,22.81,22.97,21.98,22.26,1433172,58040360.00
2018/06/14,22.14,22.46,21.81,21.84,888138,35481764.00
2018/06/15,21.84,22.02,20.82,21.59,1603791,62319264.00
2018/06/19,21.16,21.81,19.94,20.92,1627104,62129348.00
2018/06/20,20.81,22.78,20.45,22.47,2371973,93319408.00
2018/06/21,22.15,22.76,21.61,21.87,1291397,51492264.00
2018/06/22,21.78,22.68,21.62,22.44,1209863,48626476.00
2018/06/25,22.67,24.69,22.44,23.87,2816950,120401840.00
2018/06/26,23.63,24.51,23.37,24.38,2295179,98995560.00
2018/06/27,24.36,24.36,23.47,23.58,1621844,69818664.00
2018/06/28,23.37,23.53,22.70,22.70,1260110,52492384.00
2018/06/29,22.70,24.86,22.70,24.82,2276295,98625256.00
2018/07/02,24.44,25.53,24.44,24.92,2293184,103543336.00
2018/07/03,24.81,25.08,23.59,24.59,2278225,99998576.00
2018/07/04,24.81,25.19,23.81,24.48,1723304,76391760.00
2018/07/05,24.17,24.58,22.58,22.83,2299152,97193352.00
2018/07/06,22.83,23.52,22.17,22.69,2163704,89190952.00
2018/07/09,22.66,24.12,22.66,23.98,1993547,85280376.00
2018/07/10,23.81,24.31,23.64,24.26,1313775,56763444.00
2018/07/11,23.98,24.75,23.64,24.37,1777553,77394896.00
2018/07/12,23.67,24.96,23.67,24.49,2917903,128458520.00
2018/07/13,24.36,25.75,24.14,25.54,3121688,142109936.00
2018/07/16,25.48,25.75,22.98,22.98,6530355,281731040.00
2018/07/17,22.89,23.87,22.84,23.70,3237295,137024880.00
2018/07/18,23.94,23.94,21.59,22.43,5166844,209164432.00
2018/07/19,22.24,22.43,21.49,22.01,2538934,100753504.00
2018/07/20,22.07,22.44,21.91,22.13,1429197,57215292.00
2018/07/23,21.59,21.59,20.32,20.96,3818599,144750192.00
2018/07/24,21.06,21.80,20.77,21.40,2035913,78527320.00
2018/07/25,21.19,22.60,21.19,22.10,2648991,105877848.00
2018/07/26,22.24,22.24,21.59,21.61,1028200,40748212.00
2018/07/27,21.87,22.19,21.55,21.85,1175830,46477824.00
2018/07/30,21.70,21.81,20.85,21.09,1283098,49260916.00
2018/07/31,21.20,21.42,20.76,20.94,1109219,42339192.00
2018/08/01,21.20,21.41,19.36,19.64,3011069,109330704.00
2018/08/02,19.51,19.89,18.92,19.64,2052545,72144232.00
2018/08/03,19.60,19.78,18.53,18.54,2316363,79477992.00
2018/08/06,18.91,19.59,18.43,18.73,2337486,80360616.00
2018/08/07,19.39,19.48,18.64,19.03,1786534,61284968.00
2018/08/08,19.12,19.26,18.18,18.48,1683164,57573464.00
2018/08/09,18.53,19.76,18.26,19.49,2200236,76488984.00
2018/08/10,19.49,20.17,19.42,19.67,1390340,49739736.00
2018/08/13,19.48,20.09,19.34,19.99,1301860,46773528.00
2018/08/14,19.92,20.14,19.31,19.53,1149370,40836188.00
2018/08/15,19.56,19.65,18.45,18.64,1468747,50270396.00
2018/08/16,18.26,19.17,18.26,18.76,1262965,42948832.00
2018/08/17,18.93,19.08,17.51,17.59,2243458,73076320.00
2018/08/20,17.94,18.03,16.66,17.56,2616574,82143520.00
2018/08/21,17.87,18.77,17.70,18.62,2410024,80094896.00
2018/08/22,18.42,19.08,18.34,18.47,1485580,50178468.00
2018/08/23,18.92,19.59,18.76,19.20,3866625,134542928.00
2018/08/24,19.24,20.01,19.24,19.98,2057514,73599080.00
2018/08/27,19.82,20.68,19.71,20.18,2551845,93500488.00
2018/08/28,20.23,21.36,20.08,20.97,2519620,94819752.00
2018/08/29,20.92,21.12,20.34,20.62,1871559,70221320.00
2018/08/30,20.47,21.24,20.47,20.70,1690612,64060444.00
2018/08/31,20.78,20.92,19.84,20.51,1756174,64476260.00
2018/09/03,20.48,21.03,20.03,20.53,1997690,73965728.00
2018/09/04,20.54,20.61,19.92,20.30,1892251,69150808.00
2018/09/05,20.42,20.64,20.06,20.28,1383120,50887776.00
2018/09/06,20.13,20.38,19.16,19.59,2356057,84077328.00
2018/09/07,19.59,20.46,19.59,20.19,1523242,55509200.00
2018/09/10,20.19,20.45,19.75,19.93,1364936,49710948.00
2018/09/11,20.11,20.46,19.81,19.84,1625941,59297472.00
2018/09/12,20.00,20.26,19.06,19.13,1638201,57987528.00
2018/09/13,19.56,19.76,18.58,19.46,1844898,63610672.00
2018/09/14,19.41,19.57,18.75,18.96,1301862,45120952.00
2018/09/17,18.91,18.96,18.33,18.62,975857,32836958.00
2018/09/18,18.48,19.25,18.31,19.04,1196826,40510260.00
2018/09/19,19.15,19.74,18.98,19.33,2564970,89596744.00
2018/09/20,19.30,19.50,18.53,18.67,1753985,60226364.00
2018/09/21,18.67,19.23,18.51,19.09,1924982,65600348.00
2018/09/25,18.70,18.82,17.52,18.26,4036702,131994488.00
2018/09/26,18.22,19.40,18.12,19.33,3797388,129475912.00
2018/09/27,19.58,20.08,19.33,19.74,3391915,120623408.00
2018/09/28,19.64,20.18,19.16,19.67,2446868,86432304.00
2018/10/08,19.25,19.60,18.16,18.38,2501196,84801800.00
2018/10/09,18.38,18.64,17.63,17.80,1932580,62887412.00
2018/10/10,17.87,18.21,17.65,17.93,1196381,38798080.00
2018/10/11,17.14,17.59,16.41,16.84,3328073,101943104.00
2018/10/12,17.59,18.53,17.51,18.53,4320618,141201280.00
2018/10/15,18.96,18.96,17.99,18.00,2364635,79295488.00
2018/10/16,18.26,19.13,18.06,18.54,2745974,92474000.00
2018/10/17,19.03,19.03,17.81,18.31,3293560,108880912.00
2018/10/18,18.16,18.53,17.83,17.99,1845581,60769752.00
2018/10/19,17.64,19.37,17.48,19.36,2570117,87357936.00
2018/10/22,20.06,21.20,19.84,20.51,4128732,153335008.00
2018/10/23,20.31,21.03,20.22,20.51,2061480,76740200.00
2018/10/24,20.48,21.07,19.96,20.44,1944927,72210352.00
2018/10/25,19.95,21.35,19.95,21.31,2328069,87178856.00
2018/10/26,21.64,21.96,20.09,21.13,3269167,123969088.00
2018/10/29,20.97,21.82,20.71,21.14,2250331,86548288.00
2018/10/30,20.91,21.80,20.28,21.45,1780210,68039712.00
2018/10/31,21.45,22.23,21.04,21.39,2731437,106811128.00
2018/11/01,21.54,21.86,21.03,21.76,2624038,101514536.00
2018/11/02,22.26,22.39,21.66,22.09,2265852,90249088.00
2018/11/05,22.12,22.70,21.41,22.32,2183564,87286296.00
2018/11/06,22.03,22.63,21.76,22.38,1251654,50052424.00
2018/11/07,22.20,23.13,22.05,22.53,2143319,88107880.00
2018/11/08,22.53,22.73,21.95,21.95,1198801,48152260.00
2018/11/09,21.78,22.34,21.62,21.77,1192287,47381884.00
2018/11/12,21.96,23.06,21.96,22.93,1838277,75275968.00
2018/11/13,22.67,23.26,22.63,22.65,1761623,72809704.00
2018/11/14,22.81,23.38,22.62,23.20,1408835,58717644.00
2018/11/15,22.98,23.19,22.51,23.16,1517011,62484620.00
2018/11/16,23.07,23.26,22.53,22.66,1549658,64269868.00
2018/11/19,22.66,23.03,22.51,22.59,1045882,42862952.00
2018/11/20,22.47,22.98,22.37,22.42,971447,39726720.00
2018/11/21,22.20,22.53,21.70,22.28,2324638,92410552.00
2018/11/22,22.20,23.14,22.19,23.12,1449982,59381180.00
2018/11/23,22.96,23.03,22.09,22.71,2112747,85899112.00
2018/11/26,22.13,22.13,21.09,21.83,4238600,165206624.00
2018/11/27,21.67,22.14,21.53,21.77,1187090,46930004.00
2018/11/28,21.76,22.26,21.76,22.09,1053498,42065380.00
2018/11/29,22.11,22.32,20.91,21.01,2162828,83911904.00
2018/11/30,21.01,21.44,20.98,21.14,1348468,51787316.00
2018/12/03,21.70,22.02,21.20,21.58,3855876,149797920.00
2018/12/04,21.57,22.13,21.31,21.81,2217030,87389392.00
2018/12/05,21.76,22.81,21.59,22.42,2618099,106098480.00
2018/12/06,22.34,23.23,22.00,22.13,4064810,166436848.00
2018/12/07,22.45,22.80,21.70,22.31,2333535,93749176.00
2018/12/10,22.20,22.29,21.33,21.82,1920207,75741896.00
2018/12/11,22.13,22.59,21.60,21.82,1768394,70716112.00
2018/12/12,22.12,22.58,21.81,21.87,1691045,67548048.00
2018/12/13,22.14,22.74,21.60,22.71,2934292,118777600.00
2018/12/14,22.76,23.02,21.92,22.04,2116021,85915360.00
2018/12/17,21.87,21.87,21.08,21.29,2215286,85428120.00
2018/12/18,21.15,21.39,20.82,20.94,1356069,51594524.00
2018/12/19,20.94,21.05,19.93,20.08,2182096,79993096.00
2018/12/20,19.98,20.24,19.86,20.10,1393142,50413596.00
2018/12/21,20.10,20.10,19.39,19.92,2054534,73374080.00
2018/12/24,19.94,20.59,19.65,20.12,2084448,75937008.00
2018/12/25,19.82,21.37,19.82,21.11,2676241,99799104.00
2018/12/26,21.08,21.29,20.87,21.08,1039013,39479208.00
2018/12/27,21.36,21.58,20.87,20.91,841852,32255994.00
2018/12/28,20.92,21.45,20.72,21.44,1316297,50446580.00
2017/01/17,15.79,18.97,15.79,18.97,8000,272318.00
2017/01/18,20.88,20.88,20.88,20.88,2800,105616.00
2017/01/19,22.97,22.97,22.97,22.97,3200,132768.00
2017/01/20,25.28,25.28,25.28,25.28,4016,183290.23
2017/01/23,27.81,27.81,27.81,27.81,15500,778100.00
2017/01/24,30.60,30.60,30.60,30.60,15300,844866.00
2017/01/25,33.67,33.67,33.67,33.67,18300,1111542.00
2017/01/26,37.04,37.04,37.04,37.04,56800,3794808.00
2017/02/03,40.75,40.75,40.75,40.75,55780,4099272.25
2017/02/06,44.83,44.83,44.83,44.83,88900,7186676.00
2017/02/07,49.32,49.32,49.32,49.32,80100,7122492.00
2017/02/08,54.26,54.26,51.19,54.26,9665191,922671168.00
2017/02/09,58.25,59.69,57.59,59.69,3792308,400710496.00
2017/02/10,61.59,61.59,56.19,58.26,7167652,755852800.00
2017/02/13,59.45,63.81,58.97,59.92,4988049,545935616.00
2017/02/14,58.70,60.95,58.32,59.37,3550667,379882720.00
2017/02/15,58.87,61.59,57.48,58.12,4254159,455866144.00
2017/02/16,57.42,57.81,54.76,55.53,3256261,330522080.00
2017/02/17,54.97,56.20,53.25,54.17,2748104,269703936.00
2017/02/20,53.94,54.36,50.37,52.76,2715385,255353616.00
2017/02/21,52.28,57.88,52.26,56.14,2836191,282024128.00
2017/02/22,56.14,60.91,55.21,59.48,3289541,344888544.00
2017/02/23,59.37,60.73,58.33,59.61,2855323,305233376.00
2017/02/24,59.64,60.89,58.99,58.99,2081614,224925680.00
2017/02/27,58.36,60.11,57.51,58.93,2154053,227917184.00
2017/02/28,59.26,63.15,58.26,62.19,3472241,381184480.00
2017/03/01,61.59,63.44,60.91,61.28,3007414,336345216.00
2017/03/02,61.03,67.14,60.67,64.19,3596395,414943520.00
2017/03/03,63.81,67.37,62.88,67.26,2794764,328273408.00
2017/03/06,67.42,70.09,66.31,67.77,3486600,426633824.00
2017/03/07,66.77,68.76,65.26,68.37,2744335,331141344.00
2017/03/08,67.98,68.59,64.23,64.71,3018140,358456640.00
2017/03/09,64.03,65.81,63.84,65.09,2126654,249093008.00
2017/03/10,66.39,67.30,64.42,64.92,3266434,388451936.00
2017/03/13,63.91,67.97,63.91,67.63,2701405,322172768.00
2017/03/14,67.36,67.63,65.79,66.34,2027563,243793248.00
2017/03/15,66.51,67.28,65.26,65.85,1531331,182847952.00
2017/03/16,65.42,67.88,65.37,67.16,2462336,296681600.00
2017/03/17,67.14,67.92,64.48,65.36,2613886,311368864.00
2017/03/20,65.34,67.42,64.49,67.41,1666969,198369296.00
2017/03/21,67.42,68.14,66.74,67.72,1525154,184883168.00
2017/03/22,67.16,71.02,66.79,69.79,3258254,404617696.00
2017/03/23,69.37,69.83,65.67,66.59,2719510,331389664.00
2017/03/24,66.03,67.03,65.76,66.47,1629393,194749136.00
2017/03/27,66.31,66.98,65.24,66.31,1478847,176065136.00
2017/03/28,65.98,67.53,65.45,66.17,1596644,190586208.00
2017/03/29,65.88,66.41,59.55,59.55,2694091,300980832.00
2017/03/30,58.16,59.03,55.48,57.18,2016399,207191472.00
2017/03/31,57.46,57.69,55.06,56.26,1149104,116472472.00
2017/04/05,56.03,59.27,55.28,58.59,1176830,121921320.00
2017/04/06,58.59,59.47,57.98,58.03,943864,99895840.00
2017/04/07,57.87,58.70,55.91,56.43,954967,98551848.00
2017/04/10,55.51,56.31,53.34,54.48,1337622,131708296.00
2017/04/11,53.93,56.77,53.93,56.24,971301,97030928.00
2017/04/12,55.92,55.92,54.49,55.20,648214,64573252.00
2017/04/13,54.54,57.63,54.51,56.42,706414,72025240.00
2017/04/14,56.03,57.42,55.84,56.53,485299,49739936.00
2017/04/17,54.12,55.84,53.72,54.31,718243,70679040.00
2017/04/18,54.63,55.19,52.67,52.70,685443,66788212.00
2017/04/19,52.14,54.37,51.64,53.92,636874,61038240.00
2017/04/20,53.81,54.20,52.03,52.70,565089,54143500.00
2017/04/21,52.56,53.14,51.48,51.49,464701,43848020.00
2017/04/24,51.23,52.42,49.93,51.69,629416,58029340.00
2017/04/25,53.08,54.56,53.08,53.80,655219,63468660.00
2017/04/26,53.76,56.58,53.53,55.38,819936,81372688.00
2017/04/27,55.13,58.53,55.12,58.18,1052816,108512192.00
2017/04/28,58.21,59.29,57.02,57.62,914000,95354776.00
2017/05/02,57.46,58.63,56.58,57.67,509554,53026288.00
2017/05/03,57.48,58.34,56.09,57.67,617920,63774964.00
2017/05/04,57.14,57.59,56.25,56.76,592044,60640472.00
2017/05/05,56.33,59.18,56.20,57.59,855611,89166056.00
2017/05/08,57.14,58.70,56.37,57.70,715649,74710392.00
2017/05/09,57.20,58.06,56.31,57.87,583349,60178924.00
2017/05/10,57.96,58.98,56.69,56.82,852478,89248712.00
2017/05/11,56.20,57.97,55.67,57.87,668486,68498704.00
2017/05/12,57.85,58.81,57.42,57.90,502830,52623420.00
2017/05/15,58.14,59.26,58.14,59.17,690908,73324928.00
2017/05/16,58.63,61.39,57.76,61.31,1188492,128079608.00
2017/05/17,61.59,63.67,60.76,62.63,1204169,135936336.00
2017/05/18,62.20,63.53,61.35,61.92,635173,71307944.00
2017/05/19,61.69,62.59,59.48,59.70,618500,67681512.00
2017/05/22,59.69,60.47,56.08,56.26,868345,91097096.00
2017/05/23,30.76,31.91,28.70,29.14,1551602,84342208.00
2017/05/24,28.81,30.17,28.61,29.76,821154,43750772.00
2017/05/25,29.51,29.99,28.36,29.67,1092948,57585540.00
2017/05/26,29.70,31.18,29.70,30.83,1045302,57418980.00
2017/05/31,31.81,32.56,29.92,30.40,1250929,71465784.00
2017/06/01,29.86,30.73,29.48,29.69,883800,47990284.00
2017/06/02,29.38,31.30,29.38,31.21,1136952,62358116.00
2017/06/05,31.58,33.23,31.37,32.69,1535386,89519008.00
2017/06/06,32.20,32.96,32.02,32.32,1012624,59179644.00
2017/06/07,32.33,33.69,32.14,33.49,1604326,95602752.00
2017/06/08,33.26,33.81,32.71,32.97,1252055,74893824.00
2017/06/09,32.94,33.79,32.14,33.74,1374543,81814656.00
2017/06/12,33.26,34.37,32.79,33.19,1036540,62744204.00
2017/06/13,32.99,34.36,32.81,33.89,1041100,63529528.00
2017/06/14,33.76,34.74,33.45,34.09,950703,58530292.00
2017/06/15,33.92,35.08,33.89,34.16,1176889,73230472.00
2017/06/16,34.09,34.23,32.98,33.26,1208915,73141296.00
2017/06/19,33.26,33.58,32.59,33.19,707516,42179448.00
2017/06/20,33.47,33.59,32.43,32.62,835821,49771440.00
2017/06/21,32.70,33.08,32.51,32.85,722939,42736056.00
2017/06/22,32.70,33.26,32.14,32.14,821343,48483980.00
2017/06/23,32.14,32.53,30.97,32.14,1139404,65305140.00
2017/06/26,32.14,32.82,31.81,32.81,900185,52389428.00
2017/06/27,32.88,33.55,32.71,33.55,887235,53212532.00
2017/06/28,33.27,33.79,32.67,33.34,783497,46788132.00
2017/06/29,33.25,33.57,33.07,33.34,468599,28176608.00
2017/06/30,33.34,34.97,33.19,34.70,1761917,109277368.00
2017/07/03,34.64,35.02,34.14,34.86,1102320,68825416.00
2017/07/04,34.86,35.54,34.55,34.86,868921,54947328.00
2017/07/05,34.76,35.05,34.20,34.98,849811,53002648.00
2017/07/06,35.02,35.03,33.70,33.96,1118450,69143000.00
2017/07/07,33.87,35.11,33.64,34.51,1257136,78157640.00
2017/07/10,34.08,34.13,33.14,33.31,1208123,73316040.00
2017/07/11,33.31,33.78,32.56,32.77,748439,44871588.00
2017/07/12,32.62,33.37,31.97,33.34,851640,50160300.00
2017/07/13,33.22,33.22,32.59,32.75,537274,31817966.00
2017/07/14,30.47,30.76,29.47,29.47,2758625,147770672.00
2017/07/17,27.14,27.64,26.51,26.51,3103361,150351104.00
2017/07/18,26.13,26.86,25.78,26.51,2030869,96787504.00
2017/07/19,26.37,26.39,25.27,25.46,1826078,84349304.00
2017/07/20,25.31,25.92,24.95,25.07,1194733,55241056.00
2017/07/21,25.26,25.62,24.37,24.53,1301792,58671160.00
2017/07/24,24.37,25.03,23.41,24.76,1555755,67675416.00
2017/07/25,24.59,24.98,24.38,24.82,645605,28882640.00
2017/07/26,24.82,25.39,24.81,25.11,700769,31795628.00
2017/07/27,25.11,26.20,24.65,26.01,1379103,63876320.00
2017/07/28,26.01,26.27,25.51,25.61,751538,35003220.00
2017/07/31,25.37,25.69,24.63,24.84,1514514,68552888.00
2017/08/01,24.49,25.09,23.70,24.09,2356426,103110032.00
2017/08/02,24.09,24.31,23.60,23.63,1131560,48924272.00
2017/08/03,23.76,24.63,23.74,23.97,1706747,74487656.00
2017/08/04,23.98,24.08,23.62,23.84,722373,31060778.00
2017/08/07,23.97,24.35,23.88,24.02,586040,25532834.00
2017/08/08,23.92,24.51,23.87,24.40,809099,35414908.00
2017/08/09,24.37,24.74,24.18,24.23,649780,28623114.00
2017/08/10,24.28,24.47,23.76,23.79,947591,41132136.00
2017/08/11,23.64,23.79,23.48,23.54,731420,31182520.00
2017/08/14,23.62,24.19,23.62,24.07,569139,24631704.00
2017/08/15,24.07,24.51,23.99,24.49,805906,35477368.00
2017/08/16,24.52,25.58,24.52,25.36,1619692,73552304.00
2017/08/17,25.47,26.48,25.42,26.26,2353888,111084832.00
2017/08/18,26.12,26.51,25.43,26.03,1448480,67955200.00
2017/08/21,25.98,26.36,25.66,25.95,805732,37771604.00
2017/08/22,25.96,27.11,25.84,26.84,1680599,81192576.00
2017/08/23,26.74,26.86,26.49,26.78,620289,29903720.00
2017/08/24,26.65,26.84,26.02,26.53,722122,34346836.00
2017/08/25,26.32,26.70,26.28,26.53,450160,21560794.00
2017/08/28,26.87,28.41,26.87,27.97,1724864,86398056.00
2017/08/29,27.80,28.62,27.43,27.52,1335738,67709064.00
2017/08/30,27.66,28.08,27.26,27.92,790780,39403572.00
2017/08/31,27.92,28.59,27.64,28.09,738140,37517512.00
2017/09/01,28.09,28.51,27.71,28.22,657562,33242448.00
2017/09/04,27.98,28.92,27.74,28.86,800339,41150024.00
2017/09/05,29.23,29.30,28.59,28.62,650420,33964088.00
2017/09/06,28.29,28.53,27.98,28.26,918960,46812712.00
2017/09/07,28.33,28.53,27.92,27.92,798940,40723856.00
2017/09/08,28.03,28.46,27.80,28.00,643765,32611574.00
2017/09/11,27.84,29.14,27.81,29.03,986240,51171632.00
2017/09/12,29.03,29.26,28.69,28.73,780982,40844992.00
2017/09/13,28.59,29.52,28.54,29.38,893381,46790696.00
2017/09/14,29.38,30.09,29.20,29.30,929780,49799072.00
2017/09/15,29.04,29.56,28.53,28.64,575540,29944498.00
2017/09/18,28.53,29.42,28.53,29.14,533499,28015022.00
2017/09/19,28.84,29.41,28.84,29.07,377720,19882108.00
2017/09/20,29.08,30.02,29.07,29.94,592262,31636586.00
2017/09/21,29.98,30.35,29.32,29.57,495782,26621292.00
2017/09/22,29.26,29.87,28.83,29.74,711615,37649924.00
2017/09/25,29.53,30.41,29.48,29.64,416360,22521974.00
2017/09/26,29.48,29.92,28.53,28.95,860700,45074308.00
2017/09/27,28.91,29.23,28.81,28.90,243493,12717716.00
2017/09/28,28.90,29.48,28.87,29.27,458653,24190066.00
2017/09/29,29.32,29.84,29.09,29.20,249541,13163542.00
2017/10/09,29.75,29.83,29.23,29.64,356740,19041426.00
2017/10/10,29.76,31.56,29.57,31.42,1709390,95218592.00
2017/10/11,32.05,32.62,31.59,32.09,2459649,143025008.00
2017/10/12,31.76,32.61,31.00,31.81,878860,49937244.00
2017/10/13,31.81,33.08,31.63,32.98,1383792,81535624.00
2017/10/16,33.01,33.01,31.31,31.32,1211693,70274824.00
2017/10/17,31.32,31.75,30.94,31.64,734096,41603264.00
2017/10/18,31.59,32.37,31.43,31.64,704440,40602092.00
2017/10/19,31.48,32.96,31.37,32.69,1093840,64131508.00
2017/10/20,32.61,32.71,32.22,32.68,402439,23557442.00
2017/10/23,32.68,32.96,32.26,32.87,517980,30499100.00
2017/10/24,32.81,33.01,32.20,32.78,590964,34791748.00
2017/10/25,32.48,33.52,32.48,33.26,796757,47668640.00
2017/10/26,33.20,33.72,32.53,32.81,556380,33094508.00
2017/10/27,32.90,33.17,32.31,32.83,421419,24944694.00
2017/10/30,33.03,33.14,31.59,32.89,781020,46015572.00
2017/10/31,32.89,32.98,32.31,32.92,605937,35733996.00
2017/11/01,32.94,33.72,32.48,32.58,668513,39851940.00
2017/11/02,32.58,32.68,31.86,31.86,613260,35677432.00
2017/11/03,31.95,32.28,31.48,31.87,449480,25874852.00
2017/11/06,32.46,32.46,30.62,32.03,1578000,89409592.00
2017/11/07,31.71,32.37,31.61,32.33,728927,42227492.00
2017/11/08,32.20,33.68,32.20,32.61,870007,51931360.00
2017/11/09,32.61,32.92,32.52,32.78,492336,29096170.00
2017/11/10,32.71,32.71,31.92,31.98,625514,36337536.00
2017/11/13,32.03,33.63,31.87,33.63,1051343,62116868.00
2017/11/14,33.32,34.29,33.32,34.09,1244954,76212360.00
2017/11/15,34.21,34.21,32.71,33.24,926506,55362976.00
2017/11/16,32.82,32.98,31.29,31.62,1205597,69429968.00
2017/11/17,31.62,31.84,29.68,30.09,887680,49152816.00
2017/11/20,30.21,31.50,29.02,31.42,751333,41782992.00
2017/11/21,31.36,31.67,30.48,30.76,540980,30409686.00
2017/11/22,30.98,31.31,29.80,30.06,640680,34982600.00
2017/11/23,29.92,30.42,29.54,29.54,565614,30525270.00
2017/11/24,29.65,30.20,29.56,29.95,356316,19274458.00
2017/11/27,29.95,30.12,29.20,29.75,528758,28295314.00
2017/11/28,29.54,30.59,29.41,29.99,404740,21915094.00
2017/11/29,29.99,30.17,29.41,29.86,243516,13099116.00
2017/11/30,30.03,30.03,29.20,29.26,396700,21193188.00
2017/12/01,29.53,30.01,29.20,29.73,533900,28649590.00
2017/12/04,29.48,29.83,27.97,28.03,1281482,66184020.00
2017/12/05,28.22,28.24,26.87,27.11,1225253,60525516.00
2017/12/06,27.11,28.20,26.60,27.78,990500,48841484.00
2017/12/07,27.69,28.64,27.43,28.09,458720,23299070.00
2017/12/08,28.26,28.59,27.87,28.37,335620,17191444.00
2017/12/11,28.31,28.62,28.16,28.34,414328,21209642.00
2017/12/12,28.34,28.84,28.26,28.49,374958,19353490.00
2017/12/13,28.26,28.75,27.91,28.74,281100,14456984.00
2017/12/14,28.74,28.95,28.36,28.68,172880,8916010.00
2017/12/15,28.68,28.81,28.08,28.34,154990,7966189.00
2017/12/18,28.38,28.69,27.46,27.87,242700,12271250.00
2017/12/19,27.87,28.46,27.70,27.96,406025,20519084.00
2017/12/20,28.31,28.58,27.99,28.55,487440,24896616.00
2017/12/21,28.55,29.06,28.31,28.98,415892,21621454.00
2017/12/22,29.03,29.62,28.26,28.45,418301,21913304.00
2017/12/25,28.03,28.70,27.59,27.85,356981,17978022.00
2017/12/26,27.48,28.54,27.48,28.32,254501,12947786.00
2017/12/27,28.32,28.58,27.72,27.86,150320,7631299.00
2017/12/28,27.87,28.44,27.86,27.98,196420,9950139.00
2017/12/29,28.21,28.21,27.87,28.06,141660,7148657.00
2018/01/02,28.12,28.51,28.06,28.42,350000,17888516.00
2018/01/03,28.48,28.74,28.28,28.37,360696,18476000.00
2018/01/04,28.42,28.53,27.76,27.79,433856,21998546.00
2018/01/05,27.69,27.69,26.59,26.71,1007679,49133524.00
2018/01/08,26.62,26.87,25.97,26.35,682660,32517698.00
2018/01/09,26.35,26.69,26.13,26.28,432459,20566652.00
2018/01/10,26.41,26.48,25.95,26.17,528027,24862682.00
2018/01/11,26.09,27.65,25.62,27.44,866327,41954696.00
2018/01/12,27.31,27.37,26.73,26.79,406180,19763376.00
2018/01/15,26.76,27.61,26.64,26.68,540652,26471460.00
2018/01/16,26.87,27.52,26.49,27.08,712591,34889696.00
2018/01/17,27.07,29.18,27.07,28.86,1148961,59303516.00
2018/01/18,28.74,30.20,28.56,29.39,1161966,61845164.00
2018/01/19,29.93,30.76,26.45,29.39,819339,44408644.00
2018/01/22,29.58,30.76,29.37,30.26,656922,35892732.00
2018/01/23,29.18,29.62,28.26,28.34,1713303,88465888.00
2018/01/24,28.24,29.57,28.20,29.10,890208,46720512.00
2018/01/25,29.19,29.19,28.32,28.49,578456,30047294.00
2018/01/26,28.48,28.48,27.16,27.87,1080713,54239312.00
2018/01/29,27.81,27.98,27.27,27.37,704538,35062836.00
2018/01/30,27.36,27.69,27.15,27.26,255260,12643434.00
2018/01/31,27.16,27.87,26.92,27.16,494415,24427170.00
2018/02/01,27.26,27.33,26.74,26.84,638964,31175356.00
2018/02/02,26.78,27.28,26.59,26.84,632321,30758192.00
2018/02/05,26.64,26.86,26.43,26.58,310151,14923931.00
2018/02/06,26.31,26.48,25.04,25.52,646385,30231712.00
2018/02/07,25.98,26.23,25.01,25.21,492172,22573350.00
2018/02/08,25.21,26.24,25.12,25.74,390997,18289700.00
2018/02/09,25.37,27.14,25.26,26.79,777261,36991392.00
2018/02/12,26.79,27.53,26.79,27.12,546863,26775494.00
2018/02/13,27.12,27.39,26.87,26.90,269479,13149496.00
2018/02/14,26.87,27.26,26.76,26.89,129220,6294978.50
2018/02/22,27.42,27.42,26.67,27.09,308000,15006099.00
2018/02/23,27.39,27.57,27.04,27.14,385720,18978862.00
2018/02/26,27.20,28.56,27.20,28.36,997203,50570832.00
2018/02/27,28.26,28.56,27.98,28.20,443680,22633276.00
2018/02/28,28.09,29.09,27.93,28.81,1111061,57459784.00
2018/03/01,28.77,29.56,28.77,29.24,616320,32616088.00
2018/03/02,29.09,30.48,29.03,29.55,1066684,57422904.00
2018/03/05,29.52,30.19,29.14,29.48,625750,33262938.00
2018/03/06,29.48,30.08,29.38,29.65,536630,28728720.00
2018/03/07,29.43,29.82,28.72,28.92,942455,49363580.00
2018/03/08,28.98,30.20,28.92,30.14,1150386,61454348.00
2018/03/09,30.15,31.60,29.97,31.49,1056879,59456196.00
2018/03/12,31.42,32.59,31.15,32.02,1104133,63933132.00
2018/03/13,32.00,32.33,31.26,31.28,610443,35017056.00
2018/03/14,31.29,32.26,30.98,31.45,774595,44138444.00
2018/03/15,31.48,32.11,30.56,31.32,666644,37782372.00
2018/03/16,31.28,32.29,31.12,31.55,563855,32256874.00
2018/03/19,31.74,32.42,31.38,32.39,780744,45085680.00
2018/03/20,32.38,32.95,31.95,32.69,701004,41167316.00
2018/03/21,32.70,33.14,31.98,32.03,761213,44389188.00
2018/03/22,32.09,32.29,31.68,31.72,425900,24604030.00
2018/03/23,30.97,32.24,29.98,31.19,1020979,57189064.00
2018/03/26,30.92,32.21,30.03,32.15,884364,50254564.00
2018/03/27,32.21,33.83,32.14,33.78,1577364,94458856.00
2018/03/28,33.44,33.70,32.23,32.42,1043799,62165664.00
2018/03/29,32.43,33.32,32.42,32.54,680759,40379672.00
2018/03/30,32.92,33.97,32.64,33.92,1177060,71397848.00
2018/04/02,34.37,34.37,33.26,33.97,1773295,107681448.00
2018/04/03,33.03,34.49,33.03,34.09,975201,59638728.00
2018/04/04,34.42,34.96,33.14,33.34,787955,48443440.00
2018/04/09,33.14,33.47,32.70,33.01,611280,36494868.00
2018/04/10,33.98,36.32,33.56,36.32,2325015,147827936.00
2018/04/11,35.87,36.84,35.53,35.86,1136838,74127424.00
2018/04/12,35.76,37.92,35.56,37.69,1499567,100345664.00
2018/04/13,37.59,38.53,37.04,37.17,1701346,115798728.00
2018/04/16,37.34,39.14,36.94,38.83,1730164,120172824.00
2018/04/17,39.13,39.13,36.27,36.43,1628695,110481800.00
2018/04/18,36.72,38.07,34.92,37.77,1695570,110881008.00
2018/04/19,37.31,37.99,36.76,36.90,805553,54150384.00
2018/04/20,36.89,37.06,35.48,35.51,955086,62203476.00
2018/04/23,35.36,36.28,35.03,35.98,655287,42333812.00
2018/04/24,35.73,37.95,35.73,37.81,930136,62165808.00
2018/04/25,37.64,39.01,36.59,38.81,2187597,148597680.00
2018/04/26,38.46,38.46,37.42,37.42,968604,65939504.00
2018/04/27,37.53,39.36,37.53,38.01,1113968,77613240.00
2018/05/02,38.26,39.66,38.03,38.41,1156576,81019688.00
2018/05/03,38.26,38.26,36.77,37.71,1017432,68589008.00
2018/05/04,37.26,37.88,37.09,37.43,920163,62202256.00
2018/05/07,37.77,40.04,37.27,39.92,1716488,121020688.00
2018/05/08,39.92,39.92,38.73,39.31,860780,60914848.00
2018/05/09,39.25,39.53,38.38,38.87,641677,44995352.00
2018/05/10,39.01,39.37,38.26,39.33,867482,60793924.00
2018/05/11,39.58,39.58,37.15,37.68,1656634,113493200.00
2018/05/14,37.25,37.59,36.08,36.53,1244670,82353440.00
2018/05/15,36.59,39.03,36.53,38.74,1237124,84633408.00
2018/05/16,38.26,39.98,38.15,38.92,1249653,88308400.00
2018/05/17,39.10,39.63,38.48,38.84,595964,41802884.00
2018/05/18,38.74,38.74,37.81,37.98,664804,45761176.00
2018/05/21,38.03,39.56,38.03,39.14,554544,38884688.00
2018/05/22,38.91,41.13,38.91,40.97,1194290,87082400.00
2018/05/23,40.98,41.33,40.42,40.92,889906,65647212.00
2018/05/24,40.92,42.87,40.48,42.23,1252432,94348448.00
2018/05/25,23.37,23.51,22.23,22.80,2508648,103291728.00
2018/05/28,22.70,23.25,22.14,23.12,2102715,86685408.00
2018/05/29,22.98,23.62,22.14,22.34,2207302,91565448.00
2018/05/30,21.79,22.56,21.18,21.49,2200262,86805344.00
2018/05/31,21.76,22.01,20.55,21.97,2683958,103228984.00
2018/06/01,21.83,21.90,20.58,21.39,1928709,74079272.00
2018/06/04,21.38,21.63,20.63,21.20,1801991,68533640.00
2018/06/05,21.20,21.69,20.70,21.69,2213288,85859736.00
2018/06/06,21.67,22.87,21.31,22.66,3227723,129436240.00
2018/06/07,22.52,23.29,22.26,22.53,1574575,64801556.00
2018/06/08,22.46,23.13,22.20,22.51,1069967,43639084.00
2018/06/11,22.53,22.68,21.81,22.19,1300442,51933508.00
2018/06/12,21.98,23.13,21.70,22.87,1884351,75974104.00
2018/06/13,22.81,22.97,21.98,22.26,1433172,58040360.00
2018/06/14,22.14,22.46,21.81,21.84,888138,35481764.00
2018/06/15,21.84,22.02,20.82,21.59,1603791,62319264.00
2018/06/19,21.16,21.81,19.94,20.92,1627104,62129348.00
2018/06/20,20.81,22.78,20.45,22.47,2371973,93319408.00
2018/06/21,22.15,22.76,21.61,21.87,1291397,51492264.00
2018/06/22,21.78,22.68,21.62,22.44,1209863,48626476.00
2018/06/25,22.67,24.69,22.44,23.87,2816950,120401840.00
2018/06/26,23.63,24.51,23.37,24.38,2295179,98995560.00
2018/06/27,24.36,24.36,23.47,23.58,1621844,69818664.00
2018/06/28,23.37,23.53,22.70,22.70,1260110,52492384.00
2018/06/29,22.70,24.86,22.70,24.82,2276295,98625256.00
2018/07/02,24.44,25.53,24.44,24.92,2293184,103543336.00
2018/07/03,24.81,25.08,23.59,24.59,2278225,99998576.00
2018/07/04,24.81,25.19,23.81,24.48,1723304,76391760.00
2018/07/05,24.17,24.58,22.58,22.83,2299152,97193352.00
2018/07/06,22.83,23.52,22.17,22.69,2163704,89190952.00
2018/07/09,22.66,24.12,22.66,23.98,1993547,85280376.00
2018/07/10,23.81,24.31,23.64,24.26,1313775,56763444.00
2018/07/11,23.98,24.75,23.64,24.37,1777553,77394896.00
2018/07/12,23.67,24.96,23.67,24.49,2917903,128458520.00
2018/07/13,24.36,25.75,24.14,25.54,3121688,142109936.00
2018/07/16,25.48,25.75,22.98,22.98,6530355,281731040.00
2018/07/17,22.89,23.87,22.84,23.70,3237295,137024880.00
2018/07/18,23.94,23.94,21.59,22.43,5166844,209164432.00
2018/07/19,22.24,22.43,21.49,22.01,2538934,100753504.00
2018/07/20,22.07,22.44,21.91,22.13,1429197,57215292.00
2018/07/23,21.59,21.59,20.32,20.96,3818599,144750192.00
2018/07/24,21.06,21.80,20.77,21.40,2035913,78527320.00
2018/07/25,21.19,22.60,21.19,22.10,2648991,105877848.00
2018/07/26,22.24,22.24,21.59,21.61,1028200,40748212.00
2018/07/27,21.87,22.19,21.55,21.85,1175830,46477824.00
2018/07/30,21.70,21.81,20.85,21.09,1283098,49260916.00
2018/07/31,21.20,21.42,20.76,20.94,1109219,42339192.00
2018/08/01,21.20,21.41,19.36,19.64,3011069,109330704.00
2018/08/02,19.51,19.89,18.92,19.64,2052545,72144232.00
2018/08/03,19.60,19.78,18.53,18.54,2316363,79477992.00
2018/08/06,18.91,19.59,18.43,18.73,2337486,80360616.00
2018/08/07,19.39,19.48,18.64,19.03,1786534,61284968.00
2018/08/08,19.12,19.26,18.18,18.48,1683164,57573464.00
2018/08/09,18.53,19.76,18.26,19.49,2200236,76488984.00
2018/08/10,19.49,20.17,19.42,19.67,1390340,49739736.00
2018/08/13,19.48,20.09,19.34,19.99,1301860,46773528.00
2018/08/14,19.92,20.14,19.31,19.53,1149370,40836188.00
2018/08/15,19.56,19.65,18.45,18.64,1468747,50270396.00
2018/08/16,18.26,19.17,18.26,18.76,1262965,42948832.00
2018/08/17,18.93,19.08,17.51,17.59,2243458,73076320.00
2018/08/20,17.94,18.03,16.66,17.56,2616574,82143520.00
2018/08/21,17.87,18.77,17.70,18.62,2410024,80094896.00
2018/08/22,18.42,19.08,18.34,18.47,1485580,50178468.00
2018/08/23,18.92,19.59,18.76,19.20,3866625,134542928.00
2018/08/24,19.24,20.01,19.24,19.98,2057514,73599080.00
2018/08/27,19.82,20.68,19.71,20.18,2551845,93500488.00
2018/08/28,20.23,21.36,20.08,20.97,2519620,94819752.00
2018/08/29,20.92,21.12,20.34,20.62,1871559,70221320.00
2018/08/30,20.47,21.24,20.47,20.70,1690612,64060444.00
2018/08/31,20.78,20.92,19.84,20.51,1756174,64476260.00
2018/09/03,20.48,21.03,20.03,20.53,1997690,73965728.00
2018/09/04,20.54,20.61,19.92,20.30,1892251,69150808.00
2018/09/05,20.42,20.64,20.06,20.28,1383120,50887776.00
2018/09/06,20.13,20.38,19.16,19.59,2356057,84077328.00
2018/09/07,19.59,20.46,19.59,20.19,1523242,55509200.00
2018/09/10,20.19,20.45,19.75,19.93,1364936,49710948.00
2018/09/11,20.11,20.46,19.81,19.84,1625941,59297472.00
2018/09/12,20.00,20.26,19.06,19.13,1638201,57987528.00
2018/09/13,19.56,19.76,18.58,19.46,1844898,63610672.00
2018/09/14,19.41,19.57,18.75,18.96,1301862,45120952.00
2018/09/17,18.91,18.96,18.33,18.62,975857,32836958.00
2018/09/18,18.48,19.25,18.31,19.04,1196826,40510260.00
2018/09/19,19.15,19.74,18.98,19.33,2564970,89596744.00
2018/09/20,19.30,19.50,18.53,18.67,1753985,60226364.00
2018/09/21,18.67,19.23,18.51,19.09,1924982,65600348.00
2018/09/25,18.70,18.82,17.52,18.26,4036702,131994488.00
2018/09/26,18.22,19.40,18.12,19.33,3797388,129475912.00
2018/09/27,19.58,20.08,19.33,19.74,3391915,120623408.00
2018/09/28,19.64,20.18,19.16,19.67,2446868,86432304.00
2018/10/08,19.25,19.60,18.16,18.38,2501196,84801800.00
2018/10/09,18.38,18.64,17.63,17.80,1932580,62887412.00
2018/10/10,17.87,18.21,17.65,17.93,1196381,38798080.00
2018/10/11,17.14,17.59,16.41,16.84,3328073,101943104.00
2018/10/12,17.59,18.53,17.51,18.53,4320618,141201280.00
2018/10/15,18.96,18.96,17.99,18.00,2364635,79295488.00
2018/10/16,18.26,19.13,18.06,18.54,2745974,92474000.00
2018/10/17,19.03,19.03,17.81,18.31,3293560,108880912.00
2018/10/18,18.16,18.53,17.83,17.99,1845581,60769752.00
2018/10/19,17.64,19.37,17.48,19.36,2570117,87357936.00
2018/10/22,20.06,21.20,19.84,20.51,4128732,153335008.00
2018/10/23,20.31,21.03,20.22,20.51,2061480,76740200.00
2018/10/24,20.48,21.07,19.96,20.44,1944927,72210352.00
2018/10/25,19.95,21.35,19.95,21.31,2328069,87178856.00
2018/10/26,21.64,21.96,20.09,21.13,3269167,123969088.00
2018/10/29,20.97,21.82,20.71,21.14,2250331,86548288.00
2018/10/30,20.91,21.80,20.28,21.45,1780210,68039712.00
2018/10/31,21.45,22.23,21.04,21.39,2731437,106811128.00
2018/11/01,21.54,21.86,21.03,21.76,2624038,101514536.00
2018/11/02,22.26,22.39,21.66,22.09,2265852,90249088.00
2018/11/05,22.12,22.70,21.41,22.32,2183564,87286296.00
2018/11/06,22.03,22.63,21.76,22.38,1251654,50052424.00
2018/11/07,22.20,23.13,22.05,22.53,2143319,88107880.00
2018/11/08,22.53,22.73,21.95,21.95,1198801,48152260.00
2018/11/09,21.78,22.34,21.62,21.77,1192287,47381884.00
2018/11/12,21.96,23.06,21.96,22.93,1838277,75275968.00
2018/11/13,22.67,23.26,22.63,22.65,1761623,72809704.00
2018/11/14,22.81,23.38,22.62,23.20,1408835,58717644.00
2018/11/15,22.98,23.19,22.51,23.16,1517011,62484620.00
2018/11/16,23.07,23.26,22.53,22.66,1549658,64269868.00
2018/11/19,22.66,23.03,22.51,22.59,1045882,42862952.00
2018/11/20,22.47,22.98,22.37,22.42,971447,39726720.00
2018/11/21,22.20,22.53,21.70,22.28,2324638,92410552.00
2018/11/22,22.20,23.14,22.19,23.12,1449982,59381180.00
2018/11/23,22.96,23.03,22.09,22.71,2112747,85899112.00
2018/11/26,22.13,22.13,21.09,21.83,4238673,165206624.00
2018/11/27,21.67,22.14,21.53,21.77,1187090,46930004.00
2018/11/28,21.76,22.26,21.76,22.09,1053498,42065380.00
2018/11/29,22.11,22.32,20.91,21.01,2162828,83911904.00
2018/11/30,21.01,21.44,20.98,21.14,1348468,51787316.00
2018/12/03,21.70,22.02,21.20,21.58,3855876,149797920.00
2018/12/04,21.57,22.13,21.31,21.81,2217030,87389392.00
2018/12/05,21.76,22.81,21.59,22.42,2618099,106098480.00
2018/12/06,22.34,23.23,22.00,22.13,4064810,166436848.00
2018/12/07,22.45,22.80,21.70,22.31,2333535,93749176.00
2018/12/10,22.20,22.29,21.33,21.82,1920207,75741896.00
2018/12/11,22.13,22.59,21.60,21.82,1768394,70716112.00
2018/12/12,22.12,22.58,21.81,21.87,1691045,67548048.00
2018/12/13,22.14,22.74,21.60,22.71,2934292,118777600.00
2018/12/14,22.76,23.02,21.92,22.04,2116021,85915360.00
2018/12/17,21.87,21.87,21.08,21.29,2215286,85428120.00
2018/12/18,21.15,21.39,20.82,20.94,1356069,51594524.00
2018/12/19,20.94,21.05,19.93,20.08,2182096,79993096.00
2018/12/20,19.98,20.24,19.86,20.10,1393142,50413596.00
2018/12/21,20.10,20.10,19.39,19.92,2054534,73374080.00
2018/12/24,19.94,20.59,19.65,20.12,2084448,75937008.00
2018/12/25,19.82,21.37,19.82,21.11,2676241,99799104.00
2018/12/26,21.08,21.29,20.87,21.08,1039013,39479208.00
2018/12/27,21.36,21.58,20.87,20.91,841852,32255994.00
2018/12/28,20.92,21.45,20.72,21.44,1316297,50446580.00
2019/01/02,21.44,21.47,20.76,20.81,1226646,46602956.00
2019/01/03,20.78,21.35,20.66,21.06,1100192,42032192.00
2019/01/04,20.98,22.52,20.76,22.09,1998537,78882976.00
2019/01/07,22.33,22.59,21.87,22.27,1449822,58239152.00
2019/01/08,22.29,22.43,22.06,22.09,782556,31390560.00
2019/01/09,22.14,22.98,21.92,22.42,2544532,103820008.00
2019/01/10,22.26,22.53,22.08,22.14,1161690,46707052.00
2019/01/11,22.21,22.68,22.08,22.25,875833,35353680.00
2019/01/14,22.51,22.51,22.08,22.12,470525,18855628.00
2019/01/15,22.19,22.19,20.44,20.92,4878319,184208496.00
2019/01/16,20.92,21.69,20.88,21.56,2155081,83072248.00
2019/01/17,21.56,21.64,20.83,21.03,1839958,70189184.00
2019/01/18,21.02,21.25,20.64,20.77,2811846,105699152.00
2019/01/21,20.78,21.24,20.52,20.67,2157006,81376024.00
2019/01/22,20.80,20.86,20.37,20.82,1448712,54008980.00
2019/01/23,20.69,21.14,20.44,20.99,1750898,66141252.00
2019/01/24,20.88,21.18,20.78,21.00,1303527,49390840.00
2019/01/25,20.83,21.48,20.76,21.25,1568240,59944380.00
2019/01/28,21.23,21.47,20.82,20.90,1522299,58107756.00
2019/01/29,20.90,20.99,20.26,20.35,2381202,88214968.00
2019/01/30,20.21,20.86,19.98,20.66,2418910,89805464.00
2019/01/31,20.50,21.17,20.37,20.84,1790429,67352192.00
2019/02/01,21.03,21.69,20.76,21.48,2090577,80593488.00
2019/02/11,21.70,22.26,21.31,22.14,1584670,62389408.00
2019/02/12,22.14,22.92,21.93,22.24,1985279,80338384.00
2019/02/13,22.19,22.54,21.97,22.48,2468531,99225224.00
2019/02/14,22.31,22.91,22.23,22.79,2063795,84230544.00
2019/02/15,22.78,22.95,22.12,22.28,1946336,78943936.00
2019/02/18,22.16,23.72,21.96,23.62,4538032,186633232.00
2019/02/19,23.81,23.81,22.72,22.95,3748600,156143584.00
2019/02/20,23.00,23.07,22.29,22.52,2655375,108118512.00
2019/02/21,22.54,22.91,22.39,22.45,2279980,93061248.00
2019/02/22,22.32,22.74,22.08,22.59,2166553,87543328.00
2019/02/25,22.56,23.34,22.34,23.27,4454185,183811136.00
2019/02/26,24.09,25.60,24.09,25.48,7179030,325816864.00
2019/02/27,25.48,26.23,25.04,25.99,4511126,208359008.00
2019/02/28,25.59,27.12,25.59,26.23,3693422,176583776.00
2019/03/01,26.42,26.57,25.89,26.34,1836175,87052816.00
2019/03/04,26.77,27.98,26.64,27.31,3427401,169351008.00
2019/03/05,27.28,27.44,26.67,27.27,2713812,132023376.00
2019/03/06,27.06,27.26,26.16,26.54,3376722,161137728.00
2019/03/07,26.42,26.80,25.41,26.20,3446121,162200192.00
2019/03/08,25.97,27.92,25.50,26.44,4233853,206038928.00
2019/03/11,26.97,28.92,26.54,28.92,4739646,237789872.00
2019/03/12,29.37,29.37,27.70,28.11,4189632,215490080.00
2019/03/13,28.21,29.02,27.73,27.97,2875251,147750368.00
2019/03/14,27.70,28.98,27.70,28.53,2834865,145782576.00
2019/03/15,28.65,29.26,27.99,28.54,2271703,117399240.00
2019/03/18,28.49,30.46,28.48,30.14,3548860,189011808.00
2019/03/19,29.87,30.26,29.17,29.44,2065051,110529336.00
2019/03/20,29.31,29.56,28.28,29.02,3497051,181931520.00
2019/03/21,28.99,29.31,28.27,28.56,2643305,137163264.00
2019/03/22,28.63,29.09,28.17,28.81,2601578,134654384.00
2019/03/25,28.52,30.48,28.48,29.03,3346176,177718768.00
2019/03/26,28.84,30.29,28.84,29.37,2897186,155361760.00
2019/03/27,29.59,31.14,29.01,31.14,3386361,186453952.00
2019/03/28,30.97,31.31,30.37,30.37,1835949,101874056.00
2019/03/29,30.59,32.87,30.37,32.29,2670711,153230240.00
2019/04/01,32.29,33.99,31.91,33.53,2500263,149390608.00
2019/04/02,33.26,34.26,32.79,33.92,2463774,148435040.00
2019/04/03,33.26,33.26,31.31,31.59,5535458,318147904.00
2019/04/04,31.89,31.90,30.23,31.53,4652059,259660128.00
2019/04/08,31.21,31.24,30.10,30.48,4410781,242761440.00
2019/04/09,30.48,31.02,30.26,30.74,2705571,149619776.00
2019/04/10,30.51,31.72,30.38,31.63,3122613,176508080.00
2019/04/11,31.37,31.77,28.63,29.24,6240219,337488288.00
2019/04/12,29.15,29.78,29.13,29.43,1905900,101227800.00
2019/04/15,29.59,30.47,29.09,29.12,2406577,129655576.00
2019/04/16,29.09,29.53,28.63,29.29,2568115,134626272.00
2019/04/17,29.21,29.87,29.21,29.56,2142858,114468224.00
2019/04/18,29.48,30.69,29.48,30.24,2183527,118925672.00
2019/04/19,30.30,30.30,29.37,29.89,1521247,81730528.00
2019/04/22,29.89,30.12,29.31,29.81,1531092,82270352.00
2019/04/23,29.83,30.55,29.56,30.49,1919976,104787424.00
2019/04/24,30.47,30.63,29.95,30.48,1253257,68453464.00
2019/04/25,31.31,33.24,31.31,31.71,3998662,231935504.00
2019/04/26,31.59,32.58,30.81,32.05,3073558,176333504.00
2019/04/29,32.05,33.48,31.62,32.24,2991731,176978480.00
2019/04/30,32.41,32.69,31.58,32.04,1274806,73424208.00
2019/05/06,30.48,32.13,30.47,31.19,3311782,185853616.00
2019/05/07,31.30,31.76,29.93,30.19,2403481,134474528.00
2019/05/08,29.51,31.00,29.48,29.73,2018618,110274528.00
2019/05/09,29.53,29.92,28.36,29.04,3568771,186677744.00
2019/05/10,29.39,31.48,29.31,31.47,2934811,160855280.00
2019/05/13,31.09,32.92,30.93,32.32,2678286,155076848.00
2019/05/14,31.97,33.13,31.97,32.38,2831686,166713312.00
2019/05/15,32.70,33.35,32.26,32.98,2623002,155445392.00
2019/05/16,32.70,33.24,32.31,32.39,2102480,123570704.00
2019/05/17,32.78,33.13,31.30,31.96,4676365,150808624.00
2019/05/20,31.75,31.80,30.52,31.70,5557319,173014960.00
2019/05/21,31.68,32.78,31.03,32.37,3996431,128237160.00
2019/05/22,32.21,32.80,31.60,32.00,3556067,114257672.00
2019/05/23,31.88,32.47,31.18,31.94,3141670,99753472.00
2019/05/24,31.82,32.13,30.90,31.22,2793753,87612976.00
2019/05/27,31.16,32.49,31.11,32.40,2871969,91524656.00
2019/05/28,32.40,34.84,31.91,34.00,5963477,199217296.00
2019/05/29,33.60,35.28,33.47,34.40,4477878,153897504.00
2019/05/30,34.11,35.86,33.82,35.70,4796115,168708864.00
2019/05/31,35.40,35.99,34.85,35.10,3134830,111024040.00
2019/06/03,35.25,35.69,33.88,34.90,5273291,183802592.00
2019/06/04,35.00,35.35,34.02,34.30,2823410,97413136.00
2019/06/05,34.77,35.60,33.68,34.14,4945578,171421424.00
2019/06/06,34.14,34.92,33.54,33.85,3313248,113207776.00
2019/06/10,33.98,35.48,33.16,35.23,3787119,131346048.00
2019/06/11,35.68,36.49,35.15,36.09,3339171,119685160.00
2019/06/12,35.79,36.61,35.55,36.30,2384113,86304232.00
2019/06/13,36.02,38.51,36.02,37.90,3681171,137688048.00
2019/06/14,37.86,38.78,37.26,37.37,3507472,133604944.00
2019/06/17,37.50,38.70,36.23,37.11,4657259,173783120.00
2019/06/18,37.60,38.24,37.05,37.46,2255055,84580416.00
2019/06/19,38.12,38.67,37.39,37.75,3617003,137359264.00
2019/06/20,37.70,39.07,37.50,39.05,3486196,134213248.00
2019/06/21,38.98,39.54,37.80,38.27,3809067,146460864.00
2019/06/24,38.10,38.80,37.74,38.03,1976339,75263248.00
2019/06/25,37.55,38.29,37.06,37.80,3130902,117770072.00
2019/06/26,37.86,39.55,37.53,39.53,4645099,180022384.00
2019/06/27,39.50,39.86,38.80,39.55,3426878,134847424.00
2019/06/28,38.64,39.00,35.60,35.60,15281380,558335552.00
2019/07/01,35.25,36.90,35.01,36.38,9356179,338321888.00
2019/07/02,36.11,38.64,36.10,38.25,7102038,268069008.00
2019/07/03,38.25,38.38,37.01,37.38,4675022,176009328.00
2019/07/04,37.45,37.85,33.64,33.91,11943626,413720480.00
2019/07/05,34.35,36.09,34.10,35.90,7726841,273219776.00
2019/07/08,36.53,36.53,33.15,33.70,8038573,275222272.00
2019/07/09,33.80,34.22,33.30,33.60,3668687,123930200.00
2019/07/10,34.00,34.80,33.50,34.22,4081415,139915664.00
2019/07/11,34.15,34.52,33.20,33.22,4113993,138822656.00
2019/07/12,34.60,35.87,34.50,35.49,7893866,278400320.00
2019/07/15,35.60,36.19,34.98,35.45,5245443,186581184.00
2019/07/16,35.12,35.58,34.58,34.80,2875935,100387968.00
2019/07/17,34.52,35.13,34.37,34.90,2084588,72603200.00
2019/07/18,34.62,35.18,34.11,35.00,2199885,76422600.00
2019/07/19,35.08,35.35,34.81,35.02,1513298,53113204.00
2019/07/22,35.02,35.34,34.08,34.36,2267831,78486440.00
2019/07/23,34.50,34.78,34.10,34.38,1780307,61160760.00
2019/07/24,34.50,35.79,34.29,35.58,3721310,131036576.00
2019/07/25,35.54,36.97,35.23,36.73,3326481,121059584.00
2019/07/26,36.61,37.56,36.35,37.30,2624163,97816400.00
2019/07/29,36.50,37.29,36.18,36.35,3857730,140971232.00
2019/07/30,36.39,37.36,36.07,36.95,2367278,87248112.00
2019/07/31,36.78,37.09,36.22,36.70,1145198,42083732.00
2019/08/01,36.74,37.20,36.32,36.63,2217389,81601056.00
2019/08/02,36.01,36.97,35.71,36.94,2271072,82789336.00
2019/08/05,36.55,37.20,36.16,36.16,2166265,79473136.00
2019/08/06,35.31,36.27,35.20,35.78,2526984,90247864.00
2019/08/07,36.05,37.19,35.85,37.07,3317646,122194320.00
2019/08/08,37.00,37.89,36.80,37.54,4191978,156444448.00
2019/08/09,37.54,38.97,37.45,37.85,3804967,145651376.00
2019/08/12,38.09,39.77,37.91,39.60,4104091,160647488.00
2019/08/13,39.01,40.83,38.70,39.88,3975341,158902032.00
2019/08/14,39.99,40.44,39.51,39.93,1731735,69343320.00
2019/08/15,39.61,40.71,39.45,40.25,2418895,97118064.00
2019/08/16,40.29,41.10,39.83,40.98,2372494,96410728.00
2019/08/19,41.31,41.67,38.66,39.83,6780719,268877440.00
2019/08/20,39.58,41.80,39.58,41.79,5485759,223306240.00
2019/08/21,41.85,41.85,39.82,40.19,5111273,205895568.00
2019/08/22,40.22,40.37,38.91,39.75,3724104,147340416.00
2019/08/23,39.71,41.00,39.26,40.31,3778333,152692768.00
2019/08/26,40.01,40.87,39.72,40.35,2806012,112882136.00
2019/08/27,40.31,41.55,40.31,41.12,4126061,169082464.00
2019/08/28,41.49,43.65,41.49,42.56,7448113,316090560.00
2019/08/29,42.78,42.97,42.03,42.20,2271357,96122392.00
2019/08/30,42.49,43.46,42.10,42.43,3537495,151166720.00
2019/09/02,42.52,44.50,42.44,44.35,3739283,162875904.00
2019/09/03,44.24,45.60,44.10,45.31,2963365,133208704.00
2019/09/04,45.39,45.79,44.08,45.10,2404986,107791728.00
2019/09/05,45.20,45.47,43.88,44.00,5408129,239839104.00
2019/09/06,43.93,44.54,43.65,44.00,2444481,107585688.00
2019/09/09,44.37,45.78,43.86,45.09,3474466,156193616.00
2019/09/10,45.18,46.77,44.80,45.80,3216019,147860528.00
2019/09/11,46.19,47.20,44.90,45.31,4190141,192034896.00
2019/09/12,45.31,45.56,44.03,44.98,3390824,151752288.00
2019/09/16,45.09,45.17,43.78,44.51,5938408,262047248.00
2019/09/17,44.46,45.30,44.30,44.40,3368352,150776608.00
2019/09/18,44.85,45.90,44.68,45.50,3609599,163268000.00
2019/09/19,45.59,47.17,45.20,47.01,3741370,173942592.00
2019/09/20,47.20,47.79,46.65,47.49,3053638,144576384.00
2019/09/23,47.49,47.80,46.77,47.40,2378720,112568720.00
2019/09/24,47.39,48.47,47.20,48.10,2721977,130376600.00
2019/09/25,48.15,48.46,47.58,47.65,2128110,102051256.00
2019/09/26,47.61,48.86,46.66,46.83,3190060,151353072.00
2019/09/27,46.82,48.46,46.57,48.25,2614840,124984624.00
2019/09/30,48.10,50.67,47.81,49.69,4100252,203158848.00
2019/10/08,49.75,50.73,49.12,50.10,3418363,170498416.00
2019/10/09,50.28,50.28,49.16,50.12,2220439,110351792.00
2019/10/10,50.08,52.04,49.78,52.03,2812255,143930752.00
2019/10/11,52.37,52.37,51.28,51.89,2412330,124701848.00
2019/10/14,52.09,52.20,50.88,51.90,3119157,160583456.00
2019/10/15,51.82,51.86,50.51,51.00,3717587,189532816.00
2019/10/16,51.11,52.85,51.00,52.08,4107566,214099520.00
2019/10/17,52.20,52.75,51.51,51.99,2086194,108300336.00
2019/10/18,51.81,53.32,51.81,52.18,3055202,160566128.00
2019/10/21,52.05,52.54,48.00,49.50,7604697,376603488.00
2019/10/22,49.99,50.47,49.12,49.60,4196890,208372880.00
2019/10/23,50.00,50.36,47.10,47.40,6393493,306776736.00
2019/10/24,47.58,48.40,46.89,47.47,4150002,197192240.00
2019/10/25,47.78,48.19,47.20,47.77,2640594,126032672.00
2019/10/28,48.17,50.46,48.10,50.10,5508220,272246848.00
2019/10/29,50.50,51.30,50.00,50.42,3014433,152353888.00
2019/10/30,51.10,51.25,49.64,50.44,2743549,138543232.00
2019/10/31,50.20,51.48,50.20,51.15,2642138,134968960.00
2019/11/01,51.30,51.38,50.00,50.79,3282616,166052000.00
数据来源:通达信
