300697 电工合金 日线 前复权
      日期	    开盘	    最高	    最低	    收盘	    成交量	    成交额
2017/09/07,6.73,8.14,6.73,8.14,12000,130571.00
2017/09/08,8.98,8.98,8.98,8.98,3930,47513.70
2017/09/11,9.91,9.91,9.91,9.91,3958,52641.40
2017/09/12,10.94,10.94,10.94,10.94,5800,84854.00
2017/09/13,12.06,12.06,12.06,12.06,13100,210779.00
2017/09/14,13.30,13.30,13.30,13.30,12860,227622.00
2017/09/15,14.66,14.66,14.66,14.66,32230,627518.13
2017/09/18,16.16,16.16,16.16,16.16,43224,925858.06
2017/09/19,17.81,17.81,17.81,17.81,91495,2155622.25
2017/09/20,19.62,19.62,19.62,19.62,115264,2987643.00
2017/09/21,21.61,21.61,21.61,21.61,169500,4832445.00
2017/09/22,23.81,23.81,23.81,23.81,325375,10203760.00
2017/09/25,26.22,26.22,26.22,26.22,191068,6591846.00
2017/09/26,28.88,28.88,28.88,28.88,309277,11737062.00
2017/09/27,28.91,28.91,26.22,26.88,22890603,819310464.00
2017/09/28,26.15,29.60,25.40,29.60,24792500,901722816.00
2017/09/29,28.23,29.07,26.61,26.61,16238181,585756224.00
2017/10/09,25.26,25.57,23.91,24.11,14496827,467892064.00
2017/10/10,23.54,24.50,23.53,23.85,9691540,306521696.00
2017/10/11,23.79,24.26,22.24,22.38,11380221,346084416.00
2017/10/12,22.01,22.12,21.09,21.44,8185260,232286224.00
2017/10/13,21.47,21.96,21.38,21.61,5745291,164232624.00
2017/10/16,21.49,23.81,21.49,23.81,10026348,301501856.00
2017/10/17,23.81,26.19,23.59,25.04,19826719,656618624.00
2017/10/18,24.08,24.58,23.07,24.30,13459422,421487328.00
2017/10/19,23.76,24.50,23.27,23.34,9239865,289436736.00
2017/10/20,22.42,24.94,22.22,24.07,13207414,412395744.00
2017/10/23,23.45,23.52,22.59,22.90,9899196,301027168.00
2017/10/24,23.00,25.06,23.00,23.64,12429357,393426176.00
2017/10/25,23.88,25.14,22.14,24.65,14235476,448052032.00
2017/10/26,24.29,26.98,24.19,25.88,18386132,626174528.00
2017/10/27,24.92,26.57,24.70,25.01,13849107,464301728.00
2017/10/30,23.98,24.57,22.48,22.48,11675656,359691520.00
2017/10/31,22.34,23.14,21.89,22.74,8268801,246861232.00
2017/11/01,23.09,23.71,22.86,22.99,7844219,239913888.00
2017/11/02,22.42,22.88,22.05,22.66,7213335,213844080.00
2017/11/03,22.38,23.72,22.22,23.32,8843802,268887488.00
2017/11/06,23.38,24.54,23.35,24.29,10214785,322624800.00
2017/11/07,24.00,24.68,23.54,24.53,10604171,337418144.00
2017/11/08,24.45,26.61,24.23,25.57,16599041,551688448.00
2017/11/09,25.07,25.98,24.91,25.09,11410896,380459200.00
2017/11/10,25.09,25.44,24.38,24.38,8555445,279406400.00
2017/11/13,24.33,25.78,24.33,25.76,11742910,388307008.00
2017/11/14,25.46,26.34,24.93,26.21,13259906,448435552.00
2017/11/15,25.76,26.84,25.47,25.90,12698854,437017152.00
2017/11/16,25.14,25.51,23.28,23.28,10852176,351047488.00
2017/11/17,22.79,23.14,20.91,20.91,9654355,275792448.00
2017/11/20,20.68,20.99,18.91,20.68,5453889,145770592.00
2017/11/21,20.65,20.91,19.18,19.91,5999147,158763648.00
2017/11/22,20.03,20.65,19.76,20.24,4796704,128334560.00
2017/11/23,20.04,20.60,18.95,18.97,4880392,127541080.00
2017/11/24,18.56,19.53,18.41,18.89,4923232,122974408.00
2017/11/27,19.18,19.68,18.68,18.71,4300634,108837000.00
2017/11/28,18.57,19.18,18.53,19.05,3396083,84841056.00
2017/11/29,18.88,19.47,18.88,19.22,4440573,112493288.00
2017/11/30,19.22,19.38,18.46,18.48,4493391,111981616.00
2017/12/01,18.48,18.64,17.79,18.03,4430558,106036536.00
2017/12/04,17.95,18.02,16.20,16.20,5831096,129317088.00
2017/12/05,15.83,16.12,14.68,15.26,5232046,106471352.00
2017/12/06,15.10,15.77,15.01,15.71,3936055,80450256.00
2017/12/07,15.61,15.88,15.38,15.50,3234949,66916464.00
2017/12/08,15.51,16.26,15.42,16.07,4499988,95243712.00
2017/12/11,16.07,16.44,15.92,16.38,3620267,77487640.00
2017/12/12,16.19,16.34,15.46,15.48,3934900,82647384.00
2017/12/13,15.45,15.95,15.34,15.90,2738247,57133324.00
2017/12/14,15.90,16.21,15.58,16.09,2868690,60403396.00
2017/12/15,15.98,16.01,15.58,15.62,2669178,55825780.00
2017/12/18,15.73,16.45,15.48,16.25,4322403,91934968.00
2017/12/19,16.07,16.43,15.91,16.24,3727574,80028056.00
2017/12/20,16.11,16.31,15.54,15.75,3221706,67842184.00
2017/12/21,15.61,15.96,15.24,15.64,2715336,56434216.00
2017/12/22,15.68,16.28,15.45,15.91,3581704,76081824.00
2017/12/25,15.85,17.54,15.85,17.54,3804810,86338856.00
2017/12/26,18.07,18.95,17.77,18.38,13024473,315600352.00
2017/12/27,18.08,19.61,18.08,18.48,13200569,328349952.00
2017/12/28,18.54,20.35,18.54,20.35,12664735,325925280.00
2017/12/29,21.40,21.45,18.91,19.18,14273913,372524640.00
2018/01/02,19.06,19.34,18.33,19.31,8309542,207719312.00
2018/01/03,18.76,19.05,18.48,18.81,7145968,177397200.00
2018/01/04,18.54,19.41,18.49,19.36,8124303,203651376.00
2018/01/05,19.14,19.22,18.53,18.61,6342019,157530256.00
2018/01/08,18.17,19.21,18.14,18.91,6326211,157023648.00
2018/01/09,18.76,19.65,18.36,19.24,8459779,212685648.00
2018/01/10,19.03,19.22,18.22,18.29,6241340,154036256.00
2018/01/11,18.20,19.49,18.19,18.92,7537197,189465616.00
2018/01/12,18.68,19.41,18.38,19.34,8442396,211399904.00
2018/01/15,19.01,20.72,18.66,19.80,13038504,341210272.00
2018/01/16,19.14,20.84,19.13,20.43,11631684,310347392.00
2018/01/17,19.91,20.84,19.31,20.22,9184906,244399440.00
2018/01/18,19.99,20.93,19.53,19.58,7416246,197301888.00
2018/01/19,19.45,19.85,18.76,18.78,6485762,164849040.00
2018/01/22,18.53,18.61,17.11,17.64,5606145,132755088.00
2018/01/23,17.94,18.67,17.61,17.99,4062347,96965176.00
2018/01/24,17.91,18.30,17.76,18.06,3771031,90026296.00
2018/01/25,18.93,19.90,18.93,19.90,2872643,75207040.00
2018/01/26,20.83,21.68,20.18,20.38,16208903,443529696.00
2018/01/29,19.77,21.89,19.77,21.22,15042410,416595200.00
2018/01/30,20.53,21.59,20.27,20.57,10811565,296899904.00
2018/01/31,20.45,20.45,18.49,19.76,9488064,245322112.00
2018/02/01,19.56,21.07,19.56,19.80,10321763,276815936.00
2018/02/02,18.22,21.07,17.79,20.71,12033575,304864896.00
2018/02/05,19.51,20.40,18.61,18.61,8580140,221692016.00
2018/02/06,16.78,17.74,16.71,16.71,7055414,159620320.00
2018/02/07,17.14,17.30,15.07,15.90,6793092,146418784.00
2018/02/08,15.52,16.30,15.50,15.89,3559633,75368696.00
2018/02/09,15.10,15.55,14.27,14.27,4736716,92994752.00
2018/02/12,14.41,14.99,14.41,14.78,2902878,56917288.00
2018/02/13,15.05,15.34,14.69,14.79,2769350,55040040.00
2018/02/14,15.24,15.81,15.22,15.37,3817100,78438768.00
2018/02/22,15.44,16.58,15.17,15.90,3960328,82876952.00
2018/02/23,15.78,16.01,15.54,16.01,3420548,71702168.00
2018/02/26,16.31,16.73,16.10,16.57,4749618,103295424.00
2018/02/27,16.53,16.60,16.16,16.41,4305023,93378752.00
2018/02/28,16.12,16.84,15.84,16.84,6038154,131726016.00
2018/03/01,16.49,16.81,16.45,16.68,4005534,88442680.00
2018/03/02,16.59,16.76,16.22,16.26,3620180,78942656.00
2018/03/05,16.14,16.58,16.14,16.48,2697047,58773848.00
2018/03/06,16.58,17.84,16.45,17.02,7293296,164997200.00
2018/03/07,16.81,17.05,16.44,16.49,4661902,102917224.00
2018/03/08,16.38,17.99,16.38,17.37,9642939,222343232.00
2018/03/09,16.89,17.61,16.80,17.54,8446469,192478320.00
2018/03/12,17.45,18.45,17.38,18.02,8377757,199822960.00
2018/03/13,17.83,18.03,17.46,17.50,4867474,114002800.00
2018/03/14,17.31,18.00,17.30,17.71,5458147,128448640.00
2018/03/15,17.42,17.58,16.09,16.72,5729762,127563632.00
2018/03/16,16.67,16.89,16.54,16.73,2436261,53967940.00
2018/03/19,16.87,17.45,16.71,17.07,3287731,74338760.00
2018/03/20,16.79,17.28,16.68,17.28,3488951,78702512.00
2018/03/21,17.38,17.82,17.04,17.14,5262814,121775248.00
2018/03/22,17.71,17.96,17.16,17.38,5297391,123062856.00
2018/03/23,16.24,16.50,15.61,15.61,5029458,106781088.00
2018/03/26,15.06,15.73,14.28,15.62,3566066,71543120.00
2018/03/27,15.94,16.41,15.78,16.04,4055695,86392248.00
2018/03/28,15.84,16.85,15.84,16.22,4642070,101283104.00
2018/03/29,15.94,17.07,15.94,16.74,5419974,119242320.00
2018/03/30,16.62,17.84,16.61,17.01,5954202,134759536.00
2018/04/02,16.85,17.49,16.85,16.99,5215264,118120720.00
2018/04/03,16.61,17.60,16.36,17.54,8227293,186294960.00
2018/04/04,17.46,18.13,17.19,17.29,6931541,161452992.00
2018/04/09,16.84,17.98,16.71,17.90,6719506,156089408.00
2018/04/10,18.07,18.57,17.35,18.25,10248282,245366400.00
2018/04/11,18.61,18.86,17.92,18.08,6362859,153085840.00
2018/04/12,17.82,18.34,17.61,17.81,4874474,115686968.00
2018/04/13,17.96,18.53,17.91,18.07,5740141,138256400.00
2018/04/16,17.84,18.29,16.99,17.42,4854083,112829824.00
2018/04/17,17.91,18.67,17.38,17.48,5709863,135253376.00
2018/04/18,17.61,17.91,16.23,17.06,5333099,119557016.00
2018/04/19,17.50,18.61,17.50,18.26,12636754,305018176.00
2018/04/20,17.41,17.66,16.41,16.42,9405165,213688496.00
2018/04/23,16.16,16.41,15.49,15.80,4227917,89190960.00
2018/04/24,15.80,16.40,15.80,16.40,3199877,68632736.00
2018/04/25,16.30,16.57,16.16,16.55,3276518,71161664.00
2018/04/26,16.44,16.60,15.84,15.84,2765516,59047540.00
2018/04/27,15.93,16.21,15.93,15.94,1744658,37126416.00
2018/05/02,15.99,16.18,15.58,15.90,1852596,39055848.00
2018/05/03,15.91,16.18,15.61,16.18,2146668,45446956.00
2018/05/04,16.08,16.32,16.06,16.09,2048730,43942168.00
2018/05/07,16.22,16.65,16.18,16.51,3136709,68426672.00
2018/05/08,16.62,17.03,16.47,16.72,3720010,82518168.00
2018/05/09,16.72,16.91,16.46,16.87,3372380,74628184.00
2018/05/10,16.90,16.98,16.61,16.94,3131800,69734256.00
2018/05/11,16.95,17.38,16.94,17.06,5358316,121740240.00
2018/05/14,16.68,16.98,16.51,16.58,3135970,69316800.00
2018/05/15,16.58,17.04,16.54,17.02,2579940,57437644.00
2018/05/16,16.95,16.95,16.61,16.64,2529686,56240388.00
2018/05/17,16.61,17.34,16.59,17.18,5077836,114750568.00
2018/05/18,17.02,17.31,16.97,17.28,3781292,86068672.00
2018/05/21,17.30,17.98,17.18,17.59,5113482,118601128.00
2018/05/22,17.46,18.31,17.38,18.14,7064071,166538928.00
2018/05/23,18.45,18.45,17.82,18.22,6580818,157618896.00
2018/05/24,18.44,18.59,17.69,17.79,3610539,86063448.00
2018/05/25,18.16,19.60,17.91,18.32,12180856,301142144.00
2018/05/28,17.67,18.26,17.54,17.54,7331807,173253936.00
2018/05/29,17.38,18.07,17.26,17.54,4325506,101304224.00
2018/05/30,17.07,17.21,16.04,16.21,4851921,107668848.00
2018/05/31,16.52,17.04,16.36,16.80,3358912,74378920.00
2018/06/01,16.83,18.51,16.82,17.60,9433010,224095472.00
2018/06/04,17.38,18.45,17.11,18.18,10053476,237888240.00
2018/06/05,18.05,18.54,17.77,18.41,7748782,187004688.00
2018/06/06,19.01,19.84,18.59,18.77,12498177,315238720.00
2018/06/07,19.53,20.34,18.14,18.38,10845236,273644032.00
2018/06/08,17.47,18.09,17.28,17.68,7161821,167360304.00
2018/06/11,17.70,19.48,17.70,19.48,15306689,386173696.00
2018/06/12,19.78,20.27,19.15,19.60,16716329,435404864.00
2018/06/13,19.30,19.51,18.47,18.76,10488987,262877168.00
2018/06/14,18.86,19.15,18.01,18.71,10078433,191195904.00
2018/06/15,18.57,19.00,16.82,16.82,11839600,210647584.00
2018/06/19,15.43,15.76,15.11,15.11,5394965,84056984.00
2018/06/20,14.56,15.35,14.27,15.11,7399644,111431600.00
2018/06/21,14.90,15.68,14.06,14.36,7545459,114908704.00
2018/06/22,14.46,14.91,14.12,14.71,4900363,72828048.00
2018/06/25,14.86,15.14,14.66,14.68,4685909,70507368.00
2018/06/26,14.34,15.00,14.26,14.94,4628944,69318528.00
2018/06/27,14.92,15.31,14.74,15.14,5790445,88691448.00
2018/06/28,15.17,15.17,14.58,14.67,4728255,71474288.00
2018/06/29,14.66,15.12,14.58,15.06,4585273,69511584.00
2018/07/02,15.03,15.15,14.29,14.61,4556782,68370144.00
2018/07/03,14.63,14.92,14.32,14.88,3887370,58116996.00
2018/07/04,14.86,15.42,14.65,15.14,7108763,108835304.00
2018/07/05,14.91,14.91,14.36,14.37,5139184,76330704.00
2018/07/06,14.38,14.73,14.07,14.39,3633359,53466896.00
2018/07/09,14.56,15.34,14.56,15.08,4949451,75199128.00
2018/07/10,15.38,15.55,15.06,15.35,7030401,109420960.00
2018/07/11,14.76,15.03,14.43,14.81,5474511,81982168.00
2018/07/12,14.67,15.54,14.67,15.28,8573392,132369304.00
2018/07/13,15.49,15.69,15.17,15.63,8240833,129352504.00
2018/07/16,15.49,15.60,15.21,15.45,4539744,70929256.00
2018/07/17,15.36,15.36,14.99,15.34,3795095,58549316.00
2018/07/18,15.31,15.65,15.16,15.24,4316525,67530512.00
2018/07/19,15.35,15.42,14.57,14.74,4351310,66048536.00
2018/07/20,14.61,14.85,14.32,14.83,3468475,51584184.00
2018/07/23,14.87,15.61,14.61,15.50,7258820,112476920.00
2018/07/24,15.45,16.26,15.29,15.71,10219978,163924784.00
2018/07/25,15.66,15.92,15.38,15.74,7495277,119067624.00
2018/07/26,15.61,15.63,15.05,15.17,5195345,80714472.00
2018/07/27,15.07,15.30,14.79,14.91,3245500,49526676.00
2018/07/30,14.87,15.48,14.79,15.09,3604410,55363964.00
2018/07/31,14.92,15.16,14.81,14.92,2581284,39146184.00
2018/08/01,15.02,15.21,14.33,14.35,3324959,50028192.00
2018/08/02,14.16,14.29,12.89,13.14,5074489,68620640.00
2018/08/03,13.13,13.24,12.57,12.57,3220365,42208188.00
2018/08/06,12.47,12.63,11.60,11.91,3660153,45059184.00
2018/08/07,11.92,13.04,11.72,12.69,4758220,59945136.00
2018/08/08,12.61,12.65,12.02,12.12,3389995,42701668.00
2018/08/09,12.14,12.71,12.12,12.57,4168116,53350692.00
2018/08/10,12.64,12.64,12.32,12.53,3287071,41839592.00
2018/08/13,12.26,12.56,12.12,12.52,2983050,37449592.00
2018/08/14,12.45,12.70,12.33,12.60,2896410,36959652.00
2018/08/15,12.55,12.61,12.12,12.14,2494230,31343614.00
2018/08/16,11.79,12.23,11.56,12.09,2341210,28601988.00
2018/08/17,12.25,12.26,11.48,11.61,2551912,30899388.00
2018/08/20,11.63,11.85,11.35,11.79,2049721,24388396.00
2018/08/21,11.85,11.98,11.61,11.88,2013214,24287132.00
2018/08/22,11.80,11.88,11.50,11.53,1779796,21190592.00
2018/08/23,11.59,11.79,11.55,11.66,1716059,20448504.00
2018/08/24,11.69,11.79,11.56,11.62,1488055,17740618.00
2018/08/27,11.72,12.15,11.68,12.03,2665717,32434610.00
2018/08/28,12.07,12.61,11.92,12.35,4530210,56816396.00
2018/08/29,12.21,12.31,12.01,12.06,2236313,27636128.00
2018/08/30,12.06,12.18,11.56,11.62,2344689,28256924.00
2018/08/31,11.74,11.74,11.41,11.44,1619549,19093986.00
2018/09/03,11.50,11.58,11.01,11.33,1989794,22842698.00
2018/09/04,11.31,11.62,11.22,11.55,2010720,23525224.00
2018/09/05,11.55,11.84,11.28,11.30,2013374,23749290.00
2018/09/06,11.30,11.65,11.13,11.44,2141284,24916408.00
2018/09/07,11.44,11.63,11.18,11.30,2517098,29382882.00
2018/09/10,11.27,11.42,10.94,10.96,1688390,19265104.00
2018/09/11,11.07,11.22,10.95,11.12,1261240,14284931.00
2018/09/12,11.07,11.29,10.97,11.13,1553152,17693676.00
2018/09/13,11.46,11.47,11.13,11.38,1939531,22363998.00
2018/09/14,11.55,11.55,11.09,11.10,2176010,25123624.00
2018/09/17,10.98,11.07,10.76,10.76,1501730,16647801.00
2018/09/18,10.82,11.04,10.70,11.01,1593400,17741594.00
2018/09/19,11.15,12.14,11.09,11.67,6902502,82285184.00
2018/09/20,11.53,11.63,11.33,11.37,4567062,53344676.00
2018/09/21,11.33,11.56,11.23,11.45,3263548,37992948.00
2018/09/25,11.55,11.88,11.42,11.79,4690036,56148332.00
2018/09/26,11.70,11.80,11.56,11.70,3045318,36328404.00
2018/09/27,11.66,11.71,11.32,11.35,2831380,33263748.00
2018/09/28,11.37,11.71,11.36,11.63,2344082,27678854.00
2018/10/08,11.36,11.55,11.05,11.08,1975880,22755408.00
2018/10/09,11.06,11.53,11.04,11.44,2318075,26780390.00
2018/10/10,11.53,11.86,11.44,11.71,3464607,41266016.00
2018/10/11,11.21,11.34,10.52,10.53,3857470,42691308.00
2018/10/12,10.51,10.69,9.82,10.37,3126678,33270974.00
2018/10/15,10.46,10.67,10.36,10.39,2069926,22332712.00
2018/10/16,10.42,10.63,9.73,9.98,2321770,24280266.00
2018/10/17,10.09,10.31,9.86,10.15,2116784,21913008.00
2018/10/18,10.06,10.06,9.75,9.84,2117114,21405092.00
2018/10/19,9.56,10.03,9.46,9.98,1956199,19746540.00
2018/10/22,10.04,10.56,10.03,10.43,2439159,25810138.00
2018/10/23,10.37,11.09,10.21,10.54,3416134,36761708.00
2018/10/24,10.45,10.56,10.28,10.42,2207114,23516654.00
2018/10/25,10.06,10.23,9.91,10.11,2052808,21102000.00
2018/10/26,10.24,10.64,10.24,10.26,2628883,27931820.00
2018/10/29,10.20,10.30,10.05,10.15,1501753,15649988.00
2018/10/30,10.26,10.42,9.94,10.34,1877630,19717666.00
2018/10/31,10.39,11.40,10.31,11.39,10849906,122921928.00
2018/11/01,11.04,11.36,10.89,11.13,8271321,94287992.00
2018/11/02,11.21,11.54,11.00,11.49,8480016,97495928.00
2018/11/05,11.39,11.62,11.20,11.37,6258806,72901112.00
2018/11/06,11.16,11.26,10.93,11.13,3558109,40203804.00
2018/11/07,11.16,11.83,11.16,11.29,7930661,93226976.00
2018/11/08,11.57,11.62,11.04,11.09,4041026,46519960.00
2018/11/09,11.17,11.17,10.94,10.95,2452470,27685224.00
2018/11/12,10.95,11.36,10.76,11.34,3428894,39356764.00
2018/11/13,11.15,11.55,11.11,11.41,4695706,54379224.00
2018/11/14,11.39,11.60,11.24,11.34,3879296,45181252.00
2018/11/15,11.25,11.73,11.24,11.71,5770406,68019936.00
2018/11/16,11.65,11.77,11.51,11.66,4513524,53579536.00
2018/11/19,11.66,11.82,11.44,11.80,3818316,45310076.00
2018/11/20,11.69,11.74,11.27,11.33,3452986,40621172.00
2018/11/21,11.06,11.35,11.00,11.33,2271370,25995658.00
2018/11/22,11.33,11.40,11.17,11.30,1851890,21366434.00
2018/11/23,11.27,11.35,10.24,10.30,3748816,41154288.00
2018/11/26,10.34,10.50,10.26,10.27,1629695,17291882.00
2018/11/27,10.40,10.46,10.22,10.34,1370850,14531677.00
2018/11/28,10.40,10.47,10.10,10.45,1772150,18689504.00
2018/11/29,10.61,10.86,10.27,10.34,3432570,37355292.00
2018/11/30,10.20,10.48,10.16,10.45,1975310,20913660.00
2018/12/03,10.76,10.86,10.59,10.80,2774005,30480076.00
2018/12/04,10.71,10.85,10.64,10.82,2052940,22580604.00
2018/12/05,10.61,11.92,10.59,11.51,10695340,125642688.00
2018/12/06,11.33,11.44,10.97,11.05,6483523,74103144.00
2018/12/07,10.97,11.14,10.81,10.86,3620706,40466700.00
2018/12/10,10.78,10.96,10.75,10.87,2136905,23731962.00
2018/12/11,10.87,10.95,10.78,10.87,1872720,20757444.00
2018/12/12,11.02,11.12,10.89,11.10,2858705,32166380.00
2018/12/13,11.01,11.41,10.95,11.22,3993540,45743376.00
2018/12/14,11.11,11.17,10.66,10.72,3403950,38052092.00
2018/12/17,10.66,10.85,10.50,10.84,2204065,24060856.00
2018/12/18,10.66,10.96,10.66,10.83,1894150,20967746.00
2018/12/19,10.81,10.95,10.69,10.74,1793605,19895796.00
2018/12/20,10.61,10.94,10.61,10.94,1896896,21044894.00
2018/12/21,10.99,11.02,10.70,10.93,1731650,19245852.00
2018/12/24,11.06,11.27,10.91,11.17,3506631,39889088.00
2018/12/25,11.05,11.21,10.52,11.10,3772087,41906384.00
2018/12/26,11.08,11.63,11.04,11.45,6361771,73638352.00
2018/12/27,11.50,11.53,10.96,10.97,4099126,47055412.00
2018/12/28,10.97,11.01,10.66,10.78,2376800,26344032.00
2017/09/07,8.92,10.75,8.92,10.75,12000,130571.00
2017/09/08,11.85,11.85,11.85,11.85,3930,47513.70
2017/09/11,13.06,13.06,13.06,13.06,3958,52641.40
2017/09/12,14.39,14.39,14.39,14.39,5800,84854.00
2017/09/13,15.85,15.85,15.85,15.85,13100,210779.00
2017/09/14,17.46,17.46,17.46,17.46,12860,227622.00
2017/09/15,19.23,19.23,19.23,19.23,32230,627518.13
2017/09/18,21.18,21.18,21.18,21.18,43224,925858.06
2017/09/19,23.32,23.32,23.32,23.32,91495,2155622.25
2017/09/20,25.68,25.68,25.68,25.68,115264,2987643.00
2017/09/21,28.27,28.27,28.27,28.27,169500,4832445.00
2017/09/22,31.12,31.12,31.12,31.12,325375,10203760.00
2017/09/25,34.26,34.26,34.26,34.26,191068,6591846.00
2017/09/26,37.71,37.71,37.71,37.71,309277,11737062.00
2017/09/27,37.76,37.76,34.26,35.11,22890603,819310464.00
2017/09/28,34.17,38.65,33.19,38.65,24792500,901722816.00
2017/09/29,36.87,37.96,34.76,34.76,16238181,585756224.00
2017/10/09,33.01,33.41,31.26,31.52,14496827,467892064.00
2017/10/10,30.77,32.02,30.76,31.18,9691540,306521696.00
2017/10/11,31.10,31.71,29.08,29.27,11380221,346084416.00
2017/10/12,28.78,28.93,27.59,28.05,8185260,232286224.00
2017/10/13,28.08,28.72,27.97,28.27,5745291,164232624.00
2017/10/16,28.11,31.12,28.11,31.12,10026348,301501856.00
2017/10/17,31.12,34.22,30.84,32.72,19826719,656618624.00
2017/10/18,31.48,32.12,30.16,31.76,13459422,421487328.00
2017/10/19,31.06,32.02,30.42,30.51,9239865,289436736.00
2017/10/20,29.32,32.60,29.06,31.46,13207414,412395744.00
2017/10/23,30.66,30.75,29.54,29.94,9899196,301027168.00
2017/10/24,30.07,32.75,30.07,30.90,12429357,393426176.00
2017/10/25,31.21,32.86,28.95,32.22,14235476,448052032.00
2017/10/26,31.75,35.24,31.62,33.81,18386132,626174528.00
2017/10/27,32.57,34.71,32.28,32.68,13849107,464301728.00
2017/10/30,31.35,32.11,29.39,29.39,11675656,359691520.00
2017/10/31,29.22,30.26,28.63,29.73,8268801,246861232.00
2017/11/01,30.19,30.99,29.89,30.06,7844219,239913888.00
2017/11/02,29.32,29.91,28.84,29.63,7213335,213844080.00
2017/11/03,29.26,31.01,29.06,30.49,8843802,268887488.00
2017/11/06,30.57,32.08,30.53,31.75,10214785,322624800.00
2017/11/07,31.37,32.26,30.78,32.06,10604171,337418144.00
2017/11/08,31.96,34.76,31.67,33.41,16599041,551688448.00
2017/11/09,32.76,33.95,32.56,32.79,11410896,380459200.00
2017/11/10,32.79,33.25,31.86,31.86,8555445,279406400.00
2017/11/13,31.80,33.68,31.80,33.66,11742910,388307008.00
2017/11/14,33.27,34.42,32.58,34.25,13259906,448435552.00
2017/11/15,33.66,35.07,33.28,33.84,12698854,437017152.00
2017/11/16,32.85,33.34,30.43,30.43,10852176,351047488.00
2017/11/17,29.80,30.25,27.36,27.36,9654355,275792448.00
2017/11/20,27.06,27.46,24.76,27.05,5453889,145770592.00
2017/11/21,27.02,27.36,25.11,26.06,5999147,158763648.00
2017/11/22,26.21,27.02,25.86,26.48,4796704,128334560.00
2017/11/23,26.22,26.95,24.81,24.83,4880392,127541080.00
2017/11/24,24.30,25.56,24.11,24.73,4923232,122974408.00
2017/11/27,25.11,25.75,24.46,24.50,4300634,108837000.00
2017/11/28,24.31,25.11,24.26,24.94,3396083,84841056.00
2017/11/29,24.71,25.48,24.71,25.16,4440573,112493288.00
2017/11/30,25.16,25.36,24.17,24.19,4493391,111981616.00
2017/12/01,24.20,24.40,23.30,23.61,4430558,106036536.00
2017/12/04,23.51,23.60,21.23,21.23,5831096,129317088.00
2017/12/05,20.75,21.13,19.26,20.01,5232046,106471352.00
2017/12/06,19.80,20.67,19.68,20.60,3936055,80450256.00
2017/12/07,20.46,20.82,20.16,20.32,3234949,66916464.00
2017/12/08,20.34,21.31,20.22,21.06,4499988,95243712.00
2017/12/11,21.06,21.54,20.87,21.46,3620267,77487640.00
2017/12/12,21.22,21.42,20.27,20.29,3934900,82647384.00
2017/12/13,20.26,20.91,20.11,20.84,2738247,57133324.00
2017/12/14,20.84,21.25,20.42,21.09,2868690,60403396.00
2017/12/15,20.95,20.98,20.43,20.48,2669178,55825780.00
2017/12/18,20.62,21.56,20.29,21.30,4322403,91934968.00
2017/12/19,21.06,21.53,20.86,21.29,3727574,80028056.00
2017/12/20,21.12,21.37,20.37,20.65,3221706,67842184.00
2017/12/21,20.46,20.92,19.99,20.51,2715336,56434216.00
2017/12/22,20.56,21.34,20.26,20.86,3581704,76081824.00
2017/12/25,20.78,22.97,20.78,22.97,3804810,86338856.00
2017/12/26,23.66,24.81,23.27,24.06,13024473,315600352.00
2017/12/27,23.68,25.66,23.68,24.19,13200569,328349952.00
2017/12/28,24.27,26.63,24.27,26.63,12664735,325925280.00
2017/12/29,27.99,28.06,24.76,25.11,14273913,372524640.00
2018/01/02,24.95,25.31,24.00,25.28,8309542,207719312.00
2018/01/03,24.56,24.94,24.20,24.62,7145968,177397200.00
2018/01/04,24.27,25.40,24.21,25.34,8124303,203651376.00
2018/01/05,25.06,25.16,24.26,24.36,6342019,157530256.00
2018/01/08,23.79,25.15,23.76,24.76,6326211,157023648.00
2018/01/09,24.56,25.72,24.04,25.18,8459779,212685648.00
2018/01/10,24.91,25.16,23.86,23.95,6241340,154036256.00
2018/01/11,23.83,25.51,23.82,24.77,7537197,189465616.00
2018/01/12,24.46,25.41,24.06,25.32,8442396,211399904.00
2018/01/15,24.89,27.11,24.43,25.91,13038504,341210272.00
2018/01/16,25.06,27.26,25.04,26.73,11631684,310347392.00
2018/01/17,26.06,27.26,25.27,26.46,9184906,244399440.00
2018/01/18,26.16,27.38,25.56,25.63,7416246,197301888.00
2018/01/19,25.46,25.98,24.56,24.59,6485762,164849040.00
2018/01/22,24.26,24.36,22.42,23.11,5606145,132755088.00
2018/01/23,23.49,24.44,23.06,23.56,4062347,96965176.00
2018/01/24,23.46,23.96,23.26,23.65,3771031,90026296.00
2018/01/25,24.78,26.04,24.78,26.04,2872643,75207040.00
2018/01/26,27.25,28.36,26.40,26.66,16208903,443529696.00
2018/01/29,25.87,28.63,25.87,27.76,15042410,416595200.00
2018/01/30,26.86,28.24,26.52,26.91,10811565,296899904.00
2018/01/31,26.76,26.76,24.21,25.86,9488064,245322112.00
2018/02/01,25.60,27.56,25.60,25.91,10321763,276815936.00
2018/02/02,23.86,27.56,23.30,27.09,12033575,304864896.00
2018/02/05,25.54,26.69,24.36,24.36,8580140,221692016.00
2018/02/06,21.99,23.24,21.90,21.90,7055414,159620320.00
2018/02/07,22.46,22.66,19.76,20.84,6793092,146418784.00
2018/02/08,20.35,21.36,20.32,20.83,3559633,75368696.00
2018/02/09,19.80,20.39,18.72,18.72,4736716,92994752.00
2018/02/12,18.91,19.66,18.91,19.39,2902878,56917288.00
2018/02/13,19.74,20.11,19.27,19.40,2769350,55040040.00
2018/02/14,19.99,20.73,19.96,20.15,3817100,78438768.00
2018/02/22,20.24,21.73,19.89,20.84,3960328,82876952.00
2018/02/23,20.69,20.99,20.37,20.98,3420548,71702168.00
2018/02/26,21.38,21.92,21.10,21.71,4749618,103295424.00
2018/02/27,21.66,21.75,21.18,21.50,4305023,93378752.00
2018/02/28,21.13,22.07,20.77,22.06,6038154,131726016.00
2018/03/01,21.61,22.02,21.56,21.86,4005534,88442680.00
2018/03/02,21.74,21.96,21.26,21.31,3620180,78942656.00
2018/03/05,21.15,21.73,21.15,21.60,2697047,58773848.00
2018/03/06,21.72,23.36,21.56,22.30,7293296,164997200.00
2018/03/07,22.03,22.34,21.55,21.61,4661902,102917224.00
2018/03/08,21.46,23.56,21.46,22.75,9642939,222343232.00
2018/03/09,22.13,23.06,22.01,22.97,8446469,192478320.00
2018/03/12,22.86,24.16,22.77,23.60,8377757,199822960.00
2018/03/13,23.35,23.61,22.87,22.92,4867474,114002800.00
2018/03/14,22.67,23.57,22.66,23.19,5458147,128448640.00
2018/03/15,22.82,23.03,21.09,21.91,5729762,127563632.00
2018/03/16,21.84,22.13,21.67,21.92,2436261,53967940.00
2018/03/19,22.10,22.86,21.89,22.36,3287731,74338760.00
2018/03/20,22.00,22.64,21.86,22.64,3488951,78702512.00
2018/03/21,22.76,23.34,22.32,22.46,5262814,121775248.00
2018/03/22,23.19,23.52,22.48,22.76,5297391,123062856.00
2018/03/23,21.29,21.62,20.46,20.46,5029458,106781088.00
2018/03/26,19.75,20.62,18.73,20.48,3566066,71543120.00
2018/03/27,20.89,21.50,20.69,21.03,4055695,86392248.00
2018/03/28,20.76,22.08,20.76,21.26,4642070,101283104.00
2018/03/29,20.90,22.36,20.90,21.93,5419974,119242320.00
2018/03/30,21.78,23.36,21.77,22.28,5954202,134759536.00
2018/04/02,22.08,22.91,22.08,22.26,5215264,118120720.00
2018/04/03,21.76,23.05,21.44,22.98,8227293,186294960.00
2018/04/04,22.87,23.74,22.52,22.65,6931541,161452992.00
2018/04/09,22.06,23.55,21.90,23.44,6719506,156089408.00
2018/04/10,23.66,24.31,22.73,23.90,10248282,245366400.00
2018/04/11,24.36,24.69,23.47,23.68,6362859,153085840.00
2018/04/12,23.34,24.02,23.07,23.32,4874474,115686968.00
2018/04/13,23.52,24.26,23.45,23.66,5740141,138256400.00
2018/04/16,23.37,23.95,22.26,22.82,4854083,112829824.00
2018/04/17,23.45,24.44,22.76,22.89,5709863,135253376.00
2018/04/18,23.06,23.46,21.27,22.35,5333099,119557016.00
2018/04/19,22.92,24.36,22.92,23.91,12636754,305018176.00
2018/04/20,22.81,23.13,21.50,21.52,9405165,213688496.00
2018/04/23,21.18,21.51,20.31,20.71,4227917,89190960.00
2018/04/24,20.71,21.49,20.71,21.49,3199877,68632736.00
2018/04/25,21.36,21.71,21.18,21.69,3276518,71161664.00
2018/04/26,21.55,21.75,20.76,20.77,2765516,59047540.00
2018/04/27,20.88,21.25,20.88,20.90,1744658,37126416.00
2018/05/02,20.96,21.20,20.42,20.84,1852596,39055848.00
2018/05/03,20.86,21.21,20.46,21.20,2146668,45446956.00
2018/05/04,21.07,21.39,21.05,21.09,2048730,43942168.00
2018/05/07,21.26,21.82,21.21,21.63,3136709,68426672.00
2018/05/08,21.78,22.31,21.58,21.91,3720010,82518168.00
2018/05/09,21.91,22.16,21.57,22.10,3372380,74628184.00
2018/05/10,22.14,22.24,21.77,22.20,3131800,69734256.00
2018/05/11,22.21,22.76,22.20,22.35,5358316,121740240.00
2018/05/14,21.85,22.24,21.63,21.73,3135970,69316800.00
2018/05/15,21.72,22.33,21.67,22.30,2579940,57437644.00
2018/05/16,22.21,22.21,21.77,21.81,2529686,56240388.00
2018/05/17,21.76,22.71,21.74,22.51,5077836,114750568.00
2018/05/18,22.30,22.68,22.23,22.63,3781292,86068672.00
2018/05/21,22.66,23.55,22.51,23.04,5113482,118601128.00
2018/05/22,22.87,23.97,22.77,23.76,7064071,166538928.00
2018/05/23,24.16,24.16,23.34,23.86,6580818,157618896.00
2018/05/24,24.14,24.34,23.17,23.30,3610539,86063448.00
2018/05/25,23.78,25.65,23.45,23.99,12180856,301142144.00
2018/05/28,23.14,23.91,22.97,22.98,7331807,173253936.00
2018/05/29,22.76,23.66,22.61,22.98,4325506,101304224.00
2018/05/30,22.36,22.55,21.02,21.24,4851921,107668848.00
2018/05/31,21.65,22.32,21.44,22.01,3358912,74378920.00
2018/06/01,22.05,24.24,22.04,23.05,9433010,224095472.00
2018/06/04,22.76,24.16,22.42,23.80,10053476,237888240.00
2018/06/05,23.64,24.27,23.27,24.11,7748782,187004688.00
2018/06/06,24.88,25.97,24.34,24.57,12498177,315238720.00
2018/06/07,25.56,26.62,23.76,24.06,10845236,273644032.00
2018/06/08,22.88,23.69,22.64,23.16,7161821,167360304.00
2018/06/11,23.18,25.50,23.18,25.50,15306689,386173696.00
2018/06/12,25.88,26.52,25.07,25.65,16716329,435404864.00
2018/06/13,25.26,25.53,24.18,24.56,10488987,262877168.00
2018/06/14,18.86,19.15,18.01,18.71,10078433,191195904.00
2018/06/15,18.57,19.00,16.82,16.82,11839600,210647584.00
2018/06/19,15.43,15.76,15.11,15.11,5394965,84056984.00
2018/06/20,14.56,15.35,14.27,15.11,7399644,111431600.00
2018/06/21,14.90,15.68,14.06,14.36,7545459,114908704.00
2018/06/22,14.46,14.91,14.12,14.71,4900363,72828048.00
2018/06/25,14.86,15.14,14.66,14.68,4685909,70507368.00
2018/06/26,14.34,15.00,14.26,14.94,4628944,69318528.00
2018/06/27,14.92,15.31,14.74,15.14,5790445,88691448.00
2018/06/28,15.17,15.17,14.58,14.67,4728255,71474288.00
2018/06/29,14.66,15.12,14.58,15.06,4585273,69511584.00
2018/07/02,15.03,15.15,14.29,14.61,4556782,68370144.00
2018/07/03,14.63,14.92,14.32,14.88,3887370,58116996.00
2018/07/04,14.86,15.42,14.65,15.14,7108763,108835304.00
2018/07/05,14.91,14.91,14.36,14.37,5139184,76330704.00
2018/07/06,14.38,14.73,14.07,14.39,3633359,53466896.00
2018/07/09,14.56,15.34,14.56,15.08,4949451,75199128.00
2018/07/10,15.38,15.55,15.06,15.35,7030401,109420960.00
2018/07/11,14.76,15.03,14.43,14.81,5474511,81982168.00
2018/07/12,14.67,15.54,14.67,15.28,8573392,132369304.00
2018/07/13,15.49,15.69,15.17,15.63,8240833,129352504.00
2018/07/16,15.49,15.60,15.21,15.45,4539744,70929256.00
2018/07/17,15.36,15.36,14.99,15.34,3795095,58549316.00
2018/07/18,15.31,15.65,15.16,15.24,4316525,67530512.00
2018/07/19,15.35,15.42,14.57,14.74,4351310,66048536.00
2018/07/20,14.61,14.85,14.32,14.83,3468475,51584184.00
2018/07/23,14.87,15.61,14.61,15.50,7258820,112476920.00
2018/07/24,15.45,16.26,15.29,15.71,10219978,163924784.00
2018/07/25,15.66,15.92,15.38,15.74,7495277,119067624.00
2018/07/26,15.61,15.63,15.05,15.17,5195345,80714472.00
2018/07/27,15.07,15.30,14.79,14.91,3245500,49526676.00
2018/07/30,14.87,15.48,14.79,15.09,3604410,55363964.00
2018/07/31,14.92,15.16,14.81,14.92,2581284,39146184.00
2018/08/01,15.02,15.21,14.33,14.35,3324959,50028192.00
2018/08/02,14.16,14.29,12.89,13.14,5074489,68620640.00
2018/08/03,13.13,13.24,12.57,12.57,3220365,42208188.00
2018/08/06,12.47,12.63,11.60,11.91,3660153,45059184.00
2018/08/07,11.92,13.04,11.72,12.69,4758220,59945136.00
2018/08/08,12.61,12.65,12.02,12.12,3389995,42701668.00
2018/08/09,12.14,12.71,12.12,12.57,4168116,53350692.00
2018/08/10,12.64,12.64,12.32,12.53,3287071,41839592.00
2018/08/13,12.26,12.56,12.12,12.52,2983050,37449592.00
2018/08/14,12.45,12.70,12.33,12.60,2896410,36959652.00
2018/08/15,12.55,12.61,12.12,12.14,2494230,31343614.00
2018/08/16,11.79,12.23,11.56,12.09,2341210,28601988.00
2018/08/17,12.25,12.26,11.48,11.61,2551912,30899388.00
2018/08/20,11.63,11.85,11.35,11.79,2049721,24388396.00
2018/08/21,11.85,11.98,11.61,11.88,2013214,24287132.00
2018/08/22,11.80,11.88,11.50,11.53,1779796,21190592.00
2018/08/23,11.59,11.79,11.55,11.66,1716059,20448504.00
2018/08/24,11.69,11.79,11.56,11.62,1488055,17740618.00
2018/08/27,11.72,12.15,11.68,12.03,2665717,32434610.00
2018/08/28,12.07,12.61,11.92,12.35,4530210,56816396.00
2018/08/29,12.21,12.31,12.01,12.06,2236313,27636128.00
2018/08/30,12.06,12.18,11.56,11.62,2344689,28256924.00
2018/08/31,11.74,11.74,11.41,11.44,1619549,19093986.00
2018/09/03,11.50,11.58,11.01,11.33,1989794,22842698.00
2018/09/04,11.31,11.62,11.22,11.55,2010720,23525224.00
2018/09/05,11.55,11.84,11.28,11.30,2013374,23749290.00
2018/09/06,11.30,11.65,11.13,11.44,2141284,24916408.00
2018/09/07,11.44,11.63,11.18,11.30,2517098,29382882.00
2018/09/10,11.27,11.42,10.94,10.96,1688390,19265104.00
2018/09/11,11.07,11.22,10.95,11.12,1261240,14284931.00
2018/09/12,11.07,11.29,10.97,11.13,1553152,17693676.00
2018/09/13,11.46,11.47,11.13,11.38,1939531,22363998.00
2018/09/14,11.55,11.55,11.09,11.10,2176010,25123624.00
2018/09/17,10.98,11.07,10.76,10.76,1501730,16647801.00
2018/09/18,10.82,11.04,10.70,11.01,1593400,17741594.00
2018/09/19,11.15,12.14,11.09,11.67,6902502,82285184.00
2018/09/20,11.53,11.63,11.33,11.37,4567062,53344676.00
2018/09/21,11.33,11.56,11.23,11.45,3263548,37992948.00
2018/09/25,11.55,11.88,11.42,11.79,4690036,56148332.00
2018/09/26,11.70,11.80,11.56,11.70,3045318,36328404.00
2018/09/27,11.66,11.71,11.32,11.35,2831380,33263748.00
2018/09/28,11.37,11.71,11.36,11.63,2344082,27678854.00
2018/10/08,11.36,11.55,11.05,11.08,1975880,22755408.00
2018/10/09,11.06,11.53,11.04,11.44,2318075,26780390.00
2018/10/10,11.53,11.86,11.44,11.71,3464607,41266016.00
2018/10/11,11.21,11.34,10.52,10.53,3857470,42691308.00
2018/10/12,10.51,10.69,9.82,10.37,3126678,33270974.00
2018/10/15,10.46,10.67,10.36,10.39,2069926,22332712.00
2018/10/16,10.42,10.63,9.73,9.98,2321770,24280266.00
2018/10/17,10.09,10.31,9.86,10.15,2116784,21913008.00
2018/10/18,10.06,10.06,9.75,9.84,2117114,21405092.00
2018/10/19,9.56,10.03,9.46,9.98,1956199,19746540.00
2018/10/22,10.04,10.56,10.03,10.43,2439159,25810138.00
2018/10/23,10.37,11.09,10.21,10.54,3416134,36761708.00
2018/10/24,10.45,10.56,10.28,10.42,2207114,23516654.00
2018/10/25,10.06,10.23,9.91,10.11,2052808,21102000.00
2018/10/26,10.24,10.64,10.24,10.26,2628883,27931820.00
2018/10/29,10.20,10.30,10.05,10.15,1501753,15649988.00
2018/10/30,10.26,10.42,9.94,10.34,1877630,19717666.00
2018/10/31,10.39,11.40,10.31,11.39,10849906,122921928.00
2018/11/01,11.04,11.36,10.89,11.13,8271321,94287992.00
2018/11/02,11.21,11.54,11.00,11.49,8480016,97495928.00
2018/11/05,11.39,11.62,11.20,11.37,6258806,72901112.00
2018/11/06,11.16,11.26,10.93,11.13,3558109,40203804.00
2018/11/07,11.16,11.83,11.16,11.29,7930661,93226976.00
2018/11/08,11.57,11.62,11.04,11.09,4041026,46519960.00
2018/11/09,11.17,11.17,10.94,10.95,2452470,27685224.00
2018/11/12,10.95,11.36,10.76,11.34,3428894,39356764.00
2018/11/13,11.15,11.55,11.11,11.41,4695706,54379224.00
2018/11/14,11.39,11.60,11.24,11.34,3879296,45181252.00
2018/11/15,11.25,11.73,11.24,11.71,5770406,68019936.00
2018/11/16,11.65,11.77,11.51,11.66,4513524,53579536.00
2018/11/19,11.66,11.82,11.44,11.80,3818316,45310076.00
2018/11/20,11.69,11.74,11.27,11.33,3452986,40621172.00
2018/11/21,11.06,11.35,11.00,11.33,2271370,25995658.00
2018/11/22,11.33,11.40,11.17,11.30,1851890,21366434.00
2018/11/23,11.27,11.35,10.24,10.30,3748816,41154288.00
2018/11/26,10.34,10.50,10.26,10.27,1629695,17291882.00
2018/11/27,10.40,10.46,10.22,10.34,1370850,14531677.00
2018/11/28,10.40,10.47,10.10,10.45,1772150,18689504.00
2018/11/29,10.61,10.86,10.27,10.34,3432570,37355292.00
2018/11/30,10.20,10.48,10.16,10.45,1975310,20913660.00
2018/12/03,10.76,10.86,10.59,10.80,2774005,30480076.00
2018/12/04,10.71,10.85,10.64,10.82,2052940,22580604.00
2018/12/05,10.61,11.92,10.59,11.51,10695340,125642688.00
2018/12/06,11.33,11.44,10.97,11.05,6483523,74103144.00
2018/12/07,10.97,11.14,10.81,10.86,3620706,40466700.00
2018/12/10,10.78,10.96,10.75,10.87,2136905,23731962.00
2018/12/11,10.87,10.95,10.78,10.87,1872720,20757444.00
2018/12/12,11.02,11.12,10.89,11.10,2858705,32166380.00
2018/12/13,11.01,11.41,10.95,11.22,3993540,45743376.00
2018/12/14,11.11,11.17,10.66,10.72,3403950,38052092.00
2018/12/17,10.66,10.85,10.50,10.84,2204065,24060856.00
2018/12/18,10.66,10.96,10.66,10.83,1894150,20967746.00
2018/12/19,10.81,10.95,10.69,10.74,1793605,19895796.00
2018/12/20,10.61,10.94,10.61,10.94,1896896,21044894.00
2018/12/21,10.99,11.02,10.70,10.93,1731650,19245852.00
2018/12/24,11.06,11.27,10.91,11.17,3506631,39889088.00
2018/12/25,11.05,11.21,10.52,11.10,3772087,41906384.00
2018/12/26,11.08,11.63,11.04,11.45,6361771,73638352.00
2018/12/27,11.50,11.53,10.96,10.97,4099126,47055412.00
2018/12/28,10.97,11.01,10.66,10.78,2376800,26344032.00
2019/01/02,10.79,11.04,10.78,10.82,1724170,19140772.00
2019/01/03,10.86,11.32,10.77,11.16,4069477,46042404.00
2019/01/04,10.96,11.83,10.84,11.65,7990440,93834328.00
2019/01/07,11.62,12.24,11.52,12.22,10654176,129955648.00
2019/01/08,12.09,12.09,11.80,11.88,5984976,72773416.00
2019/01/09,11.94,12.14,11.69,11.69,6081480,73808624.00
2019/01/10,11.77,11.81,11.56,11.64,3523130,41979816.00
2019/01/11,11.63,11.86,11.58,11.83,3928355,47107076.00
2019/01/14,11.88,12.24,11.75,11.77,5784160,70616176.00
2019/01/15,11.72,11.76,11.47,11.74,3530075,41894580.00
2019/01/16,11.76,11.76,11.48,11.53,2945345,34859492.00
2019/01/17,11.62,11.62,11.26,11.28,2637580,30764446.00
2019/01/18,11.25,11.66,11.25,11.50,3115308,36512688.00
2019/01/21,11.38,11.51,11.33,11.42,2344320,27333406.00
2019/01/22,11.41,11.69,11.31,11.52,2355515,27639792.00
2019/01/23,11.38,11.73,11.34,11.70,3055180,36108616.00
2019/01/24,11.61,11.77,11.55,11.59,3088415,36729380.00
2019/01/25,11.52,11.72,11.32,11.32,2151065,25327914.00
2019/01/28,11.40,11.53,10.89,10.92,2362600,27120152.00
2019/01/29,10.93,11.04,9.96,10.37,2815780,29991928.00
2019/01/30,10.31,10.45,10.11,10.18,1523750,16067017.00
2019/01/31,10.20,10.36,9.69,9.87,1996200,20560548.00
2019/02/01,9.94,10.23,9.94,10.23,1324504,13733772.00
2019/02/11,10.25,10.64,10.24,10.56,1764400,18886880.00
2019/02/12,10.63,10.68,10.51,10.66,2061209,22368516.00
2019/02/13,10.66,11.02,10.59,10.81,2843130,31405542.00
2019/02/14,10.76,10.95,10.71,10.80,2329706,25776036.00
2019/02/15,10.82,10.92,10.78,10.85,2090135,23176316.00
2019/02/18,10.90,11.22,10.89,11.21,3161451,35780980.00
2019/02/19,11.36,11.40,10.90,11.07,3267660,37141064.00
2019/02/20,11.19,11.60,11.09,11.33,4969385,57723652.00
2019/02/21,11.30,11.41,11.07,11.19,3723647,42644624.00
2019/02/22,11.18,11.35,10.99,11.33,3240570,37222368.00
2019/02/25,11.46,11.94,11.35,11.92,6787524,81188352.00
2019/02/26,11.77,12.39,11.64,11.88,8989675,110179512.00
2019/02/27,11.84,12.09,11.65,11.74,5435808,65697592.00
2019/02/28,11.82,11.99,11.73,11.92,3495804,42319208.00
2019/03/01,12.01,12.01,11.67,11.82,3143626,37836932.00
2019/03/04,11.81,12.20,11.81,11.90,5827791,71431768.00
2019/03/05,11.90,12.23,11.90,12.18,6008502,74165880.00
2019/03/06,12.31,12.86,12.14,12.64,8918740,113061808.00
2019/03/07,12.52,13.44,12.37,13.01,10227163,134239920.00
2019/03/08,12.65,12.83,12.01,12.05,7871908,100243336.00
2019/03/11,12.07,12.67,12.07,12.59,5350998,67889168.00
2019/03/12,12.77,13.35,12.64,12.90,7656505,100494480.00
2019/03/13,12.91,13.15,12.56,13.15,8713286,114479720.00
2019/03/14,13.06,13.06,12.15,12.36,6194767,79289616.00
2019/03/15,12.45,12.58,12.18,12.42,3628841,45936628.00
2019/03/18,12.45,12.87,12.43,12.79,4603827,59368120.00
2019/03/19,12.89,13.09,12.57,12.91,5808146,75891840.00
2019/03/20,12.91,12.93,12.39,12.72,4112970,53142976.00
2019/03/21,12.74,13.11,12.74,13.00,6829921,90075464.00
2019/03/22,12.92,12.92,12.58,12.88,4508045,58690184.00
2019/03/25,12.54,12.72,12.46,12.53,3441111,44128480.00
2019/03/26,12.62,12.63,11.96,11.99,4226780,52804504.00
2019/03/27,12.02,12.13,11.88,12.06,2445510,29973528.00
2019/03/28,11.97,12.15,11.86,11.88,1986051,24321652.00
2019/03/29,11.97,12.36,11.89,12.28,3142971,38973172.00
2019/04/01,12.43,12.81,12.38,12.71,4092285,52642204.00
2019/04/02,12.74,12.99,12.62,12.88,5292049,68883392.00
2019/04/03,12.79,12.91,12.64,12.84,4025716,52408128.00
2019/04/04,13.01,13.16,12.67,12.82,4299930,56443860.00
2019/04/08,12.85,13.44,12.68,13.38,9032551,120825056.00
2019/04/09,13.26,13.41,12.91,13.07,5369564,71697088.00
2019/04/10,13.03,13.55,12.69,13.42,6962703,93781880.00
2019/04/11,13.46,13.51,12.93,12.97,4907256,65794488.00
2019/04/12,12.83,13.96,12.83,13.76,9113177,124879920.00
2019/04/15,13.86,14.81,13.57,13.94,13082778,188256592.00
2019/04/16,13.71,14.80,13.66,14.80,12814121,187715472.00
2019/04/17,14.66,14.66,14.27,14.32,8561889,125757624.00
2019/04/18,14.31,14.76,13.81,13.92,6942116,100573672.00
2019/04/19,13.81,14.01,13.47,13.71,5217266,72711656.00
2019/04/22,13.71,13.86,13.21,13.39,5038220,69035824.00
2019/04/23,13.40,13.53,13.22,13.41,3302166,44957348.00
2019/04/24,13.42,13.71,13.27,13.70,4072396,55991936.00
2019/04/25,13.61,13.72,12.74,12.80,4711970,63134820.00
2019/04/26,12.76,12.91,12.56,12.68,2636930,34225988.00
2019/04/29,12.76,12.88,12.28,12.52,2941429,37817820.00
2019/04/30,12.56,12.84,12.52,12.79,1905160,24711206.00
2019/05/06,12.26,12.52,11.51,11.59,3209125,39404068.00
2019/05/07,11.66,11.93,11.58,11.81,1938164,23261228.00
2019/05/08,11.52,12.14,11.44,11.85,2391332,29049544.00
2019/05/09,11.79,12.11,11.68,11.77,2277742,27742420.00
2019/05/10,11.86,12.29,11.67,12.25,3215144,39592012.00
2019/05/13,12.13,12.33,12.03,12.19,2093249,25995018.00
2019/05/14,12.06,12.35,12.06,12.19,1834680,22899292.00
2019/05/15,12.22,12.50,12.22,12.40,1918575,24155200.00
2019/05/16,12.40,12.72,12.39,12.56,2596070,33351728.00
2019/05/17,12.57,12.61,11.84,12.04,2865040,35859380.00
2019/05/20,12.13,12.15,11.64,12.00,2028510,24612380.00
2019/05/21,12.08,12.46,11.99,12.32,2362402,29524024.00
2019/05/22,12.44,12.93,12.33,12.70,4902900,63592420.00
2019/05/23,12.49,12.66,11.88,11.96,3676320,45920836.00
2019/05/24,11.93,12.14,11.83,11.96,1960630,23924444.00
2019/05/27,12.06,12.78,11.94,12.61,3612140,45866864.00
2019/05/28,12.67,12.71,12.49,12.51,2414760,30968272.00
2019/05/29,12.51,12.91,12.48,12.60,3236690,41989840.00
2019/05/30,12.63,13.64,12.58,13.50,8806708,118108888.00
2019/05/31,13.09,13.44,13.09,13.18,6342757,85429472.00
2019/06/03,13.18,13.25,12.76,12.99,3864909,50983796.00
2019/06/04,13.04,13.05,12.07,12.26,4136012,52767700.00
2019/06/05,12.31,13.51,12.31,13.51,10393934,139895440.00
2019/06/06,13.45,13.45,12.87,13.12,9095911,119668240.00
2019/06/10,13.27,14.10,12.85,13.75,9068581,121424456.00
2019/06/11,13.50,14.28,13.40,14.20,10245395,142112784.00
2019/06/12,14.00,14.45,13.90,13.93,7539427,106057544.00
2019/06/13,13.70,13.90,13.56,13.66,4662950,63805192.00
2019/06/14,13.68,14.58,13.43,13.48,6319670,87629632.00
2019/06/17,13.28,13.87,13.22,13.67,4531190,61344504.00
2019/06/18,13.64,13.65,13.23,13.26,3042710,40686200.00
2019/06/19,13.57,13.60,13.24,13.27,3096230,41581040.00
2019/06/20,13.33,13.72,13.11,13.64,4196377,56393332.00
2019/06/21,13.80,13.95,13.55,13.90,5885184,81183272.00
2019/06/24,13.71,13.83,13.51,13.65,2524302,34490896.00
2019/06/25,13.65,14.38,13.53,14.09,6997310,97441688.00
2019/06/26,13.91,13.99,13.68,13.84,3427727,47332472.00
2019/06/27,13.84,14.07,13.56,13.70,4440708,61416288.00
2019/06/28,13.70,13.84,13.24,13.31,3478811,47127368.00
2019/07/01,13.55,13.75,13.35,13.62,3172577,43120936.00
2019/07/02,13.60,13.95,13.48,13.95,4123549,56674824.00
2019/07/03,13.88,13.90,13.50,13.79,3429050,46995656.00
2019/07/04,13.72,13.86,13.59,13.64,1887130,25822408.00
2019/07/05,13.70,14.20,13.60,14.01,5669051,79280088.00
2019/07/08,13.98,14.04,12.88,12.88,5823625,77270864.00
2019/07/09,12.95,13.12,12.59,13.05,3070877,39456340.00
2019/07/10,13.96,14.36,13.96,14.36,4455464,63818412.00
2019/07/11,14.88,15.80,14.71,15.80,7306211,112579352.00
2019/07/12,17.37,17.38,14.78,14.86,28217687,462964384.00
2019/07/15,14.09,14.84,13.70,14.47,18531641,263216144.00
2019/07/16,14.26,14.67,14.18,14.40,11159491,160198352.00
2019/07/17,14.25,14.43,13.95,14.02,9848750,139682496.00
2019/07/18,13.90,14.34,13.87,14.06,6478145,91316784.00
2019/07/19,14.03,14.18,13.71,13.73,7098203,99081464.00
2019/07/22,13.80,13.80,13.16,13.19,5257174,70083664.00
2019/07/23,13.30,13.44,13.21,13.43,3570010,47686092.00
2019/07/24,13.39,13.82,13.38,13.65,4534556,61909204.00
2019/07/25,13.58,13.86,13.55,13.81,4526010,62089204.00
2019/07/26,13.80,13.80,13.57,13.64,2969292,40577960.00
2019/07/29,13.54,13.80,13.54,13.68,3251616,44465892.00
2019/07/30,13.58,13.95,13.58,13.74,4084765,56436076.00
2019/07/31,13.70,14.44,13.68,14.23,8482542,119829544.00
2019/08/01,14.02,15.18,14.02,15.04,12549693,183409920.00
2019/08/02,14.63,14.97,14.40,14.78,8888822,130848176.00
2019/08/05,14.61,14.80,14.21,14.36,5483273,79220352.00
2019/08/06,14.00,14.00,13.20,13.77,6348370,86857832.00
2019/08/07,13.90,15.15,13.77,14.77,15276363,225488112.00
2019/08/08,14.69,14.93,14.39,14.76,11341656,166681184.00
2019/08/09,14.80,15.24,14.70,14.84,11559100,172926512.00
2019/08/12,14.92,15.38,14.86,15.33,9658987,146368832.00
2019/08/13,15.04,15.28,14.73,14.79,8289160,124150144.00
2019/08/14,14.92,15.49,14.92,15.35,9278275,140908512.00
2019/08/15,14.89,15.28,14.76,15.25,6149742,92676128.00
2019/08/16,15.23,15.23,14.86,14.95,6274536,94346080.00
2019/08/19,15.00,15.78,14.96,15.61,9079588,139861168.00
2019/08/20,15.78,15.78,15.20,15.40,8138606,125368368.00
2019/08/21,15.34,16.18,15.27,15.89,9445063,149570800.00
2019/08/22,15.89,16.41,15.59,16.32,7910247,126483280.00
2019/08/23,16.24,16.60,15.93,16.11,6957769,112796944.00
2019/08/26,15.83,15.94,15.57,15.81,5307524,83607760.00
2019/08/27,15.86,16.09,15.62,15.82,6118040,96985016.00
2019/08/28,15.76,15.76,15.25,15.43,5441603,83907776.00
2019/08/29,15.35,15.65,15.31,15.38,3324001,51390032.00
2019/08/30,15.55,15.55,14.55,14.82,5712868,85667552.00
2019/09/02,14.82,15.41,14.82,15.31,4661276,71026640.00
2019/09/03,15.45,15.58,15.18,15.29,4192463,64307104.00
2019/09/04,15.35,15.42,15.00,15.29,3854734,58537056.00
2019/09/05,15.35,15.65,15.29,15.42,5502951,85118672.00
2019/09/06,15.40,16.07,15.35,15.85,6680660,105292432.00
2019/09/09,15.85,16.05,15.61,16.00,5374692,85026768.00
2019/09/10,15.93,15.94,15.50,15.70,4271765,67023808.00
2019/09/11,15.68,16.04,15.53,16.04,5203167,82288840.00
2019/09/12,15.97,15.98,15.71,15.78,3592399,56942952.00
2019/09/16,15.84,15.95,15.56,15.65,3403231,53374484.00
2019/09/17,15.55,15.59,15.01,15.11,3713295,56465496.00
2019/09/18,15.12,15.44,15.12,15.18,2528289,38645928.00
2019/09/19,15.30,15.32,15.02,15.31,2240680,34079852.00
2019/09/20,15.49,16.25,15.41,15.86,7198591,114454600.00
2019/09/23,15.64,15.67,15.10,15.47,4368185,67152464.00
2019/09/24,15.45,16.10,15.40,15.80,5741201,90653296.00
2019/09/25,15.95,16.16,15.67,15.88,6856689,109504336.00
2019/09/26,15.85,16.02,15.10,15.10,5244232,80950720.00
2019/09/27,15.26,15.45,15.03,15.24,3151271,48015828.00
2019/09/30,15.32,15.32,14.82,14.88,2318810,34860280.00
2019/10/08,14.80,15.09,14.80,14.83,1752110,26208942.00
2019/10/09,14.78,15.30,14.54,15.30,2424850,36279928.00
2019/10/10,15.28,15.39,15.16,15.37,2242520,34320704.00
2019/10/11,15.36,15.88,15.31,15.68,3878954,60704104.00
2019/10/14,15.75,16.12,15.71,16.02,5385503,85938272.00
2019/10/15,15.66,16.39,15.53,16.04,7206336,115512944.00
2019/10/16,16.09,16.33,15.70,16.23,5011946,80203480.00
2019/10/17,16.15,16.15,15.63,15.80,4453496,70234224.00
2019/10/18,15.69,16.14,15.62,15.84,4179290,66298004.00
2019/10/21,15.70,15.97,15.19,15.89,3145572,49055532.00
2019/10/22,15.89,16.56,15.81,16.54,8139511,132908048.00
2019/10/23,16.30,16.47,16.03,16.05,5484753,89066536.00
2019/10/24,16.02,16.45,15.72,16.30,4404446,70565304.00
2019/10/25,16.10,16.19,15.78,15.94,3814193,60873924.00
2019/10/28,15.94,16.78,15.80,16.49,7428085,122044176.00
2019/10/29,16.49,16.66,15.92,15.94,5725186,93222648.00
2019/10/30,15.92,15.93,15.30,15.42,5132070,79750208.00
2019/10/31,15.45,15.62,15.30,15.60,2812395,43572160.00
2019/11/01,15.48,15.73,15.15,15.73,3571996,55215468.00
数据来源:通达信
