300532 今天国际 日线 前复权
      日期	    开盘	    最高	    最低	    收盘	    成交量	    成交额
2016/08/18,5.53,6.74,5.53,6.74,5700,130618.00
2016/08/19,7.47,7.47,7.47,7.47,2100,54285.00
2016/08/22,8.27,8.27,8.27,8.27,2184,62112.96
2016/08/23,9.14,9.14,9.14,9.14,1200,37536.00
2016/08/24,10.11,10.11,10.11,10.11,3000,103230.00
2016/08/25,11.17,11.17,11.17,11.17,4344,164420.41
2016/08/26,12.34,12.34,12.34,12.34,4000,166560.00
2016/08/29,13.62,13.62,13.62,13.62,7517,344278.59
2016/08/30,15.04,15.04,15.04,15.04,7338,369688.44
2016/08/31,16.59,16.59,16.59,16.59,13387,741907.56
2016/09/01,18.30,18.30,18.30,18.30,23100,1408176.00
2016/09/02,20.19,20.19,20.19,20.19,22500,1508850.00
2016/09/05,22.26,22.26,22.26,22.26,15181,1119902.38
2016/09/06,24.53,24.53,24.53,24.53,34480,2798052.00
2016/09/07,27.04,27.04,27.04,27.04,67079,5988142.50
2016/09/08,29.80,29.80,29.80,29.80,463710,45536320.00
2016/09/09,31.28,31.32,28.36,28.44,12945514,1288704768.00
2016/09/12,25.88,28.64,25.88,27.95,7397374,657482880.00
2016/09/13,29.00,29.49,27.88,28.19,6668363,631550592.00
2016/09/14,27.89,29.94,27.89,29.25,6432054,620455168.00
2016/09/19,29.22,29.40,27.73,28.01,5179550,482933792.00
2016/09/20,27.88,28.27,26.15,26.44,5465827,489342624.00
2016/09/21,26.34,26.61,25.73,25.99,3914104,337011136.00
2016/09/22,26.20,26.25,25.42,25.56,3496492,297640736.00
2016/09/23,25.39,26.01,24.92,24.96,3347423,282805152.00
2016/09/26,24.74,25.96,24.08,24.96,4308814,358005248.00
2016/09/27,24.64,26.69,24.64,26.65,4875597,412886240.00
2016/09/28,26.53,26.62,25.34,25.34,3981192,340571488.00
2016/09/29,25.15,27.73,24.95,26.93,5488888,479048704.00
2016/09/30,26.56,27.57,26.27,27.39,4236745,376521952.00
2016/10/10,27.71,30.18,27.19,29.83,6283387,602351360.00
2016/10/11,29.73,30.32,29.12,29.97,5214316,513142880.00
2016/10/12,29.43,30.22,29.12,29.54,3929021,383426528.00
2016/10/13,29.37,29.98,28.07,28.33,4651308,441780992.00
2016/10/14,28.06,28.97,27.95,28.50,2978951,279873632.00
2016/10/17,29.12,30.04,28.75,28.78,4108892,397627072.00
2016/10/18,28.25,28.90,27.63,28.90,3925319,363775488.00
2016/10/19,28.75,29.49,28.37,28.67,3285850,312318464.00
2016/10/20,28.71,29.27,27.64,27.83,3555792,331498560.00
2016/10/21,27.68,28.25,26.93,27.91,3431849,312445696.00
2016/10/24,27.91,28.06,26.97,27.55,2416161,219034560.00
2016/10/25,27.57,29.43,27.57,28.41,4486779,422698144.00
2016/10/26,28.19,29.49,27.86,29.43,4322126,410400832.00
2016/10/27,29.43,30.66,29.12,30.23,5512404,542661504.00
2016/10/28,29.95,30.04,28.99,29.41,4055292,393652576.00
2016/10/31,28.84,28.92,27.90,28.12,2800174,261177552.00
2016/11/01,28.13,28.93,28.13,28.62,2460672,231553776.00
2016/11/02,28.50,28.91,28.12,28.26,2590298,243092096.00
2016/11/03,28.03,28.80,27.28,28.55,3766186,348636192.00
2016/11/04,28.21,28.90,28.21,28.65,2972552,280297856.00
2016/11/07,28.65,29.43,28.35,28.47,2777874,264822736.00
2016/11/08,28.65,28.75,28.04,28.59,1996055,187299536.00
2016/11/09,28.56,28.77,27.57,28.50,2966598,276349504.00
2016/11/10,28.55,29.91,28.40,29.53,4920309,474072224.00
2016/11/11,29.55,30.62,29.12,30.52,5597686,551887488.00
2016/11/14,31.50,32.61,29.94,29.96,5254567,538143808.00
2016/11/15,29.36,29.92,28.59,28.98,3295760,316087648.00
2016/11/16,29.03,29.06,27.94,27.97,2472985,232327952.00
2016/11/17,27.82,28.03,27.64,27.70,1749589,160652672.00
2016/11/18,28.00,28.61,27.76,28.21,2300858,214821552.00
2016/11/21,27.94,28.77,27.94,28.43,2363727,221491600.00
2016/11/22,30.01,31.33,29.77,30.50,5728880,582197184.00
2016/11/23,29.95,31.34,29.30,30.97,5637351,564765888.00
2016/11/24,30.45,32.27,30.05,31.47,4771838,489658848.00
2016/11/25,30.97,34.67,30.82,34.67,8331818,917279936.00
2016/11/28,33.75,35.26,32.54,32.54,5738653,637271680.00
2016/11/29,32.10,33.33,30.98,31.12,4298564,455176704.00
2016/11/30,31.00,32.32,30.88,31.94,3696449,385989280.00
2016/12/01,31.60,33.40,31.35,31.94,4112239,437172320.00
2016/12/02,31.90,31.90,29.80,29.85,3954852,398835136.00
2016/12/05,28.92,29.72,28.41,29.21,2559159,244697616.00
2016/12/06,29.33,29.43,28.87,28.95,1484629,142559840.00
2016/12/07,29.06,29.33,27.94,29.27,1922980,181907568.00
2016/12/08,29.12,29.12,27.48,27.59,2767693,257425680.00
2016/12/09,27.54,27.99,26.78,27.02,1922582,173903536.00
2016/12/12,26.92,27.20,24.27,24.30,2610764,219296960.00
2016/12/13,24.03,24.74,23.44,24.39,1918017,153230256.00
2016/12/14,24.35,24.44,23.29,23.53,1646726,130698552.00
2016/12/15,23.56,24.61,23.53,24.31,1800808,144042736.00
2016/12/16,24.21,24.54,24.04,24.36,1322254,106244744.00
2016/12/19,24.43,24.61,23.60,23.87,1210169,96428448.00
2016/12/20,23.87,23.94,23.49,23.80,1062073,83257512.00
2016/12/21,23.83,24.03,23.53,23.93,1244548,98072344.00
2016/12/22,23.84,24.76,23.56,24.44,1816038,144788688.00
2016/12/23,24.27,24.36,22.05,22.64,2386560,184904336.00
2016/12/26,22.33,22.98,21.56,22.85,1382379,102466944.00
2016/12/27,22.85,22.97,22.57,22.61,844105,63556716.00
2016/12/28,22.51,22.88,22.33,22.38,770321,57711352.00
2016/12/29,22.45,22.53,21.71,21.89,1107803,81316784.00
2016/12/30,21.89,22.00,21.04,21.19,1244939,88935704.00
2017/01/03,21.40,21.89,21.28,21.74,1133526,81067872.00
2017/01/04,21.74,22.35,21.61,22.22,1258996,92388904.00
2017/01/05,22.06,22.32,21.66,21.94,1134860,82412344.00
2017/01/06,21.89,21.93,20.51,21.25,1852113,129761464.00
2017/01/09,21.06,21.24,20.63,21.12,922219,64012752.00
2017/01/10,21.13,21.40,20.94,21.09,705287,49635676.00
2017/01/11,21.05,21.22,20.72,20.75,805302,55910260.00
2017/01/12,20.75,21.55,20.75,20.97,773123,54023056.00
2017/01/13,21.05,21.23,19.81,19.87,1518817,103045288.00
2017/01/16,19.65,19.70,17.83,17.83,1948137,119899536.00
2017/01/17,17.73,19.24,16.98,18.80,2391089,141602112.00
2017/01/18,17.64,17.67,16.93,17.06,2303142,133169248.00
2017/01/19,16.76,17.48,16.37,16.94,1912712,108211072.00
2017/01/20,16.90,17.53,16.64,17.48,1674624,96686984.00
2017/01/23,17.33,17.69,17.32,17.54,1227365,71668696.00
2017/01/24,17.45,17.58,17.11,17.16,1011225,58663164.00
2017/01/25,17.24,17.53,17.11,17.47,904413,52508556.00
2017/01/26,17.53,17.61,17.36,17.41,794161,46233524.00
2017/02/03,17.51,17.51,17.15,17.19,590202,33960764.00
2017/02/06,17.31,18.38,17.20,17.99,1461048,86174880.00
2017/02/07,17.91,17.99,17.52,17.94,1301264,77092000.00
2017/02/08,17.86,18.25,17.72,18.15,1256113,75285256.00
2017/02/09,18.08,18.46,18.01,18.16,1450455,88212640.00
2017/02/10,18.09,18.41,17.35,17.39,1218530,72297064.00
2017/02/13,17.33,18.30,17.10,18.29,1539434,91294096.00
2017/02/14,18.32,18.56,18.07,18.14,1309277,79555560.00
2017/02/15,18.01,18.56,17.93,18.16,1416764,86088152.00
2017/02/16,17.98,18.11,17.71,17.86,902118,53824880.00
2017/02/17,17.76,17.97,17.49,17.58,988443,58470528.00
2017/02/20,17.51,17.72,16.93,17.70,1505908,86783712.00
2017/02/21,17.59,18.04,17.49,17.95,1037263,61653368.00
2017/02/22,18.04,18.14,17.41,17.76,1098016,65042060.00
2017/02/23,17.78,18.02,17.66,18.01,1112566,66321524.00
2017/02/24,18.05,18.61,17.92,18.42,1912390,116753584.00
2017/02/27,18.27,18.84,18.16,18.27,1457888,89950952.00
2017/02/28,18.17,19.70,18.17,19.08,2368633,149656592.00
2017/03/01,19.18,19.20,18.66,18.71,1758746,110194408.00
2017/03/02,18.71,18.81,18.36,18.38,1025390,63156036.00
2017/03/03,18.32,18.50,18.10,18.47,808103,49219540.00
2017/03/06,18.49,18.90,18.49,18.76,1262106,78701416.00
2017/03/07,18.87,19.20,18.78,19.18,1837558,116195960.00
2017/03/08,19.12,19.12,18.72,18.84,1156135,72771152.00
2017/03/09,18.84,19.07,18.56,18.69,885322,55198460.00
2017/03/10,18.72,19.36,18.64,19.06,1847928,117242280.00
2017/03/13,19.08,19.69,19.08,19.46,2045205,132005272.00
2017/03/14,19.38,21.39,19.34,20.66,4322216,290404128.00
2017/03/15,20.26,20.43,20.06,20.35,2657809,178604800.00
2017/03/16,20.38,21.36,20.38,20.72,2973916,206432064.00
2017/03/17,20.65,21.30,20.05,20.19,2689728,184770128.00
2017/03/20,20.17,20.40,19.73,20.40,1625337,108269112.00
2017/03/21,20.37,20.38,20.01,20.32,1348391,90424456.00
2017/03/22,20.15,20.57,19.77,20.57,1784507,119702296.00
2017/03/23,20.65,21.19,20.34,20.98,2763102,191232240.00
2017/03/24,20.85,21.15,20.63,20.97,1946836,135490464.00
2017/03/27,20.77,20.94,20.21,20.29,1416802,96504112.00
2017/03/28,20.31,20.43,19.56,19.57,1278855,84722032.00
2017/03/29,19.49,19.79,18.19,18.36,1456884,91955520.00
2017/03/30,18.25,18.45,17.54,17.63,1425108,85370512.00
2017/03/31,17.68,18.18,17.42,17.83,1331329,79014080.00
2017/04/05,17.98,18.30,17.52,18.11,962294,57551224.00
2017/04/06,18.47,18.89,18.21,18.28,1571262,97158296.00
2017/04/07,18.45,18.45,17.95,17.99,961381,58089896.00
2017/04/10,17.73,17.73,16.29,16.46,1852203,104292136.00
2017/04/11,16.41,17.01,16.28,16.97,1115488,62269368.00
2017/04/12,17.14,18.53,17.14,18.01,2085959,124453736.00
2017/04/13,17.97,18.22,17.52,17.57,1301005,77384464.00
2017/04/14,17.40,17.76,17.36,17.54,837936,49096408.00
2017/04/17,17.08,17.28,16.62,16.97,896118,50786812.00
2017/04/18,17.03,17.32,16.71,16.77,628348,35744292.00
2017/04/19,16.56,17.29,16.43,17.28,1079242,60925956.00
2017/04/20,17.27,17.44,16.70,16.93,654387,37207652.00
2017/04/21,17.04,17.42,16.90,16.99,835106,47865256.00
2017/04/24,16.95,17.23,16.16,16.46,659559,36200516.00
2017/04/25,16.47,16.85,16.43,16.74,605263,33752644.00
2017/04/26,16.71,17.17,16.60,17.11,615850,34908876.00
2017/04/27,16.15,16.53,15.34,16.35,2154439,114292312.00
2017/04/28,16.00,16.11,15.50,15.66,1763620,93148704.00
2017/05/02,15.57,15.80,15.51,15.59,759478,39701484.00
2017/05/03,15.63,15.81,15.39,15.65,679534,35348308.00
2017/05/04,15.69,16.00,15.67,15.74,1218437,64694892.00
2017/05/05,15.54,16.25,15.38,16.02,1384383,74023768.00
2017/05/08,16.08,16.33,15.55,15.65,835495,44731312.00
2017/05/09,15.65,16.05,15.41,15.97,658229,34786876.00
2017/05/10,15.95,16.32,14.93,15.21,2388484,68991768.00
2017/05/11,14.73,15.11,14.12,14.92,1845588,49850984.00
2017/05/12,14.90,15.47,14.71,14.78,2174269,60227884.00
2017/05/15,14.77,15.03,14.27,14.45,1667390,44500772.00
2017/05/16,14.34,14.99,14.12,14.92,1872262,50125184.00
2017/05/17,14.94,15.22,14.73,15.02,1659990,45713836.00
2017/05/18,14.82,15.33,14.73,15.03,1427701,39636008.00
2017/05/19,15.01,15.19,14.68,14.85,1046130,28857122.00
2017/05/22,14.85,14.98,13.61,13.94,1454801,38237232.00
2017/05/23,13.90,14.05,12.98,13.21,1726293,42507980.00
2017/05/24,13.15,13.21,12.73,13.11,1052379,25213480.00
2017/05/25,13.12,13.21,12.51,13.01,1174601,27910472.00
2017/05/26,13.12,13.18,12.87,13.05,1348104,32408892.00
2017/05/31,13.50,13.55,12.78,12.95,1890542,46074672.00
2017/06/01,12.78,12.89,12.01,12.03,1540752,35295572.00
2017/06/02,12.00,12.51,11.68,12.44,1039891,23493538.00
2017/06/05,12.65,12.78,12.38,12.45,900798,20916632.00
2017/06/06,12.45,12.67,12.17,12.56,884523,20363060.00
2017/06/07,12.46,13.28,12.46,13.09,2549217,61218996.00
2017/06/08,13.09,14.05,12.94,13.63,3540913,88583928.00
2017/06/09,13.61,13.62,13.18,13.53,2127156,52583212.00
2017/06/12,13.27,13.28,12.68,12.78,1623287,38933676.00
2017/06/13,12.76,13.22,12.71,13.11,1440274,34697484.00
2017/06/14,13.06,13.25,12.96,13.06,1095420,26438932.00
2017/06/15,13.06,14.03,13.06,13.82,3345190,84338024.00
2017/06/16,13.83,14.38,13.80,13.83,3417462,88193672.00
2017/06/19,13.75,14.22,13.73,13.87,1794380,46161080.00
2017/06/20,14.01,14.01,13.43,13.50,2240259,56624476.00
2017/06/21,13.41,13.78,13.41,13.65,1525843,38264072.00
2017/06/22,13.65,13.67,13.01,13.02,1898314,46527472.00
2017/06/23,12.92,13.22,12.66,13.09,1322073,31604164.00
2017/06/26,13.08,13.23,12.82,13.23,999060,24101966.00
2017/06/27,13.28,13.38,13.08,13.11,1105500,26991674.00
2017/06/28,13.00,13.22,12.68,12.77,1187401,28157826.00
2017/06/29,12.65,12.92,12.65,12.76,964215,22737112.00
2017/06/30,12.67,12.88,12.58,12.80,1010200,23769334.00
2017/07/03,12.81,13.21,12.81,13.18,1453564,35001300.00
2017/07/04,13.07,13.23,12.96,13.10,800562,19322110.00
2017/07/05,13.10,13.38,13.05,13.37,1578090,38534448.00
2017/07/06,13.37,13.55,13.07,13.24,1726923,42392308.00
2017/07/07,13.19,13.66,13.18,13.62,2170523,53947364.00
2017/07/10,13.46,13.55,13.13,13.15,1538986,37654696.00
2017/07/11,13.15,13.27,12.82,12.83,893667,21379730.00
2017/07/12,12.83,12.93,12.23,12.67,1283481,29652602.00
2017/07/13,12.67,12.67,12.31,12.40,900598,20718370.00
2017/07/14,12.38,12.38,12.00,12.27,1012460,22879918.00
2017/07/17,11.98,12.23,11.01,11.01,1512172,32214556.00
2017/07/18,10.81,11.23,10.67,10.96,1181502,23943428.00
2017/07/19,10.96,10.97,10.73,10.91,987521,19862254.00
2017/07/20,10.95,11.19,10.77,10.77,930680,18975318.00
2017/07/21,10.67,10.93,10.67,10.71,763658,15278118.00
2017/07/24,10.67,10.94,10.54,10.86,882038,17593416.00
2017/07/25,10.92,11.15,10.82,11.13,1295790,26491780.00
2017/07/26,11.14,11.25,10.83,11.22,1079842,22093712.00
2017/07/27,11.16,11.87,11.07,11.83,1796345,38412452.00
2017/07/28,11.83,11.83,11.54,11.55,1138596,24493418.00
2017/07/31,11.55,11.70,11.41,11.55,567454,12143574.00
2017/08/01,11.62,11.73,11.23,11.49,1098121,23355672.00
2017/08/02,11.50,11.76,11.30,11.71,1734822,37314136.00
2017/08/03,11.67,12.33,11.52,12.09,2311959,51276708.00
2017/08/04,12.07,13.12,12.07,12.95,3977166,93317248.00
2017/08/07,12.95,14.27,12.84,14.27,4240580,109144888.00
2017/08/08,14.59,15.28,13.98,14.53,7731948,208156352.00
2017/08/09,14.51,15.72,14.05,15.61,7400685,202828144.00
2017/08/10,15.39,15.63,14.57,14.68,5753377,158989504.00
2017/08/11,14.32,14.55,13.92,14.17,4114465,107189288.00
2017/08/14,14.07,14.56,13.92,14.33,4107596,107491704.00
2017/08/15,14.27,14.85,14.02,14.85,4069241,107491480.00
2017/08/16,14.61,15.16,14.51,14.66,4362172,119619768.00
2017/08/17,14.40,14.57,13.90,14.15,4494996,117552248.00
2017/08/18,13.90,14.11,13.51,13.67,3838421,97339960.00
2017/08/21,13.70,14.03,13.68,13.80,2277398,58110200.00
2017/08/22,13.93,14.41,13.83,14.27,3845782,100540472.00
2017/08/23,14.20,14.43,13.84,14.06,2365360,61616188.00
2017/08/24,13.90,14.05,13.59,13.83,2232486,56589100.00
2017/08/25,13.84,14.11,13.68,14.09,2160941,55699352.00
2017/08/28,14.17,14.78,14.17,14.51,3462779,92168136.00
2017/08/29,14.37,14.53,14.11,14.33,2596597,68282944.00
2017/08/30,14.29,14.43,14.17,14.27,1404154,36887772.00
2017/08/31,14.21,14.63,14.15,14.62,2398264,63513400.00
2017/09/01,14.65,14.79,14.31,14.50,2491828,66414992.00
2017/09/04,14.51,14.51,14.17,14.31,1747184,46062040.00
2017/09/05,14.24,15.22,14.24,15.19,4970405,135396192.00
2017/09/06,15.20,16.74,15.20,16.74,8697612,252899792.00
2017/09/07,16.73,16.74,15.91,16.01,7503660,224186016.00
2017/09/08,16.00,17.38,15.84,17.12,7148050,218860656.00
2017/09/11,16.90,17.61,16.75,16.98,4584771,143998032.00
2017/09/12,16.86,17.08,16.06,16.32,4644963,140335936.00
2017/09/13,16.28,17.45,16.08,16.33,2458380,74407584.00
2017/09/14,16.30,16.77,16.15,16.56,2462099,74356896.00
2017/09/15,16.42,17.15,16.28,16.28,3369892,103723688.00
2017/09/18,15.93,16.27,15.61,16.23,2286672,66812368.00
2017/09/19,16.08,16.60,15.83,15.95,2069040,61353544.00
2017/09/20,16.23,16.59,15.95,16.35,3001727,90185296.00
2017/09/21,16.34,16.53,16.05,16.36,2910371,87360040.00
2017/09/22,16.25,16.89,16.13,16.55,3566633,108717456.00
2017/09/25,16.49,16.71,15.71,15.78,2484433,74354408.00
2017/09/26,15.73,15.90,14.40,14.90,3252781,89944512.00
2017/09/27,14.89,15.08,14.70,14.82,1598623,43748232.00
2017/09/28,14.81,14.94,14.67,14.69,1380637,37600072.00
2017/09/29,14.61,14.83,14.57,14.62,1453940,39332524.00
2017/10/09,14.96,15.12,14.65,14.80,1831858,49841484.00
2017/10/10,14.80,15.50,14.72,15.50,2473062,68710080.00
2017/10/11,15.49,16.26,15.08,15.94,4259165,123121752.00
2017/10/12,15.82,16.61,15.62,15.78,4348362,128963256.00
2017/10/13,15.66,15.67,15.12,15.56,2506982,71071800.00
2017/10/16,16.07,16.90,15.57,15.62,4234937,125565632.00
2017/10/17,15.23,16.26,14.02,16.22,4025050,115699256.00
2017/10/18,16.23,16.45,15.61,15.69,2997957,88528256.00
2017/10/19,15.53,16.15,15.37,15.82,2308664,67100520.00
2017/10/20,15.73,16.87,15.73,16.87,6117520,184567856.00
2017/10/23,16.97,17.34,16.38,16.87,5399271,165883152.00
2017/10/24,16.71,16.76,16.21,16.60,3943790,119496432.00
2017/10/25,16.84,17.16,16.45,16.90,4941592,152475488.00
2017/10/26,16.63,16.77,16.45,16.59,3133393,95386464.00
2017/10/27,16.48,16.70,15.79,15.82,3405340,101286288.00
2017/10/30,15.81,16.06,14.84,14.95,2609862,73632176.00
2017/10/31,15.22,15.38,14.98,15.25,1846700,51476920.00
2017/11/01,15.36,15.49,15.13,15.38,1666740,46960260.00
2017/11/02,15.22,15.29,14.67,14.67,2305152,63116220.00
2017/11/03,14.68,14.87,14.42,14.76,1316880,35605568.00
2017/11/06,14.88,15.20,14.68,15.17,1593943,43948464.00
2017/11/07,15.17,15.27,14.90,15.15,1431016,39698340.00
2017/11/08,15.17,15.77,15.01,15.62,2389312,67908576.00
2017/11/09,15.57,15.68,15.40,15.58,1455012,41462408.00
2017/11/10,15.59,15.76,15.29,15.31,1807414,51383288.00
2017/11/13,15.51,16.58,15.51,15.88,4146034,122238080.00
2017/11/14,15.70,15.80,15.18,15.18,2840247,80606752.00
2017/11/15,15.03,15.03,14.62,14.65,2239448,60661932.00
2017/11/16,14.78,14.78,14.42,14.77,1160205,31350044.00
2017/11/17,14.65,14.84,13.56,13.58,2437236,63030896.00
2017/11/20,13.35,13.53,12.84,13.36,1743814,42262460.00
2017/11/21,13.36,13.45,12.96,13.17,1466262,35656748.00
2017/11/22,13.28,13.40,12.96,13.02,1246921,30285078.00
2017/11/23,12.96,12.99,12.18,12.18,2003340,46583432.00
2017/11/24,12.11,12.36,11.97,12.25,1093638,24774646.00
2017/11/27,12.16,12.47,12.07,12.12,759174,17281320.00
2017/11/28,12.11,12.57,12.07,12.56,1184869,27245498.00
2017/11/29,12.56,12.62,12.18,12.49,815012,18676660.00
2017/11/30,12.48,12.64,12.32,12.47,759873,17584936.00
2017/12/01,12.48,12.76,12.47,12.72,844788,19772886.00
2017/12/04,12.76,12.77,11.98,12.17,988608,22880408.00
2017/12/05,12.17,12.34,11.34,11.78,1573012,34355708.00
2017/12/06,11.63,12.10,11.63,12.08,1103751,24304476.00
2017/12/07,12.11,12.27,11.94,12.16,894543,20110938.00
2017/12/08,12.21,12.64,12.21,12.43,869449,20050454.00
2017/12/11,12.42,12.74,12.35,12.71,818513,19161592.00
2017/12/12,12.78,12.78,12.40,12.42,655991,15227104.00
2017/12/13,12.45,12.98,12.44,12.84,1132060,26677540.00
2017/12/14,12.75,12.83,12.54,12.57,1539760,35942360.00
2017/12/15,12.56,12.86,12.55,12.78,1123086,26356556.00
2017/12/18,12.83,12.89,12.31,12.73,1084493,25163956.00
2017/12/19,12.66,12.75,12.43,12.66,890320,20779726.00
2017/12/20,12.55,12.77,12.40,12.41,678260,15671276.00
2017/12/21,12.41,12.43,12.15,12.38,761320,17317252.00
2017/12/22,12.26,12.44,12.25,12.32,462052,10545807.00
2017/12/25,12.44,12.44,11.79,11.97,770222,17092918.00
2017/12/26,11.95,12.38,11.95,12.31,673752,15197584.00
2017/12/27,12.39,12.51,12.18,12.23,696022,15918246.00
2017/12/28,12.23,12.66,12.18,12.43,991666,22817358.00
2017/12/29,12.61,12.61,12.35,12.56,921340,21332202.00
2018/01/02,12.52,12.88,12.51,12.77,979782,22834576.00
2018/01/03,12.72,12.87,12.65,12.85,1089425,25676398.00
2018/01/04,12.88,13.17,12.86,12.88,1571945,37640368.00
2018/01/05,13.17,13.80,13.02,13.51,3619943,89787736.00
2018/01/08,13.40,13.40,13.06,13.26,2013613,49003888.00
2018/01/09,13.25,13.25,13.01,13.09,1145501,27719486.00
2018/01/10,13.17,13.34,12.89,13.00,1270141,30640436.00
2018/01/11,12.92,13.32,12.72,13.18,1601849,38510664.00
2018/01/12,13.20,13.20,12.93,12.95,880632,21114344.00
2018/01/15,12.95,12.95,12.33,12.48,1694810,39267292.00
2018/01/16,12.33,12.70,12.33,12.70,909824,21031234.00
2018/01/17,12.62,13.32,12.52,13.08,1525540,36450404.00
2018/01/18,13.01,13.11,12.77,13.07,1012291,24220392.00
2018/01/19,13.00,13.17,12.85,12.85,857940,20561630.00
2018/01/22,12.80,13.27,12.43,13.02,1555363,36980176.00
2018/01/23,13.10,13.10,12.84,12.92,785440,18776440.00
2018/01/24,12.87,13.27,12.81,13.21,1636783,39633240.00
2018/01/25,13.28,13.44,13.08,13.09,1631518,39916484.00
2018/01/26,13.06,13.13,12.90,12.95,936851,22446336.00
2018/01/29,13.01,13.01,12.47,12.47,1196800,28130270.00
2018/01/30,12.46,12.77,12.41,12.73,1259470,29108108.00
2018/01/31,12.73,12.73,12.37,12.53,1017047,23430166.00
2018/02/01,11.92,12.53,11.25,11.78,2207063,48937276.00
2018/02/02,12.05,12.05,11.43,11.56,1367789,29545052.00
2018/02/05,11.55,12.34,11.25,12.34,1799460,38933160.00
2018/02/06,11.92,12.32,11.91,12.00,1020469,22716784.00
2018/02/07,12.06,12.62,11.95,12.17,1128120,25485862.00
2018/02/08,12.12,12.40,12.07,12.15,508811,11505391.00
2018/02/09,11.79,12.02,11.62,11.89,635808,13952338.00
2018/02/12,12.06,12.38,11.96,12.33,957297,21543566.00
2018/02/13,12.38,12.61,12.15,12.28,1919261,43479508.00
2018/02/14,12.44,12.44,12.03,12.24,782340,17705026.00
2018/02/22,12.38,12.55,12.30,12.46,531340,12184454.00
2018/02/23,12.47,12.53,12.31,12.48,371540,8509994.00
2018/02/26,12.63,13.12,12.54,13.00,1552467,36913880.00
2018/02/27,13.07,13.25,12.93,13.01,1407118,33994652.00
2018/02/28,13.20,13.56,13.05,13.44,2380526,58645208.00
2018/03/01,13.18,13.81,13.08,13.80,4304559,107598136.00
2018/03/02,14.13,14.66,13.67,13.75,4619815,120446288.00
2018/03/05,13.73,14.00,13.51,13.92,3237870,81909216.00
2018/03/06,14.12,14.26,13.58,13.63,3135299,80200168.00
2018/03/07,13.52,13.93,13.45,13.61,1979213,49680868.00
2018/03/08,13.49,13.70,13.44,13.62,1748601,43700900.00
2018/03/09,13.82,14.41,13.63,14.23,4508413,116621208.00
2018/03/12,14.65,15.65,14.37,14.91,7184782,196509328.00
2018/03/13,14.84,15.78,14.56,15.28,7645305,214054736.00
2018/03/14,15.12,15.12,14.67,14.78,4282184,117346168.00
2018/03/15,14.57,14.96,14.16,14.77,3843010,102826608.00
2018/03/16,14.66,14.96,14.56,14.60,2004080,54419196.00
2018/03/19,14.62,15.16,14.40,14.95,2736707,74941768.00
2018/03/20,14.78,14.94,14.45,14.88,1960767,53093968.00
2018/03/21,15.04,15.09,14.12,14.23,2220153,59850896.00
2018/03/22,14.37,15.53,14.37,15.25,7475470,208275200.00
2018/03/23,14.70,15.67,14.51,15.20,7482766,208407040.00
2018/03/26,14.67,16.18,14.45,16.18,7588277,216295520.00
2018/03/27,17.01,17.30,16.22,16.56,13384048,409538816.00
2018/03/28,16.32,17.30,16.31,16.52,8633730,267407600.00
2018/03/29,16.55,16.94,15.83,16.62,6693934,201819344.00
2018/03/30,16.74,18.00,16.55,17.23,7593822,240645472.00
2018/04/02,17.86,18.00,17.08,17.26,7078375,227488704.00
2018/04/03,16.66,17.04,16.26,16.73,5761462,175002320.00
2018/04/04,16.84,17.28,16.34,16.36,4118002,127327376.00
2018/04/09,16.23,16.77,15.70,16.46,3376778,101044416.00
2018/04/10,16.51,16.52,15.85,16.34,3396619,100826408.00
2018/04/11,16.34,17.86,16.34,17.29,6346656,199846992.00
2018/04/12,17.17,17.60,17.02,17.12,3426392,108337472.00
2018/04/13,17.07,17.28,16.29,16.40,4775359,145631296.00
2018/04/16,16.32,17.09,16.12,16.88,3987491,122578408.00
2018/04/17,16.87,17.06,15.95,15.97,3098816,93172904.00
2018/04/18,16.34,17.44,16.12,17.29,5054666,155012528.00
2018/04/19,17.23,17.56,16.97,17.48,4888200,154939296.00
2018/04/20,17.23,17.55,16.83,17.01,3171318,100027520.00
2018/04/23,17.06,17.45,16.26,16.70,2672597,82207128.00
2018/04/24,16.54,18.41,16.54,18.41,6147561,201026576.00
2018/04/25,18.56,19.78,18.43,19.20,10124517,353881600.00
2018/04/26,19.17,19.39,18.64,18.92,5131749,179072832.00
2018/04/27,19.31,19.77,18.76,19.17,5661277,199610272.00
2018/05/02,19.16,20.00,19.08,19.72,4561178,163444560.00
2018/05/03,19.57,19.87,18.68,19.65,3871086,137007136.00
2018/05/04,19.67,19.67,18.81,19.22,3749478,131308632.00
2018/05/07,19.23,20.37,18.93,20.13,5079393,184309536.00
2018/05/08,20.01,20.13,19.60,19.84,2919483,105710456.00
2018/05/09,19.78,19.81,19.24,19.46,2193068,78275904.00
2018/05/10,19.72,20.04,18.60,19.65,7970674,155251952.00
2018/05/11,19.33,19.76,18.63,18.69,5502751,105819096.00
2018/05/14,18.53,19.03,17.87,18.23,5986034,110514280.00
2018/05/15,18.28,18.78,18.08,18.73,4866505,90917952.00
2018/05/16,18.62,19.09,17.96,17.99,4937438,92257608.00
2018/05/17,18.04,18.32,17.65,18.22,3760656,68412984.00
2018/05/18,18.16,18.16,17.22,17.61,4833640,85933656.00
2018/05/21,17.61,18.02,17.54,17.68,4241382,76105896.00
2018/05/22,17.67,18.32,17.60,18.22,4994075,90770680.00
2018/05/23,18.09,18.84,17.94,18.44,7009205,130459456.00
2018/05/24,18.24,18.77,18.22,18.29,3924551,72947784.00
2018/05/25,18.22,18.34,17.14,17.64,5044624,89729792.00
2018/05/28,17.62,17.62,16.17,16.44,7472927,126028856.00
2018/05/29,16.32,16.78,16.20,16.40,2885600,48259724.00
2018/05/30,15.99,16.27,15.44,15.74,4639428,74030000.00
2018/05/31,15.85,16.40,15.78,16.12,3586010,58299128.00
2018/06/01,15.95,16.54,15.70,15.94,3024111,49109680.00
2018/06/04,16.22,16.22,15.14,15.61,3793068,59476492.00
2018/06/05,15.60,16.94,15.57,16.77,4819742,79536984.00
2018/06/06,16.77,17.53,16.65,17.17,5876431,101919808.00
2018/06/07,17.14,17.17,16.75,17.01,1863807,31882994.00
2018/06/08,17.14,17.48,16.79,17.30,2801167,48470592.00
2018/06/11,17.08,17.40,16.62,17.33,2925920,50139976.00
2018/06/12,17.24,17.26,16.74,16.92,2765800,47262668.00
2018/06/13,16.65,16.76,15.75,16.12,4566640,74331408.00
2018/06/14,16.04,16.30,15.84,16.08,1651610,26897586.00
2018/06/15,16.06,16.20,15.64,15.70,1854978,29708974.00
2018/06/19,15.54,15.79,14.15,14.59,3149416,47408956.00
2018/06/20,14.59,15.31,14.38,15.29,2996304,45328328.00
2018/06/21,15.33,15.33,14.60,14.85,2428626,36667728.00
2018/06/22,14.84,15.57,14.45,15.33,2773199,42776380.00
2018/06/25,15.63,15.64,15.09,15.17,1643636,25493318.00
2018/06/26,15.05,15.96,14.36,15.78,2757066,43523368.00
2018/06/27,15.78,16.72,15.59,16.43,3750650,61497036.00
2018/06/28,16.44,16.45,16.06,16.45,2697553,44352296.00
2018/06/29,16.41,17.72,16.14,17.31,6228365,107627640.00
2018/07/02,17.44,17.64,16.96,17.26,2440220,42525492.00
2018/07/03,17.19,17.43,16.26,17.21,4720255,80197800.00
2018/07/04,17.08,17.08,15.99,16.49,4758506,78840984.00
2018/07/05,16.25,16.41,15.57,15.82,3490968,56250120.00
2018/07/06,15.87,16.37,15.39,16.17,4394091,70783752.00
2018/07/09,16.14,16.94,16.02,16.93,4835734,80020824.00
2018/07/10,16.82,17.27,16.54,17.14,3990643,68059256.00
2018/07/11,16.74,17.34,16.11,16.63,3753809,63272464.00
2018/07/12,16.65,17.40,16.50,16.72,8004092,137176624.00
2018/07/13,16.44,16.70,15.84,16.31,6625876,108404184.00
2018/07/16,16.09,16.24,15.74,16.03,3872264,62359176.00
2018/07/17,15.99,16.30,15.85,16.22,2999331,48897040.00
2018/07/18,16.29,16.39,15.73,15.78,2861933,46152600.00
2018/07/19,15.78,15.90,14.87,15.20,3902430,60344584.00
2018/07/20,14.99,15.67,14.99,15.60,2755381,43116096.00
2018/07/23,15.60,16.72,15.42,16.68,6345351,104447672.00
2018/07/24,16.69,17.03,16.55,16.73,5262779,89172656.00
2018/07/25,16.79,17.14,16.73,16.79,3689664,63088696.00
2018/07/26,16.82,17.04,16.50,16.93,2675649,45193364.00
2018/07/27,16.84,16.84,16.13,16.24,3836806,63396320.00
2018/07/30,16.11,16.42,15.30,15.64,3391294,53995104.00
2018/07/31,15.51,15.82,15.44,15.74,1454652,23011896.00
2018/08/01,15.75,16.09,15.47,15.53,1789178,28577434.00
2018/08/02,15.59,15.60,14.67,14.92,3083109,46508240.00
2018/08/03,14.90,15.02,14.34,14.34,1705620,25440832.00
2018/08/06,14.44,14.69,13.72,13.82,2738567,39127136.00
2018/08/07,13.90,14.45,13.73,14.42,2343631,33643408.00
2018/08/08,14.26,14.57,13.93,14.04,1526884,22004300.00
2018/08/09,13.84,14.93,13.84,14.66,2589600,38225228.00
2018/08/10,14.64,14.89,14.64,14.77,1471705,21921558.00
2018/08/13,14.46,15.33,14.44,15.22,2750913,41791680.00
2018/08/14,15.22,15.31,14.81,14.90,1752536,26525372.00
2018/08/15,14.90,15.02,14.40,14.64,1447409,21472196.00
2018/08/16,14.51,14.71,14.20,14.32,1605900,23470314.00
2018/08/17,14.49,14.73,14.14,14.32,1611930,23563956.00
2018/08/20,14.36,14.40,13.45,14.12,2392784,33622296.00
2018/08/21,14.12,14.43,14.01,14.31,1383696,19931302.00
2018/08/22,14.31,14.48,13.97,14.01,1208780,17395912.00
2018/08/23,13.84,14.42,13.84,14.35,1774047,25554118.00
2018/08/24,14.22,14.42,14.07,14.09,1408411,20292944.00
2018/08/27,14.24,14.73,14.09,14.68,2803936,41030148.00
2018/08/28,14.59,15.04,14.49,14.76,2623191,39253240.00
2018/08/29,14.76,14.91,14.39,14.45,1645244,24178512.00
2018/08/30,14.50,14.66,14.32,14.51,1428578,20943552.00
2018/08/31,14.40,14.48,13.34,13.48,4434060,62037816.00
2018/09/03,13.48,13.48,12.12,12.66,4985044,63191296.00
2018/09/04,12.56,12.89,12.34,12.63,2706386,34665956.00
2018/09/05,12.65,13.08,12.29,12.34,3435922,44359012.00
2018/09/06,12.44,12.60,12.18,12.48,3070476,38597112.00
2018/09/07,12.43,12.75,12.15,12.25,2752077,34586756.00
2018/09/10,12.29,12.42,11.74,11.86,2239392,27281768.00
2018/09/11,11.87,12.20,11.77,12.09,1559365,19018422.00
2018/09/12,12.19,12.23,11.92,12.04,1358296,16624007.00
2018/09/13,12.22,12.26,11.94,12.23,1546536,18996484.00
2018/09/14,12.15,12.24,11.75,11.76,2419054,29216618.00
2018/09/17,11.74,11.74,11.01,11.14,3038041,34701116.00
2018/09/18,11.15,11.58,11.05,11.52,3394110,38936392.00
2018/09/19,11.47,11.80,11.39,11.63,2534081,29851894.00
2018/09/20,11.70,11.77,11.52,11.59,1828038,21536230.00
2018/09/21,11.71,11.79,11.52,11.69,1731342,20499940.00
2018/09/25,11.69,11.80,11.55,11.67,1562845,18488540.00
2018/09/26,11.67,11.99,11.46,11.90,3485706,41574752.00
2018/09/27,11.82,11.82,11.12,11.15,3897572,45402212.00
2018/09/28,11.18,12.28,11.18,12.00,4878367,58563048.00
2018/10/08,11.86,11.91,11.13,11.24,4060956,47420444.00
2018/10/09,11.39,11.51,11.14,11.26,2673488,30754154.00
2018/10/10,11.31,11.82,11.26,11.52,2861994,33474678.00
2018/10/11,11.04,11.20,10.35,10.35,4223412,45556248.00
2018/10/12,10.18,10.42,9.74,10.20,3104957,31779058.00
2018/10/15,9.24,9.59,9.16,9.16,4869978,46273140.00
2018/10/16,8.88,9.28,8.64,8.94,3818016,34861880.00
2018/10/17,9.16,9.24,8.79,8.91,2952143,27036992.00
2018/10/18,8.93,9.03,8.51,8.74,3480289,31230962.00
2018/10/19,8.50,9.22,8.50,9.04,4324992,39391656.00
2018/10/22,9.22,9.96,9.07,9.96,5557905,54341820.00
2018/10/23,10.21,10.21,9.40,9.59,5395175,53566432.00
2018/10/24,10.16,10.57,9.72,9.75,5367809,54912744.00
2018/10/25,9.33,9.58,9.24,9.46,3610660,34507576.00
2018/10/26,9.56,9.58,9.11,9.14,3577536,34062852.00
2018/10/29,9.00,10.07,8.95,10.07,6109481,61404500.00
2018/10/30,10.09,10.21,9.49,9.86,10235782,101750256.00
2018/10/31,9.69,9.90,9.66,9.85,6112022,60759012.00
2018/11/01,9.93,10.14,9.79,9.82,7252814,73373432.00
2018/11/02,9.93,10.23,9.88,10.19,6882620,70090232.00
2018/11/05,10.12,10.36,9.82,10.11,5771528,59039064.00
2018/11/06,10.12,10.30,9.87,10.02,4590269,46752616.00
2018/11/07,9.98,10.17,9.94,9.94,3181742,32438160.00
2018/11/08,9.98,10.07,9.67,9.74,3681856,36802080.00
2018/11/09,9.77,9.92,9.60,9.62,2869244,28418124.00
2018/11/12,9.64,10.04,9.64,10.03,3711096,37315440.00
2018/11/13,9.92,10.22,9.86,10.11,4843065,49586596.00
2018/11/14,10.16,10.55,10.09,10.54,7930652,83210376.00
2018/11/15,10.32,11.32,10.29,11.20,9261473,102071256.00
2018/11/16,11.09,11.38,10.93,11.23,6048387,68245152.00
2018/11/19,11.24,11.24,10.84,10.94,3376659,37537660.00
2018/11/20,10.86,11.44,10.86,10.95,5423827,61336580.00
2018/11/21,10.79,11.93,10.64,11.47,7134385,81993632.00
2018/11/22,11.49,11.74,10.95,10.95,5180225,59021528.00
2018/11/23,10.95,11.11,10.17,10.25,5166432,55413788.00
2018/11/26,10.11,10.44,9.86,9.97,2729500,27984764.00
2018/11/27,10.03,10.23,9.94,10.06,1755839,17966178.00
2018/11/28,10.10,10.30,9.85,10.25,1851860,19043938.00
2018/11/29,10.41,10.41,9.87,9.89,2180522,22375430.00
2018/11/30,9.90,10.04,9.64,10.03,2095171,21022908.00
2018/12/03,10.14,10.49,10.14,10.32,2515842,26467904.00
2018/12/04,10.33,10.47,10.26,10.44,1893868,19922250.00
2018/12/05,10.24,10.38,10.15,10.31,1801380,18779792.00
2018/12/06,10.16,10.26,9.92,10.01,2166097,22139838.00
2018/12/07,10.01,10.72,10.01,10.60,4362126,46032468.00
2018/12/10,10.43,10.64,10.33,10.42,2130534,22610674.00
2018/12/11,10.49,10.63,10.38,10.51,1862520,19868586.00
2018/12/12,10.47,10.55,10.41,10.51,1460564,15556867.00
2018/12/13,10.50,10.95,10.50,10.53,8341075,90931952.00
2018/12/14,10.57,10.80,10.23,10.40,4990750,53056416.00
2018/12/17,10.24,10.33,9.95,10.26,1923720,19835866.00
2018/12/18,10.21,10.32,10.15,10.25,1513600,15716667.00
2018/12/19,10.33,10.33,9.94,9.98,1066800,10927453.00
2018/12/20,9.98,10.10,9.95,10.01,872232,8874872.00
2018/12/21,10.03,10.09,9.96,10.04,1086256,11066363.00
2018/12/24,10.04,10.21,9.99,10.19,1206224,12401698.00
2018/12/25,10.01,10.31,9.90,10.25,1904582,19582742.00
2018/12/26,10.29,10.39,10.14,10.25,1380400,14393422.00
2018/12/27,10.43,10.44,9.97,10.02,1486704,15392446.00
2018/12/28,10.06,10.08,9.86,9.88,1389740,14033377.00
2016/08/18,19.42,23.34,19.42,23.34,5700,130618.00
2016/08/19,25.69,25.69,25.69,25.69,2100,54285.00
2016/08/22,28.28,28.28,28.28,28.28,2184,62112.96
2016/08/23,31.12,31.12,31.12,31.12,1200,37536.00
2016/08/24,34.25,34.25,34.25,34.25,3000,103230.00
2016/08/25,37.69,37.69,37.69,37.69,4344,164420.41
2016/08/26,41.48,41.48,41.48,41.48,4000,166560.00
2016/08/29,45.64,45.64,45.64,45.64,7517,344278.59
2016/08/30,50.22,50.22,50.22,50.22,7338,369688.44
2016/08/31,55.26,55.26,55.26,55.26,13387,741907.56
2016/09/01,60.80,60.80,60.80,60.80,23100,1408176.00
2016/09/02,66.90,66.90,66.90,66.90,22500,1508850.00
2016/09/05,73.61,73.61,73.61,73.61,15181,1119902.38
2016/09/06,80.99,80.99,80.99,80.99,34480,2798052.00
2016/09/07,89.11,89.11,89.11,89.11,67079,5988142.50
2016/09/08,98.04,98.04,98.04,98.04,463710,45536320.00
2016/09/09,102.84,102.96,93.39,93.66,12945514,1288704768.00
2016/09/12,85.34,94.30,85.34,92.05,7397374,657482880.00
2016/09/13,95.45,97.04,91.84,92.84,6668363,631550592.00
2016/09/14,91.85,98.49,91.85,96.28,6432054,620455168.00
2016/09/19,96.16,96.74,91.34,92.24,5179550,482933792.00
2016/09/20,91.82,93.09,86.24,87.17,5465827,489342624.00
2016/09/21,86.84,87.71,84.87,85.69,3914104,337011136.00
2016/09/22,86.39,86.54,83.87,84.30,3496492,297640736.00
2016/09/23,83.77,85.77,82.24,82.36,3347423,282805152.00
2016/09/26,81.64,85.62,79.53,82.38,4308814,358005248.00
2016/09/27,81.34,87.99,81.34,87.85,4875597,412886240.00
2016/09/28,87.44,87.74,83.61,83.61,3981192,340571488.00
2016/09/29,82.99,91.33,82.34,88.74,5488888,479048704.00
2016/09/30,87.54,90.81,86.62,90.25,4236745,376521952.00
2016/10/10,91.29,99.29,89.59,98.14,6283387,602351360.00
2016/10/11,97.83,99.75,95.85,98.61,5214316,513142880.00
2016/10/12,96.84,99.40,95.84,97.22,3929021,383426528.00
2016/10/13,96.67,98.64,92.44,93.28,4651308,441780992.00
2016/10/14,92.42,95.36,92.06,93.84,2978951,279873632.00
2016/10/17,95.84,98.83,94.64,94.74,4108892,397627072.00
2016/10/18,93.04,95.15,91.03,95.15,3925319,363775488.00
2016/10/19,94.64,97.04,93.43,94.39,3285850,312318464.00
2016/10/20,94.52,96.33,91.04,91.68,3555792,331498560.00
2016/10/21,91.19,93.02,88.75,91.93,3431849,312445696.00
2016/10/24,91.93,92.41,88.87,90.75,2416161,219034560.00
2016/10/25,90.83,96.84,90.82,93.54,4486779,422698144.00
2016/10/26,92.84,97.04,91.75,96.84,4322126,410400832.00
2016/10/27,96.84,100.84,95.85,99.44,5512404,542661504.00
2016/10/28,98.54,98.84,95.41,96.78,4055292,393652576.00
2016/10/31,94.95,95.21,91.90,92.61,2800174,261177552.00
2016/11/01,92.64,95.23,92.64,94.24,2460672,231553776.00
2016/11/02,93.84,95.17,92.62,93.05,2590298,243092096.00
2016/11/03,92.30,94.81,89.87,93.99,3766186,348636192.00
2016/11/04,92.89,95.14,92.89,94.32,2972552,280297856.00
2016/11/07,94.34,96.84,93.34,93.74,2777874,264822736.00
2016/11/08,94.34,94.64,92.35,94.13,1996055,187299536.00
2016/11/09,94.04,94.72,90.84,93.84,2966598,276349504.00
2016/11/10,93.99,98.42,93.50,97.16,4920309,474072224.00
2016/11/11,97.24,100.72,95.84,100.39,5597686,551887488.00
2016/11/14,103.57,107.14,98.50,98.58,5254567,538143808.00
2016/11/15,96.64,98.44,94.14,95.38,3295760,316087648.00
2016/11/16,95.54,95.64,92.02,92.11,2472985,232327952.00
2016/11/17,91.63,92.32,91.04,91.24,1749589,160652672.00
2016/11/18,92.22,94.19,91.44,92.90,2300858,214821552.00
2016/11/21,92.03,94.70,92.03,93.62,2363727,221491600.00
2016/11/22,98.74,103.00,97.95,100.32,5728880,582197184.00
2016/11/23,98.53,103.04,96.44,101.85,5637351,564765888.00
2016/11/24,100.15,106.04,98.86,103.47,4771838,489658848.00
2016/11/25,101.83,113.83,101.34,113.83,8331818,917279936.00
2016/11/28,110.84,115.74,106.94,106.94,5738653,637271680.00
2016/11/29,105.50,109.50,101.88,102.34,4298564,455176704.00
2016/11/30,101.94,106.22,101.54,104.99,3696449,385989280.00
2016/12/01,103.87,109.70,103.07,105.00,4112239,437172320.00
2016/12/02,104.84,104.84,98.06,98.20,3954852,398835136.00
2016/12/05,95.20,97.78,93.56,96.14,2559159,244697616.00
2016/12/06,96.52,96.84,95.04,95.29,1484629,142559840.00
2016/12/07,95.64,96.52,92.04,96.32,1922980,181907568.00
2016/12/08,95.84,95.84,90.54,90.89,2767693,257425680.00
2016/12/09,90.73,92.20,88.28,89.04,1922582,173903536.00
2016/12/12,88.72,89.64,80.12,80.24,2610764,219296960.00
2016/12/13,79.34,81.64,77.44,80.51,1918017,153230256.00
2016/12/14,80.39,80.70,76.95,77.72,1646726,130698552.00
2016/12/15,77.84,81.24,77.75,80.25,1800808,144042736.00
2016/12/16,79.94,81.02,79.40,80.44,1322254,106244744.00
2016/12/19,80.64,81.24,77.95,78.83,1210169,96428448.00
2016/12/20,78.84,79.08,77.61,78.62,1062073,83257512.00
2016/12/21,78.70,79.34,77.74,79.03,1244548,98072344.00
2016/12/22,78.74,81.71,77.82,80.69,1816038,144788688.00
2016/12/23,80.14,80.43,72.95,74.84,2386560,184904336.00
2016/12/26,73.85,75.95,71.34,75.52,1382379,102466944.00
2016/12/27,75.52,75.91,74.64,74.74,844105,63556716.00
2016/12/28,74.44,75.64,73.85,74.01,770321,57711352.00
2016/12/29,74.24,74.49,71.85,72.41,1107803,81316784.00
2016/12/30,72.41,72.79,69.67,70.17,1244939,88935704.00
2017/01/03,70.84,72.42,70.44,71.95,1133526,81067872.00
2017/01/04,71.94,73.90,71.52,73.48,1258996,92388904.00
2017/01/05,72.97,73.82,71.69,72.59,1134860,82412344.00
2017/01/06,72.43,72.54,67.94,70.34,1852113,129761464.00
2017/01/09,69.72,70.33,68.35,69.92,922219,64012752.00
2017/01/10,69.95,70.84,69.34,69.84,705287,49635676.00
2017/01/11,69.71,70.24,68.64,68.73,805302,55910260.00
2017/01/12,68.74,71.32,68.74,69.44,773123,54023056.00
2017/01/13,69.69,70.29,65.69,65.88,1518817,103045288.00
2017/01/16,65.15,65.34,59.28,59.28,1948137,119899536.00
2017/01/17,58.95,63.84,56.51,62.40,2391089,141602112.00
2017/01/18,58.64,58.74,56.34,56.77,2303142,133169248.00
2017/01/19,55.79,58.14,54.54,56.39,1912712,108211072.00
2017/01/20,56.24,58.28,55.40,58.14,1674624,96686984.00
2017/01/23,57.64,58.82,57.63,58.34,1227365,71668696.00
2017/01/24,58.04,58.45,56.95,57.09,1011225,58663164.00
2017/01/25,57.36,58.29,56.95,58.09,904413,52508556.00
2017/01/26,58.31,58.57,57.73,57.92,794161,46233524.00
2017/02/03,58.22,58.22,57.05,57.21,590202,33960764.00
2017/02/06,57.59,61.04,57.24,59.79,1461048,86174880.00
2017/02/07,59.54,59.79,58.27,59.63,1301264,77092000.00
2017/02/08,59.35,60.63,58.90,60.30,1256113,75285256.00
2017/02/09,60.09,61.32,59.84,60.35,1450455,88212640.00
2017/02/10,60.12,61.16,57.72,57.84,1218530,72297064.00
2017/02/13,57.64,60.78,56.91,60.76,1539434,91294096.00
2017/02/14,60.84,61.62,60.04,60.26,1309277,79555560.00
2017/02/15,59.86,61.63,59.58,60.34,1416764,86088152.00
2017/02/16,59.74,60.16,58.88,59.38,902118,53824880.00
2017/02/17,59.05,59.72,58.16,58.46,988443,58470528.00
2017/02/20,58.22,58.91,56.34,58.84,1505908,86783712.00
2017/02/21,58.49,59.96,58.16,59.65,1037263,61653368.00
2017/02/22,59.94,60.27,57.92,59.03,1098016,65042060.00
2017/02/23,59.11,59.87,58.71,59.86,1112566,66321524.00
2017/02/24,59.99,61.79,59.55,61.18,1912390,116753584.00
2017/02/27,60.70,62.54,60.35,60.69,1457888,89950952.00
2017/02/28,60.37,65.34,60.36,63.32,2368633,149656592.00
2017/03/01,63.64,63.70,61.95,62.12,1758746,110194408.00
2017/03/02,62.12,62.44,60.99,61.04,1025390,63156036.00
2017/03/03,60.84,61.43,60.15,61.34,808103,49219540.00
2017/03/06,61.42,62.74,61.42,62.27,1262106,78701416.00
2017/03/07,62.64,63.71,62.34,63.65,1837558,116195960.00
2017/03/08,63.44,63.44,62.16,62.53,1156135,72771152.00
2017/03/09,62.53,63.29,61.64,62.06,885322,55198460.00
2017/03/10,62.14,64.24,61.90,63.26,1847928,117242280.00
2017/03/13,63.33,65.31,63.33,64.54,2045205,132005272.00
2017/03/14,64.28,70.81,64.17,68.44,4322216,290404128.00
2017/03/15,67.14,67.69,66.50,67.44,2657809,178604800.00
2017/03/16,67.54,70.69,67.54,68.62,2973916,206432064.00
2017/03/17,68.42,70.52,66.46,66.92,2689728,184770128.00
2017/03/20,66.84,67.61,65.42,67.61,1625337,108269112.00
2017/03/21,67.51,67.52,66.34,67.34,1348391,90424456.00
2017/03/22,66.77,68.14,65.54,68.14,1784507,119702296.00
2017/03/23,68.40,70.14,67.40,69.47,2763102,191232240.00
2017/03/24,69.04,70.03,68.35,69.44,1946836,135490464.00
2017/03/27,68.80,69.34,66.99,67.24,1416802,96504112.00
2017/03/28,67.29,67.69,64.86,64.89,1278855,84722032.00
2017/03/29,64.64,65.61,60.42,60.99,1456884,91955520.00
2017/03/30,60.62,61.29,58.34,58.61,1425108,85370512.00
2017/03/31,58.79,60.39,57.94,59.26,1331329,79014080.00
2017/04/05,59.76,60.80,58.25,60.19,962294,57551224.00
2017/04/06,61.34,62.69,60.50,60.73,1571262,97158296.00
2017/04/07,61.29,61.29,59.65,59.77,961381,58089896.00
2017/04/10,58.94,58.94,54.29,54.84,1852203,104292136.00
2017/04/11,54.68,56.61,54.24,56.49,1115488,62269368.00
2017/04/12,57.04,61.54,57.04,59.85,2085959,124453736.00
2017/04/13,59.72,60.52,58.25,58.42,1301005,77384464.00
2017/04/14,57.88,59.04,57.74,58.34,837936,49096408.00
2017/04/17,56.85,57.50,55.35,56.49,896118,50786812.00
2017/04/18,56.66,57.62,55.64,55.84,628348,35744292.00
2017/04/19,55.15,57.51,54.74,57.49,1079242,60925956.00
2017/04/20,57.44,58.02,55.60,56.34,654387,37207652.00
2017/04/21,56.72,57.94,56.25,56.54,835106,47865256.00
2017/04/24,56.42,57.32,53.85,54.84,659559,36200516.00
2017/04/25,54.85,56.10,54.74,55.72,605263,33752644.00
2017/04/26,55.64,57.14,55.29,56.92,615850,34908876.00
2017/04/27,53.84,55.04,51.21,54.46,2154439,114292312.00
2017/04/28,53.34,53.69,51.72,52.24,1763620,93148704.00
2017/05/02,51.94,52.69,51.75,52.02,759478,39701484.00
2017/05/03,52.14,52.71,51.35,52.19,679534,35348308.00
2017/05/04,52.33,53.34,52.26,52.51,1218437,64694892.00
2017/05/05,51.84,54.14,51.34,53.39,1384383,74023768.00
2017/05/08,53.59,54.42,51.87,52.21,835495,44731312.00
2017/05/09,52.21,53.49,51.44,53.24,658229,34786876.00
2017/05/10,29.14,29.81,27.31,27.80,2388484,68991768.00
2017/05/11,26.95,27.63,25.84,27.29,1845588,49850984.00
2017/05/12,27.25,28.27,26.90,27.03,2174269,60227884.00
2017/05/15,27.02,27.49,26.12,26.44,1667390,44500772.00
2017/05/16,26.24,27.41,25.85,27.29,1872262,50125184.00
2017/05/17,27.32,27.82,26.94,27.46,1659990,45713836.00
2017/05/18,27.10,28.02,26.95,27.48,1427701,39636008.00
2017/05/19,27.44,27.77,26.85,27.16,1046130,28857122.00
2017/05/22,27.16,27.40,24.92,25.52,1454801,38237232.00
2017/05/23,25.44,25.71,23.79,24.21,1726293,42507980.00
2017/05/24,24.09,24.20,23.35,24.03,1052379,25213480.00
2017/05/25,24.04,24.21,22.95,23.84,1174601,27910472.00
2017/05/26,24.04,24.16,23.60,23.92,1348104,32408892.00
2017/05/31,24.72,24.82,23.44,23.73,1890542,46074672.00
2017/06/01,23.44,23.63,22.04,22.08,1540752,35295572.00
2017/06/02,22.03,22.94,21.45,22.82,1039891,23493538.00
2017/06/05,23.20,23.44,22.72,22.83,900798,20916632.00
2017/06/06,22.84,23.23,22.33,23.04,884523,20363060.00
2017/06/07,22.85,24.34,22.85,23.99,2549217,61218996.00
2017/06/08,23.99,25.71,23.72,24.97,3540913,88583928.00
2017/06/09,24.93,24.95,24.15,24.79,2127156,52583212.00
2017/06/12,24.31,24.34,23.25,23.44,1623287,38933676.00
2017/06/13,23.40,24.22,23.31,24.02,1440274,34697484.00
2017/06/14,23.93,24.27,23.76,23.94,1095420,26438932.00
2017/06/15,23.94,25.68,23.93,25.31,3345190,84338024.00
2017/06/16,25.33,26.32,25.26,25.33,3417462,88193672.00
2017/06/19,25.17,26.03,25.14,25.39,1794380,46161080.00
2017/06/20,25.64,25.64,24.60,24.73,2240259,56624476.00
2017/06/21,24.57,25.23,24.57,25.00,1525843,38264072.00
2017/06/22,25.00,25.03,23.84,23.87,1898314,46527472.00
2017/06/23,23.69,24.23,23.21,23.99,1322073,31604164.00
2017/06/26,23.98,24.25,23.50,24.24,999060,24101966.00
2017/06/27,24.33,24.52,23.97,24.02,1105500,26991674.00
2017/06/28,23.83,24.22,23.25,23.42,1187401,28157826.00
2017/06/29,23.20,23.69,23.20,23.39,964215,22737112.00
2017/06/30,23.24,23.61,23.07,23.46,1010200,23769334.00
2017/07/03,23.49,24.20,23.49,24.15,1453564,35001300.00
2017/07/04,23.95,24.24,23.76,24.01,800562,19322110.00
2017/07/05,24.00,24.52,23.92,24.49,1578090,38534448.00
2017/07/06,24.49,24.82,23.95,24.26,1726923,42392308.00
2017/07/07,24.17,25.02,24.16,24.94,2170523,53947364.00
2017/07/10,24.66,24.82,24.06,24.09,1538986,37654696.00
2017/07/11,24.09,24.31,23.50,23.52,893667,21379730.00
2017/07/12,23.52,23.70,22.45,23.24,1283481,29652602.00
2017/07/13,23.24,23.24,22.59,22.75,900598,20718370.00
2017/07/14,22.72,22.72,22.02,22.51,1012460,22879918.00
2017/07/17,21.99,22.44,20.24,20.24,1512172,32214556.00
2017/07/18,19.89,20.64,19.64,20.16,1181502,23943428.00
2017/07/19,20.16,20.17,19.75,20.07,987521,19862254.00
2017/07/20,20.13,20.57,19.81,19.82,930680,18975318.00
2017/07/21,19.64,20.10,19.64,19.71,763658,15278118.00
2017/07/24,19.63,20.12,19.40,19.98,882038,17593416.00
2017/07/25,20.08,20.49,19.91,20.47,1295790,26491780.00
2017/07/26,20.48,20.68,19.93,20.62,1079842,22093712.00
2017/07/27,20.52,21.79,20.36,21.72,1796345,38412452.00
2017/07/28,21.72,21.72,21.20,21.22,1138596,24493418.00
2017/07/31,21.22,21.49,20.96,21.21,567454,12143574.00
2017/08/01,21.34,21.54,20.65,21.11,1098121,23355672.00
2017/08/02,21.12,21.59,20.76,21.50,1734822,37314136.00
2017/08/03,21.44,22.63,21.17,22.19,2311959,51276708.00
2017/08/04,22.16,24.04,22.16,23.73,3977166,93317248.00
2017/08/07,23.74,26.12,23.54,26.12,4240580,109144888.00
2017/08/08,26.69,27.94,25.60,26.58,7731948,208156352.00
2017/08/09,26.54,28.72,25.72,28.53,7400685,202828144.00
2017/08/10,28.13,28.56,26.65,26.85,5753377,158989504.00
2017/08/11,26.21,26.62,25.48,25.94,4114465,107189288.00
2017/08/14,25.75,26.64,25.48,26.22,4107596,107491704.00
2017/08/15,26.11,27.16,25.66,27.16,4069241,107491480.00
2017/08/16,26.72,27.72,26.54,26.81,4362172,119619768.00
2017/08/17,26.34,26.65,25.45,25.90,4494996,117552248.00
2017/08/18,25.45,25.83,24.74,25.04,3838421,97339960.00
2017/08/21,25.09,25.68,25.05,25.27,2277398,58110200.00
2017/08/22,25.51,26.36,25.33,26.11,3845782,100540472.00
2017/08/23,25.98,26.40,25.34,25.73,2365360,61616188.00
2017/08/24,25.45,25.72,24.89,25.33,2232486,56589100.00
2017/08/25,25.34,25.82,25.06,25.79,2160941,55699352.00
2017/08/28,25.94,27.03,25.94,26.54,3462779,92168136.00
2017/08/29,26.30,26.59,25.83,26.23,2596597,68282944.00
2017/08/30,26.15,26.40,25.94,26.12,1404154,36887772.00
2017/08/31,26.01,26.77,25.90,26.75,2398264,63513400.00
2017/09/01,26.80,27.05,26.19,26.52,2491828,66414992.00
2017/09/04,26.54,26.54,25.94,26.19,1747184,46062040.00
2017/09/05,26.06,27.82,26.06,27.77,4970405,135396192.00
2017/09/06,27.79,30.56,27.79,30.56,8697612,252899792.00
2017/09/07,30.54,30.56,29.06,29.24,7503660,224186016.00
2017/09/08,29.22,31.72,28.94,31.24,7148050,218860656.00
2017/09/11,30.84,32.13,30.57,31.00,4584771,143998032.00
2017/09/12,30.78,31.18,29.34,29.81,4644963,140335936.00
2017/09/13,29.74,31.83,29.38,29.83,2458380,74407584.00
2017/09/14,29.76,30.62,29.49,30.24,2462099,74356896.00
2017/09/15,29.98,31.29,29.74,29.74,3369892,103723688.00
2017/09/18,29.10,29.72,28.52,29.64,2286672,66812368.00
2017/09/19,29.37,30.30,28.93,29.13,2069040,61353544.00
2017/09/20,29.64,30.29,29.14,29.86,3001727,90185296.00
2017/09/21,29.84,30.18,29.32,29.87,2910371,87360040.00
2017/09/22,29.67,30.83,29.46,30.21,3566633,108717456.00
2017/09/25,30.11,30.51,28.70,28.83,2484433,74354408.00
2017/09/26,28.74,29.04,26.34,27.25,3252781,89944512.00
2017/09/27,27.23,27.58,26.88,27.11,1598623,43748232.00
2017/09/28,27.09,27.32,26.84,26.87,1380637,37600072.00
2017/09/29,26.72,27.13,26.66,26.74,1453940,39332524.00
2017/10/09,27.36,27.64,26.79,27.07,1831858,49841484.00
2017/10/10,27.06,28.32,26.93,28.32,2473062,68710080.00
2017/10/11,28.31,29.70,27.57,29.12,4259165,123121752.00
2017/10/12,28.91,30.33,28.54,28.84,4348362,128963256.00
2017/10/13,28.62,28.63,27.65,28.44,2506982,71071800.00
2017/10/16,29.36,30.84,28.45,28.54,4234937,125565632.00
2017/10/17,27.84,29.69,25.67,29.63,4025050,115699256.00
2017/10/18,29.64,30.04,28.52,28.67,2997957,88528256.00
2017/10/19,28.39,29.49,28.10,28.90,2308664,67100520.00
2017/10/20,28.74,30.80,28.74,30.80,6117520,184567856.00
2017/10/23,30.97,31.64,29.92,30.80,5399271,165883152.00
2017/10/24,30.50,30.60,29.60,30.30,3943790,119496432.00
2017/10/25,30.74,31.32,30.04,30.84,4941592,152475488.00
2017/10/26,30.36,30.61,30.04,30.29,3133393,95386464.00
2017/10/27,30.09,30.48,28.85,28.90,3405340,101286288.00
2017/10/30,28.89,29.34,27.14,27.34,2609862,73632176.00
2017/10/31,27.82,28.11,27.39,27.87,1846700,51476920.00
2017/11/01,28.08,28.31,27.67,28.11,1666740,46960260.00
2017/11/02,27.83,27.95,26.84,26.84,2305152,63116220.00
2017/11/03,26.86,27.19,26.39,27.00,1316880,35605568.00
2017/11/06,27.22,27.79,26.85,27.74,1593943,43948464.00
2017/11/07,27.74,27.92,27.24,27.69,1431016,39698340.00
2017/11/08,27.74,28.82,27.44,28.54,2389312,67908576.00
2017/11/09,28.45,28.65,28.14,28.47,1455012,41462408.00
2017/11/10,28.49,28.79,27.95,27.98,1807414,51383288.00
2017/11/13,28.35,30.28,28.35,29.01,4146034,122238080.00
2017/11/14,28.69,28.87,27.75,27.75,2840247,80606752.00
2017/11/15,27.49,27.49,26.74,26.79,2239448,60661932.00
2017/11/16,27.04,27.04,26.39,27.02,1160205,31350044.00
2017/11/17,26.79,27.14,24.84,24.88,2437236,63030896.00
2017/11/20,24.46,24.79,23.54,24.47,1743814,42262460.00
2017/11/21,24.47,24.63,23.75,24.14,1466262,35656748.00
2017/11/22,24.33,24.55,23.75,23.86,1246921,30285078.00
2017/11/23,23.75,23.81,22.35,22.35,2003340,46583432.00
2017/11/24,22.22,22.67,21.97,22.48,1093638,24774646.00
2017/11/27,22.32,22.87,22.16,22.24,759174,17281320.00
2017/11/28,22.23,23.05,22.15,23.04,1184869,27245498.00
2017/11/29,23.04,23.14,22.35,22.91,815012,18676660.00
2017/11/30,22.90,23.18,22.60,22.87,759873,17584936.00
2017/12/01,22.89,23.39,22.87,23.33,844788,19772886.00
2017/12/04,23.39,23.42,22.00,22.33,988608,22880408.00
2017/12/05,22.34,22.64,20.84,21.64,1573012,34355708.00
2017/12/06,21.36,22.20,21.36,22.17,1103751,24304476.00
2017/12/07,22.23,22.51,21.92,22.31,894543,20110938.00
2017/12/08,22.40,23.18,22.40,22.81,869449,20050454.00
2017/12/11,22.78,23.36,22.66,23.30,818513,19161592.00
2017/12/12,23.43,23.44,22.75,22.79,655991,15227104.00
2017/12/13,22.84,23.79,22.82,23.54,1132060,26677540.00
2017/12/14,23.38,23.52,23.00,23.05,1539760,35942360.00
2017/12/15,23.04,23.58,23.01,23.44,1123086,26356556.00
2017/12/18,23.53,23.63,22.59,23.34,1084493,25163956.00
2017/12/19,23.22,23.38,22.81,23.22,890320,20779726.00
2017/12/20,23.02,23.41,22.74,22.77,678260,15671276.00
2017/12/21,22.76,22.81,22.29,22.71,761320,17317252.00
2017/12/22,22.50,22.82,22.47,22.60,462052,10545807.00
2017/12/25,22.82,22.82,21.65,21.97,770222,17092918.00
2017/12/26,21.93,22.71,21.93,22.59,673752,15197584.00
2017/12/27,22.73,22.94,22.35,22.44,696022,15918246.00
2017/12/28,22.45,23.21,22.35,22.80,991666,22817358.00
2017/12/29,23.13,23.13,22.65,23.03,921340,21332202.00
2018/01/02,22.96,23.61,22.95,23.41,979782,22834576.00
2018/01/03,23.32,23.60,23.19,23.56,1089425,25676398.00
2018/01/04,23.61,24.13,23.58,23.62,1571945,37640368.00
2018/01/05,24.14,25.26,23.86,24.74,3619943,89787736.00
2018/01/08,24.54,24.54,23.94,24.29,2013613,49003888.00
2018/01/09,24.27,24.27,23.85,23.99,1145501,27719486.00
2018/01/10,24.14,24.44,23.63,23.82,1270141,30640436.00
2018/01/11,23.69,24.40,23.32,24.16,1601849,38510664.00
2018/01/12,24.19,24.19,23.70,23.74,880632,21114344.00
2018/01/15,23.73,23.74,22.63,22.89,1694810,39267292.00
2018/01/16,22.63,23.29,22.63,23.28,909824,21031234.00
2018/01/17,23.14,24.41,22.96,23.98,1525540,36450404.00
2018/01/18,23.84,24.02,23.42,23.96,1012291,24220392.00
2018/01/19,23.83,24.13,23.56,23.56,857940,20561630.00
2018/01/22,23.47,24.31,22.80,23.87,1555363,36980176.00
2018/01/23,24.00,24.00,23.54,23.69,785440,18776440.00
2018/01/24,23.59,24.31,23.49,24.20,1636783,39633240.00
2018/01/25,24.33,24.62,23.97,23.99,1631518,39916484.00
2018/01/26,23.94,24.07,23.64,23.73,936851,22446336.00
2018/01/29,23.84,23.84,22.87,22.87,1196800,28130270.00
2018/01/30,22.86,23.42,22.77,23.34,1259470,29108108.00
2018/01/31,23.34,23.34,22.69,22.99,1017047,23430166.00
2018/02/01,21.89,22.99,20.68,21.64,2207063,48937276.00
2018/02/02,22.12,22.12,21.00,21.24,1367789,29545052.00
2018/02/05,21.21,22.64,20.68,22.64,1799460,38933160.00
2018/02/06,21.88,22.60,21.86,22.03,1020469,22716784.00
2018/02/07,22.13,23.14,21.94,22.34,1128120,25485862.00
2018/02/08,22.25,22.74,22.16,22.30,508811,11505391.00
2018/02/09,21.65,22.06,21.35,21.83,635808,13952338.00
2018/02/12,22.14,22.72,21.95,22.62,957297,21543566.00
2018/02/13,22.72,23.12,22.29,22.54,1919261,43479508.00
2018/02/14,22.82,22.82,22.09,22.46,782340,17705026.00
2018/02/22,22.72,23.02,22.56,22.85,531340,12184454.00
2018/02/23,22.87,22.99,22.59,22.89,371540,8509994.00
2018/02/26,23.17,24.05,23.00,23.83,1552467,36913880.00
2018/02/27,23.96,24.28,23.71,23.84,1407118,33994652.00
2018/02/28,24.19,24.84,23.91,24.62,2380526,58645208.00
2018/03/01,24.15,25.29,23.97,25.26,4304559,107598136.00
2018/03/02,25.86,26.82,25.04,25.17,4619815,120446288.00
2018/03/05,25.14,25.63,24.75,25.49,3237870,81909216.00
2018/03/06,25.84,26.10,24.88,24.97,3135299,80200168.00
2018/03/07,24.76,25.50,24.64,24.92,1979213,49680868.00
2018/03/08,24.71,25.09,24.62,24.94,1748601,43700900.00
2018/03/09,25.30,26.37,24.97,26.05,4508413,116621208.00
2018/03/12,26.79,28.59,26.30,27.27,7184782,196509328.00
2018/03/13,27.14,28.84,26.64,27.93,7645305,214054736.00
2018/03/14,27.64,27.64,26.84,27.04,4282184,117346168.00
2018/03/15,26.65,27.36,25.92,27.02,3843010,102826608.00
2018/03/16,26.82,27.36,26.64,26.70,2004080,54419196.00
2018/03/19,26.74,27.72,26.34,27.34,2736707,74941768.00
2018/03/20,27.04,27.32,26.43,27.22,1960767,53093968.00
2018/03/21,27.50,27.59,25.84,26.04,2220153,59850896.00
2018/03/22,26.30,28.39,26.30,27.88,7475470,208275200.00
2018/03/23,26.89,28.64,26.54,27.78,7482766,208407040.00
2018/03/26,26.84,29.56,26.44,29.56,7588277,216295520.00
2018/03/27,31.04,31.56,29.62,30.24,13384048,409538816.00
2018/03/28,29.81,31.56,29.79,30.17,8633730,267407600.00
2018/03/29,30.22,30.92,28.92,30.34,6693934,201819344.00
2018/03/30,30.56,32.82,30.21,31.44,7593822,240645472.00
2018/04/02,32.57,32.82,31.17,31.49,7078375,227488704.00
2018/04/03,30.41,31.10,29.69,30.55,5761462,175002320.00
2018/04/04,30.74,31.54,29.84,29.87,4118002,127327376.00
2018/04/09,29.64,30.61,28.68,30.05,3376778,101044416.00
2018/04/10,30.14,30.16,28.95,29.84,3396619,100826408.00
2018/04/11,29.84,32.57,29.84,31.55,6346656,199846992.00
2018/04/12,31.34,32.11,31.07,31.25,3426392,108337472.00
2018/04/13,31.15,31.53,29.75,29.95,4775359,145631296.00
2018/04/16,29.81,31.19,29.44,30.82,3987491,122578408.00
2018/04/17,30.79,31.13,29.14,29.18,3098816,93172904.00
2018/04/18,29.84,31.82,29.44,31.55,5054666,155012528.00
2018/04/19,31.44,32.04,30.97,31.89,4888200,154939296.00
2018/04/20,31.44,32.01,30.73,31.04,3171318,100027520.00
2018/04/23,31.14,31.83,29.69,30.49,2672597,82207128.00
2018/04/24,30.20,33.56,30.20,33.56,6147561,201026576.00
2018/04/25,33.84,36.04,33.60,34.99,10124517,353881600.00
2018/04/26,34.94,35.33,33.98,34.49,5131749,179072832.00
2018/04/27,35.18,36.01,34.19,34.93,5661277,199610272.00
2018/05/02,34.92,36.42,34.77,35.93,4561178,163444560.00
2018/05/03,35.65,36.19,34.05,35.79,3871086,137007136.00
2018/05/04,35.84,35.84,34.29,35.03,3749478,131308632.00
2018/05/07,35.04,37.09,34.51,36.66,5079393,184309536.00
2018/05/08,36.44,36.66,35.71,36.14,2919483,105710456.00
2018/05/09,36.04,36.08,35.06,35.46,2193068,78275904.00
2018/05/10,19.72,20.04,18.60,19.65,7970674,155251952.00
2018/05/11,19.33,19.76,18.63,18.69,5502751,105819096.00
2018/05/14,18.53,19.03,17.87,18.23,5986034,110514280.00
2018/05/15,18.28,18.78,18.08,18.73,4866505,90917952.00
2018/05/16,18.62,19.09,17.96,17.99,4937438,92257608.00
2018/05/17,18.04,18.32,17.65,18.22,3760656,68412984.00
2018/05/18,18.16,18.16,17.22,17.61,4833640,85933656.00
2018/05/21,17.61,18.02,17.54,17.68,4241382,76105896.00
2018/05/22,17.67,18.32,17.60,18.22,4994075,90770680.00
2018/05/23,18.09,18.84,17.94,18.44,7009205,130459456.00
2018/05/24,18.24,18.77,18.22,18.29,3924551,72947784.00
2018/05/25,18.22,18.34,17.14,17.64,5044624,89729792.00
2018/05/28,17.62,17.62,16.17,16.44,7472927,126028856.00
2018/05/29,16.32,16.78,16.20,16.40,2885600,48259724.00
2018/05/30,15.99,16.27,15.44,15.74,4639428,74030000.00
2018/05/31,15.85,16.40,15.78,16.12,3586010,58299128.00
2018/06/01,15.95,16.54,15.70,15.94,3024111,49109680.00
2018/06/04,16.22,16.22,15.14,15.61,3793068,59476492.00
2018/06/05,15.60,16.94,15.57,16.77,4819742,79536984.00
2018/06/06,16.77,17.53,16.65,17.17,5876431,101919808.00
2018/06/07,17.14,17.17,16.75,17.01,1863807,31882994.00
2018/06/08,17.14,17.48,16.79,17.30,2801167,48470592.00
2018/06/11,17.08,17.40,16.62,17.33,2925920,50139976.00
2018/06/12,17.24,17.26,16.74,16.92,2765800,47262668.00
2018/06/13,16.65,16.76,15.75,16.12,4566640,74331408.00
2018/06/14,16.04,16.30,15.84,16.08,1651610,26897586.00
2018/06/15,16.06,16.20,15.64,15.70,1854978,29708974.00
2018/06/19,15.54,15.79,14.15,14.59,3149416,47408956.00
2018/06/20,14.59,15.31,14.38,15.29,2996304,45328328.00
2018/06/21,15.33,15.33,14.60,14.85,2428626,36667728.00
2018/06/22,14.84,15.57,14.45,15.33,2773199,42776380.00
2018/06/25,15.63,15.64,15.09,15.17,1643636,25493318.00
2018/06/26,15.05,15.96,14.36,15.78,2757066,43523368.00
2018/06/27,15.78,16.72,15.59,16.43,3750650,61497036.00
2018/06/28,16.44,16.45,16.06,16.45,2697553,44352296.00
2018/06/29,16.41,17.72,16.14,17.31,6228365,107627640.00
2018/07/02,17.44,17.64,16.96,17.26,2440220,42525492.00
2018/07/03,17.19,17.43,16.26,17.21,4720255,80197800.00
2018/07/04,17.08,17.08,15.99,16.49,4758506,78840984.00
2018/07/05,16.25,16.41,15.57,15.82,3490968,56250120.00
2018/07/06,15.87,16.37,15.39,16.17,4394091,70783752.00
2018/07/09,16.14,16.94,16.02,16.93,4835734,80020824.00
2018/07/10,16.82,17.27,16.54,17.14,3990643,68059256.00
2018/07/11,16.74,17.34,16.11,16.63,3753809,63272464.00
2018/07/12,16.65,17.40,16.50,16.72,8004092,137176624.00
2018/07/13,16.44,16.70,15.84,16.31,6625876,108404184.00
2018/07/16,16.09,16.24,15.74,16.03,3872264,62359176.00
2018/07/17,15.99,16.30,15.85,16.22,2999331,48897040.00
2018/07/18,16.29,16.39,15.73,15.78,2861933,46152600.00
2018/07/19,15.78,15.90,14.87,15.20,3902430,60344584.00
2018/07/20,14.99,15.67,14.99,15.60,2755381,43116096.00
2018/07/23,15.60,16.72,15.42,16.68,6345351,104447672.00
2018/07/24,16.69,17.03,16.55,16.73,5262779,89172656.00
2018/07/25,16.79,17.14,16.73,16.79,3689664,63088696.00
2018/07/26,16.82,17.04,16.50,16.93,2675649,45193364.00
2018/07/27,16.84,16.84,16.13,16.24,3836806,63396320.00
2018/07/30,16.11,16.42,15.30,15.64,3391294,53995104.00
2018/07/31,15.51,15.82,15.44,15.74,1454652,23011896.00
2018/08/01,15.75,16.09,15.47,15.53,1789178,28577434.00
2018/08/02,15.59,15.60,14.67,14.92,3083109,46508240.00
2018/08/03,14.90,15.02,14.34,14.34,1705620,25440832.00
2018/08/06,14.44,14.69,13.72,13.82,2738567,39127136.00
2018/08/07,13.90,14.45,13.73,14.42,2343631,33643408.00
2018/08/08,14.26,14.57,13.93,14.04,1526884,22004300.00
2018/08/09,13.84,14.93,13.84,14.66,2589600,38225228.00
2018/08/10,14.64,14.89,14.64,14.77,1471705,21921558.00
2018/08/13,14.46,15.33,14.44,15.22,2750913,41791680.00
2018/08/14,15.22,15.31,14.81,14.90,1752536,26525372.00
2018/08/15,14.90,15.02,14.40,14.64,1447409,21472196.00
2018/08/16,14.51,14.71,14.20,14.32,1605900,23470314.00
2018/08/17,14.49,14.73,14.14,14.32,1611930,23563956.00
2018/08/20,14.36,14.40,13.45,14.12,2392784,33622296.00
2018/08/21,14.12,14.43,14.01,14.31,1383696,19931302.00
2018/08/22,14.31,14.48,13.97,14.01,1208780,17395912.00
2018/08/23,13.84,14.42,13.84,14.35,1774047,25554118.00
2018/08/24,14.22,14.42,14.07,14.09,1408411,20292944.00
2018/08/27,14.24,14.73,14.09,14.68,2803936,41030148.00
2018/08/28,14.59,15.04,14.49,14.76,2623191,39253240.00
2018/08/29,14.76,14.91,14.39,14.45,1645244,24178512.00
2018/08/30,14.50,14.66,14.32,14.51,1428578,20943552.00
2018/08/31,14.40,14.48,13.34,13.48,4434060,62037816.00
2018/09/03,13.48,13.48,12.12,12.66,4985044,63191296.00
2018/09/04,12.56,12.89,12.34,12.63,2706386,34665956.00
2018/09/05,12.65,13.08,12.29,12.34,3435922,44359012.00
2018/09/06,12.44,12.60,12.18,12.48,3070476,38597112.00
2018/09/07,12.43,12.75,12.15,12.25,2752077,34586756.00
2018/09/10,12.29,12.42,11.74,11.86,2239392,27281768.00
2018/09/11,11.87,12.20,11.77,12.09,1559365,19018422.00
2018/09/12,12.19,12.23,11.92,12.04,1358296,16624007.00
2018/09/13,12.22,12.26,11.94,12.23,1546536,18996484.00
2018/09/14,12.15,12.24,11.75,11.76,2419054,29216618.00
2018/09/17,11.74,11.74,11.01,11.14,3038041,34701116.00
2018/09/18,11.15,11.58,11.05,11.52,3394110,38936392.00
2018/09/19,11.47,11.80,11.39,11.63,2534081,29851894.00
2018/09/20,11.70,11.77,11.52,11.59,1828038,21536230.00
2018/09/21,11.71,11.79,11.52,11.69,1731342,20499940.00
2018/09/25,11.69,11.80,11.55,11.67,1562845,18488540.00
2018/09/26,11.67,11.99,11.46,11.90,3485706,41574752.00
2018/09/27,11.82,11.82,11.12,11.15,3897572,45402212.00
2018/09/28,11.18,12.28,11.18,12.00,4878367,58563048.00
2018/10/08,11.86,11.91,11.13,11.24,4060956,47420444.00
2018/10/09,11.39,11.51,11.14,11.26,2673488,30754154.00
2018/10/10,11.31,11.82,11.26,11.52,2861994,33474678.00
2018/10/11,11.04,11.20,10.35,10.35,4223412,45556248.00
2018/10/12,10.18,10.42,9.74,10.20,3104957,31779058.00
2018/10/15,9.24,9.59,9.16,9.16,4869978,46273140.00
2018/10/16,8.88,9.28,8.64,8.94,3818016,34861880.00
2018/10/17,9.16,9.24,8.79,8.91,2952143,27036992.00
2018/10/18,8.93,9.03,8.51,8.74,3480289,31230962.00
2018/10/19,8.50,9.22,8.50,9.04,4324992,39391656.00
2018/10/22,9.22,9.96,9.07,9.96,5557905,54341820.00
2018/10/23,10.21,10.21,9.40,9.59,5395175,53566432.00
2018/10/24,10.16,10.57,9.72,9.75,5367809,54912744.00
2018/10/25,9.33,9.58,9.24,9.46,3610660,34507576.00
2018/10/26,9.56,9.58,9.11,9.14,3577536,34062852.00
2018/10/29,9.00,10.07,8.95,10.07,6109481,61404500.00
2018/10/30,10.09,10.21,9.49,9.86,10235782,101750256.00
2018/10/31,9.69,9.90,9.66,9.85,6112022,60759012.00
2018/11/01,9.93,10.14,9.79,9.82,7252814,73373432.00
2018/11/02,9.93,10.23,9.88,10.19,6882620,70090232.00
2018/11/05,10.12,10.36,9.82,10.11,5771528,59039064.00
2018/11/06,10.12,10.30,9.87,10.02,4590269,46752616.00
2018/11/07,9.98,10.17,9.94,9.94,3181742,32438160.00
2018/11/08,9.98,10.07,9.67,9.74,3681856,36802080.00
2018/11/09,9.77,9.92,9.60,9.62,2869244,28418124.00
2018/11/12,9.64,10.04,9.64,10.03,3711096,37315440.00
2018/11/13,9.92,10.22,9.86,10.11,4843065,49586596.00
2018/11/14,10.16,10.55,10.09,10.54,7930652,83210376.00
2018/11/15,10.32,11.32,10.29,11.20,9261473,102071256.00
2018/11/16,11.09,11.38,10.93,11.23,6048387,68245152.00
2018/11/19,11.24,11.24,10.84,10.94,3376659,37537660.00
2018/11/20,10.86,11.44,10.86,10.95,5423827,61336580.00
2018/11/21,10.79,11.93,10.64,11.47,7134385,81993632.00
2018/11/22,11.49,11.74,10.95,10.95,5180225,59021528.00
2018/11/23,10.95,11.11,10.17,10.25,5166432,55413788.00
2018/11/26,10.11,10.44,9.86,9.97,2729552,27984764.00
2018/11/27,10.03,10.23,9.94,10.06,1755839,17966178.00
2018/11/28,10.10,10.30,9.85,10.25,1851860,19043938.00
2018/11/29,10.41,10.41,9.87,9.89,2180522,22375430.00
2018/11/30,9.90,10.04,9.64,10.03,2095171,21022908.00
2018/12/03,10.14,10.49,10.14,10.32,2515842,26467904.00
2018/12/04,10.33,10.47,10.26,10.44,1893868,19922250.00
2018/12/05,10.24,10.38,10.15,10.31,1801380,18779792.00
2018/12/06,10.16,10.26,9.92,10.01,2166097,22139838.00
2018/12/07,10.01,10.72,10.01,10.60,4362126,46032468.00
2018/12/10,10.43,10.64,10.33,10.42,2130534,22610674.00
2018/12/11,10.49,10.63,10.38,10.51,1862520,19868586.00
2018/12/12,10.47,10.55,10.41,10.51,1460564,15556867.00
2018/12/13,10.50,10.95,10.50,10.53,8341075,90931952.00
2018/12/14,10.57,10.80,10.23,10.40,4990750,53056416.00
2018/12/17,10.24,10.33,9.95,10.26,1923720,19835866.00
2018/12/18,10.21,10.32,10.15,10.25,1513600,15716667.00
2018/12/19,10.33,10.33,9.94,9.98,1066800,10927453.00
2018/12/20,9.98,10.10,9.95,10.01,872232,8874872.00
2018/12/21,10.03,10.09,9.96,10.04,1086256,11066363.00
2018/12/24,10.04,10.21,9.99,10.19,1206224,12401698.00
2018/12/25,10.01,10.31,9.90,10.25,1904582,19582742.00
2018/12/26,10.29,10.39,10.14,10.25,1380400,14393422.00
2018/12/27,10.43,10.44,9.97,10.02,1486704,15392446.00
2018/12/28,10.06,10.08,9.86,9.88,1389740,14033377.00
2019/01/02,9.89,10.02,9.84,9.84,753574,7574177.00
2019/01/03,9.93,9.93,9.75,9.84,1108520,11085961.00
2019/01/04,9.67,10.30,9.66,10.25,3379233,34239052.00
2019/01/07,10.26,10.58,10.15,10.48,3828262,40235296.00
2019/01/08,10.41,10.57,10.38,10.42,2208446,23490800.00
2019/01/09,10.41,10.67,10.27,10.31,1980636,21077492.00
2019/01/10,10.28,10.48,10.24,10.43,1739476,18299536.00
2019/01/11,10.44,10.54,10.24,10.50,1346084,14236331.00
2019/01/14,10.47,10.57,10.22,10.26,1266421,13292592.00
2019/01/15,10.12,11.00,10.12,10.76,5912816,64469780.00
2019/01/16,10.69,10.84,10.63,10.71,3180434,34664008.00
2019/01/17,10.56,10.70,10.28,10.30,2765856,29278614.00
2019/01/18,10.27,10.44,10.19,10.41,1471928,15448975.00
2019/01/21,10.43,10.48,10.28,10.31,1660480,17485596.00
2019/01/22,10.33,10.39,9.99,10.07,2103500,21626784.00
2019/01/23,10.07,10.18,9.98,10.14,1023508,10487519.00
2019/01/24,10.06,10.29,10.06,10.16,1168741,12079016.00
2019/01/25,10.18,10.21,9.95,10.18,1285024,13212513.00
2019/01/28,10.26,10.26,10.06,10.15,1430728,14747578.00
2019/01/29,10.23,10.82,10.03,10.48,3900349,41467028.00
2019/01/30,10.31,10.64,10.31,10.39,2872204,30576140.00
2019/01/31,10.34,10.81,10.33,10.80,4327563,46538272.00
2019/02/01,10.86,10.93,10.67,10.89,3060719,33542092.00
2019/02/11,10.89,11.16,10.74,11.10,3700133,41144852.00
2019/02/12,11.03,11.33,11.01,11.20,2999372,33970312.00
2019/02/13,11.24,11.28,11.13,11.22,3034413,34482320.00
2019/02/14,11.22,11.74,11.11,11.61,4905681,57301776.00
2019/02/15,11.73,11.73,11.47,11.47,2613339,30680800.00
2019/02/18,11.53,12.35,11.46,12.22,5120808,61563840.00
2019/02/19,12.04,12.25,11.66,11.89,4262615,51564148.00
2019/02/20,11.94,11.94,11.56,11.64,2712254,32087466.00
2019/02/21,11.64,12.08,11.56,11.61,3260042,38963836.00
2019/02/22,11.52,11.91,11.38,11.91,4508112,53120000.00
2019/02/25,12.09,13.12,12.00,13.12,6997891,89692896.00
2019/02/26,13.84,14.45,13.57,14.45,9169869,131848520.00
2019/02/27,15.14,15.14,13.75,14.07,13660349,196562800.00
2019/02/28,13.95,14.07,13.49,14.04,4284428,59216288.00
2019/03/01,13.98,14.01,13.33,13.54,5284121,72063688.00
2019/03/04,13.62,13.99,13.17,13.88,8623365,120194184.00
2019/03/05,13.75,14.36,13.58,14.23,9044747,126706880.00
2019/03/06,14.29,14.33,13.98,14.28,6118442,87443152.00
2019/03/07,14.56,15.17,14.07,14.29,13436573,199057664.00
2019/03/08,13.99,14.37,13.56,14.11,10733663,151843088.00
2019/03/11,13.95,14.73,13.84,14.73,10233027,148010352.00
2019/03/12,14.77,15.61,14.44,15.40,15152712,231963584.00
2019/03/13,15.24,15.24,14.63,14.84,8093685,121473560.00
2019/03/14,14.83,14.93,14.16,14.92,6641164,98668128.00
2019/03/15,15.12,15.14,14.53,14.61,5030589,75185080.00
2019/03/18,14.54,14.68,14.12,14.53,4966333,72886520.00
2019/03/19,14.72,14.72,14.34,14.54,2373704,34766288.00
2019/03/20,14.59,15.24,14.15,14.92,3149314,46239388.00
2019/03/21,14.93,14.93,14.62,14.74,3681824,54953572.00
2019/03/22,14.61,15.01,14.56,14.76,1885603,28094114.00
2019/03/25,14.50,14.81,14.22,14.25,2443050,35946900.00
2019/03/26,14.25,14.94,14.10,14.10,4516712,66247496.00
2019/03/27,14.01,14.63,13.80,13.99,2475504,35030904.00
2019/03/28,13.94,14.32,13.71,13.71,1865772,26376784.00
2019/03/29,13.71,14.27,13.64,14.17,2408906,34191776.00
2019/04/01,14.17,15.05,14.17,14.86,4578291,68255120.00
2019/04/02,14.95,14.95,14.31,14.52,6711860,98747320.00
2019/04/03,14.36,14.93,14.26,14.78,8239362,121809280.00
2019/04/04,14.93,15.46,14.61,15.39,13913823,211457680.00
2019/04/08,15.26,16.20,15.26,15.53,13634956,215717184.00
2019/04/09,15.37,15.79,15.16,15.33,7963350,124626040.00
2019/04/10,15.10,15.62,14.88,15.35,6943828,106648320.00
2019/04/11,15.39,15.45,14.82,14.92,3055574,46340300.00
2019/04/12,14.92,15.08,14.60,14.92,3841287,57551720.00
2019/04/15,14.98,15.11,14.54,14.54,2125468,31808390.00
2019/04/16,14.44,14.99,14.24,14.70,2721393,40090744.00
2019/04/17,14.60,14.92,14.57,14.72,2847496,42311836.00
2019/04/18,14.69,14.72,14.45,14.54,1554175,22886294.00
2019/04/19,14.52,15.31,14.52,15.28,5847008,88816416.00
2019/04/22,15.19,15.49,15.00,15.06,3326877,51001160.00
2019/04/23,15.06,16.58,15.06,15.84,11898857,191612240.00
2019/04/24,16.10,16.32,15.32,15.86,12628540,201260336.00
2019/04/25,15.78,16.05,15.20,15.34,9623740,153520112.00
2019/04/26,15.29,15.65,14.74,15.04,5438573,83283448.00
2019/04/29,15.02,15.44,14.34,15.12,6345740,95549024.00
2019/04/30,15.12,16.04,14.84,15.44,6756024,105018416.00
2019/05/06,14.60,14.64,13.88,14.30,5700962,82133624.00
2019/05/07,14.28,14.73,14.15,14.53,6041232,88333288.00
2019/05/08,14.22,14.74,13.84,14.27,3021813,44183072.00
2019/05/09,14.19,14.39,13.97,14.12,2968736,42579380.00
2019/05/10,14.28,14.64,13.74,14.34,6617658,95208936.00
2019/05/13,14.24,14.51,14.04,14.23,3752727,54296624.00
2019/05/14,13.94,14.50,13.89,14.21,6082776,87878184.00
2019/05/15,14.33,14.64,14.29,14.55,5577682,81322728.00
2019/05/16,14.48,14.94,14.44,14.94,6051369,90190552.00
2019/05/17,14.87,15.11,14.21,14.32,5406152,80255768.00
2019/05/20,14.24,14.92,13.98,14.70,5101528,74684632.00
2019/05/21,14.72,15.69,14.44,15.44,10554613,162852016.00
2019/05/22,15.40,15.74,15.16,15.66,9480049,148629936.00
2019/05/23,15.69,15.76,15.24,15.40,6990660,109227976.00
2019/05/24,15.19,15.50,14.92,15.24,4876381,74929144.00
2019/05/27,15.27,15.82,15.05,15.77,9927161,155758272.00
2019/05/28,15.84,15.84,15.09,15.23,10179655,159189376.00
2019/05/29,14.92,15.61,14.85,15.54,8107026,124983976.00
2019/05/30,15.43,15.53,14.54,14.99,8433456,127773120.00
2019/05/31,15.04,15.24,14.91,14.95,3684000,56142452.00
2019/06/03,15.03,15.34,14.54,14.59,3908644,58998436.00
2019/06/04,14.53,14.73,14.10,14.34,3976340,57989536.00
2019/06/05,14.41,14.54,14.12,14.24,2532562,36667672.00
2019/06/06,14.34,14.42,14.09,14.41,3919748,56637972.00
2019/06/10,14.54,15.29,14.41,15.14,4932928,74663928.00
2019/06/11,15.09,15.49,14.84,15.37,6813125,105053376.00
2019/06/12,15.46,15.74,15.26,15.36,4906160,76650560.00
2019/06/13,15.31,15.90,15.22,15.72,7084368,111708504.00
2019/06/14,15.67,15.82,15.09,15.22,5468351,85149624.00
2019/06/17,15.40,16.01,15.15,15.99,8710044,138276496.00
2019/06/18,15.94,15.96,15.34,15.60,5741635,90919600.00
2019/06/19,15.83,16.57,15.54,15.61,8478876,137229328.00
2019/06/20,15.60,16.80,15.22,16.54,11417410,185754064.00
2019/06/21,16.69,17.17,16.38,16.59,10905056,184633456.00
2019/06/24,16.63,16.76,16.19,16.33,5005111,82868224.00
2019/06/25,16.33,16.47,15.44,15.79,6696672,106888416.00
2019/06/26,15.64,15.71,15.25,15.65,3903872,61268624.00
2019/06/27,15.65,15.87,15.37,15.40,4285284,67330200.00
2019/06/28,15.34,15.40,14.72,15.04,5301800,80073768.00
2019/07/01,15.34,16.03,15.31,15.79,7049784,111822272.00
2019/07/02,15.74,16.51,15.60,16.36,6408195,104170712.00
2019/07/03,16.60,16.81,15.68,16.36,7330024,118396040.00
2019/07/04,16.37,17.03,16.23,16.78,11187047,188775792.00
2019/07/05,17.18,18.20,16.78,17.70,12734075,224769728.00
2019/07/08,17.79,18.28,17.10,17.80,11411737,202618560.00
2019/07/09,17.78,18.06,16.45,17.80,15220452,260213248.00
2019/07/10,17.53,19.56,16.79,17.42,12410738,223219632.00
2019/07/11,17.20,17.22,15.93,16.17,13861602,228946512.00
2019/07/12,16.05,16.05,15.09,15.54,15892016,246048256.00
2019/07/15,15.49,16.36,15.28,16.10,8679738,138530256.00
2019/07/16,16.16,16.85,16.08,16.70,8275738,137739904.00
2019/07/17,16.75,17.12,16.17,16.78,10759324,179688112.00
2019/07/18,16.85,17.76,16.28,17.01,12326942,210003024.00
2019/07/19,17.38,17.56,16.86,16.98,9425568,163024176.00
2019/07/22,16.90,17.10,16.29,16.60,8638504,145482944.00
2019/07/23,16.70,17.00,16.12,16.12,10468889,174163088.00
2019/07/24,16.38,16.38,15.30,15.65,23984008,377495296.00
2019/07/25,15.60,15.60,14.73,14.83,19504751,294878624.00
2019/07/26,14.75,14.96,14.30,14.90,10248088,151610416.00
2019/07/29,15.08,15.10,14.79,14.80,7483234,112352112.00
2019/07/30,14.76,15.00,14.18,14.35,13072738,191702112.00
2019/07/31,14.38,14.40,13.70,13.99,11997729,168996912.00
2019/08/01,13.85,14.25,13.73,13.89,9334164,131122936.00
2019/08/02,13.73,14.18,13.33,13.98,10697520,147433072.00
2019/08/05,13.87,14.19,13.78,13.99,9921616,139850880.00
2019/08/06,13.78,14.08,13.57,13.98,9072264,126598800.00
2019/08/07,14.25,14.69,14.00,14.30,16948380,244716800.00
2019/08/08,14.40,14.42,13.65,13.73,14963551,210105424.00
2019/08/09,13.83,13.90,13.05,13.54,14059519,189661840.00
2019/08/12,13.39,13.89,13.26,13.60,15065953,206612608.00
2019/08/13,13.55,13.57,12.56,12.73,15185509,199748416.00
2019/08/14,12.84,12.90,12.26,12.28,13183964,166887680.00
2019/08/15,11.89,11.94,11.50,11.89,11802112,139500720.00
2019/08/16,11.94,11.99,11.70,11.70,8212017,97942856.00
2019/08/19,11.96,12.88,11.91,12.88,15659901,197048288.00
2019/08/20,12.93,13.35,12.80,12.81,18086508,237134336.00
2019/08/21,12.70,12.88,12.58,12.74,9076313,116315376.00
2019/08/22,12.74,13.14,12.65,12.88,10829804,140478384.00
2019/08/23,12.88,12.95,12.51,12.60,7046020,90261264.00
2019/08/26,12.10,12.46,12.02,12.34,6839232,84544800.00
2019/08/27,12.53,12.86,12.42,12.72,7880151,100711896.00
2019/08/28,12.66,12.77,12.55,12.66,5594440,71155400.00
2019/08/29,12.74,12.93,12.53,12.55,7725080,99196568.00
2019/08/30,12.69,12.73,11.93,12.14,8746884,108889960.00
2019/09/02,12.12,12.56,12.10,12.55,7272768,90802824.00
2019/09/03,12.59,12.63,12.41,12.55,5280424,66674260.00
2019/09/04,12.58,12.64,12.35,12.61,6738133,84972880.00
2019/09/05,12.84,12.99,12.64,12.70,10640904,137315648.00
2019/09/06,12.80,13.43,12.73,13.41,16029452,212210544.00
2019/09/09,13.60,13.85,13.27,13.85,15369744,209984864.00
2019/09/10,13.69,13.70,13.41,13.48,10205237,139151296.00
2019/09/11,13.51,13.60,13.39,13.46,6157100,83713168.00
2019/09/12,13.54,13.58,13.32,13.50,5039752,68272896.00
2019/09/16,13.55,13.73,13.40,13.58,7078069,96654024.00
2019/09/17,13.75,14.05,13.40,13.54,12715760,175913008.00
2019/09/18,13.42,13.65,13.03,13.06,11699004,156202720.00
2019/09/19,13.02,13.39,13.00,13.34,7030380,93574544.00
2019/09/20,13.38,13.38,13.11,13.13,6868057,91551344.00
2019/09/23,13.00,13.06,12.55,12.86,6975028,89696520.00
2019/09/24,13.00,13.10,12.80,12.90,7453576,97283208.00
2019/09/25,12.90,12.90,12.45,12.49,7022581,89299184.00
2019/09/26,12.55,12.66,11.96,12.03,5711320,70721456.00
2019/09/27,12.06,12.22,11.95,12.10,3983972,48638776.00
2019/09/30,12.18,12.18,11.93,11.93,3008560,36490760.00
2019/10/08,11.95,12.03,11.75,11.79,2861600,34375624.00
2019/10/09,11.74,11.87,11.58,11.86,4184399,49531616.00
2019/10/10,11.90,12.21,11.90,12.16,4639337,56609712.00
2019/10/11,12.19,12.34,11.88,12.24,5400001,65991476.00
2019/10/14,12.45,12.64,12.28,12.57,6148243,77252928.00
2019/10/15,12.32,12.32,12.08,12.12,5252492,64403332.00
2019/10/16,12.33,12.33,12.14,12.19,3945978,48277744.00
2019/10/17,12.21,12.46,12.19,12.43,4333140,53575904.00
2019/10/18,12.43,12.43,12.00,12.03,4780156,58329848.00
2019/10/21,12.09,12.09,11.68,11.81,3330387,39302276.00
2019/10/22,11.78,12.28,11.78,12.23,5249213,63566152.00
2019/10/23,12.23,12.31,12.09,12.19,3240440,39550368.00
2019/10/24,12.19,12.19,11.84,12.00,3318708,39719192.00
2019/10/25,11.91,12.01,11.78,11.99,2754664,32796244.00
2019/10/28,12.52,13.19,12.15,13.19,15238941,195076864.00
2019/10/29,13.03,14.20,12.63,13.36,34704398,470421472.00
2019/10/30,13.00,13.29,12.63,12.63,13825265,178149680.00
2019/10/31,12.55,12.57,11.85,11.97,11583610,141041376.00
2019/11/01,11.81,12.09,11.81,12.08,5416895,65063720.00
数据来源:通达信
